index,Disease,Disease Code,State,Year,Gender,Age,Age Code,STD Cases,Population,Rate per 100K
0,Chlamydia,274.0,Alabama,1996.0,Male,0-14 years,0-14,25.0,468394.0,5.34
1,Chlamydia,274.0,Alabama,1996.0,Male,15-19 years,15-19,164.0,165920.0,98.84
2,Chlamydia,274.0,Alabama,1996.0,Male,20-24 years,20-24,193.0,152848.0,126.27
3,Chlamydia,274.0,Alabama,1996.0,Male,25-29 years,25-29,88.0,152778.0,57.6
4,Chlamydia,274.0,Alabama,1996.0,Male,30-34 years,30-34,55.0,155850.0,35.29
5,Chlamydia,274.0,Alabama,1996.0,Male,35-39 years,35-39,30.0,168841.0,17.77
6,Chlamydia,274.0,Alabama,1996.0,Male,40+ years,40+,44.0,819248.0,5.37
7,Chlamydia,274.0,Alabama,1996.0,Male,Unknown,99,63.0,,
8,Chlamydia,274.0,Alabama,1997.0,Male,0-14 years,0-14,27.0,473016.0,5.71
9,Chlamydia,274.0,Alabama,1997.0,Male,15-19 years,15-19,230.0,167083.0,137.66
10,Chlamydia,274.0,Alabama,1997.0,Male,20-24 years,20-24,185.0,150783.0,122.69
11,Chlamydia,274.0,Alabama,1997.0,Male,25-29 years,25-29,109.0,154166.0,70.7
12,Chlamydia,274.0,Alabama,1997.0,Male,30-34 years,30-34,50.0,151932.0,32.91
13,Chlamydia,274.0,Alabama,1997.0,Male,35-39 years,35-39,41.0,168350.0,24.35
14,Chlamydia,274.0,Alabama,1997.0,Male,40+ years,40+,66.0,837795.0,7.88
15,Chlamydia,274.0,Alabama,1998.0,Male,0-14 years,0-14,38.0,472365.0,8.04
16,Chlamydia,274.0,Alabama,1998.0,Male,15-19 years,15-19,267.0,167374.0,159.52
17,Chlamydia,274.0,Alabama,1998.0,Male,20-24 years,20-24,236.0,151228.0,156.06
18,Chlamydia,274.0,Alabama,1998.0,Male,25-29 years,25-29,133.0,154387.0,86.15
19,Chlamydia,274.0,Alabama,1998.0,Male,30-34 years,30-34,76.0,149654.0,50.78
20,Chlamydia,274.0,Alabama,1998.0,Male,35-39 years,35-39,38.0,168795.0,22.51
21,Chlamydia,274.0,Alabama,1998.0,Male,40+ years,40+,56.0,859032.0,6.52
22,Chlamydia,274.0,Alabama,1999.0,Male,0-14 years,0-14,30.0,475482.0,6.31
23,Chlamydia,274.0,Alabama,1999.0,Male,15-19 years,15-19,250.0,166099.0,150.51
24,Chlamydia,274.0,Alabama,1999.0,Male,20-24 years,20-24,200.0,151548.0,131.97
25,Chlamydia,274.0,Alabama,1999.0,Male,25-29 years,25-29,125.0,151877.0,82.3
26,Chlamydia,274.0,Alabama,1999.0,Male,30-34 years,30-34,66.0,148196.0,44.54
27,Chlamydia,274.0,Alabama,1999.0,Male,35-39 years,35-39,41.0,167921.0,24.42
28,Chlamydia,274.0,Alabama,1999.0,Male,40+ years,40+,58.0,875759.0,6.62
29,Chlamydia,274.0,Alabama,1999.0,Male,Unknown,99,25.0,,
30,Chlamydia,274.0,Alabama,2000.0,Male,0-14 years,0-14,20.0,471642.0,4.24
31,Chlamydia,274.0,Alabama,2000.0,Male,15-19 years,15-19,375.0,163376.0,229.53
32,Chlamydia,274.0,Alabama,2000.0,Male,20-24 years,20-24,493.0,153879.0,320.38
33,Chlamydia,274.0,Alabama,2000.0,Male,25-29 years,25-29,253.0,148829.0,169.99
34,Chlamydia,274.0,Alabama,2000.0,Male,30-34 years,30-34,121.0,149723.0,80.82
35,Chlamydia,274.0,Alabama,2000.0,Male,35-39 years,35-39,67.0,166434.0,40.26
36,Chlamydia,274.0,Alabama,2000.0,Male,40+ years,40+,75.0,895009.0,8.38
37,Chlamydia,274.0,Alabama,2000.0,Male,Unknown,99,28.0,,
38,Chlamydia,274.0,Alabama,2001.0,Male,0-14 years,0-14,27.0,472551.0,5.71
39,Chlamydia,274.0,Alabama,2001.0,Male,15-19 years,15-19,271.0,162233.0,167.04
40,Chlamydia,274.0,Alabama,2001.0,Male,20-24 years,20-24,391.0,157814.0,247.76
41,Chlamydia,274.0,Alabama,2001.0,Male,25-29 years,25-29,199.0,145674.0,136.61
42,Chlamydia,274.0,Alabama,2001.0,Male,30-34 years,30-34,98.0,150626.0,65.06
43,Chlamydia,274.0,Alabama,2001.0,Male,35-39 years,35-39,58.0,162717.0,35.64
44,Chlamydia,274.0,Alabama,2001.0,Male,40+ years,40+,56.0,907438.0,6.17
45,Chlamydia,274.0,Alabama,2001.0,Male,Unknown,99,24.0,,
46,Chlamydia,274.0,Alabama,2002.0,Male,0-14 years,0-14,28.0,469788.0,5.96
47,Chlamydia,274.0,Alabama,2002.0,Male,15-19 years,15-19,339.0,161966.0,209.3
48,Chlamydia,274.0,Alabama,2002.0,Male,20-24 years,20-24,593.0,161282.0,367.68
49,Chlamydia,274.0,Alabama,2002.0,Male,25-29 years,25-29,289.0,145240.0,198.98
50,Chlamydia,274.0,Alabama,2002.0,Male,30-34 years,30-34,150.0,153025.0,98.02
51,Chlamydia,274.0,Alabama,2002.0,Male,35-39 years,35-39,64.0,158412.0,40.4
52,Chlamydia,274.0,Alabama,2002.0,Male,40+ years,40+,98.0,919422.0,10.66
53,Chlamydia,274.0,Alabama,2002.0,Male,Unknown,99,18.0,,
54,Chlamydia,274.0,Alabama,2003.0,Male,0-14 years,0-14,32.0,469913.0,6.81
55,Chlamydia,274.0,Alabama,2003.0,Male,15-19 years,15-19,306.0,162722.0,188.05
56,Chlamydia,274.0,Alabama,2003.0,Male,20-24 years,20-24,389.0,163265.0,238.26
57,Chlamydia,274.0,Alabama,2003.0,Male,25-29 years,25-29,207.0,145088.0,142.67
58,Chlamydia,274.0,Alabama,2003.0,Male,30-34 years,30-34,105.0,150482.0,69.78
59,Chlamydia,274.0,Alabama,2003.0,Male,35-39 years,35-39,55.0,152679.0,36.02
60,Chlamydia,274.0,Alabama,2003.0,Male,40+ years,40+,86.0,935015.0,9.2
61,Chlamydia,274.0,Alabama,2003.0,Male,Unknown,99,21.0,,
62,Chlamydia,274.0,Alabama,2004.0,Male,0-14 years,0-14,22.0,463087.0,4.75
63,Chlamydia,274.0,Alabama,2004.0,Male,15-19 years,15-19,374.0,163267.0,229.07
64,Chlamydia,274.0,Alabama,2004.0,Male,20-24 years,20-24,580.0,164745.0,352.06
65,Chlamydia,274.0,Alabama,2004.0,Male,25-29 years,25-29,289.0,148879.0,194.12
66,Chlamydia,274.0,Alabama,2004.0,Male,30-34 years,30-34,142.0,149850.0,94.76
67,Chlamydia,274.0,Alabama,2004.0,Male,35-39 years,35-39,79.0,150310.0,52.56
68,Chlamydia,274.0,Alabama,2004.0,Male,40+ years,40+,104.0,956070.0,10.88
69,Chlamydia,274.0,Alabama,2004.0,Male,Unknown,99,13.0,,
70,Chlamydia,274.0,Alabama,2005.0,Male,0-14 years,0-14,22.0,458480.0,4.8
71,Chlamydia,274.0,Alabama,2005.0,Male,15-19 years,15-19,601.0,165142.0,363.93
72,Chlamydia,274.0,Alabama,2005.0,Male,20-24 years,20-24,860.0,164174.0,523.83
73,Chlamydia,274.0,Alabama,2005.0,Male,25-29 years,25-29,499.0,153371.0,325.36
74,Chlamydia,274.0,Alabama,2005.0,Male,30-34 years,30-34,218.0,147670.0,147.63
75,Chlamydia,274.0,Alabama,2005.0,Male,35-39 years,35-39,104.0,149840.0,69.41
76,Chlamydia,274.0,Alabama,2005.0,Male,40+ years,40+,181.0,972985.0,18.6
77,Chlamydia,274.0,Alabama,2005.0,Male,Unknown,99,22.0,,
78,Chlamydia,274.0,Alabama,2006.0,Male,0-14 years,0-14,32.0,467853.0,6.84
79,Chlamydia,274.0,Alabama,2006.0,Male,15-19 years,15-19,1293.0,165849.0,779.62
80,Chlamydia,274.0,Alabama,2006.0,Male,20-24 years,20-24,1858.0,162692.0,1142.04
81,Chlamydia,274.0,Alabama,2006.0,Male,25-29 years,25-29,914.0,157856.0,579.01
82,Chlamydia,274.0,Alabama,2006.0,Male,30-34 years,30-34,392.0,142250.0,275.57
83,Chlamydia,274.0,Alabama,2006.0,Male,35-39 years,35-39,195.0,150682.0,129.41
84,Chlamydia,274.0,Alabama,2006.0,Male,40+ years,40+,252.0,982287.0,25.65
85,Chlamydia,274.0,Alabama,2006.0,Male,Unknown,99,49.0,,
86,Chlamydia,274.0,Alabama,2007.0,Male,0-14 years,0-14,32.0,472907.0,6.77
87,Chlamydia,274.0,Alabama,2007.0,Male,15-19 years,15-19,1434.0,165712.0,865.36
88,Chlamydia,274.0,Alabama,2007.0,Male,20-24 years,20-24,2290.0,159810.0,1432.95
89,Chlamydia,274.0,Alabama,2007.0,Male,25-29 years,25-29,1123.0,160889.0,698.0
90,Chlamydia,274.0,Alabama,2007.0,Male,30-34 years,30-34,503.0,141457.0,355.58
91,Chlamydia,274.0,Alabama,2007.0,Male,35-39 years,35-39,225.0,152090.0,147.94
92,Chlamydia,274.0,Alabama,2007.0,Male,40+ years,40+,332.0,989260.0,33.56
93,Chlamydia,274.0,Alabama,2007.0,Male,Unknown,99,16.0,,
94,Chlamydia,274.0,Alabama,2008.0,Male,0-14 years,0-14,44.0,473529.0,9.29
95,Chlamydia,274.0,Alabama,2008.0,Male,15-19 years,15-19,1528.0,166570.0,917.33
96,Chlamydia,274.0,Alabama,2008.0,Male,20-24 years,20-24,2341.0,159612.0,1466.68
97,Chlamydia,274.0,Alabama,2008.0,Male,25-29 years,25-29,1085.0,161570.0,671.54
98,Chlamydia,274.0,Alabama,2008.0,Male,30-34 years,30-34,466.0,142221.0,327.66
99,Chlamydia,274.0,Alabama,2008.0,Male,35-39 years,35-39,243.0,152327.0,159.53
100,Chlamydia,274.0,Alabama,2008.0,Male,40+ years,40+,283.0,1002258.0,28.24
101,Chlamydia,274.0,Alabama,2008.0,Male,Unknown,99,17.0,,
102,Chlamydia,274.0,Alabama,2009.0,Male,0-14 years,0-14,34.0,477172.0,7.13
103,Chlamydia,274.0,Alabama,2009.0,Male,15-19 years,15-19,1673.0,167091.0,1001.25
104,Chlamydia,274.0,Alabama,2009.0,Male,20-24 years,20-24,2649.0,166662.0,1589.44
105,Chlamydia,274.0,Alabama,2009.0,Male,25-29 years,25-29,1163.0,162536.0,715.53
106,Chlamydia,274.0,Alabama,2009.0,Male,30-34 years,30-34,509.0,145329.0,350.24
107,Chlamydia,274.0,Alabama,2009.0,Male,35-39 years,35-39,212.0,151296.0,140.12
108,Chlamydia,274.0,Alabama,2009.0,Male,40+ years,40+,258.0,1011526.0,25.51
109,Chlamydia,274.0,Alabama,2009.0,Male,Unknown,99,10.0,,
110,Chlamydia,274.0,Alabama,2010.0,Male,0-14 years,0-14,35.0,476022.0,7.35
111,Chlamydia,274.0,Alabama,2010.0,Male,15-19 years,15-19,1840.0,175151.0,1050.52
112,Chlamydia,274.0,Alabama,2010.0,Male,20-24 years,20-24,2816.0,167520.0,1680.99
113,Chlamydia,274.0,Alabama,2010.0,Male,25-29 years,25-29,1145.0,153716.0,744.88
114,Chlamydia,274.0,Alabama,2010.0,Male,30-34 years,30-34,539.0,146424.0,368.11
115,Chlamydia,274.0,Alabama,2010.0,Male,35-39 years,35-39,221.0,151078.0,146.28
116,Chlamydia,274.0,Alabama,2010.0,Male,40+ years,40+,271.0,1050277.0,25.8
117,Chlamydia,274.0,Alabama,2010.0,Male,Unknown,99,10.0,,
118,Chlamydia,274.0,Alabama,2011.0,Male,0-14 years,0-14,44.0,474878.0,9.27
119,Chlamydia,274.0,Alabama,2011.0,Male,15-19 years,15-19,2007.0,170749.0,1175.41
120,Chlamydia,274.0,Alabama,2011.0,Male,20-24 years,20-24,3226.0,173150.0,1863.12
121,Chlamydia,274.0,Alabama,2011.0,Male,25-29 years,25-29,1307.0,152969.0,854.42
122,Chlamydia,274.0,Alabama,2011.0,Male,30-34 years,30-34,545.0,149620.0,364.26
123,Chlamydia,274.0,Alabama,2011.0,Male,35-39 years,35-39,245.0,144329.0,169.75
124,Chlamydia,274.0,Alabama,2011.0,Male,40+ years,40+,262.0,1063796.0,24.63
125,Chlamydia,274.0,Alabama,2011.0,Male,Unknown,99,12.0,,
126,Chlamydia,274.0,Alabama,2012.0,Male,0-14 years,0-14,42.0,475717.0,8.83
127,Chlamydia,274.0,Alabama,2012.0,Male,15-19 years,15-19,2093.0,165508.0,1264.59
128,Chlamydia,274.0,Alabama,2012.0,Male,20-24 years,20-24,3435.0,176160.0,1949.93
129,Chlamydia,274.0,Alabama,2012.0,Male,25-29 years,25-29,1439.0,153084.0,940.01
130,Chlamydia,274.0,Alabama,2012.0,Male,30-34 years,30-34,661.0,151045.0,437.62
131,Chlamydia,274.0,Alabama,2012.0,Male,35-39 years,35-39,287.0,142261.0,201.74
132,Chlamydia,274.0,Alabama,2012.0,Male,40+ years,40+,333.0,1074782.0,30.98
133,Chlamydia,274.0,Alabama,2012.0,Male,Unknown,99,5.0,,
134,Chlamydia,274.0,Alabama,2013.0,Male,0-14 years,0-14,51.0,469840.0,10.85
135,Chlamydia,274.0,Alabama,2013.0,Male,15-19 years,15-19,1942.0,163751.0,1185.95
136,Chlamydia,274.0,Alabama,2013.0,Male,20-24 years,20-24,3416.0,178447.0,1914.29
137,Chlamydia,274.0,Alabama,2013.0,Male,25-29 years,25-29,1492.0,153647.0,971.06
138,Chlamydia,274.0,Alabama,2013.0,Male,30-34 years,30-34,657.0,152362.0,431.21
139,Chlamydia,274.0,Alabama,2013.0,Male,35-39 years,35-39,312.0,142291.0,219.27
140,Chlamydia,274.0,Alabama,2013.0,Male,40+ years,40+,323.0,1085009.0,29.77
141,Chlamydia,274.0,Alabama,2013.0,Male,Unknown,99,8.0,,
142,Chlamydia,274.0,Alabama,2014.0,Male,0-14 years,0-14,39.0,469840.0,8.3
143,Chlamydia,274.0,Alabama,2014.0,Male,15-19 years,15-19,1713.0,163751.0,1046.1
144,Chlamydia,274.0,Alabama,2014.0,Male,20-24 years,20-24,3471.0,178447.0,1945.12
145,Chlamydia,274.0,Alabama,2014.0,Male,25-29 years,25-29,1587.0,153647.0,1032.89
146,Chlamydia,274.0,Alabama,2014.0,Male,30-34 years,30-34,777.0,152362.0,509.97
147,Chlamydia,274.0,Alabama,2014.0,Male,35-39 years,35-39,354.0,142291.0,248.79
148,Chlamydia,274.0,Alabama,2014.0,Male,40+ years,40+,372.0,1085009.0,34.29
149,Chlamydia,274.0,Alabama,2014.0,Male,Unknown,99,5.0,,
150,Chlamydia,274.0,Alaska,1996.0,Male,0-14 years,0-14,3.0,80447.0,3.73
151,Chlamydia,274.0,Alaska,1996.0,Male,15-19 years,15-19,70.0,23843.0,293.59
152,Chlamydia,274.0,Alaska,1996.0,Male,20-24 years,20-24,93.0,20389.0,456.13
153,Chlamydia,274.0,Alaska,1996.0,Male,25-29 years,25-29,41.0,20809.0,197.03
154,Chlamydia,274.0,Alaska,1996.0,Male,30-34 years,30-34,19.0,30095.0,63.13
155,Chlamydia,274.0,Alaska,1996.0,Male,35-39 years,35-39,13.0,32485.0,40.02
156,Chlamydia,274.0,Alaska,1996.0,Male,40+ years,40+,18.0,108546.0,16.58
157,Chlamydia,274.0,Alaska,1996.0,Male,Unknown,99,6.0,,
158,Chlamydia,274.0,Alaska,1997.0,Male,0-14 years,0-14,3.0,81139.0,3.7
159,Chlamydia,274.0,Alaska,1997.0,Male,15-19 years,15-19,74.0,24669.0,299.97
160,Chlamydia,274.0,Alaska,1997.0,Male,20-24 years,20-24,128.0,20463.0,625.52
161,Chlamydia,274.0,Alaska,1997.0,Male,25-29 years,25-29,66.0,20378.0,323.88
162,Chlamydia,274.0,Alaska,1997.0,Male,30-34 years,30-34,15.0,28259.0,53.08
163,Chlamydia,274.0,Alaska,1997.0,Male,35-39 years,35-39,21.0,31562.0,66.54
164,Chlamydia,274.0,Alaska,1997.0,Male,40+ years,40+,14.0,111686.0,12.54
165,Chlamydia,274.0,Alaska,1997.0,Male,Unknown,99,4.0,,
166,Chlamydia,274.0,Alaska,1998.0,Male,0-14 years,0-14,4.0,82553.0,4.85
167,Chlamydia,274.0,Alaska,1998.0,Male,15-19 years,15-19,118.0,25684.0,459.43
168,Chlamydia,274.0,Alaska,1998.0,Male,20-24 years,20-24,172.0,20569.0,836.21
169,Chlamydia,274.0,Alaska,1998.0,Male,25-29 years,25-29,68.0,20931.0,324.88
170,Chlamydia,274.0,Alaska,1998.0,Male,30-34 years,30-34,29.0,26485.0,109.5
171,Chlamydia,274.0,Alaska,1998.0,Male,35-39 years,35-39,18.0,30640.0,58.75
172,Chlamydia,274.0,Alaska,1998.0,Male,40+ years,40+,16.0,114561.0,13.97
173,Chlamydia,274.0,Alaska,1998.0,Male,Unknown,99,3.0,,
174,Chlamydia,274.0,Alaska,1999.0,Male,0-14 years,0-14,2.0,81581.0,2.45
175,Chlamydia,274.0,Alaska,1999.0,Male,15-19 years,15-19,103.0,26165.0,393.66
176,Chlamydia,274.0,Alaska,1999.0,Male,20-24 years,20-24,154.0,20966.0,734.52
177,Chlamydia,274.0,Alaska,1999.0,Male,25-29 years,25-29,63.0,21634.0,291.21
178,Chlamydia,274.0,Alaska,1999.0,Male,30-34 years,30-34,39.0,25070.0,155.56
179,Chlamydia,274.0,Alaska,1999.0,Male,35-39 years,35-39,39.0,29718.0,131.23
180,Chlamydia,274.0,Alaska,1999.0,Male,40+ years,40+,24.0,118379.0,20.27
181,Chlamydia,274.0,Alaska,1999.0,Male,Unknown,99,6.0,,
182,Chlamydia,274.0,Alaska,2000.0,Male,0-14 years,0-14,3.0,80561.0,3.72
183,Chlamydia,274.0,Alaska,2000.0,Male,15-19 years,15-19,201.0,26813.0,749.64
184,Chlamydia,274.0,Alaska,2000.0,Male,20-24 years,20-24,257.0,21302.0,1206.46
185,Chlamydia,274.0,Alaska,2000.0,Male,25-29 years,25-29,114.0,21955.0,519.24
186,Chlamydia,274.0,Alaska,2000.0,Male,30-34 years,30-34,56.0,24017.0,233.17
187,Chlamydia,274.0,Alaska,2000.0,Male,35-39 years,35-39,40.0,28224.0,141.72
188,Chlamydia,274.0,Alaska,2000.0,Male,40+ years,40+,34.0,121717.0,27.93
189,Chlamydia,274.0,Alaska,2000.0,Male,Unknown,99,1.0,,
190,Chlamydia,274.0,Alaska,2001.0,Male,0-14 years,0-14,7.0,80287.0,8.72
191,Chlamydia,274.0,Alaska,2001.0,Male,15-19 years,15-19,191.0,28890.0,661.13
192,Chlamydia,274.0,Alaska,2001.0,Male,20-24 years,20-24,308.0,21685.0,1420.34
193,Chlamydia,274.0,Alaska,2001.0,Male,25-29 years,25-29,128.0,21243.0,602.55
194,Chlamydia,274.0,Alaska,2001.0,Male,30-34 years,30-34,39.0,23362.0,166.94
195,Chlamydia,274.0,Alaska,2001.0,Male,35-39 years,35-39,38.0,26947.0,141.02
196,Chlamydia,274.0,Alaska,2001.0,Male,40+ years,40+,52.0,125047.0,41.58
197,Chlamydia,274.0,Alaska,2002.0,Male,0-14 years,0-14,7.0,80876.0,8.66
198,Chlamydia,274.0,Alaska,2002.0,Male,15-19 years,15-19,294.0,29913.0,982.85
199,Chlamydia,274.0,Alaska,2002.0,Male,20-24 years,20-24,490.0,20209.0,2424.66
200,Chlamydia,274.0,Alaska,2002.0,Male,25-29 years,25-29,210.0,19449.0,1079.75
201,Chlamydia,274.0,Alaska,2002.0,Male,30-34 years,30-34,97.0,22492.0,431.26
202,Chlamydia,274.0,Alaska,2002.0,Male,35-39 years,35-39,65.0,25565.0,254.25
203,Chlamydia,274.0,Alaska,2002.0,Male,40+ years,40+,67.0,134617.0,49.77
204,Chlamydia,274.0,Alaska,2003.0,Male,0-14 years,0-14,8.0,79813.0,10.02
205,Chlamydia,274.0,Alaska,2003.0,Male,15-19 years,15-19,287.0,29803.0,962.99
206,Chlamydia,274.0,Alaska,2003.0,Male,20-24 years,20-24,513.0,25523.0,2009.95
207,Chlamydia,274.0,Alaska,2003.0,Male,25-29 years,25-29,215.0,19935.0,1078.51
208,Chlamydia,274.0,Alaska,2003.0,Male,30-34 years,30-34,78.0,22670.0,344.07
209,Chlamydia,274.0,Alaska,2003.0,Male,35-39 years,35-39,61.0,24956.0,244.43
210,Chlamydia,274.0,Alaska,2003.0,Male,40+ years,40+,73.0,132581.0,55.06
211,Chlamydia,274.0,Alaska,2004.0,Male,0-14 years,0-14,2.0,79389.0,2.52
212,Chlamydia,274.0,Alaska,2004.0,Male,15-19 years,15-19,256.0,29927.0,855.41
213,Chlamydia,274.0,Alaska,2004.0,Male,20-24 years,20-24,529.0,27929.0,1894.09
214,Chlamydia,274.0,Alaska,2004.0,Male,25-29 years,25-29,241.0,19939.0,1208.69
215,Chlamydia,274.0,Alaska,2004.0,Male,30-34 years,30-34,102.0,22183.0,459.81
216,Chlamydia,274.0,Alaska,2004.0,Male,35-39 years,35-39,74.0,24075.0,307.37
217,Chlamydia,274.0,Alaska,2004.0,Male,40+ years,40+,79.0,135468.0,58.32
218,Chlamydia,274.0,Alaska,2005.0,Male,0-14 years,0-14,3.0,79178.0,3.79
219,Chlamydia,274.0,Alaska,2005.0,Male,15-19 years,15-19,269.0,30139.0,892.53
220,Chlamydia,274.0,Alaska,2005.0,Male,20-24 years,20-24,589.0,29967.0,1965.5
221,Chlamydia,274.0,Alaska,2005.0,Male,25-29 years,25-29,290.0,19830.0,1462.43
222,Chlamydia,274.0,Alaska,2005.0,Male,30-34 years,30-34,119.0,21501.0,553.46
223,Chlamydia,274.0,Alaska,2005.0,Male,35-39 years,35-39,65.0,23765.0,273.51
224,Chlamydia,274.0,Alaska,2005.0,Male,40+ years,40+,112.0,138802.0,80.69
225,Chlamydia,274.0,Alaska,2006.0,Male,0-14 years,0-14,7.0,76222.0,9.18
226,Chlamydia,274.0,Alaska,2006.0,Male,15-19 years,15-19,273.0,27750.0,983.78
227,Chlamydia,274.0,Alaska,2006.0,Male,20-24 years,20-24,598.0,29499.0,2027.19
228,Chlamydia,274.0,Alaska,2006.0,Male,25-29 years,25-29,277.0,26580.0,1042.14
229,Chlamydia,274.0,Alaska,2006.0,Male,30-34 years,30-34,141.0,23410.0,602.31
230,Chlamydia,274.0,Alaska,2006.0,Male,35-39 years,35-39,66.0,24189.0,272.85
231,Chlamydia,274.0,Alaska,2006.0,Male,40+ years,40+,96.0,138761.0,69.18
232,Chlamydia,274.0,Alaska,2007.0,Male,0-14 years,0-14,3.0,76239.0,3.93
233,Chlamydia,274.0,Alaska,2007.0,Male,15-19 years,15-19,278.0,27992.0,993.14
234,Chlamydia,274.0,Alaska,2007.0,Male,20-24 years,20-24,662.0,30975.0,2137.21
235,Chlamydia,274.0,Alaska,2007.0,Male,25-29 years,25-29,343.0,29399.0,1166.71
236,Chlamydia,274.0,Alaska,2007.0,Male,30-34 years,30-34,150.0,23728.0,632.16
237,Chlamydia,274.0,Alaska,2007.0,Male,35-39 years,35-39,76.0,24874.0,305.54
238,Chlamydia,274.0,Alaska,2007.0,Male,40+ years,40+,104.0,141633.0,73.43
239,Chlamydia,274.0,Alaska,2008.0,Male,0-14 years,0-14,2.0,75775.0,2.64
240,Chlamydia,274.0,Alaska,2008.0,Male,15-19 years,15-19,287.0,27250.0,1053.21
241,Chlamydia,274.0,Alaska,2008.0,Male,20-24 years,20-24,647.0,32007.0,2021.43
242,Chlamydia,274.0,Alaska,2008.0,Male,25-29 years,25-29,351.0,31084.0,1129.2
243,Chlamydia,274.0,Alaska,2008.0,Male,30-34 years,30-34,151.0,24523.0,615.75
244,Chlamydia,274.0,Alaska,2008.0,Male,35-39 years,35-39,56.0,24575.0,227.87
245,Chlamydia,274.0,Alaska,2008.0,Male,40+ years,40+,114.0,142393.0,80.06
246,Chlamydia,274.0,Alaska,2009.0,Male,0-14 years,0-14,5.0,78359.0,6.38
247,Chlamydia,274.0,Alaska,2009.0,Male,15-19 years,15-19,348.0,27808.0,1251.44
248,Chlamydia,274.0,Alaska,2009.0,Male,20-24 years,20-24,721.0,32283.0,2233.37
249,Chlamydia,274.0,Alaska,2009.0,Male,25-29 years,25-29,362.0,32186.0,1124.71
250,Chlamydia,274.0,Alaska,2009.0,Male,30-34 years,30-34,187.0,24485.0,763.73
251,Chlamydia,274.0,Alaska,2009.0,Male,35-39 years,35-39,77.0,23565.0,326.76
252,Chlamydia,274.0,Alaska,2009.0,Male,40+ years,40+,102.0,143539.0,71.06
253,Chlamydia,274.0,Alaska,2010.0,Male,0-14 years,0-14,3.0,80081.0,3.75
254,Chlamydia,274.0,Alaska,2010.0,Male,15-19 years,15-19,340.0,27179.0,1250.97
255,Chlamydia,274.0,Alaska,2010.0,Male,20-24 years,20-24,871.0,29706.0,2932.07
256,Chlamydia,274.0,Alaska,2010.0,Male,25-29 years,25-29,461.0,29307.0,1573.0
257,Chlamydia,274.0,Alaska,2010.0,Male,30-34 years,30-34,180.0,24861.0,724.03
258,Chlamydia,274.0,Alaska,2010.0,Male,35-39 years,35-39,94.0,23731.0,396.11
259,Chlamydia,274.0,Alaska,2010.0,Male,40+ years,40+,109.0,154763.0,70.43
260,Chlamydia,274.0,Alaska,2011.0,Male,0-14 years,0-14,3.0,80871.0,3.71
261,Chlamydia,274.0,Alaska,2011.0,Male,15-19 years,15-19,374.0,27101.0,1380.02
262,Chlamydia,274.0,Alaska,2011.0,Male,20-24 years,20-24,773.0,30617.0,2524.74
263,Chlamydia,274.0,Alaska,2011.0,Male,25-29 years,25-29,395.0,29944.0,1319.13
264,Chlamydia,274.0,Alaska,2011.0,Male,30-34 years,30-34,202.0,25613.0,788.66
265,Chlamydia,274.0,Alaska,2011.0,Male,35-39 years,35-39,67.0,23084.0,290.24
266,Chlamydia,274.0,Alaska,2011.0,Male,40+ years,40+,124.0,157962.0,78.5
267,Chlamydia,274.0,Alaska,2012.0,Male,0-14 years,0-14,6.0,80710.0,7.43
268,Chlamydia,274.0,Alaska,2012.0,Male,15-19 years,15-19,278.0,26311.0,1056.59
269,Chlamydia,274.0,Alaska,2012.0,Male,20-24 years,20-24,663.0,33281.0,1992.13
270,Chlamydia,274.0,Alaska,2012.0,Male,25-29 years,25-29,442.0,31299.0,1412.19
271,Chlamydia,274.0,Alaska,2012.0,Male,30-34 years,30-34,196.0,27335.0,717.03
272,Chlamydia,274.0,Alaska,2012.0,Male,35-39 years,35-39,75.0,23325.0,321.54
273,Chlamydia,274.0,Alaska,2012.0,Male,40+ years,40+,132.0,158977.0,83.03
274,Chlamydia,274.0,Alaska,2013.0,Male,0-14 years,0-14,3.0,81467.0,3.68
275,Chlamydia,274.0,Alaska,2013.0,Male,15-19 years,15-19,273.0,26096.0,1046.14
276,Chlamydia,274.0,Alaska,2013.0,Male,20-24 years,20-24,729.0,36122.0,2018.16
277,Chlamydia,274.0,Alaska,2013.0,Male,25-29 years,25-29,414.0,33138.0,1249.32
278,Chlamydia,274.0,Alaska,2013.0,Male,30-34 years,30-34,214.0,28401.0,753.5
279,Chlamydia,274.0,Alaska,2013.0,Male,35-39 years,35-39,90.0,23548.0,382.2
280,Chlamydia,274.0,Alaska,2013.0,Male,40+ years,40+,152.0,156796.0,96.94
281,Chlamydia,274.0,Alaska,2014.0,Male,0-14 years,0-14,9.0,81467.0,11.05
282,Chlamydia,274.0,Alaska,2014.0,Male,15-19 years,15-19,252.0,26096.0,965.66
283,Chlamydia,274.0,Alaska,2014.0,Male,20-24 years,20-24,680.0,36122.0,1882.51
284,Chlamydia,274.0,Alaska,2014.0,Male,25-29 years,25-29,446.0,33138.0,1345.89
285,Chlamydia,274.0,Alaska,2014.0,Male,30-34 years,30-34,206.0,28401.0,725.33
286,Chlamydia,274.0,Alaska,2014.0,Male,35-39 years,35-39,115.0,23548.0,488.36
287,Chlamydia,274.0,Alaska,2014.0,Male,40+ years,40+,141.0,156796.0,89.93
288,Chlamydia,274.0,Arizona,1996.0,Male,0-14 years,0-14,19.0,523461.0,3.63
289,Chlamydia,274.0,Arizona,1996.0,Male,15-19 years,15-19,516.0,165283.0,312.19
290,Chlamydia,274.0,Arizona,1996.0,Male,20-24 years,20-24,738.0,164139.0,449.62
291,Chlamydia,274.0,Arizona,1996.0,Male,25-29 years,25-29,390.0,182395.0,213.82
292,Chlamydia,274.0,Arizona,1996.0,Male,30-34 years,30-34,185.0,193790.0,95.46
293,Chlamydia,274.0,Arizona,1996.0,Male,35-39 years,35-39,107.0,188255.0,56.84
294,Chlamydia,274.0,Arizona,1996.0,Male,40+ years,40+,102.0,862735.0,11.82
295,Chlamydia,274.0,Arizona,1997.0,Male,0-14 years,0-14,26.0,530746.0,4.9
296,Chlamydia,274.0,Arizona,1997.0,Male,15-19 years,15-19,551.0,172731.0,318.99
297,Chlamydia,274.0,Arizona,1997.0,Male,20-24 years,20-24,766.0,170636.0,448.91
298,Chlamydia,274.0,Arizona,1997.0,Male,25-29 years,25-29,398.0,188648.0,210.97
299,Chlamydia,274.0,Arizona,1997.0,Male,30-34 years,30-34,215.0,193672.0,111.01
300,Chlamydia,274.0,Arizona,1997.0,Male,35-39 years,35-39,106.0,194774.0,54.42
301,Chlamydia,274.0,Arizona,1997.0,Male,40+ years,40+,122.0,906196.0,13.46
302,Chlamydia,274.0,Arizona,1998.0,Male,0-14 years,0-14,26.0,552243.0,4.71
303,Chlamydia,274.0,Arizona,1998.0,Male,15-19 years,15-19,686.0,180618.0,379.81
304,Chlamydia,274.0,Arizona,1998.0,Male,20-24 years,20-24,801.0,176713.0,453.28
305,Chlamydia,274.0,Arizona,1998.0,Male,25-29 years,25-29,447.0,191134.0,233.87
306,Chlamydia,274.0,Arizona,1998.0,Male,30-34 years,30-34,214.0,190931.0,112.08
307,Chlamydia,274.0,Arizona,1998.0,Male,35-39 years,35-39,165.0,197762.0,83.43
308,Chlamydia,274.0,Arizona,1998.0,Male,40+ years,40+,116.0,943353.0,12.3
309,Chlamydia,274.0,Arizona,1999.0,Male,0-14 years,0-14,33.0,573729.0,5.75
310,Chlamydia,274.0,Arizona,1999.0,Male,15-19 years,15-19,699.0,186468.0,374.86
311,Chlamydia,274.0,Arizona,1999.0,Male,20-24 years,20-24,907.0,184588.0,491.37
312,Chlamydia,274.0,Arizona,1999.0,Male,25-29 years,25-29,486.0,193387.0,251.31
313,Chlamydia,274.0,Arizona,1999.0,Male,30-34 years,30-34,216.0,190370.0,113.46
314,Chlamydia,274.0,Arizona,1999.0,Male,35-39 years,35-39,124.0,199784.0,62.07
315,Chlamydia,274.0,Arizona,1999.0,Male,40+ years,40+,131.0,977198.0,13.41
316,Chlamydia,274.0,Arizona,2000.0,Male,0-14 years,0-14,31.0,612113.0,5.06
317,Chlamydia,274.0,Arizona,2000.0,Male,15-19 years,15-19,581.0,192286.0,302.15
318,Chlamydia,274.0,Arizona,2000.0,Male,20-24 years,20-24,924.0,190810.0,484.25
319,Chlamydia,274.0,Arizona,2000.0,Male,25-29 years,25-29,505.0,193040.0,261.6
320,Chlamydia,274.0,Arizona,2000.0,Male,30-34 years,30-34,259.0,191102.0,135.53
321,Chlamydia,274.0,Arizona,2000.0,Male,35-39 years,35-39,155.0,197053.0,78.66
322,Chlamydia,274.0,Arizona,2000.0,Male,40+ years,40+,132.0,1003548.0,13.15
323,Chlamydia,274.0,Arizona,2001.0,Male,0-14 years,0-14,47.0,620120.0,7.58
324,Chlamydia,274.0,Arizona,2001.0,Male,15-19 years,15-19,738.0,193410.0,381.57
325,Chlamydia,274.0,Arizona,2001.0,Male,20-24 years,20-24,1139.0,197951.0,575.39
326,Chlamydia,274.0,Arizona,2001.0,Male,25-29 years,25-29,626.0,196279.0,318.93
327,Chlamydia,274.0,Arizona,2001.0,Male,30-34 years,30-34,305.0,198925.0,153.32
328,Chlamydia,274.0,Arizona,2001.0,Male,35-39 years,35-39,159.0,198689.0,80.02
329,Chlamydia,274.0,Arizona,2001.0,Male,40+ years,40+,138.0,1044725.0,13.21
330,Chlamydia,274.0,Arizona,2002.0,Male,0-14 years,0-14,37.0,636272.0,5.82
331,Chlamydia,274.0,Arizona,2002.0,Male,15-19 years,15-19,785.0,197443.0,397.58
332,Chlamydia,274.0,Arizona,2002.0,Male,20-24 years,20-24,1186.0,204341.0,580.4
333,Chlamydia,274.0,Arizona,2002.0,Male,25-29 years,25-29,628.0,200324.0,313.49
334,Chlamydia,274.0,Arizona,2002.0,Male,30-34 years,30-34,320.0,205659.0,155.6
335,Chlamydia,274.0,Arizona,2002.0,Male,35-39 years,35-39,168.0,198578.0,84.6
336,Chlamydia,274.0,Arizona,2002.0,Male,40+ years,40+,179.0,1083239.0,16.52
337,Chlamydia,274.0,Arizona,2003.0,Male,0-14 years,0-14,33.0,655150.0,5.04
338,Chlamydia,274.0,Arizona,2003.0,Male,15-19 years,15-19,711.0,200447.0,354.71
339,Chlamydia,274.0,Arizona,2003.0,Male,20-24 years,20-24,1022.0,210017.0,486.63
340,Chlamydia,274.0,Arizona,2003.0,Male,25-29 years,25-29,494.0,209445.0,235.86
341,Chlamydia,274.0,Arizona,2003.0,Male,30-34 years,30-34,239.0,211342.0,113.09
342,Chlamydia,274.0,Arizona,2003.0,Male,35-39 years,35-39,137.0,198353.0,69.07
343,Chlamydia,274.0,Arizona,2003.0,Male,40+ years,40+,136.0,1106753.0,12.29
344,Chlamydia,274.0,Arizona,2004.0,Male,0-14 years,0-14,38.0,666103.0,5.7
345,Chlamydia,274.0,Arizona,2004.0,Male,15-19 years,15-19,963.0,206355.0,466.67
346,Chlamydia,274.0,Arizona,2004.0,Male,20-24 years,20-24,1408.0,215637.0,652.95
347,Chlamydia,274.0,Arizona,2004.0,Male,25-29 years,25-29,720.0,218615.0,329.35
348,Chlamydia,274.0,Arizona,2004.0,Male,30-34 years,30-34,385.0,216754.0,177.62
349,Chlamydia,274.0,Arizona,2004.0,Male,35-39 years,35-39,173.0,201880.0,85.69
350,Chlamydia,274.0,Arizona,2004.0,Male,40+ years,40+,197.0,1148319.0,17.16
351,Chlamydia,274.0,Arizona,2005.0,Male,0-14 years,0-14,53.0,677094.0,7.83
352,Chlamydia,274.0,Arizona,2005.0,Male,15-19 years,15-19,1142.0,214438.0,532.55
353,Chlamydia,274.0,Arizona,2005.0,Male,20-24 years,20-24,1771.0,220672.0,802.55
354,Chlamydia,274.0,Arizona,2005.0,Male,25-29 years,25-29,1019.0,229042.0,444.9
355,Chlamydia,274.0,Arizona,2005.0,Male,30-34 years,30-34,515.0,221271.0,232.75
356,Chlamydia,274.0,Arizona,2005.0,Male,35-39 years,35-39,270.0,209672.0,128.77
357,Chlamydia,274.0,Arizona,2005.0,Male,40+ years,40+,288.0,1200885.0,23.98
358,Chlamydia,274.0,Arizona,2006.0,Male,0-14 years,0-14,36.0,696043.0,5.17
359,Chlamydia,274.0,Arizona,2006.0,Male,15-19 years,15-19,1269.0,220506.0,575.5
360,Chlamydia,274.0,Arizona,2006.0,Male,20-24 years,20-24,1957.0,225613.0,867.41
361,Chlamydia,274.0,Arizona,2006.0,Male,25-29 years,25-29,1199.0,246323.0,486.76
362,Chlamydia,274.0,Arizona,2006.0,Male,30-34 years,30-34,513.0,223402.0,229.63
363,Chlamydia,274.0,Arizona,2006.0,Male,35-39 years,35-39,279.0,218563.0,127.65
364,Chlamydia,274.0,Arizona,2006.0,Male,40+ years,40+,335.0,1255305.0,26.69
365,Chlamydia,274.0,Arizona,2007.0,Male,0-14 years,0-14,46.0,714074.0,6.44
366,Chlamydia,274.0,Arizona,2007.0,Male,15-19 years,15-19,1477.0,225557.0,654.82
367,Chlamydia,274.0,Arizona,2007.0,Male,20-24 years,20-24,2129.0,226577.0,939.64
368,Chlamydia,274.0,Arizona,2007.0,Male,25-29 years,25-29,1224.0,252522.0,484.71
369,Chlamydia,274.0,Arizona,2007.0,Male,30-34 years,30-34,534.0,227206.0,235.03
370,Chlamydia,274.0,Arizona,2007.0,Male,35-39 years,35-39,295.0,225111.0,131.05
371,Chlamydia,274.0,Arizona,2007.0,Male,40+ years,40+,350.0,1302097.0,26.88
372,Chlamydia,274.0,Arizona,2008.0,Male,0-14 years,0-14,63.0,732341.0,8.6
373,Chlamydia,274.0,Arizona,2008.0,Male,15-19 years,15-19,1578.0,230027.0,686.01
374,Chlamydia,274.0,Arizona,2008.0,Male,20-24 years,20-24,2234.0,227951.0,980.03
375,Chlamydia,274.0,Arizona,2008.0,Male,25-29 years,25-29,1264.0,257204.0,491.44
376,Chlamydia,274.0,Arizona,2008.0,Male,30-34 years,30-34,578.0,232475.0,248.63
377,Chlamydia,274.0,Arizona,2008.0,Male,35-39 years,35-39,325.0,229823.0,141.41
378,Chlamydia,274.0,Arizona,2008.0,Male,40+ years,40+,359.0,1346870.0,26.65
379,Chlamydia,274.0,Arizona,2009.0,Male,0-14 years,0-14,39.0,745443.0,5.23
380,Chlamydia,274.0,Arizona,2009.0,Male,15-19 years,15-19,1614.0,230875.0,699.08
381,Chlamydia,274.0,Arizona,2009.0,Male,20-24 years,20-24,2441.0,229988.0,1061.36
382,Chlamydia,274.0,Arizona,2009.0,Male,25-29 years,25-29,1412.0,259873.0,543.34
383,Chlamydia,274.0,Arizona,2009.0,Male,30-34 years,30-34,665.0,242786.0,273.9
384,Chlamydia,274.0,Arizona,2009.0,Male,35-39 years,35-39,332.0,231696.0,143.29
385,Chlamydia,274.0,Arizona,2009.0,Male,40+ years,40+,401.0,1366180.0,29.35
386,Chlamydia,274.0,Arizona,2010.0,Male,0-14 years,0-14,49.0,692803.0,7.07
387,Chlamydia,274.0,Arizona,2010.0,Male,15-19 years,15-19,1623.0,237280.0,684.0
388,Chlamydia,274.0,Arizona,2010.0,Male,20-24 years,20-24,2718.0,229562.0,1183.99
389,Chlamydia,274.0,Arizona,2010.0,Male,25-29 years,25-29,1411.0,225608.0,625.42
390,Chlamydia,274.0,Arizona,2010.0,Male,30-34 years,30-34,741.0,212223.0,349.16
391,Chlamydia,274.0,Arizona,2010.0,Male,35-39 years,35-39,378.0,210224.0,179.81
392,Chlamydia,274.0,Arizona,2010.0,Male,40+ years,40+,411.0,1368123.0,30.04
393,Chlamydia,274.0,Arizona,2011.0,Male,0-14 years,0-14,36.0,691516.0,5.21
394,Chlamydia,274.0,Arizona,2011.0,Male,15-19 years,15-19,1772.0,232498.0,762.16
395,Chlamydia,274.0,Arizona,2011.0,Male,20-24 years,20-24,2968.0,240563.0,1233.77
396,Chlamydia,274.0,Arizona,2011.0,Male,25-29 years,25-29,1562.0,229085.0,681.84
397,Chlamydia,274.0,Arizona,2011.0,Male,30-34 years,30-34,802.0,217891.0,368.07
398,Chlamydia,274.0,Arizona,2011.0,Male,35-39 years,35-39,412.0,205346.0,200.64
399,Chlamydia,274.0,Arizona,2011.0,Male,40+ years,40+,500.0,1406972.0,35.54
400,Chlamydia,274.0,Arizona,2012.0,Male,0-14 years,0-14,32.0,689437.0,4.64
401,Chlamydia,274.0,Arizona,2012.0,Male,15-19 years,15-19,1732.0,230837.0,750.31
402,Chlamydia,274.0,Arizona,2012.0,Male,20-24 years,20-24,3102.0,245965.0,1261.16
403,Chlamydia,274.0,Arizona,2012.0,Male,25-29 years,25-29,1630.0,229751.0,709.46
404,Chlamydia,274.0,Arizona,2012.0,Male,30-34 years,30-34,800.0,221385.0,361.36
405,Chlamydia,274.0,Arizona,2012.0,Male,35-39 years,35-39,441.0,205084.0,215.03
406,Chlamydia,274.0,Arizona,2012.0,Male,40+ years,40+,617.0,1436024.0,42.97
407,Chlamydia,274.0,Arizona,2013.0,Male,0-14 years,0-14,35.0,687044.0,5.09
408,Chlamydia,274.0,Arizona,2013.0,Male,15-19 years,15-19,1603.0,232106.0,690.63
409,Chlamydia,274.0,Arizona,2013.0,Male,20-24 years,20-24,3209.0,250911.0,1278.94
410,Chlamydia,274.0,Arizona,2013.0,Male,25-29 years,25-29,1730.0,229533.0,753.7
411,Chlamydia,274.0,Arizona,2013.0,Male,30-34 years,30-34,963.0,225293.0,427.44
412,Chlamydia,274.0,Arizona,2013.0,Male,35-39 years,35-39,429.0,206608.0,207.64
413,Chlamydia,274.0,Arizona,2013.0,Male,40+ years,40+,641.0,1463624.0,43.8
414,Chlamydia,274.0,Arizona,2014.0,Male,0-14 years,0-14,32.0,687044.0,4.66
415,Chlamydia,274.0,Arizona,2014.0,Male,15-19 years,15-19,1647.0,232106.0,709.59
416,Chlamydia,274.0,Arizona,2014.0,Male,20-24 years,20-24,3517.0,250911.0,1401.69
417,Chlamydia,274.0,Arizona,2014.0,Male,25-29 years,25-29,2069.0,229533.0,901.39
418,Chlamydia,274.0,Arizona,2014.0,Male,30-34 years,30-34,1069.0,225293.0,474.49
419,Chlamydia,274.0,Arizona,2014.0,Male,35-39 years,35-39,531.0,206608.0,257.01
420,Chlamydia,274.0,Arizona,2014.0,Male,40+ years,40+,785.0,1463624.0,53.63
421,Chlamydia,274.0,Arkansas,1996.0,Male,0-14 years,0-14,8.0,285807.0,2.8
422,Chlamydia,274.0,Arkansas,1996.0,Male,15-19 years,15-19,46.0,101112.0,45.49
423,Chlamydia,274.0,Arkansas,1996.0,Male,20-24 years,20-24,48.0,88383.0,54.31
424,Chlamydia,274.0,Arkansas,1996.0,Male,25-29 years,25-29,18.0,83923.0,21.45
425,Chlamydia,274.0,Arkansas,1996.0,Male,30-34 years,30-34,16.0,91818.0,17.43
426,Chlamydia,274.0,Arkansas,1996.0,Male,35-39 years,35-39,6.0,95861.0,6.26
427,Chlamydia,274.0,Arkansas,1996.0,Male,40+ years,40+,10.0,501502.0,1.99
428,Chlamydia,274.0,Arkansas,1996.0,Male,Unknown,99,25.0,,
429,Chlamydia,274.0,Arkansas,1997.0,Male,0-14 years,0-14,12.0,286248.0,4.19
430,Chlamydia,274.0,Arkansas,1997.0,Male,15-19 years,15-19,36.0,102168.0,35.24
431,Chlamydia,274.0,Arkansas,1997.0,Male,20-24 years,20-24,54.0,88949.0,60.71
432,Chlamydia,274.0,Arkansas,1997.0,Male,25-29 years,25-29,23.0,86025.0,26.74
433,Chlamydia,274.0,Arkansas,1997.0,Male,30-34 years,30-34,13.0,90022.0,14.44
434,Chlamydia,274.0,Arkansas,1997.0,Male,35-39 years,35-39,9.0,96909.0,9.29
435,Chlamydia,274.0,Arkansas,1997.0,Male,40+ years,40+,7.0,513615.0,1.36
436,Chlamydia,274.0,Arkansas,1998.0,Male,0-14 years,0-14,7.0,288239.0,2.43
437,Chlamydia,274.0,Arkansas,1998.0,Male,15-19 years,15-19,74.0,103032.0,71.82
438,Chlamydia,274.0,Arkansas,1998.0,Male,20-24 years,20-24,106.0,89645.0,118.24
439,Chlamydia,274.0,Arkansas,1998.0,Male,25-29 years,25-29,45.0,87477.0,51.44
440,Chlamydia,274.0,Arkansas,1998.0,Male,30-34 years,30-34,16.0,87967.0,18.19
441,Chlamydia,274.0,Arkansas,1998.0,Male,35-39 years,35-39,9.0,97811.0,9.2
442,Chlamydia,274.0,Arkansas,1998.0,Male,40+ years,40+,6.0,523698.0,1.15
443,Chlamydia,274.0,Arkansas,1998.0,Male,Unknown,99,4.0,,
444,Chlamydia,274.0,Arkansas,1999.0,Male,0-14 years,0-14,10.0,288244.0,3.47
445,Chlamydia,274.0,Arkansas,1999.0,Male,15-19 years,15-19,380.0,102853.0,369.46
446,Chlamydia,274.0,Arkansas,1999.0,Male,20-24 years,20-24,511.0,90577.0,564.16
447,Chlamydia,274.0,Arkansas,1999.0,Male,25-29 years,25-29,191.0,88654.0,215.44
448,Chlamydia,274.0,Arkansas,1999.0,Male,30-34 years,30-34,76.0,87395.0,86.96
449,Chlamydia,274.0,Arkansas,1999.0,Male,35-39 years,35-39,33.0,98967.0,33.34
450,Chlamydia,274.0,Arkansas,1999.0,Male,40+ years,40+,43.0,535725.0,8.03
451,Chlamydia,274.0,Arkansas,1999.0,Male,Unknown,99,3.0,,
452,Chlamydia,274.0,Arkansas,2000.0,Male,0-14 years,0-14,14.0,288051.0,4.86
453,Chlamydia,274.0,Arkansas,2000.0,Male,15-19 years,15-19,379.0,101828.0,372.2
454,Chlamydia,274.0,Arkansas,2000.0,Male,20-24 years,20-24,483.0,92668.0,521.22
455,Chlamydia,274.0,Arkansas,2000.0,Male,25-29 years,25-29,180.0,88575.0,203.22
456,Chlamydia,274.0,Arkansas,2000.0,Male,30-34 years,30-34,74.0,88595.0,83.53
457,Chlamydia,274.0,Arkansas,2000.0,Male,35-39 years,35-39,27.0,98820.0,27.32
458,Chlamydia,274.0,Arkansas,2000.0,Male,40+ years,40+,37.0,549005.0,6.74
459,Chlamydia,274.0,Arkansas,2000.0,Male,Unknown,99,10.0,,
460,Chlamydia,274.0,Arkansas,2001.0,Male,0-14 years,0-14,13.0,288220.0,4.51
461,Chlamydia,274.0,Arkansas,2001.0,Male,15-19 years,15-19,373.0,101071.0,369.05
462,Chlamydia,274.0,Arkansas,2001.0,Male,20-24 years,20-24,591.0,95375.0,619.66
463,Chlamydia,274.0,Arkansas,2001.0,Male,25-29 years,25-29,200.0,87513.0,228.54
464,Chlamydia,274.0,Arkansas,2001.0,Male,30-34 years,30-34,70.0,89488.0,78.22
465,Chlamydia,274.0,Arkansas,2001.0,Male,35-39 years,35-39,44.0,96955.0,45.38
466,Chlamydia,274.0,Arkansas,2001.0,Male,40+ years,40+,29.0,557624.0,5.2
467,Chlamydia,274.0,Arkansas,2001.0,Male,Unknown,99,5.0,,
468,Chlamydia,274.0,Arkansas,2002.0,Male,0-14 years,0-14,11.0,287217.0,3.83
469,Chlamydia,274.0,Arkansas,2002.0,Male,15-19 years,15-19,444.0,100576.0,441.46
470,Chlamydia,274.0,Arkansas,2002.0,Male,20-24 years,20-24,611.0,97851.0,624.42
471,Chlamydia,274.0,Arkansas,2002.0,Male,25-29 years,25-29,229.0,87625.0,261.34
472,Chlamydia,274.0,Arkansas,2002.0,Male,30-34 years,30-34,102.0,90788.0,112.35
473,Chlamydia,274.0,Arkansas,2002.0,Male,35-39 years,35-39,50.0,94536.0,52.89
474,Chlamydia,274.0,Arkansas,2002.0,Male,40+ years,40+,35.0,565973.0,6.18
475,Chlamydia,274.0,Arkansas,2002.0,Male,Unknown,99,4.0,,
476,Chlamydia,274.0,Arkansas,2003.0,Male,0-14 years,0-14,13.0,289173.0,4.5
477,Chlamydia,274.0,Arkansas,2003.0,Male,15-19 years,15-19,433.0,100655.0,430.18
478,Chlamydia,274.0,Arkansas,2003.0,Male,20-24 years,20-24,629.0,100766.0,624.22
479,Chlamydia,274.0,Arkansas,2003.0,Male,25-29 years,25-29,263.0,88532.0,297.07
480,Chlamydia,274.0,Arkansas,2003.0,Male,30-34 years,30-34,103.0,90157.0,114.25
481,Chlamydia,274.0,Arkansas,2003.0,Male,35-39 years,35-39,56.0,91639.0,61.11
482,Chlamydia,274.0,Arkansas,2003.0,Male,40+ years,40+,65.0,572955.0,11.34
483,Chlamydia,274.0,Arkansas,2003.0,Male,Unknown,99,5.0,,
484,Chlamydia,274.0,Arkansas,2004.0,Male,0-14 years,0-14,16.0,286300.0,5.59
485,Chlamydia,274.0,Arkansas,2004.0,Male,15-19 years,15-19,427.0,100540.0,424.71
486,Chlamydia,274.0,Arkansas,2004.0,Male,20-24 years,20-24,660.0,102915.0,641.31
487,Chlamydia,274.0,Arkansas,2004.0,Male,25-29 years,25-29,267.0,91020.0,293.34
488,Chlamydia,274.0,Arkansas,2004.0,Male,30-34 years,30-34,122.0,90882.0,134.24
489,Chlamydia,274.0,Arkansas,2004.0,Male,35-39 years,35-39,48.0,90579.0,52.99
490,Chlamydia,274.0,Arkansas,2004.0,Male,40+ years,40+,61.0,586483.0,10.4
491,Chlamydia,274.0,Arkansas,2004.0,Male,Unknown,99,11.0,,
492,Chlamydia,274.0,Arkansas,2005.0,Male,0-14 years,0-14,14.0,284856.0,4.91
493,Chlamydia,274.0,Arkansas,2005.0,Male,15-19 years,15-19,495.0,101202.0,489.12
494,Chlamydia,274.0,Arkansas,2005.0,Male,20-24 years,20-24,659.0,103081.0,639.3
495,Chlamydia,274.0,Arkansas,2005.0,Male,25-29 years,25-29,304.0,94429.0,321.94
496,Chlamydia,274.0,Arkansas,2005.0,Male,30-34 years,30-34,90.0,90621.0,99.31
497,Chlamydia,274.0,Arkansas,2005.0,Male,35-39 years,35-39,61.0,90717.0,67.24
498,Chlamydia,274.0,Arkansas,2005.0,Male,40+ years,40+,55.0,598057.0,9.2
499,Chlamydia,274.0,Arkansas,2005.0,Male,Unknown,99,6.0,,
500,Chlamydia,274.0,Arkansas,2006.0,Male,0-14 years,0-14,13.0,290974.0,4.47
501,Chlamydia,274.0,Arkansas,2006.0,Male,15-19 years,15-19,520.0,101082.0,514.43
502,Chlamydia,274.0,Arkansas,2006.0,Male,20-24 years,20-24,655.0,98977.0,661.77
503,Chlamydia,274.0,Arkansas,2006.0,Male,25-29 years,25-29,259.0,101868.0,254.25
504,Chlamydia,274.0,Arkansas,2006.0,Male,30-34 years,30-34,103.0,88713.0,116.11
505,Chlamydia,274.0,Arkansas,2006.0,Male,35-39 years,35-39,50.0,91410.0,54.7
506,Chlamydia,274.0,Arkansas,2006.0,Male,40+ years,40+,45.0,604687.0,7.44
507,Chlamydia,274.0,Arkansas,2006.0,Male,Unknown,99,10.0,,
508,Chlamydia,274.0,Arkansas,2007.0,Male,0-14 years,0-14,15.0,296212.0,5.06
509,Chlamydia,274.0,Arkansas,2007.0,Male,15-19 years,15-19,583.0,101445.0,574.7
510,Chlamydia,274.0,Arkansas,2007.0,Male,20-24 years,20-24,832.0,96323.0,863.76
511,Chlamydia,274.0,Arkansas,2007.0,Male,25-29 years,25-29,346.0,101819.0,339.82
512,Chlamydia,274.0,Arkansas,2007.0,Male,30-34 years,30-34,142.0,89367.0,158.9
513,Chlamydia,274.0,Arkansas,2007.0,Male,35-39 years,35-39,60.0,92109.0,65.14
514,Chlamydia,274.0,Arkansas,2007.0,Male,40+ years,40+,74.0,611924.0,12.09
515,Chlamydia,274.0,Arkansas,2007.0,Male,Unknown,99,8.0,,
516,Chlamydia,274.0,Arkansas,2008.0,Male,0-14 years,0-14,17.0,297754.0,5.71
517,Chlamydia,274.0,Arkansas,2008.0,Male,15-19 years,15-19,936.0,101179.0,925.09
518,Chlamydia,274.0,Arkansas,2008.0,Male,20-24 years,20-24,1390.0,95458.0,1456.14
519,Chlamydia,274.0,Arkansas,2008.0,Male,25-29 years,25-29,653.0,101970.0,640.38
520,Chlamydia,274.0,Arkansas,2008.0,Male,30-34 years,30-34,260.0,90333.0,287.82
521,Chlamydia,274.0,Arkansas,2008.0,Male,35-39 years,35-39,114.0,92312.0,123.49
522,Chlamydia,274.0,Arkansas,2008.0,Male,40+ years,40+,114.0,619629.0,18.4
523,Chlamydia,274.0,Arkansas,2008.0,Male,Unknown,99,7.0,,
524,Chlamydia,274.0,Arkansas,2009.0,Male,0-14 years,0-14,14.0,302268.0,4.63
525,Chlamydia,274.0,Arkansas,2009.0,Male,15-19 years,15-19,1040.0,102166.0,1017.95
526,Chlamydia,274.0,Arkansas,2009.0,Male,20-24 years,20-24,1471.0,97847.0,1503.37
527,Chlamydia,274.0,Arkansas,2009.0,Male,25-29 years,25-29,646.0,102880.0,627.92
528,Chlamydia,274.0,Arkansas,2009.0,Male,30-34 years,30-34,254.0,93406.0,271.93
529,Chlamydia,274.0,Arkansas,2009.0,Male,35-39 years,35-39,117.0,91511.0,127.85
530,Chlamydia,274.0,Arkansas,2009.0,Male,40+ years,40+,116.0,625422.0,18.55
531,Chlamydia,274.0,Arkansas,2009.0,Male,Unknown,99,6.0,,
532,Chlamydia,274.0,Arkansas,2010.0,Male,0-14 years,0-14,18.0,302717.0,5.95
533,Chlamydia,274.0,Arkansas,2010.0,Male,15-19 years,15-19,1055.0,104178.0,1012.69
534,Chlamydia,274.0,Arkansas,2010.0,Male,20-24 years,20-24,1746.0,100801.0,1732.13
535,Chlamydia,274.0,Arkansas,2010.0,Male,25-29 years,25-29,720.0,96155.0,748.79
536,Chlamydia,274.0,Arkansas,2010.0,Male,30-34 years,30-34,314.0,92277.0,340.28
537,Chlamydia,274.0,Arkansas,2010.0,Male,35-39 years,35-39,137.0,91484.0,149.75
538,Chlamydia,274.0,Arkansas,2010.0,Male,40+ years,40+,121.0,644025.0,18.79
539,Chlamydia,274.0,Arkansas,2010.0,Male,Unknown,99,1.0,,
540,Chlamydia,274.0,Arkansas,2011.0,Male,0-14 years,0-14,14.0,303213.0,4.62
541,Chlamydia,274.0,Arkansas,2011.0,Male,15-19 years,15-19,1100.0,100864.0,1090.58
542,Chlamydia,274.0,Arkansas,2011.0,Male,20-24 years,20-24,1645.0,104010.0,1581.58
543,Chlamydia,274.0,Arkansas,2011.0,Male,25-29 years,25-29,772.0,96715.0,798.22
544,Chlamydia,274.0,Arkansas,2011.0,Male,30-34 years,30-34,343.0,94869.0,361.55
545,Chlamydia,274.0,Arkansas,2011.0,Male,35-39 years,35-39,119.0,89262.0,133.31
546,Chlamydia,274.0,Arkansas,2011.0,Male,40+ years,40+,128.0,653846.0,19.58
547,Chlamydia,274.0,Arkansas,2011.0,Male,Unknown,99,4.0,,
548,Chlamydia,274.0,Arkansas,2012.0,Male,0-14 years,0-14,26.0,303619.0,8.56
549,Chlamydia,274.0,Arkansas,2012.0,Male,15-19 years,15-19,1057.0,99959.0,1057.43
550,Chlamydia,274.0,Arkansas,2012.0,Male,20-24 years,20-24,1852.0,105588.0,1753.99
551,Chlamydia,274.0,Arkansas,2012.0,Male,25-29 years,25-29,765.0,96993.0,788.72
552,Chlamydia,274.0,Arkansas,2012.0,Male,30-34 years,30-34,362.0,95895.0,377.5
553,Chlamydia,274.0,Arkansas,2012.0,Male,35-39 years,35-39,149.0,88746.0,167.9
554,Chlamydia,274.0,Arkansas,2012.0,Male,40+ years,40+,143.0,657690.0,21.74
555,Chlamydia,274.0,Arkansas,2012.0,Male,Unknown,99,6.0,,
556,Chlamydia,274.0,Arkansas,2013.0,Male,0-14 years,0-14,7.0,302282.0,2.32
557,Chlamydia,274.0,Arkansas,2013.0,Male,15-19 years,15-19,966.0,100073.0,965.29
558,Chlamydia,274.0,Arkansas,2013.0,Male,20-24 years,20-24,1682.0,107189.0,1569.19
559,Chlamydia,274.0,Arkansas,2013.0,Male,25-29 years,25-29,808.0,96140.0,840.44
560,Chlamydia,274.0,Arkansas,2013.0,Male,30-34 years,30-34,348.0,96986.0,358.81
561,Chlamydia,274.0,Arkansas,2013.0,Male,35-39 years,35-39,146.0,88929.0,164.18
562,Chlamydia,274.0,Arkansas,2013.0,Male,40+ years,40+,144.0,661992.0,21.75
563,Chlamydia,274.0,Arkansas,2013.0,Male,Unknown,99,3.0,,
564,Chlamydia,274.0,Arkansas,2014.0,Male,0-14 years,0-14,20.0,302282.0,6.62
565,Chlamydia,274.0,Arkansas,2014.0,Male,15-19 years,15-19,922.0,100073.0,921.33
566,Chlamydia,274.0,Arkansas,2014.0,Male,20-24 years,20-24,1572.0,107189.0,1466.57
567,Chlamydia,274.0,Arkansas,2014.0,Male,25-29 years,25-29,772.0,96140.0,803.0
568,Chlamydia,274.0,Arkansas,2014.0,Male,30-34 years,30-34,360.0,96986.0,371.19
569,Chlamydia,274.0,Arkansas,2014.0,Male,35-39 years,35-39,142.0,88929.0,159.68
570,Chlamydia,274.0,Arkansas,2014.0,Male,40+ years,40+,173.0,661992.0,26.13
571,Chlamydia,274.0,Arkansas,2014.0,Male,Unknown,99,3.0,,
572,Chlamydia,274.0,California,1996.0,Male,0-14 years,0-14,177.0,3960918.0,4.47
573,Chlamydia,274.0,California,1996.0,Male,15-19 years,15-19,3000.0,1131168.0,265.21
574,Chlamydia,274.0,California,1996.0,Male,20-24 years,20-24,3937.0,1123757.0,350.34
575,Chlamydia,274.0,California,1996.0,Male,25-29 years,25-29,2376.0,1360780.0,174.61
576,Chlamydia,274.0,California,1996.0,Male,30-34 years,30-34,1227.0,1466798.0,83.65
577,Chlamydia,274.0,California,1996.0,Male,35-39 years,35-39,661.0,1398798.0,47.25
578,Chlamydia,274.0,California,1996.0,Male,40+ years,40+,635.0,5538373.0,11.47
579,Chlamydia,274.0,California,1996.0,Male,Unknown,99,201.0,,
580,Chlamydia,274.0,California,1997.0,Male,0-14 years,0-14,215.0,3962857.0,5.43
581,Chlamydia,274.0,California,1997.0,Male,15-19 years,15-19,3701.0,1170839.0,316.1
582,Chlamydia,274.0,California,1997.0,Male,20-24 years,20-24,4731.0,1136292.0,416.35
583,Chlamydia,274.0,California,1997.0,Male,25-29 years,25-29,2871.0,1351184.0,212.48
584,Chlamydia,274.0,California,1997.0,Male,30-34 years,30-34,1546.0,1443593.0,107.09
585,Chlamydia,274.0,California,1997.0,Male,35-39 years,35-39,859.0,1416511.0,60.64
586,Chlamydia,274.0,California,1997.0,Male,40+ years,40+,797.0,5723615.0,13.92
587,Chlamydia,274.0,California,1997.0,Male,Unknown,99,234.0,,
588,Chlamydia,274.0,California,1998.0,Male,0-14 years,0-14,171.0,3961522.0,4.32
589,Chlamydia,274.0,California,1998.0,Male,15-19 years,15-19,4010.0,1214096.0,330.29
590,Chlamydia,274.0,California,1998.0,Male,20-24 years,20-24,5146.0,1162970.0,442.49
591,Chlamydia,274.0,California,1998.0,Male,25-29 years,25-29,3306.0,1341572.0,246.43
592,Chlamydia,274.0,California,1998.0,Male,30-34 years,30-34,1734.0,1417994.0,122.28
593,Chlamydia,274.0,California,1998.0,Male,35-39 years,35-39,1011.0,1432570.0,70.57
594,Chlamydia,274.0,California,1998.0,Male,40+ years,40+,926.0,5924688.0,15.63
595,Chlamydia,274.0,California,1998.0,Male,Unknown,99,250.0,,
596,Chlamydia,274.0,California,1999.0,Male,0-14 years,0-14,165.0,3973646.0,4.15
597,Chlamydia,274.0,California,1999.0,Male,15-19 years,15-19,4371.0,1248484.0,350.11
598,Chlamydia,274.0,California,1999.0,Male,20-24 years,20-24,5791.0,1207242.0,479.69
599,Chlamydia,274.0,California,1999.0,Male,25-29 years,25-29,3616.0,1322659.0,273.39
600,Chlamydia,274.0,California,1999.0,Male,30-34 years,30-34,1865.0,1396298.0,133.57
601,Chlamydia,274.0,California,1999.0,Male,35-39 years,35-39,1165.0,1438823.0,80.97
602,Chlamydia,274.0,California,1999.0,Male,40+ years,40+,1132.0,6111891.0,18.52
603,Chlamydia,274.0,California,1999.0,Male,Unknown,99,240.0,,
604,Chlamydia,274.0,California,2000.0,Male,0-14 years,0-14,211.0,4009586.0,5.26
605,Chlamydia,274.0,California,2000.0,Male,15-19 years,15-19,5178.0,1275268.0,406.03
606,Chlamydia,274.0,California,2000.0,Male,20-24 years,20-24,7335.0,1254378.0,584.75
607,Chlamydia,274.0,California,2000.0,Male,25-29 years,25-29,4375.0,1308478.0,334.36
608,Chlamydia,274.0,California,2000.0,Male,30-34 years,30-34,2480.0,1388823.0,178.57
609,Chlamydia,274.0,California,2000.0,Male,35-39 years,35-39,1441.0,1426035.0,101.05
610,Chlamydia,274.0,California,2000.0,Male,40+ years,40+,1506.0,6284318.0,23.96
611,Chlamydia,274.0,California,2000.0,Male,Unknown,99,220.0,,
612,Chlamydia,274.0,California,2001.0,Male,0-14 years,0-14,205.0,4041100.0,5.07
613,Chlamydia,274.0,California,2001.0,Male,15-19 years,15-19,5529.0,1285060.0,430.25
614,Chlamydia,274.0,California,2001.0,Male,20-24 years,20-24,8369.0,1292119.0,647.7
615,Chlamydia,274.0,California,2001.0,Male,25-29 years,25-29,4587.0,1318386.0,347.93
616,Chlamydia,274.0,California,2001.0,Male,30-34 years,30-34,2808.0,1415922.0,198.32
617,Chlamydia,274.0,California,2001.0,Male,35-39 years,35-39,1612.0,1426933.0,112.97
618,Chlamydia,274.0,California,2001.0,Male,40+ years,40+,1597.0,6470266.0,24.68
619,Chlamydia,274.0,California,2001.0,Male,Unknown,99,213.0,,
620,Chlamydia,274.0,California,2002.0,Male,0-14 years,0-14,269.0,4066543.0,6.61
621,Chlamydia,274.0,California,2002.0,Male,15-19 years,15-19,5740.0,1297505.0,442.39
622,Chlamydia,274.0,California,2002.0,Male,20-24 years,20-24,9533.0,1332378.0,715.49
623,Chlamydia,274.0,California,2002.0,Male,25-29 years,25-29,5530.0,1332068.0,415.14
624,Chlamydia,274.0,California,2002.0,Male,30-34 years,30-34,3188.0,1435259.0,222.12
625,Chlamydia,274.0,California,2002.0,Male,35-39 years,35-39,1911.0,1416069.0,134.95
626,Chlamydia,274.0,California,2002.0,Male,40+ years,40+,2052.0,6636630.0,30.92
627,Chlamydia,274.0,California,2002.0,Male,Unknown,99,177.0,,
628,Chlamydia,274.0,California,2003.0,Male,0-14 years,0-14,165.0,4042942.0,4.08
629,Chlamydia,274.0,California,2003.0,Male,15-19 years,15-19,6153.0,1299563.0,473.47
630,Chlamydia,274.0,California,2003.0,Male,20-24 years,20-24,10496.0,1346312.0,779.61
631,Chlamydia,274.0,California,2003.0,Male,25-29 years,25-29,6072.0,1317611.0,460.83
632,Chlamydia,274.0,California,2003.0,Male,30-34 years,30-34,3566.0,1421707.0,250.82
633,Chlamydia,274.0,California,2003.0,Male,35-39 years,35-39,2135.0,1412564.0,151.14
634,Chlamydia,274.0,California,2003.0,Male,40+ years,40+,2439.0,6870495.0,35.5
635,Chlamydia,274.0,California,2003.0,Male,Unknown,99,212.0,,
636,Chlamydia,274.0,California,2004.0,Male,0-14 years,0-14,202.0,4109156.0,4.92
637,Chlamydia,274.0,California,2004.0,Male,15-19 years,15-19,6360.0,1325890.0,479.68
638,Chlamydia,274.0,California,2004.0,Male,20-24 years,20-24,11339.0,1350655.0,839.52
639,Chlamydia,274.0,California,2004.0,Male,25-29 years,25-29,6449.0,1322985.0,487.46
640,Chlamydia,274.0,California,2004.0,Male,30-34 years,30-34,3608.0,1398361.0,258.02
641,Chlamydia,274.0,California,2004.0,Male,35-39 years,35-39,2324.0,1397707.0,166.27
642,Chlamydia,274.0,California,2004.0,Male,40+ years,40+,2765.0,7008963.0,39.45
643,Chlamydia,274.0,California,2004.0,Male,Unknown,99,276.0,,
644,Chlamydia,274.0,California,2005.0,Male,0-14 years,0-14,173.0,4130303.0,4.19
645,Chlamydia,274.0,California,2005.0,Male,15-19 years,15-19,7013.0,1357650.0,516.55
646,Chlamydia,274.0,California,2005.0,Male,20-24 years,20-24,12286.0,1342255.0,915.33
647,Chlamydia,274.0,California,2005.0,Male,25-29 years,25-29,7279.0,1329658.0,547.43
648,Chlamydia,274.0,California,2005.0,Male,30-34 years,30-34,3761.0,1359701.0,276.61
649,Chlamydia,274.0,California,2005.0,Male,35-39 years,35-39,2530.0,1395799.0,181.26
650,Chlamydia,274.0,California,2005.0,Male,40+ years,40+,3178.0,7130087.0,44.57
651,Chlamydia,274.0,California,2005.0,Male,Unknown,99,229.0,,
652,Chlamydia,274.0,California,2006.0,Male,0-14 years,0-14,166.0,4037516.0,4.11
653,Chlamydia,274.0,California,2006.0,Male,15-19 years,15-19,7361.0,1398635.0,526.3
654,Chlamydia,274.0,California,2006.0,Male,20-24 years,20-24,12728.0,1419807.0,896.46
655,Chlamydia,274.0,California,2006.0,Male,25-29 years,25-29,7742.0,1380984.0,560.62
656,Chlamydia,274.0,California,2006.0,Male,30-34 years,30-34,3851.0,1352018.0,284.83
657,Chlamydia,274.0,California,2006.0,Male,35-39 years,35-39,2583.0,1409880.0,183.21
658,Chlamydia,274.0,California,2006.0,Male,40+ years,40+,3343.0,7225604.0,46.27
659,Chlamydia,274.0,California,2006.0,Male,Unknown,99,229.0,,
660,Chlamydia,274.0,California,2007.0,Male,0-14 years,0-14,166.0,3951418.0,4.2
661,Chlamydia,274.0,California,2007.0,Male,15-19 years,15-19,8013.0,1420566.0,564.07
662,Chlamydia,274.0,California,2007.0,Male,20-24 years,20-24,13256.0,1424714.0,930.43
663,Chlamydia,274.0,California,2007.0,Male,25-29 years,25-29,8360.0,1401360.0,596.56
664,Chlamydia,274.0,California,2007.0,Male,30-34 years,30-34,3943.0,1329514.0,296.57
665,Chlamydia,274.0,California,2007.0,Male,35-39 years,35-39,2549.0,1399459.0,182.14
666,Chlamydia,274.0,California,2007.0,Male,40+ years,40+,3686.0,7350764.0,50.14
667,Chlamydia,274.0,California,2007.0,Male,Unknown,99,240.0,,
668,Chlamydia,274.0,California,2008.0,Male,0-14 years,0-14,190.0,3956888.0,4.8
669,Chlamydia,274.0,California,2008.0,Male,15-19 years,15-19,8613.0,1421282.0,606.0
670,Chlamydia,274.0,California,2008.0,Male,20-24 years,20-24,14883.0,1415664.0,1051.31
671,Chlamydia,274.0,California,2008.0,Male,25-29 years,25-29,9194.0,1425076.0,645.16
672,Chlamydia,274.0,California,2008.0,Male,30-34 years,30-34,4303.0,1322554.0,325.36
673,Chlamydia,274.0,California,2008.0,Male,35-39 years,35-39,2773.0,1379968.0,200.95
674,Chlamydia,274.0,California,2008.0,Male,40+ years,40+,3929.0,7466590.0,52.62
675,Chlamydia,274.0,California,2008.0,Male,Unknown,99,175.0,,
676,Chlamydia,274.0,California,2009.0,Male,0-14 years,0-14,160.0,4006928.0,3.99
677,Chlamydia,274.0,California,2009.0,Male,15-19 years,15-19,8446.0,1392398.0,606.58
678,Chlamydia,274.0,California,2009.0,Male,20-24 years,20-24,15099.0,1386146.0,1089.28
679,Chlamydia,274.0,California,2009.0,Male,25-29 years,25-29,9235.0,1460862.0,632.16
680,Chlamydia,274.0,California,2009.0,Male,30-34 years,30-34,4542.0,1349527.0,336.56
681,Chlamydia,274.0,California,2009.0,Male,35-39 years,35-39,2648.0,1346991.0,196.59
682,Chlamydia,274.0,California,2009.0,Male,40+ years,40+,4311.0,7562350.0,57.01
683,Chlamydia,274.0,California,2009.0,Male,Unknown,99,151.0,,
684,Chlamydia,274.0,California,2010.0,Male,0-14 years,0-14,196.0,3899534.0,5.03
685,Chlamydia,274.0,California,2010.0,Male,15-19 years,15-19,8543.0,1455082.0,587.12
686,Chlamydia,274.0,California,2010.0,Male,20-24 years,20-24,16017.0,1440785.0,1111.69
687,Chlamydia,274.0,California,2010.0,Male,25-29 years,25-29,9810.0,1408698.0,696.39
688,Chlamydia,274.0,California,2010.0,Male,30-34 years,30-34,4967.0,1304347.0,380.8
689,Chlamydia,274.0,California,2010.0,Male,35-39 years,35-39,2835.0,1291370.0,219.53
690,Chlamydia,274.0,California,2010.0,Male,40+ years,40+,4713.0,7718014.0,61.06
691,Chlamydia,274.0,California,2010.0,Male,Unknown,99,158.0,,
692,Chlamydia,274.0,California,2011.0,Male,0-14 years,0-14,180.0,3899667.0,4.62
693,Chlamydia,274.0,California,2011.0,Male,15-19 years,15-19,8659.0,1420449.0,609.6
694,Chlamydia,274.0,California,2011.0,Male,20-24 years,20-24,17889.0,1487215.0,1202.85
695,Chlamydia,274.0,California,2011.0,Male,25-29 years,25-29,10744.0,1432358.0,750.09
696,Chlamydia,274.0,California,2011.0,Male,30-34 years,30-34,5564.0,1341241.0,414.84
697,Chlamydia,274.0,California,2011.0,Male,35-39 years,35-39,2959.0,1267242.0,233.5
698,Chlamydia,274.0,California,2011.0,Male,40+ years,40+,5313.0,7900155.0,67.25
699,Chlamydia,274.0,California,2011.0,Male,Unknown,99,246.0,,
700,Chlamydia,274.0,California,2012.0,Male,0-14 years,0-14,144.0,3898663.0,3.69
701,Chlamydia,274.0,California,2012.0,Male,15-19 years,15-19,7973.0,1394867.0,571.6
702,Chlamydia,274.0,California,2012.0,Male,20-24 years,20-24,18109.0,1514586.0,1195.64
703,Chlamydia,274.0,California,2012.0,Male,25-29 years,25-29,11243.0,1444636.0,778.26
704,Chlamydia,274.0,California,2012.0,Male,30-34 years,30-34,6091.0,1371011.0,444.27
705,Chlamydia,274.0,California,2012.0,Male,35-39 years,35-39,3299.0,1264764.0,260.84
706,Chlamydia,274.0,California,2012.0,Male,40+ years,40+,5863.0,8030037.0,73.01
707,Chlamydia,274.0,California,2012.0,Male,Unknown,99,261.0,,
708,Chlamydia,274.0,California,2013.0,Male,0-14 years,0-14,135.0,3883364.0,3.48
709,Chlamydia,274.0,California,2013.0,Male,15-19 years,15-19,7489.0,1365634.0,548.39
710,Chlamydia,274.0,California,2013.0,Male,20-24 years,20-24,17921.0,1516006.0,1182.12
711,Chlamydia,274.0,California,2013.0,Male,25-29 years,25-29,12107.0,1472728.0,822.08
712,Chlamydia,274.0,California,2013.0,Male,30-34 years,30-34,6673.0,1404116.0,475.25
713,Chlamydia,274.0,California,2013.0,Male,35-39 years,35-39,3680.0,1272599.0,289.17
714,Chlamydia,274.0,California,2013.0,Male,40+ years,40+,6371.0,8149749.0,78.17
715,Chlamydia,274.0,California,2013.0,Male,Unknown,99,303.0,,
716,Chlamydia,274.0,California,2014.0,Male,0-14 years,0-14,119.0,3883364.0,3.06
717,Chlamydia,274.0,California,2014.0,Male,15-19 years,15-19,7322.0,1365634.0,536.16
718,Chlamydia,274.0,California,2014.0,Male,20-24 years,20-24,19118.0,1516006.0,1261.08
719,Chlamydia,274.0,California,2014.0,Male,25-29 years,25-29,13803.0,1472728.0,937.24
720,Chlamydia,274.0,California,2014.0,Male,30-34 years,30-34,7874.0,1404116.0,560.78
721,Chlamydia,274.0,California,2014.0,Male,35-39 years,35-39,4388.0,1272599.0,344.81
722,Chlamydia,274.0,California,2014.0,Male,40+ years,40+,7725.0,8149749.0,94.79
723,Chlamydia,274.0,California,2014.0,Male,Unknown,99,338.0,,
724,Chlamydia,274.0,Colorado,1996.0,Male,0-14 years,0-14,19.0,431071.0,4.41
725,Chlamydia,274.0,Colorado,1996.0,Male,15-19 years,15-19,338.0,139377.0,242.51
726,Chlamydia,274.0,Colorado,1996.0,Male,20-24 years,20-24,612.0,137054.0,446.54
727,Chlamydia,274.0,Colorado,1996.0,Male,25-29 years,25-29,308.0,157050.0,196.12
728,Chlamydia,274.0,Colorado,1996.0,Male,30-34 years,30-34,143.0,176205.0,81.16
729,Chlamydia,274.0,Colorado,1996.0,Male,35-39 years,35-39,68.0,189140.0,35.95
730,Chlamydia,274.0,Colorado,1996.0,Male,40+ years,40+,51.0,730603.0,6.98
731,Chlamydia,274.0,Colorado,1996.0,Male,Unknown,99,46.0,,
732,Chlamydia,274.0,Colorado,1997.0,Male,0-14 years,0-14,12.0,440425.0,2.72
733,Chlamydia,274.0,Colorado,1997.0,Male,15-19 years,15-19,424.0,145840.0,290.73
734,Chlamydia,274.0,Colorado,1997.0,Male,20-24 years,20-24,655.0,141363.0,463.35
735,Chlamydia,274.0,Colorado,1997.0,Male,25-29 years,25-29,347.0,163041.0,212.83
736,Chlamydia,274.0,Colorado,1997.0,Male,30-34 years,30-34,159.0,172005.0,92.44
737,Chlamydia,274.0,Colorado,1997.0,Male,35-39 years,35-39,96.0,190183.0,50.48
738,Chlamydia,274.0,Colorado,1997.0,Male,40+ years,40+,55.0,759931.0,7.24
739,Chlamydia,274.0,Colorado,1997.0,Male,Unknown,99,36.0,,
740,Chlamydia,274.0,Colorado,1998.0,Male,0-14 years,0-14,19.0,452607.0,4.2
741,Chlamydia,274.0,Colorado,1998.0,Male,15-19 years,15-19,451.0,152376.0,295.98
742,Chlamydia,274.0,Colorado,1998.0,Male,20-24 years,20-24,846.0,147549.0,573.37
743,Chlamydia,274.0,Colorado,1998.0,Male,25-29 years,25-29,398.0,167700.0,237.33
744,Chlamydia,274.0,Colorado,1998.0,Male,30-34 years,30-34,175.0,169133.0,103.47
745,Chlamydia,274.0,Colorado,1998.0,Male,35-39 years,35-39,97.0,189606.0,51.16
746,Chlamydia,274.0,Colorado,1998.0,Male,40+ years,40+,88.0,786942.0,11.18
747,Chlamydia,274.0,Colorado,1998.0,Male,Unknown,99,41.0,,
748,Chlamydia,274.0,Colorado,1999.0,Male,0-14 years,0-14,15.0,462991.0,3.24
749,Chlamydia,274.0,Colorado,1999.0,Male,15-19 years,15-19,550.0,157348.0,349.54
750,Chlamydia,274.0,Colorado,1999.0,Male,20-24 years,20-24,1029.0,155824.0,660.36
751,Chlamydia,274.0,Colorado,1999.0,Male,25-29 years,25-29,475.0,172127.0,275.96
752,Chlamydia,274.0,Colorado,1999.0,Male,30-34 years,30-34,216.0,170123.0,126.97
753,Chlamydia,274.0,Colorado,1999.0,Male,35-39 years,35-39,140.0,188555.0,74.25
754,Chlamydia,274.0,Colorado,1999.0,Male,40+ years,40+,128.0,817692.0,15.65
755,Chlamydia,274.0,Colorado,1999.0,Male,Unknown,99,113.0,,
756,Chlamydia,274.0,Colorado,2000.0,Male,0-14 years,0-14,20.0,482576.0,4.14
757,Chlamydia,274.0,Colorado,2000.0,Male,15-19 years,15-19,519.0,161172.0,322.02
758,Chlamydia,274.0,Colorado,2000.0,Male,20-24 years,20-24,943.0,162545.0,580.15
759,Chlamydia,274.0,Colorado,2000.0,Male,25-29 years,25-29,445.0,173758.0,256.1
760,Chlamydia,274.0,Colorado,2000.0,Male,30-34 years,30-34,247.0,173349.0,142.49
761,Chlamydia,274.0,Colorado,2000.0,Male,35-39 years,35-39,137.0,183511.0,74.65
762,Chlamydia,274.0,Colorado,2000.0,Male,40+ years,40+,131.0,842321.0,15.55
763,Chlamydia,274.0,Colorado,2000.0,Male,Unknown,99,809.0,,
764,Chlamydia,274.0,Colorado,2001.0,Male,0-14 years,0-14,22.0,485700.0,4.53
765,Chlamydia,274.0,Colorado,2001.0,Male,15-19 years,15-19,672.0,162971.0,412.34
766,Chlamydia,274.0,Colorado,2001.0,Male,20-24 years,20-24,1319.0,166370.0,792.81
767,Chlamydia,274.0,Colorado,2001.0,Male,25-29 years,25-29,613.0,173429.0,353.46
768,Chlamydia,274.0,Colorado,2001.0,Male,30-34 years,30-34,308.0,181243.0,169.94
769,Chlamydia,274.0,Colorado,2001.0,Male,35-39 years,35-39,188.0,182099.0,103.24
770,Chlamydia,274.0,Colorado,2001.0,Male,40+ years,40+,168.0,879548.0,19.1
771,Chlamydia,274.0,Colorado,2001.0,Male,Unknown,99,38.0,,
772,Chlamydia,274.0,Colorado,2002.0,Male,0-14 years,0-14,23.0,491144.0,4.68
773,Chlamydia,274.0,Colorado,2002.0,Male,15-19 years,15-19,680.0,165363.0,411.22
774,Chlamydia,274.0,Colorado,2002.0,Male,20-24 years,20-24,1396.0,169866.0,821.82
775,Chlamydia,274.0,Colorado,2002.0,Male,25-29 years,25-29,717.0,173144.0,414.11
776,Chlamydia,274.0,Colorado,2002.0,Male,30-34 years,30-34,384.0,186470.0,205.93
777,Chlamydia,274.0,Colorado,2002.0,Male,35-39 years,35-39,191.0,178366.0,107.08
778,Chlamydia,274.0,Colorado,2002.0,Male,40+ years,40+,187.0,905798.0,20.64
779,Chlamydia,274.0,Colorado,2002.0,Male,Unknown,99,26.0,,
780,Chlamydia,274.0,Colorado,2003.0,Male,0-14 years,0-14,18.0,492642.0,3.65
781,Chlamydia,274.0,Colorado,2003.0,Male,15-19 years,15-19,522.0,163361.0,319.54
782,Chlamydia,274.0,Colorado,2003.0,Male,20-24 years,20-24,1262.0,174930.0,721.43
783,Chlamydia,274.0,Colorado,2003.0,Male,25-29 years,25-29,650.0,183388.0,354.44
784,Chlamydia,274.0,Colorado,2003.0,Male,30-34 years,30-34,336.0,194295.0,172.93
785,Chlamydia,274.0,Colorado,2003.0,Male,35-39 years,35-39,176.0,177382.0,99.22
786,Chlamydia,274.0,Colorado,2003.0,Male,40+ years,40+,200.0,909242.0,22.0
787,Chlamydia,274.0,Colorado,2003.0,Male,Unknown,99,32.0,,
788,Chlamydia,274.0,Colorado,2004.0,Male,0-14 years,0-14,19.0,504701.0,3.76
789,Chlamydia,274.0,Colorado,2004.0,Male,15-19 years,15-19,642.0,164492.0,390.29
790,Chlamydia,274.0,Colorado,2004.0,Male,20-24 years,20-24,1565.0,174682.0,895.91
791,Chlamydia,274.0,Colorado,2004.0,Male,25-29 years,25-29,817.0,185080.0,441.43
792,Chlamydia,274.0,Colorado,2004.0,Male,30-34 years,30-34,369.0,194055.0,190.15
793,Chlamydia,274.0,Colorado,2004.0,Male,35-39 years,35-39,192.0,175896.0,109.16
794,Chlamydia,274.0,Colorado,2004.0,Male,40+ years,40+,231.0,922592.0,25.04
795,Chlamydia,274.0,Colorado,2004.0,Male,Unknown,99,20.0,,
796,Chlamydia,274.0,Colorado,2005.0,Male,0-14 years,0-14,25.0,504129.0,4.96
797,Chlamydia,274.0,Colorado,2005.0,Male,15-19 years,15-19,717.0,166002.0,431.92
798,Chlamydia,274.0,Colorado,2005.0,Male,20-24 years,20-24,1561.0,177749.0,878.21
799,Chlamydia,274.0,Colorado,2005.0,Male,25-29 years,25-29,897.0,189969.0,472.18
800,Chlamydia,274.0,Colorado,2005.0,Male,30-34 years,30-34,429.0,194378.0,220.7
801,Chlamydia,274.0,Colorado,2005.0,Male,35-39 years,35-39,246.0,180585.0,136.22
802,Chlamydia,274.0,Colorado,2005.0,Male,40+ years,40+,317.0,942794.0,33.62
803,Chlamydia,274.0,Colorado,2005.0,Male,Unknown,99,21.0,,
804,Chlamydia,274.0,Colorado,2006.0,Male,0-14 years,0-14,16.0,498299.0,3.21
805,Chlamydia,274.0,Colorado,2006.0,Male,15-19 years,15-19,686.0,165018.0,415.71
806,Chlamydia,274.0,Colorado,2006.0,Male,20-24 years,20-24,1672.0,177646.0,941.2
807,Chlamydia,274.0,Colorado,2006.0,Male,25-29 years,25-29,972.0,193521.0,502.27
808,Chlamydia,274.0,Colorado,2006.0,Male,30-34 years,30-34,394.0,182729.0,215.62
809,Chlamydia,274.0,Colorado,2006.0,Male,35-39 years,35-39,238.0,184210.0,129.2
810,Chlamydia,274.0,Colorado,2006.0,Male,40+ years,40+,281.0,991581.0,28.34
811,Chlamydia,274.0,Colorado,2006.0,Male,Unknown,99,17.0,,
812,Chlamydia,274.0,Colorado,2007.0,Male,0-14 years,0-14,43.0,507718.0,8.47
813,Chlamydia,274.0,Colorado,2007.0,Male,15-19 years,15-19,952.0,166265.0,572.58
814,Chlamydia,274.0,Colorado,2007.0,Male,20-24 years,20-24,1592.0,179099.0,888.89
815,Chlamydia,274.0,Colorado,2007.0,Male,25-29 years,25-29,971.0,200607.0,484.03
816,Chlamydia,274.0,Colorado,2007.0,Male,30-34 years,30-34,437.0,184460.0,236.91
817,Chlamydia,274.0,Colorado,2007.0,Male,35-39 years,35-39,229.0,190355.0,120.3
818,Chlamydia,274.0,Colorado,2007.0,Male,40+ years,40+,251.0,1022078.0,24.56
819,Chlamydia,274.0,Colorado,2007.0,Male,Unknown,99,4.0,,
820,Chlamydia,274.0,Colorado,2008.0,Male,0-14 years,0-14,35.0,516019.0,6.78
821,Chlamydia,274.0,Colorado,2008.0,Male,15-19 years,15-19,1107.0,167390.0,661.33
822,Chlamydia,274.0,Colorado,2008.0,Male,20-24 years,20-24,1966.0,180496.0,1089.22
823,Chlamydia,274.0,Colorado,2008.0,Male,25-29 years,25-29,1155.0,203612.0,567.25
824,Chlamydia,274.0,Colorado,2008.0,Male,30-34 years,30-34,459.0,186967.0,245.5
825,Chlamydia,274.0,Colorado,2008.0,Male,35-39 years,35-39,284.0,191878.0,148.01
826,Chlamydia,274.0,Colorado,2008.0,Male,40+ years,40+,306.0,1044679.0,29.29
827,Chlamydia,274.0,Colorado,2008.0,Male,Unknown,99,7.0,,
828,Chlamydia,274.0,Colorado,2009.0,Male,0-14 years,0-14,26.0,527257.0,4.93
829,Chlamydia,274.0,Colorado,2009.0,Male,15-19 years,15-19,1080.0,173065.0,624.04
830,Chlamydia,274.0,Colorado,2009.0,Male,20-24 years,20-24,1949.0,191035.0,1020.23
831,Chlamydia,274.0,Colorado,2009.0,Male,25-29 years,25-29,1108.0,198683.0,557.67
832,Chlamydia,274.0,Colorado,2009.0,Male,30-34 years,30-34,547.0,183735.0,297.71
833,Chlamydia,274.0,Colorado,2009.0,Male,35-39 years,35-39,243.0,190344.0,127.66
834,Chlamydia,274.0,Colorado,2009.0,Male,40+ years,40+,273.0,1066966.0,25.59
835,Chlamydia,274.0,Colorado,2009.0,Male,Unknown,99,2.0,,
836,Chlamydia,274.0,Colorado,2010.0,Male,0-14 years,0-14,21.0,524335.0,4.01
837,Chlamydia,274.0,Colorado,2010.0,Male,15-19 years,15-19,1062.0,175730.0,604.34
838,Chlamydia,274.0,Colorado,2010.0,Male,20-24 years,20-24,2023.0,181765.0,1112.98
839,Chlamydia,274.0,Colorado,2010.0,Male,25-29 years,25-29,1049.0,192007.0,546.33
840,Chlamydia,274.0,Colorado,2010.0,Male,30-34 years,30-34,517.0,181317.0,285.14
841,Chlamydia,274.0,Colorado,2010.0,Male,35-39 years,35-39,273.0,182350.0,149.71
842,Chlamydia,274.0,Colorado,2010.0,Male,40+ years,40+,312.0,1083158.0,28.8
843,Chlamydia,274.0,Colorado,2010.0,Male,Unknown,99,2.0,,
844,Chlamydia,274.0,Colorado,2011.0,Male,0-14 years,0-14,22.0,527363.0,4.17
845,Chlamydia,274.0,Colorado,2011.0,Male,15-19 years,15-19,1153.0,176243.0,654.21
846,Chlamydia,274.0,Colorado,2011.0,Male,20-24 years,20-24,2270.0,187764.0,1208.96
847,Chlamydia,274.0,Colorado,2011.0,Male,25-29 years,25-29,1349.0,196445.0,686.71
848,Chlamydia,274.0,Colorado,2011.0,Male,30-34 years,30-34,600.0,188335.0,318.58
849,Chlamydia,274.0,Colorado,2011.0,Male,35-39 years,35-39,309.0,178373.0,173.23
850,Chlamydia,274.0,Colorado,2011.0,Male,40+ years,40+,354.0,1112672.0,31.82
851,Chlamydia,274.0,Colorado,2012.0,Male,0-14 years,0-14,18.0,528890.0,3.4
852,Chlamydia,274.0,Colorado,2012.0,Male,15-19 years,15-19,1116.0,175945.0,634.29
853,Chlamydia,274.0,Colorado,2012.0,Male,20-24 years,20-24,2306.0,190417.0,1211.03
854,Chlamydia,274.0,Colorado,2012.0,Male,25-29 years,25-29,1288.0,199981.0,644.06
855,Chlamydia,274.0,Colorado,2012.0,Male,30-34 years,30-34,702.0,193883.0,362.07
856,Chlamydia,274.0,Colorado,2012.0,Male,35-39 years,35-39,328.0,178123.0,184.14
857,Chlamydia,274.0,Colorado,2012.0,Male,40+ years,40+,396.0,1136466.0,34.84
858,Chlamydia,274.0,Colorado,2012.0,Male,Unknown,99,1.0,,
859,Chlamydia,274.0,Colorado,2013.0,Male,0-14 years,0-14,13.0,532070.0,2.44
860,Chlamydia,274.0,Colorado,2013.0,Male,15-19 years,15-19,966.0,175756.0,549.63
861,Chlamydia,274.0,Colorado,2013.0,Male,20-24 years,20-24,2271.0,195885.0,1159.35
862,Chlamydia,274.0,Colorado,2013.0,Male,25-29 years,25-29,1386.0,204111.0,679.04
863,Chlamydia,274.0,Colorado,2013.0,Male,30-34 years,30-34,700.0,200185.0,349.68
864,Chlamydia,274.0,Colorado,2013.0,Male,35-39 years,35-39,327.0,181134.0,180.53
865,Chlamydia,274.0,Colorado,2013.0,Male,40+ years,40+,386.0,1157305.0,33.35
866,Chlamydia,274.0,Colorado,2013.0,Male,Unknown,99,1.0,,
867,Chlamydia,274.0,Colorado,2014.0,Male,0-14 years,0-14,16.0,532070.0,3.01
868,Chlamydia,274.0,Colorado,2014.0,Male,15-19 years,15-19,1023.0,175756.0,582.06
869,Chlamydia,274.0,Colorado,2014.0,Male,20-24 years,20-24,2510.0,195885.0,1281.36
870,Chlamydia,274.0,Colorado,2014.0,Male,25-29 years,25-29,1601.0,204111.0,784.38
871,Chlamydia,274.0,Colorado,2014.0,Male,30-34 years,30-34,856.0,200185.0,427.6
872,Chlamydia,274.0,Colorado,2014.0,Male,35-39 years,35-39,405.0,181134.0,223.59
873,Chlamydia,274.0,Colorado,2014.0,Male,40+ years,40+,545.0,1157305.0,47.09
874,Chlamydia,274.0,Colorado,2014.0,Male,Unknown,99,1.0,,
875,Chlamydia,274.0,Connecticut,1996.0,Male,0-14 years,0-14,19.0,352285.0,5.39
876,Chlamydia,274.0,Connecticut,1996.0,Male,15-19 years,15-19,281.0,103778.0,270.77
877,Chlamydia,274.0,Connecticut,1996.0,Male,20-24 years,20-24,271.0,96246.0,281.57
878,Chlamydia,274.0,Connecticut,1996.0,Male,25-29 years,25-29,182.0,115373.0,157.75
879,Chlamydia,274.0,Connecticut,1996.0,Male,30-34 years,30-34,88.0,137764.0,63.88
880,Chlamydia,274.0,Connecticut,1996.0,Male,35-39 years,35-39,45.0,145684.0,30.89
881,Chlamydia,274.0,Connecticut,1996.0,Male,40+ years,40+,42.0,663770.0,6.33
882,Chlamydia,274.0,Connecticut,1996.0,Male,Unknown,99,20.0,,
883,Chlamydia,274.0,Connecticut,1997.0,Male,0-14 years,0-14,14.0,352449.0,3.97
884,Chlamydia,274.0,Connecticut,1997.0,Male,15-19 years,15-19,296.0,105613.0,280.27
885,Chlamydia,274.0,Connecticut,1997.0,Male,20-24 years,20-24,344.0,94469.0,364.14
886,Chlamydia,274.0,Connecticut,1997.0,Male,25-29 years,25-29,214.0,111914.0,191.22
887,Chlamydia,274.0,Connecticut,1997.0,Male,30-34 years,30-34,93.0,133706.0,69.56
888,Chlamydia,274.0,Connecticut,1997.0,Male,35-39 years,35-39,51.0,145932.0,34.95
889,Chlamydia,274.0,Connecticut,1997.0,Male,40+ years,40+,71.0,677046.0,10.49
890,Chlamydia,274.0,Connecticut,1997.0,Male,Unknown,99,12.0,,
891,Chlamydia,274.0,Connecticut,1998.0,Male,0-14 years,0-14,14.0,356478.0,3.93
892,Chlamydia,274.0,Connecticut,1998.0,Male,15-19 years,15-19,260.0,107935.0,240.89
893,Chlamydia,274.0,Connecticut,1998.0,Male,20-24 years,20-24,382.0,93560.0,408.29
894,Chlamydia,274.0,Connecticut,1998.0,Male,25-29 years,25-29,221.0,107607.0,205.38
895,Chlamydia,274.0,Connecticut,1998.0,Male,30-34 years,30-34,138.0,128840.0,107.11
896,Chlamydia,274.0,Connecticut,1998.0,Male,35-39 years,35-39,51.0,144639.0,35.26
897,Chlamydia,274.0,Connecticut,1998.0,Male,40+ years,40+,49.0,689107.0,7.11
898,Chlamydia,274.0,Connecticut,1998.0,Male,Unknown,99,34.0,,
899,Chlamydia,274.0,Connecticut,1999.0,Male,0-14 years,0-14,23.0,360367.0,6.38
900,Chlamydia,274.0,Connecticut,1999.0,Male,15-19 years,15-19,357.0,109549.0,325.88
901,Chlamydia,274.0,Connecticut,1999.0,Male,20-24 years,20-24,428.0,94211.0,454.3
902,Chlamydia,274.0,Connecticut,1999.0,Male,25-29 years,25-29,241.0,103156.0,233.63
903,Chlamydia,274.0,Connecticut,1999.0,Male,30-34 years,30-34,121.0,124842.0,96.92
904,Chlamydia,274.0,Connecticut,1999.0,Male,35-39 years,35-39,76.0,143763.0,52.86
905,Chlamydia,274.0,Connecticut,1999.0,Male,40+ years,40+,84.0,703365.0,11.94
906,Chlamydia,274.0,Connecticut,1999.0,Male,Unknown,99,39.0,,
907,Chlamydia,274.0,Connecticut,2000.0,Male,0-14 years,0-14,16.0,369721.0,4.33
908,Chlamydia,274.0,Connecticut,2000.0,Male,15-19 years,15-19,257.0,112486.0,228.47
909,Chlamydia,274.0,Connecticut,2000.0,Male,20-24 years,20-24,516.0,95281.0,541.56
910,Chlamydia,274.0,Connecticut,2000.0,Male,25-29 years,25-29,246.0,98034.0,250.93
911,Chlamydia,274.0,Connecticut,2000.0,Male,30-34 years,30-34,148.0,121417.0,121.89
912,Chlamydia,274.0,Connecticut,2000.0,Male,35-39 years,35-39,76.0,141064.0,53.88
913,Chlamydia,274.0,Connecticut,2000.0,Male,40+ years,40+,64.0,715099.0,8.95
914,Chlamydia,274.0,Connecticut,2000.0,Male,Unknown,99,43.0,,
915,Chlamydia,274.0,Connecticut,2001.0,Male,0-14 years,0-14,17.0,368570.0,4.61
916,Chlamydia,274.0,Connecticut,2001.0,Male,15-19 years,15-19,296.0,115118.0,257.13
917,Chlamydia,274.0,Connecticut,2001.0,Male,20-24 years,20-24,528.0,98474.0,536.18
918,Chlamydia,274.0,Connecticut,2001.0,Male,25-29 years,25-29,267.0,94686.0,281.99
919,Chlamydia,274.0,Connecticut,2001.0,Male,30-34 years,30-34,153.0,119162.0,128.4
920,Chlamydia,274.0,Connecticut,2001.0,Male,35-39 years,35-39,72.0,139378.0,51.66
921,Chlamydia,274.0,Connecticut,2001.0,Male,40+ years,40+,61.0,729762.0,8.36
922,Chlamydia,274.0,Connecticut,2001.0,Male,Unknown,99,51.0,,
923,Chlamydia,274.0,Connecticut,2002.0,Male,0-14 years,0-14,21.0,372955.0,5.63
924,Chlamydia,274.0,Connecticut,2002.0,Male,15-19 years,15-19,429.0,118241.0,362.82
925,Chlamydia,274.0,Connecticut,2002.0,Male,20-24 years,20-24,741.0,102098.0,725.77
926,Chlamydia,274.0,Connecticut,2002.0,Male,25-29 years,25-29,369.0,92724.0,397.95
927,Chlamydia,274.0,Connecticut,2002.0,Male,30-34 years,30-34,206.0,116533.0,176.77
928,Chlamydia,274.0,Connecticut,2002.0,Male,35-39 years,35-39,102.0,135850.0,75.08
929,Chlamydia,274.0,Connecticut,2002.0,Male,40+ years,40+,120.0,740825.0,16.2
930,Chlamydia,274.0,Connecticut,2002.0,Male,Unknown,99,82.0,,
931,Chlamydia,274.0,Connecticut,2003.0,Male,0-14 years,0-14,24.0,353878.0,6.78
932,Chlamydia,274.0,Connecticut,2003.0,Male,15-19 years,15-19,457.0,120588.0,378.98
933,Chlamydia,274.0,Connecticut,2003.0,Male,20-24 years,20-24,722.0,108175.0,667.44
934,Chlamydia,274.0,Connecticut,2003.0,Male,25-29 years,25-29,376.0,94169.0,399.28
935,Chlamydia,274.0,Connecticut,2003.0,Male,30-34 years,30-34,232.0,113263.0,204.83
936,Chlamydia,274.0,Connecticut,2003.0,Male,35-39 years,35-39,93.0,134724.0,69.03
937,Chlamydia,274.0,Connecticut,2003.0,Male,40+ years,40+,115.0,766408.0,15.01
938,Chlamydia,274.0,Connecticut,2003.0,Male,Unknown,99,65.0,,
939,Chlamydia,274.0,Connecticut,2004.0,Male,0-14 years,0-14,28.0,353651.0,7.92
940,Chlamydia,274.0,Connecticut,2004.0,Male,15-19 years,15-19,457.0,123570.0,369.83
941,Chlamydia,274.0,Connecticut,2004.0,Male,20-24 years,20-24,785.0,111041.0,706.95
942,Chlamydia,274.0,Connecticut,2004.0,Male,25-29 years,25-29,415.0,96084.0,431.91
943,Chlamydia,274.0,Connecticut,2004.0,Male,30-34 years,30-34,215.0,108569.0,198.03
944,Chlamydia,274.0,Connecticut,2004.0,Male,35-39 years,35-39,108.0,130230.0,82.93
945,Chlamydia,274.0,Connecticut,2004.0,Male,40+ years,40+,133.0,777041.0,17.12
946,Chlamydia,274.0,Connecticut,2004.0,Male,Unknown,99,27.0,,
947,Chlamydia,274.0,Connecticut,2005.0,Male,0-14 years,0-14,33.0,349081.0,9.45
948,Chlamydia,274.0,Connecticut,2005.0,Male,15-19 years,15-19,619.0,126648.0,488.76
949,Chlamydia,274.0,Connecticut,2005.0,Male,20-24 years,20-24,938.0,113220.0,828.48
950,Chlamydia,274.0,Connecticut,2005.0,Male,25-29 years,25-29,475.0,98305.0,483.19
951,Chlamydia,274.0,Connecticut,2005.0,Male,30-34 years,30-34,258.0,103665.0,248.88
952,Chlamydia,274.0,Connecticut,2005.0,Male,35-39 years,35-39,142.0,126574.0,112.19
953,Chlamydia,274.0,Connecticut,2005.0,Male,40+ years,40+,152.0,787538.0,19.3
954,Chlamydia,274.0,Connecticut,2005.0,Male,Unknown,99,39.0,,
955,Chlamydia,274.0,Connecticut,2006.0,Male,0-14 years,0-14,38.0,340585.0,11.16
956,Chlamydia,274.0,Connecticut,2006.0,Male,15-19 years,15-19,582.0,127815.0,455.35
957,Chlamydia,274.0,Connecticut,2006.0,Male,20-24 years,20-24,997.0,114136.0,873.52
958,Chlamydia,274.0,Connecticut,2006.0,Male,25-29 years,25-29,532.0,100678.0,528.42
959,Chlamydia,274.0,Connecticut,2006.0,Male,30-34 years,30-34,245.0,104663.0,234.09
960,Chlamydia,274.0,Connecticut,2006.0,Male,35-39 years,35-39,143.0,126026.0,113.47
961,Chlamydia,274.0,Connecticut,2006.0,Male,40+ years,40+,166.0,792285.0,20.95
962,Chlamydia,274.0,Connecticut,2006.0,Male,Unknown,99,38.0,,
963,Chlamydia,274.0,Connecticut,2007.0,Male,0-14 years,0-14,26.0,342422.0,7.59
964,Chlamydia,274.0,Connecticut,2007.0,Male,15-19 years,15-19,726.0,128376.0,565.53
965,Chlamydia,274.0,Connecticut,2007.0,Male,20-24 years,20-24,1035.0,114765.0,901.84
966,Chlamydia,274.0,Connecticut,2007.0,Male,25-29 years,25-29,559.0,101462.0,550.95
967,Chlamydia,274.0,Connecticut,2007.0,Male,30-34 years,30-34,245.0,101353.0,241.73
968,Chlamydia,274.0,Connecticut,2007.0,Male,35-39 years,35-39,131.0,121785.0,107.57
969,Chlamydia,274.0,Connecticut,2007.0,Male,40+ years,40+,132.0,796824.0,16.57
970,Chlamydia,274.0,Connecticut,2007.0,Male,Unknown,99,23.0,,
971,Chlamydia,274.0,Connecticut,2008.0,Male,0-14 years,0-14,13.0,339601.0,3.83
972,Chlamydia,274.0,Connecticut,2008.0,Male,15-19 years,15-19,774.0,128031.0,604.54
973,Chlamydia,274.0,Connecticut,2008.0,Male,20-24 years,20-24,1234.0,114956.0,1073.45
974,Chlamydia,274.0,Connecticut,2008.0,Male,25-29 years,25-29,627.0,104409.0,600.52
975,Chlamydia,274.0,Connecticut,2008.0,Male,30-34 years,30-34,259.0,99997.0,259.01
976,Chlamydia,274.0,Connecticut,2008.0,Male,35-39 years,35-39,154.0,117676.0,130.87
977,Chlamydia,274.0,Connecticut,2008.0,Male,40+ years,40+,183.0,802740.0,22.8
978,Chlamydia,274.0,Connecticut,2008.0,Male,Unknown,99,20.0,,
979,Chlamydia,274.0,Connecticut,2009.0,Male,0-14 years,0-14,15.0,338171.0,4.44
980,Chlamydia,274.0,Connecticut,2009.0,Male,15-19 years,15-19,714.0,129987.0,549.29
981,Chlamydia,274.0,Connecticut,2009.0,Male,20-24 years,20-24,1206.0,120397.0,1001.69
982,Chlamydia,274.0,Connecticut,2009.0,Male,25-29 years,25-29,629.0,108247.0,581.08
983,Chlamydia,274.0,Connecticut,2009.0,Male,30-34 years,30-34,286.0,100680.0,284.07
984,Chlamydia,274.0,Connecticut,2009.0,Male,35-39 years,35-39,137.0,111733.0,122.61
985,Chlamydia,274.0,Connecticut,2009.0,Male,40+ years,40+,184.0,808421.0,22.76
986,Chlamydia,274.0,Connecticut,2009.0,Male,Unknown,99,19.0,,
987,Chlamydia,274.0,Connecticut,2010.0,Male,0-14 years,0-14,23.0,340162.0,6.76
988,Chlamydia,274.0,Connecticut,2010.0,Male,15-19 years,15-19,713.0,128949.0,552.93
989,Chlamydia,274.0,Connecticut,2010.0,Male,20-24 years,20-24,1338.0,117117.0,1142.45
990,Chlamydia,274.0,Connecticut,2010.0,Male,25-29 years,25-29,655.0,107986.0,606.56
991,Chlamydia,274.0,Connecticut,2010.0,Male,30-34 years,30-34,309.0,102038.0,302.83
992,Chlamydia,274.0,Connecticut,2010.0,Male,35-39 years,35-39,144.0,108637.0,132.55
993,Chlamydia,274.0,Connecticut,2010.0,Male,40+ years,40+,228.0,834725.0,27.31
994,Chlamydia,274.0,Connecticut,2010.0,Male,Unknown,99,16.0,,
995,Chlamydia,274.0,Connecticut,2011.0,Male,0-14 years,0-14,22.0,334685.0,6.57
996,Chlamydia,274.0,Connecticut,2011.0,Male,15-19 years,15-19,809.0,129724.0,623.63
997,Chlamydia,274.0,Connecticut,2011.0,Male,20-24 years,20-24,1547.0,117219.0,1319.75
998,Chlamydia,274.0,Connecticut,2011.0,Male,25-29 years,25-29,695.0,110443.0,629.28
999,Chlamydia,274.0,Connecticut,2011.0,Male,30-34 years,30-34,310.0,104109.0,297.76
1000,Chlamydia,274.0,Connecticut,2011.0,Male,35-39 years,35-39,180.0,103709.0,173.56
1001,Chlamydia,274.0,Connecticut,2011.0,Male,40+ years,40+,238.0,844927.0,28.17
1002,Chlamydia,274.0,Connecticut,2011.0,Male,Unknown,99,24.0,,
1003,Chlamydia,274.0,Connecticut,2012.0,Male,0-14 years,0-14,16.0,330204.0,4.85
1004,Chlamydia,274.0,Connecticut,2012.0,Male,15-19 years,15-19,704.0,130690.0,538.68
1005,Chlamydia,274.0,Connecticut,2012.0,Male,20-24 years,20-24,1399.0,118759.0,1178.02
1006,Chlamydia,274.0,Connecticut,2012.0,Male,25-29 years,25-29,740.0,111730.0,662.31
1007,Chlamydia,274.0,Connecticut,2012.0,Male,30-34 years,30-34,313.0,106094.0,295.02
1008,Chlamydia,274.0,Connecticut,2012.0,Male,35-39 years,35-39,131.0,101879.0,128.58
1009,Chlamydia,274.0,Connecticut,2012.0,Male,40+ years,40+,207.0,850560.0,24.34
1010,Chlamydia,274.0,Connecticut,2012.0,Male,Unknown,99,14.0,,
1011,Chlamydia,274.0,Connecticut,2013.0,Male,0-14 years,0-14,25.0,326534.0,7.66
1012,Chlamydia,274.0,Connecticut,2013.0,Male,15-19 years,15-19,747.0,129674.0,576.06
1013,Chlamydia,274.0,Connecticut,2013.0,Male,20-24 years,20-24,1276.0,123082.0,1036.71
1014,Chlamydia,274.0,Connecticut,2013.0,Male,25-29 years,25-29,728.0,113116.0,643.59
1015,Chlamydia,274.0,Connecticut,2013.0,Male,30-34 years,30-34,343.0,107673.0,318.56
1016,Chlamydia,274.0,Connecticut,2013.0,Male,35-39 years,35-39,130.0,101767.0,127.74
1017,Chlamydia,274.0,Connecticut,2013.0,Male,40+ years,40+,220.0,852305.0,25.81
1018,Chlamydia,274.0,Connecticut,2013.0,Male,Unknown,99,12.0,,
1019,Chlamydia,274.0,Connecticut,2014.0,Male,0-14 years,0-14,23.0,326534.0,7.04
1020,Chlamydia,274.0,Connecticut,2014.0,Male,15-19 years,15-19,708.0,129674.0,545.99
1021,Chlamydia,274.0,Connecticut,2014.0,Male,20-24 years,20-24,1379.0,123082.0,1120.39
1022,Chlamydia,274.0,Connecticut,2014.0,Male,25-29 years,25-29,814.0,113116.0,719.62
1023,Chlamydia,274.0,Connecticut,2014.0,Male,30-34 years,30-34,379.0,107673.0,351.99
1024,Chlamydia,274.0,Connecticut,2014.0,Male,35-39 years,35-39,196.0,101767.0,192.6
1025,Chlamydia,274.0,Connecticut,2014.0,Male,40+ years,40+,251.0,852305.0,29.45
1026,Chlamydia,274.0,Connecticut,2014.0,Male,Unknown,99,7.0,,
1027,Chlamydia,274.0,Delaware,1996.0,Male,Unknown,99,394.0,,
1028,Chlamydia,274.0,Delaware,1997.0,Male,Unknown,99,542.0,,
1029,Chlamydia,274.0,Delaware,1998.0,Male,0-14 years,0-14,10.0,81053.0,12.34
1030,Chlamydia,274.0,Delaware,1998.0,Male,15-19 years,15-19,179.0,26829.0,667.19
1031,Chlamydia,274.0,Delaware,1998.0,Male,20-24 years,20-24,165.0,23883.0,690.87
1032,Chlamydia,274.0,Delaware,1998.0,Male,25-29 years,25-29,68.0,27664.0,245.81
1033,Chlamydia,274.0,Delaware,1998.0,Male,30-34 years,30-34,35.0,28851.0,121.31
1034,Chlamydia,274.0,Delaware,1998.0,Male,35-39 years,35-39,20.0,31907.0,62.68
1035,Chlamydia,274.0,Delaware,1998.0,Male,40+ years,40+,14.0,150166.0,9.32
1036,Chlamydia,274.0,Delaware,1999.0,Male,0-14 years,0-14,8.0,82419.0,9.71
1037,Chlamydia,274.0,Delaware,1999.0,Male,15-19 years,15-19,151.0,27531.0,548.47
1038,Chlamydia,274.0,Delaware,1999.0,Male,20-24 years,20-24,198.0,24823.0,797.65
1039,Chlamydia,274.0,Delaware,1999.0,Male,25-29 years,25-29,73.0,26448.0,276.01
1040,Chlamydia,274.0,Delaware,1999.0,Male,30-34 years,30-34,32.0,28492.0,112.31
1041,Chlamydia,274.0,Delaware,1999.0,Male,35-39 years,35-39,16.0,31894.0,50.17
1042,Chlamydia,274.0,Delaware,1999.0,Male,40+ years,40+,15.0,154651.0,9.7
1043,Chlamydia,274.0,Delaware,2000.0,Male,0-14 years,0-14,7.0,81212.0,8.62
1044,Chlamydia,274.0,Delaware,2000.0,Male,15-19 years,15-19,223.0,27684.0,805.52
1045,Chlamydia,274.0,Delaware,2000.0,Male,20-24 years,20-24,208.0,26350.0,789.37
1046,Chlamydia,274.0,Delaware,2000.0,Male,25-29 years,25-29,78.0,25498.0,305.91
1047,Chlamydia,274.0,Delaware,2000.0,Male,30-34 years,30-34,35.0,28799.0,121.53
1048,Chlamydia,274.0,Delaware,2000.0,Male,35-39 years,35-39,16.0,32055.0,49.91
1049,Chlamydia,274.0,Delaware,2000.0,Male,40+ years,40+,18.0,160261.0,11.23
1050,Chlamydia,274.0,Delaware,2001.0,Male,0-14 years,0-14,6.0,81497.0,7.36
1051,Chlamydia,274.0,Delaware,2001.0,Male,15-19 years,15-19,237.0,27738.0,854.42
1052,Chlamydia,274.0,Delaware,2001.0,Male,20-24 years,20-24,255.0,27637.0,922.68
1053,Chlamydia,274.0,Delaware,2001.0,Male,25-29 years,25-29,86.0,25033.0,343.55
1054,Chlamydia,274.0,Delaware,2001.0,Male,30-34 years,30-34,42.0,28905.0,145.3
1055,Chlamydia,274.0,Delaware,2001.0,Male,35-39 years,35-39,25.0,32154.0,77.75
1056,Chlamydia,274.0,Delaware,2001.0,Male,40+ years,40+,17.0,164004.0,10.37
1057,Chlamydia,274.0,Delaware,2002.0,Male,0-14 years,0-14,11.0,80817.0,13.61
1058,Chlamydia,274.0,Delaware,2002.0,Male,15-19 years,15-19,239.0,27905.0,856.48
1059,Chlamydia,274.0,Delaware,2002.0,Male,20-24 years,20-24,222.0,28976.0,766.15
1060,Chlamydia,274.0,Delaware,2002.0,Male,25-29 years,25-29,72.0,25305.0,284.53
1061,Chlamydia,274.0,Delaware,2002.0,Male,30-34 years,30-34,41.0,29028.0,141.24
1062,Chlamydia,274.0,Delaware,2002.0,Male,35-39 years,35-39,16.0,31886.0,50.18
1063,Chlamydia,274.0,Delaware,2002.0,Male,40+ years,40+,14.0,168458.0,8.31
1064,Chlamydia,274.0,Delaware,2003.0,Male,0-14 years,0-14,19.0,84933.0,22.37
1065,Chlamydia,274.0,Delaware,2003.0,Male,15-19 years,15-19,270.0,28492.0,947.63
1066,Chlamydia,274.0,Delaware,2003.0,Male,20-24 years,20-24,356.0,29297.0,1215.14
1067,Chlamydia,274.0,Delaware,2003.0,Male,25-29 years,25-29,131.0,25580.0,512.12
1068,Chlamydia,274.0,Delaware,2003.0,Male,30-34 years,30-34,56.0,27699.0,202.17
1069,Chlamydia,274.0,Delaware,2003.0,Male,35-39 years,35-39,28.0,30216.0,92.67
1070,Chlamydia,274.0,Delaware,2003.0,Male,40+ years,40+,20.0,171902.0,11.63
1071,Chlamydia,274.0,Delaware,2004.0,Male,0-14 years,0-14,6.0,82338.0,7.29
1072,Chlamydia,274.0,Delaware,2004.0,Male,15-19 years,15-19,252.0,28649.0,879.61
1073,Chlamydia,274.0,Delaware,2004.0,Male,20-24 years,20-24,344.0,30448.0,1129.8
1074,Chlamydia,274.0,Delaware,2004.0,Male,25-29 years,25-29,135.0,27018.0,499.67
1075,Chlamydia,274.0,Delaware,2004.0,Male,30-34 years,30-34,48.0,27708.0,173.24
1076,Chlamydia,274.0,Delaware,2004.0,Male,35-39 years,35-39,19.0,29948.0,63.44
1077,Chlamydia,274.0,Delaware,2004.0,Male,40+ years,40+,10.0,178567.0,5.6
1078,Chlamydia,274.0,Delaware,2005.0,Male,0-14 years,0-14,7.0,82941.0,8.44
1079,Chlamydia,274.0,Delaware,2005.0,Male,15-19 years,15-19,251.0,29249.0,858.15
1080,Chlamydia,274.0,Delaware,2005.0,Male,20-24 years,20-24,344.0,30466.0,1129.13
1081,Chlamydia,274.0,Delaware,2005.0,Male,25-29 years,25-29,165.0,28551.0,577.91
1082,Chlamydia,274.0,Delaware,2005.0,Male,30-34 years,30-34,63.0,26928.0,233.96
1083,Chlamydia,274.0,Delaware,2005.0,Male,35-39 years,35-39,30.0,29757.0,100.82
1084,Chlamydia,274.0,Delaware,2005.0,Male,40+ years,40+,39.0,183414.0,21.26
1085,Chlamydia,274.0,Delaware,2006.0,Male,0-14 years,0-14,6.0,85550.0,7.01
1086,Chlamydia,274.0,Delaware,2006.0,Male,15-19 years,15-19,271.0,30747.0,881.39
1087,Chlamydia,274.0,Delaware,2006.0,Male,20-24 years,20-24,379.0,29352.0,1291.22
1088,Chlamydia,274.0,Delaware,2006.0,Male,25-29 years,25-29,182.0,27656.0,658.09
1089,Chlamydia,274.0,Delaware,2006.0,Male,30-34 years,30-34,71.0,25679.0,276.49
1090,Chlamydia,274.0,Delaware,2006.0,Male,35-39 years,35-39,39.0,30010.0,129.96
1091,Chlamydia,274.0,Delaware,2006.0,Male,40+ years,40+,42.0,185250.0,22.67
1092,Chlamydia,274.0,Delaware,2007.0,Male,0-14 years,0-14,4.0,86518.0,4.62
1093,Chlamydia,274.0,Delaware,2007.0,Male,15-19 years,15-19,235.0,31237.0,752.31
1094,Chlamydia,274.0,Delaware,2007.0,Male,20-24 years,20-24,344.0,30098.0,1142.93
1095,Chlamydia,274.0,Delaware,2007.0,Male,25-29 years,25-29,194.0,27224.0,712.61
1096,Chlamydia,274.0,Delaware,2007.0,Male,30-34 years,30-34,63.0,25326.0,248.76
1097,Chlamydia,274.0,Delaware,2007.0,Male,35-39 years,35-39,47.0,29605.0,158.76
1098,Chlamydia,274.0,Delaware,2007.0,Male,40+ years,40+,38.0,189286.0,20.08
1099,Chlamydia,274.0,Delaware,2008.0,Male,0-14 years,0-14,5.0,86962.0,5.75
1100,Chlamydia,274.0,Delaware,2008.0,Male,15-19 years,15-19,318.0,31251.0,1017.57
1101,Chlamydia,274.0,Delaware,2008.0,Male,20-24 years,20-24,353.0,29661.0,1190.11
1102,Chlamydia,274.0,Delaware,2008.0,Male,25-29 years,25-29,228.0,27647.0,824.68
1103,Chlamydia,274.0,Delaware,2008.0,Male,30-34 years,30-34,90.0,25970.0,346.55
1104,Chlamydia,274.0,Delaware,2008.0,Male,35-39 years,35-39,44.0,28958.0,151.94
1105,Chlamydia,274.0,Delaware,2008.0,Male,40+ years,40+,41.0,192887.0,21.26
1106,Chlamydia,274.0,Delaware,2009.0,Male,0-14 years,0-14,5.0,87622.0,5.71
1107,Chlamydia,274.0,Delaware,2009.0,Male,15-19 years,15-19,299.0,31110.0,961.11
1108,Chlamydia,274.0,Delaware,2009.0,Male,20-24 years,20-24,445.0,29304.0,1518.56
1109,Chlamydia,274.0,Delaware,2009.0,Male,25-29 years,25-29,198.0,30224.0,655.11
1110,Chlamydia,274.0,Delaware,2009.0,Male,30-34 years,30-34,95.0,27247.0,348.66
1111,Chlamydia,274.0,Delaware,2009.0,Male,35-39 years,35-39,51.0,27668.0,184.33
1112,Chlamydia,274.0,Delaware,2009.0,Male,40+ years,40+,52.0,196487.0,26.46
1113,Chlamydia,274.0,Delaware,2010.0,Male,0-14 years,0-14,3.0,86145.0,3.48
1114,Chlamydia,274.0,Delaware,2010.0,Male,15-19 years,15-19,302.0,32652.0,924.9
1115,Chlamydia,274.0,Delaware,2010.0,Male,20-24 years,20-24,461.0,31493.0,1463.82
1116,Chlamydia,274.0,Delaware,2010.0,Male,25-29 years,25-29,213.0,28719.0,741.67
1117,Chlamydia,274.0,Delaware,2010.0,Male,30-34 years,30-34,104.0,26409.0,393.81
1118,Chlamydia,274.0,Delaware,2010.0,Male,35-39 years,35-39,42.0,27059.0,155.22
1119,Chlamydia,274.0,Delaware,2010.0,Male,40+ years,40+,43.0,202462.0,21.24
1120,Chlamydia,274.0,Delaware,2011.0,Male,0-14 years,0-14,6.0,86178.0,6.96
1121,Chlamydia,274.0,Delaware,2011.0,Male,15-19 years,15-19,346.0,31485.0,1098.94
1122,Chlamydia,274.0,Delaware,2011.0,Male,20-24 years,20-24,546.0,32626.0,1673.51
1123,Chlamydia,274.0,Delaware,2011.0,Male,25-29 years,25-29,224.0,29392.0,762.11
1124,Chlamydia,274.0,Delaware,2011.0,Male,30-34 years,30-34,92.0,27399.0,335.78
1125,Chlamydia,274.0,Delaware,2011.0,Male,35-39 years,35-39,47.0,25835.0,181.92
1126,Chlamydia,274.0,Delaware,2011.0,Male,40+ years,40+,56.0,206921.0,27.06
1127,Chlamydia,274.0,Delaware,2012.0,Male,0-14 years,0-14,5.0,86751.0,5.76
1128,Chlamydia,274.0,Delaware,2012.0,Male,15-19 years,15-19,274.0,31197.0,878.29
1129,Chlamydia,274.0,Delaware,2012.0,Male,20-24 years,20-24,527.0,33263.0,1584.34
1130,Chlamydia,274.0,Delaware,2012.0,Male,25-29 years,25-29,233.0,29785.0,782.27
1131,Chlamydia,274.0,Delaware,2012.0,Male,30-34 years,30-34,104.0,28158.0,369.34
1132,Chlamydia,274.0,Delaware,2012.0,Male,35-39 years,35-39,57.0,25405.0,224.37
1133,Chlamydia,274.0,Delaware,2012.0,Male,40+ years,40+,57.0,209799.0,27.17
1134,Chlamydia,274.0,Delaware,2013.0,Male,0-14 years,0-14,1.0,86492.0,1.16
1135,Chlamydia,274.0,Delaware,2013.0,Male,15-19 years,15-19,322.0,30197.0,1066.33
1136,Chlamydia,274.0,Delaware,2013.0,Male,20-24 years,20-24,607.0,32989.0,1840.01
1137,Chlamydia,274.0,Delaware,2013.0,Male,25-29 years,25-29,287.0,30739.0,933.67
1138,Chlamydia,274.0,Delaware,2013.0,Male,30-34 years,30-34,121.0,28901.0,418.67
1139,Chlamydia,274.0,Delaware,2013.0,Male,35-39 years,35-39,63.0,25501.0,247.05
1140,Chlamydia,274.0,Delaware,2013.0,Male,40+ years,40+,98.0,213128.0,45.98
1141,Chlamydia,274.0,Delaware,2014.0,Male,0-14 years,0-14,2.0,86492.0,2.31
1142,Chlamydia,274.0,Delaware,2014.0,Male,15-19 years,15-19,296.0,30197.0,980.23
1143,Chlamydia,274.0,Delaware,2014.0,Male,20-24 years,20-24,562.0,32989.0,1703.6
1144,Chlamydia,274.0,Delaware,2014.0,Male,25-29 years,25-29,248.0,30739.0,806.79
1145,Chlamydia,274.0,Delaware,2014.0,Male,30-34 years,30-34,138.0,28901.0,477.49
1146,Chlamydia,274.0,Delaware,2014.0,Male,35-39 years,35-39,60.0,25501.0,235.28
1147,Chlamydia,274.0,Delaware,2014.0,Male,40+ years,40+,83.0,213128.0,38.94
1148,Chlamydia,274.0,District of Columbia,1996.0,Male,0-14 years,0-14,6.0,52283.0,11.48
1149,Chlamydia,274.0,District of Columbia,1996.0,Male,15-19 years,15-19,71.0,15939.0,445.45
1150,Chlamydia,274.0,District of Columbia,1996.0,Male,20-24 years,20-24,63.0,20895.0,301.51
1151,Chlamydia,274.0,District of Columbia,1996.0,Male,25-29 years,25-29,30.0,30335.0,98.9
1152,Chlamydia,274.0,District of Columbia,1996.0,Male,30-34 years,30-34,23.0,26666.0,86.25
1153,Chlamydia,274.0,District of Columbia,1996.0,Male,35-39 years,35-39,13.0,23463.0,55.41
1154,Chlamydia,274.0,District of Columbia,1996.0,Male,40+ years,40+,11.0,98787.0,11.14
1155,Chlamydia,274.0,District of Columbia,1996.0,Male,Unknown,99,17.0,,
1156,Chlamydia,274.0,District of Columbia,1997.0,Male,0-14 years,0-14,19.0,51515.0,36.88
1157,Chlamydia,274.0,District of Columbia,1997.0,Male,15-19 years,15-19,154.0,16386.0,939.83
1158,Chlamydia,274.0,District of Columbia,1997.0,Male,20-24 years,20-24,85.0,20098.0,422.93
1159,Chlamydia,274.0,District of Columbia,1997.0,Male,25-29 years,25-29,51.0,30110.0,169.38
1160,Chlamydia,274.0,District of Columbia,1997.0,Male,30-34 years,30-34,37.0,26008.0,142.26
1161,Chlamydia,274.0,District of Columbia,1997.0,Male,35-39 years,35-39,19.0,23403.0,81.19
1162,Chlamydia,274.0,District of Columbia,1997.0,Male,40+ years,40+,26.0,99473.0,26.14
1163,Chlamydia,274.0,District of Columbia,1997.0,Male,Unknown,99,20.0,,
1164,Chlamydia,274.0,District of Columbia,1998.0,Male,0-14 years,0-14,14.0,49068.0,28.53
1165,Chlamydia,274.0,District of Columbia,1998.0,Male,15-19 years,15-19,162.0,16779.0,965.49
1166,Chlamydia,274.0,District of Columbia,1998.0,Male,20-24 years,20-24,98.0,20730.0,472.75
1167,Chlamydia,274.0,District of Columbia,1998.0,Male,25-29 years,25-29,60.0,28997.0,206.92
1168,Chlamydia,274.0,District of Columbia,1998.0,Male,30-34 years,30-34,48.0,25302.0,189.71
1169,Chlamydia,274.0,District of Columbia,1998.0,Male,35-39 years,35-39,23.0,23522.0,97.78
1170,Chlamydia,274.0,District of Columbia,1998.0,Male,40+ years,40+,36.0,101502.0,35.47
1171,Chlamydia,274.0,District of Columbia,1998.0,Male,Unknown,99,19.0,,
1172,Chlamydia,274.0,District of Columbia,1999.0,Male,0-14 years,0-14,10.0,49429.0,20.23
1173,Chlamydia,274.0,District of Columbia,1999.0,Male,15-19 years,15-19,90.0,17504.0,514.17
1174,Chlamydia,274.0,District of Columbia,1999.0,Male,20-24 years,20-24,82.0,22206.0,369.27
1175,Chlamydia,274.0,District of Columbia,1999.0,Male,25-29 years,25-29,55.0,27159.0,202.51
1176,Chlamydia,274.0,District of Columbia,1999.0,Male,30-34 years,30-34,28.0,24779.0,113.0
1177,Chlamydia,274.0,District of Columbia,1999.0,Male,35-39 years,35-39,26.0,23599.0,110.17
1178,Chlamydia,274.0,District of Columbia,1999.0,Male,40+ years,40+,25.0,103740.0,24.1
1179,Chlamydia,274.0,District of Columbia,1999.0,Male,Unknown,99,1.0,,
1180,Chlamydia,274.0,District of Columbia,2000.0,Male,0-14 years,0-14,10.0,47039.0,21.26
1181,Chlamydia,274.0,District of Columbia,2000.0,Male,15-19 years,15-19,107.0,17070.0,626.83
1182,Chlamydia,274.0,District of Columbia,2000.0,Male,20-24 years,20-24,88.0,24223.0,363.29
1183,Chlamydia,274.0,District of Columbia,2000.0,Male,25-29 years,25-29,66.0,25560.0,258.22
1184,Chlamydia,274.0,District of Columbia,2000.0,Male,30-34 years,30-34,55.0,25042.0,219.63
1185,Chlamydia,274.0,District of Columbia,2000.0,Male,35-39 years,35-39,29.0,23628.0,122.74
1186,Chlamydia,274.0,District of Columbia,2000.0,Male,40+ years,40+,35.0,106580.0,32.84
1187,Chlamydia,274.0,District of Columbia,2000.0,Male,Unknown,99,15.0,,
1188,Chlamydia,274.0,District of Columbia,2001.0,Male,0-14 years,0-14,11.0,48530.0,22.67
1189,Chlamydia,274.0,District of Columbia,2001.0,Male,15-19 years,15-19,99.0,14836.0,667.3
1190,Chlamydia,274.0,District of Columbia,2001.0,Male,20-24 years,20-24,119.0,25009.0,475.83
1191,Chlamydia,274.0,District of Columbia,2001.0,Male,25-29 years,25-29,76.0,25328.0,300.06
1192,Chlamydia,274.0,District of Columbia,2001.0,Male,30-34 years,30-34,53.0,25435.0,208.37
1193,Chlamydia,274.0,District of Columbia,2001.0,Male,35-39 years,35-39,30.0,23449.0,127.94
1194,Chlamydia,274.0,District of Columbia,2001.0,Male,40+ years,40+,55.0,107917.0,50.97
1195,Chlamydia,274.0,District of Columbia,2001.0,Male,Unknown,99,8.0,,
1196,Chlamydia,274.0,District of Columbia,2002.0,Male,0-14 years,0-14,13.0,48700.0,26.69
1197,Chlamydia,274.0,District of Columbia,2002.0,Male,15-19 years,15-19,88.0,13816.0,636.94
1198,Chlamydia,274.0,District of Columbia,2002.0,Male,20-24 years,20-24,142.0,24918.0,569.87
1199,Chlamydia,274.0,District of Columbia,2002.0,Male,25-29 years,25-29,69.0,25109.0,274.8
1200,Chlamydia,274.0,District of Columbia,2002.0,Male,30-34 years,30-34,44.0,25707.0,171.16
1201,Chlamydia,274.0,District of Columbia,2002.0,Male,35-39 years,35-39,38.0,23033.0,164.98
1202,Chlamydia,274.0,District of Columbia,2002.0,Male,40+ years,40+,54.0,108365.0,49.83
1203,Chlamydia,274.0,District of Columbia,2002.0,Male,Unknown,99,11.0,,
1204,Chlamydia,274.0,District of Columbia,2003.0,Male,0-14 years,0-14,2.0,47208.0,4.24
1205,Chlamydia,274.0,District of Columbia,2003.0,Male,15-19 years,15-19,104.0,13275.0,783.43
1206,Chlamydia,274.0,District of Columbia,2003.0,Male,20-24 years,20-24,124.0,24403.0,508.13
1207,Chlamydia,274.0,District of Columbia,2003.0,Male,25-29 years,25-29,69.0,26098.0,264.39
1208,Chlamydia,274.0,District of Columbia,2003.0,Male,30-34 years,30-34,63.0,25463.0,247.42
1209,Chlamydia,274.0,District of Columbia,2003.0,Male,35-39 years,35-39,29.0,22104.0,131.2
1210,Chlamydia,274.0,District of Columbia,2003.0,Male,40+ years,40+,46.0,107537.0,42.78
1211,Chlamydia,274.0,District of Columbia,2003.0,Male,Unknown,99,13.0,,
1212,Chlamydia,274.0,District of Columbia,2004.0,Male,0-14 years,0-14,3.0,47622.0,6.3
1213,Chlamydia,274.0,District of Columbia,2004.0,Male,15-19 years,15-19,135.0,13192.0,1023.35
1214,Chlamydia,274.0,District of Columbia,2004.0,Male,20-24 years,20-24,178.0,22339.0,796.81
1215,Chlamydia,274.0,District of Columbia,2004.0,Male,25-29 years,25-29,76.0,26358.0,288.34
1216,Chlamydia,274.0,District of Columbia,2004.0,Male,30-34 years,30-34,58.0,24420.0,237.51
1217,Chlamydia,274.0,District of Columbia,2004.0,Male,35-39 years,35-39,33.0,21263.0,155.2
1218,Chlamydia,274.0,District of Columbia,2004.0,Male,40+ years,40+,45.0,106536.0,42.24
1219,Chlamydia,274.0,District of Columbia,2004.0,Male,Unknown,99,1.0,,
1220,Chlamydia,274.0,District of Columbia,2005.0,Male,0-14 years,0-14,12.0,48779.0,24.6
1221,Chlamydia,274.0,District of Columbia,2005.0,Male,15-19 years,15-19,182.0,13751.0,1323.54
1222,Chlamydia,274.0,District of Columbia,2005.0,Male,20-24 years,20-24,214.0,19966.0,1071.82
1223,Chlamydia,274.0,District of Columbia,2005.0,Male,25-29 years,25-29,99.0,27347.0,362.01
1224,Chlamydia,274.0,District of Columbia,2005.0,Male,30-34 years,30-34,57.0,23246.0,245.2
1225,Chlamydia,274.0,District of Columbia,2005.0,Male,35-39 years,35-39,43.0,21071.0,204.07
1226,Chlamydia,274.0,District of Columbia,2005.0,Male,40+ years,40+,70.0,106978.0,65.43
1227,Chlamydia,274.0,District of Columbia,2005.0,Male,Unknown,99,4.0,,
1228,Chlamydia,274.0,District of Columbia,2006.0,Male,0-14 years,0-14,8.0,48391.0,16.53
1229,Chlamydia,274.0,District of Columbia,2006.0,Male,15-19 years,15-19,219.0,18658.0,1173.76
1230,Chlamydia,274.0,District of Columbia,2006.0,Male,20-24 years,20-24,245.0,23426.0,1045.85
1231,Chlamydia,274.0,District of Columbia,2006.0,Male,25-29 years,25-29,127.0,25867.0,490.97
1232,Chlamydia,274.0,District of Columbia,2006.0,Male,30-34 years,30-34,75.0,23375.0,320.86
1233,Chlamydia,274.0,District of Columbia,2006.0,Male,35-39 years,35-39,60.0,21851.0,274.59
1234,Chlamydia,274.0,District of Columbia,2006.0,Male,40+ years,40+,80.0,111096.0,72.01
1235,Chlamydia,274.0,District of Columbia,2006.0,Male,Unknown,99,5.0,,
1236,Chlamydia,274.0,District of Columbia,2007.0,Male,0-14 years,0-14,15.0,48015.0,31.24
1237,Chlamydia,274.0,District of Columbia,2007.0,Male,15-19 years,15-19,563.0,19240.0,2926.2
1238,Chlamydia,274.0,District of Columbia,2007.0,Male,20-24 years,20-24,603.0,24471.0,2464.14
1239,Chlamydia,274.0,District of Columbia,2007.0,Male,25-29 years,25-29,333.0,28387.0,1173.07
1240,Chlamydia,274.0,District of Columbia,2007.0,Male,30-34 years,30-34,203.0,23823.0,852.12
1241,Chlamydia,274.0,District of Columbia,2007.0,Male,35-39 years,35-39,135.0,22229.0,607.32
1242,Chlamydia,274.0,District of Columbia,2007.0,Male,40+ years,40+,170.0,111942.0,151.86
1243,Chlamydia,274.0,District of Columbia,2007.0,Male,Unknown,99,12.0,,
1244,Chlamydia,274.0,District of Columbia,2008.0,Male,0-14 years,0-14,26.0,47477.0,54.76
1245,Chlamydia,274.0,District of Columbia,2008.0,Male,15-19 years,15-19,788.0,19539.0,4032.96
1246,Chlamydia,274.0,District of Columbia,2008.0,Male,20-24 years,20-24,687.0,24801.0,2770.05
1247,Chlamydia,274.0,District of Columbia,2008.0,Male,25-29 years,25-29,415.0,29061.0,1428.03
1248,Chlamydia,274.0,District of Columbia,2008.0,Male,30-34 years,30-34,201.0,23479.0,856.08
1249,Chlamydia,274.0,District of Columbia,2008.0,Male,35-39 years,35-39,120.0,22324.0,537.54
1250,Chlamydia,274.0,District of Columbia,2008.0,Male,40+ years,40+,197.0,113199.0,174.03
1251,Chlamydia,274.0,District of Columbia,2008.0,Male,Unknown,99,4.0,,
1252,Chlamydia,274.0,District of Columbia,2009.0,Male,0-14 years,0-14,19.0,48700.0,39.01
1253,Chlamydia,274.0,District of Columbia,2009.0,Male,15-19 years,15-19,811.0,19715.0,4113.62
1254,Chlamydia,274.0,District of Columbia,2009.0,Male,20-24 years,20-24,738.0,22833.0,3232.16
1255,Chlamydia,274.0,District of Columbia,2009.0,Male,25-29 years,25-29,342.0,28405.0,1204.01
1256,Chlamydia,274.0,District of Columbia,2009.0,Male,30-34 years,30-34,161.0,25239.0,637.9
1257,Chlamydia,274.0,District of Columbia,2009.0,Male,35-39 years,35-39,138.0,22334.0,617.89
1258,Chlamydia,274.0,District of Columbia,2009.0,Male,40+ years,40+,179.0,115837.0,154.53
1259,Chlamydia,274.0,District of Columbia,2009.0,Male,Unknown,99,2.0,,
1260,Chlamydia,274.0,District of Columbia,2010.0,Male,0-14 years,0-14,20.0,42372.0,47.2
1261,Chlamydia,274.0,District of Columbia,2010.0,Male,15-19 years,15-19,685.0,18951.0,3614.58
1262,Chlamydia,274.0,District of Columbia,2010.0,Male,20-24 years,20-24,440.0,28801.0,1527.72
1263,Chlamydia,274.0,District of Columbia,2010.0,Male,25-29 years,25-29,237.0,32167.0,736.78
1264,Chlamydia,274.0,District of Columbia,2010.0,Male,30-34 years,30-34,140.0,26617.0,525.98
1265,Chlamydia,274.0,District of Columbia,2010.0,Male,35-39 years,35-39,98.0,21447.0,456.94
1266,Chlamydia,274.0,District of Columbia,2010.0,Male,40+ years,40+,169.0,113867.0,148.42
1267,Chlamydia,274.0,District of Columbia,2011.0,Male,0-14 years,0-14,18.0,45104.0,39.91
1268,Chlamydia,274.0,District of Columbia,2011.0,Male,15-19 years,15-19,699.0,18654.0,3747.19
1269,Chlamydia,274.0,District of Columbia,2011.0,Male,20-24 years,20-24,640.0,27531.0,2324.65
1270,Chlamydia,274.0,District of Columbia,2011.0,Male,25-29 years,25-29,383.0,33817.0,1132.57
1271,Chlamydia,274.0,District of Columbia,2011.0,Male,30-34 years,30-34,196.0,28833.0,679.78
1272,Chlamydia,274.0,District of Columbia,2011.0,Male,35-39 years,35-39,110.0,21636.0,508.41
1273,Chlamydia,274.0,District of Columbia,2011.0,Male,40+ years,40+,174.0,116646.0,149.17
1274,Chlamydia,274.0,District of Columbia,2011.0,Male,Unknown,99,5.0,,
1275,Chlamydia,274.0,District of Columbia,2012.0,Male,0-14 years,0-14,27.0,47250.0,57.14
1276,Chlamydia,274.0,District of Columbia,2012.0,Male,15-19 years,15-19,632.0,18409.0,3433.1
1277,Chlamydia,274.0,District of Columbia,2012.0,Male,20-24 years,20-24,716.0,27114.0,2640.7
1278,Chlamydia,274.0,District of Columbia,2012.0,Male,25-29 years,25-29,401.0,34790.0,1152.63
1279,Chlamydia,274.0,District of Columbia,2012.0,Male,30-34 years,30-34,217.0,30830.0,703.86
1280,Chlamydia,274.0,District of Columbia,2012.0,Male,35-39 years,35-39,109.0,22337.0,487.98
1281,Chlamydia,274.0,District of Columbia,2012.0,Male,40+ years,40+,238.0,118311.0,201.16
1282,Chlamydia,274.0,District of Columbia,2012.0,Male,Unknown,99,5.0,,
1283,Chlamydia,274.0,District of Columbia,2013.0,Male,0-14 years,0-14,21.0,48634.0,43.18
1284,Chlamydia,274.0,District of Columbia,2013.0,Male,15-19 years,15-19,537.0,17750.0,3025.35
1285,Chlamydia,274.0,District of Columbia,2013.0,Male,20-24 years,20-24,708.0,27109.0,2611.68
1286,Chlamydia,274.0,District of Columbia,2013.0,Male,25-29 years,25-29,440.0,35179.0,1250.75
1287,Chlamydia,274.0,District of Columbia,2013.0,Male,30-34 years,30-34,300.0,33116.0,905.91
1288,Chlamydia,274.0,District of Columbia,2013.0,Male,35-39 years,35-39,135.0,23711.0,569.36
1289,Chlamydia,274.0,District of Columbia,2013.0,Male,40+ years,40+,250.0,120751.0,207.04
1290,Chlamydia,274.0,District of Columbia,2013.0,Male,Unknown,99,9.0,,
1291,Chlamydia,274.0,District of Columbia,2014.0,Male,0-14 years,0-14,12.0,48634.0,24.67
1292,Chlamydia,274.0,District of Columbia,2014.0,Male,15-19 years,15-19,265.0,17750.0,1492.96
1293,Chlamydia,274.0,District of Columbia,2014.0,Male,20-24 years,20-24,474.0,27109.0,1748.5
1294,Chlamydia,274.0,District of Columbia,2014.0,Male,25-29 years,25-29,327.0,35179.0,929.53
1295,Chlamydia,274.0,District of Columbia,2014.0,Male,30-34 years,30-34,204.0,33116.0,616.02
1296,Chlamydia,274.0,District of Columbia,2014.0,Male,35-39 years,35-39,84.0,23711.0,354.27
1297,Chlamydia,274.0,District of Columbia,2014.0,Male,40+ years,40+,173.0,120751.0,143.27
1298,Chlamydia,274.0,District of Columbia,2014.0,Male,Unknown,99,16.0,,
1299,Chlamydia,274.0,Florida,1996.0,Male,0-14 years,0-14,38.0,1478902.0,2.57
1300,Chlamydia,274.0,Florida,1996.0,Male,15-19 years,15-19,1325.0,459035.0,288.65
1301,Chlamydia,274.0,Florida,1996.0,Male,20-24 years,20-24,1627.0,439682.0,370.04
1302,Chlamydia,274.0,Florida,1996.0,Male,25-29 years,25-29,807.0,492711.0,163.79
1303,Chlamydia,274.0,Florida,1996.0,Male,30-34 years,30-34,411.0,593562.0,69.24
1304,Chlamydia,274.0,Florida,1996.0,Male,35-39 years,35-39,193.0,598891.0,32.23
1305,Chlamydia,274.0,Florida,1996.0,Male,40+ years,40+,223.0,3164880.0,7.05
1306,Chlamydia,274.0,Florida,1997.0,Male,0-14 years,0-14,49.0,1502327.0,3.26
1307,Chlamydia,274.0,Florida,1997.0,Male,15-19 years,15-19,1261.0,478026.0,263.79
1308,Chlamydia,274.0,Florida,1997.0,Male,20-24 years,20-24,1701.0,445516.0,381.8
1309,Chlamydia,274.0,Florida,1997.0,Male,25-29 years,25-29,845.0,497938.0,169.7
1310,Chlamydia,274.0,Florida,1997.0,Male,30-34 years,30-34,482.0,583711.0,82.58
1311,Chlamydia,274.0,Florida,1997.0,Male,35-39 years,35-39,224.0,613941.0,36.49
1312,Chlamydia,274.0,Florida,1997.0,Male,40+ years,40+,255.0,3276399.0,7.78
1313,Chlamydia,274.0,Florida,1997.0,Male,Unknown,99,18.0,,
1314,Chlamydia,274.0,Florida,1998.0,Male,0-14 years,0-14,38.0,1522308.0,2.5
1315,Chlamydia,274.0,Florida,1998.0,Male,15-19 years,15-19,1041.0,495968.0,209.89
1316,Chlamydia,274.0,Florida,1998.0,Male,20-24 years,20-24,1532.0,453338.0,337.94
1317,Chlamydia,274.0,Florida,1998.0,Male,25-29 years,25-29,865.0,501893.0,172.35
1318,Chlamydia,274.0,Florida,1998.0,Male,30-34 years,30-34,431.0,567408.0,75.96
1319,Chlamydia,274.0,Florida,1998.0,Male,35-39 years,35-39,215.0,624739.0,34.41
1320,Chlamydia,274.0,Florida,1998.0,Male,40+ years,40+,233.0,3382194.0,6.89
1321,Chlamydia,274.0,Florida,1998.0,Male,Unknown,99,8.0,,
1322,Chlamydia,274.0,Florida,1999.0,Male,0-14 years,0-14,48.0,1543232.0,3.11
1323,Chlamydia,274.0,Florida,1999.0,Male,15-19 years,15-19,1241.0,510367.0,243.16
1324,Chlamydia,274.0,Florida,1999.0,Male,20-24 years,20-24,1855.0,464440.0,399.41
1325,Chlamydia,274.0,Florida,1999.0,Male,25-29 years,25-29,985.0,503190.0,195.75
1326,Chlamydia,274.0,Florida,1999.0,Male,30-34 years,30-34,520.0,553436.0,93.96
1327,Chlamydia,274.0,Florida,1999.0,Male,35-39 years,35-39,309.0,630922.0,48.98
1328,Chlamydia,274.0,Florida,1999.0,Male,40+ years,40+,330.0,3479987.0,9.48
1329,Chlamydia,274.0,Florida,1999.0,Male,Unknown,99,53.0,,
1330,Chlamydia,274.0,Florida,2000.0,Male,0-14 years,0-14,44.0,1608866.0,2.73
1331,Chlamydia,274.0,Florida,2000.0,Male,15-19 years,15-19,1430.0,527293.0,271.2
1332,Chlamydia,274.0,Florida,2000.0,Male,20-24 years,20-24,2058.0,475474.0,432.83
1333,Chlamydia,274.0,Florida,2000.0,Male,25-29 years,25-29,1035.0,496454.0,208.48
1334,Chlamydia,274.0,Florida,2000.0,Male,30-34 years,30-34,578.0,544997.0,106.06
1335,Chlamydia,274.0,Florida,2000.0,Male,35-39 years,35-39,323.0,622887.0,51.86
1336,Chlamydia,274.0,Florida,2000.0,Male,40+ years,40+,311.0,3558846.0,8.74
1337,Chlamydia,274.0,Florida,2000.0,Male,Unknown,99,49.0,,
1338,Chlamydia,274.0,Florida,2001.0,Male,0-14 years,0-14,42.0,1615569.0,2.6
1339,Chlamydia,274.0,Florida,2001.0,Male,15-19 years,15-19,1518.0,539073.0,281.6
1340,Chlamydia,274.0,Florida,2001.0,Male,20-24 years,20-24,2691.0,498024.0,540.34
1341,Chlamydia,274.0,Florida,2001.0,Male,25-29 years,25-29,1243.0,496091.0,250.56
1342,Chlamydia,274.0,Florida,2001.0,Male,30-34 years,30-34,657.0,554699.0,118.44
1343,Chlamydia,274.0,Florida,2001.0,Male,35-39 years,35-39,379.0,623123.0,60.82
1344,Chlamydia,274.0,Florida,2001.0,Male,40+ years,40+,395.0,3671873.0,10.76
1345,Chlamydia,274.0,Florida,2001.0,Male,Unknown,99,42.0,,
1346,Chlamydia,274.0,Florida,2002.0,Male,0-14 years,0-14,42.0,1651112.0,2.54
1347,Chlamydia,274.0,Florida,2002.0,Male,15-19 years,15-19,1641.0,552095.0,297.23
1348,Chlamydia,274.0,Florida,2002.0,Male,20-24 years,20-24,3201.0,507354.0,630.92
1349,Chlamydia,274.0,Florida,2002.0,Male,25-29 years,25-29,1483.0,492839.0,300.91
1350,Chlamydia,274.0,Florida,2002.0,Male,30-34 years,30-34,754.0,561027.0,134.4
1351,Chlamydia,274.0,Florida,2002.0,Male,35-39 years,35-39,475.0,613681.0,77.4
1352,Chlamydia,274.0,Florida,2002.0,Male,40+ years,40+,505.0,3793095.0,13.31
1353,Chlamydia,274.0,Florida,2002.0,Male,Unknown,99,55.0,,
1354,Chlamydia,274.0,Florida,2003.0,Male,0-14 years,0-14,44.0,1667320.0,2.64
1355,Chlamydia,274.0,Florida,2003.0,Male,15-19 years,15-19,1570.0,565167.0,277.79
1356,Chlamydia,274.0,Florida,2003.0,Male,20-24 years,20-24,3142.0,547373.0,574.01
1357,Chlamydia,274.0,Florida,2003.0,Male,25-29 years,25-29,1428.0,507465.0,281.4
1358,Chlamydia,274.0,Florida,2003.0,Male,30-34 years,30-34,733.0,565289.0,129.67
1359,Chlamydia,274.0,Florida,2003.0,Male,35-39 years,35-39,394.0,604553.0,65.17
1360,Chlamydia,274.0,Florida,2003.0,Male,40+ years,40+,473.0,3877527.0,12.2
1361,Chlamydia,274.0,Florida,2003.0,Male,Unknown,99,17.0,,
1362,Chlamydia,274.0,Florida,2004.0,Male,0-14 years,0-14,36.0,1696286.0,2.12
1363,Chlamydia,274.0,Florida,2004.0,Male,15-19 years,15-19,1689.0,582885.0,289.77
1364,Chlamydia,274.0,Florida,2004.0,Male,20-24 years,20-24,3168.0,569227.0,556.54
1365,Chlamydia,274.0,Florida,2004.0,Male,25-29 years,25-29,1485.0,523708.0,283.56
1366,Chlamydia,274.0,Florida,2004.0,Male,30-34 years,30-34,756.0,565863.0,133.6
1367,Chlamydia,274.0,Florida,2004.0,Male,35-39 years,35-39,420.0,597112.0,70.34
1368,Chlamydia,274.0,Florida,2004.0,Male,40+ years,40+,544.0,3989317.0,13.64
1369,Chlamydia,274.0,Florida,2004.0,Male,Unknown,99,19.0,,
1370,Chlamydia,274.0,Florida,2005.0,Male,0-14 years,0-14,44.0,1715287.0,2.57
1371,Chlamydia,274.0,Florida,2005.0,Male,15-19 years,15-19,1787.0,599827.0,297.92
1372,Chlamydia,274.0,Florida,2005.0,Male,20-24 years,20-24,3357.0,586927.0,571.96
1373,Chlamydia,274.0,Florida,2005.0,Male,25-29 years,25-29,1585.0,544282.0,291.21
1374,Chlamydia,274.0,Florida,2005.0,Male,30-34 years,30-34,792.0,559232.0,141.62
1375,Chlamydia,274.0,Florida,2005.0,Male,35-39 years,35-39,412.0,598711.0,68.81
1376,Chlamydia,274.0,Florida,2005.0,Male,40+ years,40+,518.0,4120460.0,12.57
1377,Chlamydia,274.0,Florida,2005.0,Male,Unknown,99,27.0,,
1378,Chlamydia,274.0,Florida,2006.0,Male,0-14 years,0-14,54.0,1691164.0,3.19
1379,Chlamydia,274.0,Florida,2006.0,Male,15-19 years,15-19,2290.0,593183.0,386.05
1380,Chlamydia,274.0,Florida,2006.0,Male,20-24 years,20-24,4032.0,599289.0,672.8
1381,Chlamydia,274.0,Florida,2006.0,Male,25-29 years,25-29,1927.0,604260.0,318.9
1382,Chlamydia,274.0,Florida,2006.0,Male,30-34 years,30-34,907.0,567692.0,159.77
1383,Chlamydia,274.0,Florida,2006.0,Male,35-39 years,35-39,520.0,621938.0,83.61
1384,Chlamydia,274.0,Florida,2006.0,Male,40+ years,40+,626.0,4206609.0,14.88
1385,Chlamydia,274.0,Florida,2006.0,Male,Unknown,99,54.0,,
1386,Chlamydia,274.0,Florida,2007.0,Male,0-14 years,0-14,56.0,1703747.0,3.29
1387,Chlamydia,274.0,Florida,2007.0,Male,15-19 years,15-19,3378.0,599015.0,563.93
1388,Chlamydia,274.0,Florida,2007.0,Male,20-24 years,20-24,5957.0,596665.0,998.38
1389,Chlamydia,274.0,Florida,2007.0,Male,25-29 years,25-29,3001.0,614817.0,488.11
1390,Chlamydia,274.0,Florida,2007.0,Male,30-34 years,30-34,1306.0,561008.0,232.79
1391,Chlamydia,274.0,Florida,2007.0,Male,35-39 years,35-39,729.0,618047.0,117.95
1392,Chlamydia,274.0,Florida,2007.0,Male,40+ years,40+,918.0,4275544.0,21.47
1393,Chlamydia,274.0,Florida,2007.0,Male,Unknown,99,31.0,,
1394,Chlamydia,274.0,Florida,2008.0,Male,0-14 years,0-14,58.0,1692221.0,3.43
1395,Chlamydia,274.0,Florida,2008.0,Male,15-19 years,15-19,4141.0,596666.0,694.02
1396,Chlamydia,274.0,Florida,2008.0,Male,20-24 years,20-24,7104.0,593823.0,1196.32
1397,Chlamydia,274.0,Florida,2008.0,Male,25-29 years,25-29,3773.0,621668.0,606.92
1398,Chlamydia,274.0,Florida,2008.0,Male,30-34 years,30-34,1557.0,560509.0,277.78
1399,Chlamydia,274.0,Florida,2008.0,Male,35-39 years,35-39,874.0,610211.0,143.23
1400,Chlamydia,274.0,Florida,2008.0,Male,40+ years,40+,1069.0,4330184.0,24.69
1401,Chlamydia,274.0,Florida,2008.0,Male,Unknown,99,17.0,,
1402,Chlamydia,274.0,Florida,2009.0,Male,0-14 years,0-14,68.0,1723356.0,3.95
1403,Chlamydia,274.0,Florida,2009.0,Male,15-19 years,15-19,4539.0,601592.0,754.5
1404,Chlamydia,274.0,Florida,2009.0,Male,20-24 years,20-24,7690.0,619809.0,1240.7
1405,Chlamydia,274.0,Florida,2009.0,Male,25-29 years,25-29,3978.0,641524.0,620.09
1406,Chlamydia,274.0,Florida,2009.0,Male,30-34 years,30-34,1743.0,577296.0,301.93
1407,Chlamydia,274.0,Florida,2009.0,Male,35-39 years,35-39,917.0,603038.0,152.06
1408,Chlamydia,274.0,Florida,2009.0,Male,40+ years,40+,1119.0,4357311.0,25.68
1409,Chlamydia,274.0,Florida,2009.0,Male,Unknown,99,15.0,,
1410,Chlamydia,274.0,Florida,2010.0,Male,0-14 years,0-14,69.0,1677727.0,4.11
1411,Chlamydia,274.0,Florida,2010.0,Male,15-19 years,15-19,4892.0,631287.0,774.92
1412,Chlamydia,274.0,Florida,2010.0,Male,20-24 years,20-24,8263.0,627063.0,1317.73
1413,Chlamydia,274.0,Florida,2010.0,Male,25-29 years,25-29,4203.0,594897.0,706.51
1414,Chlamydia,274.0,Florida,2010.0,Male,30-34 years,30-34,1790.0,555239.0,322.38
1415,Chlamydia,274.0,Florida,2010.0,Male,35-39 years,35-39,927.0,585141.0,158.42
1416,Chlamydia,274.0,Florida,2010.0,Male,40+ years,40+,1205.0,4518001.0,26.67
1417,Chlamydia,274.0,Florida,2010.0,Male,Unknown,99,13.0,,
1418,Chlamydia,274.0,Florida,2011.0,Male,0-14 years,0-14,84.0,1678660.0,5.0
1419,Chlamydia,274.0,Florida,2011.0,Male,15-19 years,15-19,4760.0,616167.0,772.52
1420,Chlamydia,274.0,Florida,2011.0,Male,20-24 years,20-24,8391.0,655862.0,1279.38
1421,Chlamydia,274.0,Florida,2011.0,Male,25-29 years,25-29,4294.0,610109.0,703.81
1422,Chlamydia,274.0,Florida,2011.0,Male,30-34 years,30-34,1946.0,571595.0,340.45
1423,Chlamydia,274.0,Florida,2011.0,Male,35-39 years,35-39,926.0,569235.0,162.67
1424,Chlamydia,274.0,Florida,2011.0,Male,40+ years,40+,1276.0,4619748.0,27.62
1425,Chlamydia,274.0,Florida,2011.0,Male,Unknown,99,8.0,,
1426,Chlamydia,274.0,Florida,2012.0,Male,0-14 years,0-14,82.0,1685045.0,4.87
1427,Chlamydia,274.0,Florida,2012.0,Male,15-19 years,15-19,4394.0,606461.0,724.53
1428,Chlamydia,274.0,Florida,2012.0,Male,20-24 years,20-24,8461.0,671588.0,1259.85
1429,Chlamydia,274.0,Florida,2012.0,Male,25-29 years,25-29,4438.0,623251.0,712.07
1430,Chlamydia,274.0,Florida,2012.0,Male,30-34 years,30-34,2146.0,589227.0,364.21
1431,Chlamydia,274.0,Florida,2012.0,Male,35-39 years,35-39,967.0,565615.0,170.96
1432,Chlamydia,274.0,Florida,2012.0,Male,40+ years,40+,1514.0,4706640.0,32.17
1433,Chlamydia,274.0,Florida,2012.0,Male,Unknown,99,7.0,,
1434,Chlamydia,274.0,Florida,2013.0,Male,0-14 years,0-14,75.0,1698005.0,4.42
1435,Chlamydia,274.0,Florida,2013.0,Male,15-19 years,15-19,4014.0,603097.0,665.57
1436,Chlamydia,274.0,Florida,2013.0,Male,20-24 years,20-24,8904.0,670977.0,1327.02
1437,Chlamydia,274.0,Florida,2013.0,Male,25-29 years,25-29,4830.0,639542.0,755.23
1438,Chlamydia,274.0,Florida,2013.0,Male,30-34 years,30-34,2405.0,602539.0,399.14
1439,Chlamydia,274.0,Florida,2013.0,Male,35-39 years,35-39,1233.0,566486.0,217.66
1440,Chlamydia,274.0,Florida,2013.0,Male,40+ years,40+,1834.0,4782001.0,38.35
1441,Chlamydia,274.0,Florida,2013.0,Male,Unknown,99,5.0,,
1442,Chlamydia,274.0,Florida,2014.0,Male,0-14 years,0-14,64.0,1698005.0,3.77
1443,Chlamydia,274.0,Florida,2014.0,Male,15-19 years,15-19,4224.0,603097.0,700.38
1444,Chlamydia,274.0,Florida,2014.0,Male,20-24 years,20-24,9346.0,670977.0,1392.89
1445,Chlamydia,274.0,Florida,2014.0,Male,25-29 years,25-29,5514.0,639542.0,862.18
1446,Chlamydia,274.0,Florida,2014.0,Male,30-34 years,30-34,2707.0,602539.0,449.27
1447,Chlamydia,274.0,Florida,2014.0,Male,35-39 years,35-39,1301.0,566486.0,229.66
1448,Chlamydia,274.0,Florida,2014.0,Male,40+ years,40+,2078.0,4782001.0,43.45
1449,Chlamydia,274.0,Florida,2014.0,Male,Unknown,99,5.0,,
1450,Chlamydia,274.0,Georgia,1996.0,Male,0-14 years,0-14,10.0,850208.0,1.18
1451,Chlamydia,274.0,Georgia,1996.0,Male,15-19 years,15-19,398.0,281532.0,141.37
1452,Chlamydia,274.0,Georgia,1996.0,Male,20-24 years,20-24,603.0,273930.0,220.13
1453,Chlamydia,274.0,Georgia,1996.0,Male,25-29 years,25-29,321.0,303383.0,105.81
1454,Chlamydia,274.0,Georgia,1996.0,Male,30-34 years,30-34,207.0,334743.0,61.84
1455,Chlamydia,274.0,Georgia,1996.0,Male,35-39 years,35-39,107.0,323687.0,33.06
1456,Chlamydia,274.0,Georgia,1996.0,Male,40+ years,40+,85.0,1296445.0,6.56
1457,Chlamydia,274.0,Georgia,1996.0,Male,Unknown,99,80.0,,
1458,Chlamydia,274.0,Georgia,1997.0,Male,0-14 years,0-14,26.0,866082.0,3.0
1459,Chlamydia,274.0,Georgia,1997.0,Male,15-19 years,15-19,439.0,291375.0,150.66
1460,Chlamydia,274.0,Georgia,1997.0,Male,20-24 years,20-24,594.0,278365.0,213.39
1461,Chlamydia,274.0,Georgia,1997.0,Male,25-29 years,25-29,374.0,311875.0,119.92
1462,Chlamydia,274.0,Georgia,1997.0,Male,30-34 years,30-34,186.0,334089.0,55.67
1463,Chlamydia,274.0,Georgia,1997.0,Male,35-39 years,35-39,110.0,331518.0,33.18
1464,Chlamydia,274.0,Georgia,1997.0,Male,40+ years,40+,105.0,1346503.0,7.8
1465,Chlamydia,274.0,Georgia,1997.0,Male,Unknown,99,143.0,,
1466,Chlamydia,274.0,Georgia,1998.0,Male,0-14 years,0-14,49.0,887035.0,5.52
1467,Chlamydia,274.0,Georgia,1998.0,Male,15-19 years,15-19,926.0,299780.0,308.89
1468,Chlamydia,274.0,Georgia,1998.0,Male,20-24 years,20-24,1314.0,285325.0,460.53
1469,Chlamydia,274.0,Georgia,1998.0,Male,25-29 years,25-29,723.0,318274.0,227.16
1470,Chlamydia,274.0,Georgia,1998.0,Male,30-34 years,30-34,373.0,331081.0,112.66
1471,Chlamydia,274.0,Georgia,1998.0,Male,35-39 years,35-39,218.0,338231.0,64.45
1472,Chlamydia,274.0,Georgia,1998.0,Male,40+ years,40+,175.0,1393308.0,12.56
1473,Chlamydia,274.0,Georgia,1998.0,Male,Unknown,99,184.0,,
1474,Chlamydia,274.0,Georgia,1999.0,Male,0-14 years,0-14,37.0,912075.0,4.06
1475,Chlamydia,274.0,Georgia,1999.0,Male,15-19 years,15-19,1513.0,305823.0,494.73
1476,Chlamydia,274.0,Georgia,1999.0,Male,20-24 years,20-24,1954.0,295859.0,660.45
1477,Chlamydia,274.0,Georgia,1999.0,Male,25-29 years,25-29,1001.0,322683.0,310.21
1478,Chlamydia,274.0,Georgia,1999.0,Male,30-34 years,30-34,451.0,328935.0,137.11
1479,Chlamydia,274.0,Georgia,1999.0,Male,35-39 years,35-39,266.0,344452.0,77.22
1480,Chlamydia,274.0,Georgia,1999.0,Male,40+ years,40+,248.0,1440107.0,17.22
1481,Chlamydia,274.0,Georgia,1999.0,Male,Unknown,99,26.0,,
1482,Chlamydia,274.0,Georgia,2000.0,Male,0-14 years,0-14,35.0,942882.0,3.71
1483,Chlamydia,274.0,Georgia,2000.0,Male,15-19 years,15-19,1340.0,310574.0,431.46
1484,Chlamydia,274.0,Georgia,2000.0,Male,20-24 years,20-24,1820.0,308289.0,590.36
1485,Chlamydia,274.0,Georgia,2000.0,Male,25-29 years,25-29,952.0,323529.0,294.25
1486,Chlamydia,274.0,Georgia,2000.0,Male,30-34 years,30-34,412.0,332819.0,123.79
1487,Chlamydia,274.0,Georgia,2000.0,Male,35-39 years,35-39,230.0,347535.0,66.18
1488,Chlamydia,274.0,Georgia,2000.0,Male,40+ years,40+,258.0,1486057.0,17.36
1489,Chlamydia,274.0,Georgia,2000.0,Male,Unknown,99,55.0,,
1490,Chlamydia,274.0,Georgia,2001.0,Male,0-14 years,0-14,73.0,955823.0,7.64
1491,Chlamydia,274.0,Georgia,2001.0,Male,15-19 years,15-19,1573.0,311455.0,505.05
1492,Chlamydia,274.0,Georgia,2001.0,Male,20-24 years,20-24,2096.0,317785.0,659.57
1493,Chlamydia,274.0,Georgia,2001.0,Male,25-29 years,25-29,1049.0,321995.0,325.78
1494,Chlamydia,274.0,Georgia,2001.0,Male,30-34 years,30-34,559.0,344239.0,162.39
1495,Chlamydia,274.0,Georgia,2001.0,Male,35-39 years,35-39,295.0,351534.0,83.92
1496,Chlamydia,274.0,Georgia,2001.0,Male,40+ years,40+,281.0,1536586.0,18.29
1497,Chlamydia,274.0,Georgia,2002.0,Male,0-14 years,0-14,87.0,973343.0,8.94
1498,Chlamydia,274.0,Georgia,2002.0,Male,15-19 years,15-19,1609.0,313228.0,513.68
1499,Chlamydia,274.0,Georgia,2002.0,Male,20-24 years,20-24,2174.0,326936.0,664.96
1500,Chlamydia,274.0,Georgia,2002.0,Male,25-29 years,25-29,1117.0,320968.0,348.01
1501,Chlamydia,274.0,Georgia,2002.0,Male,30-34 years,30-34,599.0,353958.0,169.23
1502,Chlamydia,274.0,Georgia,2002.0,Male,35-39 years,35-39,315.0,351336.0,89.66
1503,Chlamydia,274.0,Georgia,2002.0,Male,40+ years,40+,334.0,1578207.0,21.16
1504,Chlamydia,274.0,Georgia,2002.0,Male,Unknown,99,128.0,,
1505,Chlamydia,274.0,Georgia,2003.0,Male,0-14 years,0-14,95.0,984848.0,9.65
1506,Chlamydia,274.0,Georgia,2003.0,Male,15-19 years,15-19,1656.0,316638.0,523.0
1507,Chlamydia,274.0,Georgia,2003.0,Male,20-24 years,20-24,2234.0,338418.0,660.13
1508,Chlamydia,274.0,Georgia,2003.0,Male,25-29 years,25-29,1078.0,328679.0,327.98
1509,Chlamydia,274.0,Georgia,2003.0,Male,30-34 years,30-34,634.0,357539.0,177.32
1510,Chlamydia,274.0,Georgia,2003.0,Male,35-39 years,35-39,355.0,346422.0,102.48
1511,Chlamydia,274.0,Georgia,2003.0,Male,40+ years,40+,346.0,1614136.0,21.44
1512,Chlamydia,274.0,Georgia,2003.0,Male,Unknown,99,111.0,,
1513,Chlamydia,274.0,Georgia,2004.0,Male,0-14 years,0-14,86.0,998888.0,8.61
1514,Chlamydia,274.0,Georgia,2004.0,Male,15-19 years,15-19,1587.0,322540.0,492.03
1515,Chlamydia,274.0,Georgia,2004.0,Male,20-24 years,20-24,2227.0,343146.0,649.0
1516,Chlamydia,274.0,Georgia,2004.0,Male,25-29 years,25-29,1155.0,336499.0,343.24
1517,Chlamydia,274.0,Georgia,2004.0,Male,30-34 years,30-34,581.0,359460.0,161.63
1518,Chlamydia,274.0,Georgia,2004.0,Male,35-39 years,35-39,316.0,344056.0,91.85
1519,Chlamydia,274.0,Georgia,2004.0,Male,40+ years,40+,342.0,1660834.0,20.59
1520,Chlamydia,274.0,Georgia,2004.0,Male,Unknown,99,117.0,,
1521,Chlamydia,274.0,Georgia,2005.0,Male,0-14 years,0-14,103.0,1006336.0,10.24
1522,Chlamydia,274.0,Georgia,2005.0,Male,15-19 years,15-19,1817.0,332684.0,546.16
1523,Chlamydia,274.0,Georgia,2005.0,Male,20-24 years,20-24,2241.0,350197.0,639.93
1524,Chlamydia,274.0,Georgia,2005.0,Male,25-29 years,25-29,1211.0,352514.0,343.53
1525,Chlamydia,274.0,Georgia,2005.0,Male,30-34 years,30-34,608.0,362326.0,167.81
1526,Chlamydia,274.0,Georgia,2005.0,Male,35-39 years,35-39,292.0,353816.0,82.53
1527,Chlamydia,274.0,Georgia,2005.0,Male,40+ years,40+,355.0,1729673.0,20.52
1528,Chlamydia,274.0,Georgia,2005.0,Male,Unknown,99,166.0,,
1529,Chlamydia,274.0,Georgia,2006.0,Male,0-14 years,0-14,96.0,1038633.0,9.24
1530,Chlamydia,274.0,Georgia,2006.0,Male,15-19 years,15-19,2256.0,350406.0,643.83
1531,Chlamydia,274.0,Georgia,2006.0,Male,20-24 years,20-24,2624.0,341396.0,768.61
1532,Chlamydia,274.0,Georgia,2006.0,Male,25-29 years,25-29,1383.0,352756.0,392.06
1533,Chlamydia,274.0,Georgia,2006.0,Male,30-34 years,30-34,630.0,341764.0,184.34
1534,Chlamydia,274.0,Georgia,2006.0,Male,35-39 years,35-39,396.0,361110.0,109.66
1535,Chlamydia,274.0,Georgia,2006.0,Male,40+ years,40+,455.0,1825013.0,24.93
1536,Chlamydia,274.0,Georgia,2006.0,Male,Unknown,99,249.0,,
1537,Chlamydia,274.0,Georgia,2007.0,Male,0-14 years,0-14,80.0,1079200.0,7.41
1538,Chlamydia,274.0,Georgia,2007.0,Male,15-19 years,15-19,2772.0,349806.0,792.44
1539,Chlamydia,274.0,Georgia,2007.0,Male,20-24 years,20-24,3692.0,334983.0,1102.15
1540,Chlamydia,274.0,Georgia,2007.0,Male,25-29 years,25-29,1989.0,358038.0,555.53
1541,Chlamydia,274.0,Georgia,2007.0,Male,30-34 years,30-34,954.0,336701.0,283.34
1542,Chlamydia,274.0,Georgia,2007.0,Male,35-39 years,35-39,583.0,365623.0,159.45
1543,Chlamydia,274.0,Georgia,2007.0,Male,40+ years,40+,600.0,1869353.0,32.1
1544,Chlamydia,274.0,Georgia,2007.0,Male,Unknown,99,138.0,,
1545,Chlamydia,274.0,Georgia,2008.0,Male,0-14 years,0-14,70.0,1088818.0,6.43
1546,Chlamydia,274.0,Georgia,2008.0,Male,15-19 years,15-19,2697.0,354429.0,760.94
1547,Chlamydia,274.0,Georgia,2008.0,Male,20-24 years,20-24,3833.0,338117.0,1133.63
1548,Chlamydia,274.0,Georgia,2008.0,Male,25-29 years,25-29,1965.0,362019.0,542.79
1549,Chlamydia,274.0,Georgia,2008.0,Male,30-34 years,30-34,918.0,335808.0,273.37
1550,Chlamydia,274.0,Georgia,2008.0,Male,35-39 years,35-39,506.0,367753.0,137.59
1551,Chlamydia,274.0,Georgia,2008.0,Male,40+ years,40+,617.0,1918031.0,32.17
1552,Chlamydia,274.0,Georgia,2008.0,Male,Unknown,99,84.0,,
1553,Chlamydia,274.0,Georgia,2009.0,Male,0-14 years,0-14,86.0,1106846.0,7.77
1554,Chlamydia,274.0,Georgia,2009.0,Male,15-19 years,15-19,2846.0,363865.0,782.16
1555,Chlamydia,274.0,Georgia,2009.0,Male,20-24 years,20-24,3772.0,360377.0,1046.68
1556,Chlamydia,274.0,Georgia,2009.0,Male,25-29 years,25-29,1823.0,364290.0,500.43
1557,Chlamydia,274.0,Georgia,2009.0,Male,30-34 years,30-34,899.0,337358.0,266.48
1558,Chlamydia,274.0,Georgia,2009.0,Male,35-39 years,35-39,464.0,361251.0,128.44
1559,Chlamydia,274.0,Georgia,2009.0,Male,40+ years,40+,560.0,1941275.0,28.85
1560,Chlamydia,274.0,Georgia,2009.0,Male,Unknown,99,63.0,,
1561,Chlamydia,274.0,Georgia,2010.0,Male,0-14 years,0-14,106.0,1057159.0,10.03
1562,Chlamydia,274.0,Georgia,2010.0,Male,15-19 years,15-19,3300.0,362934.0,909.26
1563,Chlamydia,274.0,Georgia,2010.0,Male,20-24 years,20-24,4412.0,344477.0,1280.78
1564,Chlamydia,274.0,Georgia,2010.0,Male,25-29 years,25-29,2013.0,333831.0,603.0
1565,Chlamydia,274.0,Georgia,2010.0,Male,30-34 years,30-34,1005.0,324379.0,309.82
1566,Chlamydia,274.0,Georgia,2010.0,Male,35-39 years,35-39,511.0,340454.0,150.09
1567,Chlamydia,274.0,Georgia,2010.0,Male,40+ years,40+,593.0,1965937.0,30.16
1568,Chlamydia,274.0,Georgia,2010.0,Male,Unknown,99,25.0,,
1569,Chlamydia,274.0,Georgia,2011.0,Male,0-14 years,0-14,105.0,1060683.0,9.9
1570,Chlamydia,274.0,Georgia,2011.0,Male,15-19 years,15-19,3698.0,360536.0,1025.7
1571,Chlamydia,274.0,Georgia,2011.0,Male,20-24 years,20-24,5199.0,360352.0,1442.76
1572,Chlamydia,274.0,Georgia,2011.0,Male,25-29 years,25-29,2408.0,341044.0,706.07
1573,Chlamydia,274.0,Georgia,2011.0,Male,30-34 years,30-34,1192.0,333754.0,357.15
1574,Chlamydia,274.0,Georgia,2011.0,Male,35-39 years,35-39,606.0,329688.0,183.81
1575,Chlamydia,274.0,Georgia,2011.0,Male,40+ years,40+,756.0,2016750.0,37.49
1576,Chlamydia,274.0,Georgia,2011.0,Male,Unknown,99,14.0,,
1577,Chlamydia,274.0,Georgia,2012.0,Male,0-14 years,0-14,114.0,1060980.0,10.74
1578,Chlamydia,274.0,Georgia,2012.0,Male,15-19 years,15-19,3490.0,359440.0,970.96
1579,Chlamydia,274.0,Georgia,2012.0,Male,20-24 years,20-24,5595.0,371453.0,1506.25
1580,Chlamydia,274.0,Georgia,2012.0,Male,25-29 years,25-29,2565.0,342401.0,749.12
1581,Chlamydia,274.0,Georgia,2012.0,Male,30-34 years,30-34,1299.0,336746.0,385.75
1582,Chlamydia,274.0,Georgia,2012.0,Male,35-39 years,35-39,608.0,323486.0,187.95
1583,Chlamydia,274.0,Georgia,2012.0,Male,40+ years,40+,825.0,2056518.0,40.12
1584,Chlamydia,274.0,Georgia,2012.0,Male,Unknown,99,25.0,,
1585,Chlamydia,274.0,Georgia,2013.0,Male,0-14 years,0-14,114.0,1059672.0,10.76
1586,Chlamydia,274.0,Georgia,2013.0,Male,15-19 years,15-19,3081.0,356788.0,863.54
1587,Chlamydia,274.0,Georgia,2013.0,Male,20-24 years,20-24,5343.0,375475.0,1423.0
1588,Chlamydia,274.0,Georgia,2013.0,Male,25-29 years,25-29,2655.0,340451.0,779.85
1589,Chlamydia,274.0,Georgia,2013.0,Male,30-34 years,30-34,1309.0,335923.0,389.67
1590,Chlamydia,274.0,Georgia,2013.0,Male,35-39 years,35-39,649.0,319837.0,202.92
1591,Chlamydia,274.0,Georgia,2013.0,Male,40+ years,40+,886.0,2093215.0,42.33
1592,Chlamydia,274.0,Georgia,2013.0,Male,Unknown,99,26.0,,
1593,Chlamydia,274.0,Georgia,2014.0,Male,0-14 years,0-14,93.0,1059672.0,8.78
1594,Chlamydia,274.0,Georgia,2014.0,Male,15-19 years,15-19,3089.0,356788.0,865.78
1595,Chlamydia,274.0,Georgia,2014.0,Male,20-24 years,20-24,5600.0,375475.0,1491.44
1596,Chlamydia,274.0,Georgia,2014.0,Male,25-29 years,25-29,2899.0,340451.0,851.52
1597,Chlamydia,274.0,Georgia,2014.0,Male,30-34 years,30-34,1400.0,335923.0,416.76
1598,Chlamydia,274.0,Georgia,2014.0,Male,35-39 years,35-39,716.0,319837.0,223.86
1599,Chlamydia,274.0,Georgia,2014.0,Male,40+ years,40+,925.0,2093215.0,44.19
1600,Chlamydia,274.0,Georgia,2014.0,Male,Unknown,99,14.0,,
1601,Chlamydia,274.0,Hawaii,1996.0,Male,0-14 years,0-14,1.0,134658.0,0.74
1602,Chlamydia,274.0,Hawaii,1996.0,Male,15-19 years,15-19,44.0,41678.0,105.57
1603,Chlamydia,274.0,Hawaii,1996.0,Male,20-24 years,20-24,105.0,45368.0,231.44
1604,Chlamydia,274.0,Hawaii,1996.0,Male,25-29 years,25-29,44.0,46577.0,94.47
1605,Chlamydia,274.0,Hawaii,1996.0,Male,30-34 years,30-34,22.0,52489.0,41.91
1606,Chlamydia,274.0,Hawaii,1996.0,Male,35-39 years,35-39,10.0,51488.0,19.42
1607,Chlamydia,274.0,Hawaii,1996.0,Male,40+ years,40+,11.0,236731.0,4.65
1608,Chlamydia,274.0,Hawaii,1996.0,Male,Unknown,99,12.0,,
1609,Chlamydia,274.0,Hawaii,1997.0,Male,0-14 years,0-14,2.0,133158.0,1.5
1610,Chlamydia,274.0,Hawaii,1997.0,Male,15-19 years,15-19,42.0,42248.0,99.41
1611,Chlamydia,274.0,Hawaii,1997.0,Male,20-24 years,20-24,131.0,45447.0,288.25
1612,Chlamydia,274.0,Hawaii,1997.0,Male,25-29 years,25-29,44.0,45012.0,97.75
1613,Chlamydia,274.0,Hawaii,1997.0,Male,30-34 years,30-34,28.0,50837.0,55.08
1614,Chlamydia,274.0,Hawaii,1997.0,Male,35-39 years,35-39,17.0,51048.0,33.3
1615,Chlamydia,274.0,Hawaii,1997.0,Male,40+ years,40+,9.0,243357.0,3.7
1616,Chlamydia,274.0,Hawaii,1997.0,Male,Unknown,99,8.0,,
1617,Chlamydia,274.0,Hawaii,1998.0,Male,0-14 years,0-14,2.0,130522.0,1.53
1618,Chlamydia,274.0,Hawaii,1998.0,Male,15-19 years,15-19,50.0,42709.0,117.07
1619,Chlamydia,274.0,Hawaii,1998.0,Male,20-24 years,20-24,193.0,45675.0,422.55
1620,Chlamydia,274.0,Hawaii,1998.0,Male,25-29 years,25-29,76.0,44896.0,169.28
1621,Chlamydia,274.0,Hawaii,1998.0,Male,30-34 years,30-34,33.0,49059.0,67.27
1622,Chlamydia,274.0,Hawaii,1998.0,Male,35-39 years,35-39,25.0,50835.0,49.18
1623,Chlamydia,274.0,Hawaii,1998.0,Male,40+ years,40+,13.0,248672.0,5.23
1624,Chlamydia,274.0,Hawaii,1998.0,Male,Unknown,99,3.0,,
1625,Chlamydia,274.0,Hawaii,1999.0,Male,0-14 years,0-14,1.0,128236.0,0.78
1626,Chlamydia,274.0,Hawaii,1999.0,Male,15-19 years,15-19,82.0,42432.0,193.25
1627,Chlamydia,274.0,Hawaii,1999.0,Male,20-24 years,20-24,243.0,45302.0,536.4
1628,Chlamydia,274.0,Hawaii,1999.0,Male,25-29 years,25-29,130.0,43844.0,296.51
1629,Chlamydia,274.0,Hawaii,1999.0,Male,30-34 years,30-34,48.0,46170.0,103.96
1630,Chlamydia,274.0,Hawaii,1999.0,Male,35-39 years,35-39,34.0,49554.0,68.61
1631,Chlamydia,274.0,Hawaii,1999.0,Male,40+ years,40+,31.0,252932.0,12.26
1632,Chlamydia,274.0,Hawaii,1999.0,Male,Unknown,99,14.0,,
1633,Chlamydia,274.0,Hawaii,2000.0,Male,0-14 years,0-14,6.0,124716.0,4.81
1634,Chlamydia,274.0,Hawaii,2000.0,Male,15-19 years,15-19,83.0,42227.0,196.56
1635,Chlamydia,274.0,Hawaii,2000.0,Male,20-24 years,20-24,359.0,45976.0,780.84
1636,Chlamydia,274.0,Hawaii,2000.0,Male,25-29 years,25-29,148.0,43791.0,337.97
1637,Chlamydia,274.0,Hawaii,2000.0,Male,30-34 years,30-34,79.0,44496.0,177.54
1638,Chlamydia,274.0,Hawaii,2000.0,Male,35-39 years,35-39,46.0,48714.0,94.43
1639,Chlamydia,274.0,Hawaii,2000.0,Male,40+ years,40+,51.0,259182.0,19.68
1640,Chlamydia,274.0,Hawaii,2000.0,Male,Unknown,99,5.0,,
1641,Chlamydia,274.0,Hawaii,2001.0,Male,0-14 years,0-14,6.0,126463.0,4.74
1642,Chlamydia,274.0,Hawaii,2001.0,Male,15-19 years,15-19,107.0,43918.0,243.64
1643,Chlamydia,274.0,Hawaii,2001.0,Male,20-24 years,20-24,447.0,45615.0,979.94
1644,Chlamydia,274.0,Hawaii,2001.0,Male,25-29 years,25-29,183.0,42663.0,428.94
1645,Chlamydia,274.0,Hawaii,2001.0,Male,30-34 years,30-34,100.0,44368.0,225.39
1646,Chlamydia,274.0,Hawaii,2001.0,Male,35-39 years,35-39,68.0,47603.0,142.85
1647,Chlamydia,274.0,Hawaii,2001.0,Male,40+ years,40+,61.0,264814.0,23.04
1648,Chlamydia,274.0,Hawaii,2001.0,Male,Unknown,99,5.0,,
1649,Chlamydia,274.0,Hawaii,2002.0,Male,0-14 years,0-14,1.0,126895.0,0.79
1650,Chlamydia,274.0,Hawaii,2002.0,Male,15-19 years,15-19,94.0,44987.0,208.95
1651,Chlamydia,274.0,Hawaii,2002.0,Male,20-24 years,20-24,473.0,47186.0,1002.42
1652,Chlamydia,274.0,Hawaii,2002.0,Male,25-29 years,25-29,221.0,42721.0,517.31
1653,Chlamydia,274.0,Hawaii,2002.0,Male,30-34 years,30-34,125.0,44504.0,280.87
1654,Chlamydia,274.0,Hawaii,2002.0,Male,35-39 years,35-39,80.0,46764.0,171.07
1655,Chlamydia,274.0,Hawaii,2002.0,Male,40+ years,40+,76.0,271041.0,28.04
1656,Chlamydia,274.0,Hawaii,2002.0,Male,Unknown,99,6.0,,
1657,Chlamydia,274.0,Hawaii,2003.0,Male,0-14 years,0-14,5.0,127404.0,3.92
1658,Chlamydia,274.0,Hawaii,2003.0,Male,15-19 years,15-19,130.0,44948.0,289.22
1659,Chlamydia,274.0,Hawaii,2003.0,Male,20-24 years,20-24,574.0,49230.0,1165.96
1660,Chlamydia,274.0,Hawaii,2003.0,Male,25-29 years,25-29,269.0,42446.0,633.75
1661,Chlamydia,274.0,Hawaii,2003.0,Male,30-34 years,30-34,164.0,43326.0,378.53
1662,Chlamydia,274.0,Hawaii,2003.0,Male,35-39 years,35-39,87.0,44714.0,194.57
1663,Chlamydia,274.0,Hawaii,2003.0,Male,40+ years,40+,123.0,278453.0,44.17
1664,Chlamydia,274.0,Hawaii,2003.0,Male,Unknown,99,15.0,,
1665,Chlamydia,274.0,Hawaii,2004.0,Male,0-14 years,0-14,7.0,128031.0,5.47
1666,Chlamydia,274.0,Hawaii,2004.0,Male,15-19 years,15-19,125.0,44747.0,279.35
1667,Chlamydia,274.0,Hawaii,2004.0,Male,20-24 years,20-24,523.0,49912.0,1047.84
1668,Chlamydia,274.0,Hawaii,2004.0,Male,25-29 years,25-29,282.0,42491.0,663.67
1669,Chlamydia,274.0,Hawaii,2004.0,Male,30-34 years,30-34,139.0,42276.0,328.79
1670,Chlamydia,274.0,Hawaii,2004.0,Male,35-39 years,35-39,98.0,43240.0,226.64
1671,Chlamydia,274.0,Hawaii,2004.0,Male,40+ years,40+,103.0,279328.0,36.87
1672,Chlamydia,274.0,Hawaii,2004.0,Male,Unknown,99,11.0,,
1673,Chlamydia,274.0,Hawaii,2005.0,Male,0-14 years,0-14,4.0,127962.0,3.13
1674,Chlamydia,274.0,Hawaii,2005.0,Male,15-19 years,15-19,157.0,45142.0,347.79
1675,Chlamydia,274.0,Hawaii,2005.0,Male,20-24 years,20-24,539.0,51570.0,1045.18
1676,Chlamydia,274.0,Hawaii,2005.0,Male,25-29 years,25-29,322.0,42258.0,761.99
1677,Chlamydia,274.0,Hawaii,2005.0,Male,30-34 years,30-34,163.0,41096.0,396.63
1678,Chlamydia,274.0,Hawaii,2005.0,Male,35-39 years,35-39,95.0,42991.0,220.98
1679,Chlamydia,274.0,Hawaii,2005.0,Male,40+ years,40+,112.0,284701.0,39.34
1680,Chlamydia,274.0,Hawaii,2005.0,Male,Unknown,99,4.0,,
1681,Chlamydia,274.0,Hawaii,2006.0,Male,0-14 years,0-14,4.0,127922.0,3.13
1682,Chlamydia,274.0,Hawaii,2006.0,Male,15-19 years,15-19,155.0,43811.0,353.79
1683,Chlamydia,274.0,Hawaii,2006.0,Male,20-24 years,20-24,561.0,51309.0,1093.38
1684,Chlamydia,274.0,Hawaii,2006.0,Male,25-29 years,25-29,282.0,48311.0,583.72
1685,Chlamydia,274.0,Hawaii,2006.0,Male,30-34 years,30-34,150.0,43423.0,345.44
1686,Chlamydia,274.0,Hawaii,2006.0,Male,35-39 years,35-39,107.0,44842.0,238.62
1687,Chlamydia,274.0,Hawaii,2006.0,Male,40+ years,40+,123.0,283710.0,43.35
1688,Chlamydia,274.0,Hawaii,2006.0,Male,Unknown,99,2.0,,
1689,Chlamydia,274.0,Hawaii,2007.0,Male,0-14 years,0-14,3.0,122254.0,2.45
1690,Chlamydia,274.0,Hawaii,2007.0,Male,15-19 years,15-19,159.0,42998.0,369.79
1691,Chlamydia,274.0,Hawaii,2007.0,Male,20-24 years,20-24,557.0,50716.0,1098.27
1692,Chlamydia,274.0,Hawaii,2007.0,Male,25-29 years,25-29,311.0,50747.0,612.84
1693,Chlamydia,274.0,Hawaii,2007.0,Male,30-34 years,30-34,160.0,44071.0,363.05
1694,Chlamydia,274.0,Hawaii,2007.0,Male,35-39 years,35-39,93.0,45958.0,202.36
1695,Chlamydia,274.0,Hawaii,2007.0,Male,40+ years,40+,148.0,289076.0,51.2
1696,Chlamydia,274.0,Hawaii,2008.0,Male,0-14 years,0-14,13.0,122926.0,10.58
1697,Chlamydia,274.0,Hawaii,2008.0,Male,15-19 years,15-19,186.0,42727.0,435.32
1698,Chlamydia,274.0,Hawaii,2008.0,Male,20-24 years,20-24,641.0,50655.0,1265.42
1699,Chlamydia,274.0,Hawaii,2008.0,Male,25-29 years,25-29,348.0,52954.0,657.17
1700,Chlamydia,274.0,Hawaii,2008.0,Male,30-34 years,30-34,163.0,44974.0,362.43
1701,Chlamydia,274.0,Hawaii,2008.0,Male,35-39 years,35-39,81.0,45650.0,177.44
1702,Chlamydia,274.0,Hawaii,2008.0,Male,40+ years,40+,128.0,289633.0,44.19
1703,Chlamydia,274.0,Hawaii,2009.0,Male,0-14 years,0-14,1.0,125690.0,0.8
1704,Chlamydia,274.0,Hawaii,2009.0,Male,15-19 years,15-19,188.0,42387.0,443.53
1705,Chlamydia,274.0,Hawaii,2009.0,Male,20-24 years,20-24,646.0,52104.0,1239.83
1706,Chlamydia,274.0,Hawaii,2009.0,Male,25-29 years,25-29,376.0,55958.0,671.93
1707,Chlamydia,274.0,Hawaii,2009.0,Male,30-34 years,30-34,166.0,46559.0,356.54
1708,Chlamydia,274.0,Hawaii,2009.0,Male,35-39 years,35-39,108.0,44463.0,242.9
1709,Chlamydia,274.0,Hawaii,2009.0,Male,40+ years,40+,140.0,287260.0,48.74
1710,Chlamydia,274.0,Hawaii,2009.0,Male,Unknown,99,1.0,,
1711,Chlamydia,274.0,Hawaii,2010.0,Male,0-14 years,0-14,3.0,129565.0,2.32
1712,Chlamydia,274.0,Hawaii,2010.0,Male,15-19 years,15-19,209.0,44590.0,468.71
1713,Chlamydia,274.0,Hawaii,2010.0,Male,20-24 years,20-24,641.0,51981.0,1233.14
1714,Chlamydia,274.0,Hawaii,2010.0,Male,25-29 years,25-29,421.0,50683.0,830.65
1715,Chlamydia,274.0,Hawaii,2010.0,Male,30-34 years,30-34,166.0,44921.0,369.54
1716,Chlamydia,274.0,Hawaii,2010.0,Male,35-39 years,35-39,93.0,43994.0,211.39
1717,Chlamydia,274.0,Hawaii,2010.0,Male,40+ years,40+,138.0,315509.0,43.74
1718,Chlamydia,274.0,Hawaii,2010.0,Male,Unknown,99,4.0,,
1719,Chlamydia,274.0,Hawaii,2011.0,Male,0-14 years,0-14,5.0,130876.0,3.82
1720,Chlamydia,274.0,Hawaii,2011.0,Male,15-19 years,15-19,235.0,43554.0,539.56
1721,Chlamydia,274.0,Hawaii,2011.0,Male,20-24 years,20-24,649.0,53744.0,1207.58
1722,Chlamydia,274.0,Hawaii,2011.0,Male,25-29 years,25-29,378.0,53012.0,713.05
1723,Chlamydia,274.0,Hawaii,2011.0,Male,30-34 years,30-34,169.0,46949.0,359.96
1724,Chlamydia,274.0,Hawaii,2011.0,Male,35-39 years,35-39,101.0,43135.0,234.15
1725,Chlamydia,274.0,Hawaii,2011.0,Male,40+ years,40+,150.0,318535.0,47.09
1726,Chlamydia,274.0,Hawaii,2012.0,Male,0-14 years,0-14,6.0,130919.0,4.58
1727,Chlamydia,274.0,Hawaii,2012.0,Male,15-19 years,15-19,223.0,42469.0,525.09
1728,Chlamydia,274.0,Hawaii,2012.0,Male,20-24 years,20-24,697.0,57662.0,1208.77
1729,Chlamydia,274.0,Hawaii,2012.0,Male,25-29 years,25-29,459.0,56054.0,818.85
1730,Chlamydia,274.0,Hawaii,2012.0,Male,30-34 years,30-34,203.0,49521.0,409.93
1731,Chlamydia,274.0,Hawaii,2012.0,Male,35-39 years,35-39,116.0,43759.0,265.09
1732,Chlamydia,274.0,Hawaii,2012.0,Male,40+ years,40+,181.0,321581.0,56.28
1733,Chlamydia,274.0,Hawaii,2012.0,Male,Unknown,99,3.0,,
1734,Chlamydia,274.0,Hawaii,2013.0,Male,0-14 years,0-14,5.0,133377.0,3.75
1735,Chlamydia,274.0,Hawaii,2013.0,Male,15-19 years,15-19,232.0,41458.0,559.6
1736,Chlamydia,274.0,Hawaii,2013.0,Male,20-24 years,20-24,738.0,58750.0,1256.17
1737,Chlamydia,274.0,Hawaii,2013.0,Male,25-29 years,25-29,477.0,58519.0,815.12
1738,Chlamydia,274.0,Hawaii,2013.0,Male,30-34 years,30-34,237.0,51521.0,460.01
1739,Chlamydia,274.0,Hawaii,2013.0,Male,35-39 years,35-39,119.0,45050.0,264.15
1740,Chlamydia,274.0,Hawaii,2013.0,Male,40+ years,40+,185.0,320939.0,57.64
1741,Chlamydia,274.0,Hawaii,2013.0,Male,Unknown,99,1.0,,
1742,Chlamydia,274.0,Hawaii,2014.0,Male,0-14 years,0-14,3.0,133377.0,2.25
1743,Chlamydia,274.0,Hawaii,2014.0,Male,15-19 years,15-19,163.0,41458.0,393.17
1744,Chlamydia,274.0,Hawaii,2014.0,Male,20-24 years,20-24,744.0,58750.0,1266.38
1745,Chlamydia,274.0,Hawaii,2014.0,Male,25-29 years,25-29,420.0,58519.0,717.72
1746,Chlamydia,274.0,Hawaii,2014.0,Male,30-34 years,30-34,281.0,51521.0,545.41
1747,Chlamydia,274.0,Hawaii,2014.0,Male,35-39 years,35-39,108.0,45050.0,239.73
1748,Chlamydia,274.0,Hawaii,2014.0,Male,40+ years,40+,231.0,320939.0,71.98
1749,Chlamydia,274.0,Idaho,1996.0,Male,0-14 years,0-14,5.0,147960.0,3.38
1750,Chlamydia,274.0,Idaho,1996.0,Male,15-19 years,15-19,91.0,54614.0,166.62
1751,Chlamydia,274.0,Idaho,1996.0,Male,20-24 years,20-24,142.0,43852.0,323.82
1752,Chlamydia,274.0,Idaho,1996.0,Male,25-29 years,25-29,44.0,37916.0,116.05
1753,Chlamydia,274.0,Idaho,1996.0,Male,30-34 years,30-34,28.0,42220.0,66.32
1754,Chlamydia,274.0,Idaho,1996.0,Male,35-39 years,35-39,12.0,48788.0,24.6
1755,Chlamydia,274.0,Idaho,1996.0,Male,40+ years,40+,5.0,225786.0,2.21
1756,Chlamydia,274.0,Idaho,1996.0,Male,Unknown,99,13.0,,
1757,Chlamydia,274.0,Idaho,1997.0,Male,0-14 years,0-14,4.0,149309.0,2.68
1758,Chlamydia,274.0,Idaho,1997.0,Male,15-19 years,15-19,103.0,55883.0,184.31
1759,Chlamydia,274.0,Idaho,1997.0,Male,20-24 years,20-24,145.0,45307.0,320.04
1760,Chlamydia,274.0,Idaho,1997.0,Male,25-29 years,25-29,69.0,39787.0,173.42
1761,Chlamydia,274.0,Idaho,1997.0,Male,30-34 years,30-34,19.0,41566.0,45.71
1762,Chlamydia,274.0,Idaho,1997.0,Male,35-39 years,35-39,11.0,49105.0,22.4
1763,Chlamydia,274.0,Idaho,1997.0,Male,40+ years,40+,5.0,233325.0,2.14
1764,Chlamydia,274.0,Idaho,1997.0,Male,Unknown,99,9.0,,
1765,Chlamydia,274.0,Idaho,1998.0,Male,0-14 years,0-14,8.0,151465.0,5.28
1766,Chlamydia,274.0,Idaho,1998.0,Male,15-19 years,15-19,131.0,56692.0,231.07
1767,Chlamydia,274.0,Idaho,1998.0,Male,20-24 years,20-24,180.0,46638.0,385.95
1768,Chlamydia,274.0,Idaho,1998.0,Male,25-29 years,25-29,80.0,41262.0,193.88
1769,Chlamydia,274.0,Idaho,1998.0,Male,30-34 years,30-34,33.0,41312.0,79.88
1770,Chlamydia,274.0,Idaho,1998.0,Male,35-39 years,35-39,15.0,48827.0,30.72
1771,Chlamydia,274.0,Idaho,1998.0,Male,40+ years,40+,14.0,240240.0,5.83
1772,Chlamydia,274.0,Idaho,1998.0,Male,Unknown,99,13.0,,
1773,Chlamydia,274.0,Idaho,1999.0,Male,0-14 years,0-14,7.0,154014.0,4.55
1774,Chlamydia,274.0,Idaho,1999.0,Male,15-19 years,15-19,126.0,56504.0,222.99
1775,Chlamydia,274.0,Idaho,1999.0,Male,20-24 years,20-24,194.0,48064.0,403.63
1776,Chlamydia,274.0,Idaho,1999.0,Male,25-29 years,25-29,82.0,42785.0,191.66
1777,Chlamydia,274.0,Idaho,1999.0,Male,30-34 years,30-34,19.0,41822.0,45.43
1778,Chlamydia,274.0,Idaho,1999.0,Male,35-39 years,35-39,5.0,48458.0,10.32
1779,Chlamydia,274.0,Idaho,1999.0,Male,40+ years,40+,13.0,247229.0,5.26
1780,Chlamydia,274.0,Idaho,1999.0,Male,Unknown,99,5.0,,
1781,Chlamydia,274.0,Idaho,2000.0,Male,0-14 years,0-14,8.0,156882.0,5.1
1782,Chlamydia,274.0,Idaho,2000.0,Male,15-19 years,15-19,107.0,56179.0,190.46
1783,Chlamydia,274.0,Idaho,2000.0,Male,20-24 years,20-24,197.0,49499.0,397.99
1784,Chlamydia,274.0,Idaho,2000.0,Male,25-29 years,25-29,77.0,43905.0,175.38
1785,Chlamydia,274.0,Idaho,2000.0,Male,30-34 years,30-34,35.0,43293.0,80.84
1786,Chlamydia,274.0,Idaho,2000.0,Male,35-39 years,35-39,15.0,47591.0,31.52
1787,Chlamydia,274.0,Idaho,2000.0,Male,40+ years,40+,23.0,254313.0,9.04
1788,Chlamydia,274.0,Idaho,2001.0,Male,0-14 years,0-14,7.0,156522.0,4.47
1789,Chlamydia,274.0,Idaho,2001.0,Male,15-19 years,15-19,129.0,57016.0,226.25
1790,Chlamydia,274.0,Idaho,2001.0,Male,20-24 years,20-24,221.0,50687.0,436.01
1791,Chlamydia,274.0,Idaho,2001.0,Male,25-29 years,25-29,89.0,44212.0,201.3
1792,Chlamydia,274.0,Idaho,2001.0,Male,30-34 years,30-34,32.0,44266.0,72.29
1793,Chlamydia,274.0,Idaho,2001.0,Male,35-39 years,35-39,20.0,46879.0,42.66
1794,Chlamydia,274.0,Idaho,2001.0,Male,40+ years,40+,26.0,262227.0,9.92
1795,Chlamydia,274.0,Idaho,2001.0,Male,Unknown,99,4.0,,
1796,Chlamydia,274.0,Idaho,2002.0,Male,0-14 years,0-14,3.0,156807.0,1.91
1797,Chlamydia,274.0,Idaho,2002.0,Male,15-19 years,15-19,132.0,56431.0,233.91
1798,Chlamydia,274.0,Idaho,2002.0,Male,20-24 years,20-24,319.0,52531.0,607.26
1799,Chlamydia,274.0,Idaho,2002.0,Male,25-29 years,25-29,105.0,45555.0,230.49
1800,Chlamydia,274.0,Idaho,2002.0,Male,30-34 years,30-34,43.0,45137.0,95.27
1801,Chlamydia,274.0,Idaho,2002.0,Male,35-39 years,35-39,18.0,45911.0,39.21
1802,Chlamydia,274.0,Idaho,2002.0,Male,40+ years,40+,15.0,269573.0,5.56
1803,Chlamydia,274.0,Idaho,2002.0,Male,Unknown,99,6.0,,
1804,Chlamydia,274.0,Idaho,2003.0,Male,0-14 years,0-14,4.0,157808.0,2.53
1805,Chlamydia,274.0,Idaho,2003.0,Male,15-19 years,15-19,102.0,56134.0,181.71
1806,Chlamydia,274.0,Idaho,2003.0,Male,20-24 years,20-24,317.0,54307.0,583.72
1807,Chlamydia,274.0,Idaho,2003.0,Male,25-29 years,25-29,112.0,47640.0,235.1
1808,Chlamydia,274.0,Idaho,2003.0,Male,30-34 years,30-34,39.0,45682.0,85.37
1809,Chlamydia,274.0,Idaho,2003.0,Male,35-39 years,35-39,10.0,45522.0,21.97
1810,Chlamydia,274.0,Idaho,2003.0,Male,40+ years,40+,16.0,277722.0,5.76
1811,Chlamydia,274.0,Idaho,2003.0,Male,Unknown,99,4.0,,
1812,Chlamydia,274.0,Idaho,2004.0,Male,0-14 years,0-14,3.0,158131.0,1.9
1813,Chlamydia,274.0,Idaho,2004.0,Male,15-19 years,15-19,107.0,55786.0,191.8
1814,Chlamydia,274.0,Idaho,2004.0,Male,20-24 years,20-24,308.0,56078.0,549.24
1815,Chlamydia,274.0,Idaho,2004.0,Male,25-29 years,25-29,106.0,49925.0,212.32
1816,Chlamydia,274.0,Idaho,2004.0,Male,30-34 years,30-34,50.0,46635.0,107.22
1817,Chlamydia,274.0,Idaho,2004.0,Male,35-39 years,35-39,21.0,46008.0,45.64
1818,Chlamydia,274.0,Idaho,2004.0,Male,40+ years,40+,21.0,286061.0,7.34
1819,Chlamydia,274.0,Idaho,2004.0,Male,Unknown,99,1.0,,
1820,Chlamydia,274.0,Idaho,2005.0,Male,0-14 years,0-14,5.0,158375.0,3.16
1821,Chlamydia,274.0,Idaho,2005.0,Male,15-19 years,15-19,105.0,56325.0,186.42
1822,Chlamydia,274.0,Idaho,2005.0,Male,20-24 years,20-24,257.0,58222.0,441.41
1823,Chlamydia,274.0,Idaho,2005.0,Male,25-29 years,25-29,127.0,51598.0,246.13
1824,Chlamydia,274.0,Idaho,2005.0,Male,30-34 years,30-34,55.0,47769.0,115.14
1825,Chlamydia,274.0,Idaho,2005.0,Male,35-39 years,35-39,34.0,47484.0,71.6
1826,Chlamydia,274.0,Idaho,2005.0,Male,40+ years,40+,31.0,297104.0,10.43
1827,Chlamydia,274.0,Idaho,2005.0,Male,Unknown,99,2.0,,
1828,Chlamydia,274.0,Idaho,2006.0,Male,0-14 years,0-14,6.0,167286.0,3.59
1829,Chlamydia,274.0,Idaho,2006.0,Male,15-19 years,15-19,167.0,56093.0,297.72
1830,Chlamydia,274.0,Idaho,2006.0,Male,20-24 years,20-24,375.0,56934.0,658.66
1831,Chlamydia,274.0,Idaho,2006.0,Male,25-29 years,25-29,186.0,57880.0,321.36
1832,Chlamydia,274.0,Idaho,2006.0,Male,30-34 years,30-34,94.0,47807.0,196.62
1833,Chlamydia,274.0,Idaho,2006.0,Male,35-39 years,35-39,39.0,48269.0,80.8
1834,Chlamydia,274.0,Idaho,2006.0,Male,40+ years,40+,27.0,304097.0,8.88
1835,Chlamydia,274.0,Idaho,2006.0,Male,Unknown,99,1.0,,
1836,Chlamydia,274.0,Idaho,2007.0,Male,0-14 years,0-14,9.0,173905.0,5.18
1837,Chlamydia,274.0,Idaho,2007.0,Male,15-19 years,15-19,210.0,56398.0,372.35
1838,Chlamydia,274.0,Idaho,2007.0,Male,20-24 years,20-24,419.0,55855.0,750.16
1839,Chlamydia,274.0,Idaho,2007.0,Male,25-29 years,25-29,227.0,58720.0,386.58
1840,Chlamydia,274.0,Idaho,2007.0,Male,30-34 years,30-34,85.0,48977.0,173.55
1841,Chlamydia,274.0,Idaho,2007.0,Male,35-39 years,35-39,49.0,49065.0,99.87
1842,Chlamydia,274.0,Idaho,2007.0,Male,40+ years,40+,30.0,311579.0,9.63
1843,Chlamydia,274.0,Idaho,2007.0,Male,Unknown,99,1.0,,
1844,Chlamydia,274.0,Idaho,2008.0,Male,0-14 years,0-14,5.0,176708.0,2.83
1845,Chlamydia,274.0,Idaho,2008.0,Male,15-19 years,15-19,216.0,56483.0,382.42
1846,Chlamydia,274.0,Idaho,2008.0,Male,20-24 years,20-24,518.0,55562.0,932.29
1847,Chlamydia,274.0,Idaho,2008.0,Male,25-29 years,25-29,197.0,59845.0,329.18
1848,Chlamydia,274.0,Idaho,2008.0,Male,30-34 years,30-34,97.0,50024.0,193.91
1849,Chlamydia,274.0,Idaho,2008.0,Male,35-39 years,35-39,46.0,49841.0,92.29
1850,Chlamydia,274.0,Idaho,2008.0,Male,40+ years,40+,52.0,318117.0,16.35
1851,Chlamydia,274.0,Idaho,2008.0,Male,Unknown,99,2.0,,
1852,Chlamydia,274.0,Idaho,2009.0,Male,0-14 years,0-14,3.0,180037.0,1.67
1853,Chlamydia,274.0,Idaho,2009.0,Male,15-19 years,15-19,242.0,58173.0,416.0
1854,Chlamydia,274.0,Idaho,2009.0,Male,20-24 years,20-24,429.0,59718.0,718.38
1855,Chlamydia,274.0,Idaho,2009.0,Male,25-29 years,25-29,223.0,57133.0,390.32
1856,Chlamydia,274.0,Idaho,2009.0,Male,30-34 years,30-34,85.0,50204.0,169.31
1857,Chlamydia,274.0,Idaho,2009.0,Male,35-39 years,35-39,35.0,49748.0,70.35
1858,Chlamydia,274.0,Idaho,2009.0,Male,40+ years,40+,32.0,320905.0,9.97
1859,Chlamydia,274.0,Idaho,2009.0,Male,Unknown,99,2.0,,
1860,Chlamydia,274.0,Idaho,2010.0,Male,0-14 years,0-14,4.0,184459.0,2.17
1861,Chlamydia,274.0,Idaho,2010.0,Male,15-19 years,15-19,222.0,58936.0,376.68
1862,Chlamydia,274.0,Idaho,2010.0,Male,20-24 years,20-24,509.0,54782.0,929.14
1863,Chlamydia,274.0,Idaho,2010.0,Male,25-29 years,25-29,253.0,54818.0,461.53
1864,Chlamydia,274.0,Idaho,2010.0,Male,30-34 years,30-34,99.0,52206.0,189.63
1865,Chlamydia,274.0,Idaho,2010.0,Male,35-39 years,35-39,48.0,49149.0,97.66
1866,Chlamydia,274.0,Idaho,2010.0,Male,40+ years,40+,48.0,330974.0,14.5
1867,Chlamydia,274.0,Idaho,2011.0,Male,0-14 years,0-14,4.0,183976.0,2.17
1868,Chlamydia,274.0,Idaho,2011.0,Male,15-19 years,15-19,245.0,59001.0,415.25
1869,Chlamydia,274.0,Idaho,2011.0,Male,20-24 years,20-24,563.0,55911.0,1006.96
1870,Chlamydia,274.0,Idaho,2011.0,Male,25-29 years,25-29,280.0,54147.0,517.11
1871,Chlamydia,274.0,Idaho,2011.0,Male,30-34 years,30-34,138.0,53353.0,258.65
1872,Chlamydia,274.0,Idaho,2011.0,Male,35-39 years,35-39,54.0,48417.0,111.53
1873,Chlamydia,274.0,Idaho,2011.0,Male,40+ years,40+,63.0,338822.0,18.59
1874,Chlamydia,274.0,Idaho,2012.0,Male,0-14 years,0-14,3.0,182942.0,1.64
1875,Chlamydia,274.0,Idaho,2012.0,Male,15-19 years,15-19,270.0,58330.0,462.88
1876,Chlamydia,274.0,Idaho,2012.0,Male,20-24 years,20-24,546.0,57033.0,957.34
1877,Chlamydia,274.0,Idaho,2012.0,Male,25-29 years,25-29,282.0,53260.0,529.48
1878,Chlamydia,274.0,Idaho,2012.0,Male,30-34 years,30-34,116.0,53911.0,215.17
1879,Chlamydia,274.0,Idaho,2012.0,Male,35-39 years,35-39,63.0,49098.0,128.31
1880,Chlamydia,274.0,Idaho,2012.0,Male,40+ years,40+,62.0,344038.0,18.02
1881,Chlamydia,274.0,Idaho,2012.0,Male,Unknown,99,2.0,,
1882,Chlamydia,274.0,Idaho,2013.0,Male,0-14 years,0-14,7.0,183176.0,3.82
1883,Chlamydia,274.0,Idaho,2013.0,Male,15-19 years,15-19,290.0,58229.0,498.03
1884,Chlamydia,274.0,Idaho,2013.0,Male,20-24 years,20-24,596.0,57755.0,1031.95
1885,Chlamydia,274.0,Idaho,2013.0,Male,25-29 years,25-29,316.0,53081.0,595.32
1886,Chlamydia,274.0,Idaho,2013.0,Male,30-34 years,30-34,162.0,54382.0,297.89
1887,Chlamydia,274.0,Idaho,2013.0,Male,35-39 years,35-39,92.0,50352.0,182.71
1888,Chlamydia,274.0,Idaho,2013.0,Male,40+ years,40+,61.0,350109.0,17.42
1889,Chlamydia,274.0,Idaho,2013.0,Male,Unknown,99,4.0,,
1890,Chlamydia,274.0,Idaho,2014.0,Male,0-14 years,0-14,3.0,183176.0,1.64
1891,Chlamydia,274.0,Idaho,2014.0,Male,15-19 years,15-19,306.0,58229.0,525.51
1892,Chlamydia,274.0,Idaho,2014.0,Male,20-24 years,20-24,619.0,57755.0,1071.77
1893,Chlamydia,274.0,Idaho,2014.0,Male,25-29 years,25-29,316.0,53081.0,595.32
1894,Chlamydia,274.0,Idaho,2014.0,Male,30-34 years,30-34,164.0,54382.0,301.57
1895,Chlamydia,274.0,Idaho,2014.0,Male,35-39 years,35-39,63.0,50352.0,125.12
1896,Chlamydia,274.0,Idaho,2014.0,Male,40+ years,40+,76.0,350109.0,21.71
1897,Chlamydia,274.0,Illinois,1996.0,Male,0-14 years,0-14,75.0,1364999.0,5.49
1898,Chlamydia,274.0,Illinois,1996.0,Male,15-19 years,15-19,984.0,444118.0,221.56
1899,Chlamydia,274.0,Illinois,1996.0,Male,20-24 years,20-24,1397.0,413506.0,337.84
1900,Chlamydia,274.0,Illinois,1996.0,Male,25-29 years,25-29,957.0,454893.0,210.38
1901,Chlamydia,274.0,Illinois,1996.0,Male,30-34 years,30-34,452.0,504894.0,89.52
1902,Chlamydia,274.0,Illinois,1996.0,Male,35-39 years,35-39,202.0,509617.0,39.64
1903,Chlamydia,274.0,Illinois,1996.0,Male,40+ years,40+,247.0,2216331.0,11.14
1904,Chlamydia,274.0,Illinois,1996.0,Male,Unknown,99,22.0,,
1905,Chlamydia,274.0,Illinois,1997.0,Male,0-14 years,0-14,101.0,1373877.0,7.35
1906,Chlamydia,274.0,Illinois,1997.0,Male,15-19 years,15-19,1554.0,452411.0,343.49
1907,Chlamydia,274.0,Illinois,1997.0,Male,20-24 years,20-24,2099.0,412553.0,508.78
1908,Chlamydia,274.0,Illinois,1997.0,Male,25-29 years,25-29,1018.0,454846.0,223.81
1909,Chlamydia,274.0,Illinois,1997.0,Male,30-34 years,30-34,470.0,490423.0,95.84
1910,Chlamydia,274.0,Illinois,1997.0,Male,35-39 years,35-39,239.0,509366.0,46.92
1911,Chlamydia,274.0,Illinois,1997.0,Male,40+ years,40+,223.0,2258990.0,9.87
1912,Chlamydia,274.0,Illinois,1997.0,Male,Unknown,99,2.0,,
1913,Chlamydia,274.0,Illinois,1998.0,Male,0-14 years,0-14,79.0,1375304.0,5.74
1914,Chlamydia,274.0,Illinois,1998.0,Male,15-19 years,15-19,1568.0,459980.0,340.88
1915,Chlamydia,274.0,Illinois,1998.0,Male,20-24 years,20-24,1475.0,417756.0,353.08
1916,Chlamydia,274.0,Illinois,1998.0,Male,25-29 years,25-29,674.0,455476.0,147.98
1917,Chlamydia,274.0,Illinois,1998.0,Male,30-34 years,30-34,327.0,477665.0,68.46
1918,Chlamydia,274.0,Illinois,1998.0,Male,35-39 years,35-39,198.0,507279.0,39.03
1919,Chlamydia,274.0,Illinois,1998.0,Male,40+ years,40+,187.0,2306031.0,8.11
1920,Chlamydia,274.0,Illinois,1998.0,Male,Unknown,99,10.0,,
1921,Chlamydia,274.0,Illinois,1999.0,Male,0-14 years,0-14,84.0,1384011.0,6.07
1922,Chlamydia,274.0,Illinois,1999.0,Male,15-19 years,15-19,2322.0,462476.0,502.08
1923,Chlamydia,274.0,Illinois,1999.0,Male,20-24 years,20-24,2566.0,425667.0,602.82
1924,Chlamydia,274.0,Illinois,1999.0,Male,25-29 years,25-29,1338.0,452885.0,295.44
1925,Chlamydia,274.0,Illinois,1999.0,Male,30-34 years,30-34,623.0,466410.0,133.57
1926,Chlamydia,274.0,Illinois,1999.0,Male,35-39 years,35-39,350.0,502699.0,69.62
1927,Chlamydia,274.0,Illinois,1999.0,Male,40+ years,40+,347.0,2351522.0,14.76
1928,Chlamydia,274.0,Illinois,1999.0,Male,Unknown,99,12.0,,
1929,Chlamydia,274.0,Illinois,2000.0,Male,0-14 years,0-14,77.0,1380981.0,5.58
1930,Chlamydia,274.0,Illinois,2000.0,Male,15-19 years,15-19,2169.0,461362.0,470.13
1931,Chlamydia,274.0,Illinois,2000.0,Male,20-24 years,20-24,3270.0,438056.0,746.48
1932,Chlamydia,274.0,Illinois,2000.0,Male,25-29 years,25-29,1480.0,449609.0,329.18
1933,Chlamydia,274.0,Illinois,2000.0,Male,30-34 years,30-34,718.0,466120.0,154.04
1934,Chlamydia,274.0,Illinois,2000.0,Male,35-39 years,35-39,436.0,495093.0,88.06
1935,Chlamydia,274.0,Illinois,2000.0,Male,40+ years,40+,400.0,2400622.0,16.66
1936,Chlamydia,274.0,Illinois,2000.0,Male,Unknown,99,28.0,,
1937,Chlamydia,274.0,Illinois,2001.0,Male,0-14 years,0-14,84.0,1388892.0,6.05
1938,Chlamydia,274.0,Illinois,2001.0,Male,15-19 years,15-19,2737.0,457397.0,598.39
1939,Chlamydia,274.0,Illinois,2001.0,Male,20-24 years,20-24,3958.0,443986.0,891.47
1940,Chlamydia,274.0,Illinois,2001.0,Male,25-29 years,25-29,1714.0,442916.0,386.98
1941,Chlamydia,274.0,Illinois,2001.0,Male,30-34 years,30-34,948.0,470650.0,201.42
1942,Chlamydia,274.0,Illinois,2001.0,Male,35-39 years,35-39,548.0,486416.0,112.66
1943,Chlamydia,274.0,Illinois,2001.0,Male,40+ years,40+,577.0,2443794.0,23.61
1944,Chlamydia,274.0,Illinois,2001.0,Male,Unknown,99,22.0,,
1945,Chlamydia,274.0,Illinois,2002.0,Male,0-14 years,0-14,71.0,1391676.0,5.1
1946,Chlamydia,274.0,Illinois,2002.0,Male,15-19 years,15-19,3209.0,454323.0,706.33
1947,Chlamydia,274.0,Illinois,2002.0,Male,20-24 years,20-24,5262.0,450774.0,1167.33
1948,Chlamydia,274.0,Illinois,2002.0,Male,25-29 years,25-29,2503.0,438738.0,570.5
1949,Chlamydia,274.0,Illinois,2002.0,Male,30-34 years,30-34,1325.0,476246.0,278.22
1950,Chlamydia,274.0,Illinois,2002.0,Male,35-39 years,35-39,749.0,477750.0,156.78
1951,Chlamydia,274.0,Illinois,2002.0,Male,40+ years,40+,798.0,2487799.0,32.08
1952,Chlamydia,274.0,Illinois,2002.0,Male,Unknown,99,25.0,,
1953,Chlamydia,274.0,Illinois,2003.0,Male,0-14 years,0-14,72.0,1379582.0,5.22
1954,Chlamydia,274.0,Illinois,2003.0,Male,15-19 years,15-19,2640.0,453944.0,581.57
1955,Chlamydia,274.0,Illinois,2003.0,Male,20-24 years,20-24,4450.0,465158.0,956.66
1956,Chlamydia,274.0,Illinois,2003.0,Male,25-29 years,25-29,2296.0,442099.0,519.34
1957,Chlamydia,274.0,Illinois,2003.0,Male,30-34 years,30-34,1198.0,473172.0,253.19
1958,Chlamydia,274.0,Illinois,2003.0,Male,35-39 years,35-39,626.0,467344.0,133.95
1959,Chlamydia,274.0,Illinois,2003.0,Male,40+ years,40+,714.0,2528340.0,28.24
1960,Chlamydia,274.0,Illinois,2003.0,Male,Unknown,99,13.0,,
1961,Chlamydia,274.0,Illinois,2004.0,Male,0-14 years,0-14,60.0,1379540.0,4.35
1962,Chlamydia,274.0,Illinois,2004.0,Male,15-19 years,15-19,2548.0,457163.0,557.35
1963,Chlamydia,274.0,Illinois,2004.0,Male,20-24 years,20-24,4057.0,468164.0,866.58
1964,Chlamydia,274.0,Illinois,2004.0,Male,25-29 years,25-29,2236.0,446006.0,501.34
1965,Chlamydia,274.0,Illinois,2004.0,Male,30-34 years,30-34,1068.0,467435.0,228.48
1966,Chlamydia,274.0,Illinois,2004.0,Male,35-39 years,35-39,569.0,459526.0,123.82
1967,Chlamydia,274.0,Illinois,2004.0,Male,40+ years,40+,637.0,2565382.0,24.83
1968,Chlamydia,274.0,Illinois,2004.0,Male,Unknown,99,12.0,,
1969,Chlamydia,274.0,Illinois,2005.0,Male,0-14 years,0-14,58.0,1374260.0,4.22
1970,Chlamydia,274.0,Illinois,2005.0,Male,15-19 years,15-19,3021.0,460939.0,655.4
1971,Chlamydia,274.0,Illinois,2005.0,Male,20-24 years,20-24,4824.0,465100.0,1037.2
1972,Chlamydia,274.0,Illinois,2005.0,Male,25-29 years,25-29,2565.0,452987.0,566.24
1973,Chlamydia,274.0,Illinois,2005.0,Male,30-34 years,30-34,1162.0,458221.0,253.59
1974,Chlamydia,274.0,Illinois,2005.0,Male,35-39 years,35-39,582.0,458519.0,126.93
1975,Chlamydia,274.0,Illinois,2005.0,Male,40+ years,40+,657.0,2600974.0,25.26
1976,Chlamydia,274.0,Illinois,2005.0,Male,Unknown,99,17.0,,
1977,Chlamydia,274.0,Illinois,2006.0,Male,0-14 years,0-14,68.0,1359349.0,5.0
1978,Chlamydia,274.0,Illinois,2006.0,Male,15-19 years,15-19,3181.0,474558.0,670.31
1979,Chlamydia,274.0,Illinois,2006.0,Male,20-24 years,20-24,5074.0,469839.0,1079.94
1980,Chlamydia,274.0,Illinois,2006.0,Male,25-29 years,25-29,2882.0,465877.0,618.62
1981,Chlamydia,274.0,Illinois,2006.0,Male,30-34 years,30-34,1305.0,449753.0,290.16
1982,Chlamydia,274.0,Illinois,2006.0,Male,35-39 years,35-39,663.0,459792.0,144.2
1983,Chlamydia,274.0,Illinois,2006.0,Male,40+ years,40+,701.0,2638292.0,26.57
1984,Chlamydia,274.0,Illinois,2006.0,Male,Unknown,99,7.0,,
1985,Chlamydia,274.0,Illinois,2007.0,Male,0-14 years,0-14,59.0,1352294.0,4.36
1986,Chlamydia,274.0,Illinois,2007.0,Male,15-19 years,15-19,3349.0,478565.0,699.8
1987,Chlamydia,274.0,Illinois,2007.0,Male,20-24 years,20-24,4989.0,471335.0,1058.48
1988,Chlamydia,274.0,Illinois,2007.0,Male,25-29 years,25-29,2645.0,463049.0,571.21
1989,Chlamydia,274.0,Illinois,2007.0,Male,30-34 years,30-34,1249.0,445802.0,280.17
1990,Chlamydia,274.0,Illinois,2007.0,Male,35-39 years,35-39,704.0,460076.0,153.02
1991,Chlamydia,274.0,Illinois,2007.0,Male,40+ years,40+,737.0,2662281.0,27.68
1992,Chlamydia,274.0,Illinois,2007.0,Male,Unknown,99,4.0,,
1993,Chlamydia,274.0,Illinois,2008.0,Male,0-14 years,0-14,100.0,1345891.0,7.43
1994,Chlamydia,274.0,Illinois,2008.0,Male,15-19 years,15-19,4227.0,482589.0,875.9
1995,Chlamydia,274.0,Illinois,2008.0,Male,20-24 years,20-24,5719.0,471233.0,1213.62
1996,Chlamydia,274.0,Illinois,2008.0,Male,25-29 years,25-29,3060.0,469049.0,652.38
1997,Chlamydia,274.0,Illinois,2008.0,Male,30-34 years,30-34,1369.0,444662.0,307.87
1998,Chlamydia,274.0,Illinois,2008.0,Male,35-39 years,35-39,702.0,455294.0,154.19
1999,Chlamydia,274.0,Illinois,2008.0,Male,40+ years,40+,863.0,2691188.0,32.07
2000,Chlamydia,274.0,Illinois,2008.0,Male,Unknown,99,12.0,,
2001,Chlamydia,274.0,Illinois,2009.0,Male,0-14 years,0-14,104.0,1346691.0,7.72
2002,Chlamydia,274.0,Illinois,2009.0,Male,15-19 years,15-19,4172.0,473426.0,881.24
2003,Chlamydia,274.0,Illinois,2009.0,Male,20-24 years,20-24,5766.0,469033.0,1229.34
2004,Chlamydia,274.0,Illinois,2009.0,Male,25-29 years,25-29,2969.0,472010.0,629.01
2005,Chlamydia,274.0,Illinois,2009.0,Male,30-34 years,30-34,1345.0,435227.0,309.03
2006,Chlamydia,274.0,Illinois,2009.0,Male,35-39 years,35-39,719.0,443395.0,162.16
2007,Chlamydia,274.0,Illinois,2009.0,Male,40+ years,40+,884.0,2719844.0,32.5
2008,Chlamydia,274.0,Illinois,2009.0,Male,Unknown,99,5.0,,
2009,Chlamydia,274.0,Illinois,2010.0,Male,0-14 years,0-14,109.0,1313609.0,8.3
2010,Chlamydia,274.0,Illinois,2010.0,Male,15-19 years,15-19,4120.0,473736.0,869.68
2011,Chlamydia,274.0,Illinois,2010.0,Male,20-24 years,20-24,5779.0,447513.0,1291.36
2012,Chlamydia,274.0,Illinois,2010.0,Male,25-29 years,25-29,2968.0,456887.0,649.61
2013,Chlamydia,274.0,Illinois,2010.0,Male,30-34 years,30-34,1420.0,433782.0,327.35
2014,Chlamydia,274.0,Illinois,2010.0,Male,35-39 years,35-39,701.0,426476.0,164.37
2015,Chlamydia,274.0,Illinois,2010.0,Male,40+ years,40+,856.0,2740273.0,31.24
2016,Chlamydia,274.0,Illinois,2010.0,Male,Unknown,99,4.0,,
2017,Chlamydia,274.0,Illinois,2011.0,Male,0-14 years,0-14,127.0,1302599.0,9.75
2018,Chlamydia,274.0,Illinois,2011.0,Male,15-19 years,15-19,4823.0,467166.0,1032.4
2019,Chlamydia,274.0,Illinois,2011.0,Male,20-24 years,20-24,6565.0,449936.0,1459.1
2020,Chlamydia,274.0,Illinois,2011.0,Male,25-29 years,25-29,3316.0,455853.0,727.43
2021,Chlamydia,274.0,Illinois,2011.0,Male,30-34 years,30-34,1573.0,441942.0,355.93
2022,Chlamydia,274.0,Illinois,2011.0,Male,35-39 years,35-39,717.0,414907.0,172.81
2023,Chlamydia,274.0,Illinois,2011.0,Male,40+ years,40+,961.0,2781791.0,34.55
2024,Chlamydia,274.0,Illinois,2011.0,Male,Unknown,99,1.0,,
2025,Chlamydia,274.0,Illinois,2012.0,Male,0-14 years,0-14,114.0,1290760.0,8.83
2026,Chlamydia,274.0,Illinois,2012.0,Male,15-19 years,15-19,4960.0,458318.0,1082.22
2027,Chlamydia,274.0,Illinois,2012.0,Male,20-24 years,20-24,7030.0,456016.0,1541.61
2028,Chlamydia,274.0,Illinois,2012.0,Male,25-29 years,25-29,3435.0,450935.0,761.75
2029,Chlamydia,274.0,Illinois,2012.0,Male,30-34 years,30-34,1647.0,446070.0,369.23
2030,Chlamydia,274.0,Illinois,2012.0,Male,35-39 years,35-39,787.0,411342.0,191.32
2031,Chlamydia,274.0,Illinois,2012.0,Male,40+ years,40+,1003.0,2806014.0,35.74
2032,Chlamydia,274.0,Illinois,2012.0,Male,Unknown,99,1.0,,
2033,Chlamydia,274.0,Illinois,2013.0,Male,0-14 years,0-14,103.0,1274959.0,8.08
2034,Chlamydia,274.0,Illinois,2013.0,Male,15-19 years,15-19,4207.0,449966.0,934.96
2035,Chlamydia,274.0,Illinois,2013.0,Male,20-24 years,20-24,6667.0,462041.0,1442.95
2036,Chlamydia,274.0,Illinois,2013.0,Male,25-29 years,25-29,3421.0,448154.0,763.35
2037,Chlamydia,274.0,Illinois,2013.0,Male,30-34 years,30-34,1622.0,449080.0,361.18
2038,Chlamydia,274.0,Illinois,2013.0,Male,35-39 years,35-39,835.0,412840.0,202.26
2039,Chlamydia,274.0,Illinois,2013.0,Male,40+ years,40+,1088.0,2829443.0,38.45
2040,Chlamydia,274.0,Illinois,2014.0,Male,0-14 years,0-14,121.0,1274959.0,9.49
2041,Chlamydia,274.0,Illinois,2014.0,Male,15-19 years,15-19,4347.0,449966.0,966.07
2042,Chlamydia,274.0,Illinois,2014.0,Male,20-24 years,20-24,7211.0,462041.0,1560.68
2043,Chlamydia,274.0,Illinois,2014.0,Male,25-29 years,25-29,4031.0,448154.0,899.47
2044,Chlamydia,274.0,Illinois,2014.0,Male,30-34 years,30-34,2002.0,449080.0,445.8
2045,Chlamydia,274.0,Illinois,2014.0,Male,35-39 years,35-39,918.0,412840.0,222.36
2046,Chlamydia,274.0,Illinois,2014.0,Male,40+ years,40+,1278.0,2829443.0,45.17
2047,Chlamydia,274.0,Indiana,1996.0,Male,0-14 years,0-14,32.0,642721.0,4.98
2048,Chlamydia,274.0,Indiana,1996.0,Male,15-19 years,15-19,576.0,226918.0,253.84
2049,Chlamydia,274.0,Indiana,1996.0,Male,20-24 years,20-24,589.0,209892.0,280.62
2050,Chlamydia,274.0,Indiana,1996.0,Male,25-29 years,25-29,280.0,214234.0,130.7
2051,Chlamydia,274.0,Indiana,1996.0,Male,30-34 years,30-34,118.0,224196.0,52.63
2052,Chlamydia,274.0,Indiana,1996.0,Male,35-39 years,35-39,57.0,245227.0,23.24
2053,Chlamydia,274.0,Indiana,1996.0,Male,40+ years,40+,43.0,1119447.0,3.84
2054,Chlamydia,274.0,Indiana,1996.0,Male,Unknown,99,18.0,,
2055,Chlamydia,274.0,Indiana,1997.0,Male,0-14 years,0-14,38.0,651278.0,5.83
2056,Chlamydia,274.0,Indiana,1997.0,Male,15-19 years,15-19,528.0,230892.0,228.68
2057,Chlamydia,274.0,Indiana,1997.0,Male,20-24 years,20-24,718.0,208325.0,344.65
2058,Chlamydia,274.0,Indiana,1997.0,Male,25-29 years,25-29,311.0,215969.0,144.0
2059,Chlamydia,274.0,Indiana,1997.0,Male,30-34 years,30-34,143.0,217428.0,65.77
2060,Chlamydia,274.0,Indiana,1997.0,Male,35-39 years,35-39,54.0,244131.0,22.12
2061,Chlamydia,274.0,Indiana,1997.0,Male,40+ years,40+,62.0,1141954.0,5.43
2062,Chlamydia,274.0,Indiana,1997.0,Male,Unknown,99,14.0,,
2063,Chlamydia,274.0,Indiana,1998.0,Male,0-14 years,0-14,47.0,658181.0,7.14
2064,Chlamydia,274.0,Indiana,1998.0,Male,15-19 years,15-19,629.0,233476.0,269.41
2065,Chlamydia,274.0,Indiana,1998.0,Male,20-24 years,20-24,732.0,210240.0,348.17
2066,Chlamydia,274.0,Indiana,1998.0,Male,25-29 years,25-29,358.0,213984.0,167.3
2067,Chlamydia,274.0,Indiana,1998.0,Male,30-34 years,30-34,166.0,212604.0,78.08
2068,Chlamydia,274.0,Indiana,1998.0,Male,35-39 years,35-39,67.0,242050.0,27.68
2069,Chlamydia,274.0,Indiana,1998.0,Male,40+ years,40+,74.0,1163168.0,6.36
2070,Chlamydia,274.0,Indiana,1998.0,Male,Unknown,99,9.0,,
2071,Chlamydia,274.0,Indiana,1999.0,Male,0-14 years,0-14,50.0,666601.0,7.5
2072,Chlamydia,274.0,Indiana,1999.0,Male,15-19 years,15-19,666.0,233591.0,285.11
2073,Chlamydia,274.0,Indiana,1999.0,Male,20-24 years,20-24,843.0,213638.0,394.59
2074,Chlamydia,274.0,Indiana,1999.0,Male,25-29 years,25-29,400.0,210370.0,190.14
2075,Chlamydia,274.0,Indiana,1999.0,Male,30-34 years,30-34,171.0,210971.0,81.05
2076,Chlamydia,274.0,Indiana,1999.0,Male,35-39 years,35-39,107.0,240503.0,44.49
2077,Chlamydia,274.0,Indiana,1999.0,Male,40+ years,40+,83.0,1185944.0,7.0
2078,Chlamydia,274.0,Indiana,1999.0,Male,Unknown,99,10.0,,
2079,Chlamydia,274.0,Indiana,2000.0,Male,0-14 years,0-14,39.0,676672.0,5.76
2080,Chlamydia,274.0,Indiana,2000.0,Male,15-19 years,15-19,806.0,231724.0,347.83
2081,Chlamydia,274.0,Indiana,2000.0,Male,20-24 years,20-24,1131.0,218558.0,517.48
2082,Chlamydia,274.0,Indiana,2000.0,Male,25-29 years,25-29,579.0,204649.0,282.92
2083,Chlamydia,274.0,Indiana,2000.0,Male,30-34 years,30-34,271.0,212975.0,127.25
2084,Chlamydia,274.0,Indiana,2000.0,Male,35-39 years,35-39,130.0,236247.0,55.03
2085,Chlamydia,274.0,Indiana,2000.0,Male,40+ years,40+,136.0,1208068.0,11.26
2086,Chlamydia,274.0,Indiana,2000.0,Male,Unknown,99,1.0,,
2087,Chlamydia,274.0,Indiana,2001.0,Male,0-14 years,0-14,24.0,677573.0,3.54
2088,Chlamydia,274.0,Indiana,2001.0,Male,15-19 years,15-19,869.0,227077.0,382.69
2089,Chlamydia,274.0,Indiana,2001.0,Male,20-24 years,20-24,1314.0,226690.0,579.65
2090,Chlamydia,274.0,Indiana,2001.0,Male,25-29 years,25-29,684.0,200370.0,341.37
2091,Chlamydia,274.0,Indiana,2001.0,Male,30-34 years,30-34,287.0,214861.0,133.57
2092,Chlamydia,274.0,Indiana,2001.0,Male,35-39 years,35-39,155.0,231550.0,66.94
2093,Chlamydia,274.0,Indiana,2001.0,Male,40+ years,40+,147.0,1229603.0,11.96
2094,Chlamydia,274.0,Indiana,2001.0,Male,Unknown,99,75.0,,
2095,Chlamydia,274.0,Indiana,2002.0,Male,0-14 years,0-14,34.0,680560.0,5.0
2096,Chlamydia,274.0,Indiana,2002.0,Male,15-19 years,15-19,884.0,225316.0,392.34
2097,Chlamydia,274.0,Indiana,2002.0,Male,20-24 years,20-24,1491.0,231374.0,644.41
2098,Chlamydia,274.0,Indiana,2002.0,Male,25-29 years,25-29,724.0,199689.0,362.56
2099,Chlamydia,274.0,Indiana,2002.0,Male,30-34 years,30-34,351.0,216039.0,162.47
2100,Chlamydia,274.0,Indiana,2002.0,Male,35-39 years,35-39,177.0,226135.0,78.27
2101,Chlamydia,274.0,Indiana,2002.0,Male,40+ years,40+,146.0,1246182.0,11.72
2102,Chlamydia,274.0,Indiana,2002.0,Male,Unknown,99,38.0,,
2103,Chlamydia,274.0,Indiana,2003.0,Male,0-14 years,0-14,21.0,684305.0,3.07
2104,Chlamydia,274.0,Indiana,2003.0,Male,15-19 years,15-19,836.0,226520.0,369.06
2105,Chlamydia,274.0,Indiana,2003.0,Male,20-24 years,20-24,1492.0,234221.0,637.0
2106,Chlamydia,274.0,Indiana,2003.0,Male,25-29 years,25-29,737.0,203333.0,362.46
2107,Chlamydia,274.0,Indiana,2003.0,Male,30-34 years,30-34,335.0,211789.0,158.18
2108,Chlamydia,274.0,Indiana,2003.0,Male,35-39 years,35-39,182.0,219051.0,83.09
2109,Chlamydia,274.0,Indiana,2003.0,Male,40+ years,40+,174.0,1267508.0,13.73
2110,Chlamydia,274.0,Indiana,2003.0,Male,Unknown,99,26.0,,
2111,Chlamydia,274.0,Indiana,2004.0,Male,0-14 years,0-14,25.0,681713.0,3.67
2112,Chlamydia,274.0,Indiana,2004.0,Male,15-19 years,15-19,976.0,227843.0,428.37
2113,Chlamydia,274.0,Indiana,2004.0,Male,20-24 years,20-24,1589.0,232844.0,682.43
2114,Chlamydia,274.0,Indiana,2004.0,Male,25-29 years,25-29,810.0,210626.0,384.57
2115,Chlamydia,274.0,Indiana,2004.0,Male,30-34 years,30-34,325.0,209583.0,155.07
2116,Chlamydia,274.0,Indiana,2004.0,Male,35-39 years,35-39,162.0,214867.0,75.4
2117,Chlamydia,274.0,Indiana,2004.0,Male,40+ years,40+,176.0,1291499.0,13.63
2118,Chlamydia,274.0,Indiana,2004.0,Male,Unknown,99,17.0,,
2119,Chlamydia,274.0,Indiana,2005.0,Male,0-14 years,0-14,25.0,679339.0,3.68
2120,Chlamydia,274.0,Indiana,2005.0,Male,15-19 years,15-19,1110.0,230428.0,481.71
2121,Chlamydia,274.0,Indiana,2005.0,Male,20-24 years,20-24,1822.0,228563.0,797.15
2122,Chlamydia,274.0,Indiana,2005.0,Male,25-29 years,25-29,935.0,219753.0,425.48
2123,Chlamydia,274.0,Indiana,2005.0,Male,30-34 years,30-34,398.0,205356.0,193.81
2124,Chlamydia,274.0,Indiana,2005.0,Male,35-39 years,35-39,198.0,213601.0,92.7
2125,Chlamydia,274.0,Indiana,2005.0,Male,40+ years,40+,202.0,1311265.0,15.4
2126,Chlamydia,274.0,Indiana,2005.0,Male,Unknown,99,13.0,,
2127,Chlamydia,274.0,Indiana,2006.0,Male,0-14 years,0-14,44.0,666780.0,6.6
2128,Chlamydia,274.0,Indiana,2006.0,Male,15-19 years,15-19,1139.0,231270.0,492.5
2129,Chlamydia,274.0,Indiana,2006.0,Male,20-24 years,20-24,1821.0,227992.0,798.71
2130,Chlamydia,274.0,Indiana,2006.0,Male,25-29 years,25-29,924.0,225955.0,408.93
2131,Chlamydia,274.0,Indiana,2006.0,Male,30-34 years,30-34,415.0,205375.0,202.07
2132,Chlamydia,274.0,Indiana,2006.0,Male,35-39 years,35-39,233.0,216109.0,107.82
2133,Chlamydia,274.0,Indiana,2006.0,Male,40+ years,40+,250.0,1337022.0,18.7
2134,Chlamydia,274.0,Indiana,2006.0,Male,Unknown,99,23.0,,
2135,Chlamydia,274.0,Indiana,2007.0,Male,0-14 years,0-14,64.0,670463.0,9.55
2136,Chlamydia,274.0,Indiana,2007.0,Male,15-19 years,15-19,1135.0,232554.0,488.06
2137,Chlamydia,274.0,Indiana,2007.0,Male,20-24 years,20-24,1882.0,219579.0,857.1
2138,Chlamydia,274.0,Indiana,2007.0,Male,25-29 years,25-29,1026.0,226856.0,452.27
2139,Chlamydia,274.0,Indiana,2007.0,Male,30-34 years,30-34,438.0,206075.0,212.54
2140,Chlamydia,274.0,Indiana,2007.0,Male,35-39 years,35-39,238.0,217225.0,109.56
2141,Chlamydia,274.0,Indiana,2007.0,Male,40+ years,40+,249.0,1353828.0,18.39
2142,Chlamydia,274.0,Indiana,2008.0,Male,0-14 years,0-14,44.0,671104.0,6.56
2143,Chlamydia,274.0,Indiana,2008.0,Male,15-19 years,15-19,1431.0,232023.0,616.75
2144,Chlamydia,274.0,Indiana,2008.0,Male,20-24 years,20-24,2030.0,218170.0,930.47
2145,Chlamydia,274.0,Indiana,2008.0,Male,25-29 years,25-29,1091.0,225735.0,483.31
2146,Chlamydia,274.0,Indiana,2008.0,Male,30-34 years,30-34,461.0,207531.0,222.13
2147,Chlamydia,274.0,Indiana,2008.0,Male,35-39 years,35-39,255.0,217163.0,117.42
2148,Chlamydia,274.0,Indiana,2008.0,Male,40+ years,40+,240.0,1370784.0,17.51
2149,Chlamydia,274.0,Indiana,2008.0,Male,Unknown,99,20.0,,
2150,Chlamydia,274.0,Indiana,2009.0,Male,0-14 years,0-14,25.0,673655.0,3.71
2151,Chlamydia,274.0,Indiana,2009.0,Male,15-19 years,15-19,1403.0,236756.0,592.59
2152,Chlamydia,274.0,Indiana,2009.0,Male,20-24 years,20-24,2137.0,231379.0,923.59
2153,Chlamydia,274.0,Indiana,2009.0,Male,25-29 years,25-29,978.0,220497.0,443.54
2154,Chlamydia,274.0,Indiana,2009.0,Male,30-34 years,30-34,467.0,204417.0,228.46
2155,Chlamydia,274.0,Indiana,2009.0,Male,35-39 years,35-39,256.0,212876.0,120.26
2156,Chlamydia,274.0,Indiana,2009.0,Male,40+ years,40+,218.0,1385108.0,15.74
2157,Chlamydia,274.0,Indiana,2009.0,Male,Unknown,99,18.0,,
2158,Chlamydia,274.0,Indiana,2010.0,Male,0-14 years,0-14,20.0,680515.0,2.94
2159,Chlamydia,274.0,Indiana,2010.0,Male,15-19 years,15-19,1631.0,243490.0,669.84
2160,Chlamydia,274.0,Indiana,2010.0,Male,20-24 years,20-24,2565.0,228268.0,1123.68
2161,Chlamydia,274.0,Indiana,2010.0,Male,25-29 years,25-29,1185.0,210811.0,562.12
2162,Chlamydia,274.0,Indiana,2010.0,Male,30-34 years,30-34,512.0,204713.0,250.11
2163,Chlamydia,274.0,Indiana,2010.0,Male,35-39 years,35-39,270.0,208907.0,129.24
2164,Chlamydia,274.0,Indiana,2010.0,Male,40+ years,40+,257.0,1413033.0,18.19
2165,Chlamydia,274.0,Indiana,2010.0,Male,Unknown,99,11.0,,
2166,Chlamydia,274.0,Indiana,2011.0,Male,0-14 years,0-14,37.0,676298.0,5.47
2167,Chlamydia,274.0,Indiana,2011.0,Male,15-19 years,15-19,1888.0,241180.0,782.82
2168,Chlamydia,274.0,Indiana,2011.0,Male,20-24 years,20-24,2980.0,233320.0,1277.22
2169,Chlamydia,274.0,Indiana,2011.0,Male,25-29 years,25-29,1379.0,209382.0,658.61
2170,Chlamydia,274.0,Indiana,2011.0,Male,30-34 years,30-34,713.0,209649.0,340.09
2171,Chlamydia,274.0,Indiana,2011.0,Male,35-39 years,35-39,327.0,201210.0,162.52
2172,Chlamydia,274.0,Indiana,2011.0,Male,40+ years,40+,357.0,1435946.0,24.86
2173,Chlamydia,274.0,Indiana,2012.0,Male,0-14 years,0-14,34.0,675051.0,5.04
2174,Chlamydia,274.0,Indiana,2012.0,Male,15-19 years,15-19,1803.0,235235.0,766.47
2175,Chlamydia,274.0,Indiana,2012.0,Male,20-24 years,20-24,3069.0,240409.0,1276.57
2176,Chlamydia,274.0,Indiana,2012.0,Male,25-29 years,25-29,1428.0,207869.0,686.97
2177,Chlamydia,274.0,Indiana,2012.0,Male,30-34 years,30-34,784.0,211573.0,370.56
2178,Chlamydia,274.0,Indiana,2012.0,Male,35-39 years,35-39,310.0,198820.0,155.92
2179,Chlamydia,274.0,Indiana,2012.0,Male,40+ years,40+,422.0,1449233.0,29.12
2180,Chlamydia,274.0,Indiana,2013.0,Male,0-14 years,0-14,28.0,672897.0,4.16
2181,Chlamydia,274.0,Indiana,2013.0,Male,15-19 years,15-19,1680.0,233474.0,719.57
2182,Chlamydia,274.0,Indiana,2013.0,Male,20-24 years,20-24,3034.0,243647.0,1245.24
2183,Chlamydia,274.0,Indiana,2013.0,Male,25-29 years,25-29,1482.0,209775.0,706.47
2184,Chlamydia,274.0,Indiana,2013.0,Male,30-34 years,30-34,752.0,212754.0,353.46
2185,Chlamydia,274.0,Indiana,2013.0,Male,35-39 years,35-39,350.0,200128.0,174.89
2186,Chlamydia,274.0,Indiana,2013.0,Male,40+ years,40+,381.0,1463593.0,26.03
2187,Chlamydia,274.0,Indiana,2013.0,Male,Unknown,99,1.0,,
2188,Chlamydia,274.0,Indiana,2014.0,Male,0-14 years,0-14,20.0,672897.0,2.97
2189,Chlamydia,274.0,Indiana,2014.0,Male,15-19 years,15-19,1659.0,233474.0,710.57
2190,Chlamydia,274.0,Indiana,2014.0,Male,20-24 years,20-24,3120.0,243647.0,1280.54
2191,Chlamydia,274.0,Indiana,2014.0,Male,25-29 years,25-29,1617.0,209775.0,770.83
2192,Chlamydia,274.0,Indiana,2014.0,Male,30-34 years,30-34,740.0,212754.0,347.82
2193,Chlamydia,274.0,Indiana,2014.0,Male,35-39 years,35-39,338.0,200128.0,168.89
2194,Chlamydia,274.0,Indiana,2014.0,Male,40+ years,40+,426.0,1463593.0,29.11
2195,Chlamydia,274.0,Indiana,2014.0,Male,Unknown,99,1.0,,
2196,Chlamydia,274.0,Iowa,1996.0,Male,0-14 years,0-14,7.0,305130.0,2.29
2197,Chlamydia,274.0,Iowa,1996.0,Male,15-19 years,15-19,198.0,113471.0,174.49
2198,Chlamydia,274.0,Iowa,1996.0,Male,20-24 years,20-24,296.0,96850.0,305.63
2199,Chlamydia,274.0,Iowa,1996.0,Male,25-29 years,25-29,113.0,97464.0,115.94
2200,Chlamydia,274.0,Iowa,1996.0,Male,30-34 years,30-34,50.0,99478.0,50.26
2201,Chlamydia,274.0,Iowa,1996.0,Male,35-39 years,35-39,22.0,115563.0,19.04
2202,Chlamydia,274.0,Iowa,1996.0,Male,40+ years,40+,28.0,577835.0,4.85
2203,Chlamydia,274.0,Iowa,1996.0,Male,Unknown,99,8.0,,
2204,Chlamydia,274.0,Iowa,1997.0,Male,0-14 years,0-14,7.0,304654.0,2.3
2205,Chlamydia,274.0,Iowa,1997.0,Male,15-19 years,15-19,268.0,115569.0,231.9
2206,Chlamydia,274.0,Iowa,1997.0,Male,20-24 years,20-24,399.0,96916.0,411.7
2207,Chlamydia,274.0,Iowa,1997.0,Male,25-29 years,25-29,173.0,97321.0,177.76
2208,Chlamydia,274.0,Iowa,1997.0,Male,30-34 years,30-34,72.0,96012.0,74.99
2209,Chlamydia,274.0,Iowa,1997.0,Male,35-39 years,35-39,48.0,114526.0,41.91
2210,Chlamydia,274.0,Iowa,1997.0,Male,40+ years,40+,25.0,587675.0,4.25
2211,Chlamydia,274.0,Iowa,1997.0,Male,Unknown,99,14.0,,
2212,Chlamydia,274.0,Iowa,1998.0,Male,0-14 years,0-14,5.0,305286.0,1.64
2213,Chlamydia,274.0,Iowa,1998.0,Male,15-19 years,15-19,298.0,116908.0,254.9
2214,Chlamydia,274.0,Iowa,1998.0,Male,20-24 years,20-24,455.0,99075.0,459.25
2215,Chlamydia,274.0,Iowa,1998.0,Male,25-29 years,25-29,171.0,95038.0,179.93
2216,Chlamydia,274.0,Iowa,1998.0,Male,30-34 years,30-34,89.0,93923.0,94.76
2217,Chlamydia,274.0,Iowa,1998.0,Male,35-39 years,35-39,44.0,112833.0,39.0
2218,Chlamydia,274.0,Iowa,1998.0,Male,40+ years,40+,26.0,596585.0,4.36
2219,Chlamydia,274.0,Iowa,1998.0,Male,Unknown,99,8.0,,
2220,Chlamydia,274.0,Iowa,1999.0,Male,0-14 years,0-14,1.0,307581.0,0.33
2221,Chlamydia,274.0,Iowa,1999.0,Male,15-19 years,15-19,312.0,116770.0,267.19
2222,Chlamydia,274.0,Iowa,1999.0,Male,20-24 years,20-24,556.0,101863.0,545.83
2223,Chlamydia,274.0,Iowa,1999.0,Male,25-29 years,25-29,224.0,92310.0,242.66
2224,Chlamydia,274.0,Iowa,1999.0,Male,30-34 years,30-34,102.0,93587.0,108.99
2225,Chlamydia,274.0,Iowa,1999.0,Male,35-39 years,35-39,57.0,110949.0,51.38
2226,Chlamydia,274.0,Iowa,1999.0,Male,40+ years,40+,43.0,606351.0,7.09
2227,Chlamydia,274.0,Iowa,1999.0,Male,Unknown,99,7.0,,
2228,Chlamydia,274.0,Iowa,2000.0,Male,0-14 years,0-14,6.0,300583.0,2.0
2229,Chlamydia,274.0,Iowa,2000.0,Male,15-19 years,15-19,362.0,114645.0,315.76
2230,Chlamydia,274.0,Iowa,2000.0,Male,20-24 years,20-24,658.0,106476.0,617.98
2231,Chlamydia,274.0,Iowa,2000.0,Male,25-29 years,25-29,264.0,90526.0,291.63
2232,Chlamydia,274.0,Iowa,2000.0,Male,30-34 years,30-34,120.0,95509.0,125.64
2233,Chlamydia,274.0,Iowa,2000.0,Male,35-39 years,35-39,47.0,108823.0,43.19
2234,Chlamydia,274.0,Iowa,2000.0,Male,40+ years,40+,47.0,620231.0,7.58
2235,Chlamydia,274.0,Iowa,2000.0,Male,Unknown,99,1.0,,
2236,Chlamydia,274.0,Iowa,2001.0,Male,0-14 years,0-14,4.0,298484.0,1.34
2237,Chlamydia,274.0,Iowa,2001.0,Male,15-19 years,15-19,285.0,112131.0,254.17
2238,Chlamydia,274.0,Iowa,2001.0,Male,20-24 years,20-24,657.0,111112.0,591.29
2239,Chlamydia,274.0,Iowa,2001.0,Male,25-29 years,25-29,252.0,89283.0,282.25
2240,Chlamydia,274.0,Iowa,2001.0,Male,30-34 years,30-34,99.0,94802.0,104.43
2241,Chlamydia,274.0,Iowa,2001.0,Male,35-39 years,35-39,51.0,105124.0,48.51
2242,Chlamydia,274.0,Iowa,2001.0,Male,40+ years,40+,51.0,628276.0,8.12
2243,Chlamydia,274.0,Iowa,2001.0,Male,Unknown,99,2.0,,
2244,Chlamydia,274.0,Iowa,2002.0,Male,0-14 years,0-14,5.0,293291.0,1.7
2245,Chlamydia,274.0,Iowa,2002.0,Male,15-19 years,15-19,307.0,109787.0,279.63
2246,Chlamydia,274.0,Iowa,2002.0,Male,20-24 years,20-24,660.0,115013.0,573.85
2247,Chlamydia,274.0,Iowa,2002.0,Male,25-29 years,25-29,294.0,90547.0,324.69
2248,Chlamydia,274.0,Iowa,2002.0,Male,30-34 years,30-34,116.0,94853.0,122.29
2249,Chlamydia,274.0,Iowa,2002.0,Male,35-39 years,35-39,69.0,101985.0,67.66
2250,Chlamydia,274.0,Iowa,2002.0,Male,40+ years,40+,49.0,636552.0,7.7
2251,Chlamydia,274.0,Iowa,2002.0,Male,Unknown,99,5.0,,
2252,Chlamydia,274.0,Iowa,2003.0,Male,0-14 years,0-14,4.0,291899.0,1.37
2253,Chlamydia,274.0,Iowa,2003.0,Male,15-19 years,15-19,334.0,108711.0,307.24
2254,Chlamydia,274.0,Iowa,2003.0,Male,20-24 years,20-24,670.0,116323.0,575.98
2255,Chlamydia,274.0,Iowa,2003.0,Male,25-29 years,25-29,303.0,93591.0,323.75
2256,Chlamydia,274.0,Iowa,2003.0,Male,30-34 years,30-34,121.0,91840.0,131.75
2257,Chlamydia,274.0,Iowa,2003.0,Male,35-39 years,35-39,65.0,98501.0,65.99
2258,Chlamydia,274.0,Iowa,2003.0,Male,40+ years,40+,58.0,646943.0,8.97
2259,Chlamydia,274.0,Iowa,2003.0,Male,Unknown,99,6.0,,
2260,Chlamydia,274.0,Iowa,2004.0,Male,0-14 years,0-14,5.0,285987.0,1.75
2261,Chlamydia,274.0,Iowa,2004.0,Male,15-19 years,15-19,392.0,107751.0,363.8
2262,Chlamydia,274.0,Iowa,2004.0,Male,20-24 years,20-24,731.0,116190.0,629.14
2263,Chlamydia,274.0,Iowa,2004.0,Male,25-29 years,25-29,351.0,98647.0,355.81
2264,Chlamydia,274.0,Iowa,2004.0,Male,30-34 years,30-34,146.0,90529.0,161.27
2265,Chlamydia,274.0,Iowa,2004.0,Male,35-39 years,35-39,76.0,96867.0,78.46
2266,Chlamydia,274.0,Iowa,2004.0,Male,40+ years,40+,30.0,658136.0,4.56
2267,Chlamydia,274.0,Iowa,2004.0,Male,Unknown,99,12.0,,
2268,Chlamydia,274.0,Iowa,2005.0,Male,0-14 years,0-14,14.0,280615.0,4.99
2269,Chlamydia,274.0,Iowa,2005.0,Male,15-19 years,15-19,391.0,107275.0,364.48
2270,Chlamydia,274.0,Iowa,2005.0,Male,20-24 years,20-24,900.0,114115.0,788.68
2271,Chlamydia,274.0,Iowa,2005.0,Male,25-29 years,25-29,387.0,103947.0,372.31
2272,Chlamydia,274.0,Iowa,2005.0,Male,30-34 years,30-34,159.0,89276.0,178.1
2273,Chlamydia,274.0,Iowa,2005.0,Male,35-39 years,35-39,64.0,96624.0,66.24
2274,Chlamydia,274.0,Iowa,2005.0,Male,40+ years,40+,63.0,668897.0,9.42
2275,Chlamydia,274.0,Iowa,2005.0,Male,Unknown,99,12.0,,
2276,Chlamydia,274.0,Iowa,2006.0,Male,0-14 years,0-14,14.0,298009.0,4.7
2277,Chlamydia,274.0,Iowa,2006.0,Male,15-19 years,15-19,486.0,111166.0,437.18
2278,Chlamydia,274.0,Iowa,2006.0,Male,20-24 years,20-24,932.0,115702.0,805.52
2279,Chlamydia,274.0,Iowa,2006.0,Male,25-29 years,25-29,436.0,96714.0,450.81
2280,Chlamydia,274.0,Iowa,2006.0,Male,30-34 years,30-34,195.0,87860.0,221.94
2281,Chlamydia,274.0,Iowa,2006.0,Male,35-39 years,35-39,100.0,96029.0,104.14
2282,Chlamydia,274.0,Iowa,2006.0,Male,40+ years,40+,67.0,667330.0,10.04
2283,Chlamydia,274.0,Iowa,2006.0,Male,Unknown,99,3.0,,
2284,Chlamydia,274.0,Iowa,2007.0,Male,0-14 years,0-14,19.0,298616.0,6.36
2285,Chlamydia,274.0,Iowa,2007.0,Male,15-19 years,15-19,558.0,111056.0,502.45
2286,Chlamydia,274.0,Iowa,2007.0,Male,20-24 years,20-24,909.0,110891.0,819.72
2287,Chlamydia,274.0,Iowa,2007.0,Male,25-29 years,25-29,486.0,98836.0,491.72
2288,Chlamydia,274.0,Iowa,2007.0,Male,30-34 years,30-34,189.0,88036.0,214.69
2289,Chlamydia,274.0,Iowa,2007.0,Male,35-39 years,35-39,93.0,95484.0,97.4
2290,Chlamydia,274.0,Iowa,2007.0,Male,40+ years,40+,73.0,671622.0,10.87
2291,Chlamydia,274.0,Iowa,2007.0,Male,Unknown,99,6.0,,
2292,Chlamydia,274.0,Iowa,2008.0,Male,0-14 years,0-14,10.0,300397.0,3.33
2293,Chlamydia,274.0,Iowa,2008.0,Male,15-19 years,15-19,573.0,110714.0,517.55
2294,Chlamydia,274.0,Iowa,2008.0,Male,20-24 years,20-24,1034.0,110424.0,936.39
2295,Chlamydia,274.0,Iowa,2008.0,Male,25-29 years,25-29,492.0,100166.0,491.19
2296,Chlamydia,274.0,Iowa,2008.0,Male,30-34 years,30-34,201.0,89067.0,225.67
2297,Chlamydia,274.0,Iowa,2008.0,Male,35-39 years,35-39,107.0,94014.0,113.81
2298,Chlamydia,274.0,Iowa,2008.0,Male,40+ years,40+,71.0,678090.0,10.47
2299,Chlamydia,274.0,Iowa,2008.0,Male,Unknown,99,2.0,,
2300,Chlamydia,274.0,Iowa,2009.0,Male,0-14 years,0-14,6.0,301680.0,1.99
2301,Chlamydia,274.0,Iowa,2009.0,Male,15-19 years,15-19,634.0,110805.0,572.18
2302,Chlamydia,274.0,Iowa,2009.0,Male,20-24 years,20-24,1056.0,116381.0,907.37
2303,Chlamydia,274.0,Iowa,2009.0,Male,25-29 years,25-29,546.0,100500.0,543.28
2304,Chlamydia,274.0,Iowa,2009.0,Male,30-34 years,30-34,215.0,87431.0,245.91
2305,Chlamydia,274.0,Iowa,2009.0,Male,35-39 years,35-39,85.0,90830.0,93.58
2306,Chlamydia,274.0,Iowa,2009.0,Male,40+ years,40+,78.0,677982.0,11.5
2307,Chlamydia,274.0,Iowa,2009.0,Male,Unknown,99,1.0,,
2308,Chlamydia,274.0,Iowa,2010.0,Male,0-14 years,0-14,12.0,309397.0,3.88
2309,Chlamydia,274.0,Iowa,2010.0,Male,15-19 years,15-19,645.0,111239.0,579.83
2310,Chlamydia,274.0,Iowa,2010.0,Male,20-24 years,20-24,1202.0,109467.0,1098.05
2311,Chlamydia,274.0,Iowa,2010.0,Male,25-29 years,25-29,606.0,101509.0,596.99
2312,Chlamydia,274.0,Iowa,2010.0,Male,30-34 years,30-34,265.0,94027.0,281.83
2313,Chlamydia,274.0,Iowa,2010.0,Male,35-39 years,35-39,102.0,89574.0,113.87
2314,Chlamydia,274.0,Iowa,2010.0,Male,40+ years,40+,98.0,693106.0,14.14
2315,Chlamydia,274.0,Iowa,2011.0,Male,0-14 years,0-14,12.0,307996.0,3.9
2316,Chlamydia,274.0,Iowa,2011.0,Male,15-19 years,15-19,661.0,110601.0,597.64
2317,Chlamydia,274.0,Iowa,2011.0,Male,20-24 years,20-24,1245.0,111837.0,1113.23
2318,Chlamydia,274.0,Iowa,2011.0,Male,25-29 years,25-29,614.0,101092.0,607.37
2319,Chlamydia,274.0,Iowa,2011.0,Male,30-34 years,30-34,312.0,97452.0,320.16
2320,Chlamydia,274.0,Iowa,2011.0,Male,35-39 years,35-39,113.0,87550.0,129.07
2321,Chlamydia,274.0,Iowa,2011.0,Male,40+ years,40+,101.0,700887.0,14.41
2322,Chlamydia,274.0,Iowa,2012.0,Male,0-14 years,0-14,12.0,307624.0,3.9
2323,Chlamydia,274.0,Iowa,2012.0,Male,15-19 years,15-19,674.0,109642.0,614.73
2324,Chlamydia,274.0,Iowa,2012.0,Male,20-24 years,20-24,1301.0,114449.0,1136.75
2325,Chlamydia,274.0,Iowa,2012.0,Male,25-29 years,25-29,661.0,99577.0,663.81
2326,Chlamydia,274.0,Iowa,2012.0,Male,30-34 years,30-34,275.0,99870.0,275.36
2327,Chlamydia,274.0,Iowa,2012.0,Male,35-39 years,35-39,138.0,87706.0,157.34
2328,Chlamydia,274.0,Iowa,2012.0,Male,40+ years,40+,122.0,705620.0,17.29
2329,Chlamydia,274.0,Iowa,2013.0,Male,0-14 years,0-14,17.0,307789.0,5.52
2330,Chlamydia,274.0,Iowa,2013.0,Male,15-19 years,15-19,573.0,109050.0,525.45
2331,Chlamydia,274.0,Iowa,2013.0,Male,20-24 years,20-24,1292.0,116707.0,1107.05
2332,Chlamydia,274.0,Iowa,2013.0,Male,25-29 years,25-29,645.0,98017.0,658.05
2333,Chlamydia,274.0,Iowa,2013.0,Male,30-34 years,30-34,291.0,101586.0,286.46
2334,Chlamydia,274.0,Iowa,2013.0,Male,35-39 years,35-39,123.0,90340.0,136.15
2335,Chlamydia,274.0,Iowa,2013.0,Male,40+ years,40+,117.0,709912.0,16.48
2336,Chlamydia,274.0,Iowa,2014.0,Male,0-14 years,0-14,10.0,307789.0,3.25
2337,Chlamydia,274.0,Iowa,2014.0,Male,15-19 years,15-19,622.0,109050.0,570.38
2338,Chlamydia,274.0,Iowa,2014.0,Male,20-24 years,20-24,1439.0,116707.0,1233.0
2339,Chlamydia,274.0,Iowa,2014.0,Male,25-29 years,25-29,716.0,98017.0,730.49
2340,Chlamydia,274.0,Iowa,2014.0,Male,30-34 years,30-34,343.0,101586.0,337.64
2341,Chlamydia,274.0,Iowa,2014.0,Male,35-39 years,35-39,153.0,90340.0,169.36
2342,Chlamydia,274.0,Iowa,2014.0,Male,40+ years,40+,136.0,709912.0,19.16
2343,Chlamydia,274.0,Kansas,1996.0,Male,0-14 years,0-14,13.0,296203.0,4.39
2344,Chlamydia,274.0,Kansas,1996.0,Male,15-19 years,15-19,196.0,101041.0,193.98
2345,Chlamydia,274.0,Kansas,1996.0,Male,20-24 years,20-24,278.0,89591.0,310.3
2346,Chlamydia,274.0,Kansas,1996.0,Male,25-29 years,25-29,124.0,92228.0,134.45
2347,Chlamydia,274.0,Kansas,1996.0,Male,30-34 years,30-34,56.0,98757.0,56.7
2348,Chlamydia,274.0,Kansas,1996.0,Male,35-39 years,35-39,23.0,109502.0,21.0
2349,Chlamydia,274.0,Kansas,1996.0,Male,40+ years,40+,15.0,499483.0,3.0
2350,Chlamydia,274.0,Kansas,1997.0,Male,0-14 years,0-14,8.0,298076.0,2.68
2351,Chlamydia,274.0,Kansas,1997.0,Male,15-19 years,15-19,199.0,104112.0,191.14
2352,Chlamydia,274.0,Kansas,1997.0,Male,20-24 years,20-24,328.0,90865.0,360.98
2353,Chlamydia,274.0,Kansas,1997.0,Male,25-29 years,25-29,138.0,91836.0,150.27
2354,Chlamydia,274.0,Kansas,1997.0,Male,30-34 years,30-34,64.0,94561.0,67.68
2355,Chlamydia,274.0,Kansas,1997.0,Male,35-39 years,35-39,27.0,108656.0,24.85
2356,Chlamydia,274.0,Kansas,1997.0,Male,40+ years,40+,23.0,509677.0,4.51
2357,Chlamydia,274.0,Kansas,1998.0,Male,0-14 years,0-14,8.0,300627.0,2.66
2358,Chlamydia,274.0,Kansas,1998.0,Male,15-19 years,15-19,255.0,107074.0,238.15
2359,Chlamydia,274.0,Kansas,1998.0,Male,20-24 years,20-24,408.0,93507.0,436.33
2360,Chlamydia,274.0,Kansas,1998.0,Male,25-29 years,25-29,155.0,91232.0,169.9
2361,Chlamydia,274.0,Kansas,1998.0,Male,30-34 years,30-34,51.0,91488.0,55.74
2362,Chlamydia,274.0,Kansas,1998.0,Male,35-39 years,35-39,36.0,107798.0,33.4
2363,Chlamydia,274.0,Kansas,1998.0,Male,40+ years,40+,25.0,520065.0,4.81
2364,Chlamydia,274.0,Kansas,1999.0,Male,0-14 years,0-14,8.0,302127.0,2.65
2365,Chlamydia,274.0,Kansas,1999.0,Male,15-19 years,15-19,259.0,108196.0,239.38
2366,Chlamydia,274.0,Kansas,1999.0,Male,20-24 years,20-24,480.0,96502.0,497.4
2367,Chlamydia,274.0,Kansas,1999.0,Male,25-29 years,25-29,167.0,90018.0,185.52
2368,Chlamydia,274.0,Kansas,1999.0,Male,30-34 years,30-34,64.0,89812.0,71.26
2369,Chlamydia,274.0,Kansas,1999.0,Male,35-39 years,35-39,40.0,106159.0,37.68
2370,Chlamydia,274.0,Kansas,1999.0,Male,40+ years,40+,41.0,529480.0,7.74
2371,Chlamydia,274.0,Kansas,2000.0,Male,0-14 years,0-14,9.0,297930.0,3.02
2372,Chlamydia,274.0,Kansas,2000.0,Male,15-19 years,15-19,271.0,107574.0,251.92
2373,Chlamydia,274.0,Kansas,2000.0,Male,20-24 years,20-24,469.0,100585.0,466.27
2374,Chlamydia,274.0,Kansas,2000.0,Male,25-29 years,25-29,179.0,89191.0,200.69
2375,Chlamydia,274.0,Kansas,2000.0,Male,30-34 years,30-34,81.0,90250.0,89.75
2376,Chlamydia,274.0,Kansas,2000.0,Male,35-39 years,35-39,37.0,103625.0,35.71
2377,Chlamydia,274.0,Kansas,2000.0,Male,40+ years,40+,37.0,541550.0,6.83
2378,Chlamydia,274.0,Kansas,2001.0,Male,0-14 years,0-14,8.0,297520.0,2.69
2379,Chlamydia,274.0,Kansas,2001.0,Male,15-19 years,15-19,236.0,106755.0,221.07
2380,Chlamydia,274.0,Kansas,2001.0,Male,20-24 years,20-24,453.0,104238.0,434.58
2381,Chlamydia,274.0,Kansas,2001.0,Male,25-29 years,25-29,188.0,88748.0,211.84
2382,Chlamydia,274.0,Kansas,2001.0,Male,30-34 years,30-34,102.0,90041.0,113.28
2383,Chlamydia,274.0,Kansas,2001.0,Male,35-39 years,35-39,41.0,100086.0,40.96
2384,Chlamydia,274.0,Kansas,2001.0,Male,40+ years,40+,43.0,549050.0,7.83
2385,Chlamydia,274.0,Kansas,2001.0,Male,Unknown,99,2.0,,
2386,Chlamydia,274.0,Kansas,2002.0,Male,0-14 years,0-14,7.0,295192.0,2.37
2387,Chlamydia,274.0,Kansas,2002.0,Male,15-19 years,15-19,261.0,106202.0,245.76
2388,Chlamydia,274.0,Kansas,2002.0,Male,20-24 years,20-24,463.0,107605.0,430.28
2389,Chlamydia,274.0,Kansas,2002.0,Male,25-29 years,25-29,213.0,89954.0,236.79
2390,Chlamydia,274.0,Kansas,2002.0,Male,30-34 years,30-34,104.0,90959.0,114.34
2391,Chlamydia,274.0,Kansas,2002.0,Male,35-39 years,35-39,44.0,96070.0,45.8
2392,Chlamydia,274.0,Kansas,2002.0,Male,40+ years,40+,39.0,557833.0,6.99
2393,Chlamydia,274.0,Kansas,2003.0,Male,0-14 years,0-14,7.0,295581.0,2.37
2394,Chlamydia,274.0,Kansas,2003.0,Male,15-19 years,15-19,292.0,105364.0,277.13
2395,Chlamydia,274.0,Kansas,2003.0,Male,20-24 years,20-24,539.0,110145.0,489.36
2396,Chlamydia,274.0,Kansas,2003.0,Male,25-29 years,25-29,222.0,91930.0,241.49
2397,Chlamydia,274.0,Kansas,2003.0,Male,30-34 years,30-34,92.0,89757.0,102.5
2398,Chlamydia,274.0,Kansas,2003.0,Male,35-39 years,35-39,39.0,92175.0,42.31
2399,Chlamydia,274.0,Kansas,2003.0,Male,40+ years,40+,60.0,565291.0,10.61
2400,Chlamydia,274.0,Kansas,2003.0,Male,Unknown,99,9.0,,
2401,Chlamydia,274.0,Kansas,2004.0,Male,0-14 years,0-14,10.0,290821.0,3.44
2402,Chlamydia,274.0,Kansas,2004.0,Male,15-19 years,15-19,261.0,104758.0,249.15
2403,Chlamydia,274.0,Kansas,2004.0,Male,20-24 years,20-24,526.0,111602.0,471.32
2404,Chlamydia,274.0,Kansas,2004.0,Male,25-29 years,25-29,259.0,95924.0,270.0
2405,Chlamydia,274.0,Kansas,2004.0,Male,30-34 years,30-34,118.0,89263.0,132.19
2406,Chlamydia,274.0,Kansas,2004.0,Male,35-39 years,35-39,57.0,90116.0,63.25
2407,Chlamydia,274.0,Kansas,2004.0,Male,40+ years,40+,62.0,575897.0,10.77
2408,Chlamydia,274.0,Kansas,2004.0,Male,Unknown,99,5.0,,
2409,Chlamydia,274.0,Kansas,2005.0,Male,0-14 years,0-14,11.0,286332.0,3.84
2410,Chlamydia,274.0,Kansas,2005.0,Male,15-19 years,15-19,270.0,104072.0,259.44
2411,Chlamydia,274.0,Kansas,2005.0,Male,20-24 years,20-24,532.0,110873.0,479.83
2412,Chlamydia,274.0,Kansas,2005.0,Male,25-29 years,25-29,287.0,99758.0,287.7
2413,Chlamydia,274.0,Kansas,2005.0,Male,30-34 years,30-34,128.0,88221.0,145.09
2414,Chlamydia,274.0,Kansas,2005.0,Male,35-39 years,35-39,72.0,89756.0,80.22
2415,Chlamydia,274.0,Kansas,2005.0,Male,40+ years,40+,62.0,584601.0,10.61
2416,Chlamydia,274.0,Kansas,2005.0,Male,Unknown,99,3.0,,
2417,Chlamydia,274.0,Kansas,2006.0,Male,0-14 years,0-14,8.0,294276.0,2.72
2418,Chlamydia,274.0,Kansas,2006.0,Male,15-19 years,15-19,298.0,104616.0,284.85
2419,Chlamydia,274.0,Kansas,2006.0,Male,20-24 years,20-24,646.0,110204.0,586.19
2420,Chlamydia,274.0,Kansas,2006.0,Male,25-29 years,25-29,342.0,95727.0,357.27
2421,Chlamydia,274.0,Kansas,2006.0,Male,30-34 years,30-34,122.0,87243.0,139.84
2422,Chlamydia,274.0,Kansas,2006.0,Male,35-39 years,35-39,60.0,89889.0,66.75
2423,Chlamydia,274.0,Kansas,2006.0,Male,40+ years,40+,64.0,589491.0,10.86
2424,Chlamydia,274.0,Kansas,2006.0,Male,Unknown,99,3.0,,
2425,Chlamydia,274.0,Kansas,2007.0,Male,0-14 years,0-14,5.0,294581.0,1.7
2426,Chlamydia,274.0,Kansas,2007.0,Male,15-19 years,15-19,308.0,104118.0,295.82
2427,Chlamydia,274.0,Kansas,2007.0,Male,20-24 years,20-24,665.0,108999.0,610.1
2428,Chlamydia,274.0,Kansas,2007.0,Male,25-29 years,25-29,334.0,99116.0,336.98
2429,Chlamydia,274.0,Kansas,2007.0,Male,30-34 years,30-34,116.0,86517.0,134.08
2430,Chlamydia,274.0,Kansas,2007.0,Male,35-39 years,35-39,50.0,90611.0,55.18
2431,Chlamydia,274.0,Kansas,2007.0,Male,40+ years,40+,59.0,592369.0,9.96
2432,Chlamydia,274.0,Kansas,2007.0,Male,Unknown,99,14.0,,
2433,Chlamydia,274.0,Kansas,2008.0,Male,0-14 years,0-14,9.0,298161.0,3.02
2434,Chlamydia,274.0,Kansas,2008.0,Male,15-19 years,15-19,403.0,103327.0,390.02
2435,Chlamydia,274.0,Kansas,2008.0,Male,20-24 years,20-24,749.0,110820.0,675.87
2436,Chlamydia,274.0,Kansas,2008.0,Male,25-29 years,25-29,376.0,101659.0,369.86
2437,Chlamydia,274.0,Kansas,2008.0,Male,30-34 years,30-34,137.0,88188.0,155.35
2438,Chlamydia,274.0,Kansas,2008.0,Male,35-39 years,35-39,80.0,90669.0,88.23
2439,Chlamydia,274.0,Kansas,2008.0,Male,40+ years,40+,47.0,598997.0,7.85
2440,Chlamydia,274.0,Kansas,2008.0,Male,Unknown,99,6.0,,
2441,Chlamydia,274.0,Kansas,2009.0,Male,0-14 years,0-14,12.0,300729.0,3.99
2442,Chlamydia,274.0,Kansas,2009.0,Male,15-19 years,15-19,449.0,104047.0,431.54
2443,Chlamydia,274.0,Kansas,2009.0,Male,20-24 years,20-24,977.0,116509.0,838.56
2444,Chlamydia,274.0,Kansas,2009.0,Male,25-29 years,25-29,460.0,103194.0,445.76
2445,Chlamydia,274.0,Kansas,2009.0,Male,30-34 years,30-34,210.0,86135.0,243.8
2446,Chlamydia,274.0,Kansas,2009.0,Male,35-39 years,35-39,99.0,89246.0,110.93
2447,Chlamydia,274.0,Kansas,2009.0,Male,40+ years,40+,91.0,599963.0,15.17
2448,Chlamydia,274.0,Kansas,2009.0,Male,Unknown,99,3.0,,
2449,Chlamydia,274.0,Kansas,2010.0,Male,0-14 years,0-14,6.0,310465.0,1.93
2450,Chlamydia,274.0,Kansas,2010.0,Male,15-19 years,15-19,462.0,105362.0,438.49
2451,Chlamydia,274.0,Kansas,2010.0,Male,20-24 years,20-24,851.0,105450.0,807.02
2452,Chlamydia,274.0,Kansas,2010.0,Male,25-29 years,25-29,458.0,101077.0,453.12
2453,Chlamydia,274.0,Kansas,2010.0,Male,30-34 years,30-34,205.0,91335.0,224.45
2454,Chlamydia,274.0,Kansas,2010.0,Male,35-39 years,35-39,78.0,87100.0,89.55
2455,Chlamydia,274.0,Kansas,2010.0,Male,40+ years,40+,92.0,614619.0,14.97
2456,Chlamydia,274.0,Kansas,2011.0,Male,0-14 years,0-14,3.0,309582.0,0.97
2457,Chlamydia,274.0,Kansas,2011.0,Male,15-19 years,15-19,524.0,105800.0,495.27
2458,Chlamydia,274.0,Kansas,2011.0,Male,20-24 years,20-24,1038.0,107593.0,964.75
2459,Chlamydia,274.0,Kansas,2011.0,Male,25-29 years,25-29,448.0,100758.0,444.63
2460,Chlamydia,274.0,Kansas,2011.0,Male,30-34 years,30-34,238.0,94508.0,251.83
2461,Chlamydia,274.0,Kansas,2011.0,Male,35-39 years,35-39,104.0,85150.0,122.14
2462,Chlamydia,274.0,Kansas,2011.0,Male,40+ years,40+,80.0,622411.0,12.85
2463,Chlamydia,274.0,Kansas,2011.0,Male,Unknown,99,5.0,,
2464,Chlamydia,274.0,Kansas,2012.0,Male,0-14 years,0-14,5.0,310166.0,1.61
2465,Chlamydia,274.0,Kansas,2012.0,Male,15-19 years,15-19,513.0,103958.0,493.47
2466,Chlamydia,274.0,Kansas,2012.0,Male,20-24 years,20-24,1132.0,111726.0,1013.19
2467,Chlamydia,274.0,Kansas,2012.0,Male,25-29 years,25-29,603.0,101027.0,596.87
2468,Chlamydia,274.0,Kansas,2012.0,Male,30-34 years,30-34,230.0,97348.0,236.27
2469,Chlamydia,274.0,Kansas,2012.0,Male,35-39 years,35-39,108.0,85477.0,126.35
2470,Chlamydia,274.0,Kansas,2012.0,Male,40+ years,40+,104.0,625579.0,16.62
2471,Chlamydia,274.0,Kansas,2013.0,Male,0-14 years,0-14,7.0,310215.0,2.26
2472,Chlamydia,274.0,Kansas,2013.0,Male,15-19 years,15-19,479.0,103520.0,462.71
2473,Chlamydia,274.0,Kansas,2013.0,Male,20-24 years,20-24,1169.0,115205.0,1014.71
2474,Chlamydia,274.0,Kansas,2013.0,Male,25-29 years,25-29,555.0,99213.0,559.4
2475,Chlamydia,274.0,Kansas,2013.0,Male,30-34 years,30-34,248.0,99483.0,249.29
2476,Chlamydia,274.0,Kansas,2013.0,Male,35-39 years,35-39,113.0,86855.0,130.1
2477,Chlamydia,274.0,Kansas,2013.0,Male,40+ years,40+,118.0,627457.0,18.81
2478,Chlamydia,274.0,Kansas,2014.0,Male,0-14 years,0-14,3.0,310215.0,0.97
2479,Chlamydia,274.0,Kansas,2014.0,Male,15-19 years,15-19,496.0,103520.0,479.13
2480,Chlamydia,274.0,Kansas,2014.0,Male,20-24 years,20-24,1170.0,115205.0,1015.58
2481,Chlamydia,274.0,Kansas,2014.0,Male,25-29 years,25-29,603.0,99213.0,607.78
2482,Chlamydia,274.0,Kansas,2014.0,Male,30-34 years,30-34,314.0,99483.0,315.63
2483,Chlamydia,274.0,Kansas,2014.0,Male,35-39 years,35-39,137.0,86855.0,157.73
2484,Chlamydia,274.0,Kansas,2014.0,Male,40+ years,40+,117.0,627457.0,18.65
2485,Chlamydia,274.0,Kentucky,1996.0,Male,0-14 years,0-14,18.0,415784.0,4.33
2486,Chlamydia,274.0,Kentucky,1996.0,Male,15-19 years,15-19,355.0,151592.0,234.18
2487,Chlamydia,274.0,Kentucky,1996.0,Male,20-24 years,20-24,465.0,139746.0,332.75
2488,Chlamydia,274.0,Kentucky,1996.0,Male,25-29 years,25-29,178.0,139598.0,127.51
2489,Chlamydia,274.0,Kentucky,1996.0,Male,30-34 years,30-34,90.0,151349.0,59.47
2490,Chlamydia,274.0,Kentucky,1996.0,Male,35-39 years,35-39,55.0,159644.0,34.45
2491,Chlamydia,274.0,Kentucky,1996.0,Male,40+ years,40+,43.0,748874.0,5.74
2492,Chlamydia,274.0,Kentucky,1996.0,Male,Unknown,99,18.0,,
2493,Chlamydia,274.0,Kentucky,1997.0,Male,0-14 years,0-14,15.0,422925.0,3.55
2494,Chlamydia,274.0,Kentucky,1997.0,Male,15-19 years,15-19,337.0,152344.0,221.21
2495,Chlamydia,274.0,Kentucky,1997.0,Male,20-24 years,20-24,469.0,138421.0,338.82
2496,Chlamydia,274.0,Kentucky,1997.0,Male,25-29 years,25-29,196.0,140970.0,139.04
2497,Chlamydia,274.0,Kentucky,1997.0,Male,30-34 years,30-34,70.0,147171.0,47.56
2498,Chlamydia,274.0,Kentucky,1997.0,Male,35-39 years,35-39,32.0,159100.0,20.11
2499,Chlamydia,274.0,Kentucky,1997.0,Male,40+ years,40+,44.0,763747.0,5.76
2500,Chlamydia,274.0,Kentucky,1997.0,Male,Unknown,99,32.0,,
2501,Chlamydia,274.0,Kentucky,1998.0,Male,0-14 years,0-14,12.0,421838.0,2.84
2502,Chlamydia,274.0,Kentucky,1998.0,Male,15-19 years,15-19,340.0,151900.0,223.83
2503,Chlamydia,274.0,Kentucky,1998.0,Male,20-24 years,20-24,404.0,139926.0,288.72
2504,Chlamydia,274.0,Kentucky,1998.0,Male,25-29 years,25-29,187.0,141912.0,131.77
2505,Chlamydia,274.0,Kentucky,1998.0,Male,30-34 years,30-34,83.0,144453.0,57.46
2506,Chlamydia,274.0,Kentucky,1998.0,Male,35-39 years,35-39,45.0,159399.0,28.23
2507,Chlamydia,274.0,Kentucky,1998.0,Male,40+ years,40+,40.0,783222.0,5.11
2508,Chlamydia,274.0,Kentucky,1998.0,Male,Unknown,99,21.0,,
2509,Chlamydia,274.0,Kentucky,1999.0,Male,0-14 years,0-14,13.0,423209.0,3.07
2510,Chlamydia,274.0,Kentucky,1999.0,Male,15-19 years,15-19,399.0,149899.0,266.18
2511,Chlamydia,274.0,Kentucky,1999.0,Male,20-24 years,20-24,557.0,142302.0,391.42
2512,Chlamydia,274.0,Kentucky,1999.0,Male,25-29 years,25-29,210.0,142296.0,147.58
2513,Chlamydia,274.0,Kentucky,1999.0,Male,30-34 years,30-34,84.0,143057.0,58.72
2514,Chlamydia,274.0,Kentucky,1999.0,Male,35-39 years,35-39,52.0,159867.0,32.53
2515,Chlamydia,274.0,Kentucky,1999.0,Male,40+ years,40+,38.0,801022.0,4.74
2516,Chlamydia,274.0,Kentucky,1999.0,Male,Unknown,99,13.0,,
2517,Chlamydia,274.0,Kentucky,2000.0,Male,0-14 years,0-14,10.0,406112.0,2.46
2518,Chlamydia,274.0,Kentucky,2000.0,Male,15-19 years,15-19,410.0,146297.0,280.25
2519,Chlamydia,274.0,Kentucky,2000.0,Male,20-24 years,20-24,616.0,147165.0,418.58
2520,Chlamydia,274.0,Kentucky,2000.0,Male,25-29 years,25-29,248.0,142773.0,173.7
2521,Chlamydia,274.0,Kentucky,2000.0,Male,30-34 years,30-34,117.0,146029.0,80.12
2522,Chlamydia,274.0,Kentucky,2000.0,Male,35-39 years,35-39,56.0,160997.0,34.78
2523,Chlamydia,274.0,Kentucky,2000.0,Male,40+ years,40+,56.0,828987.0,6.76
2524,Chlamydia,274.0,Kentucky,2001.0,Male,0-14 years,0-14,8.0,406494.0,1.97
2525,Chlamydia,274.0,Kentucky,2001.0,Male,15-19 years,15-19,457.0,145078.0,315.0
2526,Chlamydia,274.0,Kentucky,2001.0,Male,20-24 years,20-24,737.0,150194.0,490.7
2527,Chlamydia,274.0,Kentucky,2001.0,Male,25-29 years,25-29,285.0,139573.0,204.19
2528,Chlamydia,274.0,Kentucky,2001.0,Male,30-34 years,30-34,146.0,146791.0,99.46
2529,Chlamydia,274.0,Kentucky,2001.0,Male,35-39 years,35-39,57.0,158253.0,36.02
2530,Chlamydia,274.0,Kentucky,2001.0,Male,40+ years,40+,89.0,843330.0,10.55
2531,Chlamydia,274.0,Kentucky,2002.0,Male,0-14 years,0-14,5.0,395151.0,1.27
2532,Chlamydia,274.0,Kentucky,2002.0,Male,15-19 years,15-19,406.0,143739.0,282.46
2533,Chlamydia,274.0,Kentucky,2002.0,Male,20-24 years,20-24,729.0,153502.0,474.91
2534,Chlamydia,274.0,Kentucky,2002.0,Male,25-29 years,25-29,300.0,139714.0,214.72
2535,Chlamydia,274.0,Kentucky,2002.0,Male,30-34 years,30-34,133.0,149565.0,88.92
2536,Chlamydia,274.0,Kentucky,2002.0,Male,35-39 years,35-39,54.0,156531.0,34.5
2537,Chlamydia,274.0,Kentucky,2002.0,Male,40+ years,40+,73.0,863366.0,8.46
2538,Chlamydia,274.0,Kentucky,2002.0,Male,Unknown,99,6.0,,
2539,Chlamydia,274.0,Kentucky,2003.0,Male,0-14 years,0-14,10.0,424132.0,2.36
2540,Chlamydia,274.0,Kentucky,2003.0,Male,15-19 years,15-19,419.0,144786.0,289.39
2541,Chlamydia,274.0,Kentucky,2003.0,Male,20-24 years,20-24,663.0,152538.0,434.65
2542,Chlamydia,274.0,Kentucky,2003.0,Male,25-29 years,25-29,289.0,138588.0,208.53
2543,Chlamydia,274.0,Kentucky,2003.0,Male,30-34 years,30-34,108.0,145175.0,74.39
2544,Chlamydia,274.0,Kentucky,2003.0,Male,35-39 years,35-39,47.0,149170.0,31.51
2545,Chlamydia,274.0,Kentucky,2003.0,Male,40+ years,40+,77.0,863243.0,8.92
2546,Chlamydia,274.0,Kentucky,2004.0,Male,0-14 years,0-14,10.0,417068.0,2.4
2547,Chlamydia,274.0,Kentucky,2004.0,Male,15-19 years,15-19,317.0,144782.0,218.95
2548,Chlamydia,274.0,Kentucky,2004.0,Male,20-24 years,20-24,607.0,153159.0,396.32
2549,Chlamydia,274.0,Kentucky,2004.0,Male,25-29 years,25-29,290.0,142263.0,203.85
2550,Chlamydia,274.0,Kentucky,2004.0,Male,30-34 years,30-34,99.0,144856.0,68.34
2551,Chlamydia,274.0,Kentucky,2004.0,Male,35-39 years,35-39,45.0,147082.0,30.6
2552,Chlamydia,274.0,Kentucky,2004.0,Male,40+ years,40+,65.0,884684.0,7.35
2553,Chlamydia,274.0,Kentucky,2005.0,Male,0-14 years,0-14,14.0,415225.0,3.37
2554,Chlamydia,274.0,Kentucky,2005.0,Male,15-19 years,15-19,522.0,145885.0,357.82
2555,Chlamydia,274.0,Kentucky,2005.0,Male,20-24 years,20-24,905.0,152017.0,595.33
2556,Chlamydia,274.0,Kentucky,2005.0,Male,25-29 years,25-29,460.0,146383.0,314.24
2557,Chlamydia,274.0,Kentucky,2005.0,Male,30-34 years,30-34,186.0,142969.0,130.1
2558,Chlamydia,274.0,Kentucky,2005.0,Male,35-39 years,35-39,80.0,146257.0,54.7
2559,Chlamydia,274.0,Kentucky,2005.0,Male,40+ years,40+,111.0,901388.0,12.31
2560,Chlamydia,274.0,Kentucky,2005.0,Male,Unknown,99,7.0,,
2561,Chlamydia,274.0,Kentucky,2006.0,Male,0-14 years,0-14,16.0,422403.0,3.79
2562,Chlamydia,274.0,Kentucky,2006.0,Male,15-19 years,15-19,554.0,144964.0,382.16
2563,Chlamydia,274.0,Kentucky,2006.0,Male,20-24 years,20-24,1010.0,142479.0,708.88
2564,Chlamydia,274.0,Kentucky,2006.0,Male,25-29 years,25-29,513.0,156937.0,326.88
2565,Chlamydia,274.0,Kentucky,2006.0,Male,30-34 years,30-34,227.0,138055.0,164.43
2566,Chlamydia,274.0,Kentucky,2006.0,Male,35-39 years,35-39,110.0,146128.0,75.28
2567,Chlamydia,274.0,Kentucky,2006.0,Male,40+ years,40+,138.0,910344.0,15.16
2568,Chlamydia,274.0,Kentucky,2006.0,Male,Unknown,99,12.0,,
2569,Chlamydia,274.0,Kentucky,2007.0,Male,0-14 years,0-14,17.0,423795.0,4.01
2570,Chlamydia,274.0,Kentucky,2007.0,Male,15-19 years,15-19,630.0,145139.0,434.07
2571,Chlamydia,274.0,Kentucky,2007.0,Male,20-24 years,20-24,951.0,142180.0,668.87
2572,Chlamydia,274.0,Kentucky,2007.0,Male,25-29 years,25-29,537.0,158563.0,338.67
2573,Chlamydia,274.0,Kentucky,2007.0,Male,30-34 years,30-34,235.0,138105.0,170.16
2574,Chlamydia,274.0,Kentucky,2007.0,Male,35-39 years,35-39,103.0,147645.0,69.76
2575,Chlamydia,274.0,Kentucky,2007.0,Male,40+ years,40+,126.0,923080.0,13.65
2576,Chlamydia,274.0,Kentucky,2007.0,Male,Unknown,99,6.0,,
2577,Chlamydia,274.0,Kentucky,2008.0,Male,0-14 years,0-14,26.0,426457.0,6.1
2578,Chlamydia,274.0,Kentucky,2008.0,Male,15-19 years,15-19,898.0,145189.0,618.5
2579,Chlamydia,274.0,Kentucky,2008.0,Male,20-24 years,20-24,1301.0,138742.0,937.71
2580,Chlamydia,274.0,Kentucky,2008.0,Male,25-29 years,25-29,705.0,154819.0,455.37
2581,Chlamydia,274.0,Kentucky,2008.0,Male,30-34 years,30-34,288.0,139573.0,206.34
2582,Chlamydia,274.0,Kentucky,2008.0,Male,35-39 years,35-39,130.0,146027.0,89.02
2583,Chlamydia,274.0,Kentucky,2008.0,Male,40+ years,40+,144.0,937335.0,15.36
2584,Chlamydia,274.0,Kentucky,2008.0,Male,Unknown,99,16.0,,
2585,Chlamydia,274.0,Kentucky,2009.0,Male,0-14 years,0-14,21.0,430154.0,4.88
2586,Chlamydia,274.0,Kentucky,2009.0,Male,15-19 years,15-19,960.0,149179.0,643.52
2587,Chlamydia,274.0,Kentucky,2009.0,Male,20-24 years,20-24,1427.0,154740.0,922.19
2588,Chlamydia,274.0,Kentucky,2009.0,Male,25-29 years,25-29,652.0,153989.0,423.41
2589,Chlamydia,274.0,Kentucky,2009.0,Male,30-34 years,30-34,305.0,138909.0,219.57
2590,Chlamydia,274.0,Kentucky,2009.0,Male,35-39 years,35-39,134.0,144904.0,92.47
2591,Chlamydia,274.0,Kentucky,2009.0,Male,40+ years,40+,142.0,945531.0,15.02
2592,Chlamydia,274.0,Kentucky,2009.0,Male,Unknown,99,6.0,,
2593,Chlamydia,274.0,Kentucky,2010.0,Male,0-14 years,0-14,28.0,434851.0,6.44
2594,Chlamydia,274.0,Kentucky,2010.0,Male,15-19 years,15-19,1199.0,152107.0,788.26
2595,Chlamydia,274.0,Kentucky,2010.0,Male,20-24 years,20-24,1748.0,147432.0,1185.63
2596,Chlamydia,274.0,Kentucky,2010.0,Male,25-29 years,25-29,767.0,143707.0,533.73
2597,Chlamydia,274.0,Kentucky,2010.0,Male,30-34 years,30-34,373.0,142068.0,262.55
2598,Chlamydia,274.0,Kentucky,2010.0,Male,35-39 years,35-39,163.0,143758.0,113.39
2599,Chlamydia,274.0,Kentucky,2010.0,Male,40+ years,40+,179.0,971029.0,18.43
2600,Chlamydia,274.0,Kentucky,2010.0,Male,Unknown,99,31.0,,
2601,Chlamydia,274.0,Kentucky,2011.0,Male,0-14 years,0-14,31.0,434329.0,7.14
2602,Chlamydia,274.0,Kentucky,2011.0,Male,15-19 years,15-19,1128.0,149098.0,756.55
2603,Chlamydia,274.0,Kentucky,2011.0,Male,20-24 years,20-24,1867.0,152805.0,1221.82
2604,Chlamydia,274.0,Kentucky,2011.0,Male,25-29 years,25-29,809.0,142430.0,568.0
2605,Chlamydia,274.0,Kentucky,2011.0,Male,30-34 years,30-34,364.0,144726.0,251.51
2606,Chlamydia,274.0,Kentucky,2011.0,Male,35-39 years,35-39,166.0,138805.0,119.59
2607,Chlamydia,274.0,Kentucky,2011.0,Male,40+ years,40+,192.0,987681.0,19.44
2608,Chlamydia,274.0,Kentucky,2011.0,Male,Unknown,99,20.0,,
2609,Chlamydia,274.0,Kentucky,2012.0,Male,0-14 years,0-14,34.0,434740.0,7.82
2610,Chlamydia,274.0,Kentucky,2012.0,Male,15-19 years,15-19,1159.0,145804.0,794.9
2611,Chlamydia,274.0,Kentucky,2012.0,Male,20-24 years,20-24,1920.0,158024.0,1215.01
2612,Chlamydia,274.0,Kentucky,2012.0,Male,25-29 years,25-29,824.0,142055.0,580.06
2613,Chlamydia,274.0,Kentucky,2012.0,Male,30-34 years,30-34,465.0,144907.0,320.89
2614,Chlamydia,274.0,Kentucky,2012.0,Male,35-39 years,35-39,181.0,136932.0,132.18
2615,Chlamydia,274.0,Kentucky,2012.0,Male,40+ years,40+,237.0,995249.0,23.81
2616,Chlamydia,274.0,Kentucky,2012.0,Male,Unknown,99,31.0,,
2617,Chlamydia,274.0,Kentucky,2013.0,Male,0-14 years,0-14,38.0,432474.0,8.79
2618,Chlamydia,274.0,Kentucky,2013.0,Male,15-19 years,15-19,1064.0,145635.0,730.59
2619,Chlamydia,274.0,Kentucky,2013.0,Male,20-24 years,20-24,1949.0,159848.0,1219.28
2620,Chlamydia,274.0,Kentucky,2013.0,Male,25-29 years,25-29,927.0,140534.0,659.63
2621,Chlamydia,274.0,Kentucky,2013.0,Male,30-34 years,30-34,508.0,143407.0,354.24
2622,Chlamydia,274.0,Kentucky,2013.0,Male,35-39 years,35-39,221.0,136693.0,161.68
2623,Chlamydia,274.0,Kentucky,2013.0,Male,40+ years,40+,271.0,1004805.0,26.97
2624,Chlamydia,274.0,Kentucky,2013.0,Male,Unknown,99,11.0,,
2625,Chlamydia,274.0,Kentucky,2014.0,Male,0-14 years,0-14,30.0,432474.0,6.94
2626,Chlamydia,274.0,Kentucky,2014.0,Male,15-19 years,15-19,1079.0,145635.0,740.89
2627,Chlamydia,274.0,Kentucky,2014.0,Male,20-24 years,20-24,2040.0,159848.0,1276.21
2628,Chlamydia,274.0,Kentucky,2014.0,Male,25-29 years,25-29,979.0,140534.0,696.63
2629,Chlamydia,274.0,Kentucky,2014.0,Male,30-34 years,30-34,515.0,143407.0,359.12
2630,Chlamydia,274.0,Kentucky,2014.0,Male,35-39 years,35-39,252.0,136693.0,184.35
2631,Chlamydia,274.0,Kentucky,2014.0,Male,40+ years,40+,278.0,1004805.0,27.67
2632,Chlamydia,274.0,Kentucky,2014.0,Male,Unknown,99,21.0,,
2633,Chlamydia,274.0,Louisiana,1996.0,Male,0-14 years,0-14,31.0,522681.0,5.93
2634,Chlamydia,274.0,Louisiana,1996.0,Male,15-19 years,15-19,568.0,182094.0,311.93
2635,Chlamydia,274.0,Louisiana,1996.0,Male,20-24 years,20-24,583.0,154812.0,376.59
2636,Chlamydia,274.0,Louisiana,1996.0,Male,25-29 years,25-29,187.0,151493.0,123.44
2637,Chlamydia,274.0,Louisiana,1996.0,Male,30-34 years,30-34,70.0,162309.0,43.13
2638,Chlamydia,274.0,Louisiana,1996.0,Male,35-39 years,35-39,35.0,175147.0,19.98
2639,Chlamydia,274.0,Louisiana,1996.0,Male,40+ years,40+,42.0,775492.0,5.42
2640,Chlamydia,274.0,Louisiana,1996.0,Male,Unknown,99,9.0,,
2641,Chlamydia,274.0,Louisiana,1997.0,Male,0-14 years,0-14,23.0,518684.0,4.43
2642,Chlamydia,274.0,Louisiana,1997.0,Male,15-19 years,15-19,664.0,184770.0,359.37
2643,Chlamydia,274.0,Louisiana,1997.0,Male,20-24 years,20-24,847.0,155281.0,545.46
2644,Chlamydia,274.0,Louisiana,1997.0,Male,25-29 years,25-29,308.0,151092.0,203.85
2645,Chlamydia,274.0,Louisiana,1997.0,Male,30-34 years,30-34,105.0,157793.0,66.54
2646,Chlamydia,274.0,Louisiana,1997.0,Male,35-39 years,35-39,72.0,173716.0,41.45
2647,Chlamydia,274.0,Louisiana,1997.0,Male,40+ years,40+,68.0,794597.0,8.56
2648,Chlamydia,274.0,Louisiana,1997.0,Male,Unknown,99,30.0,,
2649,Chlamydia,274.0,Louisiana,1998.0,Male,0-14 years,0-14,21.0,515933.0,4.07
2650,Chlamydia,274.0,Louisiana,1998.0,Male,15-19 years,15-19,907.0,186562.0,486.17
2651,Chlamydia,274.0,Louisiana,1998.0,Male,20-24 years,20-24,1193.0,156794.0,760.87
2652,Chlamydia,274.0,Louisiana,1998.0,Male,25-29 years,25-29,460.0,149514.0,307.66
2653,Chlamydia,274.0,Louisiana,1998.0,Male,30-34 years,30-34,167.0,153603.0,108.72
2654,Chlamydia,274.0,Louisiana,1998.0,Male,35-39 years,35-39,92.0,171570.0,53.62
2655,Chlamydia,274.0,Louisiana,1998.0,Male,40+ years,40+,99.0,812968.0,12.18
2656,Chlamydia,274.0,Louisiana,1998.0,Male,Unknown,99,65.0,,
2657,Chlamydia,274.0,Louisiana,1999.0,Male,0-14 years,0-14,52.0,514658.0,10.1
2658,Chlamydia,274.0,Louisiana,1999.0,Male,15-19 years,15-19,1067.0,186103.0,573.34
2659,Chlamydia,274.0,Louisiana,1999.0,Male,20-24 years,20-24,1315.0,159347.0,825.24
2660,Chlamydia,274.0,Louisiana,1999.0,Male,25-29 years,25-29,503.0,147403.0,341.24
2661,Chlamydia,274.0,Louisiana,1999.0,Male,30-34 years,30-34,184.0,150688.0,122.11
2662,Chlamydia,274.0,Louisiana,1999.0,Male,35-39 years,35-39,113.0,169274.0,66.76
2663,Chlamydia,274.0,Louisiana,1999.0,Male,40+ years,40+,105.0,830594.0,12.64
2664,Chlamydia,274.0,Louisiana,1999.0,Male,Unknown,99,26.0,,
2665,Chlamydia,274.0,Louisiana,2000.0,Male,0-14 years,0-14,80.0,503831.0,15.88
2666,Chlamydia,274.0,Louisiana,2000.0,Male,15-19 years,15-19,1216.0,183323.0,663.31
2667,Chlamydia,274.0,Louisiana,2000.0,Male,20-24 years,20-24,1469.0,163746.0,897.12
2668,Chlamydia,274.0,Louisiana,2000.0,Male,25-29 years,25-29,550.0,145307.0,378.51
2669,Chlamydia,274.0,Louisiana,2000.0,Male,30-34 years,30-34,220.0,149972.0,146.69
2670,Chlamydia,274.0,Louisiana,2000.0,Male,35-39 years,35-39,92.0,166107.0,55.39
2671,Chlamydia,274.0,Louisiana,2000.0,Male,40+ years,40+,112.0,850840.0,13.16
2672,Chlamydia,274.0,Louisiana,2000.0,Male,Unknown,99,49.0,,
2673,Chlamydia,274.0,Louisiana,2001.0,Male,0-14 years,0-14,66.0,504593.0,13.08
2674,Chlamydia,274.0,Louisiana,2001.0,Male,15-19 years,15-19,958.0,181928.0,526.58
2675,Chlamydia,274.0,Louisiana,2001.0,Male,20-24 years,20-24,1353.0,168598.0,802.5
2676,Chlamydia,274.0,Louisiana,2001.0,Male,25-29 years,25-29,543.0,142948.0,379.86
2677,Chlamydia,274.0,Louisiana,2001.0,Male,30-34 years,30-34,209.0,147211.0,141.97
2678,Chlamydia,274.0,Louisiana,2001.0,Male,35-39 years,35-39,113.0,160117.0,70.57
2679,Chlamydia,274.0,Louisiana,2001.0,Male,40+ years,40+,137.0,859670.0,15.94
2680,Chlamydia,274.0,Louisiana,2001.0,Male,Unknown,99,35.0,,
2681,Chlamydia,274.0,Louisiana,2002.0,Male,0-14 years,0-14,36.0,498951.0,7.22
2682,Chlamydia,274.0,Louisiana,2002.0,Male,15-19 years,15-19,1051.0,180111.0,583.53
2683,Chlamydia,274.0,Louisiana,2002.0,Male,20-24 years,20-24,1447.0,174452.0,829.46
2684,Chlamydia,274.0,Louisiana,2002.0,Male,25-29 years,25-29,554.0,143902.0,384.98
2685,Chlamydia,274.0,Louisiana,2002.0,Male,30-34 years,30-34,193.0,146848.0,131.43
2686,Chlamydia,274.0,Louisiana,2002.0,Male,35-39 years,35-39,96.0,155199.0,61.86
2687,Chlamydia,274.0,Louisiana,2002.0,Male,40+ years,40+,119.0,872771.0,13.63
2688,Chlamydia,274.0,Louisiana,2002.0,Male,Unknown,99,29.0,,
2689,Chlamydia,274.0,Louisiana,2003.0,Male,0-14 years,0-14,34.0,497147.0,6.84
2690,Chlamydia,274.0,Louisiana,2003.0,Male,15-19 years,15-19,1092.0,177243.0,616.1
2691,Chlamydia,274.0,Louisiana,2003.0,Male,20-24 years,20-24,1545.0,179075.0,862.77
2692,Chlamydia,274.0,Louisiana,2003.0,Male,25-29 years,25-29,607.0,147409.0,411.78
2693,Chlamydia,274.0,Louisiana,2003.0,Male,30-34 years,30-34,247.0,144325.0,171.14
2694,Chlamydia,274.0,Louisiana,2003.0,Male,35-39 years,35-39,134.0,150892.0,88.81
2695,Chlamydia,274.0,Louisiana,2003.0,Male,40+ years,40+,131.0,886241.0,14.78
2696,Chlamydia,274.0,Louisiana,2003.0,Male,Unknown,99,18.0,,
2697,Chlamydia,274.0,Louisiana,2004.0,Male,0-14 years,0-14,46.0,492104.0,9.35
2698,Chlamydia,274.0,Louisiana,2004.0,Male,15-19 years,15-19,1026.0,175428.0,584.86
2699,Chlamydia,274.0,Louisiana,2004.0,Male,20-24 years,20-24,1679.0,181821.0,923.44
2700,Chlamydia,274.0,Louisiana,2004.0,Male,25-29 years,25-29,678.0,152544.0,444.46
2701,Chlamydia,274.0,Louisiana,2004.0,Male,30-34 years,30-34,280.0,142363.0,196.68
2702,Chlamydia,274.0,Louisiana,2004.0,Male,35-39 years,35-39,113.0,147564.0,76.58
2703,Chlamydia,274.0,Louisiana,2004.0,Male,40+ years,40+,167.0,902159.0,18.51
2704,Chlamydia,274.0,Louisiana,2004.0,Male,Unknown,99,27.0,,
2705,Chlamydia,274.0,Louisiana,2005.0,Male,0-14 years,0-14,31.0,483578.0,6.41
2706,Chlamydia,274.0,Louisiana,2005.0,Male,15-19 years,15-19,900.0,173577.0,518.5
2707,Chlamydia,274.0,Louisiana,2005.0,Male,20-24 years,20-24,1490.0,181852.0,819.35
2708,Chlamydia,274.0,Louisiana,2005.0,Male,25-29 years,25-29,606.0,158595.0,382.11
2709,Chlamydia,274.0,Louisiana,2005.0,Male,30-34 years,30-34,249.0,140071.0,177.77
2710,Chlamydia,274.0,Louisiana,2005.0,Male,35-39 years,35-39,129.0,145467.0,88.68
2711,Chlamydia,274.0,Louisiana,2005.0,Male,40+ years,40+,162.0,916581.0,17.67
2712,Chlamydia,274.0,Louisiana,2005.0,Male,Unknown,99,16.0,,
2713,Chlamydia,274.0,Louisiana,2006.0,Male,0-14 years,0-14,34.0,458727.0,7.41
2714,Chlamydia,274.0,Louisiana,2006.0,Male,15-19 years,15-19,809.0,162835.0,496.82
2715,Chlamydia,274.0,Louisiana,2006.0,Male,20-24 years,20-24,1407.0,164492.0,855.36
2716,Chlamydia,274.0,Louisiana,2006.0,Male,25-29 years,25-29,618.0,154805.0,399.21
2717,Chlamydia,274.0,Louisiana,2006.0,Male,30-34 years,30-34,235.0,125200.0,187.7
2718,Chlamydia,274.0,Louisiana,2006.0,Male,35-39 years,35-39,109.0,135564.0,80.4
2719,Chlamydia,274.0,Louisiana,2006.0,Male,40+ years,40+,138.0,884138.0,15.61
2720,Chlamydia,274.0,Louisiana,2006.0,Male,Unknown,99,22.0,,
2721,Chlamydia,274.0,Louisiana,2007.0,Male,0-14 years,0-14,30.0,453826.0,6.61
2722,Chlamydia,274.0,Louisiana,2007.0,Male,15-19 years,15-19,991.0,162541.0,609.69
2723,Chlamydia,274.0,Louisiana,2007.0,Male,20-24 years,20-24,1516.0,168060.0,902.06
2724,Chlamydia,274.0,Louisiana,2007.0,Male,25-29 years,25-29,680.0,158541.0,428.91
2725,Chlamydia,274.0,Louisiana,2007.0,Male,30-34 years,30-34,239.0,125557.0,190.35
2726,Chlamydia,274.0,Louisiana,2007.0,Male,35-39 years,35-39,139.0,134295.0,103.5
2727,Chlamydia,274.0,Louisiana,2007.0,Male,40+ years,40+,149.0,882625.0,16.88
2728,Chlamydia,274.0,Louisiana,2007.0,Male,Unknown,99,14.0,,
2729,Chlamydia,274.0,Louisiana,2008.0,Male,0-14 years,0-14,42.0,467722.0,8.98
2730,Chlamydia,274.0,Louisiana,2008.0,Male,15-19 years,15-19,1263.0,165690.0,762.27
2731,Chlamydia,274.0,Louisiana,2008.0,Male,20-24 years,20-24,2179.0,167780.0,1298.72
2732,Chlamydia,274.0,Louisiana,2008.0,Male,25-29 years,25-29,996.0,164834.0,604.24
2733,Chlamydia,274.0,Louisiana,2008.0,Male,30-34 years,30-34,400.0,131280.0,304.69
2734,Chlamydia,274.0,Louisiana,2008.0,Male,35-39 years,35-39,154.0,134598.0,114.42
2735,Chlamydia,274.0,Louisiana,2008.0,Male,40+ years,40+,171.0,908894.0,18.81
2736,Chlamydia,274.0,Louisiana,2008.0,Male,Unknown,99,21.0,,
2737,Chlamydia,274.0,Louisiana,2009.0,Male,0-14 years,0-14,63.0,476373.0,13.22
2738,Chlamydia,274.0,Louisiana,2009.0,Male,15-19 years,15-19,1660.0,165201.0,1004.84
2739,Chlamydia,274.0,Louisiana,2009.0,Male,20-24 years,20-24,2823.0,174082.0,1621.65
2740,Chlamydia,274.0,Louisiana,2009.0,Male,25-29 years,25-29,1308.0,171183.0,764.1
2741,Chlamydia,274.0,Louisiana,2009.0,Male,30-34 years,30-34,509.0,140137.0,363.22
2742,Chlamydia,274.0,Louisiana,2009.0,Male,35-39 years,35-39,209.0,134145.0,155.8
2743,Chlamydia,274.0,Louisiana,2009.0,Male,40+ years,40+,250.0,924014.0,27.06
2744,Chlamydia,274.0,Louisiana,2009.0,Male,Unknown,99,19.0,,
2745,Chlamydia,274.0,Louisiana,2010.0,Male,0-14 years,0-14,61.0,473394.0,12.89
2746,Chlamydia,274.0,Louisiana,2010.0,Male,15-19 years,15-19,1769.0,165747.0,1067.29
2747,Chlamydia,274.0,Louisiana,2010.0,Male,20-24 years,20-24,2630.0,169290.0,1553.55
2748,Chlamydia,274.0,Louisiana,2010.0,Male,25-29 years,25-29,1241.0,166926.0,743.44
2749,Chlamydia,274.0,Louisiana,2010.0,Male,30-34 years,30-34,473.0,148120.0,319.34
2750,Chlamydia,274.0,Louisiana,2010.0,Male,35-39 years,35-39,213.0,137544.0,154.86
2751,Chlamydia,274.0,Louisiana,2010.0,Male,40+ years,40+,245.0,958271.0,25.57
2752,Chlamydia,274.0,Louisiana,2010.0,Male,Unknown,99,26.0,,
2753,Chlamydia,274.0,Louisiana,2011.0,Male,0-14 years,0-14,75.0,476511.0,15.74
2754,Chlamydia,274.0,Louisiana,2011.0,Male,15-19 years,15-19,2063.0,160239.0,1287.45
2755,Chlamydia,274.0,Louisiana,2011.0,Male,20-24 years,20-24,2914.0,172775.0,1686.59
2756,Chlamydia,274.0,Louisiana,2011.0,Male,25-29 years,25-29,1409.0,166977.0,843.83
2757,Chlamydia,274.0,Louisiana,2011.0,Male,30-34 years,30-34,557.0,154295.0,361.0
2758,Chlamydia,274.0,Louisiana,2011.0,Male,35-39 years,35-39,259.0,135163.0,191.62
2759,Chlamydia,274.0,Louisiana,2011.0,Male,40+ years,40+,286.0,972409.0,29.41
2760,Chlamydia,274.0,Louisiana,2011.0,Male,Unknown,99,5.0,,
2761,Chlamydia,274.0,Louisiana,2012.0,Male,0-14 years,0-14,38.0,477521.0,7.96
2762,Chlamydia,274.0,Louisiana,2012.0,Male,15-19 years,15-19,1751.0,155895.0,1123.19
2763,Chlamydia,274.0,Louisiana,2012.0,Male,20-24 years,20-24,2651.0,175778.0,1508.15
2764,Chlamydia,274.0,Louisiana,2012.0,Male,25-29 years,25-29,1289.0,168504.0,764.97
2765,Chlamydia,274.0,Louisiana,2012.0,Male,30-34 years,30-34,597.0,158925.0,375.65
2766,Chlamydia,274.0,Louisiana,2012.0,Male,35-39 years,35-39,231.0,135415.0,170.59
2767,Chlamydia,274.0,Louisiana,2012.0,Male,40+ years,40+,288.0,980012.0,29.39
2768,Chlamydia,274.0,Louisiana,2012.0,Male,Unknown,99,1.0,,
2769,Chlamydia,274.0,Louisiana,2013.0,Male,0-14 years,0-14,44.0,474938.0,9.26
2770,Chlamydia,274.0,Louisiana,2013.0,Male,15-19 years,15-19,1811.0,154191.0,1174.52
2771,Chlamydia,274.0,Louisiana,2013.0,Male,20-24 years,20-24,2938.0,177105.0,1658.9
2772,Chlamydia,274.0,Louisiana,2013.0,Male,25-29 years,25-29,1416.0,168859.0,838.57
2773,Chlamydia,274.0,Louisiana,2013.0,Male,30-34 years,30-34,677.0,162784.0,415.89
2774,Chlamydia,274.0,Louisiana,2013.0,Male,35-39 years,35-39,289.0,138567.0,208.56
2775,Chlamydia,274.0,Louisiana,2013.0,Male,40+ years,40+,305.0,987489.0,30.89
2776,Chlamydia,274.0,Louisiana,2013.0,Male,Unknown,99,1.0,,
2777,Chlamydia,274.0,Louisiana,2014.0,Male,0-14 years,0-14,37.0,474938.0,7.79
2778,Chlamydia,274.0,Louisiana,2014.0,Male,15-19 years,15-19,1869.0,154191.0,1212.13
2779,Chlamydia,274.0,Louisiana,2014.0,Male,20-24 years,20-24,2950.0,177105.0,1665.68
2780,Chlamydia,274.0,Louisiana,2014.0,Male,25-29 years,25-29,1463.0,168859.0,866.4
2781,Chlamydia,274.0,Louisiana,2014.0,Male,30-34 years,30-34,691.0,162784.0,424.49
2782,Chlamydia,274.0,Louisiana,2014.0,Male,35-39 years,35-39,321.0,138567.0,231.66
2783,Chlamydia,274.0,Louisiana,2014.0,Male,40+ years,40+,324.0,987489.0,32.81
2784,Chlamydia,274.0,Maine,1996.0,Male,0-14 years,0-14,3.0,130522.0,2.3
2785,Chlamydia,274.0,Maine,1996.0,Male,15-19 years,15-19,39.0,44243.0,88.15
2786,Chlamydia,274.0,Maine,1996.0,Male,20-24 years,20-24,51.0,36721.0,138.88
2787,Chlamydia,274.0,Maine,1996.0,Male,25-29 years,25-29,29.0,37622.0,77.08
2788,Chlamydia,274.0,Maine,1996.0,Male,30-34 years,30-34,8.0,46519.0,17.2
2789,Chlamydia,274.0,Maine,1996.0,Male,35-39 years,35-39,5.0,53218.0,9.4
2790,Chlamydia,274.0,Maine,1996.0,Male,40+ years,40+,3.0,258520.0,1.16
2791,Chlamydia,274.0,Maine,1997.0,Male,0-14 years,0-14,1.0,128788.0,0.78
2792,Chlamydia,274.0,Maine,1997.0,Male,15-19 years,15-19,37.0,44877.0,82.45
2793,Chlamydia,274.0,Maine,1997.0,Male,20-24 years,20-24,70.0,35652.0,196.34
2794,Chlamydia,274.0,Maine,1997.0,Male,25-29 years,25-29,24.0,37469.0,64.05
2795,Chlamydia,274.0,Maine,1997.0,Male,30-34 years,30-34,11.0,44598.0,24.66
2796,Chlamydia,274.0,Maine,1997.0,Male,35-39 years,35-39,6.0,53067.0,11.31
2797,Chlamydia,274.0,Maine,1997.0,Male,40+ years,40+,7.0,265453.0,2.64
2798,Chlamydia,274.0,Maine,1997.0,Male,Unknown,99,12.0,,
2799,Chlamydia,274.0,Maine,1998.0,Male,0-14 years,0-14,2.0,128155.0,1.56
2800,Chlamydia,274.0,Maine,1998.0,Male,15-19 years,15-19,36.0,45428.0,79.25
2801,Chlamydia,274.0,Maine,1998.0,Male,20-24 years,20-24,70.0,35035.0,199.8
2802,Chlamydia,274.0,Maine,1998.0,Male,25-29 years,25-29,30.0,36855.0,81.4
2803,Chlamydia,274.0,Maine,1998.0,Male,30-34 years,30-34,11.0,42894.0,25.64
2804,Chlamydia,274.0,Maine,1998.0,Male,35-39 years,35-39,9.0,52226.0,17.23
2805,Chlamydia,274.0,Maine,1998.0,Male,40+ years,40+,7.0,271469.0,2.58
2806,Chlamydia,274.0,Maine,1998.0,Male,Unknown,99,9.0,,
2807,Chlamydia,274.0,Maine,1999.0,Male,0-14 years,0-14,1.0,126875.0,0.79
2808,Chlamydia,274.0,Maine,1999.0,Male,15-19 years,15-19,72.0,45609.0,157.86
2809,Chlamydia,274.0,Maine,1999.0,Male,20-24 years,20-24,77.0,34988.0,220.07
2810,Chlamydia,274.0,Maine,1999.0,Male,25-29 years,25-29,38.0,36184.0,105.02
2811,Chlamydia,274.0,Maine,1999.0,Male,30-34 years,30-34,16.0,41969.0,38.12
2812,Chlamydia,274.0,Maine,1999.0,Male,35-39 years,35-39,10.0,51526.0,19.41
2813,Chlamydia,274.0,Maine,1999.0,Male,40+ years,40+,7.0,279059.0,2.51
2814,Chlamydia,274.0,Maine,1999.0,Male,Unknown,99,8.0,,
2815,Chlamydia,274.0,Maine,2000.0,Male,0-14 years,0-14,2.0,120945.0,1.65
2816,Chlamydia,274.0,Maine,2000.0,Male,15-19 years,15-19,98.0,45741.0,214.25
2817,Chlamydia,274.0,Maine,2000.0,Male,20-24 years,20-24,126.0,35892.0,351.05
2818,Chlamydia,274.0,Maine,2000.0,Male,25-29 years,25-29,48.0,35382.0,135.66
2819,Chlamydia,274.0,Maine,2000.0,Male,30-34 years,30-34,23.0,42457.0,54.17
2820,Chlamydia,274.0,Maine,2000.0,Male,35-39 years,35-39,10.0,51182.0,19.54
2821,Chlamydia,274.0,Maine,2000.0,Male,40+ years,40+,20.0,289782.0,6.9
2822,Chlamydia,274.0,Maine,2000.0,Male,Unknown,99,4.0,,
2823,Chlamydia,274.0,Maine,2001.0,Male,0-14 years,0-14,2.0,118593.0,1.69
2824,Chlamydia,274.0,Maine,2001.0,Male,15-19 years,15-19,64.0,46628.0,137.26
2825,Chlamydia,274.0,Maine,2001.0,Male,20-24 years,20-24,122.0,38127.0,319.98
2826,Chlamydia,274.0,Maine,2001.0,Male,25-29 years,25-29,59.0,33788.0,174.62
2827,Chlamydia,274.0,Maine,2001.0,Male,30-34 years,30-34,20.0,42062.0,47.55
2828,Chlamydia,274.0,Maine,2001.0,Male,35-39 years,35-39,17.0,50229.0,33.84
2829,Chlamydia,274.0,Maine,2001.0,Male,40+ years,40+,11.0,295680.0,3.72
2830,Chlamydia,274.0,Maine,2001.0,Male,Unknown,99,2.0,,
2831,Chlamydia,274.0,Maine,2002.0,Male,15-19 years,15-19,108.0,47260.0,228.52
2832,Chlamydia,274.0,Maine,2002.0,Male,20-24 years,20-24,190.0,40935.0,464.15
2833,Chlamydia,274.0,Maine,2002.0,Male,25-29 years,25-29,81.0,33550.0,241.43
2834,Chlamydia,274.0,Maine,2002.0,Male,30-34 years,30-34,45.0,41922.0,107.34
2835,Chlamydia,274.0,Maine,2002.0,Male,35-39 years,35-39,22.0,49163.0,44.75
2836,Chlamydia,274.0,Maine,2002.0,Male,40+ years,40+,18.0,302333.0,5.95
2837,Chlamydia,274.0,Maine,2002.0,Male,Unknown,99,4.0,,
2838,Chlamydia,274.0,Maine,2003.0,Male,0-14 years,0-14,4.0,118211.0,3.38
2839,Chlamydia,274.0,Maine,2003.0,Male,15-19 years,15-19,110.0,48254.0,227.96
2840,Chlamydia,274.0,Maine,2003.0,Male,20-24 years,20-24,249.0,42437.0,586.75
2841,Chlamydia,274.0,Maine,2003.0,Male,25-29 years,25-29,111.0,32765.0,338.78
2842,Chlamydia,274.0,Maine,2003.0,Male,30-34 years,30-34,49.0,39376.0,124.44
2843,Chlamydia,274.0,Maine,2003.0,Male,35-39 years,35-39,22.0,46793.0,47.02
2844,Chlamydia,274.0,Maine,2003.0,Male,40+ years,40+,27.0,308869.0,8.74
2845,Chlamydia,274.0,Maine,2003.0,Male,Unknown,99,5.0,,
2846,Chlamydia,274.0,Maine,2004.0,Male,15-19 years,15-19,111.0,48322.0,229.71
2847,Chlamydia,274.0,Maine,2004.0,Male,20-24 years,20-24,263.0,44218.0,594.78
2848,Chlamydia,274.0,Maine,2004.0,Male,25-29 years,25-29,102.0,33765.0,302.09
2849,Chlamydia,274.0,Maine,2004.0,Male,30-34 years,30-34,42.0,38347.0,109.53
2850,Chlamydia,274.0,Maine,2004.0,Male,35-39 years,35-39,20.0,45579.0,43.88
2851,Chlamydia,274.0,Maine,2004.0,Male,40+ years,40+,40.0,316912.0,12.62
2852,Chlamydia,274.0,Maine,2004.0,Male,Unknown,99,3.0,,
2853,Chlamydia,274.0,Maine,2005.0,Male,0-14 years,0-14,2.0,113451.0,1.76
2854,Chlamydia,274.0,Maine,2005.0,Male,15-19 years,15-19,123.0,48215.0,255.11
2855,Chlamydia,274.0,Maine,2005.0,Male,20-24 years,20-24,227.0,45269.0,501.45
2856,Chlamydia,274.0,Maine,2005.0,Male,25-29 years,25-29,136.0,34998.0,388.59
2857,Chlamydia,274.0,Maine,2005.0,Male,30-34 years,30-34,59.0,36563.0,161.37
2858,Chlamydia,274.0,Maine,2005.0,Male,35-39 years,35-39,23.0,44653.0,51.51
2859,Chlamydia,274.0,Maine,2005.0,Male,40+ years,40+,34.0,322444.0,10.54
2860,Chlamydia,274.0,Maine,2005.0,Male,Unknown,99,2.0,,
2861,Chlamydia,274.0,Maine,2006.0,Male,0-14 years,0-14,1.0,115685.0,0.86
2862,Chlamydia,274.0,Maine,2006.0,Male,15-19 years,15-19,134.0,46113.0,290.59
2863,Chlamydia,274.0,Maine,2006.0,Male,20-24 years,20-24,276.0,41888.0,658.9
2864,Chlamydia,274.0,Maine,2006.0,Male,25-29 years,25-29,115.0,38362.0,299.78
2865,Chlamydia,274.0,Maine,2006.0,Male,30-34 years,30-34,46.0,36891.0,124.69
2866,Chlamydia,274.0,Maine,2006.0,Male,35-39 years,35-39,27.0,44475.0,60.71
2867,Chlamydia,274.0,Maine,2006.0,Male,40+ years,40+,31.0,323013.0,9.6
2868,Chlamydia,274.0,Maine,2006.0,Male,Unknown,99,4.0,,
2869,Chlamydia,274.0,Maine,2007.0,Male,0-14 years,0-14,2.0,114715.0,1.74
2870,Chlamydia,274.0,Maine,2007.0,Male,15-19 years,15-19,142.0,45805.0,310.01
2871,Chlamydia,274.0,Maine,2007.0,Male,20-24 years,20-24,302.0,40164.0,751.92
2872,Chlamydia,274.0,Maine,2007.0,Male,25-29 years,25-29,141.0,37729.0,373.72
2873,Chlamydia,274.0,Maine,2007.0,Male,30-34 years,30-34,59.0,35813.0,164.75
2874,Chlamydia,274.0,Maine,2007.0,Male,35-39 years,35-39,23.0,43342.0,53.07
2875,Chlamydia,274.0,Maine,2007.0,Male,40+ years,40+,33.0,325231.0,10.15
2876,Chlamydia,274.0,Maine,2007.0,Male,Unknown,99,6.0,,
2877,Chlamydia,274.0,Maine,2008.0,Male,0-14 years,0-14,1.0,113320.0,0.88
2878,Chlamydia,274.0,Maine,2008.0,Male,15-19 years,15-19,145.0,44912.0,322.85
2879,Chlamydia,274.0,Maine,2008.0,Male,20-24 years,20-24,323.0,40133.0,804.82
2880,Chlamydia,274.0,Maine,2008.0,Male,25-29 years,25-29,167.0,38166.0,437.56
2881,Chlamydia,274.0,Maine,2008.0,Male,30-34 years,30-34,60.0,35562.0,168.72
2882,Chlamydia,274.0,Maine,2008.0,Male,35-39 years,35-39,32.0,42037.0,76.12
2883,Chlamydia,274.0,Maine,2008.0,Male,40+ years,40+,30.0,328239.0,9.14
2884,Chlamydia,274.0,Maine,2008.0,Male,Unknown,99,3.0,,
2885,Chlamydia,274.0,Maine,2009.0,Male,0-14 years,0-14,1.0,112080.0,0.89
2886,Chlamydia,274.0,Maine,2009.0,Male,15-19 years,15-19,152.0,45534.0,333.82
2887,Chlamydia,274.0,Maine,2009.0,Male,20-24 years,20-24,306.0,42213.0,724.89
2888,Chlamydia,274.0,Maine,2009.0,Male,25-29 years,25-29,134.0,38999.0,343.6
2889,Chlamydia,274.0,Maine,2009.0,Male,30-34 years,30-34,59.0,35549.0,165.97
2890,Chlamydia,274.0,Maine,2009.0,Male,35-39 years,35-39,30.0,39657.0,75.65
2891,Chlamydia,274.0,Maine,2009.0,Male,40+ years,40+,37.0,329548.0,11.23
2892,Chlamydia,274.0,Maine,2009.0,Male,Unknown,99,7.0,,
2893,Chlamydia,274.0,Maine,2010.0,Male,0-14 years,0-14,2.0,114343.0,1.75
2894,Chlamydia,274.0,Maine,2010.0,Male,15-19 years,15-19,142.0,45541.0,311.81
2895,Chlamydia,274.0,Maine,2010.0,Male,20-24 years,20-24,320.0,40426.0,791.57
2896,Chlamydia,274.0,Maine,2010.0,Male,25-29 years,25-29,158.0,36145.0,437.13
2897,Chlamydia,274.0,Maine,2010.0,Male,30-34 years,30-34,73.0,35662.0,204.7
2898,Chlamydia,274.0,Maine,2010.0,Male,35-39 years,35-39,31.0,39302.0,78.88
2899,Chlamydia,274.0,Maine,2010.0,Male,40+ years,40+,39.0,338637.0,11.52
2900,Chlamydia,274.0,Maine,2010.0,Male,Unknown,99,3.0,,
2901,Chlamydia,274.0,Maine,2011.0,Male,0-14 years,0-14,3.0,112414.0,2.67
2902,Chlamydia,274.0,Maine,2011.0,Male,15-19 years,15-19,189.0,44463.0,425.07
2903,Chlamydia,274.0,Maine,2011.0,Male,20-24 years,20-24,376.0,40601.0,926.09
2904,Chlamydia,274.0,Maine,2011.0,Male,25-29 years,25-29,204.0,36509.0,558.77
2905,Chlamydia,274.0,Maine,2011.0,Male,30-34 years,30-34,79.0,36210.0,218.17
2906,Chlamydia,274.0,Maine,2011.0,Male,35-39 years,35-39,40.0,36950.0,108.25
2907,Chlamydia,274.0,Maine,2011.0,Male,40+ years,40+,49.0,342916.0,14.29
2908,Chlamydia,274.0,Maine,2011.0,Male,Unknown,99,4.0,,
2909,Chlamydia,274.0,Maine,2012.0,Male,0-14 years,0-14,5.0,111294.0,4.49
2910,Chlamydia,274.0,Maine,2012.0,Male,15-19 years,15-19,183.0,43623.0,419.5
2911,Chlamydia,274.0,Maine,2012.0,Male,20-24 years,20-24,424.0,40618.0,1043.87
2912,Chlamydia,274.0,Maine,2012.0,Male,25-29 years,25-29,207.0,37034.0,558.95
2913,Chlamydia,274.0,Maine,2012.0,Male,30-34 years,30-34,91.0,36418.0,249.88
2914,Chlamydia,274.0,Maine,2012.0,Male,35-39 years,35-39,35.0,35873.0,97.57
2915,Chlamydia,274.0,Maine,2012.0,Male,40+ years,40+,42.0,345418.0,12.16
2916,Chlamydia,274.0,Maine,2012.0,Male,Unknown,99,3.0,,
2917,Chlamydia,274.0,Maine,2013.0,Male,0-14 years,0-14,3.0,109175.0,2.75
2918,Chlamydia,274.0,Maine,2013.0,Male,15-19 years,15-19,203.0,42695.0,475.47
2919,Chlamydia,274.0,Maine,2013.0,Male,20-24 years,20-24,403.0,40364.0,998.41
2920,Chlamydia,274.0,Maine,2013.0,Male,25-29 years,25-29,234.0,38230.0,612.09
2921,Chlamydia,274.0,Maine,2013.0,Male,30-34 years,30-34,93.0,36716.0,253.3
2922,Chlamydia,274.0,Maine,2013.0,Male,35-39 years,35-39,39.0,35505.0,109.84
2923,Chlamydia,274.0,Maine,2013.0,Male,40+ years,40+,54.0,347535.0,15.54
2924,Chlamydia,274.0,Maine,2013.0,Male,Unknown,99,2.0,,
2925,Chlamydia,274.0,Maine,2014.0,Male,0-14 years,0-14,4.0,109175.0,3.66
2926,Chlamydia,274.0,Maine,2014.0,Male,15-19 years,15-19,183.0,42695.0,428.62
2927,Chlamydia,274.0,Maine,2014.0,Male,20-24 years,20-24,415.0,40364.0,1028.14
2928,Chlamydia,274.0,Maine,2014.0,Male,25-29 years,25-29,232.0,38230.0,606.85
2929,Chlamydia,274.0,Maine,2014.0,Male,30-34 years,30-34,90.0,36716.0,245.12
2930,Chlamydia,274.0,Maine,2014.0,Male,35-39 years,35-39,50.0,35505.0,140.82
2931,Chlamydia,274.0,Maine,2014.0,Male,40+ years,40+,73.0,347535.0,21.01
2932,Chlamydia,274.0,Maine,2014.0,Male,Unknown,99,3.0,,
2933,Chlamydia,274.0,Maryland,1996.0,Male,0-14 years,0-14,29.0,564510.0,5.14
2934,Chlamydia,274.0,Maryland,1996.0,Male,15-19 years,15-19,480.0,164786.0,291.29
2935,Chlamydia,274.0,Maryland,1996.0,Male,20-24 years,20-24,553.0,151881.0,364.1
2936,Chlamydia,274.0,Maryland,1996.0,Male,25-29 years,25-29,251.0,181380.0,138.38
2937,Chlamydia,274.0,Maryland,1996.0,Male,30-34 years,30-34,133.0,227031.0,58.58
2938,Chlamydia,274.0,Maryland,1996.0,Male,35-39 years,35-39,71.0,225830.0,31.44
2939,Chlamydia,274.0,Maryland,1996.0,Male,40+ years,40+,82.0,956745.0,8.57
2940,Chlamydia,274.0,Maryland,1996.0,Male,Unknown,99,54.0,,
2941,Chlamydia,274.0,Maryland,1997.0,Male,0-14 years,0-14,37.0,569591.0,6.5
2942,Chlamydia,274.0,Maryland,1997.0,Male,15-19 years,15-19,531.0,169886.0,312.56
2943,Chlamydia,274.0,Maryland,1997.0,Male,20-24 years,20-24,508.0,150329.0,337.93
2944,Chlamydia,274.0,Maryland,1997.0,Male,25-29 years,25-29,300.0,176656.0,169.82
2945,Chlamydia,274.0,Maryland,1997.0,Male,30-34 years,30-34,157.0,219389.0,71.56
2946,Chlamydia,274.0,Maryland,1997.0,Male,35-39 years,35-39,81.0,226845.0,35.71
2947,Chlamydia,274.0,Maryland,1997.0,Male,40+ years,40+,95.0,979738.0,9.7
2948,Chlamydia,274.0,Maryland,1997.0,Male,Unknown,99,59.0,,
2949,Chlamydia,274.0,Maryland,1998.0,Male,0-14 years,0-14,42.0,575708.0,7.3
2950,Chlamydia,274.0,Maryland,1998.0,Male,15-19 years,15-19,706.0,175124.0,403.14
2951,Chlamydia,274.0,Maryland,1998.0,Male,20-24 years,20-24,592.0,150450.0,393.49
2952,Chlamydia,274.0,Maryland,1998.0,Male,25-29 years,25-29,310.0,172443.0,179.77
2953,Chlamydia,274.0,Maryland,1998.0,Male,30-34 years,30-34,142.0,210317.0,67.52
2954,Chlamydia,274.0,Maryland,1998.0,Male,35-39 years,35-39,72.0,226566.0,31.78
2955,Chlamydia,274.0,Maryland,1998.0,Male,40+ years,40+,86.0,1002766.0,8.58
2956,Chlamydia,274.0,Maryland,1998.0,Male,Unknown,99,47.0,,
2957,Chlamydia,274.0,Maryland,1999.0,Male,0-14 years,0-14,71.0,578830.0,12.27
2958,Chlamydia,274.0,Maryland,1999.0,Male,15-19 years,15-19,783.0,179020.0,437.38
2959,Chlamydia,274.0,Maryland,1999.0,Male,20-24 years,20-24,654.0,153412.0,426.3
2960,Chlamydia,274.0,Maryland,1999.0,Male,25-29 years,25-29,322.0,168821.0,190.74
2961,Chlamydia,274.0,Maryland,1999.0,Male,30-34 years,30-34,136.0,201665.0,67.44
2962,Chlamydia,274.0,Maryland,1999.0,Male,35-39 years,35-39,99.0,226678.0,43.67
2963,Chlamydia,274.0,Maryland,1999.0,Male,40+ years,40+,100.0,1029155.0,9.72
2964,Chlamydia,274.0,Maryland,1999.0,Male,Unknown,99,34.0,,
2965,Chlamydia,274.0,Maryland,2000.0,Male,0-14 years,0-14,42.0,582646.0,7.21
2966,Chlamydia,274.0,Maryland,2000.0,Male,15-19 years,15-19,762.0,182935.0,416.54
2967,Chlamydia,274.0,Maryland,2000.0,Male,20-24 years,20-24,776.0,157648.0,492.24
2968,Chlamydia,274.0,Maryland,2000.0,Male,25-29 years,25-29,343.0,165000.0,207.88
2969,Chlamydia,274.0,Maryland,2000.0,Male,30-34 years,30-34,187.0,196478.0,95.18
2970,Chlamydia,274.0,Maryland,2000.0,Male,35-39 years,35-39,126.0,224643.0,56.09
2971,Chlamydia,274.0,Maryland,2000.0,Male,40+ years,40+,125.0,1056687.0,11.83
2972,Chlamydia,274.0,Maryland,2000.0,Male,Unknown,99,18.0,,
2973,Chlamydia,274.0,Maryland,2001.0,Male,0-14 years,0-14,58.0,584387.0,9.92
2974,Chlamydia,274.0,Maryland,2001.0,Male,15-19 years,15-19,872.0,188848.0,461.75
2975,Chlamydia,274.0,Maryland,2001.0,Male,20-24 years,20-24,924.0,162891.0,567.25
2976,Chlamydia,274.0,Maryland,2001.0,Male,25-29 years,25-29,401.0,161439.0,248.39
2977,Chlamydia,274.0,Maryland,2001.0,Male,30-34 years,30-34,233.0,197120.0,118.2
2978,Chlamydia,274.0,Maryland,2001.0,Male,35-39 years,35-39,144.0,223213.0,64.51
2979,Chlamydia,274.0,Maryland,2001.0,Male,40+ years,40+,122.0,1084574.0,11.25
2980,Chlamydia,274.0,Maryland,2001.0,Male,Unknown,99,23.0,,
2981,Chlamydia,274.0,Maryland,2002.0,Male,0-14 years,0-14,46.0,587296.0,7.83
2982,Chlamydia,274.0,Maryland,2002.0,Male,15-19 years,15-19,973.0,194369.0,500.59
2983,Chlamydia,274.0,Maryland,2002.0,Male,20-24 years,20-24,981.0,171714.0,571.3
2984,Chlamydia,274.0,Maryland,2002.0,Male,25-29 years,25-29,469.0,160656.0,291.93
2985,Chlamydia,274.0,Maryland,2002.0,Male,30-34 years,30-34,247.0,197077.0,125.33
2986,Chlamydia,274.0,Maryland,2002.0,Male,35-39 years,35-39,143.0,220337.0,64.9
2987,Chlamydia,274.0,Maryland,2002.0,Male,40+ years,40+,141.0,1107591.0,12.73
2988,Chlamydia,274.0,Maryland,2002.0,Male,Unknown,99,29.0,,
2989,Chlamydia,274.0,Maryland,2003.0,Male,0-14 years,0-14,53.0,584004.0,9.08
2990,Chlamydia,274.0,Maryland,2003.0,Male,15-19 years,15-19,1158.0,198571.0,583.17
2991,Chlamydia,274.0,Maryland,2003.0,Male,20-24 years,20-24,920.0,181013.0,508.25
2992,Chlamydia,274.0,Maryland,2003.0,Male,25-29 years,25-29,405.0,161213.0,251.22
2993,Chlamydia,274.0,Maryland,2003.0,Male,30-34 years,30-34,207.0,189767.0,109.08
2994,Chlamydia,274.0,Maryland,2003.0,Male,35-39 years,35-39,147.0,212551.0,69.16
2995,Chlamydia,274.0,Maryland,2003.0,Male,40+ years,40+,154.0,1138524.0,13.53
2996,Chlamydia,274.0,Maryland,2003.0,Male,Unknown,99,24.0,,
2997,Chlamydia,274.0,Maryland,2004.0,Male,0-14 years,0-14,74.0,588928.0,12.57
2998,Chlamydia,274.0,Maryland,2004.0,Male,15-19 years,15-19,1364.0,203110.0,671.56
2999,Chlamydia,274.0,Maryland,2004.0,Male,20-24 years,20-24,1178.0,187657.0,627.74
3000,Chlamydia,274.0,Maryland,2004.0,Male,25-29 years,25-29,513.0,164012.0,312.78
3001,Chlamydia,274.0,Maryland,2004.0,Male,30-34 years,30-34,316.0,183125.0,172.56
3002,Chlamydia,274.0,Maryland,2004.0,Male,35-39 years,35-39,179.0,204950.0,87.34
3003,Chlamydia,274.0,Maryland,2004.0,Male,40+ years,40+,187.0,1159119.0,16.13
3004,Chlamydia,274.0,Maryland,2004.0,Male,Unknown,99,30.0,,
3005,Chlamydia,274.0,Maryland,2005.0,Male,0-14 years,0-14,54.0,588552.0,9.18
3006,Chlamydia,274.0,Maryland,2005.0,Male,15-19 years,15-19,1296.0,208015.0,623.03
3007,Chlamydia,274.0,Maryland,2005.0,Male,20-24 years,20-24,1169.0,193792.0,603.22
3008,Chlamydia,274.0,Maryland,2005.0,Male,25-29 years,25-29,501.0,168694.0,296.99
3009,Chlamydia,274.0,Maryland,2005.0,Male,30-34 years,30-34,237.0,175896.0,134.74
3010,Chlamydia,274.0,Maryland,2005.0,Male,35-39 years,35-39,172.0,200264.0,85.89
3011,Chlamydia,274.0,Maryland,2005.0,Male,40+ years,40+,178.0,1178099.0,15.11
3012,Chlamydia,274.0,Maryland,2005.0,Male,Unknown,99,20.0,,
3013,Chlamydia,274.0,Maryland,2006.0,Male,0-14 years,0-14,40.0,568179.0,7.04
3014,Chlamydia,274.0,Maryland,2006.0,Male,15-19 years,15-19,1409.0,207165.0,680.13
3015,Chlamydia,274.0,Maryland,2006.0,Male,20-24 years,20-24,1548.0,189423.0,817.22
3016,Chlamydia,274.0,Maryland,2006.0,Male,25-29 years,25-29,690.0,182972.0,377.11
3017,Chlamydia,274.0,Maryland,2006.0,Male,30-34 years,30-34,315.0,175523.0,179.46
3018,Chlamydia,274.0,Maryland,2006.0,Male,35-39 years,35-39,203.0,200207.0,101.39
3019,Chlamydia,274.0,Maryland,2006.0,Male,40+ years,40+,208.0,1193385.0,17.43
3020,Chlamydia,274.0,Maryland,2006.0,Male,Unknown,99,26.0,,
3021,Chlamydia,274.0,Maryland,2007.0,Male,0-14 years,0-14,46.0,567421.0,8.11
3022,Chlamydia,274.0,Maryland,2007.0,Male,15-19 years,15-19,1610.0,208096.0,773.68
3023,Chlamydia,274.0,Maryland,2007.0,Male,20-24 years,20-24,1635.0,191140.0,855.39
3024,Chlamydia,274.0,Maryland,2007.0,Male,25-29 years,25-29,804.0,184290.0,436.27
3025,Chlamydia,274.0,Maryland,2007.0,Male,30-34 years,30-34,335.0,171674.0,195.14
3026,Chlamydia,274.0,Maryland,2007.0,Male,35-39 years,35-39,220.0,196169.0,112.15
3027,Chlamydia,274.0,Maryland,2007.0,Male,40+ years,40+,234.0,1199800.0,19.5
3028,Chlamydia,274.0,Maryland,2007.0,Male,Unknown,99,23.0,,
3029,Chlamydia,274.0,Maryland,2008.0,Male,0-14 years,0-14,68.0,561402.0,12.11
3030,Chlamydia,274.0,Maryland,2008.0,Male,15-19 years,15-19,1942.0,207513.0,935.85
3031,Chlamydia,274.0,Maryland,2008.0,Male,20-24 years,20-24,1676.0,190447.0,880.03
3032,Chlamydia,274.0,Maryland,2008.0,Male,25-29 years,25-29,788.0,189727.0,415.33
3033,Chlamydia,274.0,Maryland,2008.0,Male,30-34 years,30-34,334.0,172042.0,194.14
3034,Chlamydia,274.0,Maryland,2008.0,Male,35-39 years,35-39,227.0,191321.0,118.65
3035,Chlamydia,274.0,Maryland,2008.0,Male,40+ years,40+,245.0,1214871.0,20.17
3036,Chlamydia,274.0,Maryland,2008.0,Male,Unknown,99,27.0,,
3037,Chlamydia,274.0,Maryland,2009.0,Male,0-14 years,0-14,67.0,569670.0,11.76
3038,Chlamydia,274.0,Maryland,2009.0,Male,15-19 years,15-19,1801.0,205292.0,877.29
3039,Chlamydia,274.0,Maryland,2009.0,Male,20-24 years,20-24,1501.0,193978.0,773.8
3040,Chlamydia,274.0,Maryland,2009.0,Male,25-29 years,25-29,696.0,198241.0,351.09
3041,Chlamydia,274.0,Maryland,2009.0,Male,30-34 years,30-34,330.0,179439.0,183.91
3042,Chlamydia,274.0,Maryland,2009.0,Male,35-39 years,35-39,221.0,185771.0,118.96
3043,Chlamydia,274.0,Maryland,2009.0,Male,40+ years,40+,247.0,1231415.0,20.06
3044,Chlamydia,274.0,Maryland,2009.0,Male,Unknown,99,22.0,,
3045,Chlamydia,274.0,Maryland,2010.0,Male,0-14 years,0-14,63.0,565849.0,11.13
3046,Chlamydia,274.0,Maryland,2010.0,Male,15-19 years,15-19,2242.0,208249.0,1076.6
3047,Chlamydia,274.0,Maryland,2010.0,Male,20-24 years,20-24,2055.0,199923.0,1027.9
3048,Chlamydia,274.0,Maryland,2010.0,Male,25-29 years,25-29,919.0,194223.0,473.17
3049,Chlamydia,274.0,Maryland,2010.0,Male,30-34 years,30-34,462.0,179279.0,257.7
3050,Chlamydia,274.0,Maryland,2010.0,Male,35-39 years,35-39,237.0,181543.0,130.55
3051,Chlamydia,274.0,Maryland,2010.0,Male,40+ years,40+,343.0,1262696.0,27.16
3052,Chlamydia,274.0,Maryland,2010.0,Male,Unknown,99,15.0,,
3053,Chlamydia,274.0,Maryland,2011.0,Male,0-14 years,0-14,72.0,566185.0,12.72
3054,Chlamydia,274.0,Maryland,2011.0,Male,15-19 years,15-19,2235.0,204111.0,1094.99
3055,Chlamydia,274.0,Maryland,2011.0,Male,20-24 years,20-24,2640.0,203471.0,1297.48
3056,Chlamydia,274.0,Maryland,2011.0,Male,25-29 years,25-29,1096.0,198945.0,550.91
3057,Chlamydia,274.0,Maryland,2011.0,Male,30-34 years,30-34,507.0,186440.0,271.94
3058,Chlamydia,274.0,Maryland,2011.0,Male,35-39 years,35-39,226.0,175524.0,128.76
3059,Chlamydia,274.0,Maryland,2011.0,Male,40+ years,40+,401.0,1285898.0,31.18
3060,Chlamydia,274.0,Maryland,2011.0,Male,Unknown,99,20.0,,
3061,Chlamydia,274.0,Maryland,2012.0,Male,0-14 years,0-14,71.0,567087.0,12.52
3062,Chlamydia,274.0,Maryland,2012.0,Male,15-19 years,15-19,1945.0,202817.0,958.99
3063,Chlamydia,274.0,Maryland,2012.0,Male,20-24 years,20-24,2736.0,206137.0,1327.27
3064,Chlamydia,274.0,Maryland,2012.0,Male,25-29 years,25-29,1208.0,202940.0,595.25
3065,Chlamydia,274.0,Maryland,2012.0,Male,30-34 years,30-34,538.0,192815.0,279.02
3066,Chlamydia,274.0,Maryland,2012.0,Male,35-39 years,35-39,259.0,175442.0,147.63
3067,Chlamydia,274.0,Maryland,2012.0,Male,40+ years,40+,419.0,1303165.0,32.15
3068,Chlamydia,274.0,Maryland,2012.0,Male,Unknown,99,17.0,,
3069,Chlamydia,274.0,Maryland,2013.0,Male,0-14 years,0-14,68.0,569088.0,11.95
3070,Chlamydia,274.0,Maryland,2013.0,Male,15-19 years,15-19,1917.0,199051.0,963.07
3071,Chlamydia,274.0,Maryland,2013.0,Male,20-24 years,20-24,2840.0,206441.0,1375.7
3072,Chlamydia,274.0,Maryland,2013.0,Male,25-29 years,25-29,1399.0,206700.0,676.83
3073,Chlamydia,274.0,Maryland,2013.0,Male,30-34 years,30-34,654.0,198556.0,329.38
3074,Chlamydia,274.0,Maryland,2013.0,Male,35-39 years,35-39,313.0,178876.0,174.98
3075,Chlamydia,274.0,Maryland,2013.0,Male,40+ years,40+,451.0,1316050.0,34.27
3076,Chlamydia,274.0,Maryland,2013.0,Male,Unknown,99,12.0,,
3077,Chlamydia,274.0,Maryland,2014.0,Male,0-14 years,0-14,45.0,569088.0,7.91
3078,Chlamydia,274.0,Maryland,2014.0,Male,15-19 years,15-19,1900.0,199051.0,954.53
3079,Chlamydia,274.0,Maryland,2014.0,Male,20-24 years,20-24,3050.0,206441.0,1477.42
3080,Chlamydia,274.0,Maryland,2014.0,Male,25-29 years,25-29,1681.0,206700.0,813.26
3081,Chlamydia,274.0,Maryland,2014.0,Male,30-34 years,30-34,687.0,198556.0,346.0
3082,Chlamydia,274.0,Maryland,2014.0,Male,35-39 years,35-39,346.0,178876.0,193.43
3083,Chlamydia,274.0,Maryland,2014.0,Male,40+ years,40+,513.0,1316050.0,38.98
3084,Chlamydia,274.0,Maryland,2014.0,Male,Unknown,99,15.0,,
3085,Chlamydia,274.0,Massachusetts,1996.0,Male,0-14 years,0-14,14.0,637810.0,2.2
3086,Chlamydia,274.0,Massachusetts,1996.0,Male,15-19 years,15-19,245.0,190561.0,128.57
3087,Chlamydia,274.0,Massachusetts,1996.0,Male,20-24 years,20-24,337.0,194621.0,173.16
3088,Chlamydia,274.0,Massachusetts,1996.0,Male,25-29 years,25-29,220.0,253138.0,86.91
3089,Chlamydia,274.0,Massachusetts,1996.0,Male,30-34 years,30-34,110.0,263620.0,41.73
3090,Chlamydia,274.0,Massachusetts,1996.0,Male,35-39 years,35-39,57.0,262903.0,21.68
3091,Chlamydia,274.0,Massachusetts,1996.0,Male,40+ years,40+,49.0,1170654.0,4.19
3092,Chlamydia,274.0,Massachusetts,1996.0,Male,Unknown,99,17.0,,
3093,Chlamydia,274.0,Massachusetts,1997.0,Male,0-14 years,0-14,15.0,639780.0,2.34
3094,Chlamydia,274.0,Massachusetts,1997.0,Male,15-19 years,15-19,294.0,196448.0,149.66
3095,Chlamydia,274.0,Massachusetts,1997.0,Male,20-24 years,20-24,433.0,189134.0,228.94
3096,Chlamydia,274.0,Massachusetts,1997.0,Male,25-29 years,25-29,283.0,248128.0,114.05
3097,Chlamydia,274.0,Massachusetts,1997.0,Male,30-34 years,30-34,168.0,257449.0,65.26
3098,Chlamydia,274.0,Massachusetts,1997.0,Male,35-39 years,35-39,55.0,265696.0,20.7
3099,Chlamydia,274.0,Massachusetts,1997.0,Male,40+ years,40+,60.0,1199509.0,5.0
3100,Chlamydia,274.0,Massachusetts,1997.0,Male,Unknown,99,29.0,,
3101,Chlamydia,274.0,Massachusetts,1998.0,Male,0-14 years,0-14,13.0,644372.0,2.02
3102,Chlamydia,274.0,Massachusetts,1998.0,Male,15-19 years,15-19,301.0,202569.0,148.59
3103,Chlamydia,274.0,Massachusetts,1998.0,Male,20-24 years,20-24,485.0,190376.0,254.76
3104,Chlamydia,274.0,Massachusetts,1998.0,Male,25-29 years,25-29,340.0,236837.0,143.56
3105,Chlamydia,274.0,Massachusetts,1998.0,Male,30-34 years,30-34,191.0,250862.0,76.14
3106,Chlamydia,274.0,Massachusetts,1998.0,Male,35-39 years,35-39,107.0,266465.0,40.16
3107,Chlamydia,274.0,Massachusetts,1998.0,Male,40+ years,40+,85.0,1226958.0,6.93
3108,Chlamydia,274.0,Massachusetts,1998.0,Male,Unknown,99,29.0,,
3109,Chlamydia,274.0,Massachusetts,1999.0,Male,0-14 years,0-14,11.0,644795.0,1.71
3110,Chlamydia,274.0,Massachusetts,1999.0,Male,15-19 years,15-19,364.0,206824.0,176.0
3111,Chlamydia,274.0,Massachusetts,1999.0,Male,20-24 years,20-24,631.0,195021.0,323.56
3112,Chlamydia,274.0,Massachusetts,1999.0,Male,25-29 years,25-29,364.0,223920.0,162.56
3113,Chlamydia,274.0,Massachusetts,1999.0,Male,30-34 years,30-34,232.0,245815.0,94.38
3114,Chlamydia,274.0,Massachusetts,1999.0,Male,35-39 years,35-39,116.0,267509.0,43.36
3115,Chlamydia,274.0,Massachusetts,1999.0,Male,40+ years,40+,98.0,1258631.0,7.79
3116,Chlamydia,274.0,Massachusetts,1999.0,Male,Unknown,99,33.0,,
3117,Chlamydia,274.0,Massachusetts,2000.0,Male,0-14 years,0-14,9.0,629870.0,1.43
3118,Chlamydia,274.0,Massachusetts,2000.0,Male,15-19 years,15-19,417.0,208691.0,199.82
3119,Chlamydia,274.0,Massachusetts,2000.0,Male,20-24 years,20-24,818.0,202466.0,404.02
3120,Chlamydia,274.0,Massachusetts,2000.0,Male,25-29 years,25-29,513.0,213640.0,240.12
3121,Chlamydia,274.0,Massachusetts,2000.0,Male,30-34 years,30-34,269.0,244417.0,110.06
3122,Chlamydia,274.0,Massachusetts,2000.0,Male,35-39 years,35-39,147.0,268132.0,54.82
3123,Chlamydia,274.0,Massachusetts,2000.0,Male,40+ years,40+,112.0,1297537.0,8.63
3124,Chlamydia,274.0,Massachusetts,2000.0,Male,Unknown,99,30.0,,
3125,Chlamydia,274.0,Massachusetts,2001.0,Male,0-14 years,0-14,28.0,629738.0,4.45
3126,Chlamydia,274.0,Massachusetts,2001.0,Male,15-19 years,15-19,531.0,208536.0,254.63
3127,Chlamydia,274.0,Massachusetts,2001.0,Male,20-24 years,20-24,893.0,208349.0,428.61
3128,Chlamydia,274.0,Massachusetts,2001.0,Male,25-29 years,25-29,466.0,208997.0,222.97
3129,Chlamydia,274.0,Massachusetts,2001.0,Male,30-34 years,30-34,285.0,242150.0,117.7
3130,Chlamydia,274.0,Massachusetts,2001.0,Male,35-39 years,35-39,154.0,265016.0,58.11
3131,Chlamydia,274.0,Massachusetts,2001.0,Male,40+ years,40+,140.0,1324196.0,10.57
3132,Chlamydia,274.0,Massachusetts,2001.0,Male,Unknown,99,5.0,,
3133,Chlamydia,274.0,Massachusetts,2002.0,Male,0-14 years,0-14,47.0,622958.0,7.54
3134,Chlamydia,274.0,Massachusetts,2002.0,Male,15-19 years,15-19,575.0,209397.0,274.6
3135,Chlamydia,274.0,Massachusetts,2002.0,Male,20-24 years,20-24,948.0,215009.0,440.91
3136,Chlamydia,274.0,Massachusetts,2002.0,Male,25-29 years,25-29,511.0,206444.0,247.53
3137,Chlamydia,274.0,Massachusetts,2002.0,Male,30-34 years,30-34,318.0,240156.0,132.41
3138,Chlamydia,274.0,Massachusetts,2002.0,Male,35-39 years,35-39,161.0,260492.0,61.81
3139,Chlamydia,274.0,Massachusetts,2002.0,Male,40+ years,40+,150.0,1347921.0,11.13
3140,Chlamydia,274.0,Massachusetts,2002.0,Male,Unknown,99,14.0,,
3141,Chlamydia,274.0,Massachusetts,2003.0,Male,0-14 years,0-14,34.0,632166.0,5.38
3142,Chlamydia,274.0,Massachusetts,2003.0,Male,15-19 years,15-19,564.0,213116.0,264.64
3143,Chlamydia,274.0,Massachusetts,2003.0,Male,20-24 years,20-24,1066.0,216052.0,493.4
3144,Chlamydia,274.0,Massachusetts,2003.0,Male,25-29 years,25-29,538.0,205573.0,261.71
3145,Chlamydia,274.0,Massachusetts,2003.0,Male,30-34 years,30-34,295.0,232072.0,127.12
3146,Chlamydia,274.0,Massachusetts,2003.0,Male,35-39 years,35-39,151.0,252237.0,59.86
3147,Chlamydia,274.0,Massachusetts,2003.0,Male,40+ years,40+,167.0,1359262.0,12.29
3148,Chlamydia,274.0,Massachusetts,2003.0,Male,Unknown,99,33.0,,
3149,Chlamydia,274.0,Massachusetts,2004.0,Male,0-14 years,0-14,37.0,620188.0,5.97
3150,Chlamydia,274.0,Massachusetts,2004.0,Male,15-19 years,15-19,705.0,215100.0,327.75
3151,Chlamydia,274.0,Massachusetts,2004.0,Male,20-24 years,20-24,1228.0,216215.0,567.95
3152,Chlamydia,274.0,Massachusetts,2004.0,Male,25-29 years,25-29,679.0,208478.0,325.69
3153,Chlamydia,274.0,Massachusetts,2004.0,Male,30-34 years,30-34,335.0,225505.0,148.56
3154,Chlamydia,274.0,Massachusetts,2004.0,Male,35-39 years,35-39,212.0,244741.0,86.62
3155,Chlamydia,274.0,Massachusetts,2004.0,Male,40+ years,40+,240.0,1376118.0,17.44
3156,Chlamydia,274.0,Massachusetts,2004.0,Male,Unknown,99,13.0,,
3157,Chlamydia,274.0,Massachusetts,2005.0,Male,0-14 years,0-14,31.0,613819.0,5.05
3158,Chlamydia,274.0,Massachusetts,2005.0,Male,15-19 years,15-19,755.0,218193.0,346.02
3159,Chlamydia,274.0,Massachusetts,2005.0,Male,20-24 years,20-24,1450.0,214222.0,676.87
3160,Chlamydia,274.0,Massachusetts,2005.0,Male,25-29 years,25-29,701.0,212389.0,330.06
3161,Chlamydia,274.0,Massachusetts,2005.0,Male,30-34 years,30-34,376.0,216167.0,173.94
3162,Chlamydia,274.0,Massachusetts,2005.0,Male,35-39 years,35-39,227.0,238669.0,95.11
3163,Chlamydia,274.0,Massachusetts,2005.0,Male,40+ years,40+,251.0,1387561.0,18.09
3164,Chlamydia,274.0,Massachusetts,2005.0,Male,Unknown,99,18.0,,
3165,Chlamydia,274.0,Massachusetts,2006.0,Male,0-14 years,0-14,37.0,606411.0,6.1
3166,Chlamydia,274.0,Massachusetts,2006.0,Male,15-19 years,15-19,882.0,225473.0,391.18
3167,Chlamydia,274.0,Massachusetts,2006.0,Male,20-24 years,20-24,1535.0,223697.0,686.2
3168,Chlamydia,274.0,Massachusetts,2006.0,Male,25-29 years,25-29,837.0,208183.0,402.05
3169,Chlamydia,274.0,Massachusetts,2006.0,Male,30-34 years,30-34,388.0,206636.0,187.77
3170,Chlamydia,274.0,Massachusetts,2006.0,Male,35-39 years,35-39,216.0,233466.0,92.52
3171,Chlamydia,274.0,Massachusetts,2006.0,Male,40+ years,40+,274.0,1413339.0,19.39
3172,Chlamydia,274.0,Massachusetts,2006.0,Male,Unknown,99,24.0,,
3173,Chlamydia,274.0,Massachusetts,2007.0,Male,0-14 years,0-14,15.0,596642.0,2.51
3174,Chlamydia,274.0,Massachusetts,2007.0,Male,15-19 years,15-19,929.0,228981.0,405.71
3175,Chlamydia,274.0,Massachusetts,2007.0,Male,20-24 years,20-24,1589.0,224868.0,706.64
3176,Chlamydia,274.0,Massachusetts,2007.0,Male,25-29 years,25-29,923.0,210654.0,438.16
3177,Chlamydia,274.0,Massachusetts,2007.0,Male,30-34 years,30-34,410.0,202336.0,202.63
3178,Chlamydia,274.0,Massachusetts,2007.0,Male,35-39 years,35-39,229.0,228811.0,100.08
3179,Chlamydia,274.0,Massachusetts,2007.0,Male,40+ years,40+,322.0,1434201.0,22.45
3180,Chlamydia,274.0,Massachusetts,2007.0,Male,Unknown,99,40.0,,
3181,Chlamydia,274.0,Massachusetts,2008.0,Male,0-14 years,0-14,23.0,596145.0,3.86
3182,Chlamydia,274.0,Massachusetts,2008.0,Male,15-19 years,15-19,977.0,232123.0,420.9
3183,Chlamydia,274.0,Massachusetts,2008.0,Male,20-24 years,20-24,1798.0,230694.0,779.39
3184,Chlamydia,274.0,Massachusetts,2008.0,Male,25-29 years,25-29,958.0,215870.0,443.79
3185,Chlamydia,274.0,Massachusetts,2008.0,Male,30-34 years,30-34,468.0,202595.0,231.0
3186,Chlamydia,274.0,Massachusetts,2008.0,Male,35-39 years,35-39,244.0,223293.0,109.27
3187,Chlamydia,274.0,Massachusetts,2008.0,Male,40+ years,40+,325.0,1452456.0,22.38
3188,Chlamydia,274.0,Massachusetts,2008.0,Male,Unknown,99,46.0,,
3189,Chlamydia,274.0,Massachusetts,2009.0,Male,0-14 years,0-14,32.0,600626.0,5.33
3190,Chlamydia,274.0,Massachusetts,2009.0,Male,15-19 years,15-19,1098.0,234200.0,468.83
3191,Chlamydia,274.0,Massachusetts,2009.0,Male,20-24 years,20-24,2027.0,230811.0,878.21
3192,Chlamydia,274.0,Massachusetts,2009.0,Male,25-29 years,25-29,1141.0,222663.0,512.43
3193,Chlamydia,274.0,Massachusetts,2009.0,Male,30-34 years,30-34,490.0,208249.0,235.29
3194,Chlamydia,274.0,Massachusetts,2009.0,Male,35-39 years,35-39,259.0,218204.0,118.7
3195,Chlamydia,274.0,Massachusetts,2009.0,Male,40+ years,40+,402.0,1490230.0,26.98
3196,Chlamydia,274.0,Massachusetts,2009.0,Male,Unknown,99,41.0,,
3197,Chlamydia,274.0,Massachusetts,2010.0,Male,0-14 years,0-14,19.0,591571.0,3.21
3198,Chlamydia,274.0,Massachusetts,2010.0,Male,15-19 years,15-19,1212.0,234880.0,516.01
3199,Chlamydia,274.0,Massachusetts,2010.0,Male,20-24 years,20-24,2412.0,236256.0,1020.93
3200,Chlamydia,274.0,Massachusetts,2010.0,Male,25-29 years,25-29,1217.0,218255.0,557.61
3201,Chlamydia,274.0,Massachusetts,2010.0,Male,30-34 years,30-34,585.0,198338.0,294.95
3202,Chlamydia,274.0,Massachusetts,2010.0,Male,35-39 years,35-39,317.0,203757.0,155.58
3203,Chlamydia,274.0,Massachusetts,2010.0,Male,40+ years,40+,522.0,1483571.0,35.19
3204,Chlamydia,274.0,Massachusetts,2010.0,Male,Unknown,99,18.0,,
3205,Chlamydia,274.0,Massachusetts,2011.0,Male,0-14 years,0-14,15.0,586840.0,2.56
3206,Chlamydia,274.0,Massachusetts,2011.0,Male,15-19 years,15-19,1208.0,233085.0,518.27
3207,Chlamydia,274.0,Massachusetts,2011.0,Male,20-24 years,20-24,2847.0,237131.0,1200.6
3208,Chlamydia,274.0,Massachusetts,2011.0,Male,25-29 years,25-29,1425.0,225189.0,632.8
3209,Chlamydia,274.0,Massachusetts,2011.0,Male,30-34 years,30-34,629.0,204050.0,308.26
3210,Chlamydia,274.0,Massachusetts,2011.0,Male,35-39 years,35-39,321.0,196462.0,163.39
3211,Chlamydia,274.0,Massachusetts,2011.0,Male,40+ years,40+,541.0,1506784.0,35.9
3212,Chlamydia,274.0,Massachusetts,2011.0,Male,Unknown,99,14.0,,
3213,Chlamydia,274.0,Massachusetts,2012.0,Male,0-14 years,0-14,15.0,586224.0,2.56
3214,Chlamydia,274.0,Massachusetts,2012.0,Male,15-19 years,15-19,1152.0,233906.0,492.51
3215,Chlamydia,274.0,Massachusetts,2012.0,Male,20-24 years,20-24,2910.0,238846.0,1218.36
3216,Chlamydia,274.0,Massachusetts,2012.0,Male,25-29 years,25-29,1496.0,230696.0,648.47
3217,Chlamydia,274.0,Massachusetts,2012.0,Male,30-34 years,30-34,704.0,210394.0,334.61
3218,Chlamydia,274.0,Massachusetts,2012.0,Male,35-39 years,35-39,333.0,194644.0,171.08
3219,Chlamydia,274.0,Massachusetts,2012.0,Male,40+ years,40+,573.0,1525663.0,37.56
3220,Chlamydia,274.0,Massachusetts,2012.0,Male,Unknown,99,10.0,,
3221,Chlamydia,274.0,Massachusetts,2013.0,Male,0-14 years,0-14,16.0,584494.0,2.74
3222,Chlamydia,274.0,Massachusetts,2013.0,Male,15-19 years,15-19,995.0,230452.0,431.76
3223,Chlamydia,274.0,Massachusetts,2013.0,Male,20-24 years,20-24,2817.0,242361.0,1162.32
3224,Chlamydia,274.0,Massachusetts,2013.0,Male,25-29 years,25-29,1647.0,236056.0,697.72
3225,Chlamydia,274.0,Massachusetts,2013.0,Male,30-34 years,30-34,778.0,216477.0,359.39
3226,Chlamydia,274.0,Massachusetts,2013.0,Male,35-39 years,35-39,387.0,195728.0,197.72
3227,Chlamydia,274.0,Massachusetts,2013.0,Male,40+ years,40+,697.0,1539248.0,45.28
3228,Chlamydia,274.0,Massachusetts,2013.0,Male,Unknown,99,4.0,,
3229,Chlamydia,274.0,Massachusetts,2014.0,Male,0-14 years,0-14,19.0,584494.0,3.25
3230,Chlamydia,274.0,Massachusetts,2014.0,Male,15-19 years,15-19,946.0,230452.0,410.5
3231,Chlamydia,274.0,Massachusetts,2014.0,Male,20-24 years,20-24,2591.0,242361.0,1069.07
3232,Chlamydia,274.0,Massachusetts,2014.0,Male,25-29 years,25-29,1723.0,236056.0,729.91
3233,Chlamydia,274.0,Massachusetts,2014.0,Male,30-34 years,30-34,796.0,216477.0,367.71
3234,Chlamydia,274.0,Massachusetts,2014.0,Male,35-39 years,35-39,397.0,195728.0,202.83
3235,Chlamydia,274.0,Massachusetts,2014.0,Male,40+ years,40+,709.0,1539248.0,46.06
3236,Chlamydia,274.0,Massachusetts,2014.0,Male,Unknown,99,16.0,,
3237,Chlamydia,274.0,Michigan,1996.0,Male,0-14 years,0-14,31.0,1097088.0,2.83
3238,Chlamydia,274.0,Michigan,1996.0,Male,15-19 years,15-19,726.0,359486.0,201.96
3239,Chlamydia,274.0,Michigan,1996.0,Male,20-24 years,20-24,1006.0,324133.0,310.37
3240,Chlamydia,274.0,Michigan,1996.0,Male,25-29 years,25-29,522.0,346314.0,150.73
3241,Chlamydia,274.0,Michigan,1996.0,Male,30-34 years,30-34,261.0,380255.0,68.64
3242,Chlamydia,274.0,Michigan,1996.0,Male,35-39 years,35-39,144.0,410431.0,35.09
3243,Chlamydia,274.0,Michigan,1996.0,Male,40+ years,40+,232.0,1850566.0,12.54
3244,Chlamydia,274.0,Michigan,1996.0,Male,Unknown,99,120.0,,
3245,Chlamydia,274.0,Michigan,1997.0,Male,0-14 years,0-14,52.0,1100828.0,4.72
3246,Chlamydia,274.0,Michigan,1997.0,Male,15-19 years,15-19,924.0,364872.0,253.24
3247,Chlamydia,274.0,Michigan,1997.0,Male,20-24 years,20-24,1038.0,319482.0,324.9
3248,Chlamydia,274.0,Michigan,1997.0,Male,25-29 years,25-29,521.0,344843.0,151.08
3249,Chlamydia,274.0,Michigan,1997.0,Male,30-34 years,30-34,216.0,370354.0,58.32
3250,Chlamydia,274.0,Michigan,1997.0,Male,35-39 years,35-39,135.0,406853.0,33.18
3251,Chlamydia,274.0,Michigan,1997.0,Male,40+ years,40+,137.0,1890067.0,7.25
3252,Chlamydia,274.0,Michigan,1997.0,Male,Unknown,99,87.0,,
3253,Chlamydia,274.0,Michigan,1998.0,Male,0-14 years,0-14,36.0,1103836.0,3.26
3254,Chlamydia,274.0,Michigan,1998.0,Male,15-19 years,15-19,937.0,368492.0,254.28
3255,Chlamydia,274.0,Michigan,1998.0,Male,20-24 years,20-24,1195.0,318518.0,375.18
3256,Chlamydia,274.0,Michigan,1998.0,Male,25-29 years,25-29,592.0,340235.0,174.0
3257,Chlamydia,274.0,Michigan,1998.0,Male,30-34 years,30-34,271.0,361583.0,74.95
3258,Chlamydia,274.0,Michigan,1998.0,Male,35-39 years,35-39,131.0,401269.0,32.65
3259,Chlamydia,274.0,Michigan,1998.0,Male,40+ years,40+,144.0,1925950.0,7.48
3260,Chlamydia,274.0,Michigan,1998.0,Male,Unknown,99,81.0,,
3261,Chlamydia,274.0,Michigan,1999.0,Male,0-14 years,0-14,47.0,1107799.0,4.24
3262,Chlamydia,274.0,Michigan,1999.0,Male,15-19 years,15-19,1081.0,368555.0,293.31
3263,Chlamydia,274.0,Michigan,1999.0,Male,20-24 years,20-24,1484.0,321467.0,461.63
3264,Chlamydia,274.0,Michigan,1999.0,Male,25-29 years,25-29,795.0,333847.0,238.13
3265,Chlamydia,274.0,Michigan,1999.0,Male,30-34 years,30-34,388.0,355445.0,109.16
3266,Chlamydia,274.0,Michigan,1999.0,Male,35-39 years,35-39,190.0,396757.0,47.89
3267,Chlamydia,274.0,Michigan,1999.0,Male,40+ years,40+,194.0,1965476.0,9.87
3268,Chlamydia,274.0,Michigan,1999.0,Male,Unknown,99,58.0,,
3269,Chlamydia,274.0,Michigan,2000.0,Male,0-14 years,0-14,46.0,1099384.0,4.18
3270,Chlamydia,274.0,Michigan,2000.0,Male,15-19 years,15-19,1208.0,368174.0,328.11
3271,Chlamydia,274.0,Michigan,2000.0,Male,20-24 years,20-24,1931.0,328927.0,587.06
3272,Chlamydia,274.0,Michigan,2000.0,Male,25-29 years,25-29,1020.0,325577.0,313.29
3273,Chlamydia,274.0,Michigan,2000.0,Male,30-34 years,30-34,514.0,356819.0,144.05
3274,Chlamydia,274.0,Michigan,2000.0,Male,35-39 years,35-39,275.0,391321.0,70.27
3275,Chlamydia,274.0,Michigan,2000.0,Male,40+ years,40+,242.0,2012229.0,12.03
3276,Chlamydia,274.0,Michigan,2000.0,Male,Unknown,99,95.0,,
3277,Chlamydia,274.0,Michigan,2001.0,Male,0-14 years,0-14,60.0,1095183.0,5.48
3278,Chlamydia,274.0,Michigan,2001.0,Male,15-19 years,15-19,1595.0,369371.0,431.81
3279,Chlamydia,274.0,Michigan,2001.0,Male,20-24 years,20-24,2409.0,339330.0,709.93
3280,Chlamydia,274.0,Michigan,2001.0,Male,25-29 years,25-29,1162.0,315417.0,368.4
3281,Chlamydia,274.0,Michigan,2001.0,Male,30-34 years,30-34,587.0,357905.0,164.01
3282,Chlamydia,274.0,Michigan,2001.0,Male,35-39 years,35-39,305.0,385002.0,79.22
3283,Chlamydia,274.0,Michigan,2001.0,Male,40+ years,40+,315.0,2047581.0,15.38
3284,Chlamydia,274.0,Michigan,2001.0,Male,Unknown,99,107.0,,
3285,Chlamydia,274.0,Michigan,2002.0,Male,0-14 years,0-14,66.0,1091371.0,6.05
3286,Chlamydia,274.0,Michigan,2002.0,Male,15-19 years,15-19,1681.0,370738.0,453.42
3287,Chlamydia,274.0,Michigan,2002.0,Male,20-24 years,20-24,2632.0,346962.0,758.59
3288,Chlamydia,274.0,Michigan,2002.0,Male,25-29 years,25-29,1310.0,310409.0,422.02
3289,Chlamydia,274.0,Michigan,2002.0,Male,30-34 years,30-34,672.0,357440.0,188.0
3290,Chlamydia,274.0,Michigan,2002.0,Male,35-39 years,35-39,382.0,376449.0,101.47
3291,Chlamydia,274.0,Michigan,2002.0,Male,40+ years,40+,353.0,2080854.0,16.96
3292,Chlamydia,274.0,Michigan,2002.0,Male,Unknown,99,47.0,,
3293,Chlamydia,274.0,Michigan,2003.0,Male,0-14 years,0-14,45.0,1075341.0,4.18
3294,Chlamydia,274.0,Michigan,2003.0,Male,15-19 years,15-19,1694.0,373450.0,453.61
3295,Chlamydia,274.0,Michigan,2003.0,Male,20-24 years,20-24,2397.0,356942.0,671.54
3296,Chlamydia,274.0,Michigan,2003.0,Male,25-29 years,25-29,1186.0,312738.0,379.23
3297,Chlamydia,274.0,Michigan,2003.0,Male,30-34 years,30-34,631.0,348173.0,181.23
3298,Chlamydia,274.0,Michigan,2003.0,Male,35-39 years,35-39,297.0,367840.0,80.74
3299,Chlamydia,274.0,Michigan,2003.0,Male,40+ years,40+,351.0,2117327.0,16.58
3300,Chlamydia,274.0,Michigan,2003.0,Male,Unknown,99,68.0,,
3301,Chlamydia,274.0,Michigan,2004.0,Male,0-14 years,0-14,62.0,1070220.0,5.79
3302,Chlamydia,274.0,Michigan,2004.0,Male,15-19 years,15-19,2067.0,376963.0,548.33
3303,Chlamydia,274.0,Michigan,2004.0,Male,20-24 years,20-24,3167.0,358623.0,883.1
3304,Chlamydia,274.0,Michigan,2004.0,Male,25-29 years,25-29,1610.0,318695.0,505.19
3305,Chlamydia,274.0,Michigan,2004.0,Male,30-34 years,30-34,832.0,339160.0,245.31
3306,Chlamydia,274.0,Michigan,2004.0,Male,35-39 years,35-39,419.0,359711.0,116.48
3307,Chlamydia,274.0,Michigan,2004.0,Male,40+ years,40+,396.0,2145291.0,18.46
3308,Chlamydia,274.0,Michigan,2004.0,Male,Unknown,99,69.0,,
3309,Chlamydia,274.0,Michigan,2005.0,Male,0-14 years,0-14,63.0,1058413.0,5.95
3310,Chlamydia,274.0,Michigan,2005.0,Male,15-19 years,15-19,2076.0,382062.0,543.37
3311,Chlamydia,274.0,Michigan,2005.0,Male,20-24 years,20-24,3113.0,357902.0,869.79
3312,Chlamydia,274.0,Michigan,2005.0,Male,25-29 years,25-29,1602.0,325931.0,491.51
3313,Chlamydia,274.0,Michigan,2005.0,Male,30-34 years,30-34,790.0,326585.0,241.9
3314,Chlamydia,274.0,Michigan,2005.0,Male,35-39 years,35-39,411.0,356201.0,115.38
3315,Chlamydia,274.0,Michigan,2005.0,Male,40+ years,40+,428.0,2168623.0,19.74
3316,Chlamydia,274.0,Michigan,2005.0,Male,Unknown,99,42.0,,
3317,Chlamydia,274.0,Michigan,2006.0,Male,0-14 years,0-14,69.0,1033986.0,6.67
3318,Chlamydia,274.0,Michigan,2006.0,Male,15-19 years,15-19,2285.0,381382.0,599.14
3319,Chlamydia,274.0,Michigan,2006.0,Male,20-24 years,20-24,3112.0,356799.0,872.2
3320,Chlamydia,274.0,Michigan,2006.0,Male,25-29 years,25-29,1579.0,329782.0,478.8
3321,Chlamydia,274.0,Michigan,2006.0,Male,30-34 years,30-34,761.0,314285.0,242.14
3322,Chlamydia,274.0,Michigan,2006.0,Male,35-39 years,35-39,423.0,351780.0,120.25
3323,Chlamydia,274.0,Michigan,2006.0,Male,40+ years,40+,477.0,2201678.0,21.67
3324,Chlamydia,274.0,Michigan,2006.0,Male,Unknown,99,18.0,,
3325,Chlamydia,274.0,Michigan,2007.0,Male,0-14 years,0-14,61.0,1017273.0,6.0
3326,Chlamydia,274.0,Michigan,2007.0,Male,15-19 years,15-19,2561.0,382287.0,669.92
3327,Chlamydia,274.0,Michigan,2007.0,Male,20-24 years,20-24,3063.0,349484.0,876.43
3328,Chlamydia,274.0,Michigan,2007.0,Male,25-29 years,25-29,1602.0,333245.0,480.73
3329,Chlamydia,274.0,Michigan,2007.0,Male,30-34 years,30-34,674.0,305638.0,220.52
3330,Chlamydia,274.0,Michigan,2007.0,Male,35-39 years,35-39,427.0,347051.0,123.04
3331,Chlamydia,274.0,Michigan,2007.0,Male,40+ years,40+,421.0,2224752.0,18.92
3332,Chlamydia,274.0,Michigan,2007.0,Male,Unknown,99,36.0,,
3333,Chlamydia,274.0,Michigan,2008.0,Male,0-14 years,0-14,93.0,995706.0,9.34
3334,Chlamydia,274.0,Michigan,2008.0,Male,15-19 years,15-19,3457.0,378145.0,914.2
3335,Chlamydia,274.0,Michigan,2008.0,Male,20-24 years,20-24,3711.0,345067.0,1075.44
3336,Chlamydia,274.0,Michigan,2008.0,Male,25-29 years,25-29,1860.0,328677.0,565.9
3337,Chlamydia,274.0,Michigan,2008.0,Male,30-34 years,30-34,858.0,301768.0,284.32
3338,Chlamydia,274.0,Michigan,2008.0,Male,35-39 years,35-39,508.0,335829.0,151.27
3339,Chlamydia,274.0,Michigan,2008.0,Male,40+ years,40+,489.0,2238737.0,21.84
3340,Chlamydia,274.0,Michigan,2008.0,Male,Unknown,99,31.0,,
3341,Chlamydia,274.0,Michigan,2009.0,Male,0-14 years,0-14,91.0,981456.0,9.27
3342,Chlamydia,274.0,Michigan,2009.0,Male,15-19 years,15-19,3731.0,374838.0,995.36
3343,Chlamydia,274.0,Michigan,2009.0,Male,20-24 years,20-24,4077.0,352269.0,1157.35
3344,Chlamydia,274.0,Michigan,2009.0,Male,25-29 years,25-29,1914.0,316563.0,604.62
3345,Chlamydia,274.0,Michigan,2009.0,Male,30-34 years,30-34,803.0,292112.0,274.89
3346,Chlamydia,274.0,Michigan,2009.0,Male,35-39 years,35-39,453.0,320849.0,141.19
3347,Chlamydia,274.0,Michigan,2009.0,Male,40+ years,40+,584.0,2264767.0,25.79
3348,Chlamydia,274.0,Michigan,2009.0,Male,Unknown,99,22.0,,
3349,Chlamydia,274.0,Michigan,2010.0,Male,0-14 years,0-14,119.0,976290.0,12.19
3350,Chlamydia,274.0,Michigan,2010.0,Male,15-19 years,15-19,4010.0,379477.0,1056.72
3351,Chlamydia,274.0,Michigan,2010.0,Male,20-24 years,20-24,4697.0,338569.0,1387.31
3352,Chlamydia,274.0,Michigan,2010.0,Male,25-29 years,25-29,2042.0,295323.0,691.45
3353,Chlamydia,274.0,Michigan,2010.0,Male,30-34 years,30-34,958.0,285510.0,335.54
3354,Chlamydia,274.0,Michigan,2010.0,Male,35-39 years,35-39,492.0,302902.0,162.43
3355,Chlamydia,274.0,Michigan,2010.0,Male,40+ years,40+,585.0,2270043.0,25.77
3356,Chlamydia,274.0,Michigan,2010.0,Male,Unknown,99,23.0,,
3357,Chlamydia,274.0,Michigan,2011.0,Male,0-14 years,0-14,77.0,958573.0,8.03
3358,Chlamydia,274.0,Michigan,2011.0,Male,15-19 years,15-19,3892.0,367461.0,1059.16
3359,Chlamydia,274.0,Michigan,2011.0,Male,20-24 years,20-24,5063.0,353712.0,1431.39
3360,Chlamydia,274.0,Michigan,2011.0,Male,25-29 years,25-29,2002.0,294686.0,679.37
3361,Chlamydia,274.0,Michigan,2011.0,Male,30-34 years,30-34,958.0,289758.0,330.62
3362,Chlamydia,274.0,Michigan,2011.0,Male,35-39 years,35-39,487.0,286916.0,169.74
3363,Chlamydia,274.0,Michigan,2011.0,Male,40+ years,40+,597.0,2294839.0,26.01
3364,Chlamydia,274.0,Michigan,2011.0,Male,Unknown,99,19.0,,
3365,Chlamydia,274.0,Michigan,2012.0,Male,0-14 years,0-14,98.0,948351.0,10.33
3366,Chlamydia,274.0,Michigan,2012.0,Male,15-19 years,15-19,3516.0,357978.0,982.18
3367,Chlamydia,274.0,Michigan,2012.0,Male,20-24 years,20-24,5112.0,361626.0,1413.62
3368,Chlamydia,274.0,Michigan,2012.0,Male,25-29 years,25-29,2095.0,296508.0,706.56
3369,Chlamydia,274.0,Michigan,2012.0,Male,30-34 years,30-34,984.0,292488.0,336.42
3370,Chlamydia,274.0,Michigan,2012.0,Male,35-39 years,35-39,494.0,280987.0,175.81
3371,Chlamydia,274.0,Michigan,2012.0,Male,40+ years,40+,650.0,2312573.0,28.11
3372,Chlamydia,274.0,Michigan,2012.0,Male,Unknown,99,13.0,,
3373,Chlamydia,274.0,Michigan,2013.0,Male,0-14 years,0-14,77.0,940666.0,8.19
3374,Chlamydia,274.0,Michigan,2013.0,Male,15-19 years,15-19,3095.0,351366.0,880.85
3375,Chlamydia,274.0,Michigan,2013.0,Male,20-24 years,20-24,5193.0,368008.0,1411.11
3376,Chlamydia,274.0,Michigan,2013.0,Male,25-29 years,25-29,2186.0,300226.0,728.12
3377,Chlamydia,274.0,Michigan,2013.0,Male,30-34 years,30-34,994.0,294158.0,337.91
3378,Chlamydia,274.0,Michigan,2013.0,Male,35-39 years,35-39,492.0,278989.0,176.35
3379,Chlamydia,274.0,Michigan,2013.0,Male,40+ years,40+,640.0,2325871.0,27.52
3380,Chlamydia,274.0,Michigan,2013.0,Male,Unknown,99,6.0,,
3381,Chlamydia,274.0,Michigan,2014.0,Male,0-14 years,0-14,65.0,940666.0,6.91
3382,Chlamydia,274.0,Michigan,2014.0,Male,15-19 years,15-19,2848.0,351366.0,810.55
3383,Chlamydia,274.0,Michigan,2014.0,Male,20-24 years,20-24,5086.0,368008.0,1382.04
3384,Chlamydia,274.0,Michigan,2014.0,Male,25-29 years,25-29,2388.0,300226.0,795.4
3385,Chlamydia,274.0,Michigan,2014.0,Male,30-34 years,30-34,1046.0,294158.0,355.59
3386,Chlamydia,274.0,Michigan,2014.0,Male,35-39 years,35-39,539.0,278989.0,193.2
3387,Chlamydia,274.0,Michigan,2014.0,Male,40+ years,40+,733.0,2325871.0,31.52
3388,Chlamydia,274.0,Michigan,2014.0,Male,Unknown,99,18.0,,
3389,Chlamydia,274.0,Minnesota,1996.0,Male,0-14 years,0-14,13.0,532260.0,2.44
3390,Chlamydia,274.0,Minnesota,1996.0,Male,15-19 years,15-19,311.0,176304.0,176.4
3391,Chlamydia,274.0,Minnesota,1996.0,Male,20-24 years,20-24,464.0,147041.0,315.56
3392,Chlamydia,274.0,Minnesota,1996.0,Male,25-29 years,25-29,234.0,165441.0,141.44
3393,Chlamydia,274.0,Minnesota,1996.0,Male,30-34 years,30-34,142.0,199083.0,71.33
3394,Chlamydia,274.0,Minnesota,1996.0,Male,35-39 years,35-39,62.0,213148.0,29.09
3395,Chlamydia,274.0,Minnesota,1996.0,Male,40+ years,40+,53.0,891121.0,5.95
3396,Chlamydia,274.0,Minnesota,1997.0,Male,0-14 years,0-14,11.0,534569.0,2.06
3397,Chlamydia,274.0,Minnesota,1997.0,Male,15-19 years,15-19,371.0,182596.0,203.18
3398,Chlamydia,274.0,Minnesota,1997.0,Male,20-24 years,20-24,616.0,149021.0,413.37
3399,Chlamydia,274.0,Minnesota,1997.0,Male,25-29 years,25-29,371.0,164451.0,225.6
3400,Chlamydia,274.0,Minnesota,1997.0,Male,30-34 years,30-34,170.0,191325.0,88.85
3401,Chlamydia,274.0,Minnesota,1997.0,Male,35-39 years,35-39,95.0,214084.0,44.38
3402,Chlamydia,274.0,Minnesota,1997.0,Male,40+ years,40+,80.0,915079.0,8.74
3403,Chlamydia,274.0,Minnesota,1998.0,Male,0-14 years,0-14,14.0,539066.0,2.6
3404,Chlamydia,274.0,Minnesota,1998.0,Male,15-19 years,15-19,418.0,187654.0,222.75
3405,Chlamydia,274.0,Minnesota,1998.0,Male,20-24 years,20-24,685.0,153110.0,447.39
3406,Chlamydia,274.0,Minnesota,1998.0,Male,25-29 years,25-29,353.0,163085.0,216.45
3407,Chlamydia,274.0,Minnesota,1998.0,Male,30-34 years,30-34,176.0,183726.0,95.79
3408,Chlamydia,274.0,Minnesota,1998.0,Male,35-39 years,35-39,121.0,212985.0,56.81
3409,Chlamydia,274.0,Minnesota,1998.0,Male,40+ years,40+,84.0,937772.0,8.96
3410,Chlamydia,274.0,Minnesota,1999.0,Male,0-14 years,0-14,12.0,542420.0,2.21
3411,Chlamydia,274.0,Minnesota,1999.0,Male,15-19 years,15-19,443.0,190172.0,232.95
3412,Chlamydia,274.0,Minnesota,1999.0,Male,20-24 years,20-24,727.0,159444.0,455.96
3413,Chlamydia,274.0,Minnesota,1999.0,Male,25-29 years,25-29,404.0,162285.0,248.94
3414,Chlamydia,274.0,Minnesota,1999.0,Male,30-34 years,30-34,205.0,179332.0,114.31
3415,Chlamydia,274.0,Minnesota,1999.0,Male,35-39 years,35-39,107.0,211214.0,50.66
3416,Chlamydia,274.0,Minnesota,1999.0,Male,40+ years,40+,83.0,965683.0,8.59
3417,Chlamydia,274.0,Minnesota,2000.0,Male,0-14 years,0-14,14.0,537016.0,2.61
3418,Chlamydia,274.0,Minnesota,2000.0,Male,15-19 years,15-19,463.0,191586.0,241.67
3419,Chlamydia,274.0,Minnesota,2000.0,Male,20-24 years,20-24,799.0,166660.0,479.42
3420,Chlamydia,274.0,Minnesota,2000.0,Male,25-29 years,25-29,477.0,161964.0,294.51
3421,Chlamydia,274.0,Minnesota,2000.0,Male,30-34 years,30-34,245.0,179873.0,136.21
3422,Chlamydia,274.0,Minnesota,2000.0,Male,35-39 years,35-39,134.0,207709.0,64.51
3423,Chlamydia,274.0,Minnesota,2000.0,Male,40+ years,40+,114.0,998432.0,11.42
3424,Chlamydia,274.0,Minnesota,2001.0,Male,0-14 years,0-14,12.0,532193.0,2.25
3425,Chlamydia,274.0,Minnesota,2001.0,Male,15-19 years,15-19,465.0,193219.0,240.66
3426,Chlamydia,274.0,Minnesota,2001.0,Male,20-24 years,20-24,905.0,173112.0,522.78
3427,Chlamydia,274.0,Minnesota,2001.0,Male,25-29 years,25-29,438.0,160122.0,273.54
3428,Chlamydia,274.0,Minnesota,2001.0,Male,30-34 years,30-34,239.0,181174.0,131.92
3429,Chlamydia,274.0,Minnesota,2001.0,Male,35-39 years,35-39,136.0,202683.0,67.1
3430,Chlamydia,274.0,Minnesota,2001.0,Male,40+ years,40+,118.0,1026723.0,11.49
3431,Chlamydia,274.0,Minnesota,2002.0,Male,0-14 years,0-14,11.0,526135.0,2.09
3432,Chlamydia,274.0,Minnesota,2002.0,Male,15-19 years,15-19,509.0,193270.0,263.36
3433,Chlamydia,274.0,Minnesota,2002.0,Male,20-24 years,20-24,998.0,180782.0,552.05
3434,Chlamydia,274.0,Minnesota,2002.0,Male,25-29 years,25-29,616.0,160379.0,384.09
3435,Chlamydia,274.0,Minnesota,2002.0,Male,30-34 years,30-34,284.0,181108.0,156.81
3436,Chlamydia,274.0,Minnesota,2002.0,Male,35-39 years,35-39,178.0,196567.0,90.55
3437,Chlamydia,274.0,Minnesota,2002.0,Male,40+ years,40+,159.0,1049131.0,15.16
3438,Chlamydia,274.0,Minnesota,2003.0,Male,0-14 years,0-14,8.0,525226.0,1.52
3439,Chlamydia,274.0,Minnesota,2003.0,Male,15-19 years,15-19,516.0,193023.0,267.33
3440,Chlamydia,274.0,Minnesota,2003.0,Male,20-24 years,20-24,1058.0,188099.0,562.47
3441,Chlamydia,274.0,Minnesota,2003.0,Male,25-29 years,25-29,606.0,163650.0,370.3
3442,Chlamydia,274.0,Minnesota,2003.0,Male,30-34 years,30-34,315.0,178572.0,176.4
3443,Chlamydia,274.0,Minnesota,2003.0,Male,35-39 years,35-39,160.0,190366.0,84.05
3444,Chlamydia,274.0,Minnesota,2003.0,Male,40+ years,40+,185.0,1070196.0,17.29
3445,Chlamydia,274.0,Minnesota,2004.0,Male,0-14 years,0-14,9.0,521952.0,1.72
3446,Chlamydia,274.0,Minnesota,2004.0,Male,15-19 years,15-19,520.0,192537.0,270.08
3447,Chlamydia,274.0,Minnesota,2004.0,Male,20-24 years,20-24,1170.0,192535.0,607.68
3448,Chlamydia,274.0,Minnesota,2004.0,Male,25-29 years,25-29,667.0,169580.0,393.32
3449,Chlamydia,274.0,Minnesota,2004.0,Male,30-34 years,30-34,362.0,175731.0,206.0
3450,Chlamydia,274.0,Minnesota,2004.0,Male,35-39 years,35-39,180.0,186402.0,96.57
3451,Chlamydia,274.0,Minnesota,2004.0,Male,40+ years,40+,173.0,1093181.0,15.83
3452,Chlamydia,274.0,Minnesota,2005.0,Male,0-14 years,0-14,15.0,516011.0,2.91
3453,Chlamydia,274.0,Minnesota,2005.0,Male,15-19 years,15-19,582.0,191943.0,303.21
3454,Chlamydia,274.0,Minnesota,2005.0,Male,20-24 years,20-24,1322.0,194603.0,679.33
3455,Chlamydia,274.0,Minnesota,2005.0,Male,25-29 years,25-29,713.0,176076.0,404.94
3456,Chlamydia,274.0,Minnesota,2005.0,Male,30-34 years,30-34,344.0,172623.0,199.28
3457,Chlamydia,274.0,Minnesota,2005.0,Male,35-39 years,35-39,183.0,185052.0,98.89
3458,Chlamydia,274.0,Minnesota,2005.0,Male,40+ years,40+,210.0,1112084.0,18.88
3459,Chlamydia,274.0,Minnesota,2006.0,Male,0-14 years,0-14,20.0,527291.0,3.79
3460,Chlamydia,274.0,Minnesota,2006.0,Male,15-19 years,15-19,667.0,190114.0,350.84
3461,Chlamydia,274.0,Minnesota,2006.0,Male,20-24 years,20-24,1354.0,190657.0,710.18
3462,Chlamydia,274.0,Minnesota,2006.0,Male,25-29 years,25-29,879.0,182491.0,481.67
3463,Chlamydia,274.0,Minnesota,2006.0,Male,30-34 years,30-34,376.0,165112.0,227.72
3464,Chlamydia,274.0,Minnesota,2006.0,Male,35-39 years,35-39,172.0,181521.0,94.75
3465,Chlamydia,274.0,Minnesota,2006.0,Male,40+ years,40+,224.0,1131683.0,19.79
3466,Chlamydia,274.0,Minnesota,2007.0,Male,0-14 years,0-14,11.0,530156.0,2.07
3467,Chlamydia,274.0,Minnesota,2007.0,Male,15-19 years,15-19,662.0,189793.0,348.8
3468,Chlamydia,274.0,Minnesota,2007.0,Male,20-24 years,20-24,1386.0,183401.0,755.72
3469,Chlamydia,274.0,Minnesota,2007.0,Male,25-29 years,25-29,792.0,188522.0,420.11
3470,Chlamydia,274.0,Minnesota,2007.0,Male,30-34 years,30-34,434.0,165838.0,261.7
3471,Chlamydia,274.0,Minnesota,2007.0,Male,35-39 years,35-39,211.0,180434.0,116.94
3472,Chlamydia,274.0,Minnesota,2007.0,Male,40+ years,40+,236.0,1150114.0,20.52
3473,Chlamydia,274.0,Minnesota,2008.0,Male,0-14 years,0-14,18.0,529901.0,3.4
3474,Chlamydia,274.0,Minnesota,2008.0,Male,15-19 years,15-19,780.0,187196.0,416.68
3475,Chlamydia,274.0,Minnesota,2008.0,Male,20-24 years,20-24,1545.0,182290.0,847.55
3476,Chlamydia,274.0,Minnesota,2008.0,Male,25-29 years,25-29,890.0,191716.0,464.23
3477,Chlamydia,274.0,Minnesota,2008.0,Male,30-34 years,30-34,376.0,167764.0,224.12
3478,Chlamydia,274.0,Minnesota,2008.0,Male,35-39 years,35-39,237.0,176796.0,134.05
3479,Chlamydia,274.0,Minnesota,2008.0,Male,40+ years,40+,239.0,1164236.0,20.53
3480,Chlamydia,274.0,Minnesota,2009.0,Male,0-14 years,0-14,13.0,534362.0,2.43
3481,Chlamydia,274.0,Minnesota,2009.0,Male,15-19 years,15-19,850.0,187411.0,453.55
3482,Chlamydia,274.0,Minnesota,2009.0,Male,20-24 years,20-24,1464.0,188154.0,778.09
3483,Chlamydia,274.0,Minnesota,2009.0,Male,25-29 years,25-29,825.0,191579.0,430.63
3484,Chlamydia,274.0,Minnesota,2009.0,Male,30-34 years,30-34,368.0,169415.0,217.22
3485,Chlamydia,274.0,Minnesota,2009.0,Male,35-39 years,35-39,220.0,170556.0,128.99
3486,Chlamydia,274.0,Minnesota,2009.0,Male,40+ years,40+,253.0,1179093.0,21.46
3487,Chlamydia,274.0,Minnesota,2010.0,Male,0-14 years,0-14,7.0,543312.0,1.29
3488,Chlamydia,274.0,Minnesota,2010.0,Male,15-19 years,15-19,868.0,188594.0,460.25
3489,Chlamydia,274.0,Minnesota,2010.0,Male,20-24 years,20-24,1543.0,180725.0,853.78
3490,Chlamydia,274.0,Minnesota,2010.0,Male,25-29 years,25-29,933.0,187562.0,497.44
3491,Chlamydia,274.0,Minnesota,2010.0,Male,30-34 years,30-34,452.0,174549.0,258.95
3492,Chlamydia,274.0,Minnesota,2010.0,Male,35-39 years,35-39,231.0,165815.0,139.31
3493,Chlamydia,274.0,Minnesota,2010.0,Male,40+ years,40+,295.0,1191575.0,24.76
3494,Chlamydia,274.0,Minnesota,2011.0,Male,0-14 years,0-14,21.0,542265.0,3.87
3495,Chlamydia,274.0,Minnesota,2011.0,Male,15-19 years,15-19,1010.0,187755.0,537.93
3496,Chlamydia,274.0,Minnesota,2011.0,Male,20-24 years,20-24,1992.0,181081.0,1100.06
3497,Chlamydia,274.0,Minnesota,2011.0,Male,25-29 years,25-29,997.0,188078.0,530.1
3498,Chlamydia,274.0,Minnesota,2011.0,Male,30-34 years,30-34,490.0,181316.0,270.25
3499,Chlamydia,274.0,Minnesota,2011.0,Male,35-39 years,35-39,246.0,161045.0,152.75
3500,Chlamydia,274.0,Minnesota,2011.0,Male,40+ years,40+,319.0,1213363.0,26.29
3501,Chlamydia,274.0,Minnesota,2012.0,Male,0-14 years,0-14,22.0,542651.0,4.05
3502,Chlamydia,274.0,Minnesota,2012.0,Male,15-19 years,15-19,1034.0,185116.0,558.57
3503,Chlamydia,274.0,Minnesota,2012.0,Male,20-24 years,20-24,2085.0,183069.0,1138.91
3504,Chlamydia,274.0,Minnesota,2012.0,Male,25-29 years,25-29,1104.0,186454.0,592.1
3505,Chlamydia,274.0,Minnesota,2012.0,Male,30-34 years,30-34,545.0,186611.0,292.05
3506,Chlamydia,274.0,Minnesota,2012.0,Male,35-39 years,35-39,282.0,161818.0,174.27
3507,Chlamydia,274.0,Minnesota,2012.0,Male,40+ years,40+,357.0,1226450.0,29.11
3508,Chlamydia,274.0,Minnesota,2012.0,Male,Unknown,99,1.0,,
3509,Chlamydia,274.0,Minnesota,2013.0,Male,0-14 years,0-14,25.0,544964.0,4.59
3510,Chlamydia,274.0,Minnesota,2013.0,Male,15-19 years,15-19,1022.0,182826.0,559.0
3511,Chlamydia,274.0,Minnesota,2013.0,Male,20-24 years,20-24,2190.0,183607.0,1192.76
3512,Chlamydia,274.0,Minnesota,2013.0,Male,25-29 years,25-29,1208.0,185675.0,650.6
3513,Chlamydia,274.0,Minnesota,2013.0,Male,30-34 years,30-34,623.0,190981.0,326.21
3514,Chlamydia,274.0,Minnesota,2013.0,Male,35-39 years,35-39,283.0,165686.0,170.81
3515,Chlamydia,274.0,Minnesota,2013.0,Male,40+ years,40+,440.0,1239560.0,35.5
3516,Chlamydia,274.0,Minnesota,2014.0,Male,0-14 years,0-14,15.0,544964.0,2.75
3517,Chlamydia,274.0,Minnesota,2014.0,Male,15-19 years,15-19,1012.0,182826.0,553.53
3518,Chlamydia,274.0,Minnesota,2014.0,Male,20-24 years,20-24,2400.0,183607.0,1307.14
3519,Chlamydia,274.0,Minnesota,2014.0,Male,25-29 years,25-29,1368.0,185675.0,736.77
3520,Chlamydia,274.0,Minnesota,2014.0,Male,30-34 years,30-34,751.0,190981.0,393.23
3521,Chlamydia,274.0,Minnesota,2014.0,Male,35-39 years,35-39,363.0,165686.0,219.09
3522,Chlamydia,274.0,Minnesota,2014.0,Male,40+ years,40+,505.0,1239560.0,40.74
3523,Chlamydia,274.0,Mississippi,1996.0,Male,0-14 years,0-14,38.0,321648.0,11.81
3524,Chlamydia,274.0,Mississippi,1996.0,Male,15-19 years,15-19,183.0,118348.0,154.63
3525,Chlamydia,274.0,Mississippi,1996.0,Male,20-24 years,20-24,273.0,105305.0,259.25
3526,Chlamydia,274.0,Mississippi,1996.0,Male,25-29 years,25-29,93.0,93729.0,99.22
3527,Chlamydia,274.0,Mississippi,1996.0,Male,30-34 years,30-34,52.0,94044.0,55.29
3528,Chlamydia,274.0,Mississippi,1996.0,Male,35-39 years,35-39,31.0,102924.0,30.12
3529,Chlamydia,274.0,Mississippi,1996.0,Male,40+ years,40+,40.0,485740.0,8.23
3530,Chlamydia,274.0,Mississippi,1997.0,Male,0-14 years,0-14,52.0,323341.0,16.08
3531,Chlamydia,274.0,Mississippi,1997.0,Male,15-19 years,15-19,357.0,119972.0,297.57
3532,Chlamydia,274.0,Mississippi,1997.0,Male,20-24 years,20-24,513.0,104195.0,492.35
3533,Chlamydia,274.0,Mississippi,1997.0,Male,25-29 years,25-29,134.0,96111.0,139.42
3534,Chlamydia,274.0,Mississippi,1997.0,Male,30-34 years,30-34,86.0,91891.0,93.59
3535,Chlamydia,274.0,Mississippi,1997.0,Male,35-39 years,35-39,39.0,103077.0,37.84
3536,Chlamydia,274.0,Mississippi,1997.0,Male,40+ years,40+,43.0,498023.0,8.63
3537,Chlamydia,274.0,Mississippi,1998.0,Male,0-14 years,0-14,45.0,323529.0,13.91
3538,Chlamydia,274.0,Mississippi,1998.0,Male,15-19 years,15-19,378.0,120775.0,312.98
3539,Chlamydia,274.0,Mississippi,1998.0,Male,20-24 years,20-24,495.0,104822.0,472.23
3540,Chlamydia,274.0,Mississippi,1998.0,Male,25-29 years,25-29,218.0,96733.0,225.36
3541,Chlamydia,274.0,Mississippi,1998.0,Male,30-34 years,30-34,95.0,90831.0,104.59
3542,Chlamydia,274.0,Mississippi,1998.0,Male,35-39 years,35-39,59.0,103560.0,56.97
3543,Chlamydia,274.0,Mississippi,1998.0,Male,40+ years,40+,63.0,510461.0,12.34
3544,Chlamydia,274.0,Mississippi,1999.0,Male,0-14 years,0-14,25.0,325835.0,7.67
3545,Chlamydia,274.0,Mississippi,1999.0,Male,15-19 years,15-19,415.0,120077.0,345.61
3546,Chlamydia,274.0,Mississippi,1999.0,Male,20-24 years,20-24,559.0,105623.0,529.24
3547,Chlamydia,274.0,Mississippi,1999.0,Male,25-29 years,25-29,243.0,95608.0,254.16
3548,Chlamydia,274.0,Mississippi,1999.0,Male,30-34 years,30-34,108.0,90793.0,118.95
3549,Chlamydia,274.0,Mississippi,1999.0,Male,35-39 years,35-39,51.0,103572.0,49.24
3550,Chlamydia,274.0,Mississippi,1999.0,Male,40+ years,40+,67.0,522319.0,12.83
3551,Chlamydia,274.0,Mississippi,2000.0,Male,0-14 years,0-14,25.0,321263.0,7.78
3552,Chlamydia,274.0,Mississippi,2000.0,Male,15-19 years,15-19,473.0,117570.0,402.31
3553,Chlamydia,274.0,Mississippi,2000.0,Male,20-24 years,20-24,596.0,109026.0,546.66
3554,Chlamydia,274.0,Mississippi,2000.0,Male,25-29 years,25-29,257.0,94181.0,272.88
3555,Chlamydia,274.0,Mississippi,2000.0,Male,30-34 years,30-34,98.0,93166.0,105.19
3556,Chlamydia,274.0,Mississippi,2000.0,Male,35-39 years,35-39,64.0,103155.0,62.04
3557,Chlamydia,274.0,Mississippi,2000.0,Male,40+ years,40+,80.0,537140.0,14.89
3558,Chlamydia,274.0,Mississippi,2000.0,Male,Unknown,99,54.0,,
3559,Chlamydia,274.0,Mississippi,2001.0,Male,0-14 years,0-14,11.0,322954.0,3.41
3560,Chlamydia,274.0,Mississippi,2001.0,Male,15-19 years,15-19,393.0,114591.0,342.96
3561,Chlamydia,274.0,Mississippi,2001.0,Male,20-24 years,20-24,611.0,114039.0,535.78
3562,Chlamydia,274.0,Mississippi,2001.0,Male,25-29 years,25-29,240.0,93228.0,257.43
3563,Chlamydia,274.0,Mississippi,2001.0,Male,30-34 years,30-34,106.0,93039.0,113.93
3564,Chlamydia,274.0,Mississippi,2001.0,Male,35-39 years,35-39,60.0,100506.0,59.7
3565,Chlamydia,274.0,Mississippi,2001.0,Male,40+ years,40+,79.0,544078.0,14.52
3566,Chlamydia,274.0,Mississippi,2001.0,Male,Unknown,99,35.0,,
3567,Chlamydia,274.0,Mississippi,2002.0,Male,0-14 years,0-14,29.0,322112.0,9.0
3568,Chlamydia,274.0,Mississippi,2002.0,Male,15-19 years,15-19,467.0,112347.0,415.68
3569,Chlamydia,274.0,Mississippi,2002.0,Male,20-24 years,20-24,553.0,117366.0,471.18
3570,Chlamydia,274.0,Mississippi,2002.0,Male,25-29 years,25-29,222.0,93795.0,236.69
3571,Chlamydia,274.0,Mississippi,2002.0,Male,30-34 years,30-34,105.0,93885.0,111.84
3572,Chlamydia,274.0,Mississippi,2002.0,Male,35-39 years,35-39,52.0,97608.0,53.27
3573,Chlamydia,274.0,Mississippi,2002.0,Male,40+ years,40+,79.0,551766.0,14.32
3574,Chlamydia,274.0,Mississippi,2002.0,Male,Unknown,99,19.0,,
3575,Chlamydia,274.0,Mississippi,2003.0,Male,0-14 years,0-14,25.0,323229.0,7.73
3576,Chlamydia,274.0,Mississippi,2003.0,Male,15-19 years,15-19,452.0,110788.0,407.99
3577,Chlamydia,274.0,Mississippi,2003.0,Male,20-24 years,20-24,629.0,119050.0,528.35
3578,Chlamydia,274.0,Mississippi,2003.0,Male,25-29 years,25-29,284.0,95860.0,296.26
3579,Chlamydia,274.0,Mississippi,2003.0,Male,30-34 years,30-34,109.0,92387.0,117.98
3580,Chlamydia,274.0,Mississippi,2003.0,Male,35-39 years,35-39,70.0,94200.0,74.31
3581,Chlamydia,274.0,Mississippi,2003.0,Male,40+ years,40+,68.0,560702.0,12.13
3582,Chlamydia,274.0,Mississippi,2003.0,Male,Unknown,99,20.0,,
3583,Chlamydia,274.0,Mississippi,2004.0,Male,0-14 years,0-14,22.0,317688.0,6.93
3584,Chlamydia,274.0,Mississippi,2004.0,Male,15-19 years,15-19,921.0,110551.0,833.1
3585,Chlamydia,274.0,Mississippi,2004.0,Male,20-24 years,20-24,1639.0,119775.0,1368.4
3586,Chlamydia,274.0,Mississippi,2004.0,Male,25-29 years,25-29,639.0,100216.0,637.62
3587,Chlamydia,274.0,Mississippi,2004.0,Male,30-34 years,30-34,262.0,92647.0,282.79
3588,Chlamydia,274.0,Mississippi,2004.0,Male,35-39 years,35-39,115.0,92903.0,123.78
3589,Chlamydia,274.0,Mississippi,2004.0,Male,40+ years,40+,156.0,574953.0,27.13
3590,Chlamydia,274.0,Mississippi,2004.0,Male,Unknown,99,12.0,,
3591,Chlamydia,274.0,Mississippi,2005.0,Male,0-14 years,0-14,36.0,316089.0,11.39
3592,Chlamydia,274.0,Mississippi,2005.0,Male,15-19 years,15-19,1137.0,110590.0,1028.12
3593,Chlamydia,274.0,Mississippi,2005.0,Male,20-24 years,20-24,1893.0,117168.0,1615.63
3594,Chlamydia,274.0,Mississippi,2005.0,Male,25-29 years,25-29,816.0,104918.0,777.75
3595,Chlamydia,274.0,Mississippi,2005.0,Male,30-34 years,30-34,358.0,91627.0,390.71
3596,Chlamydia,274.0,Mississippi,2005.0,Male,35-39 years,35-39,159.0,92249.0,172.36
3597,Chlamydia,274.0,Mississippi,2005.0,Male,40+ years,40+,176.0,585972.0,30.04
3598,Chlamydia,274.0,Mississippi,2005.0,Male,Unknown,99,9.0,,
3599,Chlamydia,274.0,Mississippi,2006.0,Male,0-14 years,0-14,29.0,319087.0,9.09
3600,Chlamydia,274.0,Mississippi,2006.0,Male,15-19 years,15-19,1143.0,112574.0,1015.33
3601,Chlamydia,274.0,Mississippi,2006.0,Male,20-24 years,20-24,1663.0,111249.0,1494.84
3602,Chlamydia,274.0,Mississippi,2006.0,Male,25-29 years,25-29,740.0,99764.0,741.75
3603,Chlamydia,274.0,Mississippi,2006.0,Male,30-34 years,30-34,283.0,87933.0,321.84
3604,Chlamydia,274.0,Mississippi,2006.0,Male,35-39 years,35-39,128.0,90928.0,140.77
3605,Chlamydia,274.0,Mississippi,2006.0,Male,40+ years,40+,162.0,587813.0,27.56
3606,Chlamydia,274.0,Mississippi,2006.0,Male,Unknown,99,1.0,,
3607,Chlamydia,274.0,Mississippi,2007.0,Male,0-14 years,0-14,39.0,324909.0,12.0
3608,Chlamydia,274.0,Mississippi,2007.0,Male,15-19 years,15-19,1371.0,112916.0,1214.18
3609,Chlamydia,274.0,Mississippi,2007.0,Male,20-24 years,20-24,1978.0,110376.0,1792.06
3610,Chlamydia,274.0,Mississippi,2007.0,Male,25-29 years,25-29,885.0,101517.0,871.77
3611,Chlamydia,274.0,Mississippi,2007.0,Male,30-34 years,30-34,325.0,86463.0,375.88
3612,Chlamydia,274.0,Mississippi,2007.0,Male,35-39 years,35-39,161.0,90910.0,177.1
3613,Chlamydia,274.0,Mississippi,2007.0,Male,40+ years,40+,208.0,586618.0,35.46
3614,Chlamydia,274.0,Mississippi,2007.0,Male,Unknown,99,1.0,,
3615,Chlamydia,274.0,Mississippi,2008.0,Male,0-14 years,0-14,28.0,324602.0,8.63
3616,Chlamydia,274.0,Mississippi,2008.0,Male,15-19 years,15-19,1524.0,114386.0,1332.33
3617,Chlamydia,274.0,Mississippi,2008.0,Male,20-24 years,20-24,1906.0,109943.0,1733.63
3618,Chlamydia,274.0,Mississippi,2008.0,Male,25-29 years,25-29,820.0,102788.0,797.76
3619,Chlamydia,274.0,Mississippi,2008.0,Male,30-34 years,30-34,306.0,87788.0,348.57
3620,Chlamydia,274.0,Mississippi,2008.0,Male,35-39 years,35-39,158.0,91164.0,173.31
3621,Chlamydia,274.0,Mississippi,2008.0,Male,40+ years,40+,181.0,593170.0,30.51
3622,Chlamydia,274.0,Mississippi,2008.0,Male,Unknown,99,7.0,,
3623,Chlamydia,274.0,Mississippi,2009.0,Male,0-14 years,0-14,33.0,326287.0,10.11
3624,Chlamydia,274.0,Mississippi,2009.0,Male,15-19 years,15-19,1733.0,113525.0,1526.54
3625,Chlamydia,274.0,Mississippi,2009.0,Male,20-24 years,20-24,2264.0,114343.0,1980.01
3626,Chlamydia,274.0,Mississippi,2009.0,Male,25-29 years,25-29,989.0,105291.0,939.3
3627,Chlamydia,274.0,Mississippi,2009.0,Male,30-34 years,30-34,388.0,89199.0,434.98
3628,Chlamydia,274.0,Mississippi,2009.0,Male,35-39 years,35-39,162.0,89155.0,181.71
3629,Chlamydia,274.0,Mississippi,2009.0,Male,40+ years,40+,183.0,593240.0,30.85
3630,Chlamydia,274.0,Mississippi,2009.0,Male,Unknown,99,8.0,,
3631,Chlamydia,274.0,Mississippi,2010.0,Male,0-14 years,0-14,34.0,319113.0,10.65
3632,Chlamydia,274.0,Mississippi,2010.0,Male,15-19 years,15-19,1702.0,114145.0,1491.09
3633,Chlamydia,274.0,Mississippi,2010.0,Male,20-24 years,20-24,2153.0,105433.0,2042.06
3634,Chlamydia,274.0,Mississippi,2010.0,Male,25-29 years,25-29,918.0,98610.0,930.94
3635,Chlamydia,274.0,Mississippi,2010.0,Male,30-34 years,30-34,341.0,92461.0,368.8
3636,Chlamydia,274.0,Mississippi,2010.0,Male,35-39 years,35-39,148.0,91364.0,161.99
3637,Chlamydia,274.0,Mississippi,2010.0,Male,40+ years,40+,156.0,620114.0,25.16
3638,Chlamydia,274.0,Mississippi,2010.0,Male,Unknown,99,7.0,,
3639,Chlamydia,274.0,Mississippi,2011.0,Male,0-14 years,0-14,38.0,318868.0,11.92
3640,Chlamydia,274.0,Mississippi,2011.0,Male,15-19 years,15-19,1652.0,110900.0,1489.63
3641,Chlamydia,274.0,Mississippi,2011.0,Male,20-24 years,20-24,2260.0,109367.0,2066.44
3642,Chlamydia,274.0,Mississippi,2011.0,Male,25-29 years,25-29,853.0,97036.0,879.05
3643,Chlamydia,274.0,Mississippi,2011.0,Male,30-34 years,30-34,398.0,94892.0,419.42
3644,Chlamydia,274.0,Mississippi,2011.0,Male,35-39 years,35-39,156.0,88379.0,176.51
3645,Chlamydia,274.0,Mississippi,2011.0,Male,40+ years,40+,153.0,627102.0,24.4
3646,Chlamydia,274.0,Mississippi,2011.0,Male,Unknown,99,9.0,,
3647,Chlamydia,274.0,Mississippi,2012.0,Male,0-14 years,0-14,28.0,317594.0,8.82
3648,Chlamydia,274.0,Mississippi,2012.0,Male,15-19 years,15-19,1705.0,108000.0,1578.7
3649,Chlamydia,274.0,Mississippi,2012.0,Male,20-24 years,20-24,2705.0,112035.0,2414.42
3650,Chlamydia,274.0,Mississippi,2012.0,Male,25-29 years,25-29,1010.0,95517.0,1057.4
3651,Chlamydia,274.0,Mississippi,2012.0,Male,30-34 years,30-34,441.0,95908.0,459.82
3652,Chlamydia,274.0,Mississippi,2012.0,Male,35-39 years,35-39,191.0,87794.0,217.56
3653,Chlamydia,274.0,Mississippi,2012.0,Male,40+ years,40+,199.0,632443.0,31.47
3654,Chlamydia,274.0,Mississippi,2012.0,Male,Unknown,99,2.0,,
3655,Chlamydia,274.0,Mississippi,2013.0,Male,0-14 years,0-14,24.0,314396.0,7.63
3656,Chlamydia,274.0,Mississippi,2013.0,Male,15-19 years,15-19,1196.0,106111.0,1127.12
3657,Chlamydia,274.0,Mississippi,2013.0,Male,20-24 years,20-24,2062.0,115730.0,1781.73
3658,Chlamydia,274.0,Mississippi,2013.0,Male,25-29 years,25-29,828.0,95907.0,863.34
3659,Chlamydia,274.0,Mississippi,2013.0,Male,30-34 years,30-34,370.0,96807.0,382.2
3660,Chlamydia,274.0,Mississippi,2013.0,Male,35-39 years,35-39,150.0,87982.0,170.49
3661,Chlamydia,274.0,Mississippi,2013.0,Male,40+ years,40+,151.0,637654.0,23.68
3662,Chlamydia,274.0,Mississippi,2013.0,Male,Unknown,99,7.0,,
3663,Chlamydia,274.0,Mississippi,2014.0,Male,0-14 years,0-14,34.0,314396.0,10.81
3664,Chlamydia,274.0,Mississippi,2014.0,Male,15-19 years,15-19,1471.0,106111.0,1386.28
3665,Chlamydia,274.0,Mississippi,2014.0,Male,20-24 years,20-24,2318.0,115730.0,2002.94
3666,Chlamydia,274.0,Mississippi,2014.0,Male,25-29 years,25-29,982.0,95907.0,1023.91
3667,Chlamydia,274.0,Mississippi,2014.0,Male,30-34 years,30-34,377.0,96807.0,389.44
3668,Chlamydia,274.0,Mississippi,2014.0,Male,35-39 years,35-39,194.0,87982.0,220.5
3669,Chlamydia,274.0,Mississippi,2014.0,Male,40+ years,40+,208.0,637654.0,32.62
3670,Chlamydia,274.0,Mississippi,2014.0,Male,Unknown,99,4.0,,
3671,Chlamydia,274.0,Missouri,1996.0,Male,0-14 years,0-14,29.0,597608.0,4.85
3672,Chlamydia,274.0,Missouri,1996.0,Male,15-19 years,15-19,419.0,201603.0,207.83
3673,Chlamydia,274.0,Missouri,1996.0,Male,20-24 years,20-24,502.0,174753.0,287.26
3674,Chlamydia,274.0,Missouri,1996.0,Male,25-29 years,25-29,211.0,182989.0,115.31
3675,Chlamydia,274.0,Missouri,1996.0,Male,30-34 years,30-34,94.0,208497.0,45.08
3676,Chlamydia,274.0,Missouri,1996.0,Male,35-39 years,35-39,46.0,223643.0,20.57
3677,Chlamydia,274.0,Missouri,1996.0,Male,40+ years,40+,48.0,1042778.0,4.6
3678,Chlamydia,274.0,Missouri,1996.0,Male,Unknown,99,30.0,,
3679,Chlamydia,274.0,Missouri,1997.0,Male,0-14 years,0-14,42.0,600334.0,7.0
3680,Chlamydia,274.0,Missouri,1997.0,Male,15-19 years,15-19,515.0,206485.0,249.41
3681,Chlamydia,274.0,Missouri,1997.0,Male,20-24 years,20-24,554.0,174652.0,317.2
3682,Chlamydia,274.0,Missouri,1997.0,Male,25-29 years,25-29,202.0,184022.0,109.77
3683,Chlamydia,274.0,Missouri,1997.0,Male,30-34 years,30-34,115.0,200678.0,57.31
3684,Chlamydia,274.0,Missouri,1997.0,Male,35-39 years,35-39,49.0,224763.0,21.8
3685,Chlamydia,274.0,Missouri,1997.0,Male,40+ years,40+,31.0,1066971.0,2.91
3686,Chlamydia,274.0,Missouri,1998.0,Male,0-14 years,0-14,23.0,604341.0,3.81
3687,Chlamydia,274.0,Missouri,1998.0,Male,15-19 years,15-19,483.0,210208.0,229.77
3688,Chlamydia,274.0,Missouri,1998.0,Male,20-24 years,20-24,538.0,176569.0,304.7
3689,Chlamydia,274.0,Missouri,1998.0,Male,25-29 years,25-29,268.0,182852.0,146.57
3690,Chlamydia,274.0,Missouri,1998.0,Male,30-34 years,30-34,129.0,192703.0,66.94
3691,Chlamydia,274.0,Missouri,1998.0,Male,35-39 years,35-39,68.0,223762.0,30.39
3692,Chlamydia,274.0,Missouri,1998.0,Male,40+ years,40+,98.0,1088710.0,9.0
3693,Chlamydia,274.0,Missouri,1999.0,Male,0-14 years,0-14,77.0,604742.0,12.73
3694,Chlamydia,274.0,Missouri,1999.0,Male,15-19 years,15-19,594.0,211004.0,281.51
3695,Chlamydia,274.0,Missouri,1999.0,Male,20-24 years,20-24,634.0,181080.0,350.12
3696,Chlamydia,274.0,Missouri,1999.0,Male,25-29 years,25-29,253.0,181569.0,139.34
3697,Chlamydia,274.0,Missouri,1999.0,Male,30-34 years,30-34,136.0,188090.0,72.31
3698,Chlamydia,274.0,Missouri,1999.0,Male,35-39 years,35-39,57.0,222669.0,25.6
3699,Chlamydia,274.0,Missouri,1999.0,Male,40+ years,40+,69.0,1112628.0,6.2
3700,Chlamydia,274.0,Missouri,1999.0,Male,Unknown,99,20.0,,
3701,Chlamydia,274.0,Missouri,2000.0,Male,0-14 years,0-14,43.0,596128.0,7.21
3702,Chlamydia,274.0,Missouri,2000.0,Male,15-19 years,15-19,574.0,210264.0,272.99
3703,Chlamydia,274.0,Missouri,2000.0,Male,20-24 years,20-24,668.0,187802.0,355.69
3704,Chlamydia,274.0,Missouri,2000.0,Male,25-29 years,25-29,308.0,179959.0,171.15
3705,Chlamydia,274.0,Missouri,2000.0,Male,30-34 years,30-34,140.0,189134.0,74.02
3706,Chlamydia,274.0,Missouri,2000.0,Male,35-39 years,35-39,76.0,219469.0,34.63
3707,Chlamydia,274.0,Missouri,2000.0,Male,40+ years,40+,103.0,1142399.0,9.02
3708,Chlamydia,274.0,Missouri,2000.0,Male,Unknown,99,11.0,,
3709,Chlamydia,274.0,Missouri,2001.0,Male,0-14 years,0-14,28.0,593808.0,4.72
3710,Chlamydia,274.0,Missouri,2001.0,Male,15-19 years,15-19,638.0,211104.0,302.22
3711,Chlamydia,274.0,Missouri,2001.0,Male,20-24 years,20-24,788.0,194833.0,404.45
3712,Chlamydia,274.0,Missouri,2001.0,Male,25-29 years,25-29,318.0,176550.0,180.12
3713,Chlamydia,274.0,Missouri,2001.0,Male,30-34 years,30-34,156.0,190770.0,81.77
3714,Chlamydia,274.0,Missouri,2001.0,Male,35-39 years,35-39,77.0,213263.0,36.11
3715,Chlamydia,274.0,Missouri,2001.0,Male,40+ years,40+,72.0,1162480.0,6.19
3716,Chlamydia,274.0,Missouri,2001.0,Male,Unknown,99,18.0,,
3717,Chlamydia,274.0,Missouri,2002.0,Male,0-14 years,0-14,32.0,589124.0,5.43
3718,Chlamydia,274.0,Missouri,2002.0,Male,15-19 years,15-19,790.0,211285.0,373.9
3719,Chlamydia,274.0,Missouri,2002.0,Male,20-24 years,20-24,1116.0,201795.0,553.04
3720,Chlamydia,274.0,Missouri,2002.0,Male,25-29 years,25-29,476.0,176489.0,269.7
3721,Chlamydia,274.0,Missouri,2002.0,Male,30-34 years,30-34,240.0,192921.0,124.4
3722,Chlamydia,274.0,Missouri,2002.0,Male,35-39 years,35-39,120.0,206420.0,58.13
3723,Chlamydia,274.0,Missouri,2002.0,Male,40+ years,40+,135.0,1183796.0,11.4
3724,Chlamydia,274.0,Missouri,2002.0,Male,Unknown,99,19.0,,
3725,Chlamydia,274.0,Missouri,2003.0,Male,0-14 years,0-14,32.0,593984.0,5.39
3726,Chlamydia,274.0,Missouri,2003.0,Male,15-19 years,15-19,1001.0,211807.0,472.6
3727,Chlamydia,274.0,Missouri,2003.0,Male,20-24 years,20-24,1483.0,208171.0,712.39
3728,Chlamydia,274.0,Missouri,2003.0,Male,25-29 years,25-29,641.0,178775.0,358.55
3729,Chlamydia,274.0,Missouri,2003.0,Male,30-34 years,30-34,302.0,189628.0,159.26
3730,Chlamydia,274.0,Missouri,2003.0,Male,35-39 years,35-39,156.0,197378.0,79.04
3731,Chlamydia,274.0,Missouri,2003.0,Male,40+ years,40+,180.0,1202721.0,14.97
3732,Chlamydia,274.0,Missouri,2003.0,Male,Unknown,99,25.0,,
3733,Chlamydia,274.0,Missouri,2004.0,Male,0-14 years,0-14,41.0,583070.0,7.03
3734,Chlamydia,274.0,Missouri,2004.0,Male,15-19 years,15-19,1253.0,212370.0,590.01
3735,Chlamydia,274.0,Missouri,2004.0,Male,20-24 years,20-24,1950.0,213564.0,913.08
3736,Chlamydia,274.0,Missouri,2004.0,Male,25-29 years,25-29,858.0,186104.0,461.03
3737,Chlamydia,274.0,Missouri,2004.0,Male,30-34 years,30-34,416.0,189157.0,219.92
3738,Chlamydia,274.0,Missouri,2004.0,Male,35-39 years,35-39,226.0,193924.0,116.54
3739,Chlamydia,274.0,Missouri,2004.0,Male,40+ years,40+,257.0,1232663.0,20.85
3740,Chlamydia,274.0,Missouri,2004.0,Male,Unknown,99,12.0,,
3741,Chlamydia,274.0,Missouri,2005.0,Male,0-14 years,0-14,48.0,578157.0,8.3
3742,Chlamydia,274.0,Missouri,2005.0,Male,15-19 years,15-19,1432.0,213361.0,671.16
3743,Chlamydia,274.0,Missouri,2005.0,Male,20-24 years,20-24,2195.0,215428.0,1018.9
3744,Chlamydia,274.0,Missouri,2005.0,Male,25-29 years,25-29,1061.0,193449.0,548.47
3745,Chlamydia,274.0,Missouri,2005.0,Male,30-34 years,30-34,503.0,186000.0,270.43
3746,Chlamydia,274.0,Missouri,2005.0,Male,35-39 years,35-39,271.0,192968.0,140.44
3747,Chlamydia,274.0,Missouri,2005.0,Male,40+ years,40+,271.0,1256736.0,21.56
3748,Chlamydia,274.0,Missouri,2005.0,Male,Unknown,99,10.0,,
3749,Chlamydia,274.0,Missouri,2006.0,Male,0-14 years,0-14,56.0,594109.0,9.43
3750,Chlamydia,274.0,Missouri,2006.0,Male,15-19 years,15-19,1527.0,211533.0,721.87
3751,Chlamydia,274.0,Missouri,2006.0,Male,20-24 years,20-24,2240.0,210101.0,1066.15
3752,Chlamydia,274.0,Missouri,2006.0,Male,25-29 years,25-29,1124.0,204191.0,550.47
3753,Chlamydia,274.0,Missouri,2006.0,Male,30-34 years,30-34,490.0,179215.0,273.42
3754,Chlamydia,274.0,Missouri,2006.0,Male,35-39 years,35-39,293.0,193109.0,151.73
3755,Chlamydia,274.0,Missouri,2006.0,Male,40+ years,40+,309.0,1262457.0,24.48
3756,Chlamydia,274.0,Missouri,2006.0,Male,Unknown,99,5.0,,
3757,Chlamydia,274.0,Missouri,2007.0,Male,0-14 years,0-14,50.0,597573.0,8.37
3758,Chlamydia,274.0,Missouri,2007.0,Male,15-19 years,15-19,1710.0,212101.0,806.22
3759,Chlamydia,274.0,Missouri,2007.0,Male,20-24 years,20-24,2265.0,203660.0,1112.15
3760,Chlamydia,274.0,Missouri,2007.0,Male,25-29 years,25-29,1148.0,207935.0,552.1
3761,Chlamydia,274.0,Missouri,2007.0,Male,30-34 years,30-34,498.0,179594.0,277.29
3762,Chlamydia,274.0,Missouri,2007.0,Male,35-39 years,35-39,256.0,193173.0,132.52
3763,Chlamydia,274.0,Missouri,2007.0,Male,40+ years,40+,300.0,1276986.0,23.49
3764,Chlamydia,274.0,Missouri,2007.0,Male,Unknown,99,1.0,,
3765,Chlamydia,274.0,Missouri,2008.0,Male,0-14 years,0-14,48.0,597852.0,8.03
3766,Chlamydia,274.0,Missouri,2008.0,Male,15-19 years,15-19,1815.0,211227.0,859.26
3767,Chlamydia,274.0,Missouri,2008.0,Male,20-24 years,20-24,2469.0,202936.0,1216.64
3768,Chlamydia,274.0,Missouri,2008.0,Male,25-29 years,25-29,1318.0,209880.0,627.98
3769,Chlamydia,274.0,Missouri,2008.0,Male,30-34 years,30-34,504.0,181471.0,277.73
3770,Chlamydia,274.0,Missouri,2008.0,Male,35-39 years,35-39,280.0,192122.0,145.74
3771,Chlamydia,274.0,Missouri,2008.0,Male,40+ years,40+,261.0,1292419.0,20.19
3772,Chlamydia,274.0,Missouri,2008.0,Male,Unknown,99,6.0,,
3773,Chlamydia,274.0,Missouri,2009.0,Male,0-14 years,0-14,45.0,604005.0,7.45
3774,Chlamydia,274.0,Missouri,2009.0,Male,15-19 years,15-19,2021.0,214121.0,943.86
3775,Chlamydia,274.0,Missouri,2009.0,Male,20-24 years,20-24,2552.0,215088.0,1186.49
3776,Chlamydia,274.0,Missouri,2009.0,Male,25-29 years,25-29,1278.0,210371.0,607.5
3777,Chlamydia,274.0,Missouri,2009.0,Male,30-34 years,30-34,549.0,182955.0,300.07
3778,Chlamydia,274.0,Missouri,2009.0,Male,35-39 years,35-39,317.0,188846.0,167.86
3779,Chlamydia,274.0,Missouri,2009.0,Male,40+ years,40+,280.0,1310616.0,21.36
3780,Chlamydia,274.0,Missouri,2009.0,Male,Unknown,99,1.0,,
3781,Chlamydia,274.0,Missouri,2010.0,Male,0-14 years,0-14,47.0,602332.0,7.8
3782,Chlamydia,274.0,Missouri,2010.0,Male,15-19 years,15-19,1979.0,216939.0,912.24
3783,Chlamydia,274.0,Missouri,2010.0,Male,20-24 years,20-24,2761.0,207793.0,1328.73
3784,Chlamydia,274.0,Missouri,2010.0,Male,25-29 years,25-29,1267.0,201438.0,628.98
3785,Chlamydia,274.0,Missouri,2010.0,Male,30-34 years,30-34,577.0,186306.0,309.71
3786,Chlamydia,274.0,Missouri,2010.0,Male,35-39 years,35-39,270.0,183144.0,147.43
3787,Chlamydia,274.0,Missouri,2010.0,Male,40+ years,40+,280.0,1335525.0,20.97
3788,Chlamydia,274.0,Missouri,2010.0,Male,Unknown,99,1.0,,
3789,Chlamydia,274.0,Missouri,2011.0,Male,0-14 years,0-14,40.0,598090.0,6.69
3790,Chlamydia,274.0,Missouri,2011.0,Male,15-19 years,15-19,2034.0,212356.0,957.83
3791,Chlamydia,274.0,Missouri,2011.0,Male,20-24 years,20-24,3013.0,211028.0,1427.77
3792,Chlamydia,274.0,Missouri,2011.0,Male,25-29 years,25-29,1400.0,201833.0,693.64
3793,Chlamydia,274.0,Missouri,2011.0,Male,30-34 years,30-34,666.0,192147.0,346.61
3794,Chlamydia,274.0,Missouri,2011.0,Male,35-39 years,35-39,269.0,176073.0,152.78
3795,Chlamydia,274.0,Missouri,2011.0,Male,40+ years,40+,365.0,1352907.0,26.98
3796,Chlamydia,274.0,Missouri,2011.0,Male,Unknown,99,3.0,,
3797,Chlamydia,274.0,Missouri,2012.0,Male,0-14 years,0-14,42.0,595828.0,7.05
3798,Chlamydia,274.0,Missouri,2012.0,Male,15-19 years,15-19,1895.0,207196.0,914.59
3799,Chlamydia,274.0,Missouri,2012.0,Male,20-24 years,20-24,3103.0,215892.0,1437.29
3800,Chlamydia,274.0,Missouri,2012.0,Male,25-29 years,25-29,1553.0,200562.0,774.32
3801,Chlamydia,274.0,Missouri,2012.0,Male,30-34 years,30-34,739.0,194995.0,378.98
3802,Chlamydia,274.0,Missouri,2012.0,Male,35-39 years,35-39,320.0,174932.0,182.93
3803,Chlamydia,274.0,Missouri,2012.0,Male,40+ years,40+,438.0,1361631.0,32.17
3804,Chlamydia,274.0,Missouri,2013.0,Male,0-14 years,0-14,39.0,593882.0,6.57
3805,Chlamydia,274.0,Missouri,2013.0,Male,15-19 years,15-19,1731.0,204558.0,846.22
3806,Chlamydia,274.0,Missouri,2013.0,Male,20-24 years,20-24,3154.0,219196.0,1438.89
3807,Chlamydia,274.0,Missouri,2013.0,Male,25-29 years,25-29,1567.0,199456.0,785.64
3808,Chlamydia,274.0,Missouri,2013.0,Male,30-34 years,30-34,727.0,199102.0,365.14
3809,Chlamydia,274.0,Missouri,2013.0,Male,35-39 years,35-39,393.0,176826.0,222.25
3810,Chlamydia,274.0,Missouri,2013.0,Male,40+ years,40+,414.0,1370937.0,30.2
3811,Chlamydia,274.0,Missouri,2014.0,Male,0-14 years,0-14,44.0,593882.0,7.41
3812,Chlamydia,274.0,Missouri,2014.0,Male,15-19 years,15-19,1716.0,204558.0,838.88
3813,Chlamydia,274.0,Missouri,2014.0,Male,20-24 years,20-24,3341.0,219196.0,1524.21
3814,Chlamydia,274.0,Missouri,2014.0,Male,25-29 years,25-29,1656.0,199456.0,830.26
3815,Chlamydia,274.0,Missouri,2014.0,Male,30-34 years,30-34,810.0,199102.0,406.83
3816,Chlamydia,274.0,Missouri,2014.0,Male,35-39 years,35-39,400.0,176826.0,226.21
3817,Chlamydia,274.0,Missouri,2014.0,Male,40+ years,40+,465.0,1370937.0,33.92
3818,Chlamydia,274.0,Montana,1996.0,Male,0-14 years,0-14,15.0,98653.0,15.2
3819,Chlamydia,274.0,Montana,1996.0,Male,15-19 years,15-19,58.0,36231.0,160.08
3820,Chlamydia,274.0,Montana,1996.0,Male,20-24 years,20-24,81.0,29019.0,279.13
3821,Chlamydia,274.0,Montana,1996.0,Male,25-29 years,25-29,24.0,24763.0,96.92
3822,Chlamydia,274.0,Montana,1996.0,Male,30-34 years,30-34,18.0,29133.0,61.79
3823,Chlamydia,274.0,Montana,1996.0,Male,35-39 years,35-39,5.0,37174.0,13.45
3824,Chlamydia,274.0,Montana,1996.0,Male,40+ years,40+,8.0,186031.0,4.3
3825,Chlamydia,274.0,Montana,1996.0,Male,Unknown,99,1.0,,
3826,Chlamydia,274.0,Montana,1997.0,Male,0-14 years,0-14,1.0,97010.0,1.03
3827,Chlamydia,274.0,Montana,1997.0,Male,15-19 years,15-19,62.0,36722.0,168.84
3828,Chlamydia,274.0,Montana,1997.0,Male,20-24 years,20-24,83.0,29389.0,282.42
3829,Chlamydia,274.0,Montana,1997.0,Male,25-29 years,25-29,30.0,25139.0,119.34
3830,Chlamydia,274.0,Montana,1997.0,Male,30-34 years,30-34,9.0,27676.0,32.52
3831,Chlamydia,274.0,Montana,1997.0,Male,35-39 years,35-39,6.0,36357.0,16.5
3832,Chlamydia,274.0,Montana,1997.0,Male,40+ years,40+,19.0,190387.0,9.98
3833,Chlamydia,274.0,Montana,1998.0,Male,0-14 years,0-14,4.0,96528.0,4.14
3834,Chlamydia,274.0,Montana,1998.0,Male,15-19 years,15-19,74.0,37039.0,199.79
3835,Chlamydia,274.0,Montana,1998.0,Male,20-24 years,20-24,107.0,29614.0,361.32
3836,Chlamydia,274.0,Montana,1998.0,Male,25-29 years,25-29,35.0,25531.0,137.09
3837,Chlamydia,274.0,Montana,1998.0,Male,30-34 years,30-34,12.0,26508.0,45.27
3838,Chlamydia,274.0,Montana,1998.0,Male,35-39 years,35-39,17.0,35169.0,48.34
3839,Chlamydia,274.0,Montana,1998.0,Male,40+ years,40+,12.0,193645.0,6.2
3840,Chlamydia,274.0,Montana,1998.0,Male,Unknown,99,18.0,,
3841,Chlamydia,274.0,Montana,1999.0,Male,0-14 years,0-14,3.0,96172.0,3.12
3842,Chlamydia,274.0,Montana,1999.0,Male,15-19 years,15-19,117.0,36984.0,316.35
3843,Chlamydia,274.0,Montana,1999.0,Male,20-24 years,20-24,145.0,30005.0,483.25
3844,Chlamydia,274.0,Montana,1999.0,Male,25-29 years,25-29,56.0,26000.0,215.38
3845,Chlamydia,274.0,Montana,1999.0,Male,30-34 years,30-34,25.0,25988.0,96.2
3846,Chlamydia,274.0,Montana,1999.0,Male,35-39 years,35-39,14.0,33947.0,41.24
3847,Chlamydia,274.0,Montana,1999.0,Male,40+ years,40+,32.0,197868.0,16.17
3848,Chlamydia,274.0,Montana,2000.0,Male,0-14 years,0-14,5.0,92695.0,5.39
3849,Chlamydia,274.0,Montana,2000.0,Male,15-19 years,15-19,124.0,36772.0,337.21
3850,Chlamydia,274.0,Montana,2000.0,Male,20-24 years,20-24,147.0,30987.0,474.39
3851,Chlamydia,274.0,Montana,2000.0,Male,25-29 years,25-29,58.0,26524.0,218.67
3852,Chlamydia,274.0,Montana,2000.0,Male,30-34 years,30-34,18.0,26334.0,68.35
3853,Chlamydia,274.0,Montana,2000.0,Male,35-39 years,35-39,12.0,32764.0,36.63
3854,Chlamydia,274.0,Montana,2000.0,Male,40+ years,40+,7.0,204052.0,3.43
3855,Chlamydia,274.0,Montana,2001.0,Male,0-14 years,0-14,6.0,91043.0,6.59
3856,Chlamydia,274.0,Montana,2001.0,Male,15-19 years,15-19,122.0,37028.0,329.48
3857,Chlamydia,274.0,Montana,2001.0,Male,20-24 years,20-24,186.0,32157.0,578.41
3858,Chlamydia,274.0,Montana,2001.0,Male,25-29 years,25-29,72.0,26312.0,273.64
3859,Chlamydia,274.0,Montana,2001.0,Male,30-34 years,30-34,26.0,26275.0,98.95
3860,Chlamydia,274.0,Montana,2001.0,Male,35-39 years,35-39,14.0,31000.0,45.16
3861,Chlamydia,274.0,Montana,2001.0,Male,40+ years,40+,21.0,207333.0,10.13
3862,Chlamydia,274.0,Montana,2002.0,Male,0-14 years,0-14,5.0,89356.0,5.6
3863,Chlamydia,274.0,Montana,2002.0,Male,15-19 years,15-19,165.0,36858.0,447.66
3864,Chlamydia,274.0,Montana,2002.0,Male,20-24 years,20-24,243.0,33076.0,734.67
3865,Chlamydia,274.0,Montana,2002.0,Male,25-29 years,25-29,111.0,26674.0,416.14
3866,Chlamydia,274.0,Montana,2002.0,Male,30-34 years,30-34,42.0,26214.0,160.22
3867,Chlamydia,274.0,Montana,2002.0,Male,35-39 years,35-39,22.0,29254.0,75.2
3868,Chlamydia,274.0,Montana,2002.0,Male,40+ years,40+,20.0,211705.0,9.45
3869,Chlamydia,274.0,Montana,2002.0,Male,Unknown,99,17.0,,
3870,Chlamydia,274.0,Montana,2003.0,Male,0-14 years,0-14,4.0,89411.0,4.47
3871,Chlamydia,274.0,Montana,2003.0,Male,15-19 years,15-19,173.0,36706.0,471.31
3872,Chlamydia,274.0,Montana,2003.0,Male,20-24 years,20-24,287.0,34647.0,828.36
3873,Chlamydia,274.0,Montana,2003.0,Male,25-29 years,25-29,104.0,27665.0,375.93
3874,Chlamydia,274.0,Montana,2003.0,Male,30-34 years,30-34,44.0,25991.0,169.29
3875,Chlamydia,274.0,Montana,2003.0,Male,35-39 years,35-39,27.0,28004.0,96.41
3876,Chlamydia,274.0,Montana,2003.0,Male,40+ years,40+,35.0,215113.0,16.27
3877,Chlamydia,274.0,Montana,2003.0,Male,Unknown,99,5.0,,
3878,Chlamydia,274.0,Montana,2004.0,Male,0-14 years,0-14,7.0,86176.0,8.12
3879,Chlamydia,274.0,Montana,2004.0,Male,15-19 years,15-19,160.0,36083.0,443.42
3880,Chlamydia,274.0,Montana,2004.0,Male,20-24 years,20-24,303.0,36063.0,840.2
3881,Chlamydia,274.0,Montana,2004.0,Male,25-29 years,25-29,117.0,28922.0,404.54
3882,Chlamydia,274.0,Montana,2004.0,Male,30-34 years,30-34,56.0,26389.0,212.21
3883,Chlamydia,274.0,Montana,2004.0,Male,35-39 years,35-39,17.0,27510.0,61.8
3884,Chlamydia,274.0,Montana,2004.0,Male,40+ years,40+,12.0,221122.0,5.43
3885,Chlamydia,274.0,Montana,2004.0,Male,Unknown,99,13.0,,
3886,Chlamydia,274.0,Montana,2005.0,Male,0-14 years,0-14,5.0,84777.0,5.9
3887,Chlamydia,274.0,Montana,2005.0,Male,15-19 years,15-19,131.0,35693.0,367.02
3888,Chlamydia,274.0,Montana,2005.0,Male,20-24 years,20-24,280.0,36744.0,762.03
3889,Chlamydia,274.0,Montana,2005.0,Male,25-29 years,25-29,112.0,30015.0,373.15
3890,Chlamydia,274.0,Montana,2005.0,Male,30-34 years,30-34,47.0,26426.0,177.85
3891,Chlamydia,274.0,Montana,2005.0,Male,35-39 years,35-39,15.0,27394.0,54.76
3892,Chlamydia,274.0,Montana,2005.0,Male,40+ years,40+,25.0,225859.0,11.07
3893,Chlamydia,274.0,Montana,2005.0,Male,Unknown,99,4.0,,
3894,Chlamydia,274.0,Montana,2006.0,Male,0-14 years,0-14,4.0,90475.0,4.42
3895,Chlamydia,274.0,Montana,2006.0,Male,15-19 years,15-19,167.0,34670.0,481.68
3896,Chlamydia,274.0,Montana,2006.0,Male,20-24 years,20-24,310.0,36661.0,845.59
3897,Chlamydia,274.0,Montana,2006.0,Male,25-29 years,25-29,142.0,31845.0,445.91
3898,Chlamydia,274.0,Montana,2006.0,Male,30-34 years,30-34,46.0,26314.0,174.81
3899,Chlamydia,274.0,Montana,2006.0,Male,35-39 years,35-39,18.0,27716.0,64.94
3900,Chlamydia,274.0,Montana,2006.0,Male,40+ years,40+,18.0,224979.0,8.0
3901,Chlamydia,274.0,Montana,2006.0,Male,Unknown,99,4.0,,
3902,Chlamydia,274.0,Montana,2007.0,Male,0-14 years,0-14,3.0,91355.0,3.28
3903,Chlamydia,274.0,Montana,2007.0,Male,15-19 years,15-19,167.0,34795.0,479.95
3904,Chlamydia,274.0,Montana,2007.0,Male,20-24 years,20-24,306.0,36654.0,834.83
3905,Chlamydia,274.0,Montana,2007.0,Male,25-29 years,25-29,138.0,33811.0,408.15
3906,Chlamydia,274.0,Montana,2007.0,Male,30-34 years,30-34,54.0,26580.0,203.16
3907,Chlamydia,274.0,Montana,2007.0,Male,35-39 years,35-39,21.0,28086.0,74.77
3908,Chlamydia,274.0,Montana,2007.0,Male,40+ years,40+,24.0,228352.0,10.51
3909,Chlamydia,274.0,Montana,2007.0,Male,Unknown,99,3.0,,
3910,Chlamydia,274.0,Montana,2008.0,Male,0-14 years,0-14,5.0,92380.0,5.41
3911,Chlamydia,274.0,Montana,2008.0,Male,15-19 years,15-19,181.0,34388.0,526.35
3912,Chlamydia,274.0,Montana,2008.0,Male,20-24 years,20-24,362.0,36860.0,982.09
3913,Chlamydia,274.0,Montana,2008.0,Male,25-29 years,25-29,188.0,34524.0,544.55
3914,Chlamydia,274.0,Montana,2008.0,Male,30-34 years,30-34,49.0,27245.0,179.85
3915,Chlamydia,274.0,Montana,2008.0,Male,35-39 years,35-39,43.0,28253.0,152.2
3916,Chlamydia,274.0,Montana,2008.0,Male,40+ years,40+,32.0,230835.0,13.86
3917,Chlamydia,274.0,Montana,2008.0,Male,Unknown,99,5.0,,
3918,Chlamydia,274.0,Montana,2009.0,Male,0-14 years,0-14,2.0,92432.0,2.16
3919,Chlamydia,274.0,Montana,2009.0,Male,15-19 years,15-19,198.0,35319.0,560.61
3920,Chlamydia,274.0,Montana,2009.0,Male,20-24 years,20-24,383.0,39820.0,961.83
3921,Chlamydia,274.0,Montana,2009.0,Male,25-29 years,25-29,168.0,34341.0,489.21
3922,Chlamydia,274.0,Montana,2009.0,Male,30-34 years,30-34,48.0,27547.0,174.25
3923,Chlamydia,274.0,Montana,2009.0,Male,35-39 years,35-39,23.0,27887.0,82.48
3924,Chlamydia,274.0,Montana,2009.0,Male,40+ years,40+,27.0,230635.0,11.71
3925,Chlamydia,274.0,Montana,2009.0,Male,Unknown,99,2.0,,
3926,Chlamydia,274.0,Montana,2010.0,Male,0-14 years,0-14,3.0,94681.0,3.17
3927,Chlamydia,274.0,Montana,2010.0,Male,15-19 years,15-19,193.0,34515.0,559.18
3928,Chlamydia,274.0,Montana,2010.0,Male,20-24 years,20-24,384.0,34939.0,1099.06
3929,Chlamydia,274.0,Montana,2010.0,Male,25-29 years,25-29,172.0,33135.0,519.09
3930,Chlamydia,274.0,Montana,2010.0,Male,30-34 years,30-34,75.0,30209.0,248.27
3931,Chlamydia,274.0,Montana,2010.0,Male,35-39 years,35-39,31.0,28355.0,109.33
3932,Chlamydia,274.0,Montana,2010.0,Male,40+ years,40+,22.0,240833.0,9.13
3933,Chlamydia,274.0,Montana,2010.0,Male,Unknown,99,8.0,,
3934,Chlamydia,274.0,Montana,2011.0,Male,0-14 years,0-14,3.0,94215.0,3.18
3935,Chlamydia,274.0,Montana,2011.0,Male,15-19 years,15-19,234.0,34847.0,671.51
3936,Chlamydia,274.0,Montana,2011.0,Male,20-24 years,20-24,418.0,35874.0,1165.19
3937,Chlamydia,274.0,Montana,2011.0,Male,25-29 years,25-29,195.0,32853.0,593.55
3938,Chlamydia,274.0,Montana,2011.0,Male,30-34 years,30-34,78.0,31388.0,248.5
3939,Chlamydia,274.0,Montana,2011.0,Male,35-39 years,35-39,39.0,27838.0,140.1
3940,Chlamydia,274.0,Montana,2011.0,Male,40+ years,40+,35.0,244218.0,14.33
3941,Chlamydia,274.0,Montana,2011.0,Male,Unknown,99,14.0,,
3942,Chlamydia,274.0,Montana,2012.0,Male,0-14 years,0-14,2.0,94255.0,2.12
3943,Chlamydia,274.0,Montana,2012.0,Male,15-19 years,15-19,220.0,33982.0,647.4
3944,Chlamydia,274.0,Montana,2012.0,Male,20-24 years,20-24,528.0,37300.0,1415.55
3945,Chlamydia,274.0,Montana,2012.0,Male,25-29 years,25-29,238.0,32659.0,728.74
3946,Chlamydia,274.0,Montana,2012.0,Male,30-34 years,30-34,108.0,32276.0,334.61
3947,Chlamydia,274.0,Montana,2012.0,Male,35-39 years,35-39,39.0,28222.0,138.19
3948,Chlamydia,274.0,Montana,2012.0,Male,40+ years,40+,37.0,246255.0,15.03
3949,Chlamydia,274.0,Montana,2013.0,Male,0-14 years,0-14,4.0,95161.0,4.2
3950,Chlamydia,274.0,Montana,2013.0,Male,15-19 years,15-19,206.0,33630.0,612.55
3951,Chlamydia,274.0,Montana,2013.0,Male,20-24 years,20-24,471.0,38600.0,1220.21
3952,Chlamydia,274.0,Montana,2013.0,Male,25-29 years,25-29,234.0,32233.0,725.96
3953,Chlamydia,274.0,Montana,2013.0,Male,30-34 years,30-34,113.0,33168.0,340.69
3954,Chlamydia,274.0,Montana,2013.0,Male,35-39 years,35-39,40.0,29211.0,136.94
3955,Chlamydia,274.0,Montana,2013.0,Male,40+ years,40+,29.0,247795.0,11.7
3956,Chlamydia,274.0,Montana,2013.0,Male,Unknown,99,19.0,,
3957,Chlamydia,274.0,Montana,2014.0,Male,0-14 years,0-14,4.0,95161.0,4.2
3958,Chlamydia,274.0,Montana,2014.0,Male,15-19 years,15-19,239.0,33630.0,710.67
3959,Chlamydia,274.0,Montana,2014.0,Male,20-24 years,20-24,522.0,38600.0,1352.33
3960,Chlamydia,274.0,Montana,2014.0,Male,25-29 years,25-29,294.0,32233.0,912.11
3961,Chlamydia,274.0,Montana,2014.0,Male,30-34 years,30-34,113.0,33168.0,340.69
3962,Chlamydia,274.0,Montana,2014.0,Male,35-39 years,35-39,61.0,29211.0,208.82
3963,Chlamydia,274.0,Montana,2014.0,Male,40+ years,40+,71.0,247795.0,28.65
3964,Chlamydia,274.0,Montana,2014.0,Male,Unknown,99,10.0,,
3965,Chlamydia,274.0,Nebraska,1996.0,Male,0-14 years,0-14,6.0,188434.0,3.18
3966,Chlamydia,274.0,Nebraska,1996.0,Male,15-19 years,15-19,132.0,65768.0,200.71
3967,Chlamydia,274.0,Nebraska,1996.0,Male,20-24 years,20-24,166.0,57330.0,289.55
3968,Chlamydia,274.0,Nebraska,1996.0,Male,25-29 years,25-29,86.0,56045.0,153.45
3969,Chlamydia,274.0,Nebraska,1996.0,Male,30-34 years,30-34,33.0,63051.0,52.34
3970,Chlamydia,274.0,Nebraska,1996.0,Male,35-39 years,35-39,12.0,68777.0,17.45
3971,Chlamydia,274.0,Nebraska,1996.0,Male,40+ years,40+,18.0,321966.0,5.59
3972,Chlamydia,274.0,Nebraska,1997.0,Male,0-14 years,0-14,4.0,188818.0,2.12
3973,Chlamydia,274.0,Nebraska,1997.0,Male,15-19 years,15-19,129.0,67616.0,190.78
3974,Chlamydia,274.0,Nebraska,1997.0,Male,20-24 years,20-24,183.0,57876.0,316.19
3975,Chlamydia,274.0,Nebraska,1997.0,Male,25-29 years,25-29,79.0,56649.0,139.46
3976,Chlamydia,274.0,Nebraska,1997.0,Male,30-34 years,30-34,40.0,60566.0,66.04
3977,Chlamydia,274.0,Nebraska,1997.0,Male,35-39 years,35-39,14.0,68556.0,20.42
3978,Chlamydia,274.0,Nebraska,1997.0,Male,40+ years,40+,18.0,328399.0,5.48
3979,Chlamydia,274.0,Nebraska,1997.0,Male,Unknown,99,6.0,,
3980,Chlamydia,274.0,Nebraska,1998.0,Male,0-14 years,0-14,9.0,189083.0,4.76
3981,Chlamydia,274.0,Nebraska,1998.0,Male,15-19 years,15-19,132.0,68957.0,191.42
3982,Chlamydia,274.0,Nebraska,1998.0,Male,20-24 years,20-24,227.0,58927.0,385.22
3983,Chlamydia,274.0,Nebraska,1998.0,Male,25-29 years,25-29,70.0,56979.0,122.85
3984,Chlamydia,274.0,Nebraska,1998.0,Male,30-34 years,30-34,45.0,58166.0,77.36
3985,Chlamydia,274.0,Nebraska,1998.0,Male,35-39 years,35-39,16.0,67858.0,23.58
3986,Chlamydia,274.0,Nebraska,1998.0,Male,40+ years,40+,16.0,333858.0,4.79
3987,Chlamydia,274.0,Nebraska,1998.0,Male,Unknown,99,5.0,,
3988,Chlamydia,274.0,Nebraska,1999.0,Male,0-14 years,0-14,7.0,189181.0,3.7
3989,Chlamydia,274.0,Nebraska,1999.0,Male,15-19 years,15-19,190.0,69420.0,273.7
3990,Chlamydia,274.0,Nebraska,1999.0,Male,20-24 years,20-24,266.0,60146.0,442.26
3991,Chlamydia,274.0,Nebraska,1999.0,Male,25-29 years,25-29,120.0,57088.0,210.2
3992,Chlamydia,274.0,Nebraska,1999.0,Male,30-34 years,30-34,53.0,56668.0,93.53
3993,Chlamydia,274.0,Nebraska,1999.0,Male,35-39 years,35-39,27.0,66726.0,40.46
3994,Chlamydia,274.0,Nebraska,1999.0,Male,40+ years,40+,27.0,340004.0,7.94
3995,Chlamydia,274.0,Nebraska,1999.0,Male,Unknown,99,22.0,,
3996,Chlamydia,274.0,Nebraska,2000.0,Male,0-14 years,0-14,6.0,186052.0,3.22
3997,Chlamydia,274.0,Nebraska,2000.0,Male,15-19 years,15-19,197.0,68939.0,285.76
3998,Chlamydia,274.0,Nebraska,2000.0,Male,20-24 years,20-24,265.0,62275.0,425.53
3999,Chlamydia,274.0,Nebraska,2000.0,Male,25-29 years,25-29,125.0,57515.0,217.34
4000,Chlamydia,274.0,Nebraska,2000.0,Male,30-34 years,30-34,44.0,57067.0,77.1
4001,Chlamydia,274.0,Nebraska,2000.0,Male,35-39 years,35-39,33.0,65075.0,50.71
4002,Chlamydia,274.0,Nebraska,2000.0,Male,40+ years,40+,21.0,347598.0,6.04
4003,Chlamydia,274.0,Nebraska,2000.0,Male,Unknown,99,78.0,,
4004,Chlamydia,274.0,Nebraska,2001.0,Male,0-14 years,0-14,2.0,185757.0,1.08
4005,Chlamydia,274.0,Nebraska,2001.0,Male,15-19 years,15-19,180.0,68371.0,263.27
4006,Chlamydia,274.0,Nebraska,2001.0,Male,20-24 years,20-24,224.0,64239.0,348.7
4007,Chlamydia,274.0,Nebraska,2001.0,Male,25-29 years,25-29,95.0,57182.0,166.14
4008,Chlamydia,274.0,Nebraska,2001.0,Male,30-34 years,30-34,46.0,57082.0,80.59
4009,Chlamydia,274.0,Nebraska,2001.0,Male,35-39 years,35-39,27.0,62816.0,42.98
4010,Chlamydia,274.0,Nebraska,2001.0,Male,40+ years,40+,22.0,352974.0,6.23
4011,Chlamydia,274.0,Nebraska,2001.0,Male,Unknown,99,84.0,,
4012,Chlamydia,274.0,Nebraska,2002.0,Male,0-14 years,0-14,9.0,184690.0,4.87
4013,Chlamydia,274.0,Nebraska,2002.0,Male,15-19 years,15-19,258.0,67875.0,380.11
4014,Chlamydia,274.0,Nebraska,2002.0,Male,20-24 years,20-24,431.0,66595.0,647.2
4015,Chlamydia,274.0,Nebraska,2002.0,Male,25-29 years,25-29,173.0,57486.0,300.94
4016,Chlamydia,274.0,Nebraska,2002.0,Male,30-34 years,30-34,70.0,57712.0,121.29
4017,Chlamydia,274.0,Nebraska,2002.0,Male,35-39 years,35-39,26.0,60712.0,42.83
4018,Chlamydia,274.0,Nebraska,2002.0,Male,40+ years,40+,28.0,358425.0,7.81
4019,Chlamydia,274.0,Nebraska,2002.0,Male,Unknown,99,133.0,,
4020,Chlamydia,274.0,Nebraska,2003.0,Male,0-14 years,0-14,19.0,186095.0,10.21
4021,Chlamydia,274.0,Nebraska,2003.0,Male,15-19 years,15-19,289.0,67288.0,429.5
4022,Chlamydia,274.0,Nebraska,2003.0,Male,20-24 years,20-24,448.0,68831.0,650.87
4023,Chlamydia,274.0,Nebraska,2003.0,Male,25-29 years,25-29,238.0,58469.0,407.05
4024,Chlamydia,274.0,Nebraska,2003.0,Male,30-34 years,30-34,99.0,56928.0,173.9
4025,Chlamydia,274.0,Nebraska,2003.0,Male,35-39 years,35-39,55.0,58069.0,94.71
4026,Chlamydia,274.0,Nebraska,2003.0,Male,40+ years,40+,54.0,363604.0,14.85
4027,Chlamydia,274.0,Nebraska,2003.0,Male,Unknown,99,42.0,,
4028,Chlamydia,274.0,Nebraska,2004.0,Male,0-14 years,0-14,8.0,183630.0,4.36
4029,Chlamydia,274.0,Nebraska,2004.0,Male,15-19 years,15-19,285.0,66459.0,428.84
4030,Chlamydia,274.0,Nebraska,2004.0,Male,20-24 years,20-24,513.0,70109.0,731.72
4031,Chlamydia,274.0,Nebraska,2004.0,Male,25-29 years,25-29,258.0,60360.0,427.44
4032,Chlamydia,274.0,Nebraska,2004.0,Male,30-34 years,30-34,104.0,57005.0,182.44
4033,Chlamydia,274.0,Nebraska,2004.0,Male,35-39 years,35-39,51.0,56839.0,89.73
4034,Chlamydia,274.0,Nebraska,2004.0,Male,40+ years,40+,63.0,369226.0,17.06
4035,Chlamydia,274.0,Nebraska,2004.0,Male,Unknown,99,109.0,,
4036,Chlamydia,274.0,Nebraska,2005.0,Male,0-14 years,0-14,6.0,181895.0,3.3
4037,Chlamydia,274.0,Nebraska,2005.0,Male,15-19 years,15-19,289.0,66207.0,436.51
4038,Chlamydia,274.0,Nebraska,2005.0,Male,20-24 years,20-24,562.0,70846.0,793.27
4039,Chlamydia,274.0,Nebraska,2005.0,Male,25-29 years,25-29,286.0,62100.0,460.55
4040,Chlamydia,274.0,Nebraska,2005.0,Male,30-34 years,30-34,105.0,56926.0,184.45
4041,Chlamydia,274.0,Nebraska,2005.0,Male,35-39 years,35-39,43.0,56736.0,75.79
4042,Chlamydia,274.0,Nebraska,2005.0,Male,40+ years,40+,41.0,375044.0,10.93
4043,Chlamydia,274.0,Nebraska,2005.0,Male,Unknown,99,46.0,,
4044,Chlamydia,274.0,Nebraska,2006.0,Male,0-14 years,0-14,8.0,187649.0,4.26
4045,Chlamydia,274.0,Nebraska,2006.0,Male,15-19 years,15-19,315.0,67083.0,469.57
4046,Chlamydia,274.0,Nebraska,2006.0,Male,20-24 years,20-24,572.0,69900.0,818.31
4047,Chlamydia,274.0,Nebraska,2006.0,Male,25-29 years,25-29,268.0,60705.0,441.48
4048,Chlamydia,274.0,Nebraska,2006.0,Male,30-34 years,30-34,122.0,56133.0,217.34
4049,Chlamydia,274.0,Nebraska,2006.0,Male,35-39 years,35-39,55.0,57303.0,95.98
4050,Chlamydia,274.0,Nebraska,2006.0,Male,40+ years,40+,54.0,377981.0,14.29
4051,Chlamydia,274.0,Nebraska,2006.0,Male,Unknown,99,7.0,,
4052,Chlamydia,274.0,Nebraska,2007.0,Male,0-14 years,0-14,9.0,188277.0,4.78
4053,Chlamydia,274.0,Nebraska,2007.0,Male,15-19 years,15-19,294.0,66852.0,439.78
4054,Chlamydia,274.0,Nebraska,2007.0,Male,20-24 years,20-24,566.0,68638.0,824.62
4055,Chlamydia,274.0,Nebraska,2007.0,Male,25-29 years,25-29,302.0,63364.0,476.61
4056,Chlamydia,274.0,Nebraska,2007.0,Male,30-34 years,30-34,98.0,55104.0,177.85
4057,Chlamydia,274.0,Nebraska,2007.0,Male,35-39 years,35-39,45.0,57244.0,78.61
4058,Chlamydia,274.0,Nebraska,2007.0,Male,40+ years,40+,48.0,379912.0,12.63
4059,Chlamydia,274.0,Nebraska,2007.0,Male,Unknown,99,1.0,,
4060,Chlamydia,274.0,Nebraska,2008.0,Male,0-14 years,0-14,18.0,189843.0,9.48
4061,Chlamydia,274.0,Nebraska,2008.0,Male,15-19 years,15-19,344.0,66267.0,519.11
4062,Chlamydia,274.0,Nebraska,2008.0,Male,20-24 years,20-24,534.0,68007.0,785.21
4063,Chlamydia,274.0,Nebraska,2008.0,Male,25-29 years,25-29,291.0,64128.0,453.78
4064,Chlamydia,274.0,Nebraska,2008.0,Male,30-34 years,30-34,134.0,55916.0,239.65
4065,Chlamydia,274.0,Nebraska,2008.0,Male,35-39 years,35-39,63.0,56953.0,110.62
4066,Chlamydia,274.0,Nebraska,2008.0,Male,40+ years,40+,55.0,383166.0,14.35
4067,Chlamydia,274.0,Nebraska,2008.0,Male,Unknown,99,2.0,,
4068,Chlamydia,274.0,Nebraska,2009.0,Male,0-14 years,0-14,8.0,193158.0,4.14
4069,Chlamydia,274.0,Nebraska,2009.0,Male,15-19 years,15-19,355.0,66625.0,532.83
4070,Chlamydia,274.0,Nebraska,2009.0,Male,20-24 years,20-24,621.0,71932.0,863.32
4071,Chlamydia,274.0,Nebraska,2009.0,Male,25-29 years,25-29,324.0,65312.0,496.08
4072,Chlamydia,274.0,Nebraska,2009.0,Male,30-34 years,30-34,121.0,54222.0,223.16
4073,Chlamydia,274.0,Nebraska,2009.0,Male,35-39 years,35-39,47.0,56202.0,83.63
4074,Chlamydia,274.0,Nebraska,2009.0,Male,40+ years,40+,62.0,384201.0,16.14
4075,Chlamydia,274.0,Nebraska,2009.0,Male,Unknown,99,11.0,,
4076,Chlamydia,274.0,Nebraska,2010.0,Male,0-14 years,0-14,12.0,196204.0,6.12
4077,Chlamydia,274.0,Nebraska,2010.0,Male,15-19 years,15-19,337.0,66033.0,510.35
4078,Chlamydia,274.0,Nebraska,2010.0,Male,20-24 years,20-24,603.0,66232.0,910.44
4079,Chlamydia,274.0,Nebraska,2010.0,Male,25-29 years,25-29,312.0,65891.0,473.51
4080,Chlamydia,274.0,Nebraska,2010.0,Male,30-34 years,30-34,161.0,59085.0,272.49
4081,Chlamydia,274.0,Nebraska,2010.0,Male,35-39 years,35-39,58.0,56043.0,103.49
4082,Chlamydia,274.0,Nebraska,2010.0,Male,40+ years,40+,65.0,396808.0,16.38
4083,Chlamydia,274.0,Nebraska,2011.0,Male,0-14 years,0-14,14.0,197073.0,7.1
4084,Chlamydia,274.0,Nebraska,2011.0,Male,15-19 years,15-19,402.0,66904.0,600.86
4085,Chlamydia,274.0,Nebraska,2011.0,Male,20-24 years,20-24,787.0,66146.0,1189.79
4086,Chlamydia,274.0,Nebraska,2011.0,Male,25-29 years,25-29,392.0,65682.0,596.82
4087,Chlamydia,274.0,Nebraska,2011.0,Male,30-34 years,30-34,197.0,61635.0,319.62
4088,Chlamydia,274.0,Nebraska,2011.0,Male,35-39 years,35-39,85.0,55356.0,153.55
4089,Chlamydia,274.0,Nebraska,2011.0,Male,40+ years,40+,109.0,402453.0,27.08
4090,Chlamydia,274.0,Nebraska,2011.0,Male,Unknown,99,1.0,,
4091,Chlamydia,274.0,Nebraska,2012.0,Male,0-14 years,0-14,14.0,198984.0,7.04
4092,Chlamydia,274.0,Nebraska,2012.0,Male,15-19 years,15-19,380.0,65703.0,578.36
4093,Chlamydia,274.0,Nebraska,2012.0,Male,20-24 years,20-24,796.0,67530.0,1178.74
4094,Chlamydia,274.0,Nebraska,2012.0,Male,25-29 years,25-29,486.0,65323.0,744.0
4095,Chlamydia,274.0,Nebraska,2012.0,Male,30-34 years,30-34,218.0,63357.0,344.08
4096,Chlamydia,274.0,Nebraska,2012.0,Male,35-39 years,35-39,102.0,55630.0,183.35
4097,Chlamydia,274.0,Nebraska,2012.0,Male,40+ years,40+,95.0,405775.0,23.41
4098,Chlamydia,274.0,Nebraska,2012.0,Male,Unknown,99,2.0,,
4099,Chlamydia,274.0,Nebraska,2013.0,Male,0-14 years,0-14,10.0,199862.0,5.0
4100,Chlamydia,274.0,Nebraska,2013.0,Male,15-19 years,15-19,414.0,65134.0,635.61
4101,Chlamydia,274.0,Nebraska,2013.0,Male,20-24 years,20-24,875.0,69410.0,1260.63
4102,Chlamydia,274.0,Nebraska,2013.0,Male,25-29 years,25-29,490.0,64231.0,762.87
4103,Chlamydia,274.0,Nebraska,2013.0,Male,30-34 years,30-34,218.0,65074.0,335.0
4104,Chlamydia,274.0,Nebraska,2013.0,Male,35-39 years,35-39,86.0,57025.0,150.81
4105,Chlamydia,274.0,Nebraska,2013.0,Male,40+ years,40+,102.0,409090.0,24.93
4106,Chlamydia,274.0,Nebraska,2013.0,Male,Unknown,99,1.0,,
4107,Chlamydia,274.0,Nebraska,2014.0,Male,0-14 years,0-14,7.0,199862.0,3.5
4108,Chlamydia,274.0,Nebraska,2014.0,Male,15-19 years,15-19,405.0,65134.0,621.79
4109,Chlamydia,274.0,Nebraska,2014.0,Male,20-24 years,20-24,959.0,69410.0,1381.65
4110,Chlamydia,274.0,Nebraska,2014.0,Male,25-29 years,25-29,533.0,64231.0,829.82
4111,Chlamydia,274.0,Nebraska,2014.0,Male,30-34 years,30-34,250.0,65074.0,384.18
4112,Chlamydia,274.0,Nebraska,2014.0,Male,35-39 years,35-39,106.0,57025.0,185.88
4113,Chlamydia,274.0,Nebraska,2014.0,Male,40+ years,40+,97.0,409090.0,23.71
4114,Chlamydia,274.0,Nevada,1996.0,Male,0-14 years,0-14,2.0,182787.0,1.09
4115,Chlamydia,274.0,Nevada,1996.0,Male,15-19 years,15-19,118.0,52321.0,225.53
4116,Chlamydia,274.0,Nevada,1996.0,Male,20-24 years,20-24,142.0,52565.0,270.14
4117,Chlamydia,274.0,Nevada,1996.0,Male,25-29 years,25-29,57.0,67474.0,84.48
4118,Chlamydia,274.0,Nevada,1996.0,Male,30-34 years,30-34,41.0,81733.0,50.16
4119,Chlamydia,274.0,Nevada,1996.0,Male,35-39 years,35-39,20.0,75693.0,26.42
4120,Chlamydia,274.0,Nevada,1996.0,Male,40+ years,40+,17.0,334875.0,5.08
4121,Chlamydia,274.0,Nevada,1996.0,Male,Unknown,99,1.0,,
4122,Chlamydia,274.0,Nevada,1997.0,Male,0-14 years,0-14,1.0,192874.0,0.52
4123,Chlamydia,274.0,Nevada,1997.0,Male,15-19 years,15-19,117.0,56514.0,207.03
4124,Chlamydia,274.0,Nevada,1997.0,Male,20-24 years,20-24,139.0,56395.0,246.48
4125,Chlamydia,274.0,Nevada,1997.0,Male,25-29 years,25-29,76.0,69761.0,108.94
4126,Chlamydia,274.0,Nevada,1997.0,Male,30-34 years,30-34,37.0,83638.0,44.24
4127,Chlamydia,274.0,Nevada,1997.0,Male,35-39 years,35-39,17.0,79976.0,21.26
4128,Chlamydia,274.0,Nevada,1997.0,Male,40+ years,40+,11.0,358143.0,3.07
4129,Chlamydia,274.0,Nevada,1997.0,Male,Unknown,99,5.0,,
4130,Chlamydia,274.0,Nevada,1998.0,Male,0-14 years,0-14,7.0,204198.0,3.43
4131,Chlamydia,274.0,Nevada,1998.0,Male,15-19 years,15-19,143.0,60418.0,236.68
4132,Chlamydia,274.0,Nevada,1998.0,Male,20-24 years,20-24,161.0,59902.0,268.77
4133,Chlamydia,274.0,Nevada,1998.0,Male,25-29 years,25-29,81.0,72313.0,112.01
4134,Chlamydia,274.0,Nevada,1998.0,Male,30-34 years,30-34,48.0,83705.0,57.34
4135,Chlamydia,274.0,Nevada,1998.0,Male,35-39 years,35-39,37.0,83226.0,44.46
4136,Chlamydia,274.0,Nevada,1998.0,Male,40+ years,40+,18.0,379236.0,4.75
4137,Chlamydia,274.0,Nevada,1998.0,Male,Unknown,99,3.0,,
4138,Chlamydia,274.0,Nevada,1999.0,Male,0-14 years,0-14,5.0,215035.0,2.33
4139,Chlamydia,274.0,Nevada,1999.0,Male,15-19 years,15-19,167.0,63440.0,263.24
4140,Chlamydia,274.0,Nevada,1999.0,Male,20-24 years,20-24,198.0,64247.0,308.19
4141,Chlamydia,274.0,Nevada,1999.0,Male,25-29 years,25-29,96.0,74785.0,128.37
4142,Chlamydia,274.0,Nevada,1999.0,Male,30-34 years,30-34,63.0,83308.0,75.62
4143,Chlamydia,274.0,Nevada,1999.0,Male,35-39 years,35-39,24.0,85861.0,27.95
4144,Chlamydia,274.0,Nevada,1999.0,Male,40+ years,40+,31.0,398620.0,7.78
4145,Chlamydia,274.0,Nevada,1999.0,Male,Unknown,99,2.0,,
4146,Chlamydia,274.0,Nevada,2000.0,Male,0-14 years,0-14,12.0,237291.0,5.06
4147,Chlamydia,274.0,Nevada,2000.0,Male,15-19 years,15-19,263.0,67497.0,389.65
4148,Chlamydia,274.0,Nevada,2000.0,Male,20-24 years,20-24,305.0,67119.0,454.42
4149,Chlamydia,274.0,Nevada,2000.0,Male,25-29 years,25-29,142.0,76017.0,186.8
4150,Chlamydia,274.0,Nevada,2000.0,Male,30-34 years,30-34,74.0,82620.0,89.57
4151,Chlamydia,274.0,Nevada,2000.0,Male,35-39 years,35-39,52.0,85662.0,60.7
4152,Chlamydia,274.0,Nevada,2000.0,Male,40+ years,40+,38.0,412451.0,9.21
4153,Chlamydia,274.0,Nevada,2000.0,Male,Unknown,99,7.0,,
4154,Chlamydia,274.0,Nevada,2001.0,Male,0-14 years,0-14,21.0,240272.0,8.74
4155,Chlamydia,274.0,Nevada,2001.0,Male,15-19 years,15-19,343.0,70063.0,489.56
4156,Chlamydia,274.0,Nevada,2001.0,Male,20-24 years,20-24,416.0,68829.0,604.4
4157,Chlamydia,274.0,Nevada,2001.0,Male,25-29 years,25-29,220.0,78618.0,279.83
4158,Chlamydia,274.0,Nevada,2001.0,Male,30-34 years,30-34,126.0,87454.0,144.08
4159,Chlamydia,274.0,Nevada,2001.0,Male,35-39 years,35-39,47.0,88383.0,53.18
4160,Chlamydia,274.0,Nevada,2001.0,Male,40+ years,40+,54.0,434969.0,12.41
4161,Chlamydia,274.0,Nevada,2001.0,Male,Unknown,99,12.0,,
4162,Chlamydia,274.0,Nevada,2002.0,Male,0-14 years,0-14,20.0,248943.0,8.03
4163,Chlamydia,274.0,Nevada,2002.0,Male,15-19 years,15-19,412.0,72951.0,564.76
4164,Chlamydia,274.0,Nevada,2002.0,Male,20-24 years,20-24,521.0,69641.0,748.12
4165,Chlamydia,274.0,Nevada,2002.0,Male,25-29 years,25-29,273.0,80219.0,340.32
4166,Chlamydia,274.0,Nevada,2002.0,Male,30-34 years,30-34,166.0,90611.0,183.2
4167,Chlamydia,274.0,Nevada,2002.0,Male,35-39 years,35-39,73.0,89207.0,81.83
4168,Chlamydia,274.0,Nevada,2002.0,Male,40+ years,40+,82.0,455510.0,18.0
4169,Chlamydia,274.0,Nevada,2002.0,Male,Unknown,99,11.0,,
4170,Chlamydia,274.0,Nevada,2003.0,Male,0-14 years,0-14,10.0,252278.0,3.96
4171,Chlamydia,274.0,Nevada,2003.0,Male,15-19 years,15-19,363.0,75188.0,482.79
4172,Chlamydia,274.0,Nevada,2003.0,Male,20-24 years,20-24,569.0,74868.0,760.0
4173,Chlamydia,274.0,Nevada,2003.0,Male,25-29 years,25-29,281.0,85101.0,330.2
4174,Chlamydia,274.0,Nevada,2003.0,Male,30-34 years,30-34,154.0,94181.0,163.51
4175,Chlamydia,274.0,Nevada,2003.0,Male,35-39 years,35-39,79.0,90848.0,86.96
4176,Chlamydia,274.0,Nevada,2003.0,Male,40+ years,40+,86.0,469437.0,18.32
4177,Chlamydia,274.0,Nevada,2003.0,Male,Unknown,99,10.0,,
4178,Chlamydia,274.0,Nevada,2004.0,Male,0-14 years,0-14,20.0,261372.0,7.65
4179,Chlamydia,274.0,Nevada,2004.0,Male,15-19 years,15-19,409.0,78952.0,518.04
4180,Chlamydia,274.0,Nevada,2004.0,Male,20-24 years,20-24,645.0,78747.0,819.08
4181,Chlamydia,274.0,Nevada,2004.0,Male,25-29 years,25-29,332.0,88499.0,375.14
4182,Chlamydia,274.0,Nevada,2004.0,Male,30-34 years,30-34,182.0,96706.0,188.2
4183,Chlamydia,274.0,Nevada,2004.0,Male,35-39 years,35-39,93.0,93215.0,99.77
4184,Chlamydia,274.0,Nevada,2004.0,Male,40+ years,40+,131.0,491312.0,26.66
4185,Chlamydia,274.0,Nevada,2004.0,Male,Unknown,99,9.0,,
4186,Chlamydia,274.0,Nevada,2005.0,Male,0-14 years,0-14,9.0,267522.0,3.36
4187,Chlamydia,274.0,Nevada,2005.0,Male,15-19 years,15-19,433.0,82998.0,521.7
4188,Chlamydia,274.0,Nevada,2005.0,Male,20-24 years,20-24,695.0,82107.0,846.46
4189,Chlamydia,274.0,Nevada,2005.0,Male,25-29 years,25-29,420.0,91145.0,460.8
4190,Chlamydia,274.0,Nevada,2005.0,Male,30-34 years,30-34,180.0,97508.0,184.6
4191,Chlamydia,274.0,Nevada,2005.0,Male,35-39 years,35-39,99.0,96103.0,103.01
4192,Chlamydia,274.0,Nevada,2005.0,Male,40+ years,40+,117.0,511993.0,22.85
4193,Chlamydia,274.0,Nevada,2005.0,Male,Unknown,99,2.0,,
4194,Chlamydia,274.0,Nevada,2006.0,Male,0-14 years,0-14,22.0,271378.0,8.11
4195,Chlamydia,274.0,Nevada,2006.0,Male,15-19 years,15-19,488.0,81720.0,597.16
4196,Chlamydia,274.0,Nevada,2006.0,Male,20-24 years,20-24,725.0,83474.0,868.53
4197,Chlamydia,274.0,Nevada,2006.0,Male,25-29 years,25-29,477.0,103059.0,462.84
4198,Chlamydia,274.0,Nevada,2006.0,Male,30-34 years,30-34,209.0,94509.0,221.14
4199,Chlamydia,274.0,Nevada,2006.0,Male,35-39 years,35-39,133.0,99293.0,133.95
4200,Chlamydia,274.0,Nevada,2006.0,Male,40+ years,40+,149.0,535461.0,27.83
4201,Chlamydia,274.0,Nevada,2006.0,Male,Unknown,99,8.0,,
4202,Chlamydia,274.0,Nevada,2007.0,Male,0-14 years,0-14,11.0,283719.0,3.88
4203,Chlamydia,274.0,Nevada,2007.0,Male,15-19 years,15-19,620.0,84202.0,736.33
4204,Chlamydia,274.0,Nevada,2007.0,Male,20-24 years,20-24,790.0,81396.0,970.56
4205,Chlamydia,274.0,Nevada,2007.0,Male,25-29 years,25-29,496.0,104497.0,474.65
4206,Chlamydia,274.0,Nevada,2007.0,Male,30-34 years,30-34,252.0,96711.0,260.57
4207,Chlamydia,274.0,Nevada,2007.0,Male,35-39 years,35-39,135.0,102004.0,132.35
4208,Chlamydia,274.0,Nevada,2007.0,Male,40+ years,40+,153.0,554220.0,27.61
4209,Chlamydia,274.0,Nevada,2007.0,Male,Unknown,99,3.0,,
4210,Chlamydia,274.0,Nevada,2008.0,Male,0-14 years,0-14,14.0,287949.0,4.86
4211,Chlamydia,274.0,Nevada,2008.0,Male,15-19 years,15-19,587.0,85185.0,689.09
4212,Chlamydia,274.0,Nevada,2008.0,Male,20-24 years,20-24,843.0,80944.0,1041.46
4213,Chlamydia,274.0,Nevada,2008.0,Male,25-29 years,25-29,539.0,105090.0,512.89
4214,Chlamydia,274.0,Nevada,2008.0,Male,30-34 years,30-34,234.0,98636.0,237.24
4215,Chlamydia,274.0,Nevada,2008.0,Male,35-39 years,35-39,137.0,101711.0,134.69
4216,Chlamydia,274.0,Nevada,2008.0,Male,40+ years,40+,181.0,565075.0,32.03
4217,Chlamydia,274.0,Nevada,2008.0,Male,Unknown,99,4.0,,
4218,Chlamydia,274.0,Nevada,2009.0,Male,0-14 years,0-14,8.0,293983.0,2.72
4219,Chlamydia,274.0,Nevada,2009.0,Male,15-19 years,15-19,665.0,89318.0,744.53
4220,Chlamydia,274.0,Nevada,2009.0,Male,20-24 years,20-24,962.0,86024.0,1118.29
4221,Chlamydia,274.0,Nevada,2009.0,Male,25-29 years,25-29,590.0,106110.0,556.03
4222,Chlamydia,274.0,Nevada,2009.0,Male,30-34 years,30-34,330.0,100108.0,329.64
4223,Chlamydia,274.0,Nevada,2009.0,Male,35-39 years,35-39,176.0,99951.0,176.09
4224,Chlamydia,274.0,Nevada,2009.0,Male,40+ years,40+,199.0,570552.0,34.88
4225,Chlamydia,274.0,Nevada,2009.0,Male,Unknown,99,1.0,,
4226,Chlamydia,274.0,Nevada,2010.0,Male,0-14 years,0-14,19.0,283217.0,6.71
4227,Chlamydia,274.0,Nevada,2010.0,Male,15-19 years,15-19,632.0,94073.0,671.82
4228,Chlamydia,274.0,Nevada,2010.0,Male,20-24 years,20-24,940.0,91148.0,1031.29
4229,Chlamydia,274.0,Nevada,2010.0,Male,25-29 years,25-29,520.0,100301.0,518.44
4230,Chlamydia,274.0,Nevada,2010.0,Male,30-34 years,30-34,300.0,97802.0,306.74
4231,Chlamydia,274.0,Nevada,2010.0,Male,35-39 years,35-39,168.0,97965.0,171.49
4232,Chlamydia,274.0,Nevada,2010.0,Male,40+ years,40+,187.0,599110.0,31.21
4233,Chlamydia,274.0,Nevada,2010.0,Male,Unknown,99,2.0,,
4234,Chlamydia,274.0,Nevada,2011.0,Male,0-14 years,0-14,21.0,282998.0,7.42
4235,Chlamydia,274.0,Nevada,2011.0,Male,15-19 years,15-19,721.0,91525.0,787.76
4236,Chlamydia,274.0,Nevada,2011.0,Male,20-24 years,20-24,1184.0,94530.0,1252.51
4237,Chlamydia,274.0,Nevada,2011.0,Male,25-29 years,25-29,660.0,99953.0,660.31
4238,Chlamydia,274.0,Nevada,2011.0,Male,30-34 years,30-34,326.0,99354.0,328.12
4239,Chlamydia,274.0,Nevada,2011.0,Male,35-39 years,35-39,166.0,94209.0,176.2
4240,Chlamydia,274.0,Nevada,2011.0,Male,40+ years,40+,210.0,611989.0,34.31
4241,Chlamydia,274.0,Nevada,2011.0,Male,Unknown,99,2.0,,
4242,Chlamydia,274.0,Nevada,2012.0,Male,0-14 years,0-14,16.0,282085.0,5.67
4243,Chlamydia,274.0,Nevada,2012.0,Male,15-19 years,15-19,715.0,91864.0,778.32
4244,Chlamydia,274.0,Nevada,2012.0,Male,20-24 years,20-24,1213.0,96553.0,1256.3
4245,Chlamydia,274.0,Nevada,2012.0,Male,25-29 years,25-29,702.0,100762.0,696.69
4246,Chlamydia,274.0,Nevada,2012.0,Male,30-34 years,30-34,367.0,100540.0,365.03
4247,Chlamydia,274.0,Nevada,2012.0,Male,35-39 years,35-39,188.0,93849.0,200.32
4248,Chlamydia,274.0,Nevada,2012.0,Male,40+ years,40+,306.0,625554.0,48.92
4249,Chlamydia,274.0,Nevada,2012.0,Male,Unknown,99,1.0,,
4250,Chlamydia,274.0,Nevada,2013.0,Male,0-14 years,0-14,17.0,281531.0,6.04
4251,Chlamydia,274.0,Nevada,2013.0,Male,15-19 years,15-19,650.0,91316.0,711.81
4252,Chlamydia,274.0,Nevada,2013.0,Male,20-24 years,20-24,1141.0,96729.0,1179.58
4253,Chlamydia,274.0,Nevada,2013.0,Male,25-29 years,25-29,777.0,102072.0,761.23
4254,Chlamydia,274.0,Nevada,2013.0,Male,30-34 years,30-34,461.0,101905.0,452.38
4255,Chlamydia,274.0,Nevada,2013.0,Male,35-39 years,35-39,221.0,93537.0,236.27
4256,Chlamydia,274.0,Nevada,2013.0,Male,40+ years,40+,322.0,638344.0,50.44
4257,Chlamydia,274.0,Nevada,2013.0,Male,Unknown,99,1.0,,
4258,Chlamydia,274.0,Nevada,2014.0,Male,0-14 years,0-14,12.0,281531.0,4.26
4259,Chlamydia,274.0,Nevada,2014.0,Male,15-19 years,15-19,645.0,91316.0,706.34
4260,Chlamydia,274.0,Nevada,2014.0,Male,20-24 years,20-24,1312.0,96729.0,1356.37
4261,Chlamydia,274.0,Nevada,2014.0,Male,25-29 years,25-29,869.0,102072.0,851.36
4262,Chlamydia,274.0,Nevada,2014.0,Male,30-34 years,30-34,401.0,101905.0,393.5
4263,Chlamydia,274.0,Nevada,2014.0,Male,35-39 years,35-39,238.0,93537.0,254.44
4264,Chlamydia,274.0,Nevada,2014.0,Male,40+ years,40+,308.0,638344.0,48.25
4265,Chlamydia,274.0,Nevada,2014.0,Male,Unknown,99,1.0,,
4266,Chlamydia,274.0,New Hampshire,1996.0,Male,0-14 years,0-14,2.0,129201.0,1.55
4267,Chlamydia,274.0,New Hampshire,1996.0,Male,15-19 years,15-19,49.0,39291.0,124.71
4268,Chlamydia,274.0,New Hampshire,1996.0,Male,20-24 years,20-24,65.0,33198.0,195.79
4269,Chlamydia,274.0,New Hampshire,1996.0,Male,25-29 years,25-29,19.0,38919.0,48.82
4270,Chlamydia,274.0,New Hampshire,1996.0,Male,30-34 years,30-34,10.0,48726.0,20.52
4271,Chlamydia,274.0,New Hampshire,1996.0,Male,35-39 years,35-39,3.0,55653.0,5.39
4272,Chlamydia,274.0,New Hampshire,1996.0,Male,40+ years,40+,7.0,231487.0,3.02
4273,Chlamydia,274.0,New Hampshire,1997.0,Male,15-19 years,15-19,36.0,40821.0,88.19
4274,Chlamydia,274.0,New Hampshire,1997.0,Male,20-24 years,20-24,75.0,32556.0,230.37
4275,Chlamydia,274.0,New Hampshire,1997.0,Male,25-29 years,25-29,35.0,38795.0,90.22
4276,Chlamydia,274.0,New Hampshire,1997.0,Male,30-34 years,30-34,19.0,46710.0,40.68
4277,Chlamydia,274.0,New Hampshire,1997.0,Male,35-39 years,35-39,6.0,55834.0,10.75
4278,Chlamydia,274.0,New Hampshire,1997.0,Male,40+ years,40+,6.0,239559.0,2.5
4279,Chlamydia,274.0,New Hampshire,1998.0,Male,0-14 years,0-14,3.0,131263.0,2.29
4280,Chlamydia,274.0,New Hampshire,1998.0,Male,15-19 years,15-19,63.0,42332.0,148.82
4281,Chlamydia,274.0,New Hampshire,1998.0,Male,20-24 years,20-24,100.0,32825.0,304.65
4282,Chlamydia,274.0,New Hampshire,1998.0,Male,25-29 years,25-29,35.0,37769.0,92.67
4283,Chlamydia,274.0,New Hampshire,1998.0,Male,30-34 years,30-34,11.0,44892.0,24.5
4284,Chlamydia,274.0,New Hampshire,1998.0,Male,35-39 years,35-39,16.0,55284.0,28.94
4285,Chlamydia,274.0,New Hampshire,1998.0,Male,40+ years,40+,6.0,247724.0,2.42
4286,Chlamydia,274.0,New Hampshire,1999.0,Male,0-14 years,0-14,1.0,131605.0,0.76
4287,Chlamydia,274.0,New Hampshire,1999.0,Male,15-19 years,15-19,40.0,43266.0,92.45
4288,Chlamydia,274.0,New Hampshire,1999.0,Male,20-24 years,20-24,95.0,33638.0,282.42
4289,Chlamydia,274.0,New Hampshire,1999.0,Male,25-29 years,25-29,37.0,36481.0,101.42
4290,Chlamydia,274.0,New Hampshire,1999.0,Male,30-34 years,30-34,18.0,44068.0,40.85
4291,Chlamydia,274.0,New Hampshire,1999.0,Male,35-39 years,35-39,9.0,54727.0,16.45
4292,Chlamydia,274.0,New Hampshire,1999.0,Male,40+ years,40+,7.0,256820.0,2.73
4293,Chlamydia,274.0,New Hampshire,2000.0,Male,15-19 years,15-19,59.0,44222.0,133.42
4294,Chlamydia,274.0,New Hampshire,2000.0,Male,20-24 years,20-24,94.0,35116.0,267.68
4295,Chlamydia,274.0,New Hampshire,2000.0,Male,25-29 years,25-29,48.0,35040.0,136.99
4296,Chlamydia,274.0,New Hampshire,2000.0,Male,30-34 years,30-34,18.0,44123.0,40.8
4297,Chlamydia,274.0,New Hampshire,2000.0,Male,35-39 years,35-39,8.0,53791.0,14.87
4298,Chlamydia,274.0,New Hampshire,2000.0,Male,40+ years,40+,14.0,266169.0,5.26
4299,Chlamydia,274.0,New Hampshire,2001.0,Male,0-14 years,0-14,1.0,129974.0,0.77
4300,Chlamydia,274.0,New Hampshire,2001.0,Male,15-19 years,15-19,77.0,45183.0,170.42
4301,Chlamydia,274.0,New Hampshire,2001.0,Male,20-24 years,20-24,154.0,38009.0,405.17
4302,Chlamydia,274.0,New Hampshire,2001.0,Male,25-29 years,25-29,56.0,34050.0,164.46
4303,Chlamydia,274.0,New Hampshire,2001.0,Male,30-34 years,30-34,29.0,44538.0,65.11
4304,Chlamydia,274.0,New Hampshire,2001.0,Male,35-39 years,35-39,13.0,53347.0,24.37
4305,Chlamydia,274.0,New Hampshire,2001.0,Male,40+ years,40+,11.0,274641.0,4.01
4306,Chlamydia,274.0,New Hampshire,2002.0,Male,15-19 years,15-19,77.0,46084.0,167.09
4307,Chlamydia,274.0,New Hampshire,2002.0,Male,20-24 years,20-24,165.0,39906.0,413.47
4308,Chlamydia,274.0,New Hampshire,2002.0,Male,25-29 years,25-29,73.0,33502.0,217.9
4309,Chlamydia,274.0,New Hampshire,2002.0,Male,30-34 years,30-34,29.0,44375.0,65.35
4310,Chlamydia,274.0,New Hampshire,2002.0,Male,35-39 years,35-39,19.0,52374.0,36.28
4311,Chlamydia,274.0,New Hampshire,2002.0,Male,40+ years,40+,26.0,281910.0,9.22
4312,Chlamydia,274.0,New Hampshire,2003.0,Male,0-14 years,0-14,1.0,127980.0,0.78
4313,Chlamydia,274.0,New Hampshire,2003.0,Male,15-19 years,15-19,77.0,47302.0,162.78
4314,Chlamydia,274.0,New Hampshire,2003.0,Male,20-24 years,20-24,187.0,41721.0,448.22
4315,Chlamydia,274.0,New Hampshire,2003.0,Male,25-29 years,25-29,77.0,33261.0,231.5
4316,Chlamydia,274.0,New Hampshire,2003.0,Male,30-34 years,30-34,26.0,41596.0,62.51
4317,Chlamydia,274.0,New Hampshire,2003.0,Male,35-39 years,35-39,24.0,50586.0,47.44
4318,Chlamydia,274.0,New Hampshire,2003.0,Male,40+ years,40+,28.0,292030.0,9.59
4319,Chlamydia,274.0,New Hampshire,2004.0,Male,0-14 years,0-14,4.0,127052.0,3.15
4320,Chlamydia,274.0,New Hampshire,2004.0,Male,15-19 years,15-19,76.0,48251.0,157.51
4321,Chlamydia,274.0,New Hampshire,2004.0,Male,20-24 years,20-24,215.0,42782.0,502.55
4322,Chlamydia,274.0,New Hampshire,2004.0,Male,25-29 years,25-29,89.0,34395.0,258.76
4323,Chlamydia,274.0,New Hampshire,2004.0,Male,30-34 years,30-34,44.0,40160.0,109.56
4324,Chlamydia,274.0,New Hampshire,2004.0,Male,35-39 years,35-39,21.0,49158.0,42.72
4325,Chlamydia,274.0,New Hampshire,2004.0,Male,40+ years,40+,22.0,299142.0,7.35
4326,Chlamydia,274.0,New Hampshire,2005.0,Male,0-14 years,0-14,2.0,125454.0,1.59
4327,Chlamydia,274.0,New Hampshire,2005.0,Male,15-19 years,15-19,91.0,49088.0,185.38
4328,Chlamydia,274.0,New Hampshire,2005.0,Male,20-24 years,20-24,228.0,43561.0,523.4
4329,Chlamydia,274.0,New Hampshire,2005.0,Male,25-29 years,25-29,100.0,35982.0,277.92
4330,Chlamydia,274.0,New Hampshire,2005.0,Male,30-34 years,30-34,36.0,38277.0,94.05
4331,Chlamydia,274.0,New Hampshire,2005.0,Male,35-39 years,35-39,14.0,47864.0,29.25
4332,Chlamydia,274.0,New Hampshire,2005.0,Male,40+ years,40+,28.0,305485.0,9.17
4333,Chlamydia,274.0,New Hampshire,2006.0,Male,0-14 years,0-14,1.0,122499.0,0.82
4334,Chlamydia,274.0,New Hampshire,2006.0,Male,15-19 years,15-19,77.0,47525.0,162.02
4335,Chlamydia,274.0,New Hampshire,2006.0,Male,20-24 years,20-24,236.0,43347.0,544.44
4336,Chlamydia,274.0,New Hampshire,2006.0,Male,25-29 years,25-29,111.0,39101.0,283.88
4337,Chlamydia,274.0,New Hampshire,2006.0,Male,30-34 years,30-34,48.0,39006.0,123.06
4338,Chlamydia,274.0,New Hampshire,2006.0,Male,35-39 years,35-39,17.0,47486.0,35.8
4339,Chlamydia,274.0,New Hampshire,2006.0,Male,40+ years,40+,23.0,309604.0,7.43
4340,Chlamydia,274.0,New Hampshire,2007.0,Male,15-19 years,15-19,93.0,47658.0,195.14
4341,Chlamydia,274.0,New Hampshire,2007.0,Male,20-24 years,20-24,225.0,42196.0,533.23
4342,Chlamydia,274.0,New Hampshire,2007.0,Male,25-29 years,25-29,112.0,38602.0,290.14
4343,Chlamydia,274.0,New Hampshire,2007.0,Male,30-34 years,30-34,51.0,37539.0,135.86
4344,Chlamydia,274.0,New Hampshire,2007.0,Male,35-39 years,35-39,20.0,46428.0,43.08
4345,Chlamydia,274.0,New Hampshire,2007.0,Male,40+ years,40+,21.0,313779.0,6.69
4346,Chlamydia,274.0,New Hampshire,2008.0,Male,0-14 years,0-14,1.0,121377.0,0.82
4347,Chlamydia,274.0,New Hampshire,2008.0,Male,15-19 years,15-19,96.0,47055.0,204.02
4348,Chlamydia,274.0,New Hampshire,2008.0,Male,20-24 years,20-24,234.0,42067.0,556.25
4349,Chlamydia,274.0,New Hampshire,2008.0,Male,25-29 years,25-29,137.0,39229.0,349.23
4350,Chlamydia,274.0,New Hampshire,2008.0,Male,30-34 years,30-34,36.0,36676.0,98.16
4351,Chlamydia,274.0,New Hampshire,2008.0,Male,35-39 years,35-39,27.0,44881.0,60.16
4352,Chlamydia,274.0,New Hampshire,2008.0,Male,40+ years,40+,28.0,317802.0,8.81
4353,Chlamydia,274.0,New Hampshire,2008.0,Male,Unknown,99,2.0,,
4354,Chlamydia,274.0,New Hampshire,2009.0,Male,0-14 years,0-14,1.0,119918.0,0.83
4355,Chlamydia,274.0,New Hampshire,2009.0,Male,15-19 years,15-19,74.0,48238.0,153.41
4356,Chlamydia,274.0,New Hampshire,2009.0,Male,20-24 years,20-24,253.0,45309.0,558.39
4357,Chlamydia,274.0,New Hampshire,2009.0,Male,25-29 years,25-29,131.0,39515.0,331.52
4358,Chlamydia,274.0,New Hampshire,2009.0,Male,30-34 years,30-34,52.0,35909.0,144.81
4359,Chlamydia,274.0,New Hampshire,2009.0,Male,35-39 years,35-39,24.0,42447.0,56.54
4360,Chlamydia,274.0,New Hampshire,2009.0,Male,40+ years,40+,25.0,321612.0,7.77
4361,Chlamydia,274.0,New Hampshire,2010.0,Male,0-14 years,0-14,1.0,118724.0,0.84
4362,Chlamydia,274.0,New Hampshire,2010.0,Male,15-19 years,15-19,125.0,47768.0,261.68
4363,Chlamydia,274.0,New Hampshire,2010.0,Male,20-24 years,20-24,277.0,43098.0,642.72
4364,Chlamydia,274.0,New Hampshire,2010.0,Male,25-29 years,25-29,138.0,36938.0,373.6
4365,Chlamydia,274.0,New Hampshire,2010.0,Male,30-34 years,30-34,57.0,35301.0,161.47
4366,Chlamydia,274.0,New Hampshire,2010.0,Male,35-39 years,35-39,23.0,40556.0,56.71
4367,Chlamydia,274.0,New Hampshire,2010.0,Male,40+ years,40+,32.0,327009.0,9.79
4368,Chlamydia,274.0,New Hampshire,2010.0,Male,Unknown,99,1.0,,
4369,Chlamydia,274.0,New Hampshire,2011.0,Male,0-14 years,0-14,4.0,115683.0,3.46
4370,Chlamydia,274.0,New Hampshire,2011.0,Male,15-19 years,15-19,163.0,47378.0,344.04
4371,Chlamydia,274.0,New Hampshire,2011.0,Male,20-24 years,20-24,379.0,43731.0,866.66
4372,Chlamydia,274.0,New Hampshire,2011.0,Male,25-29 years,25-29,154.0,37891.0,406.43
4373,Chlamydia,274.0,New Hampshire,2011.0,Male,30-34 years,30-34,59.0,36128.0,163.31
4374,Chlamydia,274.0,New Hampshire,2011.0,Male,35-39 years,35-39,30.0,38006.0,78.93
4375,Chlamydia,274.0,New Hampshire,2011.0,Male,40+ years,40+,37.0,332036.0,11.14
4376,Chlamydia,274.0,New Hampshire,2012.0,Male,0-14 years,0-14,2.0,113390.0,1.76
4377,Chlamydia,274.0,New Hampshire,2012.0,Male,15-19 years,15-19,156.0,47088.0,331.3
4378,Chlamydia,274.0,New Hampshire,2012.0,Male,20-24 years,20-24,422.0,44016.0,958.74
4379,Chlamydia,274.0,New Hampshire,2012.0,Male,25-29 years,25-29,183.0,38657.0,473.39
4380,Chlamydia,274.0,New Hampshire,2012.0,Male,30-34 years,30-34,80.0,36907.0,216.76
4381,Chlamydia,274.0,New Hampshire,2012.0,Male,35-39 years,35-39,43.0,36565.0,117.6
4382,Chlamydia,274.0,New Hampshire,2012.0,Male,40+ years,40+,36.0,335614.0,10.73
4383,Chlamydia,274.0,New Hampshire,2013.0,Male,15-19 years,15-19,132.0,46139.0,286.09
4384,Chlamydia,274.0,New Hampshire,2013.0,Male,20-24 years,20-24,444.0,45047.0,985.64
4385,Chlamydia,274.0,New Hampshire,2013.0,Male,25-29 years,25-29,188.0,39264.0,478.81
4386,Chlamydia,274.0,New Hampshire,2013.0,Male,30-34 years,30-34,83.0,37758.0,219.82
4387,Chlamydia,274.0,New Hampshire,2013.0,Male,35-39 years,35-39,26.0,35771.0,72.68
4388,Chlamydia,274.0,New Hampshire,2013.0,Male,40+ years,40+,59.0,337909.0,17.46
4389,Chlamydia,274.0,New Hampshire,2014.0,Male,0-14 years,0-14,3.0,111825.0,2.68
4390,Chlamydia,274.0,New Hampshire,2014.0,Male,15-19 years,15-19,130.0,46139.0,281.76
4391,Chlamydia,274.0,New Hampshire,2014.0,Male,20-24 years,20-24,488.0,45047.0,1083.31
4392,Chlamydia,274.0,New Hampshire,2014.0,Male,25-29 years,25-29,247.0,39264.0,629.08
4393,Chlamydia,274.0,New Hampshire,2014.0,Male,30-34 years,30-34,121.0,37758.0,320.46
4394,Chlamydia,274.0,New Hampshire,2014.0,Male,35-39 years,35-39,53.0,35771.0,148.16
4395,Chlamydia,274.0,New Hampshire,2014.0,Male,40+ years,40+,88.0,337909.0,26.04
4396,Chlamydia,274.0,New Jersey,1996.0,Male,0-14 years,0-14,31.0,870743.0,3.56
4397,Chlamydia,274.0,New Jersey,1996.0,Male,15-19 years,15-19,238.0,261599.0,90.98
4398,Chlamydia,274.0,New Jersey,1996.0,Male,20-24 years,20-24,271.0,242227.0,111.88
4399,Chlamydia,274.0,New Jersey,1996.0,Male,25-29 years,25-29,144.0,282318.0,51.01
4400,Chlamydia,274.0,New Jersey,1996.0,Male,30-34 years,30-34,68.0,350436.0,19.4
4401,Chlamydia,274.0,New Jersey,1996.0,Male,35-39 years,35-39,21.0,358164.0,5.86
4402,Chlamydia,274.0,New Jersey,1996.0,Male,40+ years,40+,29.0,1582775.0,1.83
4403,Chlamydia,274.0,New Jersey,1997.0,Male,0-14 years,0-14,19.0,874717.0,2.17
4404,Chlamydia,274.0,New Jersey,1997.0,Male,15-19 years,15-19,163.0,264428.0,61.64
4405,Chlamydia,274.0,New Jersey,1997.0,Male,20-24 years,20-24,206.0,241636.0,85.25
4406,Chlamydia,274.0,New Jersey,1997.0,Male,25-29 years,25-29,106.0,278306.0,38.09
4407,Chlamydia,274.0,New Jersey,1997.0,Male,30-34 years,30-34,81.0,344012.0,23.55
4408,Chlamydia,274.0,New Jersey,1997.0,Male,35-39 years,35-39,26.0,362091.0,7.18
4409,Chlamydia,274.0,New Jersey,1997.0,Male,40+ years,40+,36.0,1617950.0,2.23
4410,Chlamydia,274.0,New Jersey,1997.0,Male,Unknown,99,52.0,,
4411,Chlamydia,274.0,New Jersey,1998.0,Male,0-14 years,0-14,29.0,880750.0,3.29
4412,Chlamydia,274.0,New Jersey,1998.0,Male,15-19 years,15-19,243.0,267577.0,90.81
4413,Chlamydia,274.0,New Jersey,1998.0,Male,20-24 years,20-24,309.0,241812.0,127.78
4414,Chlamydia,274.0,New Jersey,1998.0,Male,25-29 years,25-29,150.0,276266.0,54.3
4415,Chlamydia,274.0,New Jersey,1998.0,Male,30-34 years,30-34,95.0,335211.0,28.34
4416,Chlamydia,274.0,New Jersey,1998.0,Male,35-39 years,35-39,48.0,363391.0,13.21
4417,Chlamydia,274.0,New Jersey,1998.0,Male,40+ years,40+,48.0,1653243.0,2.9
4418,Chlamydia,274.0,New Jersey,1998.0,Male,Unknown,99,22.0,,
4419,Chlamydia,274.0,New Jersey,1999.0,Male,0-14 years,0-14,30.0,891653.0,3.36
4420,Chlamydia,274.0,New Jersey,1999.0,Male,15-19 years,15-19,342.0,269267.0,127.01
4421,Chlamydia,274.0,New Jersey,1999.0,Male,20-24 years,20-24,391.0,243493.0,160.58
4422,Chlamydia,274.0,New Jersey,1999.0,Male,25-29 years,25-29,231.0,274458.0,84.17
4423,Chlamydia,274.0,New Jersey,1999.0,Male,30-34 years,30-34,114.0,325341.0,35.04
4424,Chlamydia,274.0,New Jersey,1999.0,Male,35-39 years,35-39,65.0,362946.0,17.91
4425,Chlamydia,274.0,New Jersey,1999.0,Male,40+ years,40+,67.0,1688163.0,3.97
4426,Chlamydia,274.0,New Jersey,1999.0,Male,Unknown,99,41.0,,
4427,Chlamydia,274.0,New Jersey,2000.0,Male,0-14 years,0-14,43.0,903971.0,4.76
4428,Chlamydia,274.0,New Jersey,2000.0,Male,15-19 years,15-19,407.0,273583.0,148.77
4429,Chlamydia,274.0,New Jersey,2000.0,Male,20-24 years,20-24,420.0,244381.0,171.86
4430,Chlamydia,274.0,New Jersey,2000.0,Male,25-29 years,25-29,203.0,269655.0,75.28
4431,Chlamydia,274.0,New Jersey,2000.0,Male,30-34 years,30-34,104.0,318387.0,32.66
4432,Chlamydia,274.0,New Jersey,2000.0,Male,35-39 years,35-39,41.0,359431.0,11.41
4433,Chlamydia,274.0,New Jersey,2000.0,Male,40+ years,40+,48.0,1723356.0,2.79
4434,Chlamydia,274.0,New Jersey,2000.0,Male,Unknown,99,13.0,,
4435,Chlamydia,274.0,New Jersey,2001.0,Male,0-14 years,0-14,38.0,906758.0,4.19
4436,Chlamydia,274.0,New Jersey,2001.0,Male,15-19 years,15-19,525.0,282297.0,185.97
4437,Chlamydia,274.0,New Jersey,2001.0,Male,20-24 years,20-24,608.0,244899.0,248.27
4438,Chlamydia,274.0,New Jersey,2001.0,Male,25-29 years,25-29,317.0,261887.0,121.05
4439,Chlamydia,274.0,New Jersey,2001.0,Male,30-34 years,30-34,187.0,315917.0,59.19
4440,Chlamydia,274.0,New Jersey,2001.0,Male,35-39 years,35-39,102.0,357935.0,28.5
4441,Chlamydia,274.0,New Jersey,2001.0,Male,40+ years,40+,129.0,1763427.0,7.32
4442,Chlamydia,274.0,New Jersey,2001.0,Male,Unknown,99,42.0,,
4443,Chlamydia,274.0,New Jersey,2002.0,Male,0-14 years,0-14,34.0,911710.0,3.73
4444,Chlamydia,274.0,New Jersey,2002.0,Male,15-19 years,15-19,596.0,287607.0,207.23
4445,Chlamydia,274.0,New Jersey,2002.0,Male,20-24 years,20-24,613.0,244649.0,250.56
4446,Chlamydia,274.0,New Jersey,2002.0,Male,25-29 years,25-29,328.0,254769.0,128.74
4447,Chlamydia,274.0,New Jersey,2002.0,Male,30-34 years,30-34,153.0,312626.0,48.94
4448,Chlamydia,274.0,New Jersey,2002.0,Male,35-39 years,35-39,97.0,352593.0,27.51
4449,Chlamydia,274.0,New Jersey,2002.0,Male,40+ years,40+,110.0,1809973.0,6.08
4450,Chlamydia,274.0,New Jersey,2002.0,Male,Unknown,99,31.0,,
4451,Chlamydia,274.0,New Jersey,2003.0,Male,0-14 years,0-14,34.0,909837.0,3.74
4452,Chlamydia,274.0,New Jersey,2003.0,Male,15-19 years,15-19,598.0,293461.0,203.78
4453,Chlamydia,274.0,New Jersey,2003.0,Male,20-24 years,20-24,805.0,260058.0,309.55
4454,Chlamydia,274.0,New Jersey,2003.0,Male,25-29 years,25-29,394.0,255688.0,154.09
4455,Chlamydia,274.0,New Jersey,2003.0,Male,30-34 years,30-34,208.0,305586.0,68.07
4456,Chlamydia,274.0,New Jersey,2003.0,Male,35-39 years,35-39,118.0,343980.0,34.3
4457,Chlamydia,274.0,New Jersey,2003.0,Male,40+ years,40+,128.0,1835002.0,6.98
4458,Chlamydia,274.0,New Jersey,2003.0,Male,Unknown,99,47.0,,
4459,Chlamydia,274.0,New Jersey,2004.0,Male,0-14 years,0-14,27.0,916410.0,2.95
4460,Chlamydia,274.0,New Jersey,2004.0,Male,15-19 years,15-19,773.0,301084.0,256.74
4461,Chlamydia,274.0,New Jersey,2004.0,Male,20-24 years,20-24,1013.0,267042.0,379.34
4462,Chlamydia,274.0,New Jersey,2004.0,Male,25-29 years,25-29,490.0,254862.0,192.26
4463,Chlamydia,274.0,New Jersey,2004.0,Male,30-34 years,30-34,284.0,297477.0,95.47
4464,Chlamydia,274.0,New Jersey,2004.0,Male,35-39 years,35-39,125.0,335439.0,37.26
4465,Chlamydia,274.0,New Jersey,2004.0,Male,40+ years,40+,148.0,1863539.0,7.94
4466,Chlamydia,274.0,New Jersey,2004.0,Male,Unknown,99,85.0,,
4467,Chlamydia,274.0,New Jersey,2005.0,Male,0-14 years,0-14,30.0,912706.0,3.29
4468,Chlamydia,274.0,New Jersey,2005.0,Male,15-19 years,15-19,866.0,308623.0,280.6
4469,Chlamydia,274.0,New Jersey,2005.0,Male,20-24 years,20-24,1132.0,272301.0,415.72
4470,Chlamydia,274.0,New Jersey,2005.0,Male,25-29 years,25-29,580.0,253343.0,228.94
4471,Chlamydia,274.0,New Jersey,2005.0,Male,30-34 years,30-34,294.0,286207.0,102.72
4472,Chlamydia,274.0,New Jersey,2005.0,Male,35-39 years,35-39,157.0,328240.0,47.83
4473,Chlamydia,274.0,New Jersey,2005.0,Male,40+ years,40+,205.0,1887477.0,10.86
4474,Chlamydia,274.0,New Jersey,2005.0,Male,Unknown,99,59.0,,
4475,Chlamydia,274.0,New Jersey,2006.0,Male,0-14 years,0-14,34.0,877536.0,3.87
4476,Chlamydia,274.0,New Jersey,2006.0,Male,15-19 years,15-19,959.0,305564.0,313.85
4477,Chlamydia,274.0,New Jersey,2006.0,Male,20-24 years,20-24,1178.0,280459.0,420.03
4478,Chlamydia,274.0,New Jersey,2006.0,Male,25-29 years,25-29,664.0,262823.0,252.64
4479,Chlamydia,274.0,New Jersey,2006.0,Male,30-34 years,30-34,285.0,288107.0,98.92
4480,Chlamydia,274.0,New Jersey,2006.0,Male,35-39 years,35-39,201.0,328971.0,61.1
4481,Chlamydia,274.0,New Jersey,2006.0,Male,40+ years,40+,228.0,1918831.0,11.88
4482,Chlamydia,274.0,New Jersey,2006.0,Male,Unknown,99,57.0,,
4483,Chlamydia,274.0,New Jersey,2007.0,Male,0-14 years,0-14,35.0,868043.0,4.03
4484,Chlamydia,274.0,New Jersey,2007.0,Male,15-19 years,15-19,1052.0,305734.0,344.09
4485,Chlamydia,274.0,New Jersey,2007.0,Male,20-24 years,20-24,1434.0,277403.0,516.94
4486,Chlamydia,274.0,New Jersey,2007.0,Male,25-29 years,25-29,737.0,264987.0,278.13
4487,Chlamydia,274.0,New Jersey,2007.0,Male,30-34 years,30-34,381.0,280055.0,136.04
4488,Chlamydia,274.0,New Jersey,2007.0,Male,35-39 years,35-39,222.0,321895.0,68.97
4489,Chlamydia,274.0,New Jersey,2007.0,Male,40+ years,40+,255.0,1930749.0,13.21
4490,Chlamydia,274.0,New Jersey,2007.0,Male,Unknown,99,53.0,,
4491,Chlamydia,274.0,New Jersey,2008.0,Male,0-14 years,0-14,36.0,864059.0,4.17
4492,Chlamydia,274.0,New Jersey,2008.0,Male,15-19 years,15-19,1218.0,303978.0,400.69
4493,Chlamydia,274.0,New Jersey,2008.0,Male,20-24 years,20-24,1508.0,276388.0,545.61
4494,Chlamydia,274.0,New Jersey,2008.0,Male,25-29 years,25-29,808.0,269372.0,299.96
4495,Chlamydia,274.0,New Jersey,2008.0,Male,30-34 years,30-34,316.0,275989.0,114.5
4496,Chlamydia,274.0,New Jersey,2008.0,Male,35-39 years,35-39,218.0,313818.0,69.47
4497,Chlamydia,274.0,New Jersey,2008.0,Male,40+ years,40+,255.0,1948178.0,13.09
4498,Chlamydia,274.0,New Jersey,2008.0,Male,Unknown,99,31.0,,
4499,Chlamydia,274.0,New Jersey,2009.0,Male,0-14 years,0-14,29.0,864940.0,3.35
4500,Chlamydia,274.0,New Jersey,2009.0,Male,15-19 years,15-19,1365.0,298109.0,457.89
4501,Chlamydia,274.0,New Jersey,2009.0,Male,20-24 years,20-24,1880.0,271983.0,691.22
4502,Chlamydia,274.0,New Jersey,2009.0,Male,25-29 years,25-29,950.0,286769.0,331.28
4503,Chlamydia,274.0,New Jersey,2009.0,Male,30-34 years,30-34,411.0,283292.0,145.08
4504,Chlamydia,274.0,New Jersey,2009.0,Male,35-39 years,35-39,231.0,300902.0,76.77
4505,Chlamydia,274.0,New Jersey,2009.0,Male,40+ years,40+,278.0,1962349.0,14.17
4506,Chlamydia,274.0,New Jersey,2009.0,Male,Unknown,99,56.0,,
4507,Chlamydia,274.0,New Jersey,2010.0,Male,0-14 years,0-14,49.0,865206.0,5.66
4508,Chlamydia,274.0,New Jersey,2010.0,Male,15-19 years,15-19,1539.0,309344.0,497.5
4509,Chlamydia,274.0,New Jersey,2010.0,Male,20-24 years,20-24,2169.0,279430.0,776.22
4510,Chlamydia,274.0,New Jersey,2010.0,Male,25-29 years,25-29,1085.0,277775.0,390.6
4511,Chlamydia,274.0,New Jersey,2010.0,Male,30-34 years,30-34,438.0,275366.0,159.06
4512,Chlamydia,274.0,New Jersey,2010.0,Male,35-39 years,35-39,240.0,289398.0,82.93
4513,Chlamydia,274.0,New Jersey,2010.0,Male,40+ years,40+,314.0,1983081.0,15.83
4514,Chlamydia,274.0,New Jersey,2010.0,Male,Unknown,99,40.0,,
4515,Chlamydia,274.0,New Jersey,2011.0,Male,0-14 years,0-14,40.0,858082.0,4.66
4516,Chlamydia,274.0,New Jersey,2011.0,Male,15-19 years,15-19,1601.0,305437.0,524.17
4517,Chlamydia,274.0,New Jersey,2011.0,Male,20-24 years,20-24,2348.0,282734.0,830.46
4518,Chlamydia,274.0,New Jersey,2011.0,Male,25-29 years,25-29,1123.0,282229.0,397.9
4519,Chlamydia,274.0,New Jersey,2011.0,Male,30-34 years,30-34,496.0,280355.0,176.92
4520,Chlamydia,274.0,New Jersey,2011.0,Male,35-39 years,35-39,245.0,280292.0,87.41
4521,Chlamydia,274.0,New Jersey,2011.0,Male,40+ years,40+,356.0,2011063.0,17.7
4522,Chlamydia,274.0,New Jersey,2011.0,Male,Unknown,99,22.0,,
4523,Chlamydia,274.0,New Jersey,2012.0,Male,0-14 years,0-14,38.0,851840.0,4.46
4524,Chlamydia,274.0,New Jersey,2012.0,Male,15-19 years,15-19,1198.0,303503.0,394.72
4525,Chlamydia,274.0,New Jersey,2012.0,Male,20-24 years,20-24,2368.0,287345.0,824.1
4526,Chlamydia,274.0,New Jersey,2012.0,Male,25-29 years,25-29,1254.0,285420.0,439.35
4527,Chlamydia,274.0,New Jersey,2012.0,Male,30-34 years,30-34,570.0,284221.0,200.55
4528,Chlamydia,274.0,New Jersey,2012.0,Male,35-39 years,35-39,244.0,278267.0,87.69
4529,Chlamydia,274.0,New Jersey,2012.0,Male,40+ years,40+,421.0,2033089.0,20.71
4530,Chlamydia,274.0,New Jersey,2012.0,Male,Unknown,99,865.0,,
4531,Chlamydia,274.0,New Jersey,2013.0,Male,0-14 years,0-14,32.0,851654.0,3.76
4532,Chlamydia,274.0,New Jersey,2013.0,Male,15-19 years,15-19,1384.0,298956.0,462.94
4533,Chlamydia,274.0,New Jersey,2013.0,Male,20-24 years,20-24,2903.0,292001.0,994.17
4534,Chlamydia,274.0,New Jersey,2013.0,Male,25-29 years,25-29,1572.0,287957.0,545.91
4535,Chlamydia,274.0,New Jersey,2013.0,Male,30-34 years,30-34,705.0,286864.0,245.76
4536,Chlamydia,274.0,New Jersey,2013.0,Male,35-39 years,35-39,356.0,278509.0,127.82
4537,Chlamydia,274.0,New Jersey,2013.0,Male,40+ years,40+,462.0,2048024.0,22.56
4538,Chlamydia,274.0,New Jersey,2013.0,Male,Unknown,99,62.0,,
4539,Chlamydia,274.0,New Jersey,2014.0,Male,0-14 years,0-14,22.0,851654.0,2.58
4540,Chlamydia,274.0,New Jersey,2014.0,Male,15-19 years,15-19,1334.0,298956.0,446.22
4541,Chlamydia,274.0,New Jersey,2014.0,Male,20-24 years,20-24,3130.0,292001.0,1071.91
4542,Chlamydia,274.0,New Jersey,2014.0,Male,25-29 years,25-29,1874.0,287957.0,650.79
4543,Chlamydia,274.0,New Jersey,2014.0,Male,30-34 years,30-34,858.0,286864.0,299.1
4544,Chlamydia,274.0,New Jersey,2014.0,Male,35-39 years,35-39,417.0,278509.0,149.73
4545,Chlamydia,274.0,New Jersey,2014.0,Male,40+ years,40+,611.0,2048024.0,29.83
4546,Chlamydia,274.0,New Jersey,2014.0,Male,Unknown,99,26.0,,
4547,Chlamydia,274.0,New Mexico,1996.0,Male,0-14 years,0-14,2.0,214751.0,0.93
4548,Chlamydia,274.0,New Mexico,1996.0,Male,15-19 years,15-19,179.0,71270.0,251.16
4549,Chlamydia,274.0,New Mexico,1996.0,Male,20-24 years,20-24,224.0,59663.0,375.44
4550,Chlamydia,274.0,New Mexico,1996.0,Male,25-29 years,25-29,101.0,56031.0,180.26
4551,Chlamydia,274.0,New Mexico,1996.0,Male,30-34 years,30-34,62.0,67744.0,91.52
4552,Chlamydia,274.0,New Mexico,1996.0,Male,35-39 years,35-39,23.0,72450.0,31.75
4553,Chlamydia,274.0,New Mexico,1996.0,Male,40+ years,40+,27.0,321257.0,8.4
4554,Chlamydia,274.0,New Mexico,1997.0,Male,0-14 years,0-14,6.0,216497.0,2.77
4555,Chlamydia,274.0,New Mexico,1997.0,Male,15-19 years,15-19,134.0,73101.0,183.31
4556,Chlamydia,274.0,New Mexico,1997.0,Male,20-24 years,20-24,221.0,59985.0,368.43
4557,Chlamydia,274.0,New Mexico,1997.0,Male,25-29 years,25-29,98.0,56040.0,174.88
4558,Chlamydia,274.0,New Mexico,1997.0,Male,30-34 years,30-34,51.0,64695.0,78.83
4559,Chlamydia,274.0,New Mexico,1997.0,Male,35-39 years,35-39,31.0,72197.0,42.94
4560,Chlamydia,274.0,New Mexico,1997.0,Male,40+ years,40+,27.0,331291.0,8.15
4561,Chlamydia,274.0,New Mexico,1998.0,Male,0-14 years,0-14,6.0,215264.0,2.79
4562,Chlamydia,274.0,New Mexico,1998.0,Male,15-19 years,15-19,204.0,74547.0,273.65
4563,Chlamydia,274.0,New Mexico,1998.0,Male,20-24 years,20-24,222.0,60279.0,368.29
4564,Chlamydia,274.0,New Mexico,1998.0,Male,25-29 years,25-29,83.0,56765.0,146.22
4565,Chlamydia,274.0,New Mexico,1998.0,Male,30-34 years,30-34,48.0,62063.0,77.34
4566,Chlamydia,274.0,New Mexico,1998.0,Male,35-39 years,35-39,23.0,71882.0,32.0
4567,Chlamydia,274.0,New Mexico,1998.0,Male,40+ years,40+,22.0,341921.0,6.43
4568,Chlamydia,274.0,New Mexico,1998.0,Male,Unknown,99,4.0,,
4569,Chlamydia,274.0,New Mexico,1999.0,Male,0-14 years,0-14,16.0,214430.0,7.46
4570,Chlamydia,274.0,New Mexico,1999.0,Male,15-19 years,15-19,279.0,74889.0,372.55
4571,Chlamydia,274.0,New Mexico,1999.0,Male,20-24 years,20-24,302.0,60797.0,496.74
4572,Chlamydia,274.0,New Mexico,1999.0,Male,25-29 years,25-29,117.0,57285.0,204.24
4573,Chlamydia,274.0,New Mexico,1999.0,Male,30-34 years,30-34,55.0,59891.0,91.83
4574,Chlamydia,274.0,New Mexico,1999.0,Male,35-39 years,35-39,34.0,70875.0,47.97
4575,Chlamydia,274.0,New Mexico,1999.0,Male,40+ years,40+,36.0,351254.0,10.25
4576,Chlamydia,274.0,New Mexico,2000.0,Male,0-14 years,0-14,20.0,210376.0,9.51
4577,Chlamydia,274.0,New Mexico,2000.0,Male,15-19 years,15-19,337.0,74763.0,450.76
4578,Chlamydia,274.0,New Mexico,2000.0,Male,20-24 years,20-24,351.0,62192.0,564.38
4579,Chlamydia,274.0,New Mexico,2000.0,Male,25-29 years,25-29,145.0,57547.0,251.97
4580,Chlamydia,274.0,New Mexico,2000.0,Male,30-34 years,30-34,61.0,59416.0,102.67
4581,Chlamydia,274.0,New Mexico,2000.0,Male,35-39 years,35-39,45.0,69082.0,65.14
4582,Chlamydia,274.0,New Mexico,2000.0,Male,40+ years,40+,31.0,362242.0,8.56
4583,Chlamydia,274.0,New Mexico,2000.0,Male,Unknown,99,11.0,,
4584,Chlamydia,274.0,New Mexico,2001.0,Male,0-14 years,0-14,14.0,209709.0,6.68
4585,Chlamydia,274.0,New Mexico,2001.0,Male,15-19 years,15-19,353.0,75459.0,467.8
4586,Chlamydia,274.0,New Mexico,2001.0,Male,20-24 years,20-24,457.0,64175.0,712.12
4587,Chlamydia,274.0,New Mexico,2001.0,Male,25-29 years,25-29,215.0,56312.0,381.8
4588,Chlamydia,274.0,New Mexico,2001.0,Male,30-34 years,30-34,91.0,59066.0,154.06
4589,Chlamydia,274.0,New Mexico,2001.0,Male,35-39 years,35-39,61.0,66391.0,91.88
4590,Chlamydia,274.0,New Mexico,2001.0,Male,40+ years,40+,38.0,368986.0,10.3
4591,Chlamydia,274.0,New Mexico,2001.0,Male,Unknown,99,8.0,,
4592,Chlamydia,274.0,New Mexico,2002.0,Male,0-14 years,0-14,12.0,208997.0,5.74
4593,Chlamydia,274.0,New Mexico,2002.0,Male,15-19 years,15-19,410.0,76356.0,536.96
4594,Chlamydia,274.0,New Mexico,2002.0,Male,20-24 years,20-24,557.0,67182.0,829.09
4595,Chlamydia,274.0,New Mexico,2002.0,Male,25-29 years,25-29,246.0,56796.0,433.13
4596,Chlamydia,274.0,New Mexico,2002.0,Male,30-34 years,30-34,104.0,59596.0,174.51
4597,Chlamydia,274.0,New Mexico,2002.0,Male,35-39 years,35-39,59.0,64222.0,91.87
4598,Chlamydia,274.0,New Mexico,2002.0,Male,40+ years,40+,58.0,379010.0,15.3
4599,Chlamydia,274.0,New Mexico,2002.0,Male,Unknown,99,18.0,,
4600,Chlamydia,274.0,New Mexico,2003.0,Male,0-14 years,0-14,4.0,209727.0,1.91
4601,Chlamydia,274.0,New Mexico,2003.0,Male,15-19 years,15-19,351.0,76312.0,459.95
4602,Chlamydia,274.0,New Mexico,2003.0,Male,20-24 years,20-24,635.0,71113.0,892.95
4603,Chlamydia,274.0,New Mexico,2003.0,Male,25-29 years,25-29,228.0,57569.0,396.05
4604,Chlamydia,274.0,New Mexico,2003.0,Male,30-34 years,30-34,104.0,58340.0,178.26
4605,Chlamydia,274.0,New Mexico,2003.0,Male,35-39 years,35-39,72.0,60898.0,118.23
4606,Chlamydia,274.0,New Mexico,2003.0,Male,40+ years,40+,71.0,388496.0,18.28
4607,Chlamydia,274.0,New Mexico,2003.0,Male,Unknown,99,20.0,,
4608,Chlamydia,274.0,New Mexico,2004.0,Male,0-14 years,0-14,4.0,205277.0,1.95
4609,Chlamydia,274.0,New Mexico,2004.0,Male,15-19 years,15-19,480.0,75993.0,631.64
4610,Chlamydia,274.0,New Mexico,2004.0,Male,20-24 years,20-24,891.0,74964.0,1188.57
4611,Chlamydia,274.0,New Mexico,2004.0,Male,25-29 years,25-29,385.0,59849.0,643.29
4612,Chlamydia,274.0,New Mexico,2004.0,Male,30-34 years,30-34,180.0,58689.0,306.7
4613,Chlamydia,274.0,New Mexico,2004.0,Male,35-39 years,35-39,93.0,60166.0,154.57
4614,Chlamydia,274.0,New Mexico,2004.0,Male,40+ years,40+,92.0,401129.0,22.94
4615,Chlamydia,274.0,New Mexico,2004.0,Male,Unknown,99,26.0,,
4616,Chlamydia,274.0,New Mexico,2005.0,Male,0-14 years,0-14,8.0,203530.0,3.93
4617,Chlamydia,274.0,New Mexico,2005.0,Male,15-19 years,15-19,513.0,76092.0,674.18
4618,Chlamydia,274.0,New Mexico,2005.0,Male,20-24 years,20-24,822.0,76822.0,1070.01
4619,Chlamydia,274.0,New Mexico,2005.0,Male,25-29 years,25-29,392.0,62255.0,629.67
4620,Chlamydia,274.0,New Mexico,2005.0,Male,30-34 years,30-34,172.0,57875.0,297.19
4621,Chlamydia,274.0,New Mexico,2005.0,Male,35-39 years,35-39,89.0,59811.0,148.8
4622,Chlamydia,274.0,New Mexico,2005.0,Male,40+ years,40+,98.0,412019.0,23.79
4623,Chlamydia,274.0,New Mexico,2005.0,Male,Unknown,99,27.0,,
4624,Chlamydia,274.0,New Mexico,2006.0,Male,0-14 years,0-14,9.0,213489.0,4.22
4625,Chlamydia,274.0,New Mexico,2006.0,Male,15-19 years,15-19,525.0,75508.0,695.29
4626,Chlamydia,274.0,New Mexico,2006.0,Male,20-24 years,20-24,914.0,75859.0,1204.87
4627,Chlamydia,274.0,New Mexico,2006.0,Male,25-29 years,25-29,490.0,69712.0,702.89
4628,Chlamydia,274.0,New Mexico,2006.0,Male,30-34 years,30-34,204.0,60780.0,335.64
4629,Chlamydia,274.0,New Mexico,2006.0,Male,35-39 years,35-39,112.0,61105.0,183.29
4630,Chlamydia,274.0,New Mexico,2006.0,Male,40+ years,40+,105.0,408355.0,25.71
4631,Chlamydia,274.0,New Mexico,2006.0,Male,Unknown,99,9.0,,
4632,Chlamydia,274.0,New Mexico,2007.0,Male,0-14 years,0-14,4.0,209797.0,1.91
4633,Chlamydia,274.0,New Mexico,2007.0,Male,15-19 years,15-19,564.0,74350.0,758.57
4634,Chlamydia,274.0,New Mexico,2007.0,Male,20-24 years,20-24,930.0,76016.0,1223.43
4635,Chlamydia,274.0,New Mexico,2007.0,Male,25-29 years,25-29,475.0,72662.0,653.71
4636,Chlamydia,274.0,New Mexico,2007.0,Male,30-34 years,30-34,226.0,62066.0,364.13
4637,Chlamydia,274.0,New Mexico,2007.0,Male,35-39 years,35-39,102.0,61507.0,165.84
4638,Chlamydia,274.0,New Mexico,2007.0,Male,40+ years,40+,106.0,415375.0,25.52
4639,Chlamydia,274.0,New Mexico,2007.0,Male,Unknown,99,8.0,,
4640,Chlamydia,274.0,New Mexico,2008.0,Male,0-14 years,0-14,12.0,212026.0,5.66
4641,Chlamydia,274.0,New Mexico,2008.0,Male,15-19 years,15-19,495.0,73607.0,672.49
4642,Chlamydia,274.0,New Mexico,2008.0,Male,20-24 years,20-24,869.0,74093.0,1172.85
4643,Chlamydia,274.0,New Mexico,2008.0,Male,25-29 years,25-29,482.0,74149.0,650.04
4644,Chlamydia,274.0,New Mexico,2008.0,Male,30-34 years,30-34,187.0,63003.0,296.81
4645,Chlamydia,274.0,New Mexico,2008.0,Male,35-39 years,35-39,104.0,61181.0,169.99
4646,Chlamydia,274.0,New Mexico,2008.0,Male,40+ years,40+,118.0,420267.0,28.08
4647,Chlamydia,274.0,New Mexico,2008.0,Male,Unknown,99,5.0,,
4648,Chlamydia,274.0,New Mexico,2009.0,Male,0-14 years,0-14,13.0,216760.0,6.0
4649,Chlamydia,274.0,New Mexico,2009.0,Male,15-19 years,15-19,506.0,73205.0,691.21
4650,Chlamydia,274.0,New Mexico,2009.0,Male,20-24 years,20-24,994.0,74336.0,1337.17
4651,Chlamydia,274.0,New Mexico,2009.0,Male,25-29 years,25-29,534.0,77934.0,685.2
4652,Chlamydia,274.0,New Mexico,2009.0,Male,30-34 years,30-34,220.0,66028.0,333.19
4653,Chlamydia,274.0,New Mexico,2009.0,Male,35-39 years,35-39,103.0,61870.0,166.48
4654,Chlamydia,274.0,New Mexico,2009.0,Male,40+ years,40+,119.0,424502.0,28.03
4655,Chlamydia,274.0,New Mexico,2009.0,Male,Unknown,99,11.0,,
4656,Chlamydia,274.0,New Mexico,2010.0,Male,0-14 years,0-14,9.0,218835.0,4.11
4657,Chlamydia,274.0,New Mexico,2010.0,Male,15-19 years,15-19,611.0,76792.0,795.66
4658,Chlamydia,274.0,New Mexico,2010.0,Male,20-24 years,20-24,1184.0,72974.0,1622.5
4659,Chlamydia,274.0,New Mexico,2010.0,Male,25-29 years,25-29,639.0,71419.0,894.72
4660,Chlamydia,274.0,New Mexico,2010.0,Male,30-34 years,30-34,258.0,64586.0,399.47
4661,Chlamydia,274.0,New Mexico,2010.0,Male,35-39 years,35-39,126.0,61392.0,205.24
4662,Chlamydia,274.0,New Mexico,2010.0,Male,40+ years,40+,156.0,451423.0,34.56
4663,Chlamydia,274.0,New Mexico,2010.0,Male,Unknown,99,3.0,,
4664,Chlamydia,274.0,New Mexico,2011.0,Male,0-14 years,0-14,8.0,220458.0,3.63
4665,Chlamydia,274.0,New Mexico,2011.0,Male,15-19 years,15-19,624.0,74722.0,835.1
4666,Chlamydia,274.0,New Mexico,2011.0,Male,20-24 years,20-24,1202.0,76018.0,1581.2
4667,Chlamydia,274.0,New Mexico,2011.0,Male,25-29 years,25-29,659.0,73235.0,899.84
4668,Chlamydia,274.0,New Mexico,2011.0,Male,30-34 years,30-34,278.0,66863.0,415.78
4669,Chlamydia,274.0,New Mexico,2011.0,Male,35-39 years,35-39,141.0,60462.0,233.2
4670,Chlamydia,274.0,New Mexico,2011.0,Male,40+ years,40+,140.0,458352.0,30.54
4671,Chlamydia,274.0,New Mexico,2011.0,Male,Unknown,99,2.0,,
4672,Chlamydia,274.0,New Mexico,2012.0,Male,0-14 years,0-14,11.0,219111.0,5.02
4673,Chlamydia,274.0,New Mexico,2012.0,Male,15-19 years,15-19,627.0,72966.0,859.3
4674,Chlamydia,274.0,New Mexico,2012.0,Male,20-24 years,20-24,1227.0,77505.0,1583.12
4675,Chlamydia,274.0,New Mexico,2012.0,Male,25-29 years,25-29,668.0,73650.0,906.99
4676,Chlamydia,274.0,New Mexico,2012.0,Male,30-34 years,30-34,324.0,68362.0,473.95
4677,Chlamydia,274.0,New Mexico,2012.0,Male,35-39 years,35-39,120.0,60357.0,198.82
4678,Chlamydia,274.0,New Mexico,2012.0,Male,40+ years,40+,192.0,460756.0,41.67
4679,Chlamydia,274.0,New Mexico,2012.0,Male,Unknown,99,1.0,,
4680,Chlamydia,274.0,New Mexico,2013.0,Male,0-14 years,0-14,4.0,216134.0,1.85
4681,Chlamydia,274.0,New Mexico,2013.0,Male,15-19 years,15-19,556.0,71966.0,772.59
4682,Chlamydia,274.0,New Mexico,2013.0,Male,20-24 years,20-24,1196.0,79698.0,1500.67
4683,Chlamydia,274.0,New Mexico,2013.0,Male,25-29 years,25-29,699.0,73045.0,956.94
4684,Chlamydia,274.0,New Mexico,2013.0,Male,30-34 years,30-34,378.0,70263.0,537.98
4685,Chlamydia,274.0,New Mexico,2013.0,Male,35-39 years,35-39,164.0,60978.0,268.95
4686,Chlamydia,274.0,New Mexico,2013.0,Male,40+ years,40+,212.0,461525.0,45.93
4687,Chlamydia,274.0,New Mexico,2014.0,Male,0-14 years,0-14,6.0,216134.0,2.78
4688,Chlamydia,274.0,New Mexico,2014.0,Male,15-19 years,15-19,497.0,71966.0,690.6
4689,Chlamydia,274.0,New Mexico,2014.0,Male,20-24 years,20-24,1185.0,79698.0,1486.86
4690,Chlamydia,274.0,New Mexico,2014.0,Male,25-29 years,25-29,698.0,73045.0,955.58
4691,Chlamydia,274.0,New Mexico,2014.0,Male,30-34 years,30-34,376.0,70263.0,535.13
4692,Chlamydia,274.0,New Mexico,2014.0,Male,35-39 years,35-39,183.0,60978.0,300.11
4693,Chlamydia,274.0,New Mexico,2014.0,Male,40+ years,40+,203.0,461525.0,43.98
4694,Chlamydia,274.0,New York,1996.0,Male,0-14 years,0-14,19.0,812895.0,2.34
4695,Chlamydia,274.0,New York,1996.0,Male,15-19 years,15-19,578.0,250368.0,230.86
4696,Chlamydia,274.0,New York,1996.0,Male,20-24 years,20-24,399.0,262373.0,152.07
4697,Chlamydia,274.0,New York,1996.0,Male,25-29 years,25-29,238.0,336172.0,70.8
4698,Chlamydia,274.0,New York,1996.0,Male,30-34 years,30-34,163.0,345614.0,47.16
4699,Chlamydia,274.0,New York,1996.0,Male,35-39 years,35-39,105.0,314299.0,33.41
4700,Chlamydia,274.0,New York,1996.0,Male,40+ years,40+,131.0,1317625.0,9.94
4701,Chlamydia,274.0,New York,1996.0,Male,Unknown,99,448.0,,
4702,Chlamydia,274.0,New York,1997.0,Male,0-14 years,0-14,28.0,818358.0,3.42
4703,Chlamydia,274.0,New York,1997.0,Male,15-19 years,15-19,604.0,254911.0,236.94
4704,Chlamydia,274.0,New York,1997.0,Male,20-24 years,20-24,564.0,265772.0,212.21
4705,Chlamydia,274.0,New York,1997.0,Male,25-29 years,25-29,343.0,337697.0,101.57
4706,Chlamydia,274.0,New York,1997.0,Male,30-34 years,30-34,288.0,342543.0,84.08
4707,Chlamydia,274.0,New York,1997.0,Male,35-39 years,35-39,172.0,317384.0,54.19
4708,Chlamydia,274.0,New York,1997.0,Male,40+ years,40+,208.0,1341506.0,15.51
4709,Chlamydia,274.0,New York,1997.0,Male,Unknown,99,515.0,,
4710,Chlamydia,274.0,New York,1998.0,Male,0-14 years,0-14,47.0,819761.0,5.73
4711,Chlamydia,274.0,New York,1998.0,Male,15-19 years,15-19,553.0,259560.0,213.05
4712,Chlamydia,274.0,New York,1998.0,Male,20-24 years,20-24,733.0,273070.0,268.43
4713,Chlamydia,274.0,New York,1998.0,Male,25-29 years,25-29,474.0,336533.0,140.85
4714,Chlamydia,274.0,New York,1998.0,Male,30-34 years,30-34,280.0,339048.0,82.58
4715,Chlamydia,274.0,New York,1998.0,Male,35-39 years,35-39,153.0,321175.0,47.64
4716,Chlamydia,274.0,New York,1998.0,Male,40+ years,40+,198.0,1374070.0,14.41
4717,Chlamydia,274.0,New York,1998.0,Male,Unknown,99,232.0,,
4718,Chlamydia,274.0,New York,1999.0,Male,0-14 years,0-14,38.0,827966.0,4.59
4719,Chlamydia,274.0,New York,1999.0,Male,15-19 years,15-19,528.0,262467.0,201.17
4720,Chlamydia,274.0,New York,1999.0,Male,20-24 years,20-24,933.0,280972.0,332.06
4721,Chlamydia,274.0,New York,1999.0,Male,25-29 years,25-29,582.0,331345.0,175.65
4722,Chlamydia,274.0,New York,1999.0,Male,30-34 years,30-34,350.0,336059.0,104.15
4723,Chlamydia,274.0,New York,1999.0,Male,35-39 years,35-39,209.0,322856.0,64.73
4724,Chlamydia,274.0,New York,1999.0,Male,40+ years,40+,208.0,1404248.0,14.81
4725,Chlamydia,274.0,New York,2000.0,Male,0-14 years,0-14,60.0,1974830.0,3.04
4726,Chlamydia,274.0,New York,2000.0,Male,15-19 years,15-19,1023.0,658218.0,155.42
4727,Chlamydia,274.0,New York,2000.0,Male,20-24 years,20-24,1522.0,630265.0,241.49
4728,Chlamydia,274.0,New York,2000.0,Male,25-29 years,25-29,837.0,639011.0,130.98
4729,Chlamydia,274.0,New York,2000.0,Male,30-34 years,30-34,478.0,719759.0,66.41
4730,Chlamydia,274.0,New York,2000.0,Male,35-39 years,35-39,271.0,772897.0,35.06
4731,Chlamydia,274.0,New York,2000.0,Male,40+ years,40+,216.0,3762654.0,5.74
4732,Chlamydia,274.0,New York,2000.0,Male,Unknown,99,6.0,,
4733,Chlamydia,274.0,New York,2001.0,Male,0-14 years,0-14,99.0,1979812.0,5.0
4734,Chlamydia,274.0,New York,2001.0,Male,15-19 years,15-19,1939.0,655365.0,295.87
4735,Chlamydia,274.0,New York,2001.0,Male,20-24 years,20-24,2748.0,643795.0,426.84
4736,Chlamydia,274.0,New York,2001.0,Male,25-29 years,25-29,1387.0,625133.0,221.87
4737,Chlamydia,274.0,New York,2001.0,Male,30-34 years,30-34,861.0,714660.0,120.48
4738,Chlamydia,274.0,New York,2001.0,Male,35-39 years,35-39,481.0,764194.0,62.94
4739,Chlamydia,274.0,New York,2001.0,Male,40+ years,40+,455.0,3824725.0,11.9
4740,Chlamydia,274.0,New York,2001.0,Male,Unknown,99,13.0,,
4741,Chlamydia,274.0,New York,2002.0,Male,0-14 years,0-14,85.0,1967372.0,4.32
4742,Chlamydia,274.0,New York,2002.0,Male,15-19 years,15-19,2186.0,655532.0,333.47
4743,Chlamydia,274.0,New York,2002.0,Male,20-24 years,20-24,3398.0,661308.0,513.83
4744,Chlamydia,274.0,New York,2002.0,Male,25-29 years,25-29,1786.0,624111.0,286.17
4745,Chlamydia,274.0,New York,2002.0,Male,30-34 years,30-34,1087.0,709868.0,153.13
4746,Chlamydia,274.0,New York,2002.0,Male,35-39 years,35-39,634.0,752262.0,84.28
4747,Chlamydia,274.0,New York,2002.0,Male,40+ years,40+,616.0,3880842.0,15.87
4748,Chlamydia,274.0,New York,2002.0,Male,Unknown,99,93.0,,
4749,Chlamydia,274.0,New York,2003.0,Male,0-14 years,0-14,87.0,1926481.0,4.52
4750,Chlamydia,274.0,New York,2003.0,Male,15-19 years,15-19,2586.0,655465.0,394.53
4751,Chlamydia,274.0,New York,2003.0,Male,20-24 years,20-24,4625.0,671255.0,689.01
4752,Chlamydia,274.0,New York,2003.0,Male,25-29 years,25-29,2611.0,629577.0,414.72
4753,Chlamydia,274.0,New York,2003.0,Male,30-34 years,30-34,1419.0,690283.0,205.57
4754,Chlamydia,274.0,New York,2003.0,Male,35-39 years,35-39,833.0,734446.0,113.42
4755,Chlamydia,274.0,New York,2003.0,Male,40+ years,40+,866.0,3968918.0,21.82
4756,Chlamydia,274.0,New York,2003.0,Male,Unknown,99,79.0,,
4757,Chlamydia,274.0,New York,2004.0,Male,0-14 years,0-14,102.0,1938482.0,5.26
4758,Chlamydia,274.0,New York,2004.0,Male,15-19 years,15-19,2960.0,664360.0,445.54
4759,Chlamydia,274.0,New York,2004.0,Male,20-24 years,20-24,4949.0,670501.0,738.11
4760,Chlamydia,274.0,New York,2004.0,Male,25-29 years,25-29,2689.0,636938.0,422.18
4761,Chlamydia,274.0,New York,2004.0,Male,30-34 years,30-34,1421.0,668332.0,212.62
4762,Chlamydia,274.0,New York,2004.0,Male,35-39 years,35-39,883.0,714323.0,123.61
4763,Chlamydia,274.0,New York,2004.0,Male,40+ years,40+,973.0,4011645.0,24.25
4764,Chlamydia,274.0,New York,2004.0,Male,Unknown,99,54.0,,
4765,Chlamydia,274.0,New York,2005.0,Male,0-14 years,0-14,130.0,1914208.0,6.79
4766,Chlamydia,274.0,New York,2005.0,Male,15-19 years,15-19,4116.0,675057.0,609.73
4767,Chlamydia,274.0,New York,2005.0,Male,20-24 years,20-24,6550.0,667871.0,980.73
4768,Chlamydia,274.0,New York,2005.0,Male,25-29 years,25-29,3627.0,649403.0,558.51
4769,Chlamydia,274.0,New York,2005.0,Male,30-34 years,30-34,1869.0,644682.0,289.91
4770,Chlamydia,274.0,New York,2005.0,Male,35-39 years,35-39,1036.0,703907.0,147.18
4771,Chlamydia,274.0,New York,2005.0,Male,40+ years,40+,1100.0,4071924.0,27.01
4772,Chlamydia,274.0,New York,2005.0,Male,Unknown,99,119.0,,
4773,Chlamydia,274.0,New York,2006.0,Male,0-14 years,0-14,123.0,1891858.0,6.5
4774,Chlamydia,274.0,New York,2006.0,Male,15-19 years,15-19,4570.0,707373.0,646.05
4775,Chlamydia,274.0,New York,2006.0,Male,20-24 years,20-24,6950.0,690803.0,1006.08
4776,Chlamydia,274.0,New York,2006.0,Male,25-29 years,25-29,4038.0,630719.0,640.22
4777,Chlamydia,274.0,New York,2006.0,Male,30-34 years,30-34,2027.0,627122.0,323.22
4778,Chlamydia,274.0,New York,2006.0,Male,35-39 years,35-39,1055.0,691684.0,152.53
4779,Chlamydia,274.0,New York,2006.0,Male,40+ years,40+,1243.0,4115461.0,30.2
4780,Chlamydia,274.0,New York,2006.0,Male,Unknown,99,142.0,,
4781,Chlamydia,274.0,New York,2007.0,Male,0-14 years,0-14,182.0,1839513.0,9.89
4782,Chlamydia,274.0,New York,2007.0,Male,15-19 years,15-19,5556.0,713045.0,779.19
4783,Chlamydia,274.0,New York,2007.0,Male,20-24 years,20-24,8223.0,701347.0,1172.46
4784,Chlamydia,274.0,New York,2007.0,Male,25-29 years,25-29,4703.0,639170.0,735.8
4785,Chlamydia,274.0,New York,2007.0,Male,30-34 years,30-34,2329.0,622951.0,373.87
4786,Chlamydia,274.0,New York,2007.0,Male,35-39 years,35-39,1271.0,681063.0,186.62
4787,Chlamydia,274.0,New York,2007.0,Male,40+ years,40+,1624.0,4163647.0,39.0
4788,Chlamydia,274.0,New York,2007.0,Male,Unknown,99,157.0,,
4789,Chlamydia,274.0,New York,2008.0,Male,0-14 years,0-14,191.0,1842879.0,10.36
4790,Chlamydia,274.0,New York,2008.0,Male,15-19 years,15-19,6746.0,716555.0,941.45
4791,Chlamydia,274.0,New York,2008.0,Male,20-24 years,20-24,9086.0,702779.0,1292.87
4792,Chlamydia,274.0,New York,2008.0,Male,25-29 years,25-29,5143.0,657760.0,781.9
4793,Chlamydia,274.0,New York,2008.0,Male,30-34 years,30-34,2507.0,625588.0,400.74
4794,Chlamydia,274.0,New York,2008.0,Male,35-39 years,35-39,1431.0,668728.0,213.99
4795,Chlamydia,274.0,New York,2008.0,Male,40+ years,40+,1824.0,4247774.0,42.94
4796,Chlamydia,274.0,New York,2008.0,Male,Unknown,99,128.0,,
4797,Chlamydia,274.0,New York,2009.0,Male,0-14 years,0-14,165.0,1856450.0,8.89
4798,Chlamydia,274.0,New York,2009.0,Male,15-19 years,15-19,7071.0,698165.0,1012.8
4799,Chlamydia,274.0,New York,2009.0,Male,20-24 years,20-24,9653.0,679531.0,1420.54
4800,Chlamydia,274.0,New York,2009.0,Male,25-29 years,25-29,5259.0,687176.0,765.31
4801,Chlamydia,274.0,New York,2009.0,Male,30-34 years,30-34,2562.0,644614.0,397.45
4802,Chlamydia,274.0,New York,2009.0,Male,35-39 years,35-39,1446.0,643602.0,224.67
4803,Chlamydia,274.0,New York,2009.0,Male,40+ years,40+,1906.0,4289625.0,44.43
4804,Chlamydia,274.0,New York,2009.0,Male,Unknown,99,109.0,,
4805,Chlamydia,274.0,New York,2010.0,Male,0-14 years,0-14,193.0,1804484.0,10.7
4806,Chlamydia,274.0,New York,2010.0,Male,15-19 years,15-19,7609.0,699548.0,1087.7
4807,Chlamydia,274.0,New York,2010.0,Male,20-24 years,20-24,10776.0,712002.0,1513.48
4808,Chlamydia,274.0,New York,2010.0,Male,25-29 years,25-29,5919.0,680203.0,870.18
4809,Chlamydia,274.0,New York,2010.0,Male,30-34 years,30-34,2980.0,629759.0,473.2
4810,Chlamydia,274.0,New York,2010.0,Male,35-39 years,35-39,1493.0,613775.0,243.25
4811,Chlamydia,274.0,New York,2010.0,Male,40+ years,40+,2176.0,4237376.0,51.35
4812,Chlamydia,274.0,New York,2010.0,Male,Unknown,99,78.0,,
4813,Chlamydia,274.0,New York,2011.0,Male,0-14 years,0-14,194.0,1796697.0,10.8
4814,Chlamydia,274.0,New York,2011.0,Male,15-19 years,15-19,7698.0,677542.0,1136.17
4815,Chlamydia,274.0,New York,2011.0,Male,20-24 years,20-24,10984.0,724065.0,1516.99
4816,Chlamydia,274.0,New York,2011.0,Male,25-29 years,25-29,6081.0,696240.0,873.41
4817,Chlamydia,274.0,New York,2011.0,Male,30-34 years,30-34,3203.0,646373.0,495.53
4818,Chlamydia,274.0,New York,2011.0,Male,35-39 years,35-39,1508.0,596031.0,253.01
4819,Chlamydia,274.0,New York,2011.0,Male,40+ years,40+,2311.0,4294856.0,53.81
4820,Chlamydia,274.0,New York,2011.0,Male,Unknown,99,147.0,,
4821,Chlamydia,274.0,New York,2012.0,Male,0-14 years,0-14,187.0,1794023.0,10.42
4822,Chlamydia,274.0,New York,2012.0,Male,15-19 years,15-19,6985.0,667161.0,1046.97
4823,Chlamydia,274.0,New York,2012.0,Male,20-24 years,20-24,10851.0,731544.0,1483.3
4824,Chlamydia,274.0,New York,2012.0,Male,25-29 years,25-29,6298.0,707447.0,890.24
4825,Chlamydia,274.0,New York,2012.0,Male,30-34 years,30-34,3300.0,658803.0,500.91
4826,Chlamydia,274.0,New York,2012.0,Male,35-39 years,35-39,1698.0,595048.0,285.36
4827,Chlamydia,274.0,New York,2012.0,Male,40+ years,40+,2772.0,4335191.0,63.94
4828,Chlamydia,274.0,New York,2012.0,Male,Unknown,99,56.0,,
4829,Chlamydia,274.0,New York,2013.0,Male,0-14 years,0-14,193.0,1790801.0,10.78
4830,Chlamydia,274.0,New York,2013.0,Male,15-19 years,15-19,5861.0,651942.0,899.01
4831,Chlamydia,274.0,New York,2013.0,Male,20-24 years,20-24,10701.0,727273.0,1471.39
4832,Chlamydia,274.0,New York,2013.0,Male,25-29 years,25-29,6449.0,721591.0,893.72
4833,Chlamydia,274.0,New York,2013.0,Male,30-34 years,30-34,3469.0,671410.0,516.67
4834,Chlamydia,274.0,New York,2013.0,Male,35-39 years,35-39,1767.0,602638.0,293.21
4835,Chlamydia,274.0,New York,2013.0,Male,40+ years,40+,2752.0,4370538.0,62.97
4836,Chlamydia,274.0,New York,2013.0,Male,Unknown,99,81.0,,
4837,Chlamydia,274.0,New York,2014.0,Male,0-14 years,0-14,120.0,1790801.0,6.7
4838,Chlamydia,274.0,New York,2014.0,Male,15-19 years,15-19,5640.0,651942.0,865.11
4839,Chlamydia,274.0,New York,2014.0,Male,20-24 years,20-24,10968.0,727273.0,1508.1
4840,Chlamydia,274.0,New York,2014.0,Male,25-29 years,25-29,7424.0,721591.0,1028.84
4841,Chlamydia,274.0,New York,2014.0,Male,30-34 years,30-34,4201.0,671410.0,625.7
4842,Chlamydia,274.0,New York,2014.0,Male,35-39 years,35-39,2047.0,602638.0,339.67
4843,Chlamydia,274.0,New York,2014.0,Male,40+ years,40+,3185.0,4370538.0,72.87
4844,Chlamydia,274.0,New York,2014.0,Male,Unknown,99,49.0,,
4845,Chlamydia,274.0,North Carolina,1996.0,Male,0-14 years,0-14,23.0,780287.0,2.95
4846,Chlamydia,274.0,North Carolina,1996.0,Male,15-19 years,15-19,481.0,258155.0,186.32
4847,Chlamydia,274.0,North Carolina,1996.0,Male,20-24 years,20-24,634.0,280439.0,226.07
4848,Chlamydia,274.0,North Carolina,1996.0,Male,25-29 years,25-29,329.0,309518.0,106.29
4849,Chlamydia,274.0,North Carolina,1996.0,Male,30-34 years,30-34,150.0,304104.0,49.33
4850,Chlamydia,274.0,North Carolina,1996.0,Male,35-39 years,35-39,92.0,310962.0,29.59
4851,Chlamydia,274.0,North Carolina,1996.0,Male,40+ years,40+,92.0,1406889.0,6.54
4852,Chlamydia,274.0,North Carolina,1996.0,Male,Unknown,99,33.0,,
4853,Chlamydia,274.0,North Carolina,1997.0,Male,0-14 years,0-14,16.0,797387.0,2.01
4854,Chlamydia,274.0,North Carolina,1997.0,Male,15-19 years,15-19,559.0,264644.0,211.23
4855,Chlamydia,274.0,North Carolina,1997.0,Male,20-24 years,20-24,753.0,280994.0,267.98
4856,Chlamydia,274.0,North Carolina,1997.0,Male,25-29 years,25-29,370.0,315894.0,117.13
4857,Chlamydia,274.0,North Carolina,1997.0,Male,30-34 years,30-34,200.0,302437.0,66.13
4858,Chlamydia,274.0,North Carolina,1997.0,Male,35-39 years,35-39,93.0,316849.0,29.35
4859,Chlamydia,274.0,North Carolina,1997.0,Male,40+ years,40+,110.0,1453083.0,7.57
4860,Chlamydia,274.0,North Carolina,1997.0,Male,Unknown,99,50.0,,
4861,Chlamydia,274.0,North Carolina,1998.0,Male,0-14 years,0-14,27.0,813042.0,3.32
4862,Chlamydia,274.0,North Carolina,1998.0,Male,15-19 years,15-19,761.0,270543.0,281.29
4863,Chlamydia,274.0,North Carolina,1998.0,Male,20-24 years,20-24,1518.0,287881.0,527.3
4864,Chlamydia,274.0,North Carolina,1998.0,Male,25-29 years,25-29,605.0,315791.0,191.58
4865,Chlamydia,274.0,North Carolina,1998.0,Male,30-34 years,30-34,279.0,302391.0,92.26
4866,Chlamydia,274.0,North Carolina,1998.0,Male,35-39 years,35-39,147.0,322245.0,45.62
4867,Chlamydia,274.0,North Carolina,1998.0,Male,40+ years,40+,146.0,1497977.0,9.75
4868,Chlamydia,274.0,North Carolina,1998.0,Male,Unknown,99,68.0,,
4869,Chlamydia,274.0,North Carolina,1999.0,Male,0-14 years,0-14,28.0,831232.0,3.37
4870,Chlamydia,274.0,North Carolina,1999.0,Male,15-19 years,15-19,705.0,274424.0,256.9
4871,Chlamydia,274.0,North Carolina,1999.0,Male,20-24 years,20-24,1412.0,296133.0,476.81
4872,Chlamydia,274.0,North Carolina,1999.0,Male,25-29 years,25-29,555.0,312134.0,177.81
4873,Chlamydia,274.0,North Carolina,1999.0,Male,30-34 years,30-34,233.0,305226.0,76.34
4874,Chlamydia,274.0,North Carolina,1999.0,Male,35-39 years,35-39,155.0,326156.0,47.52
4875,Chlamydia,274.0,North Carolina,1999.0,Male,40+ years,40+,158.0,1541346.0,10.25
4876,Chlamydia,274.0,North Carolina,1999.0,Male,Unknown,99,150.0,,
4877,Chlamydia,274.0,North Carolina,2000.0,Male,0-14 years,0-14,28.0,863188.0,3.24
4878,Chlamydia,274.0,North Carolina,2000.0,Male,15-19 years,15-19,696.0,278219.0,250.16
4879,Chlamydia,274.0,North Carolina,2000.0,Male,20-24 years,20-24,1390.0,304404.0,456.63
4880,Chlamydia,274.0,North Carolina,2000.0,Male,25-29 years,25-29,670.0,303643.0,220.65
4881,Chlamydia,274.0,North Carolina,2000.0,Male,30-34 years,30-34,298.0,309754.0,96.21
4882,Chlamydia,274.0,North Carolina,2000.0,Male,35-39 years,35-39,141.0,324209.0,43.49
4883,Chlamydia,274.0,North Carolina,2000.0,Male,40+ years,40+,136.0,1576689.0,8.63
4884,Chlamydia,274.0,North Carolina,2001.0,Male,0-14 years,0-14,30.0,873362.0,3.44
4885,Chlamydia,274.0,North Carolina,2001.0,Male,15-19 years,15-19,721.0,277638.0,259.69
4886,Chlamydia,274.0,North Carolina,2001.0,Male,20-24 years,20-24,1461.0,310809.0,470.06
4887,Chlamydia,274.0,North Carolina,2001.0,Male,25-29 years,25-29,667.0,298745.0,223.27
4888,Chlamydia,274.0,North Carolina,2001.0,Male,30-34 years,30-34,292.0,316808.0,92.17
4889,Chlamydia,274.0,North Carolina,2001.0,Male,35-39 years,35-39,157.0,323991.0,48.46
4890,Chlamydia,274.0,North Carolina,2001.0,Male,40+ years,40+,144.0,1620543.0,8.89
4891,Chlamydia,274.0,North Carolina,2001.0,Male,Unknown,99,1.0,,
4892,Chlamydia,274.0,North Carolina,2002.0,Male,0-14 years,0-14,58.0,889226.0,6.52
4893,Chlamydia,274.0,North Carolina,2002.0,Male,15-19 years,15-19,865.0,281361.0,307.43
4894,Chlamydia,274.0,North Carolina,2002.0,Male,20-24 years,20-24,1905.0,315178.0,604.42
4895,Chlamydia,274.0,North Carolina,2002.0,Male,25-29 years,25-29,751.0,296885.0,252.96
4896,Chlamydia,274.0,North Carolina,2002.0,Male,30-34 years,30-34,355.0,322545.0,110.06
4897,Chlamydia,274.0,North Carolina,2002.0,Male,35-39 years,35-39,204.0,320814.0,63.59
4898,Chlamydia,274.0,North Carolina,2002.0,Male,40+ years,40+,202.0,1655511.0,12.2
4899,Chlamydia,274.0,North Carolina,2003.0,Male,0-14 years,0-14,44.0,895506.0,4.91
4900,Chlamydia,274.0,North Carolina,2003.0,Male,15-19 years,15-19,891.0,285985.0,311.56
4901,Chlamydia,274.0,North Carolina,2003.0,Male,20-24 years,20-24,1839.0,319229.0,576.08
4902,Chlamydia,274.0,North Carolina,2003.0,Male,25-29 years,25-29,770.0,306318.0,251.37
4903,Chlamydia,274.0,North Carolina,2003.0,Male,30-34 years,30-34,385.0,322641.0,119.33
4904,Chlamydia,274.0,North Carolina,2003.0,Male,35-39 years,35-39,207.0,315832.0,65.54
4905,Chlamydia,274.0,North Carolina,2003.0,Male,40+ years,40+,243.0,1684936.0,14.42
4906,Chlamydia,274.0,North Carolina,2004.0,Male,0-14 years,0-14,47.0,905997.0,5.19
4907,Chlamydia,274.0,North Carolina,2004.0,Male,15-19 years,15-19,1029.0,294227.0,349.73
4908,Chlamydia,274.0,North Carolina,2004.0,Male,20-24 years,20-24,2118.0,316644.0,668.89
4909,Chlamydia,274.0,North Carolina,2004.0,Male,25-29 years,25-29,923.0,315086.0,292.94
4910,Chlamydia,274.0,North Carolina,2004.0,Male,30-34 years,30-34,436.0,322598.0,135.15
4911,Chlamydia,274.0,North Carolina,2004.0,Male,35-39 years,35-39,232.0,315347.0,73.57
4912,Chlamydia,274.0,North Carolina,2004.0,Male,40+ years,40+,265.0,1728952.0,15.33
4913,Chlamydia,274.0,North Carolina,2004.0,Male,Unknown,99,1.0,,
4914,Chlamydia,274.0,North Carolina,2005.0,Male,0-14 years,0-14,39.0,910582.0,4.28
4915,Chlamydia,274.0,North Carolina,2005.0,Male,15-19 years,15-19,1150.0,302351.0,380.35
4916,Chlamydia,274.0,North Carolina,2005.0,Male,20-24 years,20-24,2239.0,315120.0,710.52
4917,Chlamydia,274.0,North Carolina,2005.0,Male,25-29 years,25-29,1013.0,326351.0,310.4
4918,Chlamydia,274.0,North Carolina,2005.0,Male,30-34 years,30-34,492.0,319467.0,154.01
4919,Chlamydia,274.0,North Carolina,2005.0,Male,35-39 years,35-39,247.0,320731.0,77.01
4920,Chlamydia,274.0,North Carolina,2005.0,Male,40+ years,40+,301.0,1776967.0,16.94
4921,Chlamydia,274.0,North Carolina,2006.0,Male,0-14 years,0-14,30.0,916398.0,3.27
4922,Chlamydia,274.0,North Carolina,2006.0,Male,15-19 years,15-19,1338.0,313853.0,426.31
4923,Chlamydia,274.0,North Carolina,2006.0,Male,20-24 years,20-24,2571.0,312051.0,823.9
4924,Chlamydia,274.0,North Carolina,2006.0,Male,25-29 years,25-29,1230.0,303006.0,405.93
4925,Chlamydia,274.0,North Carolina,2006.0,Male,30-34 years,30-34,537.0,309479.0,173.52
4926,Chlamydia,274.0,North Carolina,2006.0,Male,35-39 years,35-39,310.0,328954.0,94.24
4927,Chlamydia,274.0,North Carolina,2006.0,Male,40+ years,40+,297.0,1857557.0,15.99
4928,Chlamydia,274.0,North Carolina,2006.0,Male,Unknown,99,1.0,,
4929,Chlamydia,274.0,North Carolina,2007.0,Male,0-14 years,0-14,31.0,942803.0,3.29
4930,Chlamydia,274.0,North Carolina,2007.0,Male,15-19 years,15-19,1236.0,317612.0,389.15
4931,Chlamydia,274.0,North Carolina,2007.0,Male,20-24 years,20-24,2167.0,319575.0,678.09
4932,Chlamydia,274.0,North Carolina,2007.0,Male,25-29 years,25-29,1037.0,301496.0,343.95
4933,Chlamydia,274.0,North Carolina,2007.0,Male,30-34 years,30-34,459.0,304170.0,150.9
4934,Chlamydia,274.0,North Carolina,2007.0,Male,35-39 years,35-39,254.0,335149.0,75.79
4935,Chlamydia,274.0,North Carolina,2007.0,Male,40+ years,40+,309.0,1906756.0,16.21
4936,Chlamydia,274.0,North Carolina,2008.0,Male,0-14 years,0-14,50.0,957804.0,5.22
4937,Chlamydia,274.0,North Carolina,2008.0,Male,15-19 years,15-19,1449.0,322815.0,448.86
4938,Chlamydia,274.0,North Carolina,2008.0,Male,20-24 years,20-24,2758.0,332226.0,830.16
4939,Chlamydia,274.0,North Carolina,2008.0,Male,25-29 years,25-29,1196.0,310456.0,385.24
4940,Chlamydia,274.0,North Carolina,2008.0,Male,30-34 years,30-34,551.0,306253.0,179.92
4941,Chlamydia,274.0,North Carolina,2008.0,Male,35-39 years,35-39,303.0,338088.0,89.62
4942,Chlamydia,274.0,North Carolina,2008.0,Male,40+ years,40+,339.0,1949345.0,17.39
4943,Chlamydia,274.0,North Carolina,2008.0,Male,Unknown,99,10.0,,
4944,Chlamydia,274.0,North Carolina,2009.0,Male,0-14 years,0-14,35.0,975748.0,3.59
4945,Chlamydia,274.0,North Carolina,2009.0,Male,15-19 years,15-19,1847.0,331810.0,556.64
4946,Chlamydia,274.0,North Carolina,2009.0,Male,20-24 years,20-24,3060.0,352186.0,868.86
4947,Chlamydia,274.0,North Carolina,2009.0,Male,25-29 years,25-29,1489.0,318747.0,467.14
4948,Chlamydia,274.0,North Carolina,2009.0,Male,30-34 years,30-34,629.0,297877.0,211.16
4949,Chlamydia,274.0,North Carolina,2009.0,Male,35-39 years,35-39,351.0,329377.0,106.56
4950,Chlamydia,274.0,North Carolina,2009.0,Male,40+ years,40+,374.0,1984440.0,18.85
4951,Chlamydia,274.0,North Carolina,2009.0,Male,Unknown,99,13.0,,
4952,Chlamydia,274.0,North Carolina,2010.0,Male,0-14 years,0-14,25.0,970566.0,2.58
4953,Chlamydia,274.0,North Carolina,2010.0,Male,15-19 years,15-19,1983.0,338271.0,586.22
4954,Chlamydia,274.0,North Carolina,2010.0,Male,20-24 years,20-24,3128.0,336648.0,929.16
4955,Chlamydia,274.0,North Carolina,2010.0,Male,25-29 years,25-29,1420.0,311499.0,455.86
4956,Chlamydia,274.0,North Carolina,2010.0,Male,30-34 years,30-34,646.0,304807.0,211.94
4957,Chlamydia,274.0,North Carolina,2010.0,Male,35-39 years,35-39,392.0,324681.0,120.73
4958,Chlamydia,274.0,North Carolina,2010.0,Male,40+ years,40+,424.0,2059020.0,20.59
4959,Chlamydia,274.0,North Carolina,2010.0,Male,Unknown,99,12.0,,
4960,Chlamydia,274.0,North Carolina,2011.0,Male,0-14 years,0-14,40.0,975543.0,4.1
4961,Chlamydia,274.0,North Carolina,2011.0,Male,15-19 years,15-19,2731.0,336066.0,812.64
4962,Chlamydia,274.0,North Carolina,2011.0,Male,20-24 years,20-24,4799.0,344767.0,1391.95
4963,Chlamydia,274.0,North Carolina,2011.0,Male,25-29 years,25-29,1995.0,313234.0,636.9
4964,Chlamydia,274.0,North Carolina,2011.0,Male,30-34 years,30-34,950.0,311058.0,305.41
4965,Chlamydia,274.0,North Carolina,2011.0,Male,35-39 years,35-39,473.0,312361.0,151.43
4966,Chlamydia,274.0,North Carolina,2011.0,Male,40+ years,40+,583.0,2110693.0,27.62
4967,Chlamydia,274.0,North Carolina,2011.0,Male,Unknown,99,14.0,,
4968,Chlamydia,274.0,North Carolina,2012.0,Male,0-14 years,0-14,44.0,975931.0,4.51
4969,Chlamydia,274.0,North Carolina,2012.0,Male,15-19 years,15-19,2486.0,333894.0,744.55
4970,Chlamydia,274.0,North Carolina,2012.0,Male,20-24 years,20-24,4641.0,358340.0,1295.14
4971,Chlamydia,274.0,North Carolina,2012.0,Male,25-29 years,25-29,2132.0,314920.0,677.0
4972,Chlamydia,274.0,North Carolina,2012.0,Male,30-34 years,30-34,981.0,312161.0,314.26
4973,Chlamydia,274.0,North Carolina,2012.0,Male,35-39 years,35-39,489.0,307521.0,159.01
4974,Chlamydia,274.0,North Carolina,2012.0,Male,40+ years,40+,574.0,2150131.0,26.7
4975,Chlamydia,274.0,North Carolina,2012.0,Male,Unknown,99,7.0,,
4976,Chlamydia,274.0,North Carolina,2013.0,Male,0-14 years,0-14,34.0,974057.0,3.49
4977,Chlamydia,274.0,North Carolina,2013.0,Male,15-19 years,15-19,2154.0,334329.0,644.28
4978,Chlamydia,274.0,North Carolina,2013.0,Male,20-24 years,20-24,4800.0,369732.0,1298.24
4979,Chlamydia,274.0,North Carolina,2013.0,Male,25-29 years,25-29,2135.0,317926.0,671.54
4980,Chlamydia,274.0,North Carolina,2013.0,Male,30-34 years,30-34,1034.0,311610.0,331.82
4981,Chlamydia,274.0,North Carolina,2013.0,Male,35-39 years,35-39,489.0,305385.0,160.13
4982,Chlamydia,274.0,North Carolina,2013.0,Male,40+ years,40+,606.0,2187573.0,27.7
4983,Chlamydia,274.0,North Carolina,2013.0,Male,Unknown,99,2.0,,
4984,Chlamydia,274.0,North Carolina,2014.0,Male,0-14 years,0-14,27.0,974057.0,2.77
4985,Chlamydia,274.0,North Carolina,2014.0,Male,15-19 years,15-19,2130.0,334329.0,637.1
4986,Chlamydia,274.0,North Carolina,2014.0,Male,20-24 years,20-24,4842.0,369732.0,1309.6
4987,Chlamydia,274.0,North Carolina,2014.0,Male,25-29 years,25-29,2324.0,317926.0,730.99
4988,Chlamydia,274.0,North Carolina,2014.0,Male,30-34 years,30-34,1088.0,311610.0,349.15
4989,Chlamydia,274.0,North Carolina,2014.0,Male,35-39 years,35-39,494.0,305385.0,161.76
4990,Chlamydia,274.0,North Carolina,2014.0,Male,40+ years,40+,729.0,2187573.0,33.32
4991,Chlamydia,274.0,North Carolina,2014.0,Male,Unknown,99,4.0,,
4992,Chlamydia,274.0,North Dakota,1996.0,Male,0-14 years,0-14,2.0,70983.0,2.82
4993,Chlamydia,274.0,North Dakota,1996.0,Male,15-19 years,15-19,36.0,27194.0,132.38
4994,Chlamydia,274.0,North Dakota,1996.0,Male,20-24 years,20-24,118.0,25420.0,464.2
4995,Chlamydia,274.0,North Dakota,1996.0,Male,25-29 years,25-29,35.0,22952.0,152.49
4996,Chlamydia,274.0,North Dakota,1996.0,Male,30-34 years,30-34,16.0,22479.0,71.18
4997,Chlamydia,274.0,North Dakota,1996.0,Male,35-39 years,35-39,9.0,26984.0,33.35
4998,Chlamydia,274.0,North Dakota,1996.0,Male,40+ years,40+,9.0,128870.0,6.98
4999,Chlamydia,274.0,North Dakota,1997.0,Male,0-14 years,0-14,1.0,69676.0,1.44
5000,Chlamydia,274.0,North Dakota,1997.0,Male,15-19 years,15-19,43.0,27759.0,154.91
5001,Chlamydia,274.0,North Dakota,1997.0,Male,20-24 years,20-24,118.0,25659.0,459.88
5002,Chlamydia,274.0,North Dakota,1997.0,Male,25-29 years,25-29,33.0,22498.0,146.68
5003,Chlamydia,274.0,North Dakota,1997.0,Male,30-34 years,30-34,10.0,21328.0,46.89
5004,Chlamydia,274.0,North Dakota,1997.0,Male,35-39 years,35-39,7.0,26396.0,26.52
5005,Chlamydia,274.0,North Dakota,1997.0,Male,40+ years,40+,2.0,131103.0,1.53
5006,Chlamydia,274.0,North Dakota,1998.0,Male,0-14 years,0-14,2.0,68623.0,2.91
5007,Chlamydia,274.0,North Dakota,1998.0,Male,15-19 years,15-19,62.0,28144.0,220.3
5008,Chlamydia,274.0,North Dakota,1998.0,Male,20-24 years,20-24,145.0,26017.0,557.33
5009,Chlamydia,274.0,North Dakota,1998.0,Male,25-29 years,25-29,51.0,21737.0,234.62
5010,Chlamydia,274.0,North Dakota,1998.0,Male,30-34 years,30-34,11.0,20338.0,54.09
5011,Chlamydia,274.0,North Dakota,1998.0,Male,35-39 years,35-39,7.0,25550.0,27.4
5012,Chlamydia,274.0,North Dakota,1998.0,Male,40+ years,40+,6.0,132852.0,4.52
5013,Chlamydia,274.0,North Dakota,1999.0,Male,0-14 years,0-14,3.0,67572.0,4.44
5014,Chlamydia,274.0,North Dakota,1999.0,Male,15-19 years,15-19,52.0,28097.0,185.07
5015,Chlamydia,274.0,North Dakota,1999.0,Male,20-24 years,20-24,131.0,26473.0,494.84
5016,Chlamydia,274.0,North Dakota,1999.0,Male,25-29 years,25-29,48.0,20834.0,230.39
5017,Chlamydia,274.0,North Dakota,1999.0,Male,30-34 years,30-34,16.0,19757.0,80.98
5018,Chlamydia,274.0,North Dakota,1999.0,Male,35-39 years,35-39,5.0,24533.0,20.38
5019,Chlamydia,274.0,North Dakota,1999.0,Male,40+ years,40+,8.0,134376.0,5.95
5020,Chlamydia,274.0,North Dakota,2000.0,Male,15-19 years,15-19,62.0,27365.0,226.57
5021,Chlamydia,274.0,North Dakota,2000.0,Male,20-24 years,20-24,131.0,27631.0,474.11
5022,Chlamydia,274.0,North Dakota,2000.0,Male,25-29 years,25-29,38.0,20528.0,185.11
5023,Chlamydia,274.0,North Dakota,2000.0,Male,30-34 years,30-34,8.0,19719.0,40.57
5024,Chlamydia,274.0,North Dakota,2000.0,Male,35-39 years,35-39,3.0,23646.0,12.69
5025,Chlamydia,274.0,North Dakota,2000.0,Male,40+ years,40+,4.0,137636.0,2.91
5026,Chlamydia,274.0,North Dakota,2001.0,Male,15-19 years,15-19,98.0,26312.0,372.45
5027,Chlamydia,274.0,North Dakota,2001.0,Male,20-24 years,20-24,158.0,28714.0,550.25
5028,Chlamydia,274.0,North Dakota,2001.0,Male,25-29 years,25-29,55.0,20569.0,267.39
5029,Chlamydia,274.0,North Dakota,2001.0,Male,30-34 years,30-34,21.0,19276.0,108.94
5030,Chlamydia,274.0,North Dakota,2001.0,Male,35-39 years,35-39,11.0,22074.0,49.83
5031,Chlamydia,274.0,North Dakota,2001.0,Male,40+ years,40+,3.0,138288.0,2.17
5032,Chlamydia,274.0,North Dakota,2002.0,Male,0-14 years,0-14,3.0,60823.0,4.93
5033,Chlamydia,274.0,North Dakota,2002.0,Male,15-19 years,15-19,68.0,25382.0,267.91
5034,Chlamydia,274.0,North Dakota,2002.0,Male,20-24 years,20-24,234.0,29203.0,801.29
5035,Chlamydia,274.0,North Dakota,2002.0,Male,25-29 years,25-29,70.0,21453.0,326.3
5036,Chlamydia,274.0,North Dakota,2002.0,Male,30-34 years,30-34,28.0,19096.0,146.63
5037,Chlamydia,274.0,North Dakota,2002.0,Male,35-39 years,35-39,17.0,20793.0,81.76
5038,Chlamydia,274.0,North Dakota,2002.0,Male,40+ years,40+,3.0,139828.0,2.15
5039,Chlamydia,274.0,North Dakota,2002.0,Male,Unknown,99,6.0,,
5040,Chlamydia,274.0,North Dakota,2003.0,Male,0-14 years,0-14,1.0,61035.0,1.64
5041,Chlamydia,274.0,North Dakota,2003.0,Male,15-19 years,15-19,111.0,25088.0,442.44
5042,Chlamydia,274.0,North Dakota,2003.0,Male,20-24 years,20-24,285.0,29344.0,971.24
5043,Chlamydia,274.0,North Dakota,2003.0,Male,25-29 years,25-29,102.0,22450.0,454.34
5044,Chlamydia,274.0,North Dakota,2003.0,Male,30-34 years,30-34,51.0,18366.0,277.69
5045,Chlamydia,274.0,North Dakota,2003.0,Male,35-39 years,35-39,12.0,19612.0,61.19
5046,Chlamydia,274.0,North Dakota,2003.0,Male,40+ years,40+,4.0,140853.0,2.84
5047,Chlamydia,274.0,North Dakota,2003.0,Male,Unknown,99,1.0,,
5048,Chlamydia,274.0,North Dakota,2004.0,Male,0-14 years,0-14,3.0,57733.0,5.2
5049,Chlamydia,274.0,North Dakota,2004.0,Male,15-19 years,15-19,127.0,24382.0,520.88
5050,Chlamydia,274.0,North Dakota,2004.0,Male,20-24 years,20-24,298.0,29634.0,1005.6
5051,Chlamydia,274.0,North Dakota,2004.0,Male,25-29 years,25-29,112.0,23930.0,468.03
5052,Chlamydia,274.0,North Dakota,2004.0,Male,30-34 years,30-34,35.0,18426.0,189.95
5053,Chlamydia,274.0,North Dakota,2004.0,Male,35-39 years,35-39,11.0,19165.0,57.4
5054,Chlamydia,274.0,North Dakota,2004.0,Male,40+ years,40+,11.0,143361.0,7.67
5055,Chlamydia,274.0,North Dakota,2004.0,Male,Unknown,99,4.0,,
5056,Chlamydia,274.0,North Dakota,2005.0,Male,0-14 years,0-14,2.0,56697.0,3.53
5057,Chlamydia,274.0,North Dakota,2005.0,Male,15-19 years,15-19,115.0,23969.0,479.79
5058,Chlamydia,274.0,North Dakota,2005.0,Male,20-24 years,20-24,273.0,28781.0,948.54
5059,Chlamydia,274.0,North Dakota,2005.0,Male,25-29 years,25-29,129.0,25373.0,508.41
5060,Chlamydia,274.0,North Dakota,2005.0,Male,30-34 years,30-34,34.0,18327.0,185.52
5061,Chlamydia,274.0,North Dakota,2005.0,Male,35-39 years,35-39,9.0,18817.0,47.83
5062,Chlamydia,274.0,North Dakota,2005.0,Male,40+ years,40+,6.0,145808.0,4.12
5063,Chlamydia,274.0,North Dakota,2005.0,Male,Unknown,99,6.0,,
5064,Chlamydia,274.0,North Dakota,2006.0,Male,0-14 years,0-14,1.0,60652.0,1.65
5065,Chlamydia,274.0,North Dakota,2006.0,Male,15-19 years,15-19,110.0,25623.0,429.3
5066,Chlamydia,274.0,North Dakota,2006.0,Male,20-24 years,20-24,284.0,31274.0,908.1
5067,Chlamydia,274.0,North Dakota,2006.0,Male,25-29 years,25-29,132.0,21986.0,600.38
5068,Chlamydia,274.0,North Dakota,2006.0,Male,30-34 years,30-34,38.0,17916.0,212.1
5069,Chlamydia,274.0,North Dakota,2006.0,Male,35-39 years,35-39,13.0,19077.0,68.14
5070,Chlamydia,274.0,North Dakota,2006.0,Male,40+ years,40+,10.0,142899.0,7.0
5071,Chlamydia,274.0,North Dakota,2007.0,Male,0-14 years,0-14,4.0,59429.0,6.73
5072,Chlamydia,274.0,North Dakota,2007.0,Male,15-19 years,15-19,111.0,25589.0,433.78
5073,Chlamydia,274.0,North Dakota,2007.0,Male,20-24 years,20-24,277.0,32438.0,853.94
5074,Chlamydia,274.0,North Dakota,2007.0,Male,25-29 years,25-29,125.0,24094.0,518.8
5075,Chlamydia,274.0,North Dakota,2007.0,Male,30-34 years,30-34,41.0,17878.0,229.33
5076,Chlamydia,274.0,North Dakota,2007.0,Male,35-39 years,35-39,18.0,18957.0,94.95
5077,Chlamydia,274.0,North Dakota,2007.0,Male,40+ years,40+,16.0,142675.0,11.21
5078,Chlamydia,274.0,North Dakota,2007.0,Male,Unknown,99,2.0,,
5079,Chlamydia,274.0,North Dakota,2008.0,Male,0-14 years,0-14,2.0,59887.0,3.34
5080,Chlamydia,274.0,North Dakota,2008.0,Male,15-19 years,15-19,98.0,24896.0,393.64
5081,Chlamydia,274.0,North Dakota,2008.0,Male,20-24 years,20-24,309.0,32228.0,958.79
5082,Chlamydia,274.0,North Dakota,2008.0,Male,25-29 years,25-29,152.0,24811.0,612.63
5083,Chlamydia,274.0,North Dakota,2008.0,Male,30-34 years,30-34,33.0,18101.0,182.31
5084,Chlamydia,274.0,North Dakota,2008.0,Male,35-39 years,35-39,21.0,18654.0,112.58
5085,Chlamydia,274.0,North Dakota,2008.0,Male,40+ years,40+,14.0,143356.0,9.77
5086,Chlamydia,274.0,North Dakota,2009.0,Male,15-19 years,15-19,104.0,25383.0,409.72
5087,Chlamydia,274.0,North Dakota,2009.0,Male,20-24 years,20-24,308.0,34660.0,888.63
5088,Chlamydia,274.0,North Dakota,2009.0,Male,25-29 years,25-29,145.0,25650.0,565.3
5089,Chlamydia,274.0,North Dakota,2009.0,Male,30-34 years,30-34,55.0,18189.0,302.38
5090,Chlamydia,274.0,North Dakota,2009.0,Male,35-39 years,35-39,22.0,18132.0,121.33
5091,Chlamydia,274.0,North Dakota,2009.0,Male,40+ years,40+,18.0,142488.0,12.63
5092,Chlamydia,274.0,North Dakota,2009.0,Male,Unknown,99,2.0,,
5093,Chlamydia,274.0,North Dakota,2010.0,Male,0-14 years,0-14,2.0,63702.0,3.14
5094,Chlamydia,274.0,North Dakota,2010.0,Male,15-19 years,15-19,148.0,24626.0,600.99
5095,Chlamydia,274.0,North Dakota,2010.0,Male,20-24 years,20-24,394.0,31530.0,1249.6
5096,Chlamydia,274.0,North Dakota,2010.0,Male,25-29 years,25-29,169.0,26451.0,638.92
5097,Chlamydia,274.0,North Dakota,2010.0,Male,30-34 years,30-34,67.0,21601.0,310.17
5098,Chlamydia,274.0,North Dakota,2010.0,Male,35-39 years,35-39,22.0,19209.0,114.53
5099,Chlamydia,274.0,North Dakota,2010.0,Male,40+ years,40+,20.0,152745.0,13.09
5100,Chlamydia,274.0,North Dakota,2011.0,Male,0-14 years,0-14,1.0,64387.0,1.55
5101,Chlamydia,274.0,North Dakota,2011.0,Male,15-19 years,15-19,141.0,25012.0,563.73
5102,Chlamydia,274.0,North Dakota,2011.0,Male,20-24 years,20-24,424.0,32673.0,1297.71
5103,Chlamydia,274.0,North Dakota,2011.0,Male,25-29 years,25-29,161.0,27318.0,589.36
5104,Chlamydia,274.0,North Dakota,2011.0,Male,30-34 years,30-34,75.0,22958.0,326.68
5105,Chlamydia,274.0,North Dakota,2011.0,Male,35-39 years,35-39,17.0,19284.0,88.16
5106,Chlamydia,274.0,North Dakota,2011.0,Male,40+ years,40+,22.0,154638.0,14.23
5107,Chlamydia,274.0,North Dakota,2012.0,Male,0-14 years,0-14,1.0,66364.0,1.51
5108,Chlamydia,274.0,North Dakota,2012.0,Male,15-19 years,15-19,176.0,24819.0,709.13
5109,Chlamydia,274.0,North Dakota,2012.0,Male,20-24 years,20-24,470.0,35047.0,1341.06
5110,Chlamydia,274.0,North Dakota,2012.0,Male,25-29 years,25-29,219.0,28110.0,779.08
5111,Chlamydia,274.0,North Dakota,2012.0,Male,30-34 years,30-34,87.0,24738.0,351.69
5112,Chlamydia,274.0,North Dakota,2012.0,Male,35-39 years,35-39,32.0,20154.0,158.78
5113,Chlamydia,274.0,North Dakota,2012.0,Male,40+ years,40+,25.0,156510.0,15.97
5114,Chlamydia,274.0,North Dakota,2013.0,Male,0-14 years,0-14,1.0,70147.0,1.43
5115,Chlamydia,274.0,North Dakota,2013.0,Male,15-19 years,15-19,147.0,25534.0,575.7
5116,Chlamydia,274.0,North Dakota,2013.0,Male,20-24 years,20-24,445.0,37919.0,1173.55
5117,Chlamydia,274.0,North Dakota,2013.0,Male,25-29 years,25-29,244.0,29371.0,830.75
5118,Chlamydia,274.0,North Dakota,2013.0,Male,30-34 years,30-34,85.0,26595.0,319.61
5119,Chlamydia,274.0,North Dakota,2013.0,Male,35-39 years,35-39,48.0,21641.0,221.8
5120,Chlamydia,274.0,North Dakota,2013.0,Male,40+ years,40+,39.0,158794.0,24.56
5121,Chlamydia,274.0,North Dakota,2014.0,Male,0-14 years,0-14,2.0,70147.0,2.85
5122,Chlamydia,274.0,North Dakota,2014.0,Male,15-19 years,15-19,162.0,25534.0,634.45
5123,Chlamydia,274.0,North Dakota,2014.0,Male,20-24 years,20-24,543.0,37919.0,1432.0
5124,Chlamydia,274.0,North Dakota,2014.0,Male,25-29 years,25-29,310.0,29371.0,1055.46
5125,Chlamydia,274.0,North Dakota,2014.0,Male,30-34 years,30-34,131.0,26595.0,492.57
5126,Chlamydia,274.0,North Dakota,2014.0,Male,35-39 years,35-39,57.0,21641.0,263.39
5127,Chlamydia,274.0,North Dakota,2014.0,Male,40+ years,40+,44.0,158794.0,27.71
5128,Chlamydia,274.0,Ohio,1996.0,Male,0-14 years,0-14,62.0,1223962.0,5.07
5129,Chlamydia,274.0,Ohio,1996.0,Male,15-19 years,15-19,816.0,410577.0,198.75
5130,Chlamydia,274.0,Ohio,1996.0,Male,20-24 years,20-24,791.0,364821.0,216.82
5131,Chlamydia,274.0,Ohio,1996.0,Male,25-29 years,25-29,369.0,389670.0,94.7
5132,Chlamydia,274.0,Ohio,1996.0,Male,30-34 years,30-34,182.0,423311.0,42.99
5133,Chlamydia,274.0,Ohio,1996.0,Male,35-39 years,35-39,105.0,464418.0,22.61
5134,Chlamydia,274.0,Ohio,1996.0,Male,40+ years,40+,107.0,2168304.0,4.93
5135,Chlamydia,274.0,Ohio,1997.0,Male,0-14 years,0-14,40.0,1226961.0,3.26
5136,Chlamydia,274.0,Ohio,1997.0,Male,15-19 years,15-19,899.0,416552.0,215.82
5137,Chlamydia,274.0,Ohio,1997.0,Male,20-24 years,20-24,1010.0,359116.0,281.25
5138,Chlamydia,274.0,Ohio,1997.0,Male,25-29 years,25-29,502.0,387714.0,129.48
5139,Chlamydia,274.0,Ohio,1997.0,Male,30-34 years,30-34,220.0,409507.0,53.72
5140,Chlamydia,274.0,Ohio,1997.0,Male,35-39 years,35-39,123.0,458431.0,26.83
5141,Chlamydia,274.0,Ohio,1997.0,Male,40+ years,40+,117.0,2206771.0,5.3
5142,Chlamydia,274.0,Ohio,1998.0,Male,0-14 years,0-14,43.0,1227385.0,3.5
5143,Chlamydia,274.0,Ohio,1998.0,Male,15-19 years,15-19,1201.0,420187.0,285.82
5144,Chlamydia,274.0,Ohio,1998.0,Male,20-24 years,20-24,1431.0,358901.0,398.72
5145,Chlamydia,274.0,Ohio,1998.0,Male,25-29 years,25-29,725.0,381979.0,189.8
5146,Chlamydia,274.0,Ohio,1998.0,Male,30-34 years,30-34,328.0,399032.0,82.2
5147,Chlamydia,274.0,Ohio,1998.0,Male,35-39 years,35-39,174.0,450009.0,38.67
5148,Chlamydia,274.0,Ohio,1998.0,Male,40+ years,40+,174.0,2246454.0,7.75
5149,Chlamydia,274.0,Ohio,1998.0,Male,Unknown,99,135.0,,
5150,Chlamydia,274.0,Ohio,1999.0,Male,0-14 years,0-14,50.0,1228423.0,4.07
5151,Chlamydia,274.0,Ohio,1999.0,Male,15-19 years,15-19,1374.0,418316.0,328.46
5152,Chlamydia,274.0,Ohio,1999.0,Male,20-24 years,20-24,1989.0,361284.0,550.54
5153,Chlamydia,274.0,Ohio,1999.0,Male,25-29 years,25-29,955.0,373666.0,255.58
5154,Chlamydia,274.0,Ohio,1999.0,Male,30-34 years,30-34,429.0,392019.0,109.43
5155,Chlamydia,274.0,Ohio,1999.0,Male,35-39 years,35-39,292.0,442769.0,65.95
5156,Chlamydia,274.0,Ohio,1999.0,Male,40+ years,40+,369.0,2283960.0,16.16
5157,Chlamydia,274.0,Ohio,1999.0,Male,Unknown,99,146.0,,
5158,Chlamydia,274.0,Ohio,2000.0,Male,0-14 years,0-14,51.0,1220868.0,4.18
5159,Chlamydia,274.0,Ohio,2000.0,Male,15-19 years,15-19,1525.0,415181.0,367.31
5160,Chlamydia,274.0,Ohio,2000.0,Male,20-24 years,20-24,2007.0,367827.0,545.64
5161,Chlamydia,274.0,Ohio,2000.0,Male,25-29 years,25-29,1000.0,363502.0,275.1
5162,Chlamydia,274.0,Ohio,2000.0,Male,30-34 years,30-34,461.0,392283.0,117.52
5163,Chlamydia,274.0,Ohio,2000.0,Male,35-39 years,35-39,284.0,433637.0,65.49
5164,Chlamydia,274.0,Ohio,2000.0,Male,40+ years,40+,347.0,2324813.0,14.93
5165,Chlamydia,274.0,Ohio,2000.0,Male,Unknown,99,144.0,,
5166,Chlamydia,274.0,Ohio,2001.0,Male,0-14 years,0-14,63.0,1219693.0,5.17
5167,Chlamydia,274.0,Ohio,2001.0,Male,15-19 years,15-19,1775.0,415030.0,427.68
5168,Chlamydia,274.0,Ohio,2001.0,Male,20-24 years,20-24,2714.0,379247.0,715.63
5169,Chlamydia,274.0,Ohio,2001.0,Male,25-29 years,25-29,1365.0,352615.0,387.11
5170,Chlamydia,274.0,Ohio,2001.0,Male,30-34 years,30-34,712.0,392661.0,181.33
5171,Chlamydia,274.0,Ohio,2001.0,Male,35-39 years,35-39,351.0,422019.0,83.17
5172,Chlamydia,274.0,Ohio,2001.0,Male,40+ years,40+,449.0,2353112.0,19.08
5173,Chlamydia,274.0,Ohio,2001.0,Male,Unknown,99,174.0,,
5174,Chlamydia,274.0,Ohio,2002.0,Male,0-14 years,0-14,48.0,1219726.0,3.94
5175,Chlamydia,274.0,Ohio,2002.0,Male,15-19 years,15-19,1968.0,414919.0,474.31
5176,Chlamydia,274.0,Ohio,2002.0,Male,20-24 years,20-24,2803.0,390231.0,718.29
5177,Chlamydia,274.0,Ohio,2002.0,Male,25-29 years,25-29,1378.0,347558.0,396.48
5178,Chlamydia,274.0,Ohio,2002.0,Male,30-34 years,30-34,754.0,392431.0,192.14
5179,Chlamydia,274.0,Ohio,2002.0,Male,35-39 years,35-39,352.0,410093.0,85.83
5180,Chlamydia,274.0,Ohio,2002.0,Male,40+ years,40+,476.0,2378227.0,20.01
5181,Chlamydia,274.0,Ohio,2002.0,Male,Unknown,99,147.0,,
5182,Chlamydia,274.0,Ohio,2003.0,Male,0-14 years,0-14,77.0,1188417.0,6.48
5183,Chlamydia,274.0,Ohio,2003.0,Male,15-19 years,15-19,2088.0,415476.0,502.56
5184,Chlamydia,274.0,Ohio,2003.0,Male,20-24 years,20-24,3037.0,401238.0,756.91
5185,Chlamydia,274.0,Ohio,2003.0,Male,25-29 years,25-29,1410.0,349156.0,403.83
5186,Chlamydia,274.0,Ohio,2003.0,Male,30-34 years,30-34,686.0,383195.0,179.02
5187,Chlamydia,274.0,Ohio,2003.0,Male,35-39 years,35-39,339.0,400927.0,84.55
5188,Chlamydia,274.0,Ohio,2003.0,Male,40+ years,40+,428.0,2427806.0,17.63
5189,Chlamydia,274.0,Ohio,2003.0,Male,Unknown,99,150.0,,
5190,Chlamydia,274.0,Ohio,2004.0,Male,0-14 years,0-14,89.0,1169546.0,7.61
5191,Chlamydia,274.0,Ohio,2004.0,Male,15-19 years,15-19,2138.0,417286.0,512.36
5192,Chlamydia,274.0,Ohio,2004.0,Male,20-24 years,20-24,2895.0,405006.0,714.8
5193,Chlamydia,274.0,Ohio,2004.0,Male,25-29 years,25-29,1459.0,357140.0,408.52
5194,Chlamydia,274.0,Ohio,2004.0,Male,30-34 years,30-34,689.0,375110.0,183.68
5195,Chlamydia,274.0,Ohio,2004.0,Male,35-39 years,35-39,349.0,393247.0,88.75
5196,Chlamydia,274.0,Ohio,2004.0,Male,40+ years,40+,447.0,2463300.0,18.15
5197,Chlamydia,274.0,Ohio,2004.0,Male,Unknown,99,123.0,,
5198,Chlamydia,274.0,Ohio,2005.0,Male,0-14 years,0-14,89.0,1155384.0,7.7
5199,Chlamydia,274.0,Ohio,2005.0,Male,15-19 years,15-19,2477.0,418770.0,591.49
5200,Chlamydia,274.0,Ohio,2005.0,Male,20-24 years,20-24,3099.0,404792.0,765.58
5201,Chlamydia,274.0,Ohio,2005.0,Male,25-29 years,25-29,1664.0,366111.0,454.51
5202,Chlamydia,274.0,Ohio,2005.0,Male,30-34 years,30-34,738.0,363304.0,203.14
5203,Chlamydia,274.0,Ohio,2005.0,Male,35-39 years,35-39,401.0,390265.0,102.75
5204,Chlamydia,274.0,Ohio,2005.0,Male,40+ years,40+,525.0,2488981.0,21.09
5205,Chlamydia,274.0,Ohio,2005.0,Male,Unknown,99,146.0,,
5206,Chlamydia,274.0,Ohio,2006.0,Male,0-14 years,0-14,71.0,1159349.0,6.12
5207,Chlamydia,274.0,Ohio,2006.0,Male,15-19 years,15-19,2573.0,416341.0,618.0
5208,Chlamydia,274.0,Ohio,2006.0,Male,20-24 years,20-24,3060.0,399665.0,765.64
5209,Chlamydia,274.0,Ohio,2006.0,Male,25-29 years,25-29,1550.0,381599.0,406.19
5210,Chlamydia,274.0,Ohio,2006.0,Male,30-34 years,30-34,695.0,348022.0,199.7
5211,Chlamydia,274.0,Ohio,2006.0,Male,35-39 years,35-39,363.0,386384.0,93.95
5212,Chlamydia,274.0,Ohio,2006.0,Male,40+ years,40+,481.0,2506317.0,19.19
5213,Chlamydia,274.0,Ohio,2006.0,Male,Unknown,99,246.0,,
5214,Chlamydia,274.0,Ohio,2007.0,Male,0-14 years,0-14,96.0,1151280.0,8.34
5215,Chlamydia,274.0,Ohio,2007.0,Male,15-19 years,15-19,3294.0,415686.0,792.42
5216,Chlamydia,274.0,Ohio,2007.0,Male,20-24 years,20-24,3663.0,385753.0,949.57
5217,Chlamydia,274.0,Ohio,2007.0,Male,25-29 years,25-29,1890.0,388151.0,486.92
5218,Chlamydia,274.0,Ohio,2007.0,Male,30-34 years,30-34,774.0,342461.0,226.01
5219,Chlamydia,274.0,Ohio,2007.0,Male,35-39 years,35-39,448.0,383634.0,116.78
5220,Chlamydia,274.0,Ohio,2007.0,Male,40+ years,40+,547.0,2524196.0,21.67
5221,Chlamydia,274.0,Ohio,2007.0,Male,Unknown,99,140.0,,
5222,Chlamydia,274.0,Ohio,2008.0,Male,0-14 years,0-14,99.0,1144933.0,8.65
5223,Chlamydia,274.0,Ohio,2008.0,Male,15-19 years,15-19,3522.0,414010.0,850.7
5224,Chlamydia,274.0,Ohio,2008.0,Male,20-24 years,20-24,3653.0,386135.0,946.04
5225,Chlamydia,274.0,Ohio,2008.0,Male,25-29 years,25-29,1812.0,388804.0,466.05
5226,Chlamydia,274.0,Ohio,2008.0,Male,30-34 years,30-34,795.0,344391.0,230.84
5227,Chlamydia,274.0,Ohio,2008.0,Male,35-39 years,35-39,422.0,376928.0,111.96
5228,Chlamydia,274.0,Ohio,2008.0,Male,40+ years,40+,492.0,2548567.0,19.3
5229,Chlamydia,274.0,Ohio,2008.0,Male,Unknown,99,52.0,,
5230,Chlamydia,274.0,Ohio,2009.0,Male,0-14 years,0-14,110.0,1141417.0,9.64
5231,Chlamydia,274.0,Ohio,2009.0,Male,15-19 years,15-19,3491.0,413211.0,844.85
5232,Chlamydia,274.0,Ohio,2009.0,Male,20-24 years,20-24,3823.0,382328.0,999.93
5233,Chlamydia,274.0,Ohio,2009.0,Male,25-29 years,25-29,1771.0,385543.0,459.35
5234,Chlamydia,274.0,Ohio,2009.0,Male,30-34 years,30-34,843.0,356942.0,236.17
5235,Chlamydia,274.0,Ohio,2009.0,Male,35-39 years,35-39,427.0,367638.0,116.15
5236,Chlamydia,274.0,Ohio,2009.0,Male,40+ years,40+,402.0,2586324.0,15.54
5237,Chlamydia,274.0,Ohio,2009.0,Male,Unknown,99,111.0,,
5238,Chlamydia,274.0,Ohio,2010.0,Male,0-14 years,0-14,106.0,1146272.0,9.25
5239,Chlamydia,274.0,Ohio,2010.0,Male,15-19 years,15-19,3926.0,420975.0,932.6
5240,Chlamydia,274.0,Ohio,2010.0,Male,20-24 years,20-24,4315.0,384202.0,1123.11
5241,Chlamydia,274.0,Ohio,2010.0,Male,25-29 years,25-29,2031.0,357837.0,567.58
5242,Chlamydia,274.0,Ohio,2010.0,Male,30-34 years,30-34,956.0,344087.0,277.84
5243,Chlamydia,274.0,Ohio,2010.0,Male,35-39 years,35-39,453.0,356420.0,127.1
5244,Chlamydia,274.0,Ohio,2010.0,Male,40+ years,40+,501.0,2622363.0,19.1
5245,Chlamydia,274.0,Ohio,2010.0,Male,Unknown,99,32.0,,
5246,Chlamydia,274.0,Ohio,2011.0,Male,0-14 years,0-14,102.0,1132481.0,9.01
5247,Chlamydia,274.0,Ohio,2011.0,Male,15-19 years,15-19,4091.0,411083.0,995.18
5248,Chlamydia,274.0,Ohio,2011.0,Male,20-24 years,20-24,5145.0,390763.0,1316.65
5249,Chlamydia,274.0,Ohio,2011.0,Male,25-29 years,25-29,2263.0,359006.0,630.35
5250,Chlamydia,274.0,Ohio,2011.0,Male,30-34 years,30-34,1015.0,351892.0,288.44
5251,Chlamydia,274.0,Ohio,2011.0,Male,35-39 years,35-39,514.0,339749.0,151.29
5252,Chlamydia,274.0,Ohio,2011.0,Male,40+ years,40+,564.0,2654378.0,21.25
5253,Chlamydia,274.0,Ohio,2011.0,Male,Unknown,99,37.0,,
5254,Chlamydia,274.0,Ohio,2012.0,Male,0-14 years,0-14,100.0,1122629.0,8.91
5255,Chlamydia,274.0,Ohio,2012.0,Male,15-19 years,15-19,3906.0,402878.0,969.52
5256,Chlamydia,274.0,Ohio,2012.0,Male,20-24 years,20-24,5523.0,397803.0,1388.38
5257,Chlamydia,274.0,Ohio,2012.0,Male,25-29 years,25-29,2369.0,359935.0,658.17
5258,Chlamydia,274.0,Ohio,2012.0,Male,30-34 years,30-34,1120.0,355794.0,314.79
5259,Chlamydia,274.0,Ohio,2012.0,Male,35-39 years,35-39,520.0,333404.0,155.97
5260,Chlamydia,274.0,Ohio,2012.0,Male,40+ years,40+,697.0,2670177.0,26.1
5261,Chlamydia,274.0,Ohio,2012.0,Male,Unknown,99,27.0,,
5262,Chlamydia,274.0,Ohio,2013.0,Male,0-14 years,0-14,105.0,1117136.0,9.4
5263,Chlamydia,274.0,Ohio,2013.0,Male,15-19 years,15-19,3764.0,399167.0,942.96
5264,Chlamydia,274.0,Ohio,2013.0,Male,20-24 years,20-24,5570.0,399872.0,1392.95
5265,Chlamydia,274.0,Ohio,2013.0,Male,25-29 years,25-29,2596.0,367681.0,706.05
5266,Chlamydia,274.0,Ohio,2013.0,Male,30-34 years,30-34,1375.0,358323.0,383.73
5267,Chlamydia,274.0,Ohio,2013.0,Male,35-39 years,35-39,639.0,333538.0,191.58
5268,Chlamydia,274.0,Ohio,2013.0,Male,40+ years,40+,741.0,2683942.0,27.61
5269,Chlamydia,274.0,Ohio,2013.0,Male,Unknown,99,38.0,,
5270,Chlamydia,274.0,Ohio,2014.0,Male,0-14 years,0-14,85.0,1117136.0,7.61
5271,Chlamydia,274.0,Ohio,2014.0,Male,15-19 years,15-19,3798.0,399167.0,951.48
5272,Chlamydia,274.0,Ohio,2014.0,Male,20-24 years,20-24,6014.0,399872.0,1503.98
5273,Chlamydia,274.0,Ohio,2014.0,Male,25-29 years,25-29,2922.0,367681.0,794.71
5274,Chlamydia,274.0,Ohio,2014.0,Male,30-34 years,30-34,1436.0,358323.0,400.76
5275,Chlamydia,274.0,Ohio,2014.0,Male,35-39 years,35-39,692.0,333538.0,207.47
5276,Chlamydia,274.0,Ohio,2014.0,Male,40+ years,40+,857.0,2683942.0,31.93
5277,Chlamydia,274.0,Ohio,2014.0,Male,Unknown,99,21.0,,
5278,Chlamydia,274.0,Oklahoma,1996.0,Male,0-14 years,0-14,14.0,375224.0,3.73
5279,Chlamydia,274.0,Oklahoma,1996.0,Male,15-19 years,15-19,345.0,131774.0,261.81
5280,Chlamydia,274.0,Oklahoma,1996.0,Male,20-24 years,20-24,437.0,120796.0,361.77
5281,Chlamydia,274.0,Oklahoma,1996.0,Male,25-29 years,25-29,179.0,113783.0,157.32
5282,Chlamydia,274.0,Oklahoma,1996.0,Male,30-34 years,30-34,67.0,121894.0,54.97
5283,Chlamydia,274.0,Oklahoma,1996.0,Male,35-39 years,35-39,35.0,133636.0,26.19
5284,Chlamydia,274.0,Oklahoma,1996.0,Male,40+ years,40+,28.0,639161.0,4.38
5285,Chlamydia,274.0,Oklahoma,1997.0,Male,0-14 years,0-14,13.0,376172.0,3.46
5286,Chlamydia,274.0,Oklahoma,1997.0,Male,15-19 years,15-19,330.0,135157.0,244.16
5287,Chlamydia,274.0,Oklahoma,1997.0,Male,20-24 years,20-24,456.0,121404.0,375.61
5288,Chlamydia,274.0,Oklahoma,1997.0,Male,25-29 years,25-29,184.0,115904.0,158.75
5289,Chlamydia,274.0,Oklahoma,1997.0,Male,30-34 years,30-34,90.0,117200.0,76.79
5290,Chlamydia,274.0,Oklahoma,1997.0,Male,35-39 years,35-39,40.0,133607.0,29.94
5291,Chlamydia,274.0,Oklahoma,1997.0,Male,40+ years,40+,37.0,653895.0,5.66
5292,Chlamydia,274.0,Oklahoma,1998.0,Male,0-14 years,0-14,24.0,377430.0,6.36
5293,Chlamydia,274.0,Oklahoma,1998.0,Male,15-19 years,15-19,539.0,138519.0,389.12
5294,Chlamydia,274.0,Oklahoma,1998.0,Male,20-24 years,20-24,634.0,122834.0,516.14
5295,Chlamydia,274.0,Oklahoma,1998.0,Male,25-29 years,25-29,295.0,117051.0,252.03
5296,Chlamydia,274.0,Oklahoma,1998.0,Male,30-34 years,30-34,111.0,113411.0,97.87
5297,Chlamydia,274.0,Oklahoma,1998.0,Male,35-39 years,35-39,48.0,133053.0,36.08
5298,Chlamydia,274.0,Oklahoma,1998.0,Male,40+ years,40+,46.0,667579.0,6.89
5299,Chlamydia,274.0,Oklahoma,1999.0,Male,0-14 years,0-14,10.0,376418.0,2.66
5300,Chlamydia,274.0,Oklahoma,1999.0,Male,15-19 years,15-19,427.0,139723.0,305.61
5301,Chlamydia,274.0,Oklahoma,1999.0,Male,20-24 years,20-24,577.0,126379.0,456.56
5302,Chlamydia,274.0,Oklahoma,1999.0,Male,25-29 years,25-29,226.0,117519.0,192.31
5303,Chlamydia,274.0,Oklahoma,1999.0,Male,30-34 years,30-34,113.0,112330.0,100.6
5304,Chlamydia,274.0,Oklahoma,1999.0,Male,35-39 years,35-39,60.0,132216.0,45.38
5305,Chlamydia,274.0,Oklahoma,1999.0,Male,40+ years,40+,43.0,683779.0,6.29
5306,Chlamydia,274.0,Oklahoma,1999.0,Male,Unknown,99,2.0,,
5307,Chlamydia,274.0,Oklahoma,2000.0,Male,0-14 years,0-14,7.0,370592.0,1.89
5308,Chlamydia,274.0,Oklahoma,2000.0,Male,15-19 years,15-19,434.0,138336.0,313.73
5309,Chlamydia,274.0,Oklahoma,2000.0,Male,20-24 years,20-24,685.0,129744.0,527.96
5310,Chlamydia,274.0,Oklahoma,2000.0,Male,25-29 years,25-29,259.0,117050.0,221.27
5311,Chlamydia,274.0,Oklahoma,2000.0,Male,30-34 years,30-34,125.0,113361.0,110.27
5312,Chlamydia,274.0,Oklahoma,2000.0,Male,35-39 years,35-39,55.0,128691.0,42.74
5313,Chlamydia,274.0,Oklahoma,2000.0,Male,40+ years,40+,50.0,700101.0,7.14
5314,Chlamydia,274.0,Oklahoma,2000.0,Male,Unknown,99,1.0,,
5315,Chlamydia,274.0,Oklahoma,2001.0,Male,0-14 years,0-14,11.0,370598.0,2.97
5316,Chlamydia,274.0,Oklahoma,2001.0,Male,15-19 years,15-19,481.0,136407.0,352.62
5317,Chlamydia,274.0,Oklahoma,2001.0,Male,20-24 years,20-24,790.0,134545.0,587.16
5318,Chlamydia,274.0,Oklahoma,2001.0,Male,25-29 years,25-29,318.0,116719.0,272.45
5319,Chlamydia,274.0,Oklahoma,2001.0,Male,30-34 years,30-34,141.0,114516.0,123.13
5320,Chlamydia,274.0,Oklahoma,2001.0,Male,35-39 years,35-39,71.0,123681.0,57.41
5321,Chlamydia,274.0,Oklahoma,2001.0,Male,40+ years,40+,66.0,710728.0,9.29
5322,Chlamydia,274.0,Oklahoma,2002.0,Male,0-14 years,0-14,16.0,369572.0,4.33
5323,Chlamydia,274.0,Oklahoma,2002.0,Male,15-19 years,15-19,565.0,134323.0,420.63
5324,Chlamydia,274.0,Oklahoma,2002.0,Male,20-24 years,20-24,819.0,139168.0,588.5
5325,Chlamydia,274.0,Oklahoma,2002.0,Male,25-29 years,25-29,350.0,118112.0,296.33
5326,Chlamydia,274.0,Oklahoma,2002.0,Male,30-34 years,30-34,137.0,116143.0,117.96
5327,Chlamydia,274.0,Oklahoma,2002.0,Male,35-39 years,35-39,83.0,118927.0,69.79
5328,Chlamydia,274.0,Oklahoma,2002.0,Male,40+ years,40+,70.0,723628.0,9.67
5329,Chlamydia,274.0,Oklahoma,2003.0,Male,0-14 years,0-14,11.0,373217.0,2.95
5330,Chlamydia,274.0,Oklahoma,2003.0,Male,15-19 years,15-19,578.0,132105.0,437.53
5331,Chlamydia,274.0,Oklahoma,2003.0,Male,20-24 years,20-24,846.0,143030.0,591.48
5332,Chlamydia,274.0,Oklahoma,2003.0,Male,25-29 years,25-29,325.0,120744.0,269.17
5333,Chlamydia,274.0,Oklahoma,2003.0,Male,30-34 years,30-34,151.0,115775.0,130.43
5334,Chlamydia,274.0,Oklahoma,2003.0,Male,35-39 years,35-39,57.0,114944.0,49.59
5335,Chlamydia,274.0,Oklahoma,2003.0,Male,40+ years,40+,55.0,731634.0,7.52
5336,Chlamydia,274.0,Oklahoma,2004.0,Male,0-14 years,0-14,10.0,365610.0,2.74
5337,Chlamydia,274.0,Oklahoma,2004.0,Male,15-19 years,15-19,609.0,130049.0,468.29
5338,Chlamydia,274.0,Oklahoma,2004.0,Male,20-24 years,20-24,907.0,145604.0,622.92
5339,Chlamydia,274.0,Oklahoma,2004.0,Male,25-29 years,25-29,316.0,124739.0,253.33
5340,Chlamydia,274.0,Oklahoma,2004.0,Male,30-34 years,30-34,146.0,116126.0,125.73
5341,Chlamydia,274.0,Oklahoma,2004.0,Male,35-39 years,35-39,59.0,113191.0,52.12
5342,Chlamydia,274.0,Oklahoma,2004.0,Male,40+ years,40+,82.0,744946.0,11.01
5343,Chlamydia,274.0,Oklahoma,2005.0,Male,0-14 years,0-14,16.0,362040.0,4.42
5344,Chlamydia,274.0,Oklahoma,2005.0,Male,15-19 years,15-19,685.0,129453.0,529.15
5345,Chlamydia,274.0,Oklahoma,2005.0,Male,20-24 years,20-24,1160.0,144631.0,802.04
5346,Chlamydia,274.0,Oklahoma,2005.0,Male,25-29 years,25-29,537.0,129518.0,414.61
5347,Chlamydia,274.0,Oklahoma,2005.0,Male,30-34 years,30-34,216.0,116113.0,186.03
5348,Chlamydia,274.0,Oklahoma,2005.0,Male,35-39 years,35-39,78.0,113412.0,68.78
5349,Chlamydia,274.0,Oklahoma,2005.0,Male,40+ years,40+,107.0,758107.0,14.11
5350,Chlamydia,274.0,Oklahoma,2006.0,Male,0-14 years,0-14,21.0,379298.0,5.54
5351,Chlamydia,274.0,Oklahoma,2006.0,Male,15-19 years,15-19,865.0,129546.0,667.72
5352,Chlamydia,274.0,Oklahoma,2006.0,Male,20-24 years,20-24,1372.0,142305.0,964.13
5353,Chlamydia,274.0,Oklahoma,2006.0,Male,25-29 years,25-29,596.0,132206.0,450.81
5354,Chlamydia,274.0,Oklahoma,2006.0,Male,30-34 years,30-34,210.0,111571.0,188.22
5355,Chlamydia,274.0,Oklahoma,2006.0,Male,35-39 years,35-39,123.0,114393.0,107.52
5356,Chlamydia,274.0,Oklahoma,2006.0,Male,40+ years,40+,127.0,755195.0,16.82
5357,Chlamydia,274.0,Oklahoma,2007.0,Male,0-14 years,0-14,6.0,382459.0,1.57
5358,Chlamydia,274.0,Oklahoma,2007.0,Male,15-19 years,15-19,881.0,131171.0,671.64
5359,Chlamydia,274.0,Oklahoma,2007.0,Male,20-24 years,20-24,1394.0,144077.0,967.54
5360,Chlamydia,274.0,Oklahoma,2007.0,Male,25-29 years,25-29,641.0,139631.0,459.07
5361,Chlamydia,274.0,Oklahoma,2007.0,Male,30-34 years,30-34,240.0,112292.0,213.73
5362,Chlamydia,274.0,Oklahoma,2007.0,Male,35-39 years,35-39,127.0,115763.0,109.71
5363,Chlamydia,274.0,Oklahoma,2007.0,Male,40+ years,40+,110.0,762095.0,14.43
5364,Chlamydia,274.0,Oklahoma,2008.0,Male,0-14 years,0-14,19.0,387029.0,4.91
5365,Chlamydia,274.0,Oklahoma,2008.0,Male,15-19 years,15-19,841.0,130238.0,645.74
5366,Chlamydia,274.0,Oklahoma,2008.0,Male,20-24 years,20-24,1550.0,141925.0,1092.13
5367,Chlamydia,274.0,Oklahoma,2008.0,Male,25-29 years,25-29,661.0,140754.0,469.61
5368,Chlamydia,274.0,Oklahoma,2008.0,Male,30-34 years,30-34,279.0,113910.0,244.93
5369,Chlamydia,274.0,Oklahoma,2008.0,Male,35-39 years,35-39,132.0,115554.0,114.23
5370,Chlamydia,274.0,Oklahoma,2008.0,Male,40+ years,40+,123.0,769431.0,15.99
5371,Chlamydia,274.0,Oklahoma,2008.0,Male,Unknown,99,1.0,,
5372,Chlamydia,274.0,Oklahoma,2009.0,Male,0-14 years,0-14,21.0,393735.0,5.33
5373,Chlamydia,274.0,Oklahoma,2009.0,Male,15-19 years,15-19,999.0,132771.0,752.42
5374,Chlamydia,274.0,Oklahoma,2009.0,Male,20-24 years,20-24,1570.0,146464.0,1071.94
5375,Chlamydia,274.0,Oklahoma,2009.0,Male,25-29 years,25-29,759.0,141717.0,535.57
5376,Chlamydia,274.0,Oklahoma,2009.0,Male,30-34 years,30-34,283.0,117434.0,240.99
5377,Chlamydia,274.0,Oklahoma,2009.0,Male,35-39 years,35-39,119.0,115329.0,103.18
5378,Chlamydia,274.0,Oklahoma,2009.0,Male,40+ years,40+,124.0,774524.0,16.01
5379,Chlamydia,274.0,Oklahoma,2009.0,Male,Unknown,99,4.0,,
5380,Chlamydia,274.0,Oklahoma,2010.0,Male,0-14 years,0-14,16.0,397878.0,4.02
5381,Chlamydia,274.0,Oklahoma,2010.0,Male,15-19 years,15-19,964.0,135644.0,710.68
5382,Chlamydia,274.0,Oklahoma,2010.0,Male,20-24 years,20-24,1684.0,137934.0,1220.87
5383,Chlamydia,274.0,Oklahoma,2010.0,Male,25-29 years,25-29,769.0,135908.0,565.82
5384,Chlamydia,274.0,Oklahoma,2010.0,Male,30-34 years,30-34,305.0,122914.0,248.14
5385,Chlamydia,274.0,Oklahoma,2010.0,Male,35-39 years,35-39,147.0,117446.0,125.16
5386,Chlamydia,274.0,Oklahoma,2010.0,Male,40+ years,40+,110.0,809253.0,13.59
5387,Chlamydia,274.0,Oklahoma,2010.0,Male,Unknown,99,2.0,,
5388,Chlamydia,274.0,Oklahoma,2011.0,Male,0-14 years,0-14,14.0,401626.0,3.49
5389,Chlamydia,274.0,Oklahoma,2011.0,Male,15-19 years,15-19,839.0,134353.0,624.47
5390,Chlamydia,274.0,Oklahoma,2011.0,Male,20-24 years,20-24,1689.0,143154.0,1179.85
5391,Chlamydia,274.0,Oklahoma,2011.0,Male,25-29 years,25-29,759.0,136048.0,557.89
5392,Chlamydia,274.0,Oklahoma,2011.0,Male,30-34 years,30-34,312.0,126858.0,245.94
5393,Chlamydia,274.0,Oklahoma,2011.0,Male,35-39 years,35-39,118.0,115004.0,102.61
5394,Chlamydia,274.0,Oklahoma,2011.0,Male,40+ years,40+,117.0,820706.0,14.26
5395,Chlamydia,274.0,Oklahoma,2011.0,Male,Unknown,99,3.0,,
5396,Chlamydia,274.0,Oklahoma,2012.0,Male,0-14 years,0-14,8.0,402606.0,1.99
5397,Chlamydia,274.0,Oklahoma,2012.0,Male,15-19 years,15-19,964.0,132020.0,730.19
5398,Chlamydia,274.0,Oklahoma,2012.0,Male,20-24 years,20-24,1977.0,147338.0,1341.81
5399,Chlamydia,274.0,Oklahoma,2012.0,Male,25-29 years,25-29,858.0,134969.0,635.7
5400,Chlamydia,274.0,Oklahoma,2012.0,Male,30-34 years,30-34,381.0,130283.0,292.44
5401,Chlamydia,274.0,Oklahoma,2012.0,Male,35-39 years,35-39,165.0,115449.0,142.92
5402,Chlamydia,274.0,Oklahoma,2012.0,Male,40+ years,40+,145.0,827160.0,17.53
5403,Chlamydia,274.0,Oklahoma,2013.0,Male,0-14 years,0-14,20.0,406583.0,4.92
5404,Chlamydia,274.0,Oklahoma,2013.0,Male,15-19 years,15-19,1031.0,132478.0,778.24
5405,Chlamydia,274.0,Oklahoma,2013.0,Male,20-24 years,20-24,2202.0,149002.0,1477.83
5406,Chlamydia,274.0,Oklahoma,2013.0,Male,25-29 years,25-29,1091.0,133494.0,817.26
5407,Chlamydia,274.0,Oklahoma,2013.0,Male,30-34 years,30-34,464.0,133619.0,347.26
5408,Chlamydia,274.0,Oklahoma,2013.0,Male,35-39 years,35-39,223.0,117558.0,189.69
5409,Chlamydia,274.0,Oklahoma,2013.0,Male,40+ years,40+,182.0,834558.0,21.81
5410,Chlamydia,274.0,Oklahoma,2014.0,Male,0-14 years,0-14,13.0,406583.0,3.2
5411,Chlamydia,274.0,Oklahoma,2014.0,Male,15-19 years,15-19,1118.0,132478.0,843.91
5412,Chlamydia,274.0,Oklahoma,2014.0,Male,20-24 years,20-24,2435.0,149002.0,1634.21
5413,Chlamydia,274.0,Oklahoma,2014.0,Male,25-29 years,25-29,1234.0,133494.0,924.39
5414,Chlamydia,274.0,Oklahoma,2014.0,Male,30-34 years,30-34,538.0,133619.0,402.64
5415,Chlamydia,274.0,Oklahoma,2014.0,Male,35-39 years,35-39,244.0,117558.0,207.56
5416,Chlamydia,274.0,Oklahoma,2014.0,Male,40+ years,40+,220.0,834558.0,26.36
5417,Chlamydia,274.0,Oregon,1996.0,Male,0-14 years,0-14,20.0,345296.0,5.79
5418,Chlamydia,274.0,Oregon,1996.0,Male,15-19 years,15-19,413.0,119137.0,346.66
5419,Chlamydia,274.0,Oregon,1996.0,Male,20-24 years,20-24,467.0,104300.0,447.75
5420,Chlamydia,274.0,Oregon,1996.0,Male,25-29 years,25-29,263.0,114339.0,230.02
5421,Chlamydia,274.0,Oregon,1996.0,Male,30-34 years,30-34,86.0,122657.0,70.11
5422,Chlamydia,274.0,Oregon,1996.0,Male,35-39 years,35-39,50.0,134993.0,37.04
5423,Chlamydia,274.0,Oregon,1996.0,Male,40+ years,40+,52.0,663805.0,7.83
5424,Chlamydia,274.0,Oregon,1996.0,Male,Unknown,99,12.0,,
5425,Chlamydia,274.0,Oregon,1997.0,Male,0-14 years,0-14,10.0,350092.0,2.86
5426,Chlamydia,274.0,Oregon,1997.0,Male,15-19 years,15-19,394.0,122572.0,321.44
5427,Chlamydia,274.0,Oregon,1997.0,Male,20-24 years,20-24,508.0,107655.0,471.88
5428,Chlamydia,274.0,Oregon,1997.0,Male,25-29 years,25-29,263.0,116712.0,225.34
5429,Chlamydia,274.0,Oregon,1997.0,Male,30-34 years,30-34,119.0,120842.0,98.48
5430,Chlamydia,274.0,Oregon,1997.0,Male,35-39 years,35-39,60.0,134408.0,44.64
5431,Chlamydia,274.0,Oregon,1997.0,Male,40+ years,40+,63.0,682028.0,9.24
5432,Chlamydia,274.0,Oregon,1997.0,Male,Unknown,99,4.0,,
5433,Chlamydia,274.0,Oregon,1998.0,Male,0-14 years,0-14,11.0,353692.0,3.11
5434,Chlamydia,274.0,Oregon,1998.0,Male,15-19 years,15-19,426.0,124881.0,341.12
5435,Chlamydia,274.0,Oregon,1998.0,Male,20-24 years,20-24,574.0,111357.0,515.46
5436,Chlamydia,274.0,Oregon,1998.0,Male,25-29 years,25-29,286.0,118593.0,241.16
5437,Chlamydia,274.0,Oregon,1998.0,Male,30-34 years,30-34,129.0,119632.0,107.83
5438,Chlamydia,274.0,Oregon,1998.0,Male,35-39 years,35-39,66.0,133087.0,49.59
5439,Chlamydia,274.0,Oregon,1998.0,Male,40+ years,40+,56.0,697948.0,8.02
5440,Chlamydia,274.0,Oregon,1999.0,Male,0-14 years,0-14,7.0,356658.0,1.96
5441,Chlamydia,274.0,Oregon,1999.0,Male,15-19 years,15-19,468.0,125591.0,372.64
5442,Chlamydia,274.0,Oregon,1999.0,Male,20-24 years,20-24,600.0,115432.0,519.79
5443,Chlamydia,274.0,Oregon,1999.0,Male,25-29 years,25-29,303.0,120080.0,252.33
5444,Chlamydia,274.0,Oregon,1999.0,Male,30-34 years,30-34,149.0,120453.0,123.7
5445,Chlamydia,274.0,Oregon,1999.0,Male,35-39 years,35-39,66.0,131316.0,50.26
5446,Chlamydia,274.0,Oregon,1999.0,Male,40+ years,40+,72.0,712185.0,10.11
5447,Chlamydia,274.0,Oregon,2000.0,Male,0-14 years,0-14,9.0,362358.0,2.48
5448,Chlamydia,274.0,Oregon,2000.0,Male,15-19 years,15-19,463.0,125648.0,368.49
5449,Chlamydia,274.0,Oregon,2000.0,Male,20-24 years,20-24,764.0,118213.0,646.29
5450,Chlamydia,274.0,Oregon,2000.0,Male,25-29 years,25-29,369.0,120262.0,306.83
5451,Chlamydia,274.0,Oregon,2000.0,Male,30-34 years,30-34,148.0,122877.0,120.45
5452,Chlamydia,274.0,Oregon,2000.0,Male,35-39 years,35-39,78.0,127986.0,60.94
5453,Chlamydia,274.0,Oregon,2000.0,Male,40+ years,40+,84.0,724407.0,11.6
5454,Chlamydia,274.0,Oregon,2001.0,Male,0-14 years,0-14,8.0,361425.0,2.21
5455,Chlamydia,274.0,Oregon,2001.0,Male,15-19 years,15-19,500.0,126059.0,396.64
5456,Chlamydia,274.0,Oregon,2001.0,Male,20-24 years,20-24,721.0,120112.0,600.27
5457,Chlamydia,274.0,Oregon,2001.0,Male,25-29 years,25-29,393.0,120349.0,326.55
5458,Chlamydia,274.0,Oregon,2001.0,Male,30-34 years,30-34,187.0,127282.0,146.92
5459,Chlamydia,274.0,Oregon,2001.0,Male,35-39 years,35-39,86.0,126632.0,67.91
5460,Chlamydia,274.0,Oregon,2001.0,Male,40+ years,40+,117.0,741519.0,15.78
5461,Chlamydia,274.0,Oregon,2002.0,Male,0-14 years,0-14,8.0,362092.0,2.21
5462,Chlamydia,274.0,Oregon,2002.0,Male,15-19 years,15-19,362.0,126270.0,286.69
5463,Chlamydia,274.0,Oregon,2002.0,Male,20-24 years,20-24,774.0,122563.0,631.51
5464,Chlamydia,274.0,Oregon,2002.0,Male,25-29 years,25-29,432.0,120871.0,357.41
5465,Chlamydia,274.0,Oregon,2002.0,Male,30-34 years,30-34,186.0,131289.0,141.67
5466,Chlamydia,274.0,Oregon,2002.0,Male,35-39 years,35-39,106.0,125982.0,84.14
5467,Chlamydia,274.0,Oregon,2002.0,Male,40+ years,40+,108.0,758788.0,14.23
5468,Chlamydia,274.0,Oregon,2003.0,Male,0-14 years,0-14,7.0,359837.0,1.95
5469,Chlamydia,274.0,Oregon,2003.0,Male,15-19 years,15-19,400.0,125308.0,319.21
5470,Chlamydia,274.0,Oregon,2003.0,Male,20-24 years,20-24,816.0,127629.0,639.35
5471,Chlamydia,274.0,Oregon,2003.0,Male,25-29 years,25-29,445.0,125937.0,353.35
5472,Chlamydia,274.0,Oregon,2003.0,Male,30-34 years,30-34,212.0,133131.0,159.24
5473,Chlamydia,274.0,Oregon,2003.0,Male,35-39 years,35-39,83.0,125118.0,66.34
5474,Chlamydia,274.0,Oregon,2003.0,Male,40+ years,40+,135.0,771518.0,17.5
5475,Chlamydia,274.0,Oregon,2004.0,Male,0-14 years,0-14,8.0,360796.0,2.22
5476,Chlamydia,274.0,Oregon,2004.0,Male,15-19 years,15-19,494.0,125775.0,392.76
5477,Chlamydia,274.0,Oregon,2004.0,Male,20-24 years,20-24,939.0,129111.0,727.28
5478,Chlamydia,274.0,Oregon,2004.0,Male,25-29 years,25-29,580.0,128800.0,450.31
5479,Chlamydia,274.0,Oregon,2004.0,Male,30-34 years,30-34,264.0,133212.0,198.18
5480,Chlamydia,274.0,Oregon,2004.0,Male,35-39 years,35-39,139.0,125974.0,110.34
5481,Chlamydia,274.0,Oregon,2004.0,Male,40+ years,40+,176.0,783101.0,22.47
5482,Chlamydia,274.0,Oregon,2005.0,Male,0-14 years,0-14,15.0,357831.0,4.19
5483,Chlamydia,274.0,Oregon,2005.0,Male,15-19 years,15-19,508.0,127351.0,398.9
5484,Chlamydia,274.0,Oregon,2005.0,Male,20-24 years,20-24,1069.0,130464.0,819.38
5485,Chlamydia,274.0,Oregon,2005.0,Male,25-29 years,25-29,596.0,132438.0,450.02
5486,Chlamydia,274.0,Oregon,2005.0,Male,30-34 years,30-34,315.0,133110.0,236.65
5487,Chlamydia,274.0,Oregon,2005.0,Male,35-39 years,35-39,161.0,129970.0,123.88
5488,Chlamydia,274.0,Oregon,2005.0,Male,40+ years,40+,160.0,799747.0,20.01
5489,Chlamydia,274.0,Oregon,2006.0,Male,0-14 years,0-14,12.0,359164.0,3.34
5490,Chlamydia,274.0,Oregon,2006.0,Male,15-19 years,15-19,539.0,126467.0,426.2
5491,Chlamydia,274.0,Oregon,2006.0,Male,20-24 years,20-24,1127.0,127846.0,881.53
5492,Chlamydia,274.0,Oregon,2006.0,Male,25-29 years,25-29,642.0,140173.0,458.0
5493,Chlamydia,274.0,Oregon,2006.0,Male,30-34 years,30-34,319.0,127636.0,249.93
5494,Chlamydia,274.0,Oregon,2006.0,Male,35-39 years,35-39,168.0,130221.0,129.01
5495,Chlamydia,274.0,Oregon,2006.0,Male,40+ years,40+,185.0,828181.0,22.34
5496,Chlamydia,274.0,Oregon,2007.0,Male,0-14 years,0-14,9.0,362089.0,2.49
5497,Chlamydia,274.0,Oregon,2007.0,Male,15-19 years,15-19,549.0,127740.0,429.78
5498,Chlamydia,274.0,Oregon,2007.0,Male,20-24 years,20-24,1093.0,124329.0,879.12
5499,Chlamydia,274.0,Oregon,2007.0,Male,25-29 years,25-29,629.0,142206.0,442.32
5500,Chlamydia,274.0,Oregon,2007.0,Male,30-34 years,30-34,297.0,128758.0,230.66
5501,Chlamydia,274.0,Oregon,2007.0,Male,35-39 years,35-39,184.0,132558.0,138.81
5502,Chlamydia,274.0,Oregon,2007.0,Male,40+ years,40+,198.0,844459.0,23.45
5503,Chlamydia,274.0,Oregon,2008.0,Male,0-14 years,0-14,9.0,366005.0,2.46
5504,Chlamydia,274.0,Oregon,2008.0,Male,15-19 years,15-19,705.0,127205.0,554.22
5505,Chlamydia,274.0,Oregon,2008.0,Male,20-24 years,20-24,1150.0,123929.0,927.95
5506,Chlamydia,274.0,Oregon,2008.0,Male,25-29 years,25-29,732.0,142171.0,514.87
5507,Chlamydia,274.0,Oregon,2008.0,Male,30-34 years,30-34,320.0,131876.0,242.65
5508,Chlamydia,274.0,Oregon,2008.0,Male,35-39 years,35-39,190.0,132705.0,143.18
5509,Chlamydia,274.0,Oregon,2008.0,Male,40+ years,40+,205.0,858840.0,23.87
5510,Chlamydia,274.0,Oregon,2009.0,Male,0-14 years,0-14,16.0,369758.0,4.33
5511,Chlamydia,274.0,Oregon,2009.0,Male,15-19 years,15-19,728.0,128945.0,564.58
5512,Chlamydia,274.0,Oregon,2009.0,Male,20-24 years,20-24,1218.0,133140.0,914.83
5513,Chlamydia,274.0,Oregon,2009.0,Male,25-29 years,25-29,690.0,137821.0,500.65
5514,Chlamydia,274.0,Oregon,2009.0,Male,30-34 years,30-34,353.0,129275.0,273.06
5515,Chlamydia,274.0,Oregon,2009.0,Male,35-39 years,35-39,153.0,131303.0,116.52
5516,Chlamydia,274.0,Oregon,2009.0,Male,40+ years,40+,203.0,866812.0,23.42
5517,Chlamydia,274.0,Oregon,2010.0,Male,0-14 years,0-14,12.0,367105.0,3.27
5518,Chlamydia,274.0,Oregon,2010.0,Male,15-19 years,15-19,764.0,130677.0,584.65
5519,Chlamydia,274.0,Oregon,2010.0,Male,20-24 years,20-24,1369.0,128461.0,1065.69
5520,Chlamydia,274.0,Oregon,2010.0,Male,25-29 years,25-29,773.0,133636.0,578.44
5521,Chlamydia,274.0,Oregon,2010.0,Male,30-34 years,30-34,424.0,131139.0,323.32
5522,Chlamydia,274.0,Oregon,2010.0,Male,35-39 years,35-39,206.0,127827.0,161.16
5523,Chlamydia,274.0,Oregon,2010.0,Male,40+ years,40+,237.0,877157.0,27.02
5524,Chlamydia,274.0,Oregon,2010.0,Male,Unknown,99,1.0,,
5525,Chlamydia,274.0,Oregon,2011.0,Male,0-14 years,0-14,12.0,366325.0,3.28
5526,Chlamydia,274.0,Oregon,2011.0,Male,15-19 years,15-19,826.0,128252.0,644.04
5527,Chlamydia,274.0,Oregon,2011.0,Male,20-24 years,20-24,1599.0,133005.0,1202.21
5528,Chlamydia,274.0,Oregon,2011.0,Male,25-29 years,25-29,817.0,133775.0,610.73
5529,Chlamydia,274.0,Oregon,2011.0,Male,30-34 years,30-34,399.0,134386.0,296.91
5530,Chlamydia,274.0,Oregon,2011.0,Male,35-39 years,35-39,196.0,125396.0,156.31
5531,Chlamydia,274.0,Oregon,2011.0,Male,40+ years,40+,304.0,895481.0,33.95
5532,Chlamydia,274.0,Oregon,2011.0,Male,Unknown,99,1.0,,
5533,Chlamydia,274.0,Oregon,2012.0,Male,0-14 years,0-14,8.0,364680.0,2.19
5534,Chlamydia,274.0,Oregon,2012.0,Male,15-19 years,15-19,789.0,126677.0,622.84
5535,Chlamydia,274.0,Oregon,2012.0,Male,20-24 years,20-24,1510.0,135209.0,1116.79
5536,Chlamydia,274.0,Oregon,2012.0,Male,25-29 years,25-29,770.0,132643.0,580.51
5537,Chlamydia,274.0,Oregon,2012.0,Male,30-34 years,30-34,440.0,136689.0,321.9
5538,Chlamydia,274.0,Oregon,2012.0,Male,35-39 years,35-39,206.0,125932.0,163.58
5539,Chlamydia,274.0,Oregon,2012.0,Male,40+ years,40+,301.0,908882.0,33.12
5540,Chlamydia,274.0,Oregon,2012.0,Male,Unknown,99,4.0,,
5541,Chlamydia,274.0,Oregon,2013.0,Male,0-14 years,0-14,21.0,363388.0,5.78
5542,Chlamydia,274.0,Oregon,2013.0,Male,15-19 years,15-19,685.0,126014.0,543.59
5543,Chlamydia,274.0,Oregon,2013.0,Male,20-24 years,20-24,1460.0,135855.0,1074.68
5544,Chlamydia,274.0,Oregon,2013.0,Male,25-29 years,25-29,929.0,132385.0,701.74
5545,Chlamydia,274.0,Oregon,2013.0,Male,30-34 years,30-34,526.0,137957.0,381.28
5546,Chlamydia,274.0,Oregon,2013.0,Male,35-39 years,35-39,243.0,128329.0,189.36
5547,Chlamydia,274.0,Oregon,2013.0,Male,40+ years,40+,378.0,920482.0,41.07
5548,Chlamydia,274.0,Oregon,2013.0,Male,Unknown,99,1.0,,
5549,Chlamydia,274.0,Oregon,2014.0,Male,0-14 years,0-14,9.0,363388.0,2.48
5550,Chlamydia,274.0,Oregon,2014.0,Male,15-19 years,15-19,787.0,126014.0,624.53
5551,Chlamydia,274.0,Oregon,2014.0,Male,20-24 years,20-24,1626.0,135855.0,1196.86
5552,Chlamydia,274.0,Oregon,2014.0,Male,25-29 years,25-29,1081.0,132385.0,816.56
5553,Chlamydia,274.0,Oregon,2014.0,Male,30-34 years,30-34,622.0,137957.0,450.87
5554,Chlamydia,274.0,Oregon,2014.0,Male,35-39 years,35-39,348.0,128329.0,271.18
5555,Chlamydia,274.0,Oregon,2014.0,Male,40+ years,40+,474.0,920482.0,51.49
5556,Chlamydia,274.0,Oregon,2014.0,Male,Unknown,99,6.0,,
5557,Chlamydia,274.0,Pennsylvania,1996.0,Male,0-14 years,0-14,55.0,1253896.0,4.39
5558,Chlamydia,274.0,Pennsylvania,1996.0,Male,15-19 years,15-19,620.0,416367.0,148.91
5559,Chlamydia,274.0,Pennsylvania,1996.0,Male,20-24 years,20-24,625.0,377990.0,165.35
5560,Chlamydia,274.0,Pennsylvania,1996.0,Male,25-29 years,25-29,329.0,413961.0,79.48
5561,Chlamydia,274.0,Pennsylvania,1996.0,Male,30-34 years,30-34,178.0,439391.0,40.51
5562,Chlamydia,274.0,Pennsylvania,1996.0,Male,35-39 years,35-39,87.0,500290.0,17.39
5563,Chlamydia,274.0,Pennsylvania,1996.0,Male,40+ years,40+,94.0,2480926.0,3.79
5564,Chlamydia,274.0,Pennsylvania,1996.0,Male,Unknown,99,61.0,,
5565,Chlamydia,274.0,Pennsylvania,1997.0,Male,0-14 years,0-14,30.0,1251571.0,2.4
5566,Chlamydia,274.0,Pennsylvania,1997.0,Male,15-19 years,15-19,791.0,423810.0,186.64
5567,Chlamydia,274.0,Pennsylvania,1997.0,Male,20-24 years,20-24,912.0,368791.0,247.29
5568,Chlamydia,274.0,Pennsylvania,1997.0,Male,25-29 years,25-29,418.0,408601.0,102.3
5569,Chlamydia,274.0,Pennsylvania,1997.0,Male,30-34 years,30-34,193.0,424424.0,45.47
5570,Chlamydia,274.0,Pennsylvania,1997.0,Male,35-39 years,35-39,84.0,493401.0,17.02
5571,Chlamydia,274.0,Pennsylvania,1997.0,Male,40+ years,40+,94.0,2519755.0,3.73
5572,Chlamydia,274.0,Pennsylvania,1997.0,Male,Unknown,99,58.0,,
5573,Chlamydia,274.0,Pennsylvania,1998.0,Male,0-14 years,0-14,47.0,1249084.0,3.76
5574,Chlamydia,274.0,Pennsylvania,1998.0,Male,15-19 years,15-19,1107.0,430741.0,257.0
5575,Chlamydia,274.0,Pennsylvania,1998.0,Male,20-24 years,20-24,1374.0,367237.0,374.14
5576,Chlamydia,274.0,Pennsylvania,1998.0,Male,25-29 years,25-29,599.0,396005.0,151.26
5577,Chlamydia,274.0,Pennsylvania,1998.0,Male,30-34 years,30-34,288.0,414692.0,69.45
5578,Chlamydia,274.0,Pennsylvania,1998.0,Male,35-39 years,35-39,182.0,483658.0,37.63
5579,Chlamydia,274.0,Pennsylvania,1998.0,Male,40+ years,40+,150.0,2559702.0,5.86
5580,Chlamydia,274.0,Pennsylvania,1998.0,Male,Unknown,99,5.0,,
5581,Chlamydia,274.0,Pennsylvania,1999.0,Male,0-14 years,0-14,54.0,1244080.0,4.34
5582,Chlamydia,274.0,Pennsylvania,1999.0,Male,15-19 years,15-19,1288.0,432782.0,297.61
5583,Chlamydia,274.0,Pennsylvania,1999.0,Male,20-24 years,20-24,1642.0,370200.0,443.54
5584,Chlamydia,274.0,Pennsylvania,1999.0,Male,25-29 years,25-29,749.0,379539.0,197.34
5585,Chlamydia,274.0,Pennsylvania,1999.0,Male,30-34 years,30-34,378.0,410711.0,92.04
5586,Chlamydia,274.0,Pennsylvania,1999.0,Male,35-39 years,35-39,194.0,475797.0,40.77
5587,Chlamydia,274.0,Pennsylvania,1999.0,Male,40+ years,40+,226.0,2603632.0,8.68
5588,Chlamydia,274.0,Pennsylvania,1999.0,Male,Unknown,99,12.0,,
5589,Chlamydia,274.0,Pennsylvania,2000.0,Male,0-14 years,0-14,81.0,1227750.0,6.6
5590,Chlamydia,274.0,Pennsylvania,2000.0,Male,15-19 years,15-19,1593.0,431995.0,368.75
5591,Chlamydia,274.0,Pennsylvania,2000.0,Male,20-24 years,20-24,1764.0,379103.0,465.31
5592,Chlamydia,274.0,Pennsylvania,2000.0,Male,25-29 years,25-29,769.0,363012.0,211.84
5593,Chlamydia,274.0,Pennsylvania,2000.0,Male,30-34 years,30-34,397.0,411228.0,96.54
5594,Chlamydia,274.0,Pennsylvania,2000.0,Male,35-39 years,35-39,253.0,467100.0,54.16
5595,Chlamydia,274.0,Pennsylvania,2000.0,Male,40+ years,40+,208.0,2652641.0,7.84
5596,Chlamydia,274.0,Pennsylvania,2000.0,Male,Unknown,99,26.0,,
5597,Chlamydia,274.0,Pennsylvania,2001.0,Male,0-14 years,0-14,61.0,1216586.0,5.01
5598,Chlamydia,274.0,Pennsylvania,2001.0,Male,15-19 years,15-19,1717.0,431501.0,397.91
5599,Chlamydia,274.0,Pennsylvania,2001.0,Male,20-24 years,20-24,2094.0,396478.0,528.15
5600,Chlamydia,274.0,Pennsylvania,2001.0,Male,25-29 years,25-29,862.0,350603.0,245.86
5601,Chlamydia,274.0,Pennsylvania,2001.0,Male,30-34 years,30-34,471.0,407656.0,115.54
5602,Chlamydia,274.0,Pennsylvania,2001.0,Male,35-39 years,35-39,238.0,455742.0,52.22
5603,Chlamydia,274.0,Pennsylvania,2001.0,Male,40+ years,40+,285.0,2687533.0,10.6
5604,Chlamydia,274.0,Pennsylvania,2001.0,Male,Unknown,99,114.0,,
5605,Chlamydia,274.0,Pennsylvania,2002.0,Male,0-14 years,0-14,586.0,1203967.0,48.67
5606,Chlamydia,274.0,Pennsylvania,2002.0,Male,15-19 years,15-19,2201.0,432959.0,508.36
5607,Chlamydia,274.0,Pennsylvania,2002.0,Male,20-24 years,20-24,2800.0,409585.0,683.62
5608,Chlamydia,274.0,Pennsylvania,2002.0,Male,25-29 years,25-29,1219.0,345082.0,353.25
5609,Chlamydia,274.0,Pennsylvania,2002.0,Male,30-34 years,30-34,606.0,404473.0,149.82
5610,Chlamydia,274.0,Pennsylvania,2002.0,Male,35-39 years,35-39,321.0,445307.0,72.09
5611,Chlamydia,274.0,Pennsylvania,2002.0,Male,40+ years,40+,404.0,2724766.0,14.83
5612,Chlamydia,274.0,Pennsylvania,2002.0,Male,Unknown,99,107.0,,
5613,Chlamydia,274.0,Pennsylvania,2003.0,Male,0-14 years,0-14,122.0,1185331.0,10.29
5614,Chlamydia,274.0,Pennsylvania,2003.0,Male,15-19 years,15-19,2851.0,436859.0,652.61
5615,Chlamydia,274.0,Pennsylvania,2003.0,Male,20-24 years,20-24,3378.0,423750.0,797.17
5616,Chlamydia,274.0,Pennsylvania,2003.0,Male,25-29 years,25-29,1448.0,349823.0,413.92
5617,Chlamydia,274.0,Pennsylvania,2003.0,Male,30-34 years,30-34,721.0,389941.0,184.9
5618,Chlamydia,274.0,Pennsylvania,2003.0,Male,35-39 years,35-39,460.0,433141.0,106.2
5619,Chlamydia,274.0,Pennsylvania,2003.0,Male,40+ years,40+,528.0,2769437.0,19.07
5620,Chlamydia,274.0,Pennsylvania,2003.0,Male,Unknown,99,174.0,,
5621,Chlamydia,274.0,Pennsylvania,2004.0,Male,0-14 years,0-14,101.0,1184750.0,8.53
5622,Chlamydia,274.0,Pennsylvania,2004.0,Male,15-19 years,15-19,2857.0,442251.0,646.01
5623,Chlamydia,274.0,Pennsylvania,2004.0,Male,20-24 years,20-24,3691.0,426098.0,866.23
5624,Chlamydia,274.0,Pennsylvania,2004.0,Male,25-29 years,25-29,1761.0,360977.0,487.84
5625,Chlamydia,274.0,Pennsylvania,2004.0,Male,30-34 years,30-34,818.0,376997.0,216.98
5626,Chlamydia,274.0,Pennsylvania,2004.0,Male,35-39 years,35-39,455.0,421064.0,108.06
5627,Chlamydia,274.0,Pennsylvania,2004.0,Male,40+ years,40+,542.0,2801525.0,19.35
5628,Chlamydia,274.0,Pennsylvania,2004.0,Male,Unknown,99,57.0,,
5629,Chlamydia,274.0,Pennsylvania,2005.0,Male,0-14 years,0-14,98.0,1169774.0,8.38
5630,Chlamydia,274.0,Pennsylvania,2005.0,Male,15-19 years,15-19,2912.0,447139.0,651.25
5631,Chlamydia,274.0,Pennsylvania,2005.0,Male,20-24 years,20-24,3603.0,425071.0,847.62
5632,Chlamydia,274.0,Pennsylvania,2005.0,Male,25-29 years,25-29,1719.0,375573.0,457.7
5633,Chlamydia,274.0,Pennsylvania,2005.0,Male,30-34 years,30-34,780.0,363012.0,214.87
5634,Chlamydia,274.0,Pennsylvania,2005.0,Male,35-39 years,35-39,453.0,414466.0,109.3
5635,Chlamydia,274.0,Pennsylvania,2005.0,Male,40+ years,40+,528.0,2835138.0,18.62
5636,Chlamydia,274.0,Pennsylvania,2005.0,Male,Unknown,99,35.0,,
5637,Chlamydia,274.0,Pennsylvania,2006.0,Male,0-14 years,0-14,121.0,1161545.0,10.42
5638,Chlamydia,274.0,Pennsylvania,2006.0,Male,15-19 years,15-19,3156.0,457309.0,690.12
5639,Chlamydia,274.0,Pennsylvania,2006.0,Male,20-24 years,20-24,3849.0,428586.0,898.07
5640,Chlamydia,274.0,Pennsylvania,2006.0,Male,25-29 years,25-29,1864.0,372673.0,500.17
5641,Chlamydia,274.0,Pennsylvania,2006.0,Male,30-34 years,30-34,896.0,362961.0,246.86
5642,Chlamydia,274.0,Pennsylvania,2006.0,Male,35-39 years,35-39,474.0,416697.0,113.75
5643,Chlamydia,274.0,Pennsylvania,2006.0,Male,40+ years,40+,609.0,2847766.0,21.39
5644,Chlamydia,274.0,Pennsylvania,2006.0,Male,Unknown,99,12.0,,
5645,Chlamydia,274.0,Pennsylvania,2007.0,Male,0-14 years,0-14,110.0,1154937.0,9.52
5646,Chlamydia,274.0,Pennsylvania,2007.0,Male,15-19 years,15-19,3576.0,456963.0,782.56
5647,Chlamydia,274.0,Pennsylvania,2007.0,Male,20-24 years,20-24,4157.0,422774.0,983.27
5648,Chlamydia,274.0,Pennsylvania,2007.0,Male,25-29 years,25-29,2009.0,376114.0,534.15
5649,Chlamydia,274.0,Pennsylvania,2007.0,Male,30-34 years,30-34,897.0,358707.0,250.06
5650,Chlamydia,274.0,Pennsylvania,2007.0,Male,35-39 years,35-39,495.0,412521.0,119.99
5651,Chlamydia,274.0,Pennsylvania,2007.0,Male,40+ years,40+,683.0,2866973.0,23.82
5652,Chlamydia,274.0,Pennsylvania,2007.0,Male,Unknown,99,7.0,,
5653,Chlamydia,274.0,Pennsylvania,2008.0,Male,0-14 years,0-14,79.0,1147781.0,6.88
5654,Chlamydia,274.0,Pennsylvania,2008.0,Male,15-19 years,15-19,3589.0,454057.0,790.43
5655,Chlamydia,274.0,Pennsylvania,2008.0,Male,20-24 years,20-24,4251.0,422312.0,1006.6
5656,Chlamydia,274.0,Pennsylvania,2008.0,Male,25-29 years,25-29,1860.0,384602.0,483.62
5657,Chlamydia,274.0,Pennsylvania,2008.0,Male,30-34 years,30-34,880.0,357044.0,246.47
5658,Chlamydia,274.0,Pennsylvania,2008.0,Male,35-39 years,35-39,461.0,404553.0,113.95
5659,Chlamydia,274.0,Pennsylvania,2008.0,Male,40+ years,40+,593.0,2889821.0,20.52
5660,Chlamydia,274.0,Pennsylvania,2008.0,Male,Unknown,99,9.0,,
5661,Chlamydia,274.0,Pennsylvania,2009.0,Male,0-14 years,0-14,91.0,1156965.0,7.87
5662,Chlamydia,274.0,Pennsylvania,2009.0,Male,15-19 years,15-19,3946.0,453831.0,869.49
5663,Chlamydia,274.0,Pennsylvania,2009.0,Male,20-24 years,20-24,4718.0,425285.0,1109.37
5664,Chlamydia,274.0,Pennsylvania,2009.0,Male,25-29 years,25-29,1990.0,405493.0,490.76
5665,Chlamydia,274.0,Pennsylvania,2009.0,Male,30-34 years,30-34,931.0,374311.0,248.72
5666,Chlamydia,274.0,Pennsylvania,2009.0,Male,35-39 years,35-39,434.0,393349.0,110.33
5667,Chlamydia,274.0,Pennsylvania,2009.0,Male,40+ years,40+,571.0,2929475.0,19.49
5668,Chlamydia,274.0,Pennsylvania,2009.0,Male,Unknown,99,19.0,,
5669,Chlamydia,274.0,Pennsylvania,2010.0,Male,0-14 years,0-14,93.0,1162802.0,8.0
5670,Chlamydia,274.0,Pennsylvania,2010.0,Male,15-19 years,15-19,4442.0,462465.0,960.5
5671,Chlamydia,274.0,Pennsylvania,2010.0,Male,20-24 years,20-24,5368.0,441886.0,1214.79
5672,Chlamydia,274.0,Pennsylvania,2010.0,Male,25-29 years,25-29,2224.0,392569.0,566.52
5673,Chlamydia,274.0,Pennsylvania,2010.0,Male,30-34 years,30-34,996.0,364681.0,273.12
5674,Chlamydia,274.0,Pennsylvania,2010.0,Male,35-39 years,35-39,528.0,380172.0,138.88
5675,Chlamydia,274.0,Pennsylvania,2010.0,Male,40+ years,40+,643.0,2985788.0,21.54
5676,Chlamydia,274.0,Pennsylvania,2010.0,Male,Unknown,99,3.0,,
5677,Chlamydia,274.0,Pennsylvania,2011.0,Male,0-14 years,0-14,141.0,1152753.0,12.23
5678,Chlamydia,274.0,Pennsylvania,2011.0,Male,15-19 years,15-19,4810.0,452844.0,1062.18
5679,Chlamydia,274.0,Pennsylvania,2011.0,Male,20-24 years,20-24,6248.0,447862.0,1395.07
5680,Chlamydia,274.0,Pennsylvania,2011.0,Male,25-29 years,25-29,2622.0,401399.0,653.22
5681,Chlamydia,274.0,Pennsylvania,2011.0,Male,30-34 years,30-34,1237.0,375133.0,329.75
5682,Chlamydia,274.0,Pennsylvania,2011.0,Male,35-39 years,35-39,593.0,363500.0,163.14
5683,Chlamydia,274.0,Pennsylvania,2011.0,Male,40+ years,40+,708.0,3021071.0,23.44
5684,Chlamydia,274.0,Pennsylvania,2011.0,Male,Unknown,99,5.0,,
5685,Chlamydia,274.0,Pennsylvania,2012.0,Male,0-14 years,0-14,111.0,1148656.0,9.66
5686,Chlamydia,274.0,Pennsylvania,2012.0,Male,15-19 years,15-19,4607.0,441841.0,1042.68
5687,Chlamydia,274.0,Pennsylvania,2012.0,Male,20-24 years,20-24,6780.0,450597.0,1504.67
5688,Chlamydia,274.0,Pennsylvania,2012.0,Male,25-29 years,25-29,2958.0,408934.0,723.34
5689,Chlamydia,274.0,Pennsylvania,2012.0,Male,30-34 years,30-34,1329.0,384456.0,345.68
5690,Chlamydia,274.0,Pennsylvania,2012.0,Male,35-39 years,35-39,665.0,356965.0,186.29
5691,Chlamydia,274.0,Pennsylvania,2012.0,Male,40+ years,40+,931.0,3038728.0,30.64
5692,Chlamydia,274.0,Pennsylvania,2012.0,Male,Unknown,99,7.0,,
5693,Chlamydia,274.0,Pennsylvania,2013.0,Male,0-14 years,0-14,117.0,1142049.0,10.24
5694,Chlamydia,274.0,Pennsylvania,2013.0,Male,15-19 years,15-19,4088.0,432225.0,945.8
5695,Chlamydia,274.0,Pennsylvania,2013.0,Male,20-24 years,20-24,6355.0,445889.0,1425.24
5696,Chlamydia,274.0,Pennsylvania,2013.0,Male,25-29 years,25-29,2987.0,420113.0,711.0
5697,Chlamydia,274.0,Pennsylvania,2013.0,Male,30-34 years,30-34,1335.0,393112.0,339.6
5698,Chlamydia,274.0,Pennsylvania,2013.0,Male,35-39 years,35-39,627.0,357654.0,175.31
5699,Chlamydia,274.0,Pennsylvania,2013.0,Male,40+ years,40+,850.0,3051298.0,27.86
5700,Chlamydia,274.0,Pennsylvania,2013.0,Male,Unknown,99,1.0,,
5701,Chlamydia,274.0,Pennsylvania,2014.0,Male,0-14 years,0-14,83.0,1142049.0,7.27
5702,Chlamydia,274.0,Pennsylvania,2014.0,Male,15-19 years,15-19,3621.0,432225.0,837.76
5703,Chlamydia,274.0,Pennsylvania,2014.0,Male,20-24 years,20-24,6339.0,445889.0,1421.65
5704,Chlamydia,274.0,Pennsylvania,2014.0,Male,25-29 years,25-29,3287.0,420113.0,782.41
5705,Chlamydia,274.0,Pennsylvania,2014.0,Male,30-34 years,30-34,1396.0,393112.0,355.12
5706,Chlamydia,274.0,Pennsylvania,2014.0,Male,35-39 years,35-39,680.0,357654.0,190.13
5707,Chlamydia,274.0,Pennsylvania,2014.0,Male,40+ years,40+,906.0,3051298.0,29.69
5708,Chlamydia,274.0,Pennsylvania,2014.0,Male,Unknown,99,3.0,,
5709,Chlamydia,274.0,Rhode Island,1996.0,Male,0-14 years,0-14,6.0,103928.0,5.77
5710,Chlamydia,274.0,Rhode Island,1996.0,Male,15-19 years,15-19,64.0,34032.0,188.06
5711,Chlamydia,274.0,Rhode Island,1996.0,Male,20-24 years,20-24,85.0,34258.0,248.12
5712,Chlamydia,274.0,Rhode Island,1996.0,Male,25-29 years,25-29,39.0,39614.0,98.45
5713,Chlamydia,274.0,Rhode Island,1996.0,Male,30-34 years,30-34,14.0,38476.0,36.39
5714,Chlamydia,274.0,Rhode Island,1996.0,Male,35-39 years,35-39,14.0,42756.0,32.74
5715,Chlamydia,274.0,Rhode Island,1996.0,Male,40+ years,40+,11.0,196794.0,5.59
5716,Chlamydia,274.0,Rhode Island,1997.0,Male,0-14 years,0-14,5.0,104211.0,4.8
5717,Chlamydia,274.0,Rhode Island,1997.0,Male,15-19 years,15-19,96.0,35293.0,272.01
5718,Chlamydia,274.0,Rhode Island,1997.0,Male,20-24 years,20-24,112.0,33084.0,338.53
5719,Chlamydia,274.0,Rhode Island,1997.0,Male,25-29 years,25-29,72.0,39002.0,184.61
5720,Chlamydia,274.0,Rhode Island,1997.0,Male,30-34 years,30-34,21.0,37267.0,56.35
5721,Chlamydia,274.0,Rhode Island,1997.0,Male,35-39 years,35-39,19.0,42747.0,44.45
5722,Chlamydia,274.0,Rhode Island,1997.0,Male,40+ years,40+,6.0,200667.0,2.99
5723,Chlamydia,274.0,Rhode Island,1998.0,Male,0-14 years,0-14,8.0,103866.0,7.7
5724,Chlamydia,274.0,Rhode Island,1998.0,Male,15-19 years,15-19,127.0,36379.0,349.1
5725,Chlamydia,274.0,Rhode Island,1998.0,Male,20-24 years,20-24,202.0,33606.0,601.08
5726,Chlamydia,274.0,Rhode Island,1998.0,Male,25-29 years,25-29,103.0,36820.0,279.74
5727,Chlamydia,274.0,Rhode Island,1998.0,Male,30-34 years,30-34,55.0,36594.0,150.3
5728,Chlamydia,274.0,Rhode Island,1998.0,Male,35-39 years,35-39,18.0,42506.0,42.35
5729,Chlamydia,274.0,Rhode Island,1998.0,Male,40+ years,40+,14.0,205154.0,6.82
5730,Chlamydia,274.0,Rhode Island,1998.0,Male,Unknown,99,1.0,,
5731,Chlamydia,274.0,Rhode Island,1999.0,Male,0-14 years,0-14,1.0,106032.0,0.94
5732,Chlamydia,274.0,Rhode Island,1999.0,Male,15-19 years,15-19,147.0,37437.0,392.66
5733,Chlamydia,274.0,Rhode Island,1999.0,Male,20-24 years,20-24,230.0,34543.0,665.84
5734,Chlamydia,274.0,Rhode Island,1999.0,Male,25-29 years,25-29,111.0,33907.0,327.37
5735,Chlamydia,274.0,Rhode Island,1999.0,Male,30-34 years,30-34,54.0,36384.0,148.42
5736,Chlamydia,274.0,Rhode Island,1999.0,Male,35-39 years,35-39,21.0,42112.0,49.87
5737,Chlamydia,274.0,Rhode Island,1999.0,Male,40+ years,40+,9.0,209263.0,4.3
5738,Chlamydia,274.0,Rhode Island,1999.0,Male,Unknown,99,3.0,,
5739,Chlamydia,274.0,Rhode Island,2000.0,Male,0-14 years,0-14,5.0,104272.0,4.8
5740,Chlamydia,274.0,Rhode Island,2000.0,Male,15-19 years,15-19,152.0,37527.0,405.04
5741,Chlamydia,274.0,Rhode Island,2000.0,Male,20-24 years,20-24,266.0,36801.0,722.81
5742,Chlamydia,274.0,Rhode Island,2000.0,Male,25-29 years,25-29,125.0,31758.0,393.6
5743,Chlamydia,274.0,Rhode Island,2000.0,Male,30-34 years,30-34,73.0,36997.0,197.31
5744,Chlamydia,274.0,Rhode Island,2000.0,Male,35-39 years,35-39,26.0,41997.0,61.91
5745,Chlamydia,274.0,Rhode Island,2000.0,Male,40+ years,40+,16.0,215448.0,7.43
5746,Chlamydia,274.0,Rhode Island,2001.0,Male,0-14 years,0-14,5.0,103630.0,4.82
5747,Chlamydia,274.0,Rhode Island,2001.0,Male,15-19 years,15-19,181.0,36045.0,502.15
5748,Chlamydia,274.0,Rhode Island,2001.0,Male,20-24 years,20-24,265.0,40091.0,661.0
5749,Chlamydia,274.0,Rhode Island,2001.0,Male,25-29 years,25-29,127.0,31312.0,405.6
5750,Chlamydia,274.0,Rhode Island,2001.0,Male,30-34 years,30-34,69.0,36411.0,189.5
5751,Chlamydia,274.0,Rhode Island,2001.0,Male,35-39 years,35-39,36.0,41667.0,86.4
5752,Chlamydia,274.0,Rhode Island,2001.0,Male,40+ years,40+,30.0,220291.0,13.62
5753,Chlamydia,274.0,Rhode Island,2001.0,Male,Unknown,99,2.0,,
5754,Chlamydia,274.0,Rhode Island,2002.0,Male,0-14 years,0-14,3.0,101341.0,2.96
5755,Chlamydia,274.0,Rhode Island,2002.0,Male,15-19 years,15-19,175.0,35657.0,490.79
5756,Chlamydia,274.0,Rhode Island,2002.0,Male,20-24 years,20-24,314.0,42548.0,737.99
5757,Chlamydia,274.0,Rhode Island,2002.0,Male,25-29 years,25-29,152.0,31936.0,475.95
5758,Chlamydia,274.0,Rhode Island,2002.0,Male,30-34 years,30-34,65.0,36388.0,178.63
5759,Chlamydia,274.0,Rhode Island,2002.0,Male,35-39 years,35-39,34.0,41052.0,82.82
5760,Chlamydia,274.0,Rhode Island,2002.0,Male,40+ years,40+,32.0,225807.0,14.17
5761,Chlamydia,274.0,Rhode Island,2003.0,Male,0-14 years,0-14,4.0,103123.0,3.88
5762,Chlamydia,274.0,Rhode Island,2003.0,Male,15-19 years,15-19,145.0,36465.0,397.64
5763,Chlamydia,274.0,Rhode Island,2003.0,Male,20-24 years,20-24,294.0,42629.0,689.67
5764,Chlamydia,274.0,Rhode Island,2003.0,Male,25-29 years,25-29,153.0,32930.0,464.62
5765,Chlamydia,274.0,Rhode Island,2003.0,Male,30-34 years,30-34,84.0,34384.0,244.3
5766,Chlamydia,274.0,Rhode Island,2003.0,Male,35-39 years,35-39,49.0,39708.0,123.4
5767,Chlamydia,274.0,Rhode Island,2003.0,Male,40+ years,40+,39.0,229176.0,17.02
5768,Chlamydia,274.0,Rhode Island,2004.0,Male,0-14 years,0-14,4.0,102315.0,3.91
5769,Chlamydia,274.0,Rhode Island,2004.0,Male,15-19 years,15-19,195.0,37205.0,524.12
5770,Chlamydia,274.0,Rhode Island,2004.0,Male,20-24 years,20-24,373.0,42089.0,886.22
5771,Chlamydia,274.0,Rhode Island,2004.0,Male,25-29 years,25-29,178.0,35310.0,504.11
5772,Chlamydia,274.0,Rhode Island,2004.0,Male,30-34 years,30-34,82.0,33214.0,246.88
5773,Chlamydia,274.0,Rhode Island,2004.0,Male,35-39 years,35-39,45.0,38467.0,116.98
5774,Chlamydia,274.0,Rhode Island,2004.0,Male,40+ years,40+,59.0,232615.0,25.36
5775,Chlamydia,274.0,Rhode Island,2005.0,Male,0-14 years,0-14,2.0,102414.0,1.95
5776,Chlamydia,274.0,Rhode Island,2005.0,Male,15-19 years,15-19,200.0,37841.0,528.53
5777,Chlamydia,274.0,Rhode Island,2005.0,Male,20-24 years,20-24,336.0,39916.0,841.77
5778,Chlamydia,274.0,Rhode Island,2005.0,Male,25-29 years,25-29,163.0,37640.0,433.05
5779,Chlamydia,274.0,Rhode Island,2005.0,Male,30-34 years,30-34,79.0,31458.0,251.13
5780,Chlamydia,274.0,Rhode Island,2005.0,Male,35-39 years,35-39,40.0,37088.0,107.85
5781,Chlamydia,274.0,Rhode Island,2005.0,Male,40+ years,40+,47.0,233490.0,20.13
5782,Chlamydia,274.0,Rhode Island,2005.0,Male,Unknown,99,1.0,,
5783,Chlamydia,274.0,Rhode Island,2006.0,Male,0-14 years,0-14,5.0,98981.0,5.05
5784,Chlamydia,274.0,Rhode Island,2006.0,Male,15-19 years,15-19,234.0,41076.0,569.68
5785,Chlamydia,274.0,Rhode Island,2006.0,Male,20-24 years,20-24,355.0,39675.0,894.77
5786,Chlamydia,274.0,Rhode Island,2006.0,Male,25-29 years,25-29,185.0,33848.0,546.56
5787,Chlamydia,274.0,Rhode Island,2006.0,Male,30-34 years,30-34,80.0,31902.0,250.77
5788,Chlamydia,274.0,Rhode Island,2006.0,Male,35-39 years,35-39,50.0,36823.0,135.78
5789,Chlamydia,274.0,Rhode Island,2006.0,Male,40+ years,40+,52.0,233908.0,22.23
5790,Chlamydia,274.0,Rhode Island,2006.0,Male,Unknown,99,1.0,,
5791,Chlamydia,274.0,Rhode Island,2007.0,Male,0-14 years,0-14,3.0,96674.0,3.1
5792,Chlamydia,274.0,Rhode Island,2007.0,Male,15-19 years,15-19,229.0,40550.0,564.74
5793,Chlamydia,274.0,Rhode Island,2007.0,Male,20-24 years,20-24,324.0,39468.0,820.92
5794,Chlamydia,274.0,Rhode Island,2007.0,Male,25-29 years,25-29,156.0,34026.0,458.47
5795,Chlamydia,274.0,Rhode Island,2007.0,Male,30-34 years,30-34,72.0,30953.0,232.61
5796,Chlamydia,274.0,Rhode Island,2007.0,Male,35-39 years,35-39,45.0,36200.0,124.31
5797,Chlamydia,274.0,Rhode Island,2007.0,Male,40+ years,40+,61.0,233986.0,26.07
5798,Chlamydia,274.0,Rhode Island,2007.0,Male,Unknown,99,2.0,,
5799,Chlamydia,274.0,Rhode Island,2008.0,Male,0-14 years,0-14,3.0,95099.0,3.15
5800,Chlamydia,274.0,Rhode Island,2008.0,Male,15-19 years,15-19,229.0,40250.0,568.94
5801,Chlamydia,274.0,Rhode Island,2008.0,Male,20-24 years,20-24,351.0,39041.0,899.05
5802,Chlamydia,274.0,Rhode Island,2008.0,Male,25-29 years,25-29,183.0,33814.0,541.2
5803,Chlamydia,274.0,Rhode Island,2008.0,Male,30-34 years,30-34,71.0,31334.0,226.59
5804,Chlamydia,274.0,Rhode Island,2008.0,Male,35-39 years,35-39,31.0,34514.0,89.82
5805,Chlamydia,274.0,Rhode Island,2008.0,Male,40+ years,40+,47.0,234653.0,20.03
5806,Chlamydia,274.0,Rhode Island,2009.0,Male,0-14 years,0-14,5.0,94850.0,5.27
5807,Chlamydia,274.0,Rhode Island,2009.0,Male,15-19 years,15-19,192.0,39994.0,480.07
5808,Chlamydia,274.0,Rhode Island,2009.0,Male,20-24 years,20-24,400.0,38065.0,1050.83
5809,Chlamydia,274.0,Rhode Island,2009.0,Male,25-29 years,25-29,221.0,34518.0,640.25
5810,Chlamydia,274.0,Rhode Island,2009.0,Male,30-34 years,30-34,87.0,32527.0,267.47
5811,Chlamydia,274.0,Rhode Island,2009.0,Male,35-39 years,35-39,48.0,33331.0,144.01
5812,Chlamydia,274.0,Rhode Island,2009.0,Male,40+ years,40+,59.0,238205.0,24.77
5813,Chlamydia,274.0,Rhode Island,2010.0,Male,0-14 years,0-14,8.0,93120.0,8.59
5814,Chlamydia,274.0,Rhode Island,2010.0,Male,15-19 years,15-19,232.0,40157.0,577.73
5815,Chlamydia,274.0,Rhode Island,2010.0,Male,20-24 years,20-24,391.0,41229.0,948.36
5816,Chlamydia,274.0,Rhode Island,2010.0,Male,25-29 years,25-29,180.0,33126.0,543.38
5817,Chlamydia,274.0,Rhode Island,2010.0,Male,30-34 years,30-34,93.0,30056.0,309.42
5818,Chlamydia,274.0,Rhode Island,2010.0,Male,35-39 years,35-39,51.0,31185.0,163.54
5819,Chlamydia,274.0,Rhode Island,2010.0,Male,40+ years,40+,47.0,239527.0,19.62
5820,Chlamydia,274.0,Rhode Island,2011.0,Male,0-14 years,0-14,6.0,91668.0,6.55
5821,Chlamydia,274.0,Rhode Island,2011.0,Male,15-19 years,15-19,276.0,39106.0,705.77
5822,Chlamydia,274.0,Rhode Island,2011.0,Male,20-24 years,20-24,478.0,42184.0,1133.13
5823,Chlamydia,274.0,Rhode Island,2011.0,Male,25-29 years,25-29,221.0,33263.0,664.4
5824,Chlamydia,274.0,Rhode Island,2011.0,Male,30-34 years,30-34,86.0,30954.0,277.83
5825,Chlamydia,274.0,Rhode Island,2011.0,Male,35-39 years,35-39,46.0,29732.0,154.72
5826,Chlamydia,274.0,Rhode Island,2011.0,Male,40+ years,40+,49.0,241340.0,20.3
5827,Chlamydia,274.0,Rhode Island,2012.0,Male,0-14 years,0-14,7.0,90596.0,7.73
5828,Chlamydia,274.0,Rhode Island,2012.0,Male,15-19 years,15-19,290.0,38344.0,756.31
5829,Chlamydia,274.0,Rhode Island,2012.0,Male,20-24 years,20-24,506.0,42155.0,1200.33
5830,Chlamydia,274.0,Rhode Island,2012.0,Male,25-29 years,25-29,222.0,34085.0,651.31
5831,Chlamydia,274.0,Rhode Island,2012.0,Male,30-34 years,30-34,96.0,31671.0,303.12
5832,Chlamydia,274.0,Rhode Island,2012.0,Male,35-39 years,35-39,45.0,28996.0,155.19
5833,Chlamydia,274.0,Rhode Island,2012.0,Male,40+ years,40+,56.0,242429.0,23.1
5834,Chlamydia,274.0,Rhode Island,2013.0,Male,0-14 years,0-14,3.0,89768.0,3.34
5835,Chlamydia,274.0,Rhode Island,2013.0,Male,15-19 years,15-19,247.0,37437.0,659.77
5836,Chlamydia,274.0,Rhode Island,2013.0,Male,20-24 years,20-24,528.0,41362.0,1276.53
5837,Chlamydia,274.0,Rhode Island,2013.0,Male,25-29 years,25-29,267.0,35839.0,745.0
5838,Chlamydia,274.0,Rhode Island,2013.0,Male,30-34 years,30-34,109.0,32435.0,336.06
5839,Chlamydia,274.0,Rhode Island,2013.0,Male,35-39 years,35-39,55.0,29150.0,188.68
5840,Chlamydia,274.0,Rhode Island,2013.0,Male,40+ years,40+,59.0,243436.0,24.24
5841,Chlamydia,274.0,Rhode Island,2014.0,Male,0-14 years,0-14,4.0,89768.0,4.46
5842,Chlamydia,274.0,Rhode Island,2014.0,Male,15-19 years,15-19,240.0,37437.0,641.08
5843,Chlamydia,274.0,Rhode Island,2014.0,Male,20-24 years,20-24,506.0,41362.0,1223.35
5844,Chlamydia,274.0,Rhode Island,2014.0,Male,25-29 years,25-29,273.0,35839.0,761.74
5845,Chlamydia,274.0,Rhode Island,2014.0,Male,30-34 years,30-34,153.0,32435.0,471.71
5846,Chlamydia,274.0,Rhode Island,2014.0,Male,35-39 years,35-39,72.0,29150.0,247.0
5847,Chlamydia,274.0,Rhode Island,2014.0,Male,40+ years,40+,64.0,243436.0,26.29
5848,Chlamydia,274.0,South Carolina,1996.0,Male,0-14 years,0-14,8.0,418292.0,1.91
5849,Chlamydia,274.0,South Carolina,1996.0,Male,15-19 years,15-19,248.0,144036.0,172.18
5850,Chlamydia,274.0,South Carolina,1996.0,Male,20-24 years,20-24,306.0,136856.0,223.59
5851,Chlamydia,274.0,South Carolina,1996.0,Male,25-29 years,25-29,138.0,139250.0,99.1
5852,Chlamydia,274.0,South Carolina,1996.0,Male,30-34 years,30-34,85.0,144521.0,58.81
5853,Chlamydia,274.0,South Carolina,1996.0,Male,35-39 years,35-39,35.0,149455.0,23.42
5854,Chlamydia,274.0,South Carolina,1996.0,Male,40+ years,40+,46.0,703298.0,6.54
5855,Chlamydia,274.0,South Carolina,1996.0,Male,Unknown,99,195.0,,
5856,Chlamydia,274.0,South Carolina,1997.0,Male,0-14 years,0-14,15.0,423796.0,3.54
5857,Chlamydia,274.0,South Carolina,1997.0,Male,15-19 years,15-19,344.0,147090.0,233.87
5858,Chlamydia,274.0,South Carolina,1997.0,Male,20-24 years,20-24,409.0,135721.0,301.35
5859,Chlamydia,274.0,South Carolina,1997.0,Male,25-29 years,25-29,218.0,140874.0,154.75
5860,Chlamydia,274.0,South Carolina,1997.0,Male,30-34 years,30-34,108.0,141702.0,76.22
5861,Chlamydia,274.0,South Carolina,1997.0,Male,35-39 years,35-39,61.0,150638.0,40.49
5862,Chlamydia,274.0,South Carolina,1997.0,Male,40+ years,40+,58.0,727419.0,7.97
5863,Chlamydia,274.0,South Carolina,1997.0,Male,Unknown,99,63.0,,
5864,Chlamydia,274.0,South Carolina,1998.0,Male,0-14 years,0-14,36.0,426550.0,8.44
5865,Chlamydia,274.0,South Carolina,1998.0,Male,15-19 years,15-19,476.0,149584.0,318.22
5866,Chlamydia,274.0,South Carolina,1998.0,Male,20-24 years,20-24,609.0,137160.0,444.01
5867,Chlamydia,274.0,South Carolina,1998.0,Male,25-29 years,25-29,337.0,141096.0,238.84
5868,Chlamydia,274.0,South Carolina,1998.0,Male,30-34 years,30-34,161.0,139776.0,115.18
5869,Chlamydia,274.0,South Carolina,1998.0,Male,35-39 years,35-39,103.0,152295.0,67.63
5870,Chlamydia,274.0,South Carolina,1998.0,Male,40+ years,40+,106.0,751576.0,14.1
5871,Chlamydia,274.0,South Carolina,1998.0,Male,Unknown,99,64.0,,
5872,Chlamydia,274.0,South Carolina,1999.0,Male,0-14 years,0-14,24.0,428040.0,5.61
5873,Chlamydia,274.0,South Carolina,1999.0,Male,15-19 years,15-19,416.0,150604.0,276.22
5874,Chlamydia,274.0,South Carolina,1999.0,Male,20-24 years,20-24,620.0,141107.0,439.38
5875,Chlamydia,274.0,South Carolina,1999.0,Male,25-29 years,25-29,353.0,140445.0,251.34
5876,Chlamydia,274.0,South Carolina,1999.0,Male,30-34 years,30-34,132.0,139623.0,94.54
5877,Chlamydia,274.0,South Carolina,1999.0,Male,35-39 years,35-39,80.0,154810.0,51.68
5878,Chlamydia,274.0,South Carolina,1999.0,Male,40+ years,40+,84.0,774447.0,10.85
5879,Chlamydia,274.0,South Carolina,2000.0,Male,0-14 years,0-14,15.0,417894.0,3.59
5880,Chlamydia,274.0,South Carolina,2000.0,Male,15-19 years,15-19,247.0,149210.0,165.54
5881,Chlamydia,274.0,South Carolina,2000.0,Male,20-24 years,20-24,422.0,146859.0,287.35
5882,Chlamydia,274.0,South Carolina,2000.0,Male,25-29 years,25-29,175.0,138631.0,126.23
5883,Chlamydia,274.0,South Carolina,2000.0,Male,30-34 years,30-34,87.0,142493.0,61.06
5884,Chlamydia,274.0,South Carolina,2000.0,Male,35-39 years,35-39,64.0,156012.0,41.02
5885,Chlamydia,274.0,South Carolina,2000.0,Male,40+ years,40+,67.0,803055.0,8.34
5886,Chlamydia,274.0,South Carolina,2000.0,Male,Unknown,99,50.0,,
5887,Chlamydia,274.0,South Carolina,2001.0,Male,0-14 years,0-14,23.0,420040.0,5.48
5888,Chlamydia,274.0,South Carolina,2001.0,Male,15-19 years,15-19,366.0,146435.0,249.94
5889,Chlamydia,274.0,South Carolina,2001.0,Male,20-24 years,20-24,603.0,154162.0,391.15
5890,Chlamydia,274.0,South Carolina,2001.0,Male,25-29 years,25-29,317.0,136139.0,232.85
5891,Chlamydia,274.0,South Carolina,2001.0,Male,30-34 years,30-34,169.0,143476.0,117.79
5892,Chlamydia,274.0,South Carolina,2001.0,Male,35-39 years,35-39,81.0,153791.0,52.67
5893,Chlamydia,274.0,South Carolina,2001.0,Male,40+ years,40+,121.0,819914.0,14.76
5894,Chlamydia,274.0,South Carolina,2001.0,Male,Unknown,99,51.0,,
5895,Chlamydia,274.0,South Carolina,2002.0,Male,0-14 years,0-14,19.0,415268.0,4.58
5896,Chlamydia,274.0,South Carolina,2002.0,Male,15-19 years,15-19,410.0,145478.0,281.83
5897,Chlamydia,274.0,South Carolina,2002.0,Male,20-24 years,20-24,642.0,159311.0,402.99
5898,Chlamydia,274.0,South Carolina,2002.0,Male,25-29 years,25-29,302.0,136786.0,220.78
5899,Chlamydia,274.0,South Carolina,2002.0,Male,30-34 years,30-34,174.0,145825.0,119.32
5900,Chlamydia,274.0,South Carolina,2002.0,Male,35-39 years,35-39,91.0,151614.0,60.02
5901,Chlamydia,274.0,South Carolina,2002.0,Male,40+ years,40+,136.0,841003.0,16.17
5902,Chlamydia,274.0,South Carolina,2002.0,Male,Unknown,99,26.0,,
5903,Chlamydia,274.0,South Carolina,2003.0,Male,0-14 years,0-14,6.0,435000.0,1.38
5904,Chlamydia,274.0,South Carolina,2003.0,Male,15-19 years,15-19,382.0,148012.0,258.09
5905,Chlamydia,274.0,South Carolina,2003.0,Male,20-24 years,20-24,637.0,160204.0,397.62
5906,Chlamydia,274.0,South Carolina,2003.0,Male,25-29 years,25-29,348.0,137354.0,253.36
5907,Chlamydia,274.0,South Carolina,2003.0,Male,30-34 years,30-34,171.0,142427.0,120.06
5908,Chlamydia,274.0,South Carolina,2003.0,Male,35-39 years,35-39,95.0,145688.0,65.21
5909,Chlamydia,274.0,South Carolina,2003.0,Male,40+ years,40+,155.0,849908.0,18.24
5910,Chlamydia,274.0,South Carolina,2003.0,Male,Unknown,99,19.0,,
5911,Chlamydia,274.0,South Carolina,2004.0,Male,0-14 years,0-14,10.0,433890.0,2.3
5912,Chlamydia,274.0,South Carolina,2004.0,Male,15-19 years,15-19,509.0,150475.0,338.26
5913,Chlamydia,274.0,South Carolina,2004.0,Male,20-24 years,20-24,917.0,160905.0,569.9
5914,Chlamydia,274.0,South Carolina,2004.0,Male,25-29 years,25-29,417.0,142287.0,293.07
5915,Chlamydia,274.0,South Carolina,2004.0,Male,30-34 years,30-34,240.0,142025.0,168.98
5916,Chlamydia,274.0,South Carolina,2004.0,Male,35-39 years,35-39,141.0,143535.0,98.23
5917,Chlamydia,274.0,South Carolina,2004.0,Male,40+ years,40+,202.0,872060.0,23.16
5918,Chlamydia,274.0,South Carolina,2004.0,Male,Unknown,99,20.0,,
5919,Chlamydia,274.0,South Carolina,2005.0,Male,0-14 years,0-14,23.0,431943.0,5.32
5920,Chlamydia,274.0,South Carolina,2005.0,Male,15-19 years,15-19,613.0,153678.0,398.89
5921,Chlamydia,274.0,South Carolina,2005.0,Male,20-24 years,20-24,950.0,159679.0,594.94
5922,Chlamydia,274.0,South Carolina,2005.0,Male,25-29 years,25-29,475.0,149259.0,318.24
5923,Chlamydia,274.0,South Carolina,2005.0,Male,30-34 years,30-34,211.0,139934.0,150.78
5924,Chlamydia,274.0,South Carolina,2005.0,Male,35-39 years,35-39,113.0,143735.0,78.62
5925,Chlamydia,274.0,South Carolina,2005.0,Male,40+ years,40+,168.0,896003.0,18.75
5926,Chlamydia,274.0,South Carolina,2005.0,Male,Unknown,99,19.0,,
5927,Chlamydia,274.0,South Carolina,2006.0,Male,0-14 years,0-14,23.0,435480.0,5.28
5928,Chlamydia,274.0,South Carolina,2006.0,Male,15-19 years,15-19,781.0,160696.0,486.01
5929,Chlamydia,274.0,South Carolina,2006.0,Male,20-24 years,20-24,1164.0,152828.0,761.64
5930,Chlamydia,274.0,South Carolina,2006.0,Male,25-29 years,25-29,629.0,146692.0,428.79
5931,Chlamydia,274.0,South Carolina,2006.0,Male,30-34 years,30-34,260.0,137590.0,188.97
5932,Chlamydia,274.0,South Carolina,2006.0,Male,35-39 years,35-39,156.0,146479.0,106.5
5933,Chlamydia,274.0,South Carolina,2006.0,Male,40+ years,40+,238.0,923948.0,25.76
5934,Chlamydia,274.0,South Carolina,2006.0,Male,Unknown,99,21.0,,
5935,Chlamydia,274.0,South Carolina,2007.0,Male,0-14 years,0-14,28.0,446174.0,6.28
5936,Chlamydia,274.0,South Carolina,2007.0,Male,15-19 years,15-19,1331.0,162953.0,816.8
5937,Chlamydia,274.0,South Carolina,2007.0,Male,20-24 years,20-24,2054.0,157606.0,1303.25
5938,Chlamydia,274.0,South Carolina,2007.0,Male,25-29 years,25-29,1079.0,147845.0,729.82
5939,Chlamydia,274.0,South Carolina,2007.0,Male,30-34 years,30-34,451.0,137844.0,327.18
5940,Chlamydia,274.0,South Carolina,2007.0,Male,35-39 years,35-39,245.0,149294.0,164.11
5941,Chlamydia,274.0,South Carolina,2007.0,Male,40+ years,40+,334.0,945430.0,35.33
5942,Chlamydia,274.0,South Carolina,2007.0,Male,Unknown,99,27.0,,
5943,Chlamydia,274.0,South Carolina,2008.0,Male,0-14 years,0-14,31.0,450505.0,6.88
5944,Chlamydia,274.0,South Carolina,2008.0,Male,15-19 years,15-19,1428.0,164322.0,869.02
5945,Chlamydia,274.0,South Carolina,2008.0,Male,20-24 years,20-24,2158.0,157801.0,1367.55
5946,Chlamydia,274.0,South Carolina,2008.0,Male,25-29 years,25-29,1094.0,151438.0,722.41
5947,Chlamydia,274.0,South Carolina,2008.0,Male,30-34 years,30-34,451.0,139014.0,324.43
5948,Chlamydia,274.0,South Carolina,2008.0,Male,35-39 years,35-39,227.0,150229.0,151.1
5949,Chlamydia,274.0,South Carolina,2008.0,Male,40+ years,40+,331.0,967969.0,34.2
5950,Chlamydia,274.0,South Carolina,2008.0,Male,Unknown,99,3.0,,
5951,Chlamydia,274.0,South Carolina,2009.0,Male,0-14 years,0-14,28.0,459397.0,6.09
5952,Chlamydia,274.0,South Carolina,2009.0,Male,15-19 years,15-19,1475.0,165454.0,891.49
5953,Chlamydia,274.0,South Carolina,2009.0,Male,20-24 years,20-24,2092.0,163991.0,1275.68
5954,Chlamydia,274.0,South Carolina,2009.0,Male,25-29 years,25-29,966.0,157109.0,614.86
5955,Chlamydia,274.0,South Carolina,2009.0,Male,30-34 years,30-34,373.0,141049.0,264.45
5956,Chlamydia,274.0,South Carolina,2009.0,Male,35-39 years,35-39,202.0,147373.0,137.07
5957,Chlamydia,274.0,South Carolina,2009.0,Male,40+ years,40+,274.0,986761.0,27.77
5958,Chlamydia,274.0,South Carolina,2009.0,Male,Unknown,99,8.0,,
5959,Chlamydia,274.0,South Carolina,2010.0,Male,0-14 years,0-14,14.0,455899.0,3.07
5960,Chlamydia,274.0,South Carolina,2010.0,Male,15-19 years,15-19,1414.0,168250.0,840.42
5961,Chlamydia,274.0,South Carolina,2010.0,Male,20-24 years,20-24,2239.0,168546.0,1328.42
5962,Chlamydia,274.0,South Carolina,2010.0,Male,25-29 years,25-29,1022.0,151620.0,674.05
5963,Chlamydia,274.0,South Carolina,2010.0,Male,30-34 years,30-34,471.0,142881.0,329.64
5964,Chlamydia,274.0,South Carolina,2010.0,Male,35-39 years,35-39,218.0,145905.0,149.41
5965,Chlamydia,274.0,South Carolina,2010.0,Male,40+ years,40+,275.0,1017000.0,27.04
5966,Chlamydia,274.0,South Carolina,2011.0,Male,0-14 years,0-14,23.0,458640.0,5.01
5967,Chlamydia,274.0,South Carolina,2011.0,Male,15-19 years,15-19,1565.0,163850.0,955.14
5968,Chlamydia,274.0,South Carolina,2011.0,Male,20-24 years,20-24,2704.0,173590.0,1557.69
5969,Chlamydia,274.0,South Carolina,2011.0,Male,25-29 years,25-29,1174.0,152558.0,769.54
5970,Chlamydia,274.0,South Carolina,2011.0,Male,30-34 years,30-34,588.0,146131.0,402.38
5971,Chlamydia,274.0,South Carolina,2011.0,Male,35-39 years,35-39,236.0,140800.0,167.61
5972,Chlamydia,274.0,South Carolina,2011.0,Male,40+ years,40+,291.0,1041059.0,27.95
5973,Chlamydia,274.0,South Carolina,2011.0,Male,Unknown,99,4.0,,
5974,Chlamydia,274.0,South Carolina,2012.0,Male,0-14 years,0-14,26.0,458862.0,5.67
5975,Chlamydia,274.0,South Carolina,2012.0,Male,15-19 years,15-19,1368.0,161684.0,846.1
5976,Chlamydia,274.0,South Carolina,2012.0,Male,20-24 years,20-24,2745.0,177244.0,1548.71
5977,Chlamydia,274.0,South Carolina,2012.0,Male,25-29 years,25-29,1264.0,153669.0,822.55
5978,Chlamydia,274.0,South Carolina,2012.0,Male,30-34 years,30-34,589.0,147872.0,398.32
5979,Chlamydia,274.0,South Carolina,2012.0,Male,35-39 years,35-39,240.0,139527.0,172.01
5980,Chlamydia,274.0,South Carolina,2012.0,Male,40+ years,40+,349.0,1058355.0,32.98
5981,Chlamydia,274.0,South Carolina,2012.0,Male,Unknown,99,7.0,,
5982,Chlamydia,274.0,South Carolina,2013.0,Male,0-14 years,0-14,19.0,458606.0,4.14
5983,Chlamydia,274.0,South Carolina,2013.0,Male,15-19 years,15-19,1215.0,160713.0,756.01
5984,Chlamydia,274.0,South Carolina,2013.0,Male,20-24 years,20-24,2684.0,182092.0,1473.98
5985,Chlamydia,274.0,South Carolina,2013.0,Male,25-29 years,25-29,1307.0,154959.0,843.45
5986,Chlamydia,274.0,South Carolina,2013.0,Male,30-34 years,30-34,611.0,149320.0,409.19
5987,Chlamydia,274.0,South Carolina,2013.0,Male,35-39 years,35-39,252.0,139794.0,180.26
5988,Chlamydia,274.0,South Carolina,2013.0,Male,40+ years,40+,343.0,1077635.0,31.83
5989,Chlamydia,274.0,South Carolina,2013.0,Male,Unknown,99,1.0,,
5990,Chlamydia,274.0,South Carolina,2014.0,Male,0-14 years,0-14,26.0,458606.0,5.67
5991,Chlamydia,274.0,South Carolina,2014.0,Male,15-19 years,15-19,1394.0,160713.0,867.38
5992,Chlamydia,274.0,South Carolina,2014.0,Male,20-24 years,20-24,2962.0,182092.0,1626.65
5993,Chlamydia,274.0,South Carolina,2014.0,Male,25-29 years,25-29,1572.0,154959.0,1014.46
5994,Chlamydia,274.0,South Carolina,2014.0,Male,30-34 years,30-34,694.0,149320.0,464.77
5995,Chlamydia,274.0,South Carolina,2014.0,Male,35-39 years,35-39,314.0,139794.0,224.62
5996,Chlamydia,274.0,South Carolina,2014.0,Male,40+ years,40+,411.0,1077635.0,38.14
5997,Chlamydia,274.0,South Carolina,2014.0,Male,Unknown,99,3.0,,
5998,Chlamydia,274.0,South Dakota,1996.0,Male,0-14 years,0-14,1.0,86137.0,1.16
5999,Chlamydia,274.0,South Dakota,1996.0,Male,15-19 years,15-19,96.0,31174.0,307.95
6000,Chlamydia,274.0,South Dakota,1996.0,Male,20-24 years,20-24,139.0,25241.0,550.69
6001,Chlamydia,274.0,South Dakota,1996.0,Male,25-29 years,25-29,76.0,23290.0,326.32
6002,Chlamydia,274.0,South Dakota,1996.0,Male,30-34 years,30-34,17.0,26285.0,64.68
6003,Chlamydia,274.0,South Dakota,1996.0,Male,35-39 years,35-39,18.0,30043.0,59.91
6004,Chlamydia,274.0,South Dakota,1996.0,Male,40+ years,40+,6.0,144763.0,4.14
6005,Chlamydia,274.0,South Dakota,1996.0,Male,Unknown,99,1.0,,
6006,Chlamydia,274.0,South Dakota,1997.0,Male,0-14 years,0-14,7.0,85903.0,8.15
6007,Chlamydia,274.0,South Dakota,1997.0,Male,15-19 years,15-19,106.0,31837.0,332.95
6008,Chlamydia,274.0,South Dakota,1997.0,Male,20-24 years,20-24,151.0,25428.0,593.83
6009,Chlamydia,274.0,South Dakota,1997.0,Male,25-29 years,25-29,75.0,23082.0,324.93
6010,Chlamydia,274.0,South Dakota,1997.0,Male,30-34 years,30-34,23.0,24932.0,92.25
6011,Chlamydia,274.0,South Dakota,1997.0,Male,35-39 years,35-39,12.0,29736.0,40.36
6012,Chlamydia,274.0,South Dakota,1997.0,Male,40+ years,40+,11.0,147154.0,7.48
6013,Chlamydia,274.0,South Dakota,1997.0,Male,Unknown,99,32.0,,
6014,Chlamydia,274.0,South Dakota,1998.0,Male,0-14 years,0-14,8.0,85346.0,9.37
6015,Chlamydia,274.0,South Dakota,1998.0,Male,15-19 years,15-19,110.0,32287.0,340.69
6016,Chlamydia,274.0,South Dakota,1998.0,Male,20-24 years,20-24,156.0,25831.0,603.93
6017,Chlamydia,274.0,South Dakota,1998.0,Male,25-29 years,25-29,70.0,22989.0,304.49
6018,Chlamydia,274.0,South Dakota,1998.0,Male,30-34 years,30-34,23.0,23906.0,96.21
6019,Chlamydia,274.0,South Dakota,1998.0,Male,35-39 years,35-39,13.0,29323.0,44.33
6020,Chlamydia,274.0,South Dakota,1998.0,Male,40+ years,40+,5.0,149527.0,3.34
6021,Chlamydia,274.0,South Dakota,1998.0,Male,Unknown,99,15.0,,
6022,Chlamydia,274.0,South Dakota,1999.0,Male,0-14 years,0-14,8.0,85054.0,9.41
6023,Chlamydia,274.0,South Dakota,1999.0,Male,15-19 years,15-19,111.0,32347.0,343.15
6024,Chlamydia,274.0,South Dakota,1999.0,Male,20-24 years,20-24,137.0,26545.0,516.11
6025,Chlamydia,274.0,South Dakota,1999.0,Male,25-29 years,25-29,55.0,22884.0,240.34
6026,Chlamydia,274.0,South Dakota,1999.0,Male,30-34 years,30-34,16.0,23410.0,68.35
6027,Chlamydia,274.0,South Dakota,1999.0,Male,35-39 years,35-39,10.0,28909.0,34.59
6028,Chlamydia,274.0,South Dakota,1999.0,Male,40+ years,40+,4.0,152763.0,2.62
6029,Chlamydia,274.0,South Dakota,1999.0,Male,Unknown,99,7.0,,
6030,Chlamydia,274.0,South Dakota,2000.0,Male,0-14 years,0-14,1.0,83205.0,1.2
6031,Chlamydia,274.0,South Dakota,2000.0,Male,15-19 years,15-19,177.0,32113.0,551.18
6032,Chlamydia,274.0,South Dakota,2000.0,Male,20-24 years,20-24,201.0,27641.0,727.18
6033,Chlamydia,274.0,South Dakota,2000.0,Male,25-29 years,25-29,73.0,23045.0,316.77
6034,Chlamydia,274.0,South Dakota,2000.0,Male,30-34 years,30-34,38.0,23575.0,161.19
6035,Chlamydia,274.0,South Dakota,2000.0,Male,35-39 years,35-39,15.0,28332.0,52.94
6036,Chlamydia,274.0,South Dakota,2000.0,Male,40+ years,40+,10.0,157182.0,6.36
6037,Chlamydia,274.0,South Dakota,2000.0,Male,Unknown,99,8.0,,
6038,Chlamydia,274.0,South Dakota,2001.0,Male,0-14 years,0-14,3.0,82342.0,3.64
6039,Chlamydia,274.0,South Dakota,2001.0,Male,15-19 years,15-19,140.0,32179.0,435.07
6040,Chlamydia,274.0,South Dakota,2001.0,Male,20-24 years,20-24,208.0,28848.0,721.02
6041,Chlamydia,274.0,South Dakota,2001.0,Male,25-29 years,25-29,98.0,23058.0,425.01
6042,Chlamydia,274.0,South Dakota,2001.0,Male,30-34 years,30-34,33.0,23315.0,141.54
6043,Chlamydia,274.0,South Dakota,2001.0,Male,35-39 years,35-39,18.0,27209.0,66.15
6044,Chlamydia,274.0,South Dakota,2001.0,Male,40+ years,40+,10.0,159485.0,6.27
6045,Chlamydia,274.0,South Dakota,2002.0,Male,0-14 years,0-14,6.0,81475.0,7.36
6046,Chlamydia,274.0,South Dakota,2002.0,Male,15-19 years,15-19,164.0,31683.0,517.63
6047,Chlamydia,274.0,South Dakota,2002.0,Male,20-24 years,20-24,247.0,29521.0,836.69
6048,Chlamydia,274.0,South Dakota,2002.0,Male,25-29 years,25-29,109.0,23211.0,469.61
6049,Chlamydia,274.0,South Dakota,2002.0,Male,30-34 years,30-34,40.0,23149.0,172.79
6050,Chlamydia,274.0,South Dakota,2002.0,Male,35-39 years,35-39,18.0,25770.0,69.85
6051,Chlamydia,274.0,South Dakota,2002.0,Male,40+ years,40+,15.0,163152.0,9.19
6052,Chlamydia,274.0,South Dakota,2002.0,Male,Unknown,99,7.0,,
6053,Chlamydia,274.0,South Dakota,2003.0,Male,0-14 years,0-14,2.0,81826.0,2.44
6054,Chlamydia,274.0,South Dakota,2003.0,Male,15-19 years,15-19,194.0,31283.0,620.14
6055,Chlamydia,274.0,South Dakota,2003.0,Male,20-24 years,20-24,320.0,30951.0,1033.89
6056,Chlamydia,274.0,South Dakota,2003.0,Male,25-29 years,25-29,128.0,23837.0,536.98
6057,Chlamydia,274.0,South Dakota,2003.0,Male,30-34 years,30-34,58.0,22621.0,256.4
6058,Chlamydia,274.0,South Dakota,2003.0,Male,35-39 years,35-39,15.0,24483.0,61.27
6059,Chlamydia,274.0,South Dakota,2003.0,Male,40+ years,40+,17.0,164866.0,10.31
6060,Chlamydia,274.0,South Dakota,2003.0,Male,Unknown,99,8.0,,
6061,Chlamydia,274.0,South Dakota,2004.0,Male,0-14 years,0-14,5.0,79982.0,6.25
6062,Chlamydia,274.0,South Dakota,2004.0,Male,15-19 years,15-19,150.0,30870.0,485.91
6063,Chlamydia,274.0,South Dakota,2004.0,Male,20-24 years,20-24,322.0,31783.0,1013.12
6064,Chlamydia,274.0,South Dakota,2004.0,Male,25-29 years,25-29,136.0,25116.0,541.49
6065,Chlamydia,274.0,South Dakota,2004.0,Male,30-34 years,30-34,54.0,22608.0,238.85
6066,Chlamydia,274.0,South Dakota,2004.0,Male,35-39 years,35-39,18.0,23929.0,75.22
6067,Chlamydia,274.0,South Dakota,2004.0,Male,40+ years,40+,23.0,168961.0,13.61
6068,Chlamydia,274.0,South Dakota,2005.0,Male,0-14 years,0-14,7.0,78880.0,8.87
6069,Chlamydia,274.0,South Dakota,2005.0,Male,15-19 years,15-19,191.0,30377.0,628.76
6070,Chlamydia,274.0,South Dakota,2005.0,Male,20-24 years,20-24,330.0,31829.0,1036.79
6071,Chlamydia,274.0,South Dakota,2005.0,Male,25-29 years,25-29,139.0,26256.0,529.4
6072,Chlamydia,274.0,South Dakota,2005.0,Male,30-34 years,30-34,49.0,22431.0,218.45
6073,Chlamydia,274.0,South Dakota,2005.0,Male,35-39 years,35-39,35.0,23788.0,147.13
6074,Chlamydia,274.0,South Dakota,2005.0,Male,40+ years,40+,15.0,172059.0,8.72
6075,Chlamydia,274.0,South Dakota,2005.0,Male,Unknown,99,8.0,,
6076,Chlamydia,274.0,South Dakota,2006.0,Male,0-14 years,0-14,2.0,81786.0,2.45
6077,Chlamydia,274.0,South Dakota,2006.0,Male,15-19 years,15-19,159.0,29703.0,535.3
6078,Chlamydia,274.0,South Dakota,2006.0,Male,20-24 years,20-24,269.0,31628.0,850.51
6079,Chlamydia,274.0,South Dakota,2006.0,Male,25-29 years,25-29,131.0,26881.0,487.33
6080,Chlamydia,274.0,South Dakota,2006.0,Male,30-34 years,30-34,62.0,22528.0,275.21
6081,Chlamydia,274.0,South Dakota,2006.0,Male,35-39 years,35-39,37.0,23646.0,156.47
6082,Chlamydia,274.0,South Dakota,2006.0,Male,40+ years,40+,32.0,174406.0,18.35
6083,Chlamydia,274.0,South Dakota,2006.0,Male,Unknown,99,17.0,,
6084,Chlamydia,274.0,South Dakota,2007.0,Male,0-14 years,0-14,3.0,82694.0,3.63
6085,Chlamydia,274.0,South Dakota,2007.0,Male,15-19 years,15-19,174.0,29889.0,582.15
6086,Chlamydia,274.0,South Dakota,2007.0,Male,20-24 years,20-24,316.0,30815.0,1025.47
6087,Chlamydia,274.0,South Dakota,2007.0,Male,25-29 years,25-29,136.0,28132.0,483.44
6088,Chlamydia,274.0,South Dakota,2007.0,Male,30-34 years,30-34,47.0,22985.0,204.48
6089,Chlamydia,274.0,South Dakota,2007.0,Male,35-39 years,35-39,21.0,23910.0,87.83
6090,Chlamydia,274.0,South Dakota,2007.0,Male,40+ years,40+,22.0,178387.0,12.33
6091,Chlamydia,274.0,South Dakota,2007.0,Male,Unknown,99,6.0,,
6092,Chlamydia,274.0,South Dakota,2008.0,Male,0-14 years,0-14,3.0,83711.0,3.58
6093,Chlamydia,274.0,South Dakota,2008.0,Male,15-19 years,15-19,167.0,29549.0,565.16
6094,Chlamydia,274.0,South Dakota,2008.0,Male,20-24 years,20-24,322.0,31078.0,1036.1
6095,Chlamydia,274.0,South Dakota,2008.0,Male,25-29 years,25-29,163.0,28456.0,572.81
6096,Chlamydia,274.0,South Dakota,2008.0,Male,30-34 years,30-34,64.0,23593.0,271.27
6097,Chlamydia,274.0,South Dakota,2008.0,Male,35-39 years,35-39,26.0,23641.0,109.98
6098,Chlamydia,274.0,South Dakota,2008.0,Male,40+ years,40+,19.0,180833.0,10.51
6099,Chlamydia,274.0,South Dakota,2008.0,Male,Unknown,99,3.0,,
6100,Chlamydia,274.0,South Dakota,2009.0,Male,0-14 years,0-14,1.0,84643.0,1.18
6101,Chlamydia,274.0,South Dakota,2009.0,Male,15-19 years,15-19,149.0,30147.0,494.25
6102,Chlamydia,274.0,South Dakota,2009.0,Male,20-24 years,20-24,321.0,32905.0,975.54
6103,Chlamydia,274.0,South Dakota,2009.0,Male,25-29 years,25-29,193.0,29523.0,653.73
6104,Chlamydia,274.0,South Dakota,2009.0,Male,30-34 years,30-34,71.0,24179.0,293.64
6105,Chlamydia,274.0,South Dakota,2009.0,Male,35-39 years,35-39,24.0,23237.0,103.28
6106,Chlamydia,274.0,South Dakota,2009.0,Male,40+ years,40+,29.0,181286.0,16.0
6107,Chlamydia,274.0,South Dakota,2010.0,Male,0-14 years,0-14,5.0,86757.0,5.76
6108,Chlamydia,274.0,South Dakota,2010.0,Male,15-19 years,15-19,194.0,29682.0,653.6
6109,Chlamydia,274.0,South Dakota,2010.0,Male,20-24 years,20-24,395.0,29663.0,1331.63
6110,Chlamydia,274.0,South Dakota,2010.0,Male,25-29 years,25-29,158.0,28958.0,545.62
6111,Chlamydia,274.0,South Dakota,2010.0,Male,30-34 years,30-34,90.0,25625.0,351.22
6112,Chlamydia,274.0,South Dakota,2010.0,Male,35-39 years,35-39,28.0,23276.0,120.3
6113,Chlamydia,274.0,South Dakota,2010.0,Male,40+ years,40+,12.0,183420.0,6.54
6114,Chlamydia,274.0,South Dakota,2010.0,Male,Unknown,99,1.0,,
6115,Chlamydia,274.0,South Dakota,2011.0,Male,0-14 years,0-14,3.0,87310.0,3.44
6116,Chlamydia,274.0,South Dakota,2011.0,Male,15-19 years,15-19,189.0,29814.0,633.93
6117,Chlamydia,274.0,South Dakota,2011.0,Male,20-24 years,20-24,376.0,30021.0,1252.46
6118,Chlamydia,274.0,South Dakota,2011.0,Male,25-29 years,25-29,194.0,29267.0,662.86
6119,Chlamydia,274.0,South Dakota,2011.0,Male,30-34 years,30-34,89.0,26906.0,330.78
6120,Chlamydia,274.0,South Dakota,2011.0,Male,35-39 years,35-39,32.0,23400.0,136.75
6121,Chlamydia,274.0,South Dakota,2011.0,Male,40+ years,40+,30.0,186459.0,16.09
6122,Chlamydia,274.0,South Dakota,2011.0,Male,Unknown,99,1.0,,
6123,Chlamydia,274.0,South Dakota,2012.0,Male,0-14 years,0-14,3.0,87879.0,3.41
6124,Chlamydia,274.0,South Dakota,2012.0,Male,15-19 years,15-19,237.0,29558.0,801.81
6125,Chlamydia,274.0,South Dakota,2012.0,Male,20-24 years,20-24,484.0,30819.0,1570.46
6126,Chlamydia,274.0,South Dakota,2012.0,Male,25-29 years,25-29,222.0,29233.0,759.42
6127,Chlamydia,274.0,South Dakota,2012.0,Male,30-34 years,30-34,101.0,27819.0,363.06
6128,Chlamydia,274.0,South Dakota,2012.0,Male,35-39 years,35-39,37.0,23942.0,154.54
6129,Chlamydia,274.0,South Dakota,2012.0,Male,40+ years,40+,39.0,189066.0,20.63
6130,Chlamydia,274.0,South Dakota,2013.0,Male,0-14 years,0-14,3.0,89795.0,3.34
6131,Chlamydia,274.0,South Dakota,2013.0,Male,15-19 years,15-19,221.0,29480.0,749.66
6132,Chlamydia,274.0,South Dakota,2013.0,Male,20-24 years,20-24,472.0,31708.0,1488.58
6133,Chlamydia,274.0,South Dakota,2013.0,Male,25-29 years,25-29,251.0,29119.0,861.98
6134,Chlamydia,274.0,South Dakota,2013.0,Male,30-34 years,30-34,106.0,28646.0,370.03
6135,Chlamydia,274.0,South Dakota,2013.0,Male,35-39 years,35-39,29.0,24498.0,118.38
6136,Chlamydia,274.0,South Dakota,2013.0,Male,40+ years,40+,52.0,191132.0,27.21
6137,Chlamydia,274.0,South Dakota,2014.0,Male,0-14 years,0-14,6.0,89795.0,6.68
6138,Chlamydia,274.0,South Dakota,2014.0,Male,15-19 years,15-19,253.0,29480.0,858.21
6139,Chlamydia,274.0,South Dakota,2014.0,Male,20-24 years,20-24,465.0,31708.0,1466.51
6140,Chlamydia,274.0,South Dakota,2014.0,Male,25-29 years,25-29,268.0,29119.0,920.36
6141,Chlamydia,274.0,South Dakota,2014.0,Male,30-34 years,30-34,125.0,28646.0,436.36
6142,Chlamydia,274.0,South Dakota,2014.0,Male,35-39 years,35-39,52.0,24498.0,212.26
6143,Chlamydia,274.0,South Dakota,2014.0,Male,40+ years,40+,55.0,191132.0,28.78
6144,Chlamydia,274.0,Tennessee,1996.0,Male,0-14 years,0-14,29.0,571631.0,5.07
6145,Chlamydia,274.0,Tennessee,1996.0,Male,15-19 years,15-19,1022.0,197199.0,518.26
6146,Chlamydia,274.0,Tennessee,1996.0,Male,20-24 years,20-24,1178.0,186990.0,629.98
6147,Chlamydia,274.0,Tennessee,1996.0,Male,25-29 years,25-29,472.0,199058.0,237.12
6148,Chlamydia,274.0,Tennessee,1996.0,Male,30-34 years,30-34,217.0,213576.0,101.6
6149,Chlamydia,274.0,Tennessee,1996.0,Male,35-39 years,35-39,109.0,217799.0,50.05
6150,Chlamydia,274.0,Tennessee,1996.0,Male,40+ years,40+,91.0,1037293.0,8.77
6151,Chlamydia,274.0,Tennessee,1996.0,Male,Unknown,99,2.0,,
6152,Chlamydia,274.0,Tennessee,1997.0,Male,0-14 years,0-14,24.0,576810.0,4.16
6153,Chlamydia,274.0,Tennessee,1997.0,Male,15-19 years,15-19,915.0,200388.0,456.61
6154,Chlamydia,274.0,Tennessee,1997.0,Male,20-24 years,20-24,1128.0,185938.0,606.65
6155,Chlamydia,274.0,Tennessee,1997.0,Male,25-29 years,25-29,470.0,202417.0,232.19
6156,Chlamydia,274.0,Tennessee,1997.0,Male,30-34 years,30-34,180.0,210600.0,85.47
6157,Chlamydia,274.0,Tennessee,1997.0,Male,35-39 years,35-39,98.0,219464.0,44.65
6158,Chlamydia,274.0,Tennessee,1997.0,Male,40+ years,40+,78.0,1069105.0,7.3
6159,Chlamydia,274.0,Tennessee,1997.0,Male,Unknown,99,3.0,,
6160,Chlamydia,274.0,Tennessee,1998.0,Male,0-14 years,0-14,48.0,582860.0,8.24
6161,Chlamydia,274.0,Tennessee,1998.0,Male,15-19 years,15-19,1009.0,202612.0,498.0
6162,Chlamydia,274.0,Tennessee,1998.0,Male,20-24 years,20-24,1182.0,188131.0,628.29
6163,Chlamydia,274.0,Tennessee,1998.0,Male,25-29 years,25-29,473.0,204470.0,231.33
6164,Chlamydia,274.0,Tennessee,1998.0,Male,30-34 years,30-34,215.0,207208.0,103.76
6165,Chlamydia,274.0,Tennessee,1998.0,Male,35-39 years,35-39,114.0,221252.0,51.52
6166,Chlamydia,274.0,Tennessee,1998.0,Male,40+ years,40+,118.0,1095805.0,10.77
6167,Chlamydia,274.0,Tennessee,1998.0,Male,Unknown,99,6.0,,
6168,Chlamydia,274.0,Tennessee,1999.0,Male,0-14 years,0-14,33.0,591847.0,5.58
6169,Chlamydia,274.0,Tennessee,1999.0,Male,15-19 years,15-19,936.0,202798.0,461.54
6170,Chlamydia,274.0,Tennessee,1999.0,Male,20-24 years,20-24,1227.0,191577.0,640.47
6171,Chlamydia,274.0,Tennessee,1999.0,Male,25-29 years,25-29,496.0,204416.0,242.64
6172,Chlamydia,274.0,Tennessee,1999.0,Male,30-34 years,30-34,189.0,205247.0,92.08
6173,Chlamydia,274.0,Tennessee,1999.0,Male,35-39 years,35-39,133.0,223180.0,59.59
6174,Chlamydia,274.0,Tennessee,1999.0,Male,40+ years,40+,106.0,1122175.0,9.45
6175,Chlamydia,274.0,Tennessee,1999.0,Male,Unknown,99,12.0,,
6176,Chlamydia,274.0,Tennessee,2000.0,Male,0-14 years,0-14,28.0,595179.0,4.7
6177,Chlamydia,274.0,Tennessee,2000.0,Male,15-19 years,15-19,1028.0,201787.0,509.45
6178,Chlamydia,274.0,Tennessee,2000.0,Male,20-24 years,20-24,1385.0,196811.0,703.72
6179,Chlamydia,274.0,Tennessee,2000.0,Male,25-29 years,25-29,513.0,202090.0,253.85
6180,Chlamydia,274.0,Tennessee,2000.0,Male,30-34 years,30-34,226.0,207520.0,108.91
6181,Chlamydia,274.0,Tennessee,2000.0,Male,35-39 years,35-39,120.0,223160.0,53.77
6182,Chlamydia,274.0,Tennessee,2000.0,Male,40+ years,40+,107.0,1150746.0,9.3
6183,Chlamydia,274.0,Tennessee,2000.0,Male,Unknown,99,13.0,,
6184,Chlamydia,274.0,Tennessee,2001.0,Male,0-14 years,0-14,29.0,597652.0,4.85
6185,Chlamydia,274.0,Tennessee,2001.0,Male,15-19 years,15-19,966.0,200769.0,481.15
6186,Chlamydia,274.0,Tennessee,2001.0,Male,20-24 years,20-24,1407.0,201226.0,699.21
6187,Chlamydia,274.0,Tennessee,2001.0,Male,25-29 years,25-29,568.0,197825.0,287.12
6188,Chlamydia,274.0,Tennessee,2001.0,Male,30-34 years,30-34,218.0,211028.0,103.3
6189,Chlamydia,274.0,Tennessee,2001.0,Male,35-39 years,35-39,133.0,221326.0,60.09
6190,Chlamydia,274.0,Tennessee,2001.0,Male,40+ years,40+,122.0,1172151.0,10.41
6191,Chlamydia,274.0,Tennessee,2001.0,Male,Unknown,99,12.0,,
6192,Chlamydia,274.0,Tennessee,2002.0,Male,0-14 years,0-14,24.0,600292.0,4.0
6193,Chlamydia,274.0,Tennessee,2002.0,Male,15-19 years,15-19,895.0,200449.0,446.5
6194,Chlamydia,274.0,Tennessee,2002.0,Male,20-24 years,20-24,1337.0,201387.0,663.9
6195,Chlamydia,274.0,Tennessee,2002.0,Male,25-29 years,25-29,571.0,194527.0,293.53
6196,Chlamydia,274.0,Tennessee,2002.0,Male,30-34 years,30-34,276.0,214008.0,128.97
6197,Chlamydia,274.0,Tennessee,2002.0,Male,35-39 years,35-39,164.0,217635.0,75.36
6198,Chlamydia,274.0,Tennessee,2002.0,Male,40+ years,40+,138.0,1197918.0,11.52
6199,Chlamydia,274.0,Tennessee,2002.0,Male,Unknown,99,12.0,,
6200,Chlamydia,274.0,Tennessee,2003.0,Male,0-14 years,0-14,24.0,595154.0,4.03
6201,Chlamydia,274.0,Tennessee,2003.0,Male,15-19 years,15-19,1379.0,201703.0,683.68
6202,Chlamydia,274.0,Tennessee,2003.0,Male,20-24 years,20-24,2278.0,209931.0,1085.12
6203,Chlamydia,274.0,Tennessee,2003.0,Male,25-29 years,25-29,1092.0,198975.0,548.81
6204,Chlamydia,274.0,Tennessee,2003.0,Male,30-34 years,30-34,473.0,214367.0,220.65
6205,Chlamydia,274.0,Tennessee,2003.0,Male,35-39 years,35-39,232.0,213276.0,108.78
6206,Chlamydia,274.0,Tennessee,2003.0,Male,40+ years,40+,223.0,1218989.0,18.29
6207,Chlamydia,274.0,Tennessee,2003.0,Male,Unknown,99,10.0,,
6208,Chlamydia,274.0,Tennessee,2004.0,Male,0-14 years,0-14,39.0,592311.0,6.58
6209,Chlamydia,274.0,Tennessee,2004.0,Male,15-19 years,15-19,1541.0,203823.0,756.05
6210,Chlamydia,274.0,Tennessee,2004.0,Male,20-24 years,20-24,2452.0,212124.0,1155.93
6211,Chlamydia,274.0,Tennessee,2004.0,Male,25-29 years,25-29,1191.0,202904.0,586.98
6212,Chlamydia,274.0,Tennessee,2004.0,Male,30-34 years,30-34,492.0,214567.0,229.3
6213,Chlamydia,274.0,Tennessee,2004.0,Male,35-39 years,35-39,269.0,210900.0,127.55
6214,Chlamydia,274.0,Tennessee,2004.0,Male,40+ years,40+,276.0,1249655.0,22.09
6215,Chlamydia,274.0,Tennessee,2004.0,Male,Unknown,99,18.0,,
6216,Chlamydia,274.0,Tennessee,2005.0,Male,0-14 years,0-14,49.0,588717.0,8.32
6217,Chlamydia,274.0,Tennessee,2005.0,Male,15-19 years,15-19,1682.0,207284.0,811.45
6218,Chlamydia,274.0,Tennessee,2005.0,Male,20-24 years,20-24,2609.0,213059.0,1224.54
6219,Chlamydia,274.0,Tennessee,2005.0,Male,25-29 years,25-29,1193.0,209140.0,570.43
6220,Chlamydia,274.0,Tennessee,2005.0,Male,30-34 years,30-34,524.0,211526.0,247.72
6221,Chlamydia,274.0,Tennessee,2005.0,Male,35-39 years,35-39,247.0,212923.0,116.0
6222,Chlamydia,274.0,Tennessee,2005.0,Male,40+ years,40+,312.0,1278017.0,24.41
6223,Chlamydia,274.0,Tennessee,2005.0,Male,Unknown,99,3.0,,
6224,Chlamydia,274.0,Tennessee,2006.0,Male,0-14 years,0-14,40.0,607517.0,6.58
6225,Chlamydia,274.0,Tennessee,2006.0,Male,15-19 years,15-19,1810.0,208220.0,869.27
6226,Chlamydia,274.0,Tennessee,2006.0,Male,20-24 years,20-24,2648.0,202161.0,1309.85
6227,Chlamydia,274.0,Tennessee,2006.0,Male,25-29 years,25-29,1275.0,221759.0,574.95
6228,Chlamydia,274.0,Tennessee,2006.0,Male,30-34 years,30-34,578.0,200193.0,288.72
6229,Chlamydia,274.0,Tennessee,2006.0,Male,35-39 years,35-39,275.0,212927.0,129.15
6230,Chlamydia,274.0,Tennessee,2006.0,Male,40+ years,40+,332.0,1298113.0,25.58
6231,Chlamydia,274.0,Tennessee,2006.0,Male,Unknown,99,10.0,,
6232,Chlamydia,274.0,Tennessee,2007.0,Male,0-14 years,0-14,47.0,620275.0,7.58
6233,Chlamydia,274.0,Tennessee,2007.0,Male,15-19 years,15-19,1857.0,211783.0,876.84
6234,Chlamydia,274.0,Tennessee,2007.0,Male,20-24 years,20-24,2727.0,201055.0,1356.35
6235,Chlamydia,274.0,Tennessee,2007.0,Male,25-29 years,25-29,1373.0,224250.0,612.26
6236,Chlamydia,274.0,Tennessee,2007.0,Male,30-34 years,30-34,621.0,200388.0,309.9
6237,Chlamydia,274.0,Tennessee,2007.0,Male,35-39 years,35-39,296.0,217341.0,136.19
6238,Chlamydia,274.0,Tennessee,2007.0,Male,40+ years,40+,337.0,1331026.0,25.32
6239,Chlamydia,274.0,Tennessee,2007.0,Male,Unknown,99,4.0,,
6240,Chlamydia,274.0,Tennessee,2008.0,Male,0-14 years,0-14,40.0,624515.0,6.4
6241,Chlamydia,274.0,Tennessee,2008.0,Male,15-19 years,15-19,1978.0,211885.0,933.52
6242,Chlamydia,274.0,Tennessee,2008.0,Male,20-24 years,20-24,2907.0,197198.0,1474.15
6243,Chlamydia,274.0,Tennessee,2008.0,Male,25-29 years,25-29,1391.0,220186.0,631.74
6244,Chlamydia,274.0,Tennessee,2008.0,Male,30-34 years,30-34,590.0,201523.0,292.77
6245,Chlamydia,274.0,Tennessee,2008.0,Male,35-39 years,35-39,316.0,216838.0,145.73
6246,Chlamydia,274.0,Tennessee,2008.0,Male,40+ years,40+,331.0,1356970.0,24.39
6247,Chlamydia,274.0,Tennessee,2008.0,Male,Unknown,99,6.0,,
6248,Chlamydia,274.0,Tennessee,2009.0,Male,0-14 years,0-14,40.0,632385.0,6.33
6249,Chlamydia,274.0,Tennessee,2009.0,Male,15-19 years,15-19,2193.0,215901.0,1015.74
6250,Chlamydia,274.0,Tennessee,2009.0,Male,20-24 years,20-24,3086.0,211181.0,1461.31
6251,Chlamydia,274.0,Tennessee,2009.0,Male,25-29 years,25-29,1398.0,219779.0,636.09
6252,Chlamydia,274.0,Tennessee,2009.0,Male,30-34 years,30-34,663.0,203108.0,326.43
6253,Chlamydia,274.0,Tennessee,2009.0,Male,35-39 years,35-39,324.0,214109.0,151.32
6254,Chlamydia,274.0,Tennessee,2009.0,Male,40+ years,40+,348.0,1372780.0,25.35
6255,Chlamydia,274.0,Tennessee,2009.0,Male,Unknown,99,3.0,,
6256,Chlamydia,274.0,Tennessee,2010.0,Male,0-14 years,0-14,29.0,633248.0,4.58
6257,Chlamydia,274.0,Tennessee,2010.0,Male,15-19 years,15-19,2062.0,223002.0,924.65
6258,Chlamydia,274.0,Tennessee,2010.0,Male,20-24 years,20-24,3053.0,212905.0,1433.97
6259,Chlamydia,274.0,Tennessee,2010.0,Male,25-29 years,25-29,1383.0,206997.0,668.13
6260,Chlamydia,274.0,Tennessee,2010.0,Male,30-34 years,30-34,616.0,201529.0,305.66
6261,Chlamydia,274.0,Tennessee,2010.0,Male,35-39 years,35-39,290.0,209760.0,138.25
6262,Chlamydia,274.0,Tennessee,2010.0,Male,40+ years,40+,305.0,1406063.0,21.69
6263,Chlamydia,274.0,Tennessee,2010.0,Male,Unknown,99,10.0,,
6264,Chlamydia,274.0,Tennessee,2011.0,Male,0-14 years,0-14,41.0,631738.0,6.49
6265,Chlamydia,274.0,Tennessee,2011.0,Male,15-19 years,15-19,2198.0,218830.0,1004.43
6266,Chlamydia,274.0,Tennessee,2011.0,Male,20-24 years,20-24,3582.0,220523.0,1624.32
6267,Chlamydia,274.0,Tennessee,2011.0,Male,25-29 years,25-29,1614.0,207528.0,777.73
6268,Chlamydia,274.0,Tennessee,2011.0,Male,30-34 years,30-34,745.0,205885.0,361.85
6269,Chlamydia,274.0,Tennessee,2011.0,Male,35-39 years,35-39,334.0,201894.0,165.43
6270,Chlamydia,274.0,Tennessee,2011.0,Male,40+ years,40+,387.0,1434533.0,26.98
6271,Chlamydia,274.0,Tennessee,2011.0,Male,Unknown,99,4.0,,
6272,Chlamydia,274.0,Tennessee,2012.0,Male,0-14 years,0-14,40.0,633877.0,6.31
6273,Chlamydia,274.0,Tennessee,2012.0,Male,15-19 years,15-19,2404.0,216142.0,1112.23
6274,Chlamydia,274.0,Tennessee,2012.0,Male,20-24 years,20-24,3885.0,228298.0,1701.72
6275,Chlamydia,274.0,Tennessee,2012.0,Male,25-29 years,25-29,1736.0,209386.0,829.09
6276,Chlamydia,274.0,Tennessee,2012.0,Male,30-34 years,30-34,824.0,208738.0,394.75
6277,Chlamydia,274.0,Tennessee,2012.0,Male,35-39 years,35-39,384.0,199750.0,192.24
6278,Chlamydia,274.0,Tennessee,2012.0,Male,40+ years,40+,477.0,1452572.0,32.84
6279,Chlamydia,274.0,Tennessee,2012.0,Male,Unknown,99,4.0,,
6280,Chlamydia,274.0,Tennessee,2013.0,Male,0-14 years,0-14,46.0,632526.0,7.27
6281,Chlamydia,274.0,Tennessee,2013.0,Male,15-19 years,15-19,2044.0,214445.0,953.16
6282,Chlamydia,274.0,Tennessee,2013.0,Male,20-24 years,20-24,3766.0,232538.0,1619.52
6283,Chlamydia,274.0,Tennessee,2013.0,Male,25-29 years,25-29,1795.0,208739.0,859.93
6284,Chlamydia,274.0,Tennessee,2013.0,Male,30-34 years,30-34,803.0,209870.0,382.62
6285,Chlamydia,274.0,Tennessee,2013.0,Male,35-39 years,35-39,387.0,199117.0,194.36
6286,Chlamydia,274.0,Tennessee,2013.0,Male,40+ years,40+,469.0,1469859.0,31.91
6287,Chlamydia,274.0,Tennessee,2013.0,Male,Unknown,99,1.0,,
6288,Chlamydia,274.0,Tennessee,2014.0,Male,0-14 years,0-14,25.0,632526.0,3.95
6289,Chlamydia,274.0,Tennessee,2014.0,Male,15-19 years,15-19,1969.0,214445.0,918.18
6290,Chlamydia,274.0,Tennessee,2014.0,Male,20-24 years,20-24,3876.0,232538.0,1666.82
6291,Chlamydia,274.0,Tennessee,2014.0,Male,25-29 years,25-29,1968.0,208739.0,942.8
6292,Chlamydia,274.0,Tennessee,2014.0,Male,30-34 years,30-34,849.0,209870.0,404.54
6293,Chlamydia,274.0,Tennessee,2014.0,Male,35-39 years,35-39,431.0,199117.0,216.46
6294,Chlamydia,274.0,Tennessee,2014.0,Male,40+ years,40+,467.0,1469859.0,31.77
6295,Chlamydia,274.0,Tennessee,2014.0,Male,Unknown,99,2.0,,
6296,Chlamydia,274.0,Texas,1996.0,Male,0-14 years,0-14,144.0,2374102.0,6.07
6297,Chlamydia,274.0,Texas,1996.0,Male,15-19 years,15-19,1494.0,764188.0,195.5
6298,Chlamydia,274.0,Texas,1996.0,Male,20-24 years,20-24,1806.0,720645.0,250.61
6299,Chlamydia,274.0,Texas,1996.0,Male,25-29 years,25-29,844.0,757590.0,111.41
6300,Chlamydia,274.0,Texas,1996.0,Male,30-34 years,30-34,494.0,837085.0,59.01
6301,Chlamydia,274.0,Texas,1996.0,Male,35-39 years,35-39,244.0,832034.0,29.33
6302,Chlamydia,274.0,Texas,1996.0,Male,40+ years,40+,198.0,3282846.0,6.03
6303,Chlamydia,274.0,Texas,1996.0,Male,Unknown,99,681.0,,
6304,Chlamydia,274.0,Texas,1997.0,Male,0-14 years,0-14,123.0,2408950.0,5.11
6305,Chlamydia,274.0,Texas,1997.0,Male,15-19 years,15-19,1832.0,792240.0,231.24
6306,Chlamydia,274.0,Texas,1997.0,Male,20-24 years,20-24,2368.0,732849.0,323.12
6307,Chlamydia,274.0,Texas,1997.0,Male,25-29 years,25-29,1155.0,773088.0,149.4
6308,Chlamydia,274.0,Texas,1997.0,Male,30-34 years,30-34,607.0,821721.0,73.87
6309,Chlamydia,274.0,Texas,1997.0,Male,35-39 years,35-39,308.0,842390.0,36.56
6310,Chlamydia,274.0,Texas,1997.0,Male,40+ years,40+,308.0,3402777.0,9.05
6311,Chlamydia,274.0,Texas,1997.0,Male,Unknown,99,1415.0,,
6312,Chlamydia,274.0,Texas,1998.0,Male,0-14 years,0-14,175.0,2451719.0,7.14
6313,Chlamydia,274.0,Texas,1998.0,Male,15-19 years,15-19,2840.0,820789.0,346.01
6314,Chlamydia,274.0,Texas,1998.0,Male,20-24 years,20-24,3593.0,749459.0,479.41
6315,Chlamydia,274.0,Texas,1998.0,Male,25-29 years,25-29,1796.0,787384.0,228.1
6316,Chlamydia,274.0,Texas,1998.0,Male,30-34 years,30-34,865.0,804959.0,107.46
6317,Chlamydia,274.0,Texas,1998.0,Male,35-39 years,35-39,495.0,849722.0,58.25
6318,Chlamydia,274.0,Texas,1998.0,Male,40+ years,40+,402.0,3522974.0,11.41
6319,Chlamydia,274.0,Texas,1998.0,Male,Unknown,99,167.0,,
6320,Chlamydia,274.0,Texas,1999.0,Male,0-14 years,0-14,203.0,2489300.0,8.15
6321,Chlamydia,274.0,Texas,1999.0,Male,15-19 years,15-19,3221.0,838475.0,384.15
6322,Chlamydia,274.0,Texas,1999.0,Male,20-24 years,20-24,3633.0,773252.0,469.83
6323,Chlamydia,274.0,Texas,1999.0,Male,25-29 years,25-29,1785.0,800999.0,222.85
6324,Chlamydia,274.0,Texas,1999.0,Male,30-34 years,30-34,823.0,795710.0,103.43
6325,Chlamydia,274.0,Texas,1999.0,Male,35-39 years,35-39,472.0,853450.0,55.3
6326,Chlamydia,274.0,Texas,1999.0,Male,40+ years,40+,350.0,3646832.0,9.6
6327,Chlamydia,274.0,Texas,1999.0,Male,Unknown,99,110.0,,
6328,Chlamydia,274.0,Texas,2000.0,Male,0-14 years,0-14,255.0,2552174.0,9.99
6329,Chlamydia,274.0,Texas,2000.0,Male,15-19 years,15-19,3425.0,850561.0,402.68
6330,Chlamydia,274.0,Texas,2000.0,Male,20-24 years,20-24,4227.0,797448.0,530.07
6331,Chlamydia,274.0,Texas,2000.0,Male,25-29 years,25-29,1964.0,805324.0,243.88
6332,Chlamydia,274.0,Texas,2000.0,Male,30-34 years,30-34,910.0,799247.0,113.86
6333,Chlamydia,274.0,Texas,2000.0,Male,35-39 years,35-39,469.0,842068.0,55.7
6334,Chlamydia,274.0,Texas,2000.0,Male,40+ years,40+,475.0,3759945.0,12.63
6335,Chlamydia,274.0,Texas,2000.0,Male,Unknown,99,104.0,,
6336,Chlamydia,274.0,Texas,2001.0,Male,0-14 years,0-14,216.0,2575530.0,8.39
6337,Chlamydia,274.0,Texas,2001.0,Male,15-19 years,15-19,3399.0,854929.0,397.58
6338,Chlamydia,274.0,Texas,2001.0,Male,20-24 years,20-24,4359.0,823298.0,529.46
6339,Chlamydia,274.0,Texas,2001.0,Male,25-29 years,25-29,2023.0,810700.0,249.54
6340,Chlamydia,274.0,Texas,2001.0,Male,30-34 years,30-34,966.0,819004.0,117.95
6341,Chlamydia,274.0,Texas,2001.0,Male,35-39 years,35-39,498.0,836106.0,59.56
6342,Chlamydia,274.0,Texas,2001.0,Male,40+ years,40+,461.0,3898248.0,11.83
6343,Chlamydia,274.0,Texas,2001.0,Male,Unknown,99,111.0,,
6344,Chlamydia,274.0,Texas,2002.0,Male,0-14 years,0-14,143.0,2605885.0,5.49
6345,Chlamydia,274.0,Texas,2002.0,Male,15-19 years,15-19,3177.0,858284.0,370.16
6346,Chlamydia,274.0,Texas,2002.0,Male,20-24 years,20-24,4458.0,841790.0,529.59
6347,Chlamydia,274.0,Texas,2002.0,Male,25-29 years,25-29,1988.0,809886.0,245.47
6348,Chlamydia,274.0,Texas,2002.0,Male,30-34 years,30-34,970.0,837256.0,115.86
6349,Chlamydia,274.0,Texas,2002.0,Male,35-39 years,35-39,518.0,825030.0,62.79
6350,Chlamydia,274.0,Texas,2002.0,Male,40+ years,40+,560.0,4047793.0,13.83
6351,Chlamydia,274.0,Texas,2002.0,Male,Unknown,99,150.0,,
6352,Chlamydia,274.0,Texas,2003.0,Male,0-14 years,0-14,142.0,2674544.0,5.31
6353,Chlamydia,274.0,Texas,2003.0,Male,15-19 years,15-19,3050.0,856501.0,356.1
6354,Chlamydia,274.0,Texas,2003.0,Male,20-24 years,20-24,4352.0,880006.0,494.54
6355,Chlamydia,274.0,Texas,2003.0,Male,25-29 years,25-29,1944.0,825570.0,235.47
6356,Chlamydia,274.0,Texas,2003.0,Male,30-34 years,30-34,951.0,853475.0,111.43
6357,Chlamydia,274.0,Texas,2003.0,Male,35-39 years,35-39,517.0,817709.0,63.23
6358,Chlamydia,274.0,Texas,2003.0,Male,40+ years,40+,551.0,4101589.0,13.43
6359,Chlamydia,274.0,Texas,2003.0,Male,Unknown,99,87.0,,
6360,Chlamydia,274.0,Texas,2004.0,Male,0-14 years,0-14,147.0,2685794.0,5.47
6361,Chlamydia,274.0,Texas,2004.0,Male,15-19 years,15-19,3123.0,862207.0,362.21
6362,Chlamydia,274.0,Texas,2004.0,Male,20-24 years,20-24,4884.0,900128.0,542.59
6363,Chlamydia,274.0,Texas,2004.0,Male,25-29 years,25-29,2223.0,844117.0,263.35
6364,Chlamydia,274.0,Texas,2004.0,Male,30-34 years,30-34,998.0,863812.0,115.53
6365,Chlamydia,274.0,Texas,2004.0,Male,35-39 years,35-39,549.0,819061.0,67.03
6366,Chlamydia,274.0,Texas,2004.0,Male,40+ years,40+,638.0,4226149.0,15.1
6367,Chlamydia,274.0,Texas,2004.0,Male,Unknown,99,57.0,,
6368,Chlamydia,274.0,Texas,2005.0,Male,0-14 years,0-14,119.0,2705692.0,4.4
6369,Chlamydia,274.0,Texas,2005.0,Male,15-19 years,15-19,3207.0,872287.0,367.65
6370,Chlamydia,274.0,Texas,2005.0,Male,20-24 years,20-24,5092.0,907035.0,561.39
6371,Chlamydia,274.0,Texas,2005.0,Male,25-29 years,25-29,2398.0,864704.0,277.32
6372,Chlamydia,274.0,Texas,2005.0,Male,30-34 years,30-34,1101.0,864368.0,127.38
6373,Chlamydia,274.0,Texas,2005.0,Male,35-39 years,35-39,572.0,830387.0,68.88
6374,Chlamydia,274.0,Texas,2005.0,Male,40+ years,40+,621.0,4343706.0,14.3
6375,Chlamydia,274.0,Texas,2005.0,Male,Unknown,99,28.0,,
6376,Chlamydia,274.0,Texas,2006.0,Male,0-14 years,0-14,130.0,2774474.0,4.69
6377,Chlamydia,274.0,Texas,2006.0,Male,15-19 years,15-19,3668.0,894499.0,410.06
6378,Chlamydia,274.0,Texas,2006.0,Male,20-24 years,20-24,5702.0,928636.0,614.02
6379,Chlamydia,274.0,Texas,2006.0,Male,25-29 years,25-29,2923.0,919993.0,317.72
6380,Chlamydia,274.0,Texas,2006.0,Male,30-34 years,30-34,1261.0,866453.0,145.54
6381,Chlamydia,274.0,Texas,2006.0,Male,35-39 years,35-39,706.0,859504.0,82.14
6382,Chlamydia,274.0,Texas,2006.0,Male,40+ years,40+,751.0,4470509.0,16.8
6383,Chlamydia,274.0,Texas,2006.0,Male,Unknown,99,37.0,,
6384,Chlamydia,274.0,Texas,2007.0,Male,0-14 years,0-14,125.0,2840480.0,4.4
6385,Chlamydia,274.0,Texas,2007.0,Male,15-19 years,15-19,4323.0,900227.0,480.21
6386,Chlamydia,274.0,Texas,2007.0,Male,20-24 years,20-24,6467.0,920288.0,702.72
6387,Chlamydia,274.0,Texas,2007.0,Male,25-29 years,25-29,3434.0,950651.0,361.23
6388,Chlamydia,274.0,Texas,2007.0,Male,30-34 years,30-34,1537.0,868294.0,177.01
6389,Chlamydia,274.0,Texas,2007.0,Male,35-39 years,35-39,843.0,877897.0,96.02
6390,Chlamydia,274.0,Texas,2007.0,Male,40+ years,40+,917.0,4568027.0,20.07
6391,Chlamydia,274.0,Texas,2007.0,Male,Unknown,99,41.0,,
6392,Chlamydia,274.0,Texas,2008.0,Male,0-14 years,0-14,130.0,2893787.0,4.49
6393,Chlamydia,274.0,Texas,2008.0,Male,15-19 years,15-19,5435.0,908464.0,598.26
6394,Chlamydia,274.0,Texas,2008.0,Male,20-24 years,20-24,7970.0,917289.0,868.87
6395,Chlamydia,274.0,Texas,2008.0,Male,25-29 years,25-29,4273.0,972519.0,439.37
6396,Chlamydia,274.0,Texas,2008.0,Male,30-34 years,30-34,1953.0,878532.0,222.3
6397,Chlamydia,274.0,Texas,2008.0,Male,35-39 years,35-39,944.0,890986.0,105.95
6398,Chlamydia,274.0,Texas,2008.0,Male,40+ years,40+,1065.0,4681981.0,22.75
6399,Chlamydia,274.0,Texas,2008.0,Male,Unknown,99,42.0,,
6400,Chlamydia,274.0,Texas,2009.0,Male,0-14 years,0-14,127.0,2979207.0,4.26
6401,Chlamydia,274.0,Texas,2009.0,Male,15-19 years,15-19,5692.0,923299.0,616.49
6402,Chlamydia,274.0,Texas,2009.0,Male,20-24 years,20-24,8657.0,937671.0,923.25
6403,Chlamydia,274.0,Texas,2009.0,Male,25-29 years,25-29,4586.0,988574.0,463.9
6404,Chlamydia,274.0,Texas,2009.0,Male,30-34 years,30-34,1982.0,896508.0,221.08
6405,Chlamydia,274.0,Texas,2009.0,Male,35-39 years,35-39,1017.0,892360.0,113.97
6406,Chlamydia,274.0,Texas,2009.0,Male,40+ years,40+,1218.0,4760473.0,25.59
6407,Chlamydia,274.0,Texas,2009.0,Male,Unknown,99,23.0,,
6408,Chlamydia,274.0,Texas,2010.0,Male,0-14 years,0-14,185.0,2930829.0,6.31
6409,Chlamydia,274.0,Texas,2010.0,Male,15-19 years,15-19,6305.0,968686.0,650.88
6410,Chlamydia,274.0,Texas,2010.0,Male,20-24 years,20-24,10285.0,932353.0,1103.12
6411,Chlamydia,274.0,Texas,2010.0,Male,25-29 years,25-29,5186.0,938966.0,552.31
6412,Chlamydia,274.0,Texas,2010.0,Male,30-34 years,30-34,2480.0,882887.0,280.9
6413,Chlamydia,274.0,Texas,2010.0,Male,35-39 years,35-39,1169.0,876139.0,133.43
6414,Chlamydia,274.0,Texas,2010.0,Male,40+ years,40+,1320.0,4942420.0,26.71
6415,Chlamydia,274.0,Texas,2010.0,Male,Unknown,99,36.0,,
6416,Chlamydia,274.0,Texas,2011.0,Male,0-14 years,0-14,163.0,2979721.0,5.47
6417,Chlamydia,274.0,Texas,2011.0,Male,15-19 years,15-19,6864.0,971258.0,706.71
6418,Chlamydia,274.0,Texas,2011.0,Male,20-24 years,20-24,11155.0,961071.0,1160.68
6419,Chlamydia,274.0,Texas,2011.0,Male,25-29 years,25-29,5771.0,953115.0,605.49
6420,Chlamydia,274.0,Texas,2011.0,Male,30-34 years,30-34,2663.0,912904.0,291.71
6421,Chlamydia,274.0,Texas,2011.0,Male,35-39 years,35-39,1325.0,869841.0,152.33
6422,Chlamydia,274.0,Texas,2011.0,Male,40+ years,40+,1572.0,5094532.0,30.86
6423,Chlamydia,274.0,Texas,2011.0,Male,Unknown,99,20.0,,
6424,Chlamydia,274.0,Texas,2012.0,Male,0-14 years,0-14,169.0,2989719.0,5.65
6425,Chlamydia,274.0,Texas,2012.0,Male,15-19 years,15-19,6593.0,968997.0,680.39
6426,Chlamydia,274.0,Texas,2012.0,Male,20-24 years,20-24,11641.0,996549.0,1168.13
6427,Chlamydia,274.0,Texas,2012.0,Male,25-29 years,25-29,6104.0,968573.0,630.21
6428,Chlamydia,274.0,Texas,2012.0,Male,30-34 years,30-34,2940.0,939923.0,312.79
6429,Chlamydia,274.0,Texas,2012.0,Male,35-39 years,35-39,1380.0,875457.0,157.63
6430,Chlamydia,274.0,Texas,2012.0,Male,40+ years,40+,1679.0,5208516.0,32.24
6431,Chlamydia,274.0,Texas,2012.0,Male,Unknown,99,26.0,,
6432,Chlamydia,274.0,Texas,2013.0,Male,0-14 years,0-14,146.0,3012501.0,4.85
6433,Chlamydia,274.0,Texas,2013.0,Male,15-19 years,15-19,6098.0,971607.0,627.62
6434,Chlamydia,274.0,Texas,2013.0,Male,20-24 years,20-24,12261.0,1016417.0,1206.3
6435,Chlamydia,274.0,Texas,2013.0,Male,25-29 years,25-29,6578.0,981243.0,670.37
6436,Chlamydia,274.0,Texas,2013.0,Male,30-34 years,30-34,3305.0,966044.0,342.12
6437,Chlamydia,274.0,Texas,2013.0,Male,35-39 years,35-39,1600.0,884541.0,180.88
6438,Chlamydia,274.0,Texas,2013.0,Male,40+ years,40+,1984.0,5314649.0,37.33
6439,Chlamydia,274.0,Texas,2013.0,Male,Unknown,99,8.0,,
6440,Chlamydia,274.0,Texas,2014.0,Male,0-14 years,0-14,130.0,3012501.0,4.32
6441,Chlamydia,274.0,Texas,2014.0,Male,15-19 years,15-19,6300.0,971607.0,648.41
6442,Chlamydia,274.0,Texas,2014.0,Male,20-24 years,20-24,12539.0,1016417.0,1233.65
6443,Chlamydia,274.0,Texas,2014.0,Male,25-29 years,25-29,7240.0,981243.0,737.84
6444,Chlamydia,274.0,Texas,2014.0,Male,30-34 years,30-34,3655.0,966044.0,378.35
6445,Chlamydia,274.0,Texas,2014.0,Male,35-39 years,35-39,1853.0,884541.0,209.49
6446,Chlamydia,274.0,Texas,2014.0,Male,40+ years,40+,2376.0,5314649.0,44.71
6447,Chlamydia,274.0,Texas,2014.0,Male,Unknown,99,17.0,,
6448,Chlamydia,274.0,Utah,1996.0,Male,0-14 years,0-14,1.0,287351.0,0.35
6449,Chlamydia,274.0,Utah,1996.0,Male,15-19 years,15-19,78.0,107850.0,72.32
6450,Chlamydia,274.0,Utah,1996.0,Male,20-24 years,20-24,146.0,91669.0,159.27
6451,Chlamydia,274.0,Utah,1996.0,Male,25-29 years,25-29,69.0,82747.0,83.39
6452,Chlamydia,274.0,Utah,1996.0,Male,30-34 years,30-34,39.0,76462.0,51.01
6453,Chlamydia,274.0,Utah,1996.0,Male,35-39 years,35-39,18.0,77047.0,23.36
6454,Chlamydia,274.0,Utah,1996.0,Male,40+ years,40+,13.0,309390.0,4.2
6455,Chlamydia,274.0,Utah,1996.0,Male,Unknown,99,5.0,,
6456,Chlamydia,274.0,Utah,1997.0,Male,0-14 years,0-14,5.0,292751.0,1.71
6457,Chlamydia,274.0,Utah,1997.0,Male,15-19 years,15-19,93.0,109915.0,84.61
6458,Chlamydia,274.0,Utah,1997.0,Male,20-24 years,20-24,168.0,96950.0,173.28
6459,Chlamydia,274.0,Utah,1997.0,Male,25-29 years,25-29,82.0,85333.0,96.09
6460,Chlamydia,274.0,Utah,1997.0,Male,30-34 years,30-34,33.0,76402.0,43.19
6461,Chlamydia,274.0,Utah,1997.0,Male,35-39 years,35-39,19.0,77535.0,24.51
6462,Chlamydia,274.0,Utah,1997.0,Male,40+ years,40+,17.0,320250.0,5.31
6463,Chlamydia,274.0,Utah,1998.0,Male,0-14 years,0-14,4.0,298318.0,1.34
6464,Chlamydia,274.0,Utah,1998.0,Male,15-19 years,15-19,149.0,110796.0,134.48
6465,Chlamydia,274.0,Utah,1998.0,Male,20-24 years,20-24,231.0,103012.0,224.25
6466,Chlamydia,274.0,Utah,1998.0,Male,25-29 years,25-29,110.0,87247.0,126.08
6467,Chlamydia,274.0,Utah,1998.0,Male,30-34 years,30-34,54.0,76373.0,70.71
6468,Chlamydia,274.0,Utah,1998.0,Male,35-39 years,35-39,19.0,77436.0,24.54
6469,Chlamydia,274.0,Utah,1998.0,Male,40+ years,40+,25.0,330012.0,7.58
6470,Chlamydia,274.0,Utah,1998.0,Male,Unknown,99,1.0,,
6471,Chlamydia,274.0,Utah,1999.0,Male,0-14 years,0-14,1.0,302913.0,0.33
6472,Chlamydia,274.0,Utah,1999.0,Male,15-19 years,15-19,130.0,109455.0,118.77
6473,Chlamydia,274.0,Utah,1999.0,Male,20-24 years,20-24,249.0,108645.0,229.19
6474,Chlamydia,274.0,Utah,1999.0,Male,25-29 years,25-29,129.0,89850.0,143.57
6475,Chlamydia,274.0,Utah,1999.0,Male,30-34 years,30-34,47.0,76395.0,61.52
6476,Chlamydia,274.0,Utah,1999.0,Male,35-39 years,35-39,20.0,76888.0,26.01
6477,Chlamydia,274.0,Utah,1999.0,Male,40+ years,40+,23.0,339169.0,6.78
6478,Chlamydia,274.0,Utah,1999.0,Male,Unknown,99,2.0,,
6479,Chlamydia,274.0,Utah,2000.0,Male,0-14 years,0-14,1.0,302793.0,0.33
6480,Chlamydia,274.0,Utah,2000.0,Male,15-19 years,15-19,121.0,106858.0,113.23
6481,Chlamydia,274.0,Utah,2000.0,Male,20-24 years,20-24,243.0,114102.0,212.97
6482,Chlamydia,274.0,Utah,2000.0,Male,25-29 years,25-29,127.0,94657.0,134.17
6483,Chlamydia,274.0,Utah,2000.0,Male,30-34 years,30-34,49.0,78146.0,62.7
6484,Chlamydia,274.0,Utah,2000.0,Male,35-39 years,35-39,23.0,76489.0,30.07
6485,Chlamydia,274.0,Utah,2000.0,Male,40+ years,40+,15.0,351228.0,4.27
6486,Chlamydia,274.0,Utah,2000.0,Male,Unknown,99,1.0,,
6487,Chlamydia,274.0,Utah,2001.0,Male,0-14 years,0-14,4.0,307379.0,1.3
6488,Chlamydia,274.0,Utah,2001.0,Male,15-19 years,15-19,173.0,105697.0,163.68
6489,Chlamydia,274.0,Utah,2001.0,Male,20-24 years,20-24,352.0,112579.0,312.67
6490,Chlamydia,274.0,Utah,2001.0,Male,25-29 years,25-29,187.0,101393.0,184.43
6491,Chlamydia,274.0,Utah,2001.0,Male,30-34 years,30-34,90.0,80491.0,111.81
6492,Chlamydia,274.0,Utah,2001.0,Male,35-39 years,35-39,48.0,74608.0,64.34
6493,Chlamydia,274.0,Utah,2001.0,Male,40+ years,40+,23.0,360299.0,6.38
6494,Chlamydia,274.0,Utah,2001.0,Male,Unknown,99,5.0,,
6495,Chlamydia,274.0,Utah,2002.0,Male,0-14 years,0-14,10.0,307587.0,3.25
6496,Chlamydia,274.0,Utah,2002.0,Male,15-19 years,15-19,222.0,102541.0,216.5
6497,Chlamydia,274.0,Utah,2002.0,Male,20-24 years,20-24,437.0,112783.0,387.47
6498,Chlamydia,274.0,Utah,2002.0,Male,25-29 years,25-29,201.0,110106.0,182.55
6499,Chlamydia,274.0,Utah,2002.0,Male,30-34 years,30-34,82.0,83567.0,98.12
6500,Chlamydia,274.0,Utah,2002.0,Male,35-39 years,35-39,45.0,73669.0,61.08
6501,Chlamydia,274.0,Utah,2002.0,Male,40+ years,40+,44.0,371201.0,11.85
6502,Chlamydia,274.0,Utah,2002.0,Male,Unknown,99,3.0,,
6503,Chlamydia,274.0,Utah,2003.0,Male,0-14 years,0-14,10.0,323011.0,3.1
6504,Chlamydia,274.0,Utah,2003.0,Male,15-19 years,15-19,186.0,100832.0,184.47
6505,Chlamydia,274.0,Utah,2003.0,Male,20-24 years,20-24,463.0,110528.0,418.9
6506,Chlamydia,274.0,Utah,2003.0,Male,25-29 years,25-29,243.0,115703.0,210.02
6507,Chlamydia,274.0,Utah,2003.0,Male,30-34 years,30-34,96.0,83507.0,114.96
6508,Chlamydia,274.0,Utah,2003.0,Male,35-39 years,35-39,40.0,72207.0,55.4
6509,Chlamydia,274.0,Utah,2003.0,Male,40+ years,40+,60.0,374695.0,16.01
6510,Chlamydia,274.0,Utah,2003.0,Male,Unknown,99,5.0,,
6511,Chlamydia,274.0,Utah,2004.0,Male,0-14 years,0-14,8.0,322572.0,2.48
6512,Chlamydia,274.0,Utah,2004.0,Male,15-19 years,15-19,211.0,99256.0,212.58
6513,Chlamydia,274.0,Utah,2004.0,Male,20-24 years,20-24,457.0,111618.0,409.43
6514,Chlamydia,274.0,Utah,2004.0,Male,25-29 years,25-29,249.0,120654.0,206.38
6515,Chlamydia,274.0,Utah,2004.0,Male,30-34 years,30-34,119.0,87149.0,136.55
6516,Chlamydia,274.0,Utah,2004.0,Male,35-39 years,35-39,47.0,73071.0,64.32
6517,Chlamydia,274.0,Utah,2004.0,Male,40+ years,40+,46.0,384995.0,11.95
6518,Chlamydia,274.0,Utah,2005.0,Male,0-14 years,0-14,4.0,323396.0,1.24
6519,Chlamydia,274.0,Utah,2005.0,Male,15-19 years,15-19,263.0,100059.0,262.85
6520,Chlamydia,274.0,Utah,2005.0,Male,20-24 years,20-24,578.0,118782.0,486.61
6521,Chlamydia,274.0,Utah,2005.0,Male,25-29 years,25-29,355.0,122439.0,289.94
6522,Chlamydia,274.0,Utah,2005.0,Male,30-34 years,30-34,167.0,93374.0,178.85
6523,Chlamydia,274.0,Utah,2005.0,Male,35-39 years,35-39,84.0,77367.0,108.57
6524,Chlamydia,274.0,Utah,2005.0,Male,40+ years,40+,70.0,404794.0,17.29
6525,Chlamydia,274.0,Utah,2006.0,Male,0-14 years,0-14,6.0,343305.0,1.75
6526,Chlamydia,274.0,Utah,2006.0,Male,15-19 years,15-19,269.0,101693.0,264.52
6527,Chlamydia,274.0,Utah,2006.0,Male,20-24 years,20-24,644.0,125060.0,514.95
6528,Chlamydia,274.0,Utah,2006.0,Male,25-29 years,25-29,380.0,122727.0,309.63
6529,Chlamydia,274.0,Utah,2006.0,Male,30-34 years,30-34,160.0,85809.0,186.46
6530,Chlamydia,274.0,Utah,2006.0,Male,35-39 years,35-39,87.0,80924.0,107.51
6531,Chlamydia,274.0,Utah,2006.0,Male,40+ years,40+,88.0,422883.0,20.81
6532,Chlamydia,274.0,Utah,2006.0,Male,Unknown,99,1.0,,
6533,Chlamydia,274.0,Utah,2007.0,Male,0-14 years,0-14,10.0,356066.0,2.81
6534,Chlamydia,274.0,Utah,2007.0,Male,15-19 years,15-19,302.0,104703.0,288.44
6535,Chlamydia,274.0,Utah,2007.0,Male,20-24 years,20-24,652.0,129698.0,502.71
6536,Chlamydia,274.0,Utah,2007.0,Male,25-29 years,25-29,429.0,131999.0,325.0
6537,Chlamydia,274.0,Utah,2007.0,Male,30-34 years,30-34,212.0,89153.0,237.79
6538,Chlamydia,274.0,Utah,2007.0,Male,35-39 years,35-39,100.0,84791.0,117.94
6539,Chlamydia,274.0,Utah,2007.0,Male,40+ years,40+,90.0,439337.0,20.49
6540,Chlamydia,274.0,Utah,2008.0,Male,0-14 years,0-14,14.0,371775.0,3.77
6541,Chlamydia,274.0,Utah,2008.0,Male,15-19 years,15-19,366.0,106503.0,343.65
6542,Chlamydia,274.0,Utah,2008.0,Male,20-24 years,20-24,772.0,128696.0,599.86
6543,Chlamydia,274.0,Utah,2008.0,Male,25-29 years,25-29,445.0,135032.0,329.55
6544,Chlamydia,274.0,Utah,2008.0,Male,30-34 years,30-34,210.0,95017.0,221.01
6545,Chlamydia,274.0,Utah,2008.0,Male,35-39 years,35-39,116.0,87257.0,132.94
6546,Chlamydia,274.0,Utah,2008.0,Male,40+ years,40+,114.0,456981.0,24.95
6547,Chlamydia,274.0,Utah,2008.0,Male,Unknown,99,2.0,,
6548,Chlamydia,274.0,Utah,2009.0,Male,0-14 years,0-14,8.0,382001.0,2.09
6549,Chlamydia,274.0,Utah,2009.0,Male,15-19 years,15-19,365.0,108736.0,335.68
6550,Chlamydia,274.0,Utah,2009.0,Male,20-24 years,20-24,757.0,128425.0,589.45
6551,Chlamydia,274.0,Utah,2009.0,Male,25-29 years,25-29,515.0,119844.0,429.73
6552,Chlamydia,274.0,Utah,2009.0,Male,30-34 years,30-34,251.0,104900.0,239.28
6553,Chlamydia,274.0,Utah,2009.0,Male,35-39 years,35-39,117.0,92870.0,125.98
6554,Chlamydia,274.0,Utah,2009.0,Male,40+ years,40+,113.0,464198.0,24.34
6555,Chlamydia,274.0,Utah,2010.0,Male,0-14 years,0-14,8.0,380372.0,2.1
6556,Chlamydia,274.0,Utah,2010.0,Male,15-19 years,15-19,425.0,111727.0,380.39
6557,Chlamydia,274.0,Utah,2010.0,Male,20-24 years,20-24,823.0,113607.0,724.43
6558,Chlamydia,274.0,Utah,2010.0,Male,25-29 years,25-29,492.0,118426.0,415.45
6559,Chlamydia,274.0,Utah,2010.0,Male,30-34 years,30-34,236.0,110492.0,213.59
6560,Chlamydia,274.0,Utah,2010.0,Male,35-39 years,35-39,113.0,90812.0,124.43
6561,Chlamydia,274.0,Utah,2010.0,Male,40+ years,40+,115.0,462881.0,24.84
6562,Chlamydia,274.0,Utah,2010.0,Male,Unknown,99,3.0,,
6563,Chlamydia,274.0,Utah,2011.0,Male,0-14 years,0-14,8.0,384490.0,2.08
6564,Chlamydia,274.0,Utah,2011.0,Male,15-19 years,15-19,427.0,111516.0,382.9
6565,Chlamydia,274.0,Utah,2011.0,Male,20-24 years,20-24,825.0,120475.0,684.79
6566,Chlamydia,274.0,Utah,2011.0,Male,25-29 years,25-29,517.0,113690.0,454.75
6567,Chlamydia,274.0,Utah,2011.0,Male,30-34 years,30-34,250.0,114340.0,218.65
6568,Chlamydia,274.0,Utah,2011.0,Male,35-39 years,35-39,114.0,93067.0,122.49
6569,Chlamydia,274.0,Utah,2011.0,Male,40+ years,40+,124.0,477929.0,25.95
6570,Chlamydia,274.0,Utah,2012.0,Male,0-14 years,0-14,10.0,387067.0,2.58
6571,Chlamydia,274.0,Utah,2012.0,Male,15-19 years,15-19,409.0,111717.0,366.1
6572,Chlamydia,274.0,Utah,2012.0,Male,20-24 years,20-24,876.0,122525.0,714.96
6573,Chlamydia,274.0,Utah,2012.0,Male,25-29 years,25-29,547.0,110818.0,493.6
6574,Chlamydia,274.0,Utah,2012.0,Male,30-34 years,30-34,320.0,115856.0,276.2
6575,Chlamydia,274.0,Utah,2012.0,Male,35-39 years,35-39,148.0,97588.0,151.66
6576,Chlamydia,274.0,Utah,2012.0,Male,40+ years,40+,156.0,490289.0,31.82
6577,Chlamydia,274.0,Utah,2013.0,Male,0-14 years,0-14,6.0,389710.0,1.54
6578,Chlamydia,274.0,Utah,2013.0,Male,15-19 years,15-19,362.0,114156.0,317.11
6579,Chlamydia,274.0,Utah,2013.0,Male,20-24 years,20-24,867.0,125048.0,693.33
6580,Chlamydia,274.0,Utah,2013.0,Male,25-29 years,25-29,615.0,107529.0,571.94
6581,Chlamydia,274.0,Utah,2013.0,Male,30-34 years,30-34,317.0,116376.0,272.39
6582,Chlamydia,274.0,Utah,2013.0,Male,35-39 years,35-39,161.0,102751.0,156.69
6583,Chlamydia,274.0,Utah,2013.0,Male,40+ years,40+,157.0,503411.0,31.19
6584,Chlamydia,274.0,Utah,2014.0,Male,0-14 years,0-14,2.0,389710.0,0.51
6585,Chlamydia,274.0,Utah,2014.0,Male,15-19 years,15-19,458.0,114156.0,401.2
6586,Chlamydia,274.0,Utah,2014.0,Male,20-24 years,20-24,936.0,125048.0,748.51
6587,Chlamydia,274.0,Utah,2014.0,Male,25-29 years,25-29,655.0,107529.0,609.14
6588,Chlamydia,274.0,Utah,2014.0,Male,30-34 years,30-34,335.0,116376.0,287.86
6589,Chlamydia,274.0,Utah,2014.0,Male,35-39 years,35-39,194.0,102751.0,188.81
6590,Chlamydia,274.0,Utah,2014.0,Male,40+ years,40+,228.0,503411.0,45.29
6591,Chlamydia,274.0,Vermont,1996.0,Male,0-14 years,0-14,1.0,64582.0,1.55
6592,Chlamydia,274.0,Vermont,1996.0,Male,15-19 years,15-19,6.0,21591.0,27.79
6593,Chlamydia,274.0,Vermont,1996.0,Male,20-24 years,20-24,25.0,19081.0,131.02
6594,Chlamydia,274.0,Vermont,1996.0,Male,25-29 years,25-29,16.0,20203.0,79.2
6595,Chlamydia,274.0,Vermont,1996.0,Male,30-34 years,30-34,9.0,20557.0,43.78
6596,Chlamydia,274.0,Vermont,1996.0,Male,35-39 years,35-39,3.0,25531.0,11.75
6597,Chlamydia,274.0,Vermont,1996.0,Male,40+ years,40+,2.0,119345.0,1.68
6598,Chlamydia,274.0,Vermont,1997.0,Male,15-19 years,15-19,12.0,22256.0,53.92
6599,Chlamydia,274.0,Vermont,1997.0,Male,20-24 years,20-24,21.0,18539.0,113.28
6600,Chlamydia,274.0,Vermont,1997.0,Male,25-29 years,25-29,7.0,20188.0,34.67
6601,Chlamydia,274.0,Vermont,1997.0,Male,30-34 years,30-34,7.0,19725.0,35.49
6602,Chlamydia,274.0,Vermont,1997.0,Male,35-39 years,35-39,4.0,25302.0,15.81
6603,Chlamydia,274.0,Vermont,1997.0,Male,40+ years,40+,4.0,123034.0,3.25
6604,Chlamydia,274.0,Vermont,1998.0,Male,15-19 years,15-19,14.0,22897.0,61.14
6605,Chlamydia,274.0,Vermont,1998.0,Male,20-24 years,20-24,18.0,18654.0,96.49
6606,Chlamydia,274.0,Vermont,1998.0,Male,25-29 years,25-29,13.0,19283.0,67.42
6607,Chlamydia,274.0,Vermont,1998.0,Male,30-34 years,30-34,6.0,19335.0,31.03
6608,Chlamydia,274.0,Vermont,1998.0,Male,35-39 years,35-39,3.0,24815.0,12.09
6609,Chlamydia,274.0,Vermont,1998.0,Male,40+ years,40+,2.0,126481.0,1.58
6610,Chlamydia,274.0,Vermont,1999.0,Male,15-19 years,15-19,14.0,23278.0,60.14
6611,Chlamydia,274.0,Vermont,1999.0,Male,20-24 years,20-24,29.0,19048.0,152.25
6612,Chlamydia,274.0,Vermont,1999.0,Male,25-29 years,25-29,15.0,17972.0,83.46
6613,Chlamydia,274.0,Vermont,1999.0,Male,30-34 years,30-34,6.0,19453.0,30.84
6614,Chlamydia,274.0,Vermont,1999.0,Male,35-39 years,35-39,4.0,24429.0,16.37
6615,Chlamydia,274.0,Vermont,1999.0,Male,40+ years,40+,3.0,129982.0,2.31
6616,Chlamydia,274.0,Vermont,2000.0,Male,15-19 years,15-19,19.0,23363.0,81.33
6617,Chlamydia,274.0,Vermont,2000.0,Male,20-24 years,20-24,33.0,20015.0,164.88
6618,Chlamydia,274.0,Vermont,2000.0,Male,25-29 years,25-29,22.0,16983.0,129.54
6619,Chlamydia,274.0,Vermont,2000.0,Male,30-34 years,30-34,9.0,19862.0,45.31
6620,Chlamydia,274.0,Vermont,2000.0,Male,35-39 years,35-39,8.0,24124.0,33.16
6621,Chlamydia,274.0,Vermont,2000.0,Male,40+ years,40+,3.0,134455.0,2.23
6622,Chlamydia,274.0,Vermont,2001.0,Male,15-19 years,15-19,25.0,23029.0,108.56
6623,Chlamydia,274.0,Vermont,2001.0,Male,20-24 years,20-24,48.0,21741.0,220.78
6624,Chlamydia,274.0,Vermont,2001.0,Male,25-29 years,25-29,27.0,16460.0,164.03
6625,Chlamydia,274.0,Vermont,2001.0,Male,30-34 years,30-34,4.0,19614.0,20.39
6626,Chlamydia,274.0,Vermont,2001.0,Male,35-39 years,35-39,6.0,23486.0,25.55
6627,Chlamydia,274.0,Vermont,2001.0,Male,40+ years,40+,5.0,137288.0,3.64
6628,Chlamydia,274.0,Vermont,2002.0,Male,0-14 years,0-14,2.0,57787.0,3.46
6629,Chlamydia,274.0,Vermont,2002.0,Male,15-19 years,15-19,47.0,23173.0,202.82
6630,Chlamydia,274.0,Vermont,2002.0,Male,20-24 years,20-24,86.0,22736.0,378.25
6631,Chlamydia,274.0,Vermont,2002.0,Male,25-29 years,25-29,38.0,16465.0,230.79
6632,Chlamydia,274.0,Vermont,2002.0,Male,30-34 years,30-34,15.0,19427.0,77.21
6633,Chlamydia,274.0,Vermont,2002.0,Male,35-39 years,35-39,7.0,22742.0,30.78
6634,Chlamydia,274.0,Vermont,2002.0,Male,40+ years,40+,13.0,139914.0,9.29
6635,Chlamydia,274.0,Vermont,2003.0,Male,15-19 years,15-19,42.0,23588.0,178.06
6636,Chlamydia,274.0,Vermont,2003.0,Male,20-24 years,20-24,94.0,23447.0,400.9
6637,Chlamydia,274.0,Vermont,2003.0,Male,25-29 years,25-29,57.0,16813.0,339.02
6638,Chlamydia,274.0,Vermont,2003.0,Male,30-34 years,30-34,21.0,18488.0,113.59
6639,Chlamydia,274.0,Vermont,2003.0,Male,35-39 years,35-39,6.0,21568.0,27.82
6640,Chlamydia,274.0,Vermont,2003.0,Male,40+ years,40+,12.0,143634.0,8.35
6641,Chlamydia,274.0,Vermont,2004.0,Male,0-14 years,0-14,1.0,55256.0,1.81
6642,Chlamydia,274.0,Vermont,2004.0,Male,15-19 years,15-19,58.0,23535.0,246.44
6643,Chlamydia,274.0,Vermont,2004.0,Male,20-24 years,20-24,118.0,22617.0,521.73
6644,Chlamydia,274.0,Vermont,2004.0,Male,25-29 years,25-29,54.0,17404.0,310.27
6645,Chlamydia,274.0,Vermont,2004.0,Male,30-34 years,30-34,25.0,17614.0,141.93
6646,Chlamydia,274.0,Vermont,2004.0,Male,35-39 years,35-39,12.0,20764.0,57.79
6647,Chlamydia,274.0,Vermont,2004.0,Male,40+ years,40+,8.0,148612.0,5.38
6648,Chlamydia,274.0,Vermont,2005.0,Male,15-19 years,15-19,44.0,23597.0,186.46
6649,Chlamydia,274.0,Vermont,2005.0,Male,20-24 years,20-24,109.0,23148.0,470.88
6650,Chlamydia,274.0,Vermont,2005.0,Male,25-29 years,25-29,44.0,19474.0,225.94
6651,Chlamydia,274.0,Vermont,2005.0,Male,30-34 years,30-34,16.0,16977.0,94.25
6652,Chlamydia,274.0,Vermont,2005.0,Male,35-39 years,35-39,11.0,20448.0,53.8
6653,Chlamydia,274.0,Vermont,2005.0,Male,40+ years,40+,8.0,149036.0,5.37
6654,Chlamydia,274.0,Vermont,2006.0,Male,0-14 years,0-14,1.0,54505.0,1.83
6655,Chlamydia,274.0,Vermont,2006.0,Male,15-19 years,15-19,48.0,23641.0,203.04
6656,Chlamydia,274.0,Vermont,2006.0,Male,20-24 years,20-24,117.0,22280.0,525.13
6657,Chlamydia,274.0,Vermont,2006.0,Male,25-29 years,25-29,62.0,18878.0,328.43
6658,Chlamydia,274.0,Vermont,2006.0,Male,30-34 years,30-34,33.0,17405.0,189.6
6659,Chlamydia,274.0,Vermont,2006.0,Male,35-39 years,35-39,18.0,20361.0,88.4
6660,Chlamydia,274.0,Vermont,2006.0,Male,40+ years,40+,15.0,149953.0,10.0
6661,Chlamydia,274.0,Vermont,2007.0,Male,0-14 years,0-14,1.0,53786.0,1.86
6662,Chlamydia,274.0,Vermont,2007.0,Male,15-19 years,15-19,55.0,23402.0,235.02
6663,Chlamydia,274.0,Vermont,2007.0,Male,20-24 years,20-24,92.0,21565.0,426.62
6664,Chlamydia,274.0,Vermont,2007.0,Male,25-29 years,25-29,61.0,18431.0,330.96
6665,Chlamydia,274.0,Vermont,2007.0,Male,30-34 years,30-34,12.0,17066.0,70.32
6666,Chlamydia,274.0,Vermont,2007.0,Male,35-39 years,35-39,11.0,20069.0,54.81
6667,Chlamydia,274.0,Vermont,2007.0,Male,40+ years,40+,13.0,151466.0,8.58
6668,Chlamydia,274.0,Vermont,2008.0,Male,15-19 years,15-19,52.0,23071.0,225.39
6669,Chlamydia,274.0,Vermont,2008.0,Male,20-24 years,20-24,126.0,21697.0,580.73
6670,Chlamydia,274.0,Vermont,2008.0,Male,25-29 years,25-29,56.0,18498.0,302.74
6671,Chlamydia,274.0,Vermont,2008.0,Male,30-34 years,30-34,29.0,17057.0,170.02
6672,Chlamydia,274.0,Vermont,2008.0,Male,35-39 years,35-39,16.0,19635.0,81.49
6673,Chlamydia,274.0,Vermont,2008.0,Male,40+ years,40+,15.0,152785.0,9.82
6674,Chlamydia,274.0,Vermont,2009.0,Male,15-19 years,15-19,65.0,23456.0,277.12
6675,Chlamydia,274.0,Vermont,2009.0,Male,20-24 years,20-24,132.0,24446.0,539.97
6676,Chlamydia,274.0,Vermont,2009.0,Male,25-29 years,25-29,64.0,18557.0,344.88
6677,Chlamydia,274.0,Vermont,2009.0,Male,30-34 years,30-34,17.0,16369.0,103.86
6678,Chlamydia,274.0,Vermont,2009.0,Male,35-39 years,35-39,7.0,18443.0,37.95
6679,Chlamydia,274.0,Vermont,2009.0,Male,40+ years,40+,12.0,152698.0,7.86
6680,Chlamydia,274.0,Vermont,2010.0,Male,15-19 years,15-19,45.0,23659.0,190.2
6681,Chlamydia,274.0,Vermont,2010.0,Male,20-24 years,20-24,152.0,22682.0,670.13
6682,Chlamydia,274.0,Vermont,2010.0,Male,25-29 years,25-29,78.0,17713.0,440.36
6683,Chlamydia,274.0,Vermont,2010.0,Male,30-34 years,30-34,46.0,16908.0,272.06
6684,Chlamydia,274.0,Vermont,2010.0,Male,35-39 years,35-39,9.0,17982.0,50.05
6685,Chlamydia,274.0,Vermont,2010.0,Male,40+ years,40+,17.0,155718.0,10.92
6686,Chlamydia,274.0,Vermont,2011.0,Male,0-14 years,0-14,2.0,52396.0,3.82
6687,Chlamydia,274.0,Vermont,2011.0,Male,15-19 years,15-19,65.0,23558.0,275.92
6688,Chlamydia,274.0,Vermont,2011.0,Male,20-24 years,20-24,176.0,22988.0,765.62
6689,Chlamydia,274.0,Vermont,2011.0,Male,25-29 years,25-29,62.0,17815.0,348.02
6690,Chlamydia,274.0,Vermont,2011.0,Male,30-34 years,30-34,32.0,17320.0,184.76
6691,Chlamydia,274.0,Vermont,2011.0,Male,35-39 years,35-39,19.0,17146.0,110.81
6692,Chlamydia,274.0,Vermont,2011.0,Male,40+ years,40+,21.0,157627.0,13.32
6693,Chlamydia,274.0,Vermont,2012.0,Male,0-14 years,0-14,1.0,51846.0,1.93
6694,Chlamydia,274.0,Vermont,2012.0,Male,15-19 years,15-19,68.0,23171.0,293.47
6695,Chlamydia,274.0,Vermont,2012.0,Male,20-24 years,20-24,200.0,22992.0,869.87
6696,Chlamydia,274.0,Vermont,2012.0,Male,25-29 years,25-29,104.0,17897.0,581.1
6697,Chlamydia,274.0,Vermont,2012.0,Male,30-34 years,30-34,26.0,17598.0,147.74
6698,Chlamydia,274.0,Vermont,2012.0,Male,35-39 years,35-39,10.0,16928.0,59.07
6699,Chlamydia,274.0,Vermont,2012.0,Male,40+ years,40+,19.0,158346.0,12.0
6700,Chlamydia,274.0,Vermont,2013.0,Male,15-19 years,15-19,88.0,22767.0,386.52
6701,Chlamydia,274.0,Vermont,2013.0,Male,20-24 years,20-24,248.0,23530.0,1053.97
6702,Chlamydia,274.0,Vermont,2013.0,Male,25-29 years,25-29,89.0,18181.0,489.52
6703,Chlamydia,274.0,Vermont,2013.0,Male,30-34 years,30-34,47.0,17846.0,263.36
6704,Chlamydia,274.0,Vermont,2013.0,Male,35-39 years,35-39,29.0,16824.0,172.37
6705,Chlamydia,274.0,Vermont,2013.0,Male,40+ years,40+,22.0,158579.0,13.87
6706,Chlamydia,274.0,Vermont,2014.0,Male,0-14 years,0-14,2.0,51461.0,3.89
6707,Chlamydia,274.0,Vermont,2014.0,Male,15-19 years,15-19,108.0,22767.0,474.37
6708,Chlamydia,274.0,Vermont,2014.0,Male,20-24 years,20-24,268.0,23530.0,1138.97
6709,Chlamydia,274.0,Vermont,2014.0,Male,25-29 years,25-29,117.0,18181.0,643.53
6710,Chlamydia,274.0,Vermont,2014.0,Male,30-34 years,30-34,62.0,17846.0,347.42
6711,Chlamydia,274.0,Vermont,2014.0,Male,35-39 years,35-39,38.0,16824.0,225.87
6712,Chlamydia,274.0,Vermont,2014.0,Male,40+ years,40+,27.0,158579.0,17.03
6713,Chlamydia,274.0,Virginia,1996.0,Male,0-14 years,0-14,9.0,712791.0,1.26
6714,Chlamydia,274.0,Virginia,1996.0,Male,15-19 years,15-19,265.0,230194.0,115.12
6715,Chlamydia,274.0,Virginia,1996.0,Male,20-24 years,20-24,352.0,240682.0,146.25
6716,Chlamydia,274.0,Virginia,1996.0,Male,25-29 years,25-29,231.0,265274.0,87.08
6717,Chlamydia,274.0,Virginia,1996.0,Male,30-34 years,30-34,115.0,294293.0,39.08
6718,Chlamydia,274.0,Virginia,1996.0,Male,35-39 years,35-39,58.0,296723.0,19.55
6719,Chlamydia,274.0,Virginia,1996.0,Male,40+ years,40+,45.0,1267943.0,3.55
6720,Chlamydia,274.0,Virginia,1996.0,Male,Unknown,99,41.0,,
6721,Chlamydia,274.0,Virginia,1997.0,Male,0-14 years,0-14,15.0,718812.0,2.09
6722,Chlamydia,274.0,Virginia,1997.0,Male,15-19 years,15-19,320.0,235826.0,135.69
6723,Chlamydia,274.0,Virginia,1997.0,Male,20-24 years,20-24,517.0,237588.0,217.6
6724,Chlamydia,274.0,Virginia,1997.0,Male,25-29 years,25-29,253.0,262758.0,96.29
6725,Chlamydia,274.0,Virginia,1997.0,Male,30-34 years,30-34,127.0,286634.0,44.31
6726,Chlamydia,274.0,Virginia,1997.0,Male,35-39 years,35-39,75.0,298819.0,25.1
6727,Chlamydia,274.0,Virginia,1997.0,Male,40+ years,40+,72.0,1304188.0,5.52
6728,Chlamydia,274.0,Virginia,1998.0,Male,0-14 years,0-14,16.0,728321.0,2.2
6729,Chlamydia,274.0,Virginia,1998.0,Male,15-19 years,15-19,552.0,241148.0,228.91
6730,Chlamydia,274.0,Virginia,1998.0,Male,20-24 years,20-24,748.0,237897.0,314.42
6731,Chlamydia,274.0,Virginia,1998.0,Male,25-29 years,25-29,354.0,258212.0,137.1
6732,Chlamydia,274.0,Virginia,1998.0,Male,30-34 years,30-34,148.0,277116.0,53.41
6733,Chlamydia,274.0,Virginia,1998.0,Male,35-39 years,35-39,92.0,299814.0,30.69
6734,Chlamydia,274.0,Virginia,1998.0,Male,40+ years,40+,65.0,1337136.0,4.86
6735,Chlamydia,274.0,Virginia,1998.0,Male,Unknown,99,13.0,,
6736,Chlamydia,274.0,Virginia,1999.0,Male,0-14 years,0-14,17.0,735785.0,2.31
6737,Chlamydia,274.0,Virginia,1999.0,Male,15-19 years,15-19,598.0,245429.0,243.66
6738,Chlamydia,274.0,Virginia,1999.0,Male,20-24 years,20-24,833.0,243571.0,342.0
6739,Chlamydia,274.0,Virginia,1999.0,Male,25-29 years,25-29,354.0,254441.0,139.13
6740,Chlamydia,274.0,Virginia,1999.0,Male,30-34 years,30-34,190.0,271589.0,69.96
6741,Chlamydia,274.0,Virginia,1999.0,Male,35-39 years,35-39,95.0,303024.0,31.35
6742,Chlamydia,274.0,Virginia,1999.0,Male,40+ years,40+,70.0,1376652.0,5.08
6743,Chlamydia,274.0,Virginia,1999.0,Male,Unknown,99,20.0,,
6744,Chlamydia,274.0,Virginia,2000.0,Male,0-14 years,0-14,11.0,746630.0,1.47
6745,Chlamydia,274.0,Virginia,2000.0,Male,15-19 years,15-19,592.0,249307.0,237.46
6746,Chlamydia,274.0,Virginia,2000.0,Male,20-24 years,20-24,948.0,251706.0,376.63
6747,Chlamydia,274.0,Virginia,2000.0,Male,25-29 years,25-29,390.0,249774.0,156.14
6748,Chlamydia,274.0,Virginia,2000.0,Male,30-34 years,30-34,187.0,270586.0,69.11
6749,Chlamydia,274.0,Virginia,2000.0,Male,35-39 years,35-39,106.0,302360.0,35.06
6750,Chlamydia,274.0,Virginia,2000.0,Male,40+ years,40+,98.0,1415638.0,6.92
6751,Chlamydia,274.0,Virginia,2000.0,Male,Unknown,99,27.0,,
6752,Chlamydia,274.0,Virginia,2001.0,Male,0-14 years,0-14,22.0,750532.0,2.93
6753,Chlamydia,274.0,Virginia,2001.0,Male,15-19 years,15-19,775.0,255180.0,303.71
6754,Chlamydia,274.0,Virginia,2001.0,Male,20-24 years,20-24,1241.0,258509.0,480.06
6755,Chlamydia,274.0,Virginia,2001.0,Male,25-29 years,25-29,563.0,245566.0,229.27
6756,Chlamydia,274.0,Virginia,2001.0,Male,30-34 years,30-34,232.0,272349.0,85.18
6757,Chlamydia,274.0,Virginia,2001.0,Male,35-39 years,35-39,130.0,298519.0,43.55
6758,Chlamydia,274.0,Virginia,2001.0,Male,40+ years,40+,127.0,1449760.0,8.76
6759,Chlamydia,274.0,Virginia,2001.0,Male,Unknown,99,17.0,,
6760,Chlamydia,274.0,Virginia,2002.0,Male,0-14 years,0-14,26.0,756896.0,3.44
6761,Chlamydia,274.0,Virginia,2002.0,Male,15-19 years,15-19,811.0,259735.0,312.24
6762,Chlamydia,274.0,Virginia,2002.0,Male,20-24 years,20-24,1340.0,269646.0,496.95
6763,Chlamydia,274.0,Virginia,2002.0,Male,25-29 years,25-29,606.0,245682.0,246.66
6764,Chlamydia,274.0,Virginia,2002.0,Male,30-34 years,30-34,302.0,274619.0,109.97
6765,Chlamydia,274.0,Virginia,2002.0,Male,35-39 years,35-39,147.0,293148.0,50.15
6766,Chlamydia,274.0,Virginia,2002.0,Male,40+ years,40+,155.0,1481023.0,10.47
6767,Chlamydia,274.0,Virginia,2002.0,Male,Unknown,99,29.0,,
6768,Chlamydia,274.0,Virginia,2003.0,Male,0-14 years,0-14,16.0,764187.0,2.09
6769,Chlamydia,274.0,Virginia,2003.0,Male,15-19 years,15-19,925.0,263623.0,350.88
6770,Chlamydia,274.0,Virginia,2003.0,Male,20-24 years,20-24,1591.0,279062.0,570.12
6771,Chlamydia,274.0,Virginia,2003.0,Male,25-29 years,25-29,692.0,245612.0,281.75
6772,Chlamydia,274.0,Virginia,2003.0,Male,30-34 years,30-34,292.0,267350.0,109.22
6773,Chlamydia,274.0,Virginia,2003.0,Male,35-39 years,35-39,171.0,284075.0,60.2
6774,Chlamydia,274.0,Virginia,2003.0,Male,40+ years,40+,164.0,1527749.0,10.73
6775,Chlamydia,274.0,Virginia,2003.0,Male,Unknown,99,17.0,,
6776,Chlamydia,274.0,Virginia,2004.0,Male,0-14 years,0-14,18.0,765184.0,2.35
6777,Chlamydia,274.0,Virginia,2004.0,Male,15-19 years,15-19,1183.0,267752.0,441.83
6778,Chlamydia,274.0,Virginia,2004.0,Male,20-24 years,20-24,2096.0,284320.0,737.2
6779,Chlamydia,274.0,Virginia,2004.0,Male,25-29 years,25-29,895.0,250630.0,357.1
6780,Chlamydia,274.0,Virginia,2004.0,Male,30-34 years,30-34,413.0,262300.0,157.45
6781,Chlamydia,274.0,Virginia,2004.0,Male,35-39 years,35-39,193.0,277284.0,69.6
6782,Chlamydia,274.0,Virginia,2004.0,Male,40+ years,40+,202.0,1563963.0,12.92
6783,Chlamydia,274.0,Virginia,2004.0,Male,Unknown,99,24.0,,
6784,Chlamydia,274.0,Virginia,2005.0,Male,0-14 years,0-14,38.0,770720.0,4.93
6785,Chlamydia,274.0,Virginia,2005.0,Male,15-19 years,15-19,1338.0,272171.0,491.6
6786,Chlamydia,274.0,Virginia,2005.0,Male,20-24 years,20-24,2433.0,289785.0,839.59
6787,Chlamydia,274.0,Virginia,2005.0,Male,25-29 years,25-29,1039.0,256540.0,405.0
6788,Chlamydia,274.0,Virginia,2005.0,Male,30-34 years,30-34,450.0,255899.0,175.85
6789,Chlamydia,274.0,Virginia,2005.0,Male,35-39 years,35-39,246.0,275567.0,89.27
6790,Chlamydia,274.0,Virginia,2005.0,Male,40+ years,40+,264.0,1602683.0,16.47
6791,Chlamydia,274.0,Virginia,2005.0,Male,Unknown,99,15.0,,
6792,Chlamydia,274.0,Virginia,2006.0,Male,0-14 years,0-14,35.0,761921.0,4.59
6793,Chlamydia,274.0,Virginia,2006.0,Male,15-19 years,15-19,1342.0,269599.0,497.78
6794,Chlamydia,274.0,Virginia,2006.0,Male,20-24 years,20-24,2687.0,281376.0,954.95
6795,Chlamydia,274.0,Virginia,2006.0,Male,25-29 years,25-29,1232.0,267207.0,461.07
6796,Chlamydia,274.0,Virginia,2006.0,Male,30-34 years,30-34,530.0,260432.0,203.51
6797,Chlamydia,274.0,Virginia,2006.0,Male,35-39 years,35-39,259.0,284488.0,91.04
6798,Chlamydia,274.0,Virginia,2006.0,Male,40+ years,40+,292.0,1631748.0,17.89
6799,Chlamydia,274.0,Virginia,2006.0,Male,Unknown,99,7.0,,
6800,Chlamydia,274.0,Virginia,2007.0,Male,0-14 years,0-14,21.0,770256.0,2.73
6801,Chlamydia,274.0,Virginia,2007.0,Male,15-19 years,15-19,1370.0,270467.0,506.53
6802,Chlamydia,274.0,Virginia,2007.0,Male,20-24 years,20-24,2665.0,285820.0,932.4
6803,Chlamydia,274.0,Virginia,2007.0,Male,25-29 years,25-29,1321.0,277086.0,476.75
6804,Chlamydia,274.0,Virginia,2007.0,Male,30-34 years,30-34,504.0,257443.0,195.77
6805,Chlamydia,274.0,Virginia,2007.0,Male,35-39 years,35-39,253.0,283954.0,89.1
6806,Chlamydia,274.0,Virginia,2007.0,Male,40+ years,40+,289.0,1640013.0,17.62
6807,Chlamydia,274.0,Virginia,2007.0,Male,Unknown,99,10.0,,
6808,Chlamydia,274.0,Virginia,2008.0,Male,0-14 years,0-14,33.0,771088.0,4.28
6809,Chlamydia,274.0,Virginia,2008.0,Male,15-19 years,15-19,1787.0,272584.0,655.58
6810,Chlamydia,274.0,Virginia,2008.0,Male,20-24 years,20-24,3111.0,286559.0,1085.64
6811,Chlamydia,274.0,Virginia,2008.0,Male,25-29 years,25-29,1624.0,284156.0,571.52
6812,Chlamydia,274.0,Virginia,2008.0,Male,30-34 years,30-34,653.0,258082.0,253.02
6813,Chlamydia,274.0,Virginia,2008.0,Male,35-39 years,35-39,340.0,282341.0,120.42
6814,Chlamydia,274.0,Virginia,2008.0,Male,40+ years,40+,367.0,1662232.0,22.08
6815,Chlamydia,274.0,Virginia,2008.0,Male,Unknown,99,70.0,,
6816,Chlamydia,274.0,Virginia,2009.0,Male,0-14 years,0-14,20.0,784686.0,2.55
6817,Chlamydia,274.0,Virginia,2009.0,Male,15-19 years,15-19,1951.0,276661.0,705.2
6818,Chlamydia,274.0,Virginia,2009.0,Male,20-24 years,20-24,3381.0,304382.0,1110.78
6819,Chlamydia,274.0,Virginia,2009.0,Male,25-29 years,25-29,1664.0,294827.0,564.4
6820,Chlamydia,274.0,Virginia,2009.0,Male,30-34 years,30-34,716.0,258883.0,276.57
6821,Chlamydia,274.0,Virginia,2009.0,Male,35-39 years,35-39,318.0,274474.0,115.86
6822,Chlamydia,274.0,Virginia,2009.0,Male,40+ years,40+,375.0,1680952.0,22.31
6823,Chlamydia,274.0,Virginia,2009.0,Male,Unknown,99,17.0,,
6824,Chlamydia,274.0,Virginia,2010.0,Male,0-14 years,0-14,18.0,782280.0,2.3
6825,Chlamydia,274.0,Virginia,2010.0,Male,15-19 years,15-19,1839.0,281502.0,653.28
6826,Chlamydia,274.0,Virginia,2010.0,Male,20-24 years,20-24,3476.0,294041.0,1182.15
6827,Chlamydia,274.0,Virginia,2010.0,Male,25-29 years,25-29,1667.0,283970.0,587.03
6828,Chlamydia,274.0,Virginia,2010.0,Male,30-34 years,30-34,694.0,261654.0,265.24
6829,Chlamydia,274.0,Virginia,2010.0,Male,35-39 years,35-39,333.0,268137.0,124.19
6830,Chlamydia,274.0,Virginia,2010.0,Male,40+ years,40+,366.0,1754399.0,20.86
6831,Chlamydia,274.0,Virginia,2010.0,Male,Unknown,99,4.0,,
6832,Chlamydia,274.0,Virginia,2011.0,Male,0-14 years,0-14,41.0,785291.0,5.22
6833,Chlamydia,274.0,Virginia,2011.0,Male,15-19 years,15-19,2006.0,278413.0,720.51
6834,Chlamydia,274.0,Virginia,2011.0,Male,20-24 years,20-24,4165.0,301085.0,1383.33
6835,Chlamydia,274.0,Virginia,2011.0,Male,25-29 years,25-29,1997.0,289839.0,689.0
6836,Chlamydia,274.0,Virginia,2011.0,Male,30-34 years,30-34,834.0,272260.0,306.32
6837,Chlamydia,274.0,Virginia,2011.0,Male,35-39 years,35-39,378.0,259812.0,145.49
6838,Chlamydia,274.0,Virginia,2011.0,Male,40+ years,40+,491.0,1789465.0,27.44
6839,Chlamydia,274.0,Virginia,2011.0,Male,Unknown,99,17.0,,
6840,Chlamydia,274.0,Virginia,2012.0,Male,0-14 years,0-14,40.0,788280.0,5.07
6841,Chlamydia,274.0,Virginia,2012.0,Male,15-19 years,15-19,1956.0,276548.0,707.29
6842,Chlamydia,274.0,Virginia,2012.0,Male,20-24 years,20-24,4304.0,305394.0,1409.33
6843,Chlamydia,274.0,Virginia,2012.0,Male,25-29 years,25-29,2154.0,294725.0,730.85
6844,Chlamydia,274.0,Virginia,2012.0,Male,30-34 years,30-34,913.0,281314.0,324.55
6845,Chlamydia,274.0,Virginia,2012.0,Male,35-39 years,35-39,371.0,259296.0,143.08
6846,Chlamydia,274.0,Virginia,2012.0,Male,40+ years,40+,502.0,1815968.0,27.64
6847,Chlamydia,274.0,Virginia,2012.0,Male,Unknown,99,7.0,,
6848,Chlamydia,274.0,Virginia,2013.0,Male,0-14 years,0-14,22.0,793352.0,2.77
6849,Chlamydia,274.0,Virginia,2013.0,Male,15-19 years,15-19,1809.0,273415.0,661.63
6850,Chlamydia,274.0,Virginia,2013.0,Male,20-24 years,20-24,4204.0,310835.0,1352.49
6851,Chlamydia,274.0,Virginia,2013.0,Male,25-29 years,25-29,2168.0,298231.0,726.95
6852,Chlamydia,274.0,Virginia,2013.0,Male,30-34 years,30-34,942.0,288847.0,326.12
6853,Chlamydia,274.0,Virginia,2013.0,Male,35-39 years,35-39,457.0,262322.0,174.21
6854,Chlamydia,274.0,Virginia,2013.0,Male,40+ years,40+,495.0,1835200.0,26.97
6855,Chlamydia,274.0,Virginia,2013.0,Male,Unknown,99,15.0,,
6856,Chlamydia,274.0,Virginia,2014.0,Male,0-14 years,0-14,29.0,793352.0,3.66
6857,Chlamydia,274.0,Virginia,2014.0,Male,15-19 years,15-19,1882.0,273415.0,688.33
6858,Chlamydia,274.0,Virginia,2014.0,Male,20-24 years,20-24,4586.0,310835.0,1475.38
6859,Chlamydia,274.0,Virginia,2014.0,Male,25-29 years,25-29,2463.0,298231.0,825.87
6860,Chlamydia,274.0,Virginia,2014.0,Male,30-34 years,30-34,1114.0,288847.0,385.67
6861,Chlamydia,274.0,Virginia,2014.0,Male,35-39 years,35-39,516.0,262322.0,196.71
6862,Chlamydia,274.0,Virginia,2014.0,Male,40+ years,40+,647.0,1835200.0,35.26
6863,Chlamydia,274.0,Virginia,2014.0,Male,Unknown,99,7.0,,
6864,Chlamydia,274.0,Washington,1996.0,Male,0-14 years,0-14,93.0,620384.0,14.99
6865,Chlamydia,274.0,Washington,1996.0,Male,15-19 years,15-19,540.0,200538.0,269.28
6866,Chlamydia,274.0,Washington,1996.0,Male,20-24 years,20-24,682.0,181094.0,376.6
6867,Chlamydia,274.0,Washington,1996.0,Male,25-29 years,25-29,349.0,203878.0,171.18
6868,Chlamydia,274.0,Washington,1996.0,Male,30-34 years,30-34,208.0,237608.0,87.54
6869,Chlamydia,274.0,Washington,1996.0,Male,35-39 years,35-39,83.0,249523.0,33.26
6870,Chlamydia,274.0,Washington,1996.0,Male,40+ years,40+,87.0,1077244.0,8.08
6871,Chlamydia,274.0,Washington,1997.0,Male,0-14 years,0-14,19.0,627485.0,3.03
6872,Chlamydia,274.0,Washington,1997.0,Male,15-19 years,15-19,550.0,208404.0,263.91
6873,Chlamydia,274.0,Washington,1997.0,Male,20-24 years,20-24,749.0,185724.0,403.29
6874,Chlamydia,274.0,Washington,1997.0,Male,25-29 years,25-29,372.0,206008.0,180.58
6875,Chlamydia,274.0,Washington,1997.0,Male,30-34 years,30-34,239.0,232611.0,102.75
6876,Chlamydia,274.0,Washington,1997.0,Male,35-39 years,35-39,116.0,250792.0,46.25
6877,Chlamydia,274.0,Washington,1997.0,Male,40+ years,40+,92.0,1112656.0,8.27
6878,Chlamydia,274.0,Washington,1997.0,Male,Unknown,99,55.0,,
6879,Chlamydia,274.0,Washington,1998.0,Male,0-14 years,0-14,22.0,635627.0,3.46
6880,Chlamydia,274.0,Washington,1998.0,Male,15-19 years,15-19,575.0,215181.0,267.22
6881,Chlamydia,274.0,Washington,1998.0,Male,20-24 years,20-24,930.0,190051.0,489.34
6882,Chlamydia,274.0,Washington,1998.0,Male,25-29 years,25-29,515.0,206412.0,249.5
6883,Chlamydia,274.0,Washington,1998.0,Male,30-34 years,30-34,239.0,227195.0,105.2
6884,Chlamydia,274.0,Washington,1998.0,Male,35-39 years,35-39,147.0,250072.0,58.78
6885,Chlamydia,274.0,Washington,1998.0,Male,40+ years,40+,135.0,1145451.0,11.79
6886,Chlamydia,274.0,Washington,1998.0,Male,Unknown,99,58.0,,
6887,Chlamydia,274.0,Washington,1999.0,Male,0-14 years,0-14,19.0,641149.0,2.96
6888,Chlamydia,274.0,Washington,1999.0,Male,15-19 years,15-19,697.0,218772.0,318.6
6889,Chlamydia,274.0,Washington,1999.0,Male,20-24 years,20-24,1062.0,196007.0,541.82
6890,Chlamydia,274.0,Washington,1999.0,Male,25-29 years,25-29,583.0,206230.0,282.69
6891,Chlamydia,274.0,Washington,1999.0,Male,30-34 years,30-34,338.0,223757.0,151.06
6892,Chlamydia,274.0,Washington,1999.0,Male,35-39 years,35-39,165.0,247606.0,66.64
6893,Chlamydia,274.0,Washington,1999.0,Male,40+ years,40+,159.0,1174142.0,13.54
6894,Chlamydia,274.0,Washington,1999.0,Male,Unknown,99,61.0,,
6895,Chlamydia,274.0,Washington,2000.0,Male,0-14 years,0-14,18.0,642679.0,2.8
6896,Chlamydia,274.0,Washington,2000.0,Male,15-19 years,15-19,774.0,221012.0,350.21
6897,Chlamydia,274.0,Washington,2000.0,Male,20-24 years,20-24,1243.0,202656.0,613.36
6898,Chlamydia,274.0,Washington,2000.0,Male,25-29 years,25-29,645.0,205668.0,313.61
6899,Chlamydia,274.0,Washington,2000.0,Male,30-34 years,30-34,357.0,224981.0,158.68
6900,Chlamydia,274.0,Washington,2000.0,Male,35-39 years,35-39,208.0,243077.0,85.57
6901,Chlamydia,274.0,Washington,2000.0,Male,40+ years,40+,186.0,1203396.0,15.46
6902,Chlamydia,274.0,Washington,2000.0,Male,Unknown,99,52.0,,
6903,Chlamydia,274.0,Washington,2001.0,Male,0-14 years,0-14,19.0,640459.0,2.97
6904,Chlamydia,274.0,Washington,2001.0,Male,15-19 years,15-19,706.0,225155.0,313.56
6905,Chlamydia,274.0,Washington,2001.0,Male,20-24 years,20-24,1275.0,209029.0,609.96
6906,Chlamydia,274.0,Washington,2001.0,Male,25-29 years,25-29,665.0,203506.0,326.77
6907,Chlamydia,274.0,Washington,2001.0,Male,30-34 years,30-34,330.0,230825.0,142.97
6908,Chlamydia,274.0,Washington,2001.0,Male,35-39 years,35-39,215.0,240538.0,89.38
6909,Chlamydia,274.0,Washington,2001.0,Male,40+ years,40+,217.0,1234837.0,17.57
6910,Chlamydia,274.0,Washington,2001.0,Male,Unknown,99,45.0,,
6911,Chlamydia,274.0,Washington,2002.0,Male,0-14 years,0-14,25.0,641127.0,3.9
6912,Chlamydia,274.0,Washington,2002.0,Male,15-19 years,15-19,799.0,226761.0,352.35
6913,Chlamydia,274.0,Washington,2002.0,Male,20-24 years,20-24,1488.0,215145.0,691.63
6914,Chlamydia,274.0,Washington,2002.0,Male,25-29 years,25-29,727.0,202990.0,358.15
6915,Chlamydia,274.0,Washington,2002.0,Male,30-34 years,30-34,419.0,234418.0,178.74
6916,Chlamydia,274.0,Washington,2002.0,Male,35-39 years,35-39,213.0,236557.0,90.04
6917,Chlamydia,274.0,Washington,2002.0,Male,40+ years,40+,218.0,1266058.0,17.22
6918,Chlamydia,274.0,Washington,2002.0,Male,Unknown,99,42.0,,
6919,Chlamydia,274.0,Washington,2003.0,Male,0-14 years,0-14,22.0,633313.0,3.47
6920,Chlamydia,274.0,Washington,2003.0,Male,15-19 years,15-19,862.0,226947.0,379.82
6921,Chlamydia,274.0,Washington,2003.0,Male,20-24 years,20-24,1709.0,228693.0,747.29
6922,Chlamydia,274.0,Washington,2003.0,Male,25-29 years,25-29,832.0,207296.0,401.36
6923,Chlamydia,274.0,Washington,2003.0,Male,30-34 years,30-34,428.0,230507.0,185.68
6924,Chlamydia,274.0,Washington,2003.0,Male,35-39 years,35-39,271.0,232382.0,116.62
6925,Chlamydia,274.0,Washington,2003.0,Male,40+ years,40+,243.0,1297925.0,18.72
6926,Chlamydia,274.0,Washington,2003.0,Male,Unknown,99,89.0,,
6927,Chlamydia,274.0,Washington,2004.0,Male,0-14 years,0-14,20.0,627420.0,3.19
6928,Chlamydia,274.0,Washington,2004.0,Male,15-19 years,15-19,902.0,228219.0,395.23
6929,Chlamydia,274.0,Washington,2004.0,Male,20-24 years,20-24,1831.0,236283.0,774.92
6930,Chlamydia,274.0,Washington,2004.0,Male,25-29 years,25-29,923.0,212856.0,433.63
6931,Chlamydia,274.0,Washington,2004.0,Male,30-34 years,30-34,477.0,227265.0,209.89
6932,Chlamydia,274.0,Washington,2004.0,Male,35-39 years,35-39,270.0,232399.0,116.18
6933,Chlamydia,274.0,Washington,2004.0,Male,40+ years,40+,334.0,1330029.0,25.11
6934,Chlamydia,274.0,Washington,2004.0,Male,Unknown,99,43.0,,
6935,Chlamydia,274.0,Washington,2005.0,Male,0-14 years,0-14,14.0,624037.0,2.24
6936,Chlamydia,274.0,Washington,2005.0,Male,15-19 years,15-19,925.0,230290.0,401.67
6937,Chlamydia,274.0,Washington,2005.0,Male,20-24 years,20-24,1949.0,243496.0,800.42
6938,Chlamydia,274.0,Washington,2005.0,Male,25-29 years,25-29,1073.0,220266.0,487.14
6939,Chlamydia,274.0,Washington,2005.0,Male,30-34 years,30-34,468.0,223168.0,209.71
6940,Chlamydia,274.0,Washington,2005.0,Male,35-39 years,35-39,279.0,236205.0,118.12
6941,Chlamydia,274.0,Washington,2005.0,Male,40+ years,40+,365.0,1361517.0,26.81
6942,Chlamydia,274.0,Washington,2005.0,Male,Unknown,99,72.0,,
6943,Chlamydia,274.0,Washington,2006.0,Male,0-14 years,0-14,14.0,641541.0,2.18
6944,Chlamydia,274.0,Washington,2006.0,Male,15-19 years,15-19,831.0,227299.0,365.6
6945,Chlamydia,274.0,Washington,2006.0,Male,20-24 years,20-24,1728.0,231185.0,747.45
6946,Chlamydia,274.0,Washington,2006.0,Male,25-29 years,25-29,996.0,236634.0,420.9
6947,Chlamydia,274.0,Washington,2006.0,Male,30-34 years,30-34,512.0,219440.0,233.32
6948,Chlamydia,274.0,Washington,2006.0,Male,35-39 years,35-39,309.0,236554.0,130.63
6949,Chlamydia,274.0,Washington,2006.0,Male,40+ years,40+,356.0,1396977.0,25.48
6950,Chlamydia,274.0,Washington,2006.0,Male,Unknown,99,52.0,,
6951,Chlamydia,274.0,Washington,2007.0,Male,0-14 years,0-14,19.0,644838.0,2.95
6952,Chlamydia,274.0,Washington,2007.0,Male,15-19 years,15-19,915.0,227632.0,401.96
6953,Chlamydia,274.0,Washington,2007.0,Male,20-24 years,20-24,1790.0,225778.0,792.81
6954,Chlamydia,274.0,Washington,2007.0,Male,25-29 years,25-29,1043.0,243285.0,428.71
6955,Chlamydia,274.0,Washington,2007.0,Male,30-34 years,30-34,495.0,218719.0,226.32
6956,Chlamydia,274.0,Washington,2007.0,Male,35-39 years,35-39,295.0,238054.0,123.92
6957,Chlamydia,274.0,Washington,2007.0,Male,40+ years,40+,365.0,1424620.0,25.62
6958,Chlamydia,274.0,Washington,2007.0,Male,Unknown,99,69.0,,
6959,Chlamydia,274.0,Washington,2008.0,Male,0-14 years,0-14,24.0,649198.0,3.7
6960,Chlamydia,274.0,Washington,2008.0,Male,15-19 years,15-19,1052.0,228322.0,460.75
6961,Chlamydia,274.0,Washington,2008.0,Male,20-24 years,20-24,2119.0,231321.0,916.04
6962,Chlamydia,274.0,Washington,2008.0,Male,25-29 years,25-29,1175.0,251426.0,467.33
6963,Chlamydia,274.0,Washington,2008.0,Male,30-34 years,30-34,564.0,224162.0,251.6
6964,Chlamydia,274.0,Washington,2008.0,Male,35-39 years,35-39,327.0,236208.0,138.44
6965,Chlamydia,274.0,Washington,2008.0,Male,40+ years,40+,475.0,1449288.0,32.77
6966,Chlamydia,274.0,Washington,2008.0,Male,Unknown,99,31.0,,
6967,Chlamydia,274.0,Washington,2009.0,Male,0-14 years,0-14,25.0,664840.0,3.76
6968,Chlamydia,274.0,Washington,2009.0,Male,15-19 years,15-19,1043.0,230108.0,453.26
6969,Chlamydia,274.0,Washington,2009.0,Male,20-24 years,20-24,2094.0,244970.0,854.8
6970,Chlamydia,274.0,Washington,2009.0,Male,25-29 years,25-29,1181.0,259929.0,454.36
6971,Chlamydia,274.0,Washington,2009.0,Male,30-34 years,30-34,539.0,227201.0,237.24
6972,Chlamydia,274.0,Washington,2009.0,Male,35-39 years,35-39,328.0,230874.0,142.07
6973,Chlamydia,274.0,Washington,2009.0,Male,40+ years,40+,432.0,1471031.0,29.37
6974,Chlamydia,274.0,Washington,2009.0,Male,Unknown,99,3.0,,
6975,Chlamydia,274.0,Washington,2010.0,Male,0-14 years,0-14,13.0,669507.0,1.94
6976,Chlamydia,274.0,Washington,2010.0,Male,15-19 years,15-19,1018.0,237577.0,428.49
6977,Chlamydia,274.0,Washington,2010.0,Male,20-24 years,20-24,1954.0,238131.0,820.56
6978,Chlamydia,274.0,Washington,2010.0,Male,25-29 years,25-29,1242.0,245014.0,506.91
6979,Chlamydia,274.0,Washington,2010.0,Male,30-34 years,30-34,596.0,229863.0,259.29
6980,Chlamydia,274.0,Washington,2010.0,Male,35-39 years,35-39,348.0,226850.0,153.41
6981,Chlamydia,274.0,Washington,2010.0,Male,40+ years,40+,537.0,1502765.0,35.73
6982,Chlamydia,274.0,Washington,2010.0,Male,Unknown,99,3.0,,
6983,Chlamydia,274.0,Washington,2011.0,Male,0-14 years,0-14,24.0,672608.0,3.57
6984,Chlamydia,274.0,Washington,2011.0,Male,15-19 years,15-19,1031.0,231343.0,445.66
6985,Chlamydia,274.0,Washington,2011.0,Male,20-24 years,20-24,2478.0,252277.0,982.25
6986,Chlamydia,274.0,Washington,2011.0,Male,25-29 years,25-29,1392.0,252927.0,550.36
6987,Chlamydia,274.0,Washington,2011.0,Male,30-34 years,30-34,691.0,239655.0,288.33
6988,Chlamydia,274.0,Washington,2011.0,Male,35-39 years,35-39,396.0,221931.0,178.43
6989,Chlamydia,274.0,Washington,2011.0,Male,40+ years,40+,621.0,1538941.0,40.35
6990,Chlamydia,274.0,Washington,2011.0,Male,Unknown,99,6.0,,
6991,Chlamydia,274.0,Washington,2012.0,Male,0-14 years,0-14,25.0,675434.0,3.7
6992,Chlamydia,274.0,Washington,2012.0,Male,15-19 years,15-19,1139.0,227038.0,501.68
6993,Chlamydia,274.0,Washington,2012.0,Male,20-24 years,20-24,2525.0,255068.0,989.93
6994,Chlamydia,274.0,Washington,2012.0,Male,25-29 years,25-29,1567.0,253133.0,619.04
6995,Chlamydia,274.0,Washington,2012.0,Male,30-34 years,30-34,856.0,246229.0,347.64
6996,Chlamydia,274.0,Washington,2012.0,Male,35-39 years,35-39,481.0,222973.0,215.72
6997,Chlamydia,274.0,Washington,2012.0,Male,40+ years,40+,728.0,1561675.0,46.62
6998,Chlamydia,274.0,Washington,2012.0,Male,Unknown,99,4.0,,
6999,Chlamydia,274.0,Washington,2013.0,Male,0-14 years,0-14,11.0,679650.0,1.62
7000,Chlamydia,274.0,Washington,2013.0,Male,15-19 years,15-19,963.0,225592.0,426.88
7001,Chlamydia,274.0,Washington,2013.0,Male,20-24 years,20-24,2630.0,257907.0,1019.75
7002,Chlamydia,274.0,Washington,2013.0,Male,25-29 years,25-29,1630.0,258128.0,631.47
7003,Chlamydia,274.0,Washington,2013.0,Male,30-34 years,30-34,897.0,253891.0,353.3
7004,Chlamydia,274.0,Washington,2013.0,Male,35-39 years,35-39,480.0,227129.0,211.33
7005,Chlamydia,274.0,Washington,2013.0,Male,40+ years,40+,876.0,1580373.0,55.43
7006,Chlamydia,274.0,Washington,2013.0,Male,Unknown,99,11.0,,
7007,Chlamydia,274.0,Washington,2014.0,Male,0-14 years,0-14,29.0,679650.0,4.27
7008,Chlamydia,274.0,Washington,2014.0,Male,15-19 years,15-19,1021.0,225592.0,452.59
7009,Chlamydia,274.0,Washington,2014.0,Male,20-24 years,20-24,2885.0,257907.0,1118.62
7010,Chlamydia,274.0,Washington,2014.0,Male,25-29 years,25-29,1890.0,258128.0,732.2
7011,Chlamydia,274.0,Washington,2014.0,Male,30-34 years,30-34,1033.0,253891.0,406.87
7012,Chlamydia,274.0,Washington,2014.0,Male,35-39 years,35-39,543.0,227129.0,239.07
7013,Chlamydia,274.0,Washington,2014.0,Male,40+ years,40+,978.0,1580373.0,61.88
7014,Chlamydia,274.0,Washington,2014.0,Male,Unknown,99,5.0,,
7015,Chlamydia,274.0,West Virginia,1996.0,Male,0-14 years,0-14,5.0,174782.0,2.86
7016,Chlamydia,274.0,West Virginia,1996.0,Male,15-19 years,15-19,100.0,71748.0,139.38
7017,Chlamydia,274.0,West Virginia,1996.0,Male,20-24 years,20-24,176.0,64001.0,275.0
7018,Chlamydia,274.0,West Virginia,1996.0,Male,25-29 years,25-29,75.0,56850.0,131.93
7019,Chlamydia,274.0,West Virginia,1996.0,Male,30-34 years,30-34,30.0,58580.0,51.21
7020,Chlamydia,274.0,West Virginia,1996.0,Male,35-39 years,35-39,11.0,69872.0,15.74
7021,Chlamydia,274.0,West Virginia,1996.0,Male,40+ years,40+,18.0,386558.0,4.66
7022,Chlamydia,274.0,West Virginia,1996.0,Male,Unknown,99,12.0,,
7023,Chlamydia,274.0,West Virginia,1997.0,Male,0-14 years,0-14,8.0,173096.0,4.62
7024,Chlamydia,274.0,West Virginia,1997.0,Male,15-19 years,15-19,144.0,70471.0,204.34
7025,Chlamydia,274.0,West Virginia,1997.0,Male,20-24 years,20-24,206.0,62743.0,328.32
7026,Chlamydia,274.0,West Virginia,1997.0,Male,25-29 years,25-29,82.0,58055.0,141.25
7027,Chlamydia,274.0,West Virginia,1997.0,Male,30-34 years,30-34,24.0,57105.0,42.03
7028,Chlamydia,274.0,West Virginia,1997.0,Male,35-39 years,35-39,18.0,67901.0,26.51
7029,Chlamydia,274.0,West Virginia,1997.0,Male,40+ years,40+,23.0,392215.0,5.86
7030,Chlamydia,274.0,West Virginia,1997.0,Male,Unknown,99,2.0,,
7031,Chlamydia,274.0,West Virginia,1998.0,Male,0-14 years,0-14,4.0,171800.0,2.33
7032,Chlamydia,274.0,West Virginia,1998.0,Male,15-19 years,15-19,125.0,68878.0,181.48
7033,Chlamydia,274.0,West Virginia,1998.0,Male,20-24 years,20-24,178.0,62046.0,286.88
7034,Chlamydia,274.0,West Virginia,1998.0,Male,25-29 years,25-29,73.0,58277.0,125.26
7035,Chlamydia,274.0,West Virginia,1998.0,Male,30-34 years,30-34,34.0,56327.0,60.36
7036,Chlamydia,274.0,West Virginia,1998.0,Male,35-39 years,35-39,22.0,65960.0,33.35
7037,Chlamydia,274.0,West Virginia,1998.0,Male,40+ years,40+,12.0,397297.0,3.02
7038,Chlamydia,274.0,West Virginia,1998.0,Male,Unknown,99,2.0,,
7039,Chlamydia,274.0,West Virginia,1999.0,Male,0-14 years,0-14,3.0,170231.0,1.76
7040,Chlamydia,274.0,West Virginia,1999.0,Male,15-19 years,15-19,63.0,66483.0,94.76
7041,Chlamydia,274.0,West Virginia,1999.0,Male,20-24 years,20-24,101.0,61462.0,164.33
7042,Chlamydia,274.0,West Virginia,1999.0,Male,25-29 years,25-29,38.0,57723.0,65.83
7043,Chlamydia,274.0,West Virginia,1999.0,Male,30-34 years,30-34,15.0,56534.0,26.53
7044,Chlamydia,274.0,West Virginia,1999.0,Male,35-39 years,35-39,9.0,64505.0,13.95
7045,Chlamydia,274.0,West Virginia,1999.0,Male,40+ years,40+,4.0,403052.0,0.99
7046,Chlamydia,274.0,West Virginia,2000.0,Male,0-14 years,0-14,4.0,167584.0,2.39
7047,Chlamydia,274.0,West Virginia,2000.0,Male,15-19 years,15-19,87.0,63951.0,136.04
7048,Chlamydia,274.0,West Virginia,2000.0,Male,20-24 years,20-24,156.0,61390.0,254.11
7049,Chlamydia,274.0,West Virginia,2000.0,Male,25-29 years,25-29,65.0,56469.0,115.11
7050,Chlamydia,274.0,West Virginia,2000.0,Male,30-34 years,30-34,20.0,57663.0,34.68
7051,Chlamydia,274.0,West Virginia,2000.0,Male,35-39 years,35-39,13.0,63030.0,20.63
7052,Chlamydia,274.0,West Virginia,2000.0,Male,40+ years,40+,6.0,408725.0,1.47
7053,Chlamydia,274.0,West Virginia,2001.0,Male,0-14 years,0-14,2.0,165158.0,1.21
7054,Chlamydia,274.0,West Virginia,2001.0,Male,15-19 years,15-19,94.0,62245.0,151.02
7055,Chlamydia,274.0,West Virginia,2001.0,Male,20-24 years,20-24,182.0,63325.0,287.41
7056,Chlamydia,274.0,West Virginia,2001.0,Male,25-29 years,25-29,53.0,54833.0,96.66
7057,Chlamydia,274.0,West Virginia,2001.0,Male,30-34 years,30-34,21.0,57516.0,36.51
7058,Chlamydia,274.0,West Virginia,2001.0,Male,35-39 years,35-39,14.0,61517.0,22.76
7059,Chlamydia,274.0,West Virginia,2001.0,Male,40+ years,40+,10.0,411522.0,2.43
7060,Chlamydia,274.0,West Virginia,2002.0,Male,0-14 years,0-14,1.0,162899.0,0.61
7061,Chlamydia,274.0,West Virginia,2002.0,Male,15-19 years,15-19,87.0,61268.0,142.0
7062,Chlamydia,274.0,West Virginia,2002.0,Male,20-24 years,20-24,187.0,63799.0,293.11
7063,Chlamydia,274.0,West Virginia,2002.0,Male,25-29 years,25-29,57.0,54453.0,104.68
7064,Chlamydia,274.0,West Virginia,2002.0,Male,30-34 years,30-34,19.0,57827.0,32.86
7065,Chlamydia,274.0,West Virginia,2002.0,Male,35-39 years,35-39,13.0,60114.0,21.63
7066,Chlamydia,274.0,West Virginia,2002.0,Male,40+ years,40+,14.0,416643.0,3.36
7067,Chlamydia,274.0,West Virginia,2002.0,Male,Unknown,99,8.0,,
7068,Chlamydia,274.0,West Virginia,2003.0,Male,0-14 years,0-14,1.0,164040.0,0.61
7069,Chlamydia,274.0,West Virginia,2003.0,Male,15-19 years,15-19,100.0,60596.0,165.03
7070,Chlamydia,274.0,West Virginia,2003.0,Male,20-24 years,20-24,234.0,64737.0,361.46
7071,Chlamydia,274.0,West Virginia,2003.0,Male,25-29 years,25-29,71.0,55712.0,127.44
7072,Chlamydia,274.0,West Virginia,2003.0,Male,30-34 years,30-34,27.0,57161.0,47.23
7073,Chlamydia,274.0,West Virginia,2003.0,Male,35-39 years,35-39,16.0,59174.0,27.04
7074,Chlamydia,274.0,West Virginia,2003.0,Male,40+ years,40+,19.0,421470.0,4.51
7075,Chlamydia,274.0,West Virginia,2003.0,Male,Unknown,99,4.0,,
7076,Chlamydia,274.0,West Virginia,2004.0,Male,15-19 years,15-19,156.0,59989.0,260.05
7077,Chlamydia,274.0,West Virginia,2004.0,Male,20-24 years,20-24,294.0,64028.0,459.17
7078,Chlamydia,274.0,West Virginia,2004.0,Male,25-29 years,25-29,109.0,57679.0,188.98
7079,Chlamydia,274.0,West Virginia,2004.0,Male,30-34 years,30-34,42.0,56692.0,74.08
7080,Chlamydia,274.0,West Virginia,2004.0,Male,35-39 years,35-39,19.0,58504.0,32.48
7081,Chlamydia,274.0,West Virginia,2004.0,Male,40+ years,40+,24.0,429183.0,5.59
7082,Chlamydia,274.0,West Virginia,2004.0,Male,Unknown,99,5.0,,
7083,Chlamydia,274.0,West Virginia,2005.0,Male,0-14 years,0-14,4.0,159694.0,2.5
7084,Chlamydia,274.0,West Virginia,2005.0,Male,15-19 years,15-19,173.0,59837.0,289.12
7085,Chlamydia,274.0,West Virginia,2005.0,Male,20-24 years,20-24,284.0,62098.0,457.34
7086,Chlamydia,274.0,West Virginia,2005.0,Male,25-29 years,25-29,115.0,59800.0,192.31
7087,Chlamydia,274.0,West Virginia,2005.0,Male,30-34 years,30-34,37.0,55706.0,66.42
7088,Chlamydia,274.0,West Virginia,2005.0,Male,35-39 years,35-39,27.0,58158.0,46.43
7089,Chlamydia,274.0,West Virginia,2005.0,Male,40+ years,40+,24.0,433948.0,5.53
7090,Chlamydia,274.0,West Virginia,2005.0,Male,Unknown,99,7.0,,
7091,Chlamydia,274.0,West Virginia,2006.0,Male,0-14 years,0-14,2.0,162917.0,1.23
7092,Chlamydia,274.0,West Virginia,2006.0,Male,15-19 years,15-19,176.0,60868.0,289.15
7093,Chlamydia,274.0,West Virginia,2006.0,Male,20-24 years,20-24,272.0,60110.0,452.5
7094,Chlamydia,274.0,West Virginia,2006.0,Male,25-29 years,25-29,149.0,62304.0,239.15
7095,Chlamydia,274.0,West Virginia,2006.0,Male,30-34 years,30-34,56.0,55594.0,100.73
7096,Chlamydia,274.0,West Virginia,2006.0,Male,35-39 years,35-39,21.0,58825.0,35.7
7097,Chlamydia,274.0,West Virginia,2006.0,Male,40+ years,40+,20.0,429970.0,4.65
7098,Chlamydia,274.0,West Virginia,2006.0,Male,Unknown,99,2.0,,
7099,Chlamydia,274.0,West Virginia,2007.0,Male,0-14 years,0-14,4.0,162157.0,2.47
7100,Chlamydia,274.0,West Virginia,2007.0,Male,15-19 years,15-19,181.0,60261.0,300.36
7101,Chlamydia,274.0,West Virginia,2007.0,Male,20-24 years,20-24,313.0,57720.0,542.27
7102,Chlamydia,274.0,West Virginia,2007.0,Male,25-29 years,25-29,130.0,60677.0,214.25
7103,Chlamydia,274.0,West Virginia,2007.0,Male,30-34 years,30-34,71.0,56158.0,126.43
7104,Chlamydia,274.0,West Virginia,2007.0,Male,35-39 years,35-39,23.0,59011.0,38.98
7105,Chlamydia,274.0,West Virginia,2007.0,Male,40+ years,40+,19.0,431234.0,4.41
7106,Chlamydia,274.0,West Virginia,2007.0,Male,Unknown,99,3.0,,
7107,Chlamydia,274.0,West Virginia,2008.0,Male,0-14 years,0-14,5.0,162162.0,3.08
7108,Chlamydia,274.0,West Virginia,2008.0,Male,15-19 years,15-19,238.0,59999.0,396.67
7109,Chlamydia,274.0,West Virginia,2008.0,Male,20-24 years,20-24,337.0,56699.0,594.37
7110,Chlamydia,274.0,West Virginia,2008.0,Male,25-29 years,25-29,148.0,59689.0,247.95
7111,Chlamydia,274.0,West Virginia,2008.0,Male,30-34 years,30-34,53.0,56588.0,93.66
7112,Chlamydia,274.0,West Virginia,2008.0,Male,35-39 years,35-39,26.0,59104.0,43.99
7113,Chlamydia,274.0,West Virginia,2008.0,Male,40+ years,40+,18.0,434455.0,4.14
7114,Chlamydia,274.0,West Virginia,2009.0,Male,0-14 years,0-14,2.0,162766.0,1.23
7115,Chlamydia,274.0,West Virginia,2009.0,Male,15-19 years,15-19,199.0,60880.0,326.87
7116,Chlamydia,274.0,West Virginia,2009.0,Male,20-24 years,20-24,426.0,61494.0,692.75
7117,Chlamydia,274.0,West Virginia,2009.0,Male,25-29 years,25-29,177.0,57979.0,305.28
7118,Chlamydia,274.0,West Virginia,2009.0,Male,30-34 years,30-34,67.0,55696.0,120.3
7119,Chlamydia,274.0,West Virginia,2009.0,Male,35-39 years,35-39,22.0,57757.0,38.09
7120,Chlamydia,274.0,West Virginia,2009.0,Male,40+ years,40+,27.0,435548.0,6.2
7121,Chlamydia,274.0,West Virginia,2010.0,Male,0-14 years,0-14,2.0,163273.0,1.22
7122,Chlamydia,274.0,West Virginia,2010.0,Male,15-19 years,15-19,246.0,61859.0,397.68
7123,Chlamydia,274.0,West Virginia,2010.0,Male,20-24 years,20-24,466.0,59925.0,777.64
7124,Chlamydia,274.0,West Virginia,2010.0,Male,25-29 years,25-29,164.0,55073.0,297.79
7125,Chlamydia,274.0,West Virginia,2010.0,Male,30-34 years,30-34,76.0,56821.0,133.75
7126,Chlamydia,274.0,West Virginia,2010.0,Male,35-39 years,35-39,52.0,59112.0,87.97
7127,Chlamydia,274.0,West Virginia,2010.0,Male,40+ years,40+,38.0,457523.0,8.31
7128,Chlamydia,274.0,West Virginia,2011.0,Male,0-14 years,0-14,4.0,162286.0,2.46
7129,Chlamydia,274.0,West Virginia,2011.0,Male,15-19 years,15-19,247.0,60540.0,408.0
7130,Chlamydia,274.0,West Virginia,2011.0,Male,20-24 years,20-24,540.0,61957.0,871.57
7131,Chlamydia,274.0,West Virginia,2011.0,Male,25-29 years,25-29,204.0,54324.0,375.52
7132,Chlamydia,274.0,West Virginia,2011.0,Male,30-34 years,30-34,135.0,57503.0,234.77
7133,Chlamydia,274.0,West Virginia,2011.0,Male,35-39 years,35-39,36.0,57074.0,63.08
7134,Chlamydia,274.0,West Virginia,2011.0,Male,40+ years,40+,37.0,461397.0,8.02
7135,Chlamydia,274.0,West Virginia,2012.0,Male,0-14 years,0-14,2.0,162515.0,1.23
7136,Chlamydia,274.0,West Virginia,2012.0,Male,15-19 years,15-19,306.0,58593.0,522.25
7137,Chlamydia,274.0,West Virginia,2012.0,Male,20-24 years,20-24,633.0,63029.0,1004.3
7138,Chlamydia,274.0,West Virginia,2012.0,Male,25-29 years,25-29,241.0,54391.0,443.09
7139,Chlamydia,274.0,West Virginia,2012.0,Male,30-34 years,30-34,101.0,57342.0,176.14
7140,Chlamydia,274.0,West Virginia,2012.0,Male,35-39 years,35-39,49.0,56181.0,87.22
7141,Chlamydia,274.0,West Virginia,2012.0,Male,40+ years,40+,52.0,463354.0,11.22
7142,Chlamydia,274.0,West Virginia,2012.0,Male,Unknown,99,1.0,,
7143,Chlamydia,274.0,West Virginia,2013.0,Male,0-14 years,0-14,4.0,161553.0,2.48
7144,Chlamydia,274.0,West Virginia,2013.0,Male,15-19 years,15-19,269.0,57955.0,464.15
7145,Chlamydia,274.0,West Virginia,2013.0,Male,20-24 years,20-24,682.0,63670.0,1071.15
7146,Chlamydia,274.0,West Virginia,2013.0,Male,25-29 years,25-29,288.0,54527.0,528.18
7147,Chlamydia,274.0,West Virginia,2013.0,Male,30-34 years,30-34,140.0,57149.0,244.97
7148,Chlamydia,274.0,West Virginia,2013.0,Male,35-39 years,35-39,63.0,55877.0,112.75
7149,Chlamydia,274.0,West Virginia,2013.0,Male,40+ years,40+,68.0,464845.0,14.63
7150,Chlamydia,274.0,West Virginia,2014.0,Male,0-14 years,0-14,4.0,161553.0,2.48
7151,Chlamydia,274.0,West Virginia,2014.0,Male,15-19 years,15-19,242.0,57955.0,417.56
7152,Chlamydia,274.0,West Virginia,2014.0,Male,20-24 years,20-24,621.0,63670.0,975.34
7153,Chlamydia,274.0,West Virginia,2014.0,Male,25-29 years,25-29,279.0,54527.0,511.67
7154,Chlamydia,274.0,West Virginia,2014.0,Male,30-34 years,30-34,104.0,57149.0,181.98
7155,Chlamydia,274.0,West Virginia,2014.0,Male,35-39 years,35-39,59.0,55877.0,105.59
7156,Chlamydia,274.0,West Virginia,2014.0,Male,40+ years,40+,54.0,464845.0,11.62
7157,Chlamydia,274.0,Wisconsin,1996.0,Male,0-14 years,0-14,37.0,571806.0,6.47
7158,Chlamydia,274.0,Wisconsin,1996.0,Male,15-19 years,15-19,648.0,198820.0,325.92
7159,Chlamydia,274.0,Wisconsin,1996.0,Male,20-24 years,20-24,718.0,170800.0,420.38
7160,Chlamydia,274.0,Wisconsin,1996.0,Male,25-29 years,25-29,385.0,183535.0,209.77
7161,Chlamydia,274.0,Wisconsin,1996.0,Male,30-34 years,30-34,148.0,203914.0,72.58
7162,Chlamydia,274.0,Wisconsin,1996.0,Male,35-39 years,35-39,88.0,225968.0,38.94
7163,Chlamydia,274.0,Wisconsin,1996.0,Male,40+ years,40+,75.0,1018584.0,7.36
7164,Chlamydia,274.0,Wisconsin,1996.0,Male,Unknown,99,12.0,,
7165,Chlamydia,274.0,Wisconsin,1997.0,Male,0-14 years,0-14,33.0,572044.0,5.77
7166,Chlamydia,274.0,Wisconsin,1997.0,Male,15-19 years,15-19,606.0,203797.0,297.36
7167,Chlamydia,274.0,Wisconsin,1997.0,Male,20-24 years,20-24,783.0,171788.0,455.79
7168,Chlamydia,274.0,Wisconsin,1997.0,Male,25-29 years,25-29,385.0,180632.0,213.14
7169,Chlamydia,274.0,Wisconsin,1997.0,Male,30-34 years,30-34,196.0,197729.0,99.13
7170,Chlamydia,274.0,Wisconsin,1997.0,Male,35-39 years,35-39,109.0,225701.0,48.29
7171,Chlamydia,274.0,Wisconsin,1997.0,Male,40+ years,40+,80.0,1041563.0,7.68
7172,Chlamydia,274.0,Wisconsin,1997.0,Male,Unknown,99,9.0,,
7173,Chlamydia,274.0,Wisconsin,1998.0,Male,0-14 years,0-14,44.0,573099.0,7.68
7174,Chlamydia,274.0,Wisconsin,1998.0,Male,15-19 years,15-19,919.0,207574.0,442.73
7175,Chlamydia,274.0,Wisconsin,1998.0,Male,20-24 years,20-24,1146.0,174778.0,655.69
7176,Chlamydia,274.0,Wisconsin,1998.0,Male,25-29 years,25-29,552.0,176236.0,313.22
7177,Chlamydia,274.0,Wisconsin,1998.0,Male,30-34 years,30-34,247.0,192431.0,128.36
7178,Chlamydia,274.0,Wisconsin,1998.0,Male,35-39 years,35-39,127.0,223362.0,56.86
7179,Chlamydia,274.0,Wisconsin,1998.0,Male,40+ years,40+,125.0,1062921.0,11.76
7180,Chlamydia,274.0,Wisconsin,1998.0,Male,Unknown,99,5.0,,
7181,Chlamydia,274.0,Wisconsin,1999.0,Male,0-14 years,0-14,37.0,575462.0,6.43
7182,Chlamydia,274.0,Wisconsin,1999.0,Male,15-19 years,15-19,962.0,208764.0,460.81
7183,Chlamydia,274.0,Wisconsin,1999.0,Male,20-24 years,20-24,1121.0,178876.0,626.69
7184,Chlamydia,274.0,Wisconsin,1999.0,Male,25-29 years,25-29,583.0,172128.0,338.7
7185,Chlamydia,274.0,Wisconsin,1999.0,Male,30-34 years,30-34,242.0,189086.0,127.98
7186,Chlamydia,274.0,Wisconsin,1999.0,Male,35-39 years,35-39,126.0,220730.0,57.08
7187,Chlamydia,274.0,Wisconsin,1999.0,Male,40+ years,40+,127.0,1086095.0,11.69
7188,Chlamydia,274.0,Wisconsin,1999.0,Male,Unknown,99,14.0,,
7189,Chlamydia,274.0,Wisconsin,2000.0,Male,0-14 years,0-14,30.0,572602.0,5.24
7190,Chlamydia,274.0,Wisconsin,2000.0,Male,15-19 years,15-19,1028.0,208585.0,492.85
7191,Chlamydia,274.0,Wisconsin,2000.0,Male,20-24 years,20-24,1544.0,185246.0,833.49
7192,Chlamydia,274.0,Wisconsin,2000.0,Male,25-29 years,25-29,715.0,169059.0,422.93
7193,Chlamydia,274.0,Wisconsin,2000.0,Male,30-34 years,30-34,346.0,188598.0,183.46
7194,Chlamydia,274.0,Wisconsin,2000.0,Male,35-39 years,35-39,181.0,216750.0,83.51
7195,Chlamydia,274.0,Wisconsin,2000.0,Male,40+ years,40+,162.0,1113932.0,14.54
7196,Chlamydia,274.0,Wisconsin,2001.0,Male,0-14 years,0-14,29.0,567311.0,5.11
7197,Chlamydia,274.0,Wisconsin,2001.0,Male,15-19 years,15-19,1091.0,208367.0,523.6
7198,Chlamydia,274.0,Wisconsin,2001.0,Male,20-24 years,20-24,1596.0,193285.0,825.72
7199,Chlamydia,274.0,Wisconsin,2001.0,Male,25-29 years,25-29,799.0,166520.0,479.82
7200,Chlamydia,274.0,Wisconsin,2001.0,Male,30-34 years,30-34,351.0,186747.0,187.96
7201,Chlamydia,274.0,Wisconsin,2001.0,Male,35-39 years,35-39,167.0,211932.0,78.8
7202,Chlamydia,274.0,Wisconsin,2001.0,Male,40+ years,40+,160.0,1137424.0,14.07
7203,Chlamydia,274.0,Wisconsin,2002.0,Male,0-14 years,0-14,44.0,559678.0,7.86
7204,Chlamydia,274.0,Wisconsin,2002.0,Male,15-19 years,15-19,1251.0,208790.0,599.17
7205,Chlamydia,274.0,Wisconsin,2002.0,Male,20-24 years,20-24,1788.0,200468.0,891.91
7206,Chlamydia,274.0,Wisconsin,2002.0,Male,25-29 years,25-29,857.0,167916.0,510.37
7207,Chlamydia,274.0,Wisconsin,2002.0,Male,30-34 years,30-34,375.0,185169.0,202.52
7208,Chlamydia,274.0,Wisconsin,2002.0,Male,35-39 years,35-39,178.0,206928.0,86.02
7209,Chlamydia,274.0,Wisconsin,2002.0,Male,40+ years,40+,173.0,1160808.0,14.9
7210,Chlamydia,274.0,Wisconsin,2002.0,Male,Unknown,99,3.0,,
7211,Chlamydia,274.0,Wisconsin,2003.0,Male,0-14 years,0-14,44.0,557908.0,7.89
7212,Chlamydia,274.0,Wisconsin,2003.0,Male,15-19 years,15-19,1371.0,208566.0,657.35
7213,Chlamydia,274.0,Wisconsin,2003.0,Male,20-24 years,20-24,1964.0,205338.0,956.47
7214,Chlamydia,274.0,Wisconsin,2003.0,Male,25-29 years,25-29,935.0,171856.0,544.06
7215,Chlamydia,274.0,Wisconsin,2003.0,Male,30-34 years,30-34,392.0,179179.0,218.78
7216,Chlamydia,274.0,Wisconsin,2003.0,Male,35-39 years,35-39,168.0,199974.0,84.01
7217,Chlamydia,274.0,Wisconsin,2003.0,Male,40+ years,40+,141.0,1184743.0,11.9
7218,Chlamydia,274.0,Wisconsin,2004.0,Male,0-14 years,0-14,44.0,546745.0,8.05
7219,Chlamydia,274.0,Wisconsin,2004.0,Male,15-19 years,15-19,1459.0,208337.0,700.31
7220,Chlamydia,274.0,Wisconsin,2004.0,Male,20-24 years,20-24,2046.0,208352.0,981.99
7221,Chlamydia,274.0,Wisconsin,2004.0,Male,25-29 years,25-29,966.0,179571.0,537.95
7222,Chlamydia,274.0,Wisconsin,2004.0,Male,30-34 years,30-34,392.0,176463.0,222.14
7223,Chlamydia,274.0,Wisconsin,2004.0,Male,35-39 years,35-39,173.0,195983.0,88.27
7224,Chlamydia,274.0,Wisconsin,2004.0,Male,40+ years,40+,210.0,1211541.0,17.33
7225,Chlamydia,274.0,Wisconsin,2005.0,Male,0-14 years,0-14,36.0,540093.0,6.67
7226,Chlamydia,274.0,Wisconsin,2005.0,Male,15-19 years,15-19,1509.0,207690.0,726.56
7227,Chlamydia,274.0,Wisconsin,2005.0,Male,20-24 years,20-24,2167.0,208214.0,1040.76
7228,Chlamydia,274.0,Wisconsin,2005.0,Male,25-29 years,25-29,1065.0,186973.0,569.6
7229,Chlamydia,274.0,Wisconsin,2005.0,Male,30-34 years,30-34,451.0,172526.0,261.41
7230,Chlamydia,274.0,Wisconsin,2005.0,Male,35-39 years,35-39,234.0,193440.0,120.97
7231,Chlamydia,274.0,Wisconsin,2005.0,Male,40+ years,40+,226.0,1232919.0,18.33
7232,Chlamydia,274.0,Wisconsin,2006.0,Male,0-14 years,0-14,52.0,546537.0,9.51
7233,Chlamydia,274.0,Wisconsin,2006.0,Male,15-19 years,15-19,1400.0,206351.0,678.46
7234,Chlamydia,274.0,Wisconsin,2006.0,Male,20-24 years,20-24,2094.0,207310.0,1010.08
7235,Chlamydia,274.0,Wisconsin,2006.0,Male,25-29 years,25-29,1079.0,191945.0,562.14
7236,Chlamydia,274.0,Wisconsin,2006.0,Male,30-34 years,30-34,458.0,171635.0,266.85
7237,Chlamydia,274.0,Wisconsin,2006.0,Male,35-39 years,35-39,233.0,191910.0,121.41
7238,Chlamydia,274.0,Wisconsin,2006.0,Male,40+ years,40+,233.0,1245254.0,18.71
7239,Chlamydia,274.0,Wisconsin,2006.0,Male,Unknown,99,2.0,,
7240,Chlamydia,274.0,Wisconsin,2007.0,Male,0-14 years,0-14,32.0,551229.0,5.81
7241,Chlamydia,274.0,Wisconsin,2007.0,Male,15-19 years,15-19,1291.0,205671.0,627.7
7242,Chlamydia,274.0,Wisconsin,2007.0,Male,20-24 years,20-24,1892.0,200807.0,942.2
7243,Chlamydia,274.0,Wisconsin,2007.0,Male,25-29 years,25-29,1064.0,195852.0,543.27
7244,Chlamydia,274.0,Wisconsin,2007.0,Male,30-34 years,30-34,419.0,171659.0,244.09
7245,Chlamydia,274.0,Wisconsin,2007.0,Male,35-39 years,35-39,203.0,189530.0,107.11
7246,Chlamydia,274.0,Wisconsin,2007.0,Male,40+ years,40+,188.0,1269422.0,14.81
7247,Chlamydia,274.0,Wisconsin,2007.0,Male,Unknown,99,1.0,,
7248,Chlamydia,274.0,Wisconsin,2008.0,Male,0-14 years,0-14,32.0,550302.0,5.81
7249,Chlamydia,274.0,Wisconsin,2008.0,Male,15-19 years,15-19,1429.0,204682.0,698.16
7250,Chlamydia,274.0,Wisconsin,2008.0,Male,20-24 years,20-24,2138.0,199896.0,1069.56
7251,Chlamydia,274.0,Wisconsin,2008.0,Male,25-29 years,25-29,1170.0,197716.0,591.76
7252,Chlamydia,274.0,Wisconsin,2008.0,Male,30-34 years,30-34,483.0,173972.0,277.63
7253,Chlamydia,274.0,Wisconsin,2008.0,Male,35-39 years,35-39,231.0,185525.0,124.51
7254,Chlamydia,274.0,Wisconsin,2008.0,Male,40+ years,40+,221.0,1285556.0,17.19
7255,Chlamydia,274.0,Wisconsin,2008.0,Male,Unknown,99,3.0,,
7256,Chlamydia,274.0,Wisconsin,2009.0,Male,0-14 years,0-14,31.0,550600.0,5.63
7257,Chlamydia,274.0,Wisconsin,2009.0,Male,15-19 years,15-19,1407.0,206999.0,679.71
7258,Chlamydia,274.0,Wisconsin,2009.0,Male,20-24 years,20-24,2194.0,212199.0,1033.94
7259,Chlamydia,274.0,Wisconsin,2009.0,Male,25-29 years,25-29,1127.0,192646.0,585.01
7260,Chlamydia,274.0,Wisconsin,2009.0,Male,30-34 years,30-34,497.0,171888.0,289.14
7261,Chlamydia,274.0,Wisconsin,2009.0,Male,35-39 years,35-39,225.0,179258.0,125.52
7262,Chlamydia,274.0,Wisconsin,2009.0,Male,40+ years,40+,238.0,1295476.0,18.37
7263,Chlamydia,274.0,Wisconsin,2009.0,Male,Unknown,99,21.0,,
7264,Chlamydia,274.0,Wisconsin,2010.0,Male,0-14 years,0-14,42.0,563909.0,7.45
7265,Chlamydia,274.0,Wisconsin,2010.0,Male,15-19 years,15-19,1596.0,204803.0,779.28
7266,Chlamydia,274.0,Wisconsin,2010.0,Male,20-24 years,20-24,2519.0,196897.0,1279.35
7267,Chlamydia,274.0,Wisconsin,2010.0,Male,25-29 years,25-29,1280.0,189349.0,676.0
7268,Chlamydia,274.0,Wisconsin,2010.0,Male,30-34 years,30-34,547.0,178120.0,307.1
7269,Chlamydia,274.0,Wisconsin,2010.0,Male,35-39 years,35-39,286.0,174619.0,163.78
7270,Chlamydia,274.0,Wisconsin,2010.0,Male,40+ years,40+,274.0,1314703.0,20.84
7271,Chlamydia,274.0,Wisconsin,2010.0,Male,Unknown,99,29.0,,
7272,Chlamydia,274.0,Wisconsin,2011.0,Male,0-14 years,0-14,46.0,559776.0,8.22
7273,Chlamydia,274.0,Wisconsin,2011.0,Male,15-19 years,15-19,1698.0,204123.0,831.85
7274,Chlamydia,274.0,Wisconsin,2011.0,Male,20-24 years,20-24,2852.0,198230.0,1438.73
7275,Chlamydia,274.0,Wisconsin,2011.0,Male,25-29 years,25-29,1419.0,188531.0,752.66
7276,Chlamydia,274.0,Wisconsin,2011.0,Male,30-34 years,30-34,593.0,183627.0,322.94
7277,Chlamydia,274.0,Wisconsin,2011.0,Male,35-39 years,35-39,280.0,168412.0,166.26
7278,Chlamydia,274.0,Wisconsin,2011.0,Male,40+ years,40+,299.0,1333393.0,22.42
7279,Chlamydia,274.0,Wisconsin,2011.0,Male,Unknown,99,16.0,,
7280,Chlamydia,274.0,Wisconsin,2012.0,Male,0-14 years,0-14,38.0,557621.0,6.81
7281,Chlamydia,274.0,Wisconsin,2012.0,Male,15-19 years,15-19,1508.0,199426.0,756.17
7282,Chlamydia,274.0,Wisconsin,2012.0,Male,20-24 years,20-24,2816.0,199232.0,1413.43
7283,Chlamydia,274.0,Wisconsin,2012.0,Male,25-29 years,25-29,1404.0,187094.0,750.42
7284,Chlamydia,274.0,Wisconsin,2012.0,Male,30-34 years,30-34,639.0,186699.0,342.26
7285,Chlamydia,274.0,Wisconsin,2012.0,Male,35-39 years,35-39,300.0,167724.0,178.87
7286,Chlamydia,274.0,Wisconsin,2012.0,Male,40+ years,40+,294.0,1345276.0,21.85
7287,Chlamydia,274.0,Wisconsin,2013.0,Male,0-14 years,0-14,41.0,553701.0,7.4
7288,Chlamydia,274.0,Wisconsin,2013.0,Male,15-19 years,15-19,1454.0,196628.0,739.47
7289,Chlamydia,274.0,Wisconsin,2013.0,Male,20-24 years,20-24,2821.0,203040.0,1389.38
7290,Chlamydia,274.0,Wisconsin,2013.0,Male,25-29 years,25-29,1504.0,183790.0,818.33
7291,Chlamydia,274.0,Wisconsin,2013.0,Male,30-34 years,30-34,673.0,188753.0,356.55
7292,Chlamydia,274.0,Wisconsin,2013.0,Male,35-39 years,35-39,294.0,170384.0,172.55
7293,Chlamydia,274.0,Wisconsin,2013.0,Male,40+ years,40+,327.0,1355864.0,24.12
7294,Chlamydia,274.0,Wisconsin,2014.0,Male,0-14 years,0-14,34.0,553701.0,6.14
7295,Chlamydia,274.0,Wisconsin,2014.0,Male,15-19 years,15-19,1344.0,196628.0,683.52
7296,Chlamydia,274.0,Wisconsin,2014.0,Male,20-24 years,20-24,2826.0,203040.0,1391.84
7297,Chlamydia,274.0,Wisconsin,2014.0,Male,25-29 years,25-29,1498.0,183790.0,815.06
7298,Chlamydia,274.0,Wisconsin,2014.0,Male,30-34 years,30-34,709.0,188753.0,375.62
7299,Chlamydia,274.0,Wisconsin,2014.0,Male,35-39 years,35-39,296.0,170384.0,173.72
7300,Chlamydia,274.0,Wisconsin,2014.0,Male,40+ years,40+,370.0,1355864.0,27.29
7301,Chlamydia,274.0,Wyoming,1996.0,Male,0-14 years,0-14,2.0,56303.0,3.55
7302,Chlamydia,274.0,Wyoming,1996.0,Male,15-19 years,15-19,32.0,21838.0,146.53
7303,Chlamydia,274.0,Wyoming,1996.0,Male,20-24 years,20-24,35.0,16960.0,206.37
7304,Chlamydia,274.0,Wyoming,1996.0,Male,25-29 years,25-29,14.0,14000.0,100.0
7305,Chlamydia,274.0,Wyoming,1996.0,Male,30-34 years,30-34,4.0,16971.0,23.57
7306,Chlamydia,274.0,Wyoming,1996.0,Male,35-39 years,35-39,2.0,21612.0,9.25
7307,Chlamydia,274.0,Wyoming,1996.0,Male,40+ years,40+,3.0,97573.0,3.07
7308,Chlamydia,274.0,Wyoming,1996.0,Male,Unknown,99,8.0,,
7309,Chlamydia,274.0,Wyoming,1997.0,Male,0-14 years,0-14,1.0,55436.0,1.8
7310,Chlamydia,274.0,Wyoming,1997.0,Male,15-19 years,15-19,29.0,22138.0,131.0
7311,Chlamydia,274.0,Wyoming,1997.0,Male,20-24 years,20-24,43.0,17054.0,252.14
7312,Chlamydia,274.0,Wyoming,1997.0,Male,25-29 years,25-29,11.0,14410.0,76.34
7313,Chlamydia,274.0,Wyoming,1997.0,Male,30-34 years,30-34,3.0,15956.0,18.8
7314,Chlamydia,274.0,Wyoming,1997.0,Male,35-39 years,35-39,6.0,20747.0,28.92
7315,Chlamydia,274.0,Wyoming,1997.0,Male,40+ years,40+,6.0,100215.0,5.99
7316,Chlamydia,274.0,Wyoming,1998.0,Male,0-14 years,0-14,2.0,54615.0,3.66
7317,Chlamydia,274.0,Wyoming,1998.0,Male,15-19 years,15-19,34.0,22307.0,152.42
7318,Chlamydia,274.0,Wyoming,1998.0,Male,20-24 years,20-24,54.0,17598.0,306.85
7319,Chlamydia,274.0,Wyoming,1998.0,Male,25-29 years,25-29,22.0,15082.0,145.87
7320,Chlamydia,274.0,Wyoming,1998.0,Male,30-34 years,30-34,9.0,15400.0,58.44
7321,Chlamydia,274.0,Wyoming,1998.0,Male,35-39 years,35-39,5.0,19878.0,25.15
7322,Chlamydia,274.0,Wyoming,1998.0,Male,40+ years,40+,2.0,102238.0,1.96
7323,Chlamydia,274.0,Wyoming,1998.0,Male,Unknown,99,2.0,,
7324,Chlamydia,274.0,Wyoming,1999.0,Male,15-19 years,15-19,41.0,22115.0,185.4
7325,Chlamydia,274.0,Wyoming,1999.0,Male,20-24 years,20-24,58.0,17331.0,334.66
7326,Chlamydia,274.0,Wyoming,1999.0,Male,25-29 years,25-29,21.0,15293.0,137.32
7327,Chlamydia,274.0,Wyoming,1999.0,Male,30-34 years,30-34,6.0,14997.0,40.01
7328,Chlamydia,274.0,Wyoming,1999.0,Male,35-39 years,35-39,6.0,18782.0,31.95
7329,Chlamydia,274.0,Wyoming,1999.0,Male,40+ years,40+,3.0,104808.0,2.86
7330,Chlamydia,274.0,Wyoming,1999.0,Male,Unknown,99,3.0,,
7331,Chlamydia,274.0,Wyoming,2000.0,Male,0-14 years,0-14,2.0,51942.0,3.85
7332,Chlamydia,274.0,Wyoming,2000.0,Male,15-19 years,15-19,38.0,21684.0,175.24
7333,Chlamydia,274.0,Wyoming,2000.0,Male,20-24 years,20-24,54.0,17895.0,301.76
7334,Chlamydia,274.0,Wyoming,2000.0,Male,25-29 years,25-29,18.0,15613.0,115.29
7335,Chlamydia,274.0,Wyoming,2000.0,Male,30-34 years,30-34,11.0,15290.0,71.94
7336,Chlamydia,274.0,Wyoming,2000.0,Male,35-39 years,35-39,11.0,17882.0,61.51
7337,Chlamydia,274.0,Wyoming,2000.0,Male,40+ years,40+,6.0,108259.0,5.54
7338,Chlamydia,274.0,Wyoming,2001.0,Male,15-19 years,15-19,34.0,21455.0,158.47
7339,Chlamydia,274.0,Wyoming,2001.0,Male,20-24 years,20-24,73.0,18779.0,388.73
7340,Chlamydia,274.0,Wyoming,2001.0,Male,25-29 years,25-29,35.0,15302.0,228.73
7341,Chlamydia,274.0,Wyoming,2001.0,Male,30-34 years,30-34,6.0,15284.0,39.26
7342,Chlamydia,274.0,Wyoming,2001.0,Male,35-39 years,35-39,8.0,16817.0,47.57
7343,Chlamydia,274.0,Wyoming,2001.0,Male,40+ years,40+,4.0,109692.0,3.65
7344,Chlamydia,274.0,Wyoming,2002.0,Male,0-14 years,0-14,1.0,50487.0,1.98
7345,Chlamydia,274.0,Wyoming,2002.0,Male,15-19 years,15-19,40.0,21219.0,188.51
7346,Chlamydia,274.0,Wyoming,2002.0,Male,20-24 years,20-24,103.0,19513.0,527.85
7347,Chlamydia,274.0,Wyoming,2002.0,Male,25-29 years,25-29,23.0,15319.0,150.14
7348,Chlamydia,274.0,Wyoming,2002.0,Male,30-34 years,30-34,11.0,15406.0,71.4
7349,Chlamydia,274.0,Wyoming,2002.0,Male,35-39 years,35-39,4.0,16009.0,24.99
7350,Chlamydia,274.0,Wyoming,2002.0,Male,40+ years,40+,5.0,112925.0,4.43
7351,Chlamydia,274.0,Wyoming,2002.0,Male,Unknown,99,2.0,,
7352,Chlamydia,274.0,Wyoming,2003.0,Male,0-14 years,0-14,3.0,50410.0,5.95
7353,Chlamydia,274.0,Wyoming,2003.0,Male,15-19 years,15-19,62.0,20651.0,300.23
7354,Chlamydia,274.0,Wyoming,2003.0,Male,20-24 years,20-24,103.0,20443.0,503.84
7355,Chlamydia,274.0,Wyoming,2003.0,Male,25-29 years,25-29,39.0,15695.0,248.49
7356,Chlamydia,274.0,Wyoming,2003.0,Male,30-34 years,30-34,18.0,15408.0,116.82
7357,Chlamydia,274.0,Wyoming,2003.0,Male,35-39 years,35-39,10.0,15573.0,64.21
7358,Chlamydia,274.0,Wyoming,2003.0,Male,40+ years,40+,8.0,114162.0,7.01
7359,Chlamydia,274.0,Wyoming,2004.0,Male,0-14 years,0-14,1.0,48782.0,2.05
7360,Chlamydia,274.0,Wyoming,2004.0,Male,15-19 years,15-19,48.0,20056.0,239.33
7361,Chlamydia,274.0,Wyoming,2004.0,Male,20-24 years,20-24,137.0,21316.0,642.71
7362,Chlamydia,274.0,Wyoming,2004.0,Male,25-29 years,25-29,44.0,16327.0,269.49
7363,Chlamydia,274.0,Wyoming,2004.0,Male,30-34 years,30-34,11.0,15565.0,70.67
7364,Chlamydia,274.0,Wyoming,2004.0,Male,35-39 years,35-39,9.0,15444.0,58.28
7365,Chlamydia,274.0,Wyoming,2004.0,Male,40+ years,40+,4.0,117566.0,3.4
7366,Chlamydia,274.0,Wyoming,2004.0,Male,Unknown,99,8.0,,
7367,Chlamydia,274.0,Wyoming,2005.0,Male,0-14 years,0-14,1.0,47754.0,2.09
7368,Chlamydia,274.0,Wyoming,2005.0,Male,15-19 years,15-19,39.0,19567.0,199.31
7369,Chlamydia,274.0,Wyoming,2005.0,Male,20-24 years,20-24,157.0,21414.0,733.16
7370,Chlamydia,274.0,Wyoming,2005.0,Male,25-29 years,25-29,52.0,17039.0,305.18
7371,Chlamydia,274.0,Wyoming,2005.0,Male,30-34 years,30-34,17.0,15511.0,109.6
7372,Chlamydia,274.0,Wyoming,2005.0,Male,35-39 years,35-39,10.0,15491.0,64.55
7373,Chlamydia,274.0,Wyoming,2005.0,Male,40+ years,40+,16.0,119950.0,13.34
7374,Chlamydia,274.0,Wyoming,2005.0,Male,Unknown,99,7.0,,
7375,Chlamydia,274.0,Wyoming,2006.0,Male,0-14 years,0-14,4.0,50895.0,7.86
7376,Chlamydia,274.0,Wyoming,2006.0,Male,15-19 years,15-19,76.0,19321.0,393.35
7377,Chlamydia,274.0,Wyoming,2006.0,Male,20-24 years,20-24,168.0,21013.0,799.5
7378,Chlamydia,274.0,Wyoming,2006.0,Male,25-29 years,25-29,71.0,19495.0,364.2
7379,Chlamydia,274.0,Wyoming,2006.0,Male,30-34 years,30-34,27.0,15840.0,170.46
7380,Chlamydia,274.0,Wyoming,2006.0,Male,35-39 years,35-39,11.0,16211.0,67.86
7381,Chlamydia,274.0,Wyoming,2006.0,Male,40+ years,40+,8.0,118227.0,6.77
7382,Chlamydia,274.0,Wyoming,2006.0,Male,Unknown,99,6.0,,
7383,Chlamydia,274.0,Wyoming,2007.0,Male,15-19 years,15-19,49.0,19375.0,252.9
7384,Chlamydia,274.0,Wyoming,2007.0,Male,20-24 years,20-24,145.0,20533.0,706.18
7385,Chlamydia,274.0,Wyoming,2007.0,Male,25-29 years,25-29,56.0,20326.0,275.51
7386,Chlamydia,274.0,Wyoming,2007.0,Male,30-34 years,30-34,11.0,15988.0,68.8
7387,Chlamydia,274.0,Wyoming,2007.0,Male,35-39 years,35-39,15.0,16515.0,90.83
7388,Chlamydia,274.0,Wyoming,2007.0,Male,40+ years,40+,1.0,119266.0,0.84
7389,Chlamydia,274.0,Wyoming,2007.0,Male,Unknown,99,7.0,,
7390,Chlamydia,274.0,Wyoming,2008.0,Male,0-14 years,0-14,1.0,54688.0,1.83
7391,Chlamydia,274.0,Wyoming,2008.0,Male,15-19 years,15-19,105.0,19519.0,537.94
7392,Chlamydia,274.0,Wyoming,2008.0,Male,20-24 years,20-24,259.0,20818.0,1244.12
7393,Chlamydia,274.0,Wyoming,2008.0,Male,25-29 years,25-29,130.0,20971.0,619.9
7394,Chlamydia,274.0,Wyoming,2008.0,Male,30-34 years,30-34,34.0,16456.0,206.61
7395,Chlamydia,274.0,Wyoming,2008.0,Male,35-39 years,35-39,22.0,16893.0,130.23
7396,Chlamydia,274.0,Wyoming,2008.0,Male,40+ years,40+,12.0,120845.0,9.93
7397,Chlamydia,274.0,Wyoming,2009.0,Male,0-14 years,0-14,3.0,56621.0,5.3
7398,Chlamydia,274.0,Wyoming,2009.0,Male,15-19 years,15-19,141.0,20157.0,699.51
7399,Chlamydia,274.0,Wyoming,2009.0,Male,20-24 years,20-24,359.0,23342.0,1538.0
7400,Chlamydia,274.0,Wyoming,2009.0,Male,25-29 years,25-29,160.0,22266.0,718.58
7401,Chlamydia,274.0,Wyoming,2009.0,Male,30-34 years,30-34,66.0,16893.0,390.69
7402,Chlamydia,274.0,Wyoming,2009.0,Male,35-39 years,35-39,28.0,16869.0,165.99
7403,Chlamydia,274.0,Wyoming,2009.0,Male,40+ years,40+,18.0,120892.0,14.89
7404,Chlamydia,274.0,Wyoming,2009.0,Male,Unknown,99,1.0,,
7405,Chlamydia,274.0,Wyoming,2010.0,Male,0-14 years,0-14,2.0,58391.0,3.43
7406,Chlamydia,274.0,Wyoming,2010.0,Male,15-19 years,15-19,154.0,19626.0,784.67
7407,Chlamydia,274.0,Wyoming,2010.0,Male,20-24 years,20-24,371.0,21315.0,1740.56
7408,Chlamydia,274.0,Wyoming,2010.0,Male,25-29 years,25-29,177.0,21752.0,813.72
7409,Chlamydia,274.0,Wyoming,2010.0,Male,30-34 years,30-34,55.0,18919.0,290.71
7410,Chlamydia,274.0,Wyoming,2010.0,Male,35-39 years,35-39,23.0,17702.0,129.93
7411,Chlamydia,274.0,Wyoming,2010.0,Male,40+ years,40+,26.0,129732.0,20.04
7412,Chlamydia,274.0,Wyoming,2011.0,Male,0-14 years,0-14,2.0,58252.0,3.43
7413,Chlamydia,274.0,Wyoming,2011.0,Male,15-19 years,15-19,153.0,19390.0,789.07
7414,Chlamydia,274.0,Wyoming,2011.0,Male,20-24 years,20-24,305.0,21756.0,1401.91
7415,Chlamydia,274.0,Wyoming,2011.0,Male,25-29 years,25-29,168.0,21547.0,779.69
7416,Chlamydia,274.0,Wyoming,2011.0,Male,30-34 years,30-34,57.0,19836.0,287.36
7417,Chlamydia,274.0,Wyoming,2011.0,Male,35-39 years,35-39,24.0,17289.0,138.82
7418,Chlamydia,274.0,Wyoming,2011.0,Male,40+ years,40+,25.0,131687.0,18.98
7419,Chlamydia,274.0,Wyoming,2012.0,Male,0-14 years,0-14,2.0,58274.0,3.43
7420,Chlamydia,274.0,Wyoming,2012.0,Male,15-19 years,15-19,137.0,19336.0,708.52
7421,Chlamydia,274.0,Wyoming,2012.0,Male,20-24 years,20-24,265.0,22530.0,1176.21
7422,Chlamydia,274.0,Wyoming,2012.0,Male,25-29 years,25-29,128.0,21760.0,588.24
7423,Chlamydia,274.0,Wyoming,2012.0,Male,30-34 years,30-34,51.0,20895.0,244.08
7424,Chlamydia,274.0,Wyoming,2012.0,Male,35-39 years,35-39,19.0,17824.0,106.6
7425,Chlamydia,274.0,Wyoming,2012.0,Male,40+ years,40+,8.0,133662.0,5.99
7426,Chlamydia,274.0,Wyoming,2013.0,Male,15-19 years,15-19,127.0,19661.0,645.95
7427,Chlamydia,274.0,Wyoming,2013.0,Male,20-24 years,20-24,268.0,22834.0,1173.69
7428,Chlamydia,274.0,Wyoming,2013.0,Male,25-29 years,25-29,122.0,21505.0,567.31
7429,Chlamydia,274.0,Wyoming,2013.0,Male,30-34 years,30-34,52.0,21488.0,242.0
7430,Chlamydia,274.0,Wyoming,2013.0,Male,35-39 years,35-39,28.0,18280.0,153.17
7431,Chlamydia,274.0,Wyoming,2013.0,Male,40+ years,40+,20.0,134440.0,14.88
7432,Chlamydia,274.0,Wyoming,2014.0,Male,0-14 years,0-14,2.0,59070.0,3.39
7433,Chlamydia,274.0,Wyoming,2014.0,Male,15-19 years,15-19,113.0,19661.0,574.74
7434,Chlamydia,274.0,Wyoming,2014.0,Male,20-24 years,20-24,248.0,22834.0,1086.1
7435,Chlamydia,274.0,Wyoming,2014.0,Male,25-29 years,25-29,154.0,21505.0,716.11
7436,Chlamydia,274.0,Wyoming,2014.0,Male,30-34 years,30-34,49.0,21488.0,228.03
7437,Chlamydia,274.0,Wyoming,2014.0,Male,35-39 years,35-39,35.0,18280.0,191.47
7438,Chlamydia,274.0,Wyoming,2014.0,Male,40+ years,40+,18.0,134440.0,13.39
7439,Gonorrhea,280.0,Alabama,1996.0,Male,0-14 years,0-14,48.0,468394.0,10.25
7440,Gonorrhea,280.0,Alabama,1996.0,Male,15-19 years,15-19,1581.0,165920.0,952.87
7441,Gonorrhea,280.0,Alabama,1996.0,Male,20-24 years,20-24,2025.0,152848.0,1324.85
7442,Gonorrhea,280.0,Alabama,1996.0,Male,25-29 years,25-29,983.0,152778.0,643.42
7443,Gonorrhea,280.0,Alabama,1996.0,Male,30-34 years,30-34,647.0,155850.0,415.14
7444,Gonorrhea,280.0,Alabama,1996.0,Male,35-39 years,35-39,463.0,168841.0,274.22
7445,Gonorrhea,280.0,Alabama,1996.0,Male,40+ years,40+,560.0,819248.0,68.36
7446,Gonorrhea,280.0,Alabama,1996.0,Male,Unknown,99,102.0,,
7447,Gonorrhea,280.0,Alabama,1997.0,Male,0-14 years,0-14,43.0,473016.0,9.09
7448,Gonorrhea,280.0,Alabama,1997.0,Male,15-19 years,15-19,1343.0,167083.0,803.79
7449,Gonorrhea,280.0,Alabama,1997.0,Male,20-24 years,20-24,1938.0,150783.0,1285.29
7450,Gonorrhea,280.0,Alabama,1997.0,Male,25-29 years,25-29,986.0,154166.0,639.57
7451,Gonorrhea,280.0,Alabama,1997.0,Male,30-34 years,30-34,617.0,151932.0,406.1
7452,Gonorrhea,280.0,Alabama,1997.0,Male,35-39 years,35-39,463.0,168350.0,275.02
7453,Gonorrhea,280.0,Alabama,1997.0,Male,40+ years,40+,632.0,837795.0,75.44
7454,Gonorrhea,280.0,Alabama,1998.0,Male,0-14 years,0-14,38.0,472365.0,8.04
7455,Gonorrhea,280.0,Alabama,1998.0,Male,15-19 years,15-19,1304.0,167374.0,779.09
7456,Gonorrhea,280.0,Alabama,1998.0,Male,20-24 years,20-24,2131.0,151228.0,1409.13
7457,Gonorrhea,280.0,Alabama,1998.0,Male,25-29 years,25-29,1162.0,154387.0,752.65
7458,Gonorrhea,280.0,Alabama,1998.0,Male,30-34 years,30-34,635.0,149654.0,424.31
7459,Gonorrhea,280.0,Alabama,1998.0,Male,35-39 years,35-39,438.0,168795.0,259.49
7460,Gonorrhea,280.0,Alabama,1998.0,Male,40+ years,40+,703.0,859032.0,81.84
7461,Gonorrhea,280.0,Alabama,1999.0,Male,0-14 years,0-14,31.0,475482.0,6.52
7462,Gonorrhea,280.0,Alabama,1999.0,Male,15-19 years,15-19,1068.0,166099.0,642.99
7463,Gonorrhea,280.0,Alabama,1999.0,Male,20-24 years,20-24,1774.0,151548.0,1170.59
7464,Gonorrhea,280.0,Alabama,1999.0,Male,25-29 years,25-29,949.0,151877.0,624.85
7465,Gonorrhea,280.0,Alabama,1999.0,Male,30-34 years,30-34,518.0,148196.0,349.54
7466,Gonorrhea,280.0,Alabama,1999.0,Male,35-39 years,35-39,403.0,167921.0,239.99
7467,Gonorrhea,280.0,Alabama,1999.0,Male,40+ years,40+,612.0,875759.0,69.88
7468,Gonorrhea,280.0,Alabama,1999.0,Male,Unknown,99,44.0,,
7469,Gonorrhea,280.0,Alabama,2000.0,Male,0-14 years,0-14,25.0,471642.0,5.3
7470,Gonorrhea,280.0,Alabama,2000.0,Male,15-19 years,15-19,1213.0,163376.0,742.46
7471,Gonorrhea,280.0,Alabama,2000.0,Male,20-24 years,20-24,1957.0,153879.0,1271.78
7472,Gonorrhea,280.0,Alabama,2000.0,Male,25-29 years,25-29,1175.0,148829.0,789.5
7473,Gonorrhea,280.0,Alabama,2000.0,Male,30-34 years,30-34,556.0,149723.0,371.35
7474,Gonorrhea,280.0,Alabama,2000.0,Male,35-39 years,35-39,415.0,166434.0,249.35
7475,Gonorrhea,280.0,Alabama,2000.0,Male,40+ years,40+,649.0,895009.0,72.51
7476,Gonorrhea,280.0,Alabama,2000.0,Male,Unknown,99,49.0,,
7477,Gonorrhea,280.0,Alabama,2001.0,Male,0-14 years,0-14,35.0,472551.0,7.41
7478,Gonorrhea,280.0,Alabama,2001.0,Male,15-19 years,15-19,1013.0,162233.0,624.41
7479,Gonorrhea,280.0,Alabama,2001.0,Male,20-24 years,20-24,1858.0,157814.0,1177.34
7480,Gonorrhea,280.0,Alabama,2001.0,Male,25-29 years,25-29,973.0,145674.0,667.93
7481,Gonorrhea,280.0,Alabama,2001.0,Male,30-34 years,30-34,542.0,150626.0,359.83
7482,Gonorrhea,280.0,Alabama,2001.0,Male,35-39 years,35-39,395.0,162717.0,242.75
7483,Gonorrhea,280.0,Alabama,2001.0,Male,40+ years,40+,598.0,907438.0,65.9
7484,Gonorrhea,280.0,Alabama,2001.0,Male,Unknown,99,43.0,,
7485,Gonorrhea,280.0,Alabama,2002.0,Male,0-14 years,0-14,24.0,469788.0,5.11
7486,Gonorrhea,280.0,Alabama,2002.0,Male,15-19 years,15-19,898.0,161966.0,554.44
7487,Gonorrhea,280.0,Alabama,2002.0,Male,20-24 years,20-24,1710.0,161282.0,1060.25
7488,Gonorrhea,280.0,Alabama,2002.0,Male,25-29 years,25-29,1028.0,145240.0,707.79
7489,Gonorrhea,280.0,Alabama,2002.0,Male,30-34 years,30-34,539.0,153025.0,352.23
7490,Gonorrhea,280.0,Alabama,2002.0,Male,35-39 years,35-39,358.0,158412.0,225.99
7491,Gonorrhea,280.0,Alabama,2002.0,Male,40+ years,40+,535.0,919422.0,58.19
7492,Gonorrhea,280.0,Alabama,2002.0,Male,Unknown,99,39.0,,
7493,Gonorrhea,280.0,Alabama,2003.0,Male,0-14 years,0-14,27.0,469913.0,5.75
7494,Gonorrhea,280.0,Alabama,2003.0,Male,15-19 years,15-19,807.0,162722.0,495.94
7495,Gonorrhea,280.0,Alabama,2003.0,Male,20-24 years,20-24,1552.0,163265.0,950.6
7496,Gonorrhea,280.0,Alabama,2003.0,Male,25-29 years,25-29,877.0,145088.0,604.46
7497,Gonorrhea,280.0,Alabama,2003.0,Male,30-34 years,30-34,481.0,150482.0,319.64
7498,Gonorrhea,280.0,Alabama,2003.0,Male,35-39 years,35-39,343.0,152679.0,224.65
7499,Gonorrhea,280.0,Alabama,2003.0,Male,40+ years,40+,580.0,935015.0,62.03
7500,Gonorrhea,280.0,Alabama,2003.0,Male,Unknown,99,38.0,,
7501,Gonorrhea,280.0,Alabama,2004.0,Male,0-14 years,0-14,18.0,463087.0,3.89
7502,Gonorrhea,280.0,Alabama,2004.0,Male,15-19 years,15-19,755.0,163267.0,462.43
7503,Gonorrhea,280.0,Alabama,2004.0,Male,20-24 years,20-24,1385.0,164745.0,840.69
7504,Gonorrhea,280.0,Alabama,2004.0,Male,25-29 years,25-29,914.0,148879.0,613.92
7505,Gonorrhea,280.0,Alabama,2004.0,Male,30-34 years,30-34,496.0,149850.0,331.0
7506,Gonorrhea,280.0,Alabama,2004.0,Male,35-39 years,35-39,319.0,150310.0,212.23
7507,Gonorrhea,280.0,Alabama,2004.0,Male,40+ years,40+,610.0,956070.0,63.8
7508,Gonorrhea,280.0,Alabama,2004.0,Male,Unknown,99,29.0,,
7509,Gonorrhea,280.0,Alabama,2005.0,Male,0-14 years,0-14,25.0,458480.0,5.45
7510,Gonorrhea,280.0,Alabama,2005.0,Male,15-19 years,15-19,868.0,165142.0,525.61
7511,Gonorrhea,280.0,Alabama,2005.0,Male,20-24 years,20-24,1464.0,164174.0,891.74
7512,Gonorrhea,280.0,Alabama,2005.0,Male,25-29 years,25-29,972.0,153371.0,633.76
7513,Gonorrhea,280.0,Alabama,2005.0,Male,30-34 years,30-34,512.0,147670.0,346.72
7514,Gonorrhea,280.0,Alabama,2005.0,Male,35-39 years,35-39,310.0,149840.0,206.89
7515,Gonorrhea,280.0,Alabama,2005.0,Male,40+ years,40+,704.0,972985.0,72.35
7516,Gonorrhea,280.0,Alabama,2005.0,Male,Unknown,99,37.0,,
7517,Gonorrhea,280.0,Alabama,2006.0,Male,0-14 years,0-14,34.0,467853.0,7.27
7518,Gonorrhea,280.0,Alabama,2006.0,Male,15-19 years,15-19,892.0,165849.0,537.84
7519,Gonorrhea,280.0,Alabama,2006.0,Male,20-24 years,20-24,1366.0,162692.0,839.62
7520,Gonorrhea,280.0,Alabama,2006.0,Male,25-29 years,25-29,852.0,157856.0,539.73
7521,Gonorrhea,280.0,Alabama,2006.0,Male,30-34 years,30-34,495.0,142250.0,347.98
7522,Gonorrhea,280.0,Alabama,2006.0,Male,35-39 years,35-39,307.0,150682.0,203.74
7523,Gonorrhea,280.0,Alabama,2006.0,Male,40+ years,40+,669.0,982287.0,68.11
7524,Gonorrhea,280.0,Alabama,2006.0,Male,Unknown,99,63.0,,
7525,Gonorrhea,280.0,Alabama,2007.0,Male,0-14 years,0-14,35.0,472907.0,7.4
7526,Gonorrhea,280.0,Alabama,2007.0,Male,15-19 years,15-19,928.0,165712.0,560.01
7527,Gonorrhea,280.0,Alabama,2007.0,Male,20-24 years,20-24,1426.0,159810.0,892.31
7528,Gonorrhea,280.0,Alabama,2007.0,Male,25-29 years,25-29,888.0,160889.0,551.93
7529,Gonorrhea,280.0,Alabama,2007.0,Male,30-34 years,30-34,454.0,141457.0,320.95
7530,Gonorrhea,280.0,Alabama,2007.0,Male,35-39 years,35-39,329.0,152090.0,216.32
7531,Gonorrhea,280.0,Alabama,2007.0,Male,40+ years,40+,706.0,989260.0,71.37
7532,Gonorrhea,280.0,Alabama,2007.0,Male,Unknown,99,20.0,,
7533,Gonorrhea,280.0,Alabama,2008.0,Male,0-14 years,0-14,28.0,473529.0,5.91
7534,Gonorrhea,280.0,Alabama,2008.0,Male,15-19 years,15-19,893.0,166570.0,536.11
7535,Gonorrhea,280.0,Alabama,2008.0,Male,20-24 years,20-24,1339.0,159612.0,838.91
7536,Gonorrhea,280.0,Alabama,2008.0,Male,25-29 years,25-29,771.0,161570.0,477.19
7537,Gonorrhea,280.0,Alabama,2008.0,Male,30-34 years,30-34,421.0,142221.0,296.02
7538,Gonorrhea,280.0,Alabama,2008.0,Male,35-39 years,35-39,253.0,152327.0,166.09
7539,Gonorrhea,280.0,Alabama,2008.0,Male,40+ years,40+,435.0,1002258.0,43.4
7540,Gonorrhea,280.0,Alabama,2008.0,Male,Unknown,99,11.0,,
7541,Gonorrhea,280.0,Alabama,2009.0,Male,0-14 years,0-14,12.0,477172.0,2.51
7542,Gonorrhea,280.0,Alabama,2009.0,Male,15-19 years,15-19,733.0,167091.0,438.68
7543,Gonorrhea,280.0,Alabama,2009.0,Male,20-24 years,20-24,1139.0,166662.0,683.42
7544,Gonorrhea,280.0,Alabama,2009.0,Male,25-29 years,25-29,577.0,162536.0,355.0
7545,Gonorrhea,280.0,Alabama,2009.0,Male,30-34 years,30-34,276.0,145329.0,189.91
7546,Gonorrhea,280.0,Alabama,2009.0,Male,35-39 years,35-39,187.0,151296.0,123.6
7547,Gonorrhea,280.0,Alabama,2009.0,Male,40+ years,40+,317.0,1011526.0,31.34
7548,Gonorrhea,280.0,Alabama,2009.0,Male,Unknown,99,9.0,,
7549,Gonorrhea,280.0,Alabama,2010.0,Male,0-14 years,0-14,17.0,476022.0,3.57
7550,Gonorrhea,280.0,Alabama,2010.0,Male,15-19 years,15-19,836.0,175151.0,477.3
7551,Gonorrhea,280.0,Alabama,2010.0,Male,20-24 years,20-24,1271.0,167520.0,758.72
7552,Gonorrhea,280.0,Alabama,2010.0,Male,25-29 years,25-29,567.0,153716.0,368.86
7553,Gonorrhea,280.0,Alabama,2010.0,Male,30-34 years,30-34,286.0,146424.0,195.32
7554,Gonorrhea,280.0,Alabama,2010.0,Male,35-39 years,35-39,165.0,151078.0,109.22
7555,Gonorrhea,280.0,Alabama,2010.0,Male,40+ years,40+,282.0,1050277.0,26.85
7556,Gonorrhea,280.0,Alabama,2010.0,Male,Unknown,99,6.0,,
7557,Gonorrhea,280.0,Alabama,2011.0,Male,0-14 years,0-14,24.0,474878.0,5.05
7558,Gonorrhea,280.0,Alabama,2011.0,Male,15-19 years,15-19,846.0,170749.0,495.46
7559,Gonorrhea,280.0,Alabama,2011.0,Male,20-24 years,20-24,1467.0,173150.0,847.24
7560,Gonorrhea,280.0,Alabama,2011.0,Male,25-29 years,25-29,674.0,152969.0,440.61
7561,Gonorrhea,280.0,Alabama,2011.0,Male,30-34 years,30-34,345.0,149620.0,230.58
7562,Gonorrhea,280.0,Alabama,2011.0,Male,35-39 years,35-39,173.0,144329.0,119.86
7563,Gonorrhea,280.0,Alabama,2011.0,Male,40+ years,40+,295.0,1063796.0,27.73
7564,Gonorrhea,280.0,Alabama,2011.0,Male,Unknown,99,1.0,,
7565,Gonorrhea,280.0,Alabama,2012.0,Male,0-14 years,0-14,15.0,475717.0,3.15
7566,Gonorrhea,280.0,Alabama,2012.0,Male,15-19 years,15-19,831.0,165508.0,502.09
7567,Gonorrhea,280.0,Alabama,2012.0,Male,20-24 years,20-24,1539.0,176160.0,873.64
7568,Gonorrhea,280.0,Alabama,2012.0,Male,25-29 years,25-29,698.0,153084.0,455.96
7569,Gonorrhea,280.0,Alabama,2012.0,Male,30-34 years,30-34,402.0,151045.0,266.15
7570,Gonorrhea,280.0,Alabama,2012.0,Male,35-39 years,35-39,189.0,142261.0,132.85
7571,Gonorrhea,280.0,Alabama,2012.0,Male,40+ years,40+,356.0,1074782.0,33.12
7572,Gonorrhea,280.0,Alabama,2012.0,Male,Unknown,99,4.0,,
7573,Gonorrhea,280.0,Alabama,2013.0,Male,0-14 years,0-14,13.0,469840.0,2.77
7574,Gonorrhea,280.0,Alabama,2013.0,Male,15-19 years,15-19,699.0,163751.0,426.87
7575,Gonorrhea,280.0,Alabama,2013.0,Male,20-24 years,20-24,1402.0,178447.0,785.67
7576,Gonorrhea,280.0,Alabama,2013.0,Male,25-29 years,25-29,678.0,153647.0,441.27
7577,Gonorrhea,280.0,Alabama,2013.0,Male,30-34 years,30-34,349.0,152362.0,229.06
7578,Gonorrhea,280.0,Alabama,2013.0,Male,35-39 years,35-39,194.0,142291.0,136.34
7579,Gonorrhea,280.0,Alabama,2013.0,Male,40+ years,40+,338.0,1085009.0,31.15
7580,Gonorrhea,280.0,Alabama,2013.0,Male,Unknown,99,7.0,,
7581,Gonorrhea,280.0,Alabama,2014.0,Male,0-14 years,0-14,8.0,469840.0,1.7
7582,Gonorrhea,280.0,Alabama,2014.0,Male,15-19 years,15-19,546.0,163751.0,333.43
7583,Gonorrhea,280.0,Alabama,2014.0,Male,20-24 years,20-24,1299.0,178447.0,727.95
7584,Gonorrhea,280.0,Alabama,2014.0,Male,25-29 years,25-29,764.0,153647.0,497.24
7585,Gonorrhea,280.0,Alabama,2014.0,Male,30-34 years,30-34,395.0,152362.0,259.25
7586,Gonorrhea,280.0,Alabama,2014.0,Male,35-39 years,35-39,190.0,142291.0,133.53
7587,Gonorrhea,280.0,Alabama,2014.0,Male,40+ years,40+,359.0,1085009.0,33.09
7588,Gonorrhea,280.0,Alabama,2014.0,Male,Unknown,99,2.0,,
7589,Gonorrhea,280.0,Alaska,1996.0,Male,0-14 years,0-14,2.0,80447.0,2.49
7590,Gonorrhea,280.0,Alaska,1996.0,Male,15-19 years,15-19,33.0,23843.0,138.41
7591,Gonorrhea,280.0,Alaska,1996.0,Male,20-24 years,20-24,43.0,20389.0,210.9
7592,Gonorrhea,280.0,Alaska,1996.0,Male,25-29 years,25-29,40.0,20809.0,192.22
7593,Gonorrhea,280.0,Alaska,1996.0,Male,30-34 years,30-34,26.0,30095.0,86.39
7594,Gonorrhea,280.0,Alaska,1996.0,Male,35-39 years,35-39,34.0,32485.0,104.66
7595,Gonorrhea,280.0,Alaska,1996.0,Male,40+ years,40+,37.0,108546.0,34.09
7596,Gonorrhea,280.0,Alaska,1996.0,Male,Unknown,99,4.0,,
7597,Gonorrhea,280.0,Alaska,1997.0,Male,15-19 years,15-19,17.0,24669.0,68.91
7598,Gonorrhea,280.0,Alaska,1997.0,Male,20-24 years,20-24,38.0,20463.0,185.7
7599,Gonorrhea,280.0,Alaska,1997.0,Male,25-29 years,25-29,25.0,20378.0,122.68
7600,Gonorrhea,280.0,Alaska,1997.0,Male,30-34 years,30-34,26.0,28259.0,92.01
7601,Gonorrhea,280.0,Alaska,1997.0,Male,35-39 years,35-39,20.0,31562.0,63.37
7602,Gonorrhea,280.0,Alaska,1997.0,Male,40+ years,40+,33.0,111686.0,29.55
7603,Gonorrhea,280.0,Alaska,1997.0,Male,Unknown,99,2.0,,
7604,Gonorrhea,280.0,Alaska,1998.0,Male,0-14 years,0-14,5.0,82553.0,6.06
7605,Gonorrhea,280.0,Alaska,1998.0,Male,15-19 years,15-19,22.0,25684.0,85.66
7606,Gonorrhea,280.0,Alaska,1998.0,Male,20-24 years,20-24,46.0,20569.0,223.64
7607,Gonorrhea,280.0,Alaska,1998.0,Male,25-29 years,25-29,22.0,20931.0,105.11
7608,Gonorrhea,280.0,Alaska,1998.0,Male,30-34 years,30-34,19.0,26485.0,71.74
7609,Gonorrhea,280.0,Alaska,1998.0,Male,35-39 years,35-39,14.0,30640.0,45.69
7610,Gonorrhea,280.0,Alaska,1998.0,Male,40+ years,40+,18.0,114561.0,15.71
7611,Gonorrhea,280.0,Alaska,1998.0,Male,Unknown,99,4.0,,
7612,Gonorrhea,280.0,Alaska,1999.0,Male,15-19 years,15-19,21.0,26165.0,80.26
7613,Gonorrhea,280.0,Alaska,1999.0,Male,20-24 years,20-24,30.0,20966.0,143.09
7614,Gonorrhea,280.0,Alaska,1999.0,Male,25-29 years,25-29,21.0,21634.0,97.07
7615,Gonorrhea,280.0,Alaska,1999.0,Male,30-34 years,30-34,25.0,25070.0,99.72
7616,Gonorrhea,280.0,Alaska,1999.0,Male,35-39 years,35-39,17.0,29718.0,57.2
7617,Gonorrhea,280.0,Alaska,1999.0,Male,40+ years,40+,34.0,118379.0,28.72
7618,Gonorrhea,280.0,Alaska,1999.0,Male,Unknown,99,1.0,,
7619,Gonorrhea,280.0,Alaska,2000.0,Male,15-19 years,15-19,14.0,26813.0,52.21
7620,Gonorrhea,280.0,Alaska,2000.0,Male,20-24 years,20-24,34.0,21302.0,159.61
7621,Gonorrhea,280.0,Alaska,2000.0,Male,25-29 years,25-29,30.0,21955.0,136.64
7622,Gonorrhea,280.0,Alaska,2000.0,Male,30-34 years,30-34,23.0,24017.0,95.77
7623,Gonorrhea,280.0,Alaska,2000.0,Male,35-39 years,35-39,27.0,28224.0,95.66
7624,Gonorrhea,280.0,Alaska,2000.0,Male,40+ years,40+,35.0,121717.0,28.76
7625,Gonorrhea,280.0,Alaska,2001.0,Male,0-14 years,0-14,1.0,80287.0,1.25
7626,Gonorrhea,280.0,Alaska,2001.0,Male,15-19 years,15-19,20.0,28890.0,69.23
7627,Gonorrhea,280.0,Alaska,2001.0,Male,20-24 years,20-24,59.0,21685.0,272.08
7628,Gonorrhea,280.0,Alaska,2001.0,Male,25-29 years,25-29,45.0,21243.0,211.83
7629,Gonorrhea,280.0,Alaska,2001.0,Male,30-34 years,30-34,17.0,23362.0,72.77
7630,Gonorrhea,280.0,Alaska,2001.0,Male,35-39 years,35-39,23.0,26947.0,85.35
7631,Gonorrhea,280.0,Alaska,2001.0,Male,40+ years,40+,48.0,125047.0,38.39
7632,Gonorrhea,280.0,Alaska,2002.0,Male,0-14 years,0-14,1.0,80876.0,1.24
7633,Gonorrhea,280.0,Alaska,2002.0,Male,15-19 years,15-19,38.0,29913.0,127.03
7634,Gonorrhea,280.0,Alaska,2002.0,Male,20-24 years,20-24,73.0,20209.0,361.23
7635,Gonorrhea,280.0,Alaska,2002.0,Male,25-29 years,25-29,47.0,19449.0,241.66
7636,Gonorrhea,280.0,Alaska,2002.0,Male,30-34 years,30-34,42.0,22492.0,186.73
7637,Gonorrhea,280.0,Alaska,2002.0,Male,35-39 years,35-39,31.0,25565.0,121.26
7638,Gonorrhea,280.0,Alaska,2002.0,Male,40+ years,40+,56.0,134617.0,41.6
7639,Gonorrhea,280.0,Alaska,2003.0,Male,0-14 years,0-14,1.0,79813.0,1.25
7640,Gonorrhea,280.0,Alaska,2003.0,Male,15-19 years,15-19,28.0,29803.0,93.95
7641,Gonorrhea,280.0,Alaska,2003.0,Male,20-24 years,20-24,55.0,25523.0,215.49
7642,Gonorrhea,280.0,Alaska,2003.0,Male,25-29 years,25-29,55.0,19935.0,275.9
7643,Gonorrhea,280.0,Alaska,2003.0,Male,30-34 years,30-34,24.0,22670.0,105.87
7644,Gonorrhea,280.0,Alaska,2003.0,Male,35-39 years,35-39,26.0,24956.0,104.18
7645,Gonorrhea,280.0,Alaska,2003.0,Male,40+ years,40+,45.0,132581.0,33.94
7646,Gonorrhea,280.0,Alaska,2004.0,Male,15-19 years,15-19,25.0,29927.0,83.54
7647,Gonorrhea,280.0,Alaska,2004.0,Male,20-24 years,20-24,66.0,27929.0,236.31
7648,Gonorrhea,280.0,Alaska,2004.0,Male,25-29 years,25-29,28.0,19939.0,140.43
7649,Gonorrhea,280.0,Alaska,2004.0,Male,30-34 years,30-34,21.0,22183.0,94.67
7650,Gonorrhea,280.0,Alaska,2004.0,Male,35-39 years,35-39,31.0,24075.0,128.76
7651,Gonorrhea,280.0,Alaska,2004.0,Male,40+ years,40+,59.0,135468.0,43.55
7652,Gonorrhea,280.0,Alaska,2005.0,Male,15-19 years,15-19,25.0,30139.0,82.95
7653,Gonorrhea,280.0,Alaska,2005.0,Male,20-24 years,20-24,71.0,29967.0,236.93
7654,Gonorrhea,280.0,Alaska,2005.0,Male,25-29 years,25-29,42.0,19830.0,211.8
7655,Gonorrhea,280.0,Alaska,2005.0,Male,30-34 years,30-34,40.0,21501.0,186.04
7656,Gonorrhea,280.0,Alaska,2005.0,Male,35-39 years,35-39,18.0,23765.0,75.74
7657,Gonorrhea,280.0,Alaska,2005.0,Male,40+ years,40+,55.0,138802.0,39.62
7658,Gonorrhea,280.0,Alaska,2006.0,Male,0-14 years,0-14,1.0,76222.0,1.31
7659,Gonorrhea,280.0,Alaska,2006.0,Male,15-19 years,15-19,22.0,27750.0,79.28
7660,Gonorrhea,280.0,Alaska,2006.0,Male,20-24 years,20-24,77.0,29499.0,261.03
7661,Gonorrhea,280.0,Alaska,2006.0,Male,25-29 years,25-29,41.0,26580.0,154.25
7662,Gonorrhea,280.0,Alaska,2006.0,Male,30-34 years,30-34,38.0,23410.0,162.32
7663,Gonorrhea,280.0,Alaska,2006.0,Male,35-39 years,35-39,33.0,24189.0,136.43
7664,Gonorrhea,280.0,Alaska,2006.0,Male,40+ years,40+,62.0,138761.0,44.68
7665,Gonorrhea,280.0,Alaska,2007.0,Male,15-19 years,15-19,22.0,27992.0,78.59
7666,Gonorrhea,280.0,Alaska,2007.0,Male,20-24 years,20-24,63.0,30975.0,203.39
7667,Gonorrhea,280.0,Alaska,2007.0,Male,25-29 years,25-29,50.0,29399.0,170.07
7668,Gonorrhea,280.0,Alaska,2007.0,Male,30-34 years,30-34,29.0,23728.0,122.22
7669,Gonorrhea,280.0,Alaska,2007.0,Male,35-39 years,35-39,21.0,24874.0,84.43
7670,Gonorrhea,280.0,Alaska,2007.0,Male,40+ years,40+,68.0,141633.0,48.01
7671,Gonorrhea,280.0,Alaska,2008.0,Male,15-19 years,15-19,30.0,27250.0,110.09
7672,Gonorrhea,280.0,Alaska,2008.0,Male,20-24 years,20-24,78.0,32007.0,243.7
7673,Gonorrhea,280.0,Alaska,2008.0,Male,25-29 years,25-29,47.0,31084.0,151.2
7674,Gonorrhea,280.0,Alaska,2008.0,Male,30-34 years,30-34,28.0,24523.0,114.18
7675,Gonorrhea,280.0,Alaska,2008.0,Male,35-39 years,35-39,16.0,24575.0,65.11
7676,Gonorrhea,280.0,Alaska,2008.0,Male,40+ years,40+,58.0,142393.0,40.73
7677,Gonorrhea,280.0,Alaska,2009.0,Male,0-14 years,0-14,2.0,78359.0,2.55
7678,Gonorrhea,280.0,Alaska,2009.0,Male,15-19 years,15-19,55.0,27808.0,197.78
7679,Gonorrhea,280.0,Alaska,2009.0,Male,20-24 years,20-24,120.0,32283.0,371.71
7680,Gonorrhea,280.0,Alaska,2009.0,Male,25-29 years,25-29,95.0,32186.0,295.16
7681,Gonorrhea,280.0,Alaska,2009.0,Male,30-34 years,30-34,60.0,24485.0,245.05
7682,Gonorrhea,280.0,Alaska,2009.0,Male,35-39 years,35-39,41.0,23565.0,173.99
7683,Gonorrhea,280.0,Alaska,2009.0,Male,40+ years,40+,101.0,143539.0,70.36
7684,Gonorrhea,280.0,Alaska,2010.0,Male,0-14 years,0-14,2.0,80081.0,2.5
7685,Gonorrhea,280.0,Alaska,2010.0,Male,15-19 years,15-19,60.0,27179.0,220.76
7686,Gonorrhea,280.0,Alaska,2010.0,Male,20-24 years,20-24,142.0,29706.0,478.02
7687,Gonorrhea,280.0,Alaska,2010.0,Male,25-29 years,25-29,134.0,29307.0,457.23
7688,Gonorrhea,280.0,Alaska,2010.0,Male,30-34 years,30-34,70.0,24861.0,281.57
7689,Gonorrhea,280.0,Alaska,2010.0,Male,35-39 years,35-39,53.0,23731.0,223.34
7690,Gonorrhea,280.0,Alaska,2010.0,Male,40+ years,40+,113.0,154763.0,73.01
7691,Gonorrhea,280.0,Alaska,2010.0,Male,Unknown,99,1.0,,
7692,Gonorrhea,280.0,Alaska,2011.0,Male,0-14 years,0-14,1.0,80871.0,1.24
7693,Gonorrhea,280.0,Alaska,2011.0,Male,15-19 years,15-19,51.0,27101.0,188.19
7694,Gonorrhea,280.0,Alaska,2011.0,Male,20-24 years,20-24,111.0,30617.0,362.54
7695,Gonorrhea,280.0,Alaska,2011.0,Male,25-29 years,25-29,96.0,29944.0,320.6
7696,Gonorrhea,280.0,Alaska,2011.0,Male,30-34 years,30-34,50.0,25613.0,195.21
7697,Gonorrhea,280.0,Alaska,2011.0,Male,35-39 years,35-39,47.0,23084.0,203.6
7698,Gonorrhea,280.0,Alaska,2011.0,Male,40+ years,40+,113.0,157962.0,71.54
7699,Gonorrhea,280.0,Alaska,2012.0,Male,15-19 years,15-19,26.0,26311.0,98.82
7700,Gonorrhea,280.0,Alaska,2012.0,Male,20-24 years,20-24,79.0,33281.0,237.37
7701,Gonorrhea,280.0,Alaska,2012.0,Male,25-29 years,25-29,76.0,31299.0,242.82
7702,Gonorrhea,280.0,Alaska,2012.0,Male,30-34 years,30-34,54.0,27335.0,197.55
7703,Gonorrhea,280.0,Alaska,2012.0,Male,35-39 years,35-39,31.0,23325.0,132.91
7704,Gonorrhea,280.0,Alaska,2012.0,Male,40+ years,40+,75.0,158977.0,47.18
7705,Gonorrhea,280.0,Alaska,2013.0,Male,0-14 years,0-14,1.0,81467.0,1.23
7706,Gonorrhea,280.0,Alaska,2013.0,Male,15-19 years,15-19,25.0,26096.0,95.8
7707,Gonorrhea,280.0,Alaska,2013.0,Male,20-24 years,20-24,134.0,36122.0,370.96
7708,Gonorrhea,280.0,Alaska,2013.0,Male,25-29 years,25-29,116.0,33138.0,350.05
7709,Gonorrhea,280.0,Alaska,2013.0,Male,30-34 years,30-34,93.0,28401.0,327.45
7710,Gonorrhea,280.0,Alaska,2013.0,Male,35-39 years,35-39,51.0,23548.0,216.58
7711,Gonorrhea,280.0,Alaska,2013.0,Male,40+ years,40+,119.0,156796.0,75.89
7712,Gonorrhea,280.0,Alaska,2014.0,Male,15-19 years,15-19,41.0,26096.0,157.11
7713,Gonorrhea,280.0,Alaska,2014.0,Male,20-24 years,20-24,159.0,36122.0,440.18
7714,Gonorrhea,280.0,Alaska,2014.0,Male,25-29 years,25-29,153.0,33138.0,461.71
7715,Gonorrhea,280.0,Alaska,2014.0,Male,30-34 years,30-34,101.0,28401.0,355.62
7716,Gonorrhea,280.0,Alaska,2014.0,Male,35-39 years,35-39,61.0,23548.0,259.05
7717,Gonorrhea,280.0,Alaska,2014.0,Male,40+ years,40+,161.0,156796.0,102.68
7718,Gonorrhea,280.0,Arizona,1996.0,Male,0-14 years,0-14,12.0,523461.0,2.29
7719,Gonorrhea,280.0,Arizona,1996.0,Male,15-19 years,15-19,304.0,165283.0,183.93
7720,Gonorrhea,280.0,Arizona,1996.0,Male,20-24 years,20-24,507.0,164139.0,308.88
7721,Gonorrhea,280.0,Arizona,1996.0,Male,25-29 years,25-29,380.0,182395.0,208.34
7722,Gonorrhea,280.0,Arizona,1996.0,Male,30-34 years,30-34,286.0,193790.0,147.58
7723,Gonorrhea,280.0,Arizona,1996.0,Male,35-39 years,35-39,223.0,188255.0,118.46
7724,Gonorrhea,280.0,Arizona,1996.0,Male,40+ years,40+,307.0,862735.0,35.58
7725,Gonorrhea,280.0,Arizona,1997.0,Male,0-14 years,0-14,2.0,530746.0,0.38
7726,Gonorrhea,280.0,Arizona,1997.0,Male,15-19 years,15-19,278.0,172731.0,160.94
7727,Gonorrhea,280.0,Arizona,1997.0,Male,20-24 years,20-24,473.0,170636.0,277.2
7728,Gonorrhea,280.0,Arizona,1997.0,Male,25-29 years,25-29,413.0,188648.0,218.93
7729,Gonorrhea,280.0,Arizona,1997.0,Male,30-34 years,30-34,335.0,193672.0,172.97
7730,Gonorrhea,280.0,Arizona,1997.0,Male,35-39 years,35-39,264.0,194774.0,135.54
7731,Gonorrhea,280.0,Arizona,1997.0,Male,40+ years,40+,410.0,906196.0,45.24
7732,Gonorrhea,280.0,Arizona,1998.0,Male,0-14 years,0-14,5.0,552243.0,0.91
7733,Gonorrhea,280.0,Arizona,1998.0,Male,15-19 years,15-19,324.0,180618.0,179.38
7734,Gonorrhea,280.0,Arizona,1998.0,Male,20-24 years,20-24,604.0,176713.0,341.8
7735,Gonorrhea,280.0,Arizona,1998.0,Male,25-29 years,25-29,450.0,191134.0,235.44
7736,Gonorrhea,280.0,Arizona,1998.0,Male,30-34 years,30-34,340.0,190931.0,178.07
7737,Gonorrhea,280.0,Arizona,1998.0,Male,35-39 years,35-39,320.0,197762.0,161.81
7738,Gonorrhea,280.0,Arizona,1998.0,Male,40+ years,40+,419.0,943353.0,44.42
7739,Gonorrhea,280.0,Arizona,1999.0,Male,0-14 years,0-14,14.0,573729.0,2.44
7740,Gonorrhea,280.0,Arizona,1999.0,Male,15-19 years,15-19,418.0,186468.0,224.17
7741,Gonorrhea,280.0,Arizona,1999.0,Male,20-24 years,20-24,689.0,184588.0,373.26
7742,Gonorrhea,280.0,Arizona,1999.0,Male,25-29 years,25-29,461.0,193387.0,238.38
7743,Gonorrhea,280.0,Arizona,1999.0,Male,30-34 years,30-34,316.0,190370.0,165.99
7744,Gonorrhea,280.0,Arizona,1999.0,Male,35-39 years,35-39,292.0,199784.0,146.16
7745,Gonorrhea,280.0,Arizona,1999.0,Male,40+ years,40+,326.0,977198.0,33.36
7746,Gonorrhea,280.0,Arizona,2000.0,Male,0-14 years,0-14,17.0,612113.0,2.78
7747,Gonorrhea,280.0,Arizona,2000.0,Male,15-19 years,15-19,380.0,192286.0,197.62
7748,Gonorrhea,280.0,Arizona,2000.0,Male,20-24 years,20-24,616.0,190810.0,322.83
7749,Gonorrhea,280.0,Arizona,2000.0,Male,25-29 years,25-29,448.0,193040.0,232.08
7750,Gonorrhea,280.0,Arizona,2000.0,Male,30-34 years,30-34,344.0,191102.0,180.01
7751,Gonorrhea,280.0,Arizona,2000.0,Male,35-39 years,35-39,223.0,197053.0,113.17
7752,Gonorrhea,280.0,Arizona,2000.0,Male,40+ years,40+,350.0,1003548.0,34.88
7753,Gonorrhea,280.0,Arizona,2001.0,Male,0-14 years,0-14,6.0,620120.0,0.97
7754,Gonorrhea,280.0,Arizona,2001.0,Male,15-19 years,15-19,317.0,193410.0,163.9
7755,Gonorrhea,280.0,Arizona,2001.0,Male,20-24 years,20-24,614.0,197951.0,310.18
7756,Gonorrhea,280.0,Arizona,2001.0,Male,25-29 years,25-29,439.0,196279.0,223.66
7757,Gonorrhea,280.0,Arizona,2001.0,Male,30-34 years,30-34,293.0,198925.0,147.29
7758,Gonorrhea,280.0,Arizona,2001.0,Male,35-39 years,35-39,236.0,198689.0,118.78
7759,Gonorrhea,280.0,Arizona,2001.0,Male,40+ years,40+,315.0,1044725.0,30.15
7760,Gonorrhea,280.0,Arizona,2002.0,Male,0-14 years,0-14,12.0,636272.0,1.89
7761,Gonorrhea,280.0,Arizona,2002.0,Male,15-19 years,15-19,266.0,197443.0,134.72
7762,Gonorrhea,280.0,Arizona,2002.0,Male,20-24 years,20-24,612.0,204341.0,299.5
7763,Gonorrhea,280.0,Arizona,2002.0,Male,25-29 years,25-29,388.0,200324.0,193.69
7764,Gonorrhea,280.0,Arizona,2002.0,Male,30-34 years,30-34,299.0,205659.0,145.39
7765,Gonorrhea,280.0,Arizona,2002.0,Male,35-39 years,35-39,209.0,198578.0,105.25
7766,Gonorrhea,280.0,Arizona,2002.0,Male,40+ years,40+,342.0,1083239.0,31.57
7767,Gonorrhea,280.0,Arizona,2003.0,Male,0-14 years,0-14,9.0,655150.0,1.37
7768,Gonorrhea,280.0,Arizona,2003.0,Male,15-19 years,15-19,273.0,200447.0,136.2
7769,Gonorrhea,280.0,Arizona,2003.0,Male,20-24 years,20-24,545.0,210017.0,259.5
7770,Gonorrhea,280.0,Arizona,2003.0,Male,25-29 years,25-29,375.0,209445.0,179.04
7771,Gonorrhea,280.0,Arizona,2003.0,Male,30-34 years,30-34,256.0,211342.0,121.13
7772,Gonorrhea,280.0,Arizona,2003.0,Male,35-39 years,35-39,204.0,198353.0,102.85
7773,Gonorrhea,280.0,Arizona,2003.0,Male,40+ years,40+,280.0,1106753.0,25.3
7774,Gonorrhea,280.0,Arizona,2004.0,Male,0-14 years,0-14,12.0,666103.0,1.8
7775,Gonorrhea,280.0,Arizona,2004.0,Male,15-19 years,15-19,377.0,206355.0,182.69
7776,Gonorrhea,280.0,Arizona,2004.0,Male,20-24 years,20-24,623.0,215637.0,288.91
7777,Gonorrhea,280.0,Arizona,2004.0,Male,25-29 years,25-29,447.0,218615.0,204.47
7778,Gonorrhea,280.0,Arizona,2004.0,Male,30-34 years,30-34,286.0,216754.0,131.95
7779,Gonorrhea,280.0,Arizona,2004.0,Male,35-39 years,35-39,198.0,201880.0,98.08
7780,Gonorrhea,280.0,Arizona,2004.0,Male,40+ years,40+,331.0,1148319.0,28.82
7781,Gonorrhea,280.0,Arizona,2005.0,Male,0-14 years,0-14,17.0,677094.0,2.51
7782,Gonorrhea,280.0,Arizona,2005.0,Male,15-19 years,15-19,360.0,214438.0,167.88
7783,Gonorrhea,280.0,Arizona,2005.0,Male,20-24 years,20-24,739.0,220672.0,334.89
7784,Gonorrhea,280.0,Arizona,2005.0,Male,25-29 years,25-29,529.0,229042.0,230.96
7785,Gonorrhea,280.0,Arizona,2005.0,Male,30-34 years,30-34,340.0,221271.0,153.66
7786,Gonorrhea,280.0,Arizona,2005.0,Male,35-39 years,35-39,235.0,209672.0,112.08
7787,Gonorrhea,280.0,Arizona,2005.0,Male,40+ years,40+,390.0,1200885.0,32.48
7788,Gonorrhea,280.0,Arizona,2006.0,Male,0-14 years,0-14,11.0,696043.0,1.58
7789,Gonorrhea,280.0,Arizona,2006.0,Male,15-19 years,15-19,474.0,220506.0,214.96
7790,Gonorrhea,280.0,Arizona,2006.0,Male,20-24 years,20-24,842.0,225613.0,373.2
7791,Gonorrhea,280.0,Arizona,2006.0,Male,25-29 years,25-29,638.0,246323.0,259.01
7792,Gonorrhea,280.0,Arizona,2006.0,Male,30-34 years,30-34,388.0,223402.0,173.68
7793,Gonorrhea,280.0,Arizona,2006.0,Male,35-39 years,35-39,284.0,218563.0,129.94
7794,Gonorrhea,280.0,Arizona,2006.0,Male,40+ years,40+,460.0,1255305.0,36.64
7795,Gonorrhea,280.0,Arizona,2007.0,Male,0-14 years,0-14,22.0,714074.0,3.08
7796,Gonorrhea,280.0,Arizona,2007.0,Male,15-19 years,15-19,437.0,225557.0,193.74
7797,Gonorrhea,280.0,Arizona,2007.0,Male,20-24 years,20-24,713.0,226577.0,314.68
7798,Gonorrhea,280.0,Arizona,2007.0,Male,25-29 years,25-29,603.0,252522.0,238.79
7799,Gonorrhea,280.0,Arizona,2007.0,Male,30-34 years,30-34,286.0,227206.0,125.88
7800,Gonorrhea,280.0,Arizona,2007.0,Male,35-39 years,35-39,229.0,225111.0,101.73
7801,Gonorrhea,280.0,Arizona,2007.0,Male,40+ years,40+,428.0,1302097.0,32.87
7802,Gonorrhea,280.0,Arizona,2008.0,Male,0-14 years,0-14,9.0,732341.0,1.23
7803,Gonorrhea,280.0,Arizona,2008.0,Male,15-19 years,15-19,288.0,230027.0,125.2
7804,Gonorrhea,280.0,Arizona,2008.0,Male,20-24 years,20-24,523.0,227951.0,229.44
7805,Gonorrhea,280.0,Arizona,2008.0,Male,25-29 years,25-29,402.0,257204.0,156.3
7806,Gonorrhea,280.0,Arizona,2008.0,Male,30-34 years,30-34,205.0,232475.0,88.18
7807,Gonorrhea,280.0,Arizona,2008.0,Male,35-39 years,35-39,186.0,229823.0,80.93
7808,Gonorrhea,280.0,Arizona,2008.0,Male,40+ years,40+,256.0,1346870.0,19.01
7809,Gonorrhea,280.0,Arizona,2009.0,Male,0-14 years,0-14,6.0,745443.0,0.8
7810,Gonorrhea,280.0,Arizona,2009.0,Male,15-19 years,15-19,277.0,230875.0,119.98
7811,Gonorrhea,280.0,Arizona,2009.0,Male,20-24 years,20-24,546.0,229988.0,237.4
7812,Gonorrhea,280.0,Arizona,2009.0,Male,25-29 years,25-29,342.0,259873.0,131.6
7813,Gonorrhea,280.0,Arizona,2009.0,Male,30-34 years,30-34,220.0,242786.0,90.61
7814,Gonorrhea,280.0,Arizona,2009.0,Male,35-39 years,35-39,128.0,231696.0,55.24
7815,Gonorrhea,280.0,Arizona,2009.0,Male,40+ years,40+,256.0,1366180.0,18.74
7816,Gonorrhea,280.0,Arizona,2010.0,Male,0-14 years,0-14,5.0,692803.0,0.72
7817,Gonorrhea,280.0,Arizona,2010.0,Male,15-19 years,15-19,253.0,237280.0,106.62
7818,Gonorrhea,280.0,Arizona,2010.0,Male,20-24 years,20-24,542.0,229562.0,236.1
7819,Gonorrhea,280.0,Arizona,2010.0,Male,25-29 years,25-29,359.0,225608.0,159.13
7820,Gonorrhea,280.0,Arizona,2010.0,Male,30-34 years,30-34,203.0,212223.0,95.65
7821,Gonorrhea,280.0,Arizona,2010.0,Male,35-39 years,35-39,133.0,210224.0,63.27
7822,Gonorrhea,280.0,Arizona,2010.0,Male,40+ years,40+,201.0,1368123.0,14.69
7823,Gonorrhea,280.0,Arizona,2011.0,Male,0-14 years,0-14,5.0,691516.0,0.72
7824,Gonorrhea,280.0,Arizona,2011.0,Male,15-19 years,15-19,389.0,232498.0,167.31
7825,Gonorrhea,280.0,Arizona,2011.0,Male,20-24 years,20-24,755.0,240563.0,313.85
7826,Gonorrhea,280.0,Arizona,2011.0,Male,25-29 years,25-29,416.0,229085.0,181.59
7827,Gonorrhea,280.0,Arizona,2011.0,Male,30-34 years,30-34,277.0,217891.0,127.13
7828,Gonorrhea,280.0,Arizona,2011.0,Male,35-39 years,35-39,162.0,205346.0,78.89
7829,Gonorrhea,280.0,Arizona,2011.0,Male,40+ years,40+,346.0,1406972.0,24.59
7830,Gonorrhea,280.0,Arizona,2012.0,Male,0-14 years,0-14,6.0,689437.0,0.87
7831,Gonorrhea,280.0,Arizona,2012.0,Male,15-19 years,15-19,457.0,230837.0,197.97
7832,Gonorrhea,280.0,Arizona,2012.0,Male,20-24 years,20-24,924.0,245965.0,375.66
7833,Gonorrhea,280.0,Arizona,2012.0,Male,25-29 years,25-29,550.0,229751.0,239.39
7834,Gonorrhea,280.0,Arizona,2012.0,Male,30-34 years,30-34,411.0,221385.0,185.65
7835,Gonorrhea,280.0,Arizona,2012.0,Male,35-39 years,35-39,225.0,205084.0,109.71
7836,Gonorrhea,280.0,Arizona,2012.0,Male,40+ years,40+,408.0,1436024.0,28.41
7837,Gonorrhea,280.0,Arizona,2013.0,Male,0-14 years,0-14,9.0,687044.0,1.31
7838,Gonorrhea,280.0,Arizona,2013.0,Male,15-19 years,15-19,427.0,232106.0,183.97
7839,Gonorrhea,280.0,Arizona,2013.0,Male,20-24 years,20-24,1051.0,250911.0,418.87
7840,Gonorrhea,280.0,Arizona,2013.0,Male,25-29 years,25-29,622.0,229533.0,270.99
7841,Gonorrhea,280.0,Arizona,2013.0,Male,30-34 years,30-34,391.0,225293.0,173.55
7842,Gonorrhea,280.0,Arizona,2013.0,Male,35-39 years,35-39,252.0,206608.0,121.97
7843,Gonorrhea,280.0,Arizona,2013.0,Male,40+ years,40+,558.0,1463624.0,38.12
7844,Gonorrhea,280.0,Arizona,2014.0,Male,0-14 years,0-14,6.0,687044.0,0.87
7845,Gonorrhea,280.0,Arizona,2014.0,Male,15-19 years,15-19,516.0,232106.0,222.31
7846,Gonorrhea,280.0,Arizona,2014.0,Male,20-24 years,20-24,1184.0,250911.0,471.88
7847,Gonorrhea,280.0,Arizona,2014.0,Male,25-29 years,25-29,908.0,229533.0,395.59
7848,Gonorrhea,280.0,Arizona,2014.0,Male,30-34 years,30-34,556.0,225293.0,246.79
7849,Gonorrhea,280.0,Arizona,2014.0,Male,35-39 years,35-39,344.0,206608.0,166.5
7850,Gonorrhea,280.0,Arizona,2014.0,Male,40+ years,40+,672.0,1463624.0,45.91
7851,Gonorrhea,280.0,Arkansas,1996.0,Male,0-14 years,0-14,60.0,285807.0,20.99
7852,Gonorrhea,280.0,Arkansas,1996.0,Male,15-19 years,15-19,665.0,101112.0,657.69
7853,Gonorrhea,280.0,Arkansas,1996.0,Male,20-24 years,20-24,796.0,88383.0,900.63
7854,Gonorrhea,280.0,Arkansas,1996.0,Male,25-29 years,25-29,376.0,83923.0,448.03
7855,Gonorrhea,280.0,Arkansas,1996.0,Male,30-34 years,30-34,242.0,91818.0,263.56
7856,Gonorrhea,280.0,Arkansas,1996.0,Male,35-39 years,35-39,162.0,95861.0,169.0
7857,Gonorrhea,280.0,Arkansas,1996.0,Male,40+ years,40+,190.0,501502.0,37.89
7858,Gonorrhea,280.0,Arkansas,1996.0,Male,Unknown,99,38.0,,
7859,Gonorrhea,280.0,Arkansas,1997.0,Male,0-14 years,0-14,42.0,286248.0,14.67
7860,Gonorrhea,280.0,Arkansas,1997.0,Male,15-19 years,15-19,536.0,102168.0,524.63
7861,Gonorrhea,280.0,Arkansas,1997.0,Male,20-24 years,20-24,706.0,88949.0,793.71
7862,Gonorrhea,280.0,Arkansas,1997.0,Male,25-29 years,25-29,348.0,86025.0,404.53
7863,Gonorrhea,280.0,Arkansas,1997.0,Male,30-34 years,30-34,251.0,90022.0,278.82
7864,Gonorrhea,280.0,Arkansas,1997.0,Male,35-39 years,35-39,186.0,96909.0,191.93
7865,Gonorrhea,280.0,Arkansas,1997.0,Male,40+ years,40+,228.0,513615.0,44.39
7866,Gonorrhea,280.0,Arkansas,1998.0,Male,0-14 years,0-14,11.0,288239.0,3.82
7867,Gonorrhea,280.0,Arkansas,1998.0,Male,15-19 years,15-19,442.0,103032.0,428.99
7868,Gonorrhea,280.0,Arkansas,1998.0,Male,20-24 years,20-24,730.0,89645.0,814.32
7869,Gonorrhea,280.0,Arkansas,1998.0,Male,25-29 years,25-29,322.0,87477.0,368.1
7870,Gonorrhea,280.0,Arkansas,1998.0,Male,30-34 years,30-34,199.0,87967.0,226.22
7871,Gonorrhea,280.0,Arkansas,1998.0,Male,35-39 years,35-39,131.0,97811.0,133.93
7872,Gonorrhea,280.0,Arkansas,1998.0,Male,40+ years,40+,189.0,523698.0,36.09
7873,Gonorrhea,280.0,Arkansas,1998.0,Male,Unknown,99,7.0,,
7874,Gonorrhea,280.0,Arkansas,1999.0,Male,0-14 years,0-14,17.0,288244.0,5.9
7875,Gonorrhea,280.0,Arkansas,1999.0,Male,15-19 years,15-19,361.0,102853.0,350.99
7876,Gonorrhea,280.0,Arkansas,1999.0,Male,20-24 years,20-24,621.0,90577.0,685.61
7877,Gonorrhea,280.0,Arkansas,1999.0,Male,25-29 years,25-29,247.0,88654.0,278.61
7878,Gonorrhea,280.0,Arkansas,1999.0,Male,30-34 years,30-34,135.0,87395.0,154.47
7879,Gonorrhea,280.0,Arkansas,1999.0,Male,35-39 years,35-39,98.0,98967.0,99.02
7880,Gonorrhea,280.0,Arkansas,1999.0,Male,40+ years,40+,166.0,535725.0,30.99
7881,Gonorrhea,280.0,Arkansas,1999.0,Male,Unknown,99,5.0,,
7882,Gonorrhea,280.0,Arkansas,2000.0,Male,0-14 years,0-14,19.0,288051.0,6.6
7883,Gonorrhea,280.0,Arkansas,2000.0,Male,15-19 years,15-19,386.0,101828.0,379.07
7884,Gonorrhea,280.0,Arkansas,2000.0,Male,20-24 years,20-24,653.0,92668.0,704.67
7885,Gonorrhea,280.0,Arkansas,2000.0,Male,25-29 years,25-29,323.0,88575.0,364.66
7886,Gonorrhea,280.0,Arkansas,2000.0,Male,30-34 years,30-34,149.0,88595.0,168.18
7887,Gonorrhea,280.0,Arkansas,2000.0,Male,35-39 years,35-39,133.0,98820.0,134.59
7888,Gonorrhea,280.0,Arkansas,2000.0,Male,40+ years,40+,157.0,549005.0,28.6
7889,Gonorrhea,280.0,Arkansas,2000.0,Male,Unknown,99,12.0,,
7890,Gonorrhea,280.0,Arkansas,2001.0,Male,0-14 years,0-14,13.0,288220.0,4.51
7891,Gonorrhea,280.0,Arkansas,2001.0,Male,15-19 years,15-19,437.0,101071.0,432.37
7892,Gonorrhea,280.0,Arkansas,2001.0,Male,20-24 years,20-24,786.0,95375.0,824.12
7893,Gonorrhea,280.0,Arkansas,2001.0,Male,25-29 years,25-29,390.0,87513.0,445.65
7894,Gonorrhea,280.0,Arkansas,2001.0,Male,30-34 years,30-34,202.0,89488.0,225.73
7895,Gonorrhea,280.0,Arkansas,2001.0,Male,35-39 years,35-39,148.0,96955.0,152.65
7896,Gonorrhea,280.0,Arkansas,2001.0,Male,40+ years,40+,200.0,557624.0,35.87
7897,Gonorrhea,280.0,Arkansas,2001.0,Male,Unknown,99,15.0,,
7898,Gonorrhea,280.0,Arkansas,2002.0,Male,0-14 years,0-14,25.0,287217.0,8.7
7899,Gonorrhea,280.0,Arkansas,2002.0,Male,15-19 years,15-19,503.0,100576.0,500.12
7900,Gonorrhea,280.0,Arkansas,2002.0,Male,20-24 years,20-24,693.0,97851.0,708.22
7901,Gonorrhea,280.0,Arkansas,2002.0,Male,25-29 years,25-29,373.0,87625.0,425.68
7902,Gonorrhea,280.0,Arkansas,2002.0,Male,30-34 years,30-34,209.0,90788.0,230.21
7903,Gonorrhea,280.0,Arkansas,2002.0,Male,35-39 years,35-39,146.0,94536.0,154.44
7904,Gonorrhea,280.0,Arkansas,2002.0,Male,40+ years,40+,236.0,565973.0,41.7
7905,Gonorrhea,280.0,Arkansas,2002.0,Male,Unknown,99,9.0,,
7906,Gonorrhea,280.0,Arkansas,2003.0,Male,0-14 years,0-14,28.0,289173.0,9.68
7907,Gonorrhea,280.0,Arkansas,2003.0,Male,15-19 years,15-19,408.0,100655.0,405.35
7908,Gonorrhea,280.0,Arkansas,2003.0,Male,20-24 years,20-24,711.0,100766.0,705.6
7909,Gonorrhea,280.0,Arkansas,2003.0,Male,25-29 years,25-29,417.0,88532.0,471.02
7910,Gonorrhea,280.0,Arkansas,2003.0,Male,30-34 years,30-34,200.0,90157.0,221.84
7911,Gonorrhea,280.0,Arkansas,2003.0,Male,35-39 years,35-39,125.0,91639.0,136.41
7912,Gonorrhea,280.0,Arkansas,2003.0,Male,40+ years,40+,240.0,572955.0,41.89
7913,Gonorrhea,280.0,Arkansas,2003.0,Male,Unknown,99,12.0,,
7914,Gonorrhea,280.0,Arkansas,2004.0,Male,0-14 years,0-14,30.0,286300.0,10.48
7915,Gonorrhea,280.0,Arkansas,2004.0,Male,15-19 years,15-19,432.0,100540.0,429.68
7916,Gonorrhea,280.0,Arkansas,2004.0,Male,20-24 years,20-24,698.0,102915.0,678.23
7917,Gonorrhea,280.0,Arkansas,2004.0,Male,25-29 years,25-29,394.0,91020.0,432.87
7918,Gonorrhea,280.0,Arkansas,2004.0,Male,30-34 years,30-34,170.0,90882.0,187.06
7919,Gonorrhea,280.0,Arkansas,2004.0,Male,35-39 years,35-39,105.0,90579.0,115.92
7920,Gonorrhea,280.0,Arkansas,2004.0,Male,40+ years,40+,267.0,586483.0,45.53
7921,Gonorrhea,280.0,Arkansas,2004.0,Male,Unknown,99,8.0,,
7922,Gonorrhea,280.0,Arkansas,2005.0,Male,0-14 years,0-14,18.0,284856.0,6.32
7923,Gonorrhea,280.0,Arkansas,2005.0,Male,15-19 years,15-19,442.0,101202.0,436.75
7924,Gonorrhea,280.0,Arkansas,2005.0,Male,20-24 years,20-24,726.0,103081.0,704.3
7925,Gonorrhea,280.0,Arkansas,2005.0,Male,25-29 years,25-29,451.0,94429.0,477.61
7926,Gonorrhea,280.0,Arkansas,2005.0,Male,30-34 years,30-34,203.0,90621.0,224.01
7927,Gonorrhea,280.0,Arkansas,2005.0,Male,35-39 years,35-39,131.0,90717.0,144.41
7928,Gonorrhea,280.0,Arkansas,2005.0,Male,40+ years,40+,228.0,598057.0,38.12
7929,Gonorrhea,280.0,Arkansas,2005.0,Male,Unknown,99,24.0,,
7930,Gonorrhea,280.0,Arkansas,2006.0,Male,0-14 years,0-14,17.0,290974.0,5.84
7931,Gonorrhea,280.0,Arkansas,2006.0,Male,15-19 years,15-19,471.0,101082.0,465.96
7932,Gonorrhea,280.0,Arkansas,2006.0,Male,20-24 years,20-24,699.0,98977.0,706.23
7933,Gonorrhea,280.0,Arkansas,2006.0,Male,25-29 years,25-29,399.0,101868.0,391.68
7934,Gonorrhea,280.0,Arkansas,2006.0,Male,30-34 years,30-34,185.0,88713.0,208.54
7935,Gonorrhea,280.0,Arkansas,2006.0,Male,35-39 years,35-39,120.0,91410.0,131.28
7936,Gonorrhea,280.0,Arkansas,2006.0,Male,40+ years,40+,220.0,604687.0,36.38
7937,Gonorrhea,280.0,Arkansas,2006.0,Male,Unknown,99,11.0,,
7938,Gonorrhea,280.0,Arkansas,2007.0,Male,0-14 years,0-14,16.0,296212.0,5.4
7939,Gonorrhea,280.0,Arkansas,2007.0,Male,15-19 years,15-19,393.0,101445.0,387.4
7940,Gonorrhea,280.0,Arkansas,2007.0,Male,20-24 years,20-24,654.0,96323.0,678.97
7941,Gonorrhea,280.0,Arkansas,2007.0,Male,25-29 years,25-29,364.0,101819.0,357.5
7942,Gonorrhea,280.0,Arkansas,2007.0,Male,30-34 years,30-34,164.0,89367.0,183.51
7943,Gonorrhea,280.0,Arkansas,2007.0,Male,35-39 years,35-39,88.0,92109.0,95.54
7944,Gonorrhea,280.0,Arkansas,2007.0,Male,40+ years,40+,200.0,611924.0,32.68
7945,Gonorrhea,280.0,Arkansas,2007.0,Male,Unknown,99,11.0,,
7946,Gonorrhea,280.0,Arkansas,2008.0,Male,0-14 years,0-14,14.0,297754.0,4.7
7947,Gonorrhea,280.0,Arkansas,2008.0,Male,15-19 years,15-19,525.0,101179.0,518.88
7948,Gonorrhea,280.0,Arkansas,2008.0,Male,20-24 years,20-24,657.0,95458.0,688.26
7949,Gonorrhea,280.0,Arkansas,2008.0,Male,25-29 years,25-29,334.0,101970.0,327.55
7950,Gonorrhea,280.0,Arkansas,2008.0,Male,30-34 years,30-34,189.0,90333.0,209.23
7951,Gonorrhea,280.0,Arkansas,2008.0,Male,35-39 years,35-39,94.0,92312.0,101.83
7952,Gonorrhea,280.0,Arkansas,2008.0,Male,40+ years,40+,171.0,619629.0,27.6
7953,Gonorrhea,280.0,Arkansas,2008.0,Male,Unknown,99,9.0,,
7954,Gonorrhea,280.0,Arkansas,2009.0,Male,0-14 years,0-14,7.0,302268.0,2.32
7955,Gonorrhea,280.0,Arkansas,2009.0,Male,15-19 years,15-19,481.0,102166.0,470.8
7956,Gonorrhea,280.0,Arkansas,2009.0,Male,20-24 years,20-24,635.0,97847.0,648.97
7957,Gonorrhea,280.0,Arkansas,2009.0,Male,25-29 years,25-29,362.0,102880.0,351.87
7958,Gonorrhea,280.0,Arkansas,2009.0,Male,30-34 years,30-34,191.0,93406.0,204.48
7959,Gonorrhea,280.0,Arkansas,2009.0,Male,35-39 years,35-39,87.0,91511.0,95.07
7960,Gonorrhea,280.0,Arkansas,2009.0,Male,40+ years,40+,135.0,625422.0,21.59
7961,Gonorrhea,280.0,Arkansas,2010.0,Male,0-14 years,0-14,9.0,302717.0,2.97
7962,Gonorrhea,280.0,Arkansas,2010.0,Male,15-19 years,15-19,488.0,104178.0,468.43
7963,Gonorrhea,280.0,Arkansas,2010.0,Male,20-24 years,20-24,752.0,100801.0,746.02
7964,Gonorrhea,280.0,Arkansas,2010.0,Male,25-29 years,25-29,382.0,96155.0,397.27
7965,Gonorrhea,280.0,Arkansas,2010.0,Male,30-34 years,30-34,179.0,92277.0,193.98
7966,Gonorrhea,280.0,Arkansas,2010.0,Male,35-39 years,35-39,81.0,91484.0,88.54
7967,Gonorrhea,280.0,Arkansas,2010.0,Male,40+ years,40+,147.0,644025.0,22.83
7968,Gonorrhea,280.0,Arkansas,2011.0,Male,0-14 years,0-14,4.0,303213.0,1.32
7969,Gonorrhea,280.0,Arkansas,2011.0,Male,15-19 years,15-19,441.0,100864.0,437.22
7970,Gonorrhea,280.0,Arkansas,2011.0,Male,20-24 years,20-24,726.0,104010.0,698.01
7971,Gonorrhea,280.0,Arkansas,2011.0,Male,25-29 years,25-29,380.0,96715.0,392.91
7972,Gonorrhea,280.0,Arkansas,2011.0,Male,30-34 years,30-34,194.0,94869.0,204.49
7973,Gonorrhea,280.0,Arkansas,2011.0,Male,35-39 years,35-39,98.0,89262.0,109.79
7974,Gonorrhea,280.0,Arkansas,2011.0,Male,40+ years,40+,152.0,653846.0,23.25
7975,Gonorrhea,280.0,Arkansas,2011.0,Male,Unknown,99,1.0,,
7976,Gonorrhea,280.0,Arkansas,2012.0,Male,0-14 years,0-14,9.0,303619.0,2.96
7977,Gonorrhea,280.0,Arkansas,2012.0,Male,15-19 years,15-19,401.0,99959.0,401.16
7978,Gonorrhea,280.0,Arkansas,2012.0,Male,20-24 years,20-24,720.0,105588.0,681.9
7979,Gonorrhea,280.0,Arkansas,2012.0,Male,25-29 years,25-29,343.0,96993.0,353.63
7980,Gonorrhea,280.0,Arkansas,2012.0,Male,30-34 years,30-34,182.0,95895.0,189.79
7981,Gonorrhea,280.0,Arkansas,2012.0,Male,35-39 years,35-39,85.0,88746.0,95.78
7982,Gonorrhea,280.0,Arkansas,2012.0,Male,40+ years,40+,129.0,657690.0,19.61
7983,Gonorrhea,280.0,Arkansas,2012.0,Male,Unknown,99,4.0,,
7984,Gonorrhea,280.0,Arkansas,2013.0,Male,0-14 years,0-14,5.0,302282.0,1.65
7985,Gonorrhea,280.0,Arkansas,2013.0,Male,15-19 years,15-19,374.0,100073.0,373.73
7986,Gonorrhea,280.0,Arkansas,2013.0,Male,20-24 years,20-24,703.0,107189.0,655.85
7987,Gonorrhea,280.0,Arkansas,2013.0,Male,25-29 years,25-29,356.0,96140.0,370.29
7988,Gonorrhea,280.0,Arkansas,2013.0,Male,30-34 years,30-34,190.0,96986.0,195.91
7989,Gonorrhea,280.0,Arkansas,2013.0,Male,35-39 years,35-39,89.0,88929.0,100.08
7990,Gonorrhea,280.0,Arkansas,2013.0,Male,40+ years,40+,125.0,661992.0,18.88
7991,Gonorrhea,280.0,Arkansas,2013.0,Male,Unknown,99,1.0,,
7992,Gonorrhea,280.0,Arkansas,2014.0,Male,0-14 years,0-14,5.0,302282.0,1.65
7993,Gonorrhea,280.0,Arkansas,2014.0,Male,15-19 years,15-19,342.0,100073.0,341.75
7994,Gonorrhea,280.0,Arkansas,2014.0,Male,20-24 years,20-24,725.0,107189.0,676.38
7995,Gonorrhea,280.0,Arkansas,2014.0,Male,25-29 years,25-29,411.0,96140.0,427.5
7996,Gonorrhea,280.0,Arkansas,2014.0,Male,30-34 years,30-34,222.0,96986.0,228.9
7997,Gonorrhea,280.0,Arkansas,2014.0,Male,35-39 years,35-39,123.0,88929.0,138.31
7998,Gonorrhea,280.0,Arkansas,2014.0,Male,40+ years,40+,173.0,661992.0,26.13
7999,Gonorrhea,280.0,Arkansas,2014.0,Male,Unknown,99,6.0,,
8000,Gonorrhea,280.0,California,1996.0,Male,0-14 years,0-14,72.0,3960918.0,1.82
8001,Gonorrhea,280.0,California,1996.0,Male,15-19 years,15-19,1399.0,1131168.0,123.68
8002,Gonorrhea,280.0,California,1996.0,Male,20-24 years,20-24,2318.0,1123757.0,206.27
8003,Gonorrhea,280.0,California,1996.0,Male,25-29 years,25-29,1850.0,1360780.0,135.95
8004,Gonorrhea,280.0,California,1996.0,Male,30-34 years,30-34,1513.0,1466798.0,103.15
8005,Gonorrhea,280.0,California,1996.0,Male,35-39 years,35-39,1011.0,1398798.0,72.28
8006,Gonorrhea,280.0,California,1996.0,Male,40+ years,40+,1301.0,5538373.0,23.49
8007,Gonorrhea,280.0,California,1996.0,Male,Unknown,99,84.0,,
8008,Gonorrhea,280.0,California,1997.0,Male,0-14 years,0-14,58.0,3962857.0,1.46
8009,Gonorrhea,280.0,California,1997.0,Male,15-19 years,15-19,1455.0,1170839.0,124.27
8010,Gonorrhea,280.0,California,1997.0,Male,20-24 years,20-24,2197.0,1136292.0,193.35
8011,Gonorrhea,280.0,California,1997.0,Male,25-29 years,25-29,1906.0,1351184.0,141.06
8012,Gonorrhea,280.0,California,1997.0,Male,30-34 years,30-34,1559.0,1443593.0,107.99
8013,Gonorrhea,280.0,California,1997.0,Male,35-39 years,35-39,1068.0,1416511.0,75.4
8014,Gonorrhea,280.0,California,1997.0,Male,40+ years,40+,1158.0,5723615.0,20.23
8015,Gonorrhea,280.0,California,1997.0,Male,Unknown,99,118.0,,
8016,Gonorrhea,280.0,California,1998.0,Male,0-14 years,0-14,51.0,3961522.0,1.29
8017,Gonorrhea,280.0,California,1998.0,Male,15-19 years,15-19,1367.0,1214096.0,112.59
8018,Gonorrhea,280.0,California,1998.0,Male,20-24 years,20-24,2308.0,1162970.0,198.46
8019,Gonorrhea,280.0,California,1998.0,Male,25-29 years,25-29,1994.0,1341572.0,148.63
8020,Gonorrhea,280.0,California,1998.0,Male,30-34 years,30-34,1662.0,1417994.0,117.21
8021,Gonorrhea,280.0,California,1998.0,Male,35-39 years,35-39,1210.0,1432570.0,84.46
8022,Gonorrhea,280.0,California,1998.0,Male,40+ years,40+,1491.0,5924688.0,25.17
8023,Gonorrhea,280.0,California,1998.0,Male,Unknown,99,126.0,,
8024,Gonorrhea,280.0,California,1999.0,Male,0-14 years,0-14,29.0,3973646.0,0.73
8025,Gonorrhea,280.0,California,1999.0,Male,15-19 years,15-19,1300.0,1248484.0,104.13
8026,Gonorrhea,280.0,California,1999.0,Male,20-24 years,20-24,2239.0,1207242.0,185.46
8027,Gonorrhea,280.0,California,1999.0,Male,25-29 years,25-29,1817.0,1322659.0,137.38
8028,Gonorrhea,280.0,California,1999.0,Male,30-34 years,30-34,1610.0,1396298.0,115.31
8029,Gonorrhea,280.0,California,1999.0,Male,35-39 years,35-39,1178.0,1438823.0,81.87
8030,Gonorrhea,280.0,California,1999.0,Male,40+ years,40+,1375.0,6111891.0,22.5
8031,Gonorrhea,280.0,California,1999.0,Male,Unknown,99,129.0,,
8032,Gonorrhea,280.0,California,2000.0,Male,0-14 years,0-14,46.0,4009586.0,1.15
8033,Gonorrhea,280.0,California,2000.0,Male,15-19 years,15-19,1353.0,1275268.0,106.09
8034,Gonorrhea,280.0,California,2000.0,Male,20-24 years,20-24,2635.0,1254378.0,210.06
8035,Gonorrhea,280.0,California,2000.0,Male,25-29 years,25-29,2160.0,1308478.0,165.08
8036,Gonorrhea,280.0,California,2000.0,Male,30-34 years,30-34,1949.0,1388823.0,140.34
8037,Gonorrhea,280.0,California,2000.0,Male,35-39 years,35-39,1610.0,1426035.0,112.9
8038,Gonorrhea,280.0,California,2000.0,Male,40+ years,40+,2013.0,6284318.0,32.03
8039,Gonorrhea,280.0,California,2000.0,Male,Unknown,99,113.0,,
8040,Gonorrhea,280.0,California,2001.0,Male,0-14 years,0-14,36.0,4041100.0,0.89
8041,Gonorrhea,280.0,California,2001.0,Male,15-19 years,15-19,1404.0,1285060.0,109.26
8042,Gonorrhea,280.0,California,2001.0,Male,20-24 years,20-24,2879.0,1292119.0,222.81
8043,Gonorrhea,280.0,California,2001.0,Male,25-29 years,25-29,2292.0,1318386.0,173.85
8044,Gonorrhea,280.0,California,2001.0,Male,30-34 years,30-34,2093.0,1415922.0,147.82
8045,Gonorrhea,280.0,California,2001.0,Male,35-39 years,35-39,1745.0,1426933.0,122.29
8046,Gonorrhea,280.0,California,2001.0,Male,40+ years,40+,2152.0,6470266.0,33.26
8047,Gonorrhea,280.0,California,2001.0,Male,Unknown,99,96.0,,
8048,Gonorrhea,280.0,California,2002.0,Male,0-14 years,0-14,73.0,4066543.0,1.8
8049,Gonorrhea,280.0,California,2002.0,Male,15-19 years,15-19,1486.0,1297505.0,114.53
8050,Gonorrhea,280.0,California,2002.0,Male,20-24 years,20-24,3190.0,1332378.0,239.42
8051,Gonorrhea,280.0,California,2002.0,Male,25-29 years,25-29,2410.0,1332068.0,180.92
8052,Gonorrhea,280.0,California,2002.0,Male,30-34 years,30-34,2079.0,1435259.0,144.85
8053,Gonorrhea,280.0,California,2002.0,Male,35-39 years,35-39,1862.0,1416069.0,131.49
8054,Gonorrhea,280.0,California,2002.0,Male,40+ years,40+,2373.0,6636630.0,35.76
8055,Gonorrhea,280.0,California,2002.0,Male,Unknown,99,113.0,,
8056,Gonorrhea,280.0,California,2003.0,Male,0-14 years,0-14,49.0,4042942.0,1.21
8057,Gonorrhea,280.0,California,2003.0,Male,15-19 years,15-19,1615.0,1299563.0,124.27
8058,Gonorrhea,280.0,California,2003.0,Male,20-24 years,20-24,3257.0,1346312.0,241.92
8059,Gonorrhea,280.0,California,2003.0,Male,25-29 years,25-29,2556.0,1317611.0,193.99
8060,Gonorrhea,280.0,California,2003.0,Male,30-34 years,30-34,2059.0,1421707.0,144.83
8061,Gonorrhea,280.0,California,2003.0,Male,35-39 years,35-39,1801.0,1412564.0,127.5
8062,Gonorrhea,280.0,California,2003.0,Male,40+ years,40+,2510.0,6870495.0,36.53
8063,Gonorrhea,280.0,California,2003.0,Male,Unknown,99,118.0,,
8064,Gonorrhea,280.0,California,2004.0,Male,0-14 years,0-14,51.0,4109156.0,1.24
8065,Gonorrhea,280.0,California,2004.0,Male,15-19 years,15-19,1893.0,1325890.0,142.77
8066,Gonorrhea,280.0,California,2004.0,Male,20-24 years,20-24,3905.0,1350655.0,289.12
8067,Gonorrhea,280.0,California,2004.0,Male,25-29 years,25-29,3055.0,1322985.0,230.92
8068,Gonorrhea,280.0,California,2004.0,Male,30-34 years,30-34,2297.0,1398361.0,164.26
8069,Gonorrhea,280.0,California,2004.0,Male,35-39 years,35-39,2036.0,1397707.0,145.67
8070,Gonorrhea,280.0,California,2004.0,Male,40+ years,40+,3054.0,7008963.0,43.57
8071,Gonorrhea,280.0,California,2004.0,Male,Unknown,99,149.0,,
8072,Gonorrhea,280.0,California,2005.0,Male,0-14 years,0-14,72.0,4130303.0,1.74
8073,Gonorrhea,280.0,California,2005.0,Male,15-19 years,15-19,2200.0,1357650.0,162.04
8074,Gonorrhea,280.0,California,2005.0,Male,20-24 years,20-24,4475.0,1342255.0,333.39
8075,Gonorrhea,280.0,California,2005.0,Male,25-29 years,25-29,3549.0,1329658.0,266.91
8076,Gonorrhea,280.0,California,2005.0,Male,30-34 years,30-34,2442.0,1359701.0,179.6
8077,Gonorrhea,280.0,California,2005.0,Male,35-39 years,35-39,2139.0,1395799.0,153.25
8078,Gonorrhea,280.0,California,2005.0,Male,40+ years,40+,3364.0,7130087.0,47.18
8079,Gonorrhea,280.0,California,2005.0,Male,Unknown,99,107.0,,
8080,Gonorrhea,280.0,California,2006.0,Male,0-14 years,0-14,66.0,4037516.0,1.63
8081,Gonorrhea,280.0,California,2006.0,Male,15-19 years,15-19,2218.0,1398635.0,158.58
8082,Gonorrhea,280.0,California,2006.0,Male,20-24 years,20-24,4301.0,1419807.0,302.93
8083,Gonorrhea,280.0,California,2006.0,Male,25-29 years,25-29,3526.0,1380984.0,255.32
8084,Gonorrhea,280.0,California,2006.0,Male,30-34 years,30-34,2235.0,1352018.0,165.31
8085,Gonorrhea,280.0,California,2006.0,Male,35-39 years,35-39,2005.0,1409880.0,142.21
8086,Gonorrhea,280.0,California,2006.0,Male,40+ years,40+,3370.0,7225604.0,46.64
8087,Gonorrhea,280.0,California,2006.0,Male,Unknown,99,135.0,,
8088,Gonorrhea,280.0,California,2007.0,Male,0-14 years,0-14,59.0,3951418.0,1.49
8089,Gonorrhea,280.0,California,2007.0,Male,15-19 years,15-19,2285.0,1420566.0,160.85
8090,Gonorrhea,280.0,California,2007.0,Male,20-24 years,20-24,4248.0,1424714.0,298.17
8091,Gonorrhea,280.0,California,2007.0,Male,25-29 years,25-29,3222.0,1401360.0,229.92
8092,Gonorrhea,280.0,California,2007.0,Male,30-34 years,30-34,2085.0,1329514.0,156.82
8093,Gonorrhea,280.0,California,2007.0,Male,35-39 years,35-39,1650.0,1399459.0,117.9
8094,Gonorrhea,280.0,California,2007.0,Male,40+ years,40+,3003.0,7350764.0,40.85
8095,Gonorrhea,280.0,California,2007.0,Male,Unknown,99,80.0,,
8096,Gonorrhea,280.0,California,2008.0,Male,0-14 years,0-14,46.0,3956888.0,1.16
8097,Gonorrhea,280.0,California,2008.0,Male,15-19 years,15-19,1990.0,1421282.0,140.01
8098,Gonorrhea,280.0,California,2008.0,Male,20-24 years,20-24,3645.0,1415664.0,257.48
8099,Gonorrhea,280.0,California,2008.0,Male,25-29 years,25-29,2623.0,1425076.0,184.06
8100,Gonorrhea,280.0,California,2008.0,Male,30-34 years,30-34,1667.0,1322554.0,126.04
8101,Gonorrhea,280.0,California,2008.0,Male,35-39 years,35-39,1347.0,1379968.0,97.61
8102,Gonorrhea,280.0,California,2008.0,Male,40+ years,40+,2653.0,7466590.0,35.53
8103,Gonorrhea,280.0,California,2008.0,Male,Unknown,99,54.0,,
8104,Gonorrhea,280.0,California,2009.0,Male,0-14 years,0-14,31.0,4006928.0,0.77
8105,Gonorrhea,280.0,California,2009.0,Male,15-19 years,15-19,1712.0,1392398.0,122.95
8106,Gonorrhea,280.0,California,2009.0,Male,20-24 years,20-24,3494.0,1386146.0,252.07
8107,Gonorrhea,280.0,California,2009.0,Male,25-29 years,25-29,2808.0,1460862.0,192.22
8108,Gonorrhea,280.0,California,2009.0,Male,30-34 years,30-34,1712.0,1349527.0,126.86
8109,Gonorrhea,280.0,California,2009.0,Male,35-39 years,35-39,1282.0,1346991.0,95.18
8110,Gonorrhea,280.0,California,2009.0,Male,40+ years,40+,2627.0,7562350.0,34.74
8111,Gonorrhea,280.0,California,2009.0,Male,Unknown,99,39.0,,
8112,Gonorrhea,280.0,California,2010.0,Male,0-14 years,0-14,38.0,3899534.0,0.97
8113,Gonorrhea,280.0,California,2010.0,Male,15-19 years,15-19,1847.0,1455082.0,126.93
8114,Gonorrhea,280.0,California,2010.0,Male,20-24 years,20-24,3937.0,1440785.0,273.25
8115,Gonorrhea,280.0,California,2010.0,Male,25-29 years,25-29,3207.0,1408698.0,227.66
8116,Gonorrhea,280.0,California,2010.0,Male,30-34 years,30-34,2062.0,1304347.0,158.09
8117,Gonorrhea,280.0,California,2010.0,Male,35-39 years,35-39,1498.0,1291370.0,116.0
8118,Gonorrhea,280.0,California,2010.0,Male,40+ years,40+,3133.0,7718014.0,40.59
8119,Gonorrhea,280.0,California,2010.0,Male,Unknown,99,51.0,,
8120,Gonorrhea,280.0,California,2011.0,Male,0-14 years,0-14,32.0,3899667.0,0.82
8121,Gonorrhea,280.0,California,2011.0,Male,15-19 years,15-19,1696.0,1420449.0,119.4
8122,Gonorrhea,280.0,California,2011.0,Male,20-24 years,20-24,4261.0,1487215.0,286.51
8123,Gonorrhea,280.0,California,2011.0,Male,25-29 years,25-29,3502.0,1432358.0,244.49
8124,Gonorrhea,280.0,California,2011.0,Male,30-34 years,30-34,2289.0,1341241.0,170.66
8125,Gonorrhea,280.0,California,2011.0,Male,35-39 years,35-39,1414.0,1267242.0,111.58
8126,Gonorrhea,280.0,California,2011.0,Male,40+ years,40+,3304.0,7900155.0,41.82
8127,Gonorrhea,280.0,California,2011.0,Male,Unknown,99,100.0,,
8128,Gonorrhea,280.0,California,2012.0,Male,0-14 years,0-14,43.0,3898663.0,1.1
8129,Gonorrhea,280.0,California,2012.0,Male,15-19 years,15-19,1810.0,1394867.0,129.76
8130,Gonorrhea,280.0,California,2012.0,Male,20-24 years,20-24,5032.0,1514586.0,332.24
8131,Gonorrhea,280.0,California,2012.0,Male,25-29 years,25-29,4371.0,1444636.0,302.57
8132,Gonorrhea,280.0,California,2012.0,Male,30-34 years,30-34,3029.0,1371011.0,220.93
8133,Gonorrhea,280.0,California,2012.0,Male,35-39 years,35-39,1890.0,1264764.0,149.44
8134,Gonorrhea,280.0,California,2012.0,Male,40+ years,40+,4132.0,8030037.0,51.46
8135,Gonorrhea,280.0,California,2012.0,Male,Unknown,99,124.0,,
8136,Gonorrhea,280.0,California,2013.0,Male,0-14 years,0-14,28.0,3883364.0,0.72
8137,Gonorrhea,280.0,California,2013.0,Male,15-19 years,15-19,1945.0,1365634.0,142.43
8138,Gonorrhea,280.0,California,2013.0,Male,20-24 years,20-24,5632.0,1516006.0,371.5
8139,Gonorrhea,280.0,California,2013.0,Male,25-29 years,25-29,5214.0,1472728.0,354.04
8140,Gonorrhea,280.0,California,2013.0,Male,30-34 years,30-34,3717.0,1404116.0,264.72
8141,Gonorrhea,280.0,California,2013.0,Male,35-39 years,35-39,2298.0,1272599.0,180.57
8142,Gonorrhea,280.0,California,2013.0,Male,40+ years,40+,4858.0,8149749.0,59.61
8143,Gonorrhea,280.0,California,2013.0,Male,Unknown,99,157.0,,
8144,Gonorrhea,280.0,California,2014.0,Male,0-14 years,0-14,45.0,3883364.0,1.16
8145,Gonorrhea,280.0,California,2014.0,Male,15-19 years,15-19,2380.0,1365634.0,174.28
8146,Gonorrhea,280.0,California,2014.0,Male,20-24 years,20-24,6961.0,1516006.0,459.17
8147,Gonorrhea,280.0,California,2014.0,Male,25-29 years,25-29,6428.0,1472728.0,436.47
8148,Gonorrhea,280.0,California,2014.0,Male,30-34 years,30-34,4719.0,1404116.0,336.08
8149,Gonorrhea,280.0,California,2014.0,Male,35-39 years,35-39,2852.0,1272599.0,224.11
8150,Gonorrhea,280.0,California,2014.0,Male,40+ years,40+,5759.0,8149749.0,70.66
8151,Gonorrhea,280.0,California,2014.0,Male,Unknown,99,166.0,,
8152,Gonorrhea,280.0,Colorado,1996.0,Male,0-14 years,0-14,4.0,431071.0,0.93
8153,Gonorrhea,280.0,Colorado,1996.0,Male,15-19 years,15-19,187.0,139377.0,134.17
8154,Gonorrhea,280.0,Colorado,1996.0,Male,20-24 years,20-24,296.0,137054.0,215.97
8155,Gonorrhea,280.0,Colorado,1996.0,Male,25-29 years,25-29,195.0,157050.0,124.16
8156,Gonorrhea,280.0,Colorado,1996.0,Male,30-34 years,30-34,140.0,176205.0,79.45
8157,Gonorrhea,280.0,Colorado,1996.0,Male,35-39 years,35-39,71.0,189140.0,37.54
8158,Gonorrhea,280.0,Colorado,1996.0,Male,40+ years,40+,109.0,730603.0,14.92
8159,Gonorrhea,280.0,Colorado,1997.0,Male,0-14 years,0-14,3.0,440425.0,0.68
8160,Gonorrhea,280.0,Colorado,1997.0,Male,15-19 years,15-19,174.0,145840.0,119.31
8161,Gonorrhea,280.0,Colorado,1997.0,Male,20-24 years,20-24,318.0,141363.0,224.95
8162,Gonorrhea,280.0,Colorado,1997.0,Male,25-29 years,25-29,216.0,163041.0,132.48
8163,Gonorrhea,280.0,Colorado,1997.0,Male,30-34 years,30-34,145.0,172005.0,84.3
8164,Gonorrhea,280.0,Colorado,1997.0,Male,35-39 years,35-39,112.0,190183.0,58.89
8165,Gonorrhea,280.0,Colorado,1997.0,Male,40+ years,40+,121.0,759931.0,15.92
8166,Gonorrhea,280.0,Colorado,1997.0,Male,Unknown,99,2.0,,
8167,Gonorrhea,280.0,Colorado,1998.0,Male,0-14 years,0-14,8.0,452607.0,1.77
8168,Gonorrhea,280.0,Colorado,1998.0,Male,15-19 years,15-19,157.0,152376.0,103.03
8169,Gonorrhea,280.0,Colorado,1998.0,Male,20-24 years,20-24,275.0,147549.0,186.38
8170,Gonorrhea,280.0,Colorado,1998.0,Male,25-29 years,25-29,202.0,167700.0,120.45
8171,Gonorrhea,280.0,Colorado,1998.0,Male,30-34 years,30-34,128.0,169133.0,75.68
8172,Gonorrhea,280.0,Colorado,1998.0,Male,35-39 years,35-39,95.0,189606.0,50.1
8173,Gonorrhea,280.0,Colorado,1998.0,Male,40+ years,40+,110.0,786942.0,13.98
8174,Gonorrhea,280.0,Colorado,1998.0,Male,Unknown,99,3.0,,
8175,Gonorrhea,280.0,Colorado,1999.0,Male,0-14 years,0-14,2.0,462991.0,0.43
8176,Gonorrhea,280.0,Colorado,1999.0,Male,15-19 years,15-19,207.0,157348.0,131.56
8177,Gonorrhea,280.0,Colorado,1999.0,Male,20-24 years,20-24,355.0,155824.0,227.82
8178,Gonorrhea,280.0,Colorado,1999.0,Male,25-29 years,25-29,271.0,172127.0,157.44
8179,Gonorrhea,280.0,Colorado,1999.0,Male,30-34 years,30-34,170.0,170123.0,99.93
8180,Gonorrhea,280.0,Colorado,1999.0,Male,35-39 years,35-39,117.0,188555.0,62.05
8181,Gonorrhea,280.0,Colorado,1999.0,Male,40+ years,40+,130.0,817692.0,15.9
8182,Gonorrhea,280.0,Colorado,1999.0,Male,Unknown,99,3.0,,
8183,Gonorrhea,280.0,Colorado,2000.0,Male,0-14 years,0-14,3.0,482576.0,0.62
8184,Gonorrhea,280.0,Colorado,2000.0,Male,15-19 years,15-19,219.0,161172.0,135.88
8185,Gonorrhea,280.0,Colorado,2000.0,Male,20-24 years,20-24,438.0,162545.0,269.46
8186,Gonorrhea,280.0,Colorado,2000.0,Male,25-29 years,25-29,292.0,173758.0,168.05
8187,Gonorrhea,280.0,Colorado,2000.0,Male,30-34 years,30-34,201.0,173349.0,115.95
8188,Gonorrhea,280.0,Colorado,2000.0,Male,35-39 years,35-39,171.0,183511.0,93.18
8189,Gonorrhea,280.0,Colorado,2000.0,Male,40+ years,40+,237.0,842321.0,28.14
8190,Gonorrhea,280.0,Colorado,2000.0,Male,Unknown,99,7.0,,
8191,Gonorrhea,280.0,Colorado,2001.0,Male,0-14 years,0-14,9.0,485700.0,1.85
8192,Gonorrhea,280.0,Colorado,2001.0,Male,15-19 years,15-19,214.0,162971.0,131.31
8193,Gonorrhea,280.0,Colorado,2001.0,Male,20-24 years,20-24,425.0,166370.0,255.46
8194,Gonorrhea,280.0,Colorado,2001.0,Male,25-29 years,25-29,329.0,173429.0,189.7
8195,Gonorrhea,280.0,Colorado,2001.0,Male,30-34 years,30-34,223.0,181243.0,123.04
8196,Gonorrhea,280.0,Colorado,2001.0,Male,35-39 years,35-39,158.0,182099.0,86.77
8197,Gonorrhea,280.0,Colorado,2001.0,Male,40+ years,40+,242.0,879548.0,27.51
8198,Gonorrhea,280.0,Colorado,2001.0,Male,Unknown,99,2.0,,
8199,Gonorrhea,280.0,Colorado,2002.0,Male,0-14 years,0-14,2.0,491144.0,0.41
8200,Gonorrhea,280.0,Colorado,2002.0,Male,15-19 years,15-19,222.0,165363.0,134.25
8201,Gonorrhea,280.0,Colorado,2002.0,Male,20-24 years,20-24,481.0,169866.0,283.16
8202,Gonorrhea,280.0,Colorado,2002.0,Male,25-29 years,25-29,335.0,173144.0,193.48
8203,Gonorrhea,280.0,Colorado,2002.0,Male,30-34 years,30-34,279.0,186470.0,149.62
8204,Gonorrhea,280.0,Colorado,2002.0,Male,35-39 years,35-39,243.0,178366.0,136.24
8205,Gonorrhea,280.0,Colorado,2002.0,Male,40+ years,40+,305.0,905798.0,33.67
8206,Gonorrhea,280.0,Colorado,2002.0,Male,Unknown,99,1.0,,
8207,Gonorrhea,280.0,Colorado,2003.0,Male,0-14 years,0-14,6.0,492642.0,1.22
8208,Gonorrhea,280.0,Colorado,2003.0,Male,15-19 years,15-19,165.0,163361.0,101.0
8209,Gonorrhea,280.0,Colorado,2003.0,Male,20-24 years,20-24,354.0,174930.0,202.37
8210,Gonorrhea,280.0,Colorado,2003.0,Male,25-29 years,25-29,252.0,183388.0,137.41
8211,Gonorrhea,280.0,Colorado,2003.0,Male,30-34 years,30-34,185.0,194295.0,95.22
8212,Gonorrhea,280.0,Colorado,2003.0,Male,35-39 years,35-39,148.0,177382.0,83.44
8213,Gonorrhea,280.0,Colorado,2003.0,Male,40+ years,40+,211.0,909242.0,23.21
8214,Gonorrhea,280.0,Colorado,2003.0,Male,Unknown,99,4.0,,
8215,Gonorrhea,280.0,Colorado,2004.0,Male,0-14 years,0-14,9.0,504701.0,1.78
8216,Gonorrhea,280.0,Colorado,2004.0,Male,15-19 years,15-19,173.0,164492.0,105.17
8217,Gonorrhea,280.0,Colorado,2004.0,Male,20-24 years,20-24,364.0,174682.0,208.38
8218,Gonorrhea,280.0,Colorado,2004.0,Male,25-29 years,25-29,263.0,185080.0,142.1
8219,Gonorrhea,280.0,Colorado,2004.0,Male,30-34 years,30-34,204.0,194055.0,105.12
8220,Gonorrhea,280.0,Colorado,2004.0,Male,35-39 years,35-39,151.0,175896.0,85.85
8221,Gonorrhea,280.0,Colorado,2004.0,Male,40+ years,40+,230.0,922592.0,24.93
8222,Gonorrhea,280.0,Colorado,2004.0,Male,Unknown,99,4.0,,
8223,Gonorrhea,280.0,Colorado,2005.0,Male,0-14 years,0-14,7.0,504129.0,1.39
8224,Gonorrhea,280.0,Colorado,2005.0,Male,15-19 years,15-19,203.0,166002.0,122.29
8225,Gonorrhea,280.0,Colorado,2005.0,Male,20-24 years,20-24,419.0,177749.0,235.73
8226,Gonorrhea,280.0,Colorado,2005.0,Male,25-29 years,25-29,305.0,189969.0,160.55
8227,Gonorrhea,280.0,Colorado,2005.0,Male,30-34 years,30-34,215.0,194378.0,110.61
8228,Gonorrhea,280.0,Colorado,2005.0,Male,35-39 years,35-39,171.0,180585.0,94.69
8229,Gonorrhea,280.0,Colorado,2005.0,Male,40+ years,40+,284.0,942794.0,30.12
8230,Gonorrhea,280.0,Colorado,2005.0,Male,Unknown,99,1.0,,
8231,Gonorrhea,280.0,Colorado,2006.0,Male,0-14 years,0-14,5.0,498299.0,1.0
8232,Gonorrhea,280.0,Colorado,2006.0,Male,15-19 years,15-19,254.0,165018.0,153.92
8233,Gonorrhea,280.0,Colorado,2006.0,Male,20-24 years,20-24,509.0,177646.0,286.52
8234,Gonorrhea,280.0,Colorado,2006.0,Male,25-29 years,25-29,370.0,193521.0,191.19
8235,Gonorrhea,280.0,Colorado,2006.0,Male,30-34 years,30-34,220.0,182729.0,120.4
8236,Gonorrhea,280.0,Colorado,2006.0,Male,35-39 years,35-39,165.0,184210.0,89.57
8237,Gonorrhea,280.0,Colorado,2006.0,Male,40+ years,40+,292.0,991581.0,29.45
8238,Gonorrhea,280.0,Colorado,2006.0,Male,Unknown,99,1.0,,
8239,Gonorrhea,280.0,Colorado,2007.0,Male,0-14 years,0-14,5.0,507718.0,0.98
8240,Gonorrhea,280.0,Colorado,2007.0,Male,15-19 years,15-19,228.0,166265.0,137.13
8241,Gonorrhea,280.0,Colorado,2007.0,Male,20-24 years,20-24,460.0,179099.0,256.84
8242,Gonorrhea,280.0,Colorado,2007.0,Male,25-29 years,25-29,309.0,200607.0,154.03
8243,Gonorrhea,280.0,Colorado,2007.0,Male,30-34 years,30-34,198.0,184460.0,107.34
8244,Gonorrhea,280.0,Colorado,2007.0,Male,35-39 years,35-39,117.0,190355.0,61.46
8245,Gonorrhea,280.0,Colorado,2007.0,Male,40+ years,40+,252.0,1022078.0,24.66
8246,Gonorrhea,280.0,Colorado,2008.0,Male,0-14 years,0-14,5.0,516019.0,0.97
8247,Gonorrhea,280.0,Colorado,2008.0,Male,15-19 years,15-19,279.0,167390.0,166.68
8248,Gonorrhea,280.0,Colorado,2008.0,Male,20-24 years,20-24,503.0,180496.0,278.68
8249,Gonorrhea,280.0,Colorado,2008.0,Male,25-29 years,25-29,381.0,203612.0,187.12
8250,Gonorrhea,280.0,Colorado,2008.0,Male,30-34 years,30-34,214.0,186967.0,114.46
8251,Gonorrhea,280.0,Colorado,2008.0,Male,35-39 years,35-39,137.0,191878.0,71.4
8252,Gonorrhea,280.0,Colorado,2008.0,Male,40+ years,40+,254.0,1044679.0,24.31
8253,Gonorrhea,280.0,Colorado,2008.0,Male,Unknown,99,4.0,,
8254,Gonorrhea,280.0,Colorado,2009.0,Male,0-14 years,0-14,3.0,527257.0,0.57
8255,Gonorrhea,280.0,Colorado,2009.0,Male,15-19 years,15-19,226.0,173065.0,130.59
8256,Gonorrhea,280.0,Colorado,2009.0,Male,20-24 years,20-24,455.0,191035.0,238.18
8257,Gonorrhea,280.0,Colorado,2009.0,Male,25-29 years,25-29,275.0,198683.0,138.41
8258,Gonorrhea,280.0,Colorado,2009.0,Male,30-34 years,30-34,146.0,183735.0,79.46
8259,Gonorrhea,280.0,Colorado,2009.0,Male,35-39 years,35-39,85.0,190344.0,44.66
8260,Gonorrhea,280.0,Colorado,2009.0,Male,40+ years,40+,129.0,1066966.0,12.09
8261,Gonorrhea,280.0,Colorado,2010.0,Male,0-14 years,0-14,2.0,524335.0,0.38
8262,Gonorrhea,280.0,Colorado,2010.0,Male,15-19 years,15-19,194.0,175730.0,110.4
8263,Gonorrhea,280.0,Colorado,2010.0,Male,20-24 years,20-24,438.0,181765.0,240.97
8264,Gonorrhea,280.0,Colorado,2010.0,Male,25-29 years,25-29,270.0,192007.0,140.62
8265,Gonorrhea,280.0,Colorado,2010.0,Male,30-34 years,30-34,133.0,181317.0,73.35
8266,Gonorrhea,280.0,Colorado,2010.0,Male,35-39 years,35-39,82.0,182350.0,44.97
8267,Gonorrhea,280.0,Colorado,2010.0,Male,40+ years,40+,154.0,1083158.0,14.22
8268,Gonorrhea,280.0,Colorado,2011.0,Male,0-14 years,0-14,4.0,527363.0,0.76
8269,Gonorrhea,280.0,Colorado,2011.0,Male,15-19 years,15-19,143.0,176243.0,81.14
8270,Gonorrhea,280.0,Colorado,2011.0,Male,20-24 years,20-24,374.0,187764.0,199.19
8271,Gonorrhea,280.0,Colorado,2011.0,Male,25-29 years,25-29,221.0,196445.0,112.5
8272,Gonorrhea,280.0,Colorado,2011.0,Male,30-34 years,30-34,130.0,188335.0,69.03
8273,Gonorrhea,280.0,Colorado,2011.0,Male,35-39 years,35-39,83.0,178373.0,46.53
8274,Gonorrhea,280.0,Colorado,2011.0,Male,40+ years,40+,123.0,1112672.0,11.05
8275,Gonorrhea,280.0,Colorado,2012.0,Male,0-14 years,0-14,1.0,528890.0,0.19
8276,Gonorrhea,280.0,Colorado,2012.0,Male,15-19 years,15-19,180.0,175945.0,102.31
8277,Gonorrhea,280.0,Colorado,2012.0,Male,20-24 years,20-24,534.0,190417.0,280.44
8278,Gonorrhea,280.0,Colorado,2012.0,Male,25-29 years,25-29,314.0,199981.0,157.01
8279,Gonorrhea,280.0,Colorado,2012.0,Male,30-34 years,30-34,157.0,193883.0,80.98
8280,Gonorrhea,280.0,Colorado,2012.0,Male,35-39 years,35-39,109.0,178123.0,61.19
8281,Gonorrhea,280.0,Colorado,2012.0,Male,40+ years,40+,165.0,1136466.0,14.52
8282,Gonorrhea,280.0,Colorado,2013.0,Male,0-14 years,0-14,1.0,532070.0,0.19
8283,Gonorrhea,280.0,Colorado,2013.0,Male,15-19 years,15-19,141.0,175756.0,80.22
8284,Gonorrhea,280.0,Colorado,2013.0,Male,20-24 years,20-24,506.0,195885.0,258.31
8285,Gonorrhea,280.0,Colorado,2013.0,Male,25-29 years,25-29,362.0,204111.0,177.35
8286,Gonorrhea,280.0,Colorado,2013.0,Male,30-34 years,30-34,231.0,200185.0,115.39
8287,Gonorrhea,280.0,Colorado,2013.0,Male,35-39 years,35-39,120.0,181134.0,66.25
8288,Gonorrhea,280.0,Colorado,2013.0,Male,40+ years,40+,216.0,1157305.0,18.66
8289,Gonorrhea,280.0,Colorado,2014.0,Male,15-19 years,15-19,148.0,175756.0,84.21
8290,Gonorrhea,280.0,Colorado,2014.0,Male,20-24 years,20-24,531.0,195885.0,271.08
8291,Gonorrhea,280.0,Colorado,2014.0,Male,25-29 years,25-29,486.0,204111.0,238.11
8292,Gonorrhea,280.0,Colorado,2014.0,Male,30-34 years,30-34,291.0,200185.0,145.37
8293,Gonorrhea,280.0,Colorado,2014.0,Male,35-39 years,35-39,133.0,181134.0,73.43
8294,Gonorrhea,280.0,Colorado,2014.0,Male,40+ years,40+,263.0,1157305.0,22.73
8295,Gonorrhea,280.0,Connecticut,1996.0,Male,0-14 years,0-14,12.0,352285.0,3.41
8296,Gonorrhea,280.0,Connecticut,1996.0,Male,15-19 years,15-19,284.0,103778.0,273.66
8297,Gonorrhea,280.0,Connecticut,1996.0,Male,20-24 years,20-24,342.0,96246.0,355.34
8298,Gonorrhea,280.0,Connecticut,1996.0,Male,25-29 years,25-29,248.0,115373.0,214.96
8299,Gonorrhea,280.0,Connecticut,1996.0,Male,30-34 years,30-34,223.0,137764.0,161.87
8300,Gonorrhea,280.0,Connecticut,1996.0,Male,35-39 years,35-39,161.0,145684.0,110.51
8301,Gonorrhea,280.0,Connecticut,1996.0,Male,40+ years,40+,275.0,663770.0,41.43
8302,Gonorrhea,280.0,Connecticut,1996.0,Male,Unknown,99,28.0,,
8303,Gonorrhea,280.0,Connecticut,1997.0,Male,0-14 years,0-14,13.0,352449.0,3.69
8304,Gonorrhea,280.0,Connecticut,1997.0,Male,15-19 years,15-19,256.0,105613.0,242.39
8305,Gonorrhea,280.0,Connecticut,1997.0,Male,20-24 years,20-24,353.0,94469.0,373.67
8306,Gonorrhea,280.0,Connecticut,1997.0,Male,25-29 years,25-29,257.0,111914.0,229.64
8307,Gonorrhea,280.0,Connecticut,1997.0,Male,30-34 years,30-34,206.0,133706.0,154.07
8308,Gonorrhea,280.0,Connecticut,1997.0,Male,35-39 years,35-39,136.0,145932.0,93.19
8309,Gonorrhea,280.0,Connecticut,1997.0,Male,40+ years,40+,276.0,677046.0,40.77
8310,Gonorrhea,280.0,Connecticut,1997.0,Male,Unknown,99,15.0,,
8311,Gonorrhea,280.0,Connecticut,1998.0,Male,0-14 years,0-14,8.0,356478.0,2.24
8312,Gonorrhea,280.0,Connecticut,1998.0,Male,15-19 years,15-19,222.0,107935.0,205.68
8313,Gonorrhea,280.0,Connecticut,1998.0,Male,20-24 years,20-24,381.0,93560.0,407.23
8314,Gonorrhea,280.0,Connecticut,1998.0,Male,25-29 years,25-29,267.0,107607.0,248.12
8315,Gonorrhea,280.0,Connecticut,1998.0,Male,30-34 years,30-34,213.0,128840.0,165.32
8316,Gonorrhea,280.0,Connecticut,1998.0,Male,35-39 years,35-39,139.0,144639.0,96.1
8317,Gonorrhea,280.0,Connecticut,1998.0,Male,40+ years,40+,205.0,689107.0,29.75
8318,Gonorrhea,280.0,Connecticut,1998.0,Male,Unknown,99,28.0,,
8319,Gonorrhea,280.0,Connecticut,1999.0,Male,0-14 years,0-14,5.0,360367.0,1.39
8320,Gonorrhea,280.0,Connecticut,1999.0,Male,15-19 years,15-19,235.0,109549.0,214.52
8321,Gonorrhea,280.0,Connecticut,1999.0,Male,20-24 years,20-24,382.0,94211.0,405.47
8322,Gonorrhea,280.0,Connecticut,1999.0,Male,25-29 years,25-29,265.0,103156.0,256.89
8323,Gonorrhea,280.0,Connecticut,1999.0,Male,30-34 years,30-34,212.0,124842.0,169.81
8324,Gonorrhea,280.0,Connecticut,1999.0,Male,35-39 years,35-39,151.0,143763.0,105.03
8325,Gonorrhea,280.0,Connecticut,1999.0,Male,40+ years,40+,240.0,703365.0,34.12
8326,Gonorrhea,280.0,Connecticut,1999.0,Male,Unknown,99,35.0,,
8327,Gonorrhea,280.0,Connecticut,2000.0,Male,0-14 years,0-14,5.0,369721.0,1.35
8328,Gonorrhea,280.0,Connecticut,2000.0,Male,15-19 years,15-19,212.0,112486.0,188.47
8329,Gonorrhea,280.0,Connecticut,2000.0,Male,20-24 years,20-24,383.0,95281.0,401.97
8330,Gonorrhea,280.0,Connecticut,2000.0,Male,25-29 years,25-29,211.0,98034.0,215.23
8331,Gonorrhea,280.0,Connecticut,2000.0,Male,30-34 years,30-34,173.0,121417.0,142.48
8332,Gonorrhea,280.0,Connecticut,2000.0,Male,35-39 years,35-39,121.0,141064.0,85.78
8333,Gonorrhea,280.0,Connecticut,2000.0,Male,40+ years,40+,162.0,715099.0,22.65
8334,Gonorrhea,280.0,Connecticut,2000.0,Male,Unknown,99,24.0,,
8335,Gonorrhea,280.0,Connecticut,2001.0,Male,0-14 years,0-14,10.0,368570.0,2.71
8336,Gonorrhea,280.0,Connecticut,2001.0,Male,15-19 years,15-19,212.0,115118.0,184.16
8337,Gonorrhea,280.0,Connecticut,2001.0,Male,20-24 years,20-24,299.0,98474.0,303.63
8338,Gonorrhea,280.0,Connecticut,2001.0,Male,25-29 years,25-29,222.0,94686.0,234.46
8339,Gonorrhea,280.0,Connecticut,2001.0,Male,30-34 years,30-34,164.0,119162.0,137.63
8340,Gonorrhea,280.0,Connecticut,2001.0,Male,35-39 years,35-39,87.0,139378.0,62.42
8341,Gonorrhea,280.0,Connecticut,2001.0,Male,40+ years,40+,122.0,729762.0,16.72
8342,Gonorrhea,280.0,Connecticut,2001.0,Male,Unknown,99,16.0,,
8343,Gonorrhea,280.0,Connecticut,2002.0,Male,0-14 years,0-14,16.0,372955.0,4.29
8344,Gonorrhea,280.0,Connecticut,2002.0,Male,15-19 years,15-19,196.0,118241.0,165.76
8345,Gonorrhea,280.0,Connecticut,2002.0,Male,20-24 years,20-24,372.0,102098.0,364.36
8346,Gonorrhea,280.0,Connecticut,2002.0,Male,25-29 years,25-29,234.0,92724.0,252.36
8347,Gonorrhea,280.0,Connecticut,2002.0,Male,30-34 years,30-34,178.0,116533.0,152.75
8348,Gonorrhea,280.0,Connecticut,2002.0,Male,35-39 years,35-39,131.0,135850.0,96.43
8349,Gonorrhea,280.0,Connecticut,2002.0,Male,40+ years,40+,162.0,740825.0,21.87
8350,Gonorrhea,280.0,Connecticut,2002.0,Male,Unknown,99,42.0,,
8351,Gonorrhea,280.0,Connecticut,2003.0,Male,0-14 years,0-14,6.0,353878.0,1.7
8352,Gonorrhea,280.0,Connecticut,2003.0,Male,15-19 years,15-19,158.0,120588.0,131.03
8353,Gonorrhea,280.0,Connecticut,2003.0,Male,20-24 years,20-24,345.0,108175.0,318.93
8354,Gonorrhea,280.0,Connecticut,2003.0,Male,25-29 years,25-29,229.0,94169.0,243.18
8355,Gonorrhea,280.0,Connecticut,2003.0,Male,30-34 years,30-34,176.0,113263.0,155.39
8356,Gonorrhea,280.0,Connecticut,2003.0,Male,35-39 years,35-39,114.0,134724.0,84.62
8357,Gonorrhea,280.0,Connecticut,2003.0,Male,40+ years,40+,158.0,766408.0,20.62
8358,Gonorrhea,280.0,Connecticut,2003.0,Male,Unknown,99,18.0,,
8359,Gonorrhea,280.0,Connecticut,2004.0,Male,0-14 years,0-14,8.0,353651.0,2.26
8360,Gonorrhea,280.0,Connecticut,2004.0,Male,15-19 years,15-19,137.0,123570.0,110.87
8361,Gonorrhea,280.0,Connecticut,2004.0,Male,20-24 years,20-24,292.0,111041.0,262.97
8362,Gonorrhea,280.0,Connecticut,2004.0,Male,25-29 years,25-29,205.0,96084.0,213.35
8363,Gonorrhea,280.0,Connecticut,2004.0,Male,30-34 years,30-34,151.0,108569.0,139.08
8364,Gonorrhea,280.0,Connecticut,2004.0,Male,35-39 years,35-39,110.0,130230.0,84.47
8365,Gonorrhea,280.0,Connecticut,2004.0,Male,40+ years,40+,194.0,777041.0,24.97
8366,Gonorrhea,280.0,Connecticut,2004.0,Male,Unknown,99,9.0,,
8367,Gonorrhea,280.0,Connecticut,2005.0,Male,0-14 years,0-14,8.0,349081.0,2.29
8368,Gonorrhea,280.0,Connecticut,2005.0,Male,15-19 years,15-19,154.0,126648.0,121.6
8369,Gonorrhea,280.0,Connecticut,2005.0,Male,20-24 years,20-24,311.0,113220.0,274.69
8370,Gonorrhea,280.0,Connecticut,2005.0,Male,25-29 years,25-29,217.0,98305.0,220.74
8371,Gonorrhea,280.0,Connecticut,2005.0,Male,30-34 years,30-34,126.0,103665.0,121.55
8372,Gonorrhea,280.0,Connecticut,2005.0,Male,35-39 years,35-39,124.0,126574.0,97.97
8373,Gonorrhea,280.0,Connecticut,2005.0,Male,40+ years,40+,207.0,787538.0,26.28
8374,Gonorrhea,280.0,Connecticut,2005.0,Male,Unknown,99,13.0,,
8375,Gonorrhea,280.0,Connecticut,2006.0,Male,0-14 years,0-14,5.0,340585.0,1.47
8376,Gonorrhea,280.0,Connecticut,2006.0,Male,15-19 years,15-19,155.0,127815.0,121.27
8377,Gonorrhea,280.0,Connecticut,2006.0,Male,20-24 years,20-24,290.0,114136.0,254.08
8378,Gonorrhea,280.0,Connecticut,2006.0,Male,25-29 years,25-29,234.0,100678.0,232.42
8379,Gonorrhea,280.0,Connecticut,2006.0,Male,30-34 years,30-34,137.0,104663.0,130.9
8380,Gonorrhea,280.0,Connecticut,2006.0,Male,35-39 years,35-39,123.0,126026.0,97.6
8381,Gonorrhea,280.0,Connecticut,2006.0,Male,40+ years,40+,183.0,792285.0,23.1
8382,Gonorrhea,280.0,Connecticut,2006.0,Male,Unknown,99,5.0,,
8383,Gonorrhea,280.0,Connecticut,2007.0,Male,0-14 years,0-14,4.0,342422.0,1.17
8384,Gonorrhea,280.0,Connecticut,2007.0,Male,15-19 years,15-19,148.0,128376.0,115.29
8385,Gonorrhea,280.0,Connecticut,2007.0,Male,20-24 years,20-24,267.0,114765.0,232.65
8386,Gonorrhea,280.0,Connecticut,2007.0,Male,25-29 years,25-29,198.0,101462.0,195.15
8387,Gonorrhea,280.0,Connecticut,2007.0,Male,30-34 years,30-34,89.0,101353.0,87.81
8388,Gonorrhea,280.0,Connecticut,2007.0,Male,35-39 years,35-39,100.0,121785.0,82.11
8389,Gonorrhea,280.0,Connecticut,2007.0,Male,40+ years,40+,145.0,796824.0,18.2
8390,Gonorrhea,280.0,Connecticut,2007.0,Male,Unknown,99,4.0,,
8391,Gonorrhea,280.0,Connecticut,2008.0,Male,15-19 years,15-19,164.0,128031.0,128.09
8392,Gonorrhea,280.0,Connecticut,2008.0,Male,20-24 years,20-24,339.0,114956.0,294.89
8393,Gonorrhea,280.0,Connecticut,2008.0,Male,25-29 years,25-29,225.0,104409.0,215.5
8394,Gonorrhea,280.0,Connecticut,2008.0,Male,30-34 years,30-34,100.0,99997.0,100.0
8395,Gonorrhea,280.0,Connecticut,2008.0,Male,35-39 years,35-39,86.0,117676.0,73.08
8396,Gonorrhea,280.0,Connecticut,2008.0,Male,40+ years,40+,194.0,802740.0,24.17
8397,Gonorrhea,280.0,Connecticut,2008.0,Male,Unknown,99,5.0,,
8398,Gonorrhea,280.0,Connecticut,2009.0,Male,0-14 years,0-14,5.0,338171.0,1.48
8399,Gonorrhea,280.0,Connecticut,2009.0,Male,15-19 years,15-19,182.0,129987.0,140.01
8400,Gonorrhea,280.0,Connecticut,2009.0,Male,20-24 years,20-24,334.0,120397.0,277.42
8401,Gonorrhea,280.0,Connecticut,2009.0,Male,25-29 years,25-29,222.0,108247.0,205.09
8402,Gonorrhea,280.0,Connecticut,2009.0,Male,30-34 years,30-34,96.0,100680.0,95.35
8403,Gonorrhea,280.0,Connecticut,2009.0,Male,35-39 years,35-39,78.0,111733.0,69.81
8404,Gonorrhea,280.0,Connecticut,2009.0,Male,40+ years,40+,148.0,808421.0,18.31
8405,Gonorrhea,280.0,Connecticut,2009.0,Male,Unknown,99,2.0,,
8406,Gonorrhea,280.0,Connecticut,2010.0,Male,0-14 years,0-14,5.0,340162.0,1.47
8407,Gonorrhea,280.0,Connecticut,2010.0,Male,15-19 years,15-19,161.0,128949.0,124.86
8408,Gonorrhea,280.0,Connecticut,2010.0,Male,20-24 years,20-24,373.0,117117.0,318.49
8409,Gonorrhea,280.0,Connecticut,2010.0,Male,25-29 years,25-29,236.0,107986.0,218.55
8410,Gonorrhea,280.0,Connecticut,2010.0,Male,30-34 years,30-34,110.0,102038.0,107.8
8411,Gonorrhea,280.0,Connecticut,2010.0,Male,35-39 years,35-39,74.0,108637.0,68.12
8412,Gonorrhea,280.0,Connecticut,2010.0,Male,40+ years,40+,157.0,834725.0,18.81
8413,Gonorrhea,280.0,Connecticut,2010.0,Male,Unknown,99,4.0,,
8414,Gonorrhea,280.0,Connecticut,2011.0,Male,0-14 years,0-14,5.0,334685.0,1.49
8415,Gonorrhea,280.0,Connecticut,2011.0,Male,15-19 years,15-19,161.0,129724.0,124.11
8416,Gonorrhea,280.0,Connecticut,2011.0,Male,20-24 years,20-24,369.0,117219.0,314.8
8417,Gonorrhea,280.0,Connecticut,2011.0,Male,25-29 years,25-29,211.0,110443.0,191.05
8418,Gonorrhea,280.0,Connecticut,2011.0,Male,30-34 years,30-34,111.0,104109.0,106.62
8419,Gonorrhea,280.0,Connecticut,2011.0,Male,35-39 years,35-39,78.0,103709.0,75.21
8420,Gonorrhea,280.0,Connecticut,2011.0,Male,40+ years,40+,134.0,844927.0,15.86
8421,Gonorrhea,280.0,Connecticut,2011.0,Male,Unknown,99,2.0,,
8422,Gonorrhea,280.0,Connecticut,2012.0,Male,0-14 years,0-14,7.0,330204.0,2.12
8423,Gonorrhea,280.0,Connecticut,2012.0,Male,15-19 years,15-19,148.0,130690.0,113.25
8424,Gonorrhea,280.0,Connecticut,2012.0,Male,20-24 years,20-24,342.0,118759.0,287.98
8425,Gonorrhea,280.0,Connecticut,2012.0,Male,25-29 years,25-29,187.0,111730.0,167.37
8426,Gonorrhea,280.0,Connecticut,2012.0,Male,30-34 years,30-34,105.0,106094.0,98.97
8427,Gonorrhea,280.0,Connecticut,2012.0,Male,35-39 years,35-39,64.0,101879.0,62.82
8428,Gonorrhea,280.0,Connecticut,2012.0,Male,40+ years,40+,123.0,850560.0,14.46
8429,Gonorrhea,280.0,Connecticut,2012.0,Male,Unknown,99,2.0,,
8430,Gonorrhea,280.0,Connecticut,2013.0,Male,0-14 years,0-14,9.0,326534.0,2.76
8431,Gonorrhea,280.0,Connecticut,2013.0,Male,15-19 years,15-19,171.0,129674.0,131.87
8432,Gonorrhea,280.0,Connecticut,2013.0,Male,20-24 years,20-24,389.0,123082.0,316.05
8433,Gonorrhea,280.0,Connecticut,2013.0,Male,25-29 years,25-29,304.0,113116.0,268.75
8434,Gonorrhea,280.0,Connecticut,2013.0,Male,30-34 years,30-34,202.0,107673.0,187.6
8435,Gonorrhea,280.0,Connecticut,2013.0,Male,35-39 years,35-39,99.0,101767.0,97.28
8436,Gonorrhea,280.0,Connecticut,2013.0,Male,40+ years,40+,255.0,852305.0,29.92
8437,Gonorrhea,280.0,Connecticut,2013.0,Male,Unknown,99,11.0,,
8438,Gonorrhea,280.0,Connecticut,2014.0,Male,0-14 years,0-14,3.0,326534.0,0.92
8439,Gonorrhea,280.0,Connecticut,2014.0,Male,15-19 years,15-19,101.0,129674.0,77.89
8440,Gonorrhea,280.0,Connecticut,2014.0,Male,20-24 years,20-24,327.0,123082.0,265.68
8441,Gonorrhea,280.0,Connecticut,2014.0,Male,25-29 years,25-29,243.0,113116.0,214.82
8442,Gonorrhea,280.0,Connecticut,2014.0,Male,30-34 years,30-34,164.0,107673.0,152.31
8443,Gonorrhea,280.0,Connecticut,2014.0,Male,35-39 years,35-39,128.0,101767.0,125.78
8444,Gonorrhea,280.0,Connecticut,2014.0,Male,40+ years,40+,247.0,852305.0,28.98
8445,Gonorrhea,280.0,Connecticut,2014.0,Male,Unknown,99,6.0,,
8446,Gonorrhea,280.0,Delaware,1996.0,Male,0-14 years,0-14,5.0,79031.0,6.33
8447,Gonorrhea,280.0,Delaware,1996.0,Male,15-19 years,15-19,160.0,25039.0,639.0
8448,Gonorrhea,280.0,Delaware,1996.0,Male,20-24 years,20-24,196.0,23631.0,829.42
8449,Gonorrhea,280.0,Delaware,1996.0,Male,25-29 years,25-29,114.0,28975.0,393.44
8450,Gonorrhea,280.0,Delaware,1996.0,Male,30-34 years,30-34,75.0,30367.0,246.98
8451,Gonorrhea,280.0,Delaware,1996.0,Male,35-39 years,35-39,45.0,31707.0,141.92
8452,Gonorrhea,280.0,Delaware,1996.0,Male,40+ years,40+,62.0,141074.0,43.95
8453,Gonorrhea,280.0,Delaware,1997.0,Male,0-14 years,0-14,3.0,79892.0,3.76
8454,Gonorrhea,280.0,Delaware,1997.0,Male,15-19 years,15-19,126.0,25951.0,485.53
8455,Gonorrhea,280.0,Delaware,1997.0,Male,20-24 years,20-24,162.0,23365.0,693.35
8456,Gonorrhea,280.0,Delaware,1997.0,Male,25-29 years,25-29,115.0,28604.0,402.04
8457,Gonorrhea,280.0,Delaware,1997.0,Male,30-34 years,30-34,71.0,29570.0,240.11
8458,Gonorrhea,280.0,Delaware,1997.0,Male,35-39 years,35-39,40.0,31947.0,125.21
8459,Gonorrhea,280.0,Delaware,1997.0,Male,40+ years,40+,51.0,145554.0,35.04
8460,Gonorrhea,280.0,Delaware,1998.0,Male,0-14 years,0-14,6.0,81053.0,7.4
8461,Gonorrhea,280.0,Delaware,1998.0,Male,15-19 years,15-19,162.0,26829.0,603.82
8462,Gonorrhea,280.0,Delaware,1998.0,Male,20-24 years,20-24,183.0,23883.0,766.24
8463,Gonorrhea,280.0,Delaware,1998.0,Male,25-29 years,25-29,117.0,27664.0,422.93
8464,Gonorrhea,280.0,Delaware,1998.0,Male,30-34 years,30-34,76.0,28851.0,263.42
8465,Gonorrhea,280.0,Delaware,1998.0,Male,35-39 years,35-39,65.0,31907.0,203.72
8466,Gonorrhea,280.0,Delaware,1998.0,Male,40+ years,40+,92.0,150166.0,61.27
8467,Gonorrhea,280.0,Delaware,1999.0,Male,0-14 years,0-14,2.0,82419.0,2.43
8468,Gonorrhea,280.0,Delaware,1999.0,Male,15-19 years,15-19,139.0,27531.0,504.88
8469,Gonorrhea,280.0,Delaware,1999.0,Male,20-24 years,20-24,233.0,24823.0,938.65
8470,Gonorrhea,280.0,Delaware,1999.0,Male,25-29 years,25-29,118.0,26448.0,446.16
8471,Gonorrhea,280.0,Delaware,1999.0,Male,30-34 years,30-34,93.0,28492.0,326.41
8472,Gonorrhea,280.0,Delaware,1999.0,Male,35-39 years,35-39,67.0,31894.0,210.07
8473,Gonorrhea,280.0,Delaware,1999.0,Male,40+ years,40+,98.0,154651.0,63.37
8474,Gonorrhea,280.0,Delaware,2000.0,Male,0-14 years,0-14,5.0,81212.0,6.16
8475,Gonorrhea,280.0,Delaware,2000.0,Male,15-19 years,15-19,172.0,27684.0,621.3
8476,Gonorrhea,280.0,Delaware,2000.0,Male,20-24 years,20-24,229.0,26350.0,869.07
8477,Gonorrhea,280.0,Delaware,2000.0,Male,25-29 years,25-29,147.0,25498.0,576.52
8478,Gonorrhea,280.0,Delaware,2000.0,Male,30-34 years,30-34,65.0,28799.0,225.7
8479,Gonorrhea,280.0,Delaware,2000.0,Male,35-39 years,35-39,58.0,32055.0,180.94
8480,Gonorrhea,280.0,Delaware,2000.0,Male,40+ years,40+,72.0,160261.0,44.93
8481,Gonorrhea,280.0,Delaware,2001.0,Male,0-14 years,0-14,2.0,81497.0,2.45
8482,Gonorrhea,280.0,Delaware,2001.0,Male,15-19 years,15-19,163.0,27738.0,587.64
8483,Gonorrhea,280.0,Delaware,2001.0,Male,20-24 years,20-24,235.0,27637.0,850.31
8484,Gonorrhea,280.0,Delaware,2001.0,Male,25-29 years,25-29,122.0,25033.0,487.36
8485,Gonorrhea,280.0,Delaware,2001.0,Male,30-34 years,30-34,88.0,28905.0,304.45
8486,Gonorrhea,280.0,Delaware,2001.0,Male,35-39 years,35-39,52.0,32154.0,161.72
8487,Gonorrhea,280.0,Delaware,2001.0,Male,40+ years,40+,69.0,164004.0,42.07
8488,Gonorrhea,280.0,Delaware,2002.0,Male,0-14 years,0-14,3.0,80817.0,3.71
8489,Gonorrhea,280.0,Delaware,2002.0,Male,15-19 years,15-19,150.0,27905.0,537.54
8490,Gonorrhea,280.0,Delaware,2002.0,Male,20-24 years,20-24,235.0,28976.0,811.02
8491,Gonorrhea,280.0,Delaware,2002.0,Male,25-29 years,25-29,115.0,25305.0,454.46
8492,Gonorrhea,280.0,Delaware,2002.0,Male,30-34 years,30-34,78.0,29028.0,268.71
8493,Gonorrhea,280.0,Delaware,2002.0,Male,35-39 years,35-39,67.0,31886.0,210.12
8494,Gonorrhea,280.0,Delaware,2002.0,Male,40+ years,40+,70.0,168458.0,41.55
8495,Gonorrhea,280.0,Delaware,2003.0,Male,0-14 years,0-14,6.0,84933.0,7.06
8496,Gonorrhea,280.0,Delaware,2003.0,Male,15-19 years,15-19,109.0,28492.0,382.56
8497,Gonorrhea,280.0,Delaware,2003.0,Male,20-24 years,20-24,180.0,29297.0,614.4
8498,Gonorrhea,280.0,Delaware,2003.0,Male,25-29 years,25-29,92.0,25580.0,359.66
8499,Gonorrhea,280.0,Delaware,2003.0,Male,30-34 years,30-34,49.0,27699.0,176.9
8500,Gonorrhea,280.0,Delaware,2003.0,Male,35-39 years,35-39,41.0,30216.0,135.69
8501,Gonorrhea,280.0,Delaware,2003.0,Male,40+ years,40+,49.0,171902.0,28.5
8502,Gonorrhea,280.0,Delaware,2004.0,Male,0-14 years,0-14,1.0,82338.0,1.21
8503,Gonorrhea,280.0,Delaware,2004.0,Male,15-19 years,15-19,81.0,28649.0,282.73
8504,Gonorrhea,280.0,Delaware,2004.0,Male,20-24 years,20-24,123.0,30448.0,403.97
8505,Gonorrhea,280.0,Delaware,2004.0,Male,25-29 years,25-29,75.0,27018.0,277.59
8506,Gonorrhea,280.0,Delaware,2004.0,Male,30-34 years,30-34,34.0,27708.0,122.71
8507,Gonorrhea,280.0,Delaware,2004.0,Male,35-39 years,35-39,34.0,29948.0,113.53
8508,Gonorrhea,280.0,Delaware,2004.0,Male,40+ years,40+,38.0,178567.0,21.28
8509,Gonorrhea,280.0,Delaware,2005.0,Male,0-14 years,0-14,2.0,82941.0,2.41
8510,Gonorrhea,280.0,Delaware,2005.0,Male,15-19 years,15-19,74.0,29249.0,253.0
8511,Gonorrhea,280.0,Delaware,2005.0,Male,20-24 years,20-24,123.0,30466.0,403.73
8512,Gonorrhea,280.0,Delaware,2005.0,Male,25-29 years,25-29,70.0,28551.0,245.18
8513,Gonorrhea,280.0,Delaware,2005.0,Male,30-34 years,30-34,31.0,26928.0,115.12
8514,Gonorrhea,280.0,Delaware,2005.0,Male,35-39 years,35-39,32.0,29757.0,107.54
8515,Gonorrhea,280.0,Delaware,2005.0,Male,40+ years,40+,66.0,183414.0,35.98
8516,Gonorrhea,280.0,Delaware,2006.0,Male,0-14 years,0-14,2.0,85550.0,2.34
8517,Gonorrhea,280.0,Delaware,2006.0,Male,15-19 years,15-19,121.0,30747.0,393.53
8518,Gonorrhea,280.0,Delaware,2006.0,Male,20-24 years,20-24,180.0,29352.0,613.25
8519,Gonorrhea,280.0,Delaware,2006.0,Male,25-29 years,25-29,120.0,27656.0,433.9
8520,Gonorrhea,280.0,Delaware,2006.0,Male,30-34 years,30-34,72.0,25679.0,280.38
8521,Gonorrhea,280.0,Delaware,2006.0,Male,35-39 years,35-39,51.0,30010.0,169.94
8522,Gonorrhea,280.0,Delaware,2006.0,Male,40+ years,40+,110.0,185250.0,59.38
8523,Gonorrhea,280.0,Delaware,2007.0,Male,0-14 years,0-14,1.0,86518.0,1.16
8524,Gonorrhea,280.0,Delaware,2007.0,Male,15-19 years,15-19,92.0,31237.0,294.52
8525,Gonorrhea,280.0,Delaware,2007.0,Male,20-24 years,20-24,171.0,30098.0,568.14
8526,Gonorrhea,280.0,Delaware,2007.0,Male,25-29 years,25-29,108.0,27224.0,396.71
8527,Gonorrhea,280.0,Delaware,2007.0,Male,30-34 years,30-34,69.0,25326.0,272.45
8528,Gonorrhea,280.0,Delaware,2007.0,Male,35-39 years,35-39,50.0,29605.0,168.89
8529,Gonorrhea,280.0,Delaware,2007.0,Male,40+ years,40+,103.0,189286.0,54.41
8530,Gonorrhea,280.0,Delaware,2008.0,Male,0-14 years,0-14,2.0,86962.0,2.3
8531,Gonorrhea,280.0,Delaware,2008.0,Male,15-19 years,15-19,82.0,31251.0,262.39
8532,Gonorrhea,280.0,Delaware,2008.0,Male,20-24 years,20-24,111.0,29661.0,374.23
8533,Gonorrhea,280.0,Delaware,2008.0,Male,25-29 years,25-29,103.0,27647.0,372.55
8534,Gonorrhea,280.0,Delaware,2008.0,Male,30-34 years,30-34,62.0,25970.0,238.74
8535,Gonorrhea,280.0,Delaware,2008.0,Male,35-39 years,35-39,33.0,28958.0,113.96
8536,Gonorrhea,280.0,Delaware,2008.0,Male,40+ years,40+,46.0,192887.0,23.85
8537,Gonorrhea,280.0,Delaware,2009.0,Male,0-14 years,0-14,2.0,87622.0,2.28
8538,Gonorrhea,280.0,Delaware,2009.0,Male,15-19 years,15-19,84.0,31110.0,270.01
8539,Gonorrhea,280.0,Delaware,2009.0,Male,20-24 years,20-24,130.0,29304.0,443.62
8540,Gonorrhea,280.0,Delaware,2009.0,Male,25-29 years,25-29,66.0,30224.0,218.37
8541,Gonorrhea,280.0,Delaware,2009.0,Male,30-34 years,30-34,60.0,27247.0,220.21
8542,Gonorrhea,280.0,Delaware,2009.0,Male,35-39 years,35-39,24.0,27668.0,86.74
8543,Gonorrhea,280.0,Delaware,2009.0,Male,40+ years,40+,41.0,196487.0,20.87
8544,Gonorrhea,280.0,Delaware,2010.0,Male,0-14 years,0-14,1.0,86145.0,1.16
8545,Gonorrhea,280.0,Delaware,2010.0,Male,15-19 years,15-19,79.0,32652.0,241.94
8546,Gonorrhea,280.0,Delaware,2010.0,Male,20-24 years,20-24,133.0,31493.0,422.32
8547,Gonorrhea,280.0,Delaware,2010.0,Male,25-29 years,25-29,71.0,28719.0,247.22
8548,Gonorrhea,280.0,Delaware,2010.0,Male,30-34 years,30-34,39.0,26409.0,147.68
8549,Gonorrhea,280.0,Delaware,2010.0,Male,35-39 years,35-39,19.0,27059.0,70.22
8550,Gonorrhea,280.0,Delaware,2010.0,Male,40+ years,40+,47.0,202462.0,23.21
8551,Gonorrhea,280.0,Delaware,2011.0,Male,0-14 years,0-14,3.0,86178.0,3.48
8552,Gonorrhea,280.0,Delaware,2011.0,Male,15-19 years,15-19,65.0,31485.0,206.45
8553,Gonorrhea,280.0,Delaware,2011.0,Male,20-24 years,20-24,117.0,32626.0,358.61
8554,Gonorrhea,280.0,Delaware,2011.0,Male,25-29 years,25-29,69.0,29392.0,234.76
8555,Gonorrhea,280.0,Delaware,2011.0,Male,30-34 years,30-34,35.0,27399.0,127.74
8556,Gonorrhea,280.0,Delaware,2011.0,Male,35-39 years,35-39,24.0,25835.0,92.9
8557,Gonorrhea,280.0,Delaware,2011.0,Male,40+ years,40+,43.0,206921.0,20.78
8558,Gonorrhea,280.0,Delaware,2012.0,Male,0-14 years,0-14,1.0,86751.0,1.15
8559,Gonorrhea,280.0,Delaware,2012.0,Male,15-19 years,15-19,42.0,31197.0,134.63
8560,Gonorrhea,280.0,Delaware,2012.0,Male,20-24 years,20-24,124.0,33263.0,372.79
8561,Gonorrhea,280.0,Delaware,2012.0,Male,25-29 years,25-29,78.0,29785.0,261.88
8562,Gonorrhea,280.0,Delaware,2012.0,Male,30-34 years,30-34,65.0,28158.0,230.84
8563,Gonorrhea,280.0,Delaware,2012.0,Male,35-39 years,35-39,28.0,25405.0,110.22
8564,Gonorrhea,280.0,Delaware,2012.0,Male,40+ years,40+,65.0,209799.0,30.98
8565,Gonorrhea,280.0,Delaware,2013.0,Male,15-19 years,15-19,93.0,30197.0,307.98
8566,Gonorrhea,280.0,Delaware,2013.0,Male,20-24 years,20-24,217.0,32989.0,657.79
8567,Gonorrhea,280.0,Delaware,2013.0,Male,25-29 years,25-29,109.0,30739.0,354.6
8568,Gonorrhea,280.0,Delaware,2013.0,Male,30-34 years,30-34,69.0,28901.0,238.75
8569,Gonorrhea,280.0,Delaware,2013.0,Male,35-39 years,35-39,38.0,25501.0,149.01
8570,Gonorrhea,280.0,Delaware,2013.0,Male,40+ years,40+,101.0,213128.0,47.39
8571,Gonorrhea,280.0,Delaware,2014.0,Male,0-14 years,0-14,3.0,86492.0,3.47
8572,Gonorrhea,280.0,Delaware,2014.0,Male,15-19 years,15-19,74.0,30197.0,245.06
8573,Gonorrhea,280.0,Delaware,2014.0,Male,20-24 years,20-24,174.0,32989.0,527.45
8574,Gonorrhea,280.0,Delaware,2014.0,Male,25-29 years,25-29,117.0,30739.0,380.62
8575,Gonorrhea,280.0,Delaware,2014.0,Male,30-34 years,30-34,92.0,28901.0,318.33
8576,Gonorrhea,280.0,Delaware,2014.0,Male,35-39 years,35-39,42.0,25501.0,164.7
8577,Gonorrhea,280.0,Delaware,2014.0,Male,40+ years,40+,84.0,213128.0,39.41
8578,Gonorrhea,280.0,District of Columbia,1996.0,Male,0-14 years,0-14,17.0,52283.0,32.52
8579,Gonorrhea,280.0,District of Columbia,1996.0,Male,15-19 years,15-19,438.0,15939.0,2747.98
8580,Gonorrhea,280.0,District of Columbia,1996.0,Male,20-24 years,20-24,617.0,20895.0,2952.86
8581,Gonorrhea,280.0,District of Columbia,1996.0,Male,25-29 years,25-29,486.0,30335.0,1602.11
8582,Gonorrhea,280.0,District of Columbia,1996.0,Male,30-34 years,30-34,359.0,26666.0,1346.28
8583,Gonorrhea,280.0,District of Columbia,1996.0,Male,35-39 years,35-39,277.0,23463.0,1180.58
8584,Gonorrhea,280.0,District of Columbia,1996.0,Male,40+ years,40+,341.0,98787.0,345.19
8585,Gonorrhea,280.0,District of Columbia,1996.0,Male,Unknown,99,47.0,,
8586,Gonorrhea,280.0,District of Columbia,1997.0,Male,0-14 years,0-14,20.0,51515.0,38.82
8587,Gonorrhea,280.0,District of Columbia,1997.0,Male,15-19 years,15-19,473.0,16386.0,2886.61
8588,Gonorrhea,280.0,District of Columbia,1997.0,Male,20-24 years,20-24,596.0,20098.0,2965.47
8589,Gonorrhea,280.0,District of Columbia,1997.0,Male,25-29 years,25-29,506.0,30110.0,1680.5
8590,Gonorrhea,280.0,District of Columbia,1997.0,Male,30-34 years,30-34,350.0,26008.0,1345.74
8591,Gonorrhea,280.0,District of Columbia,1997.0,Male,35-39 years,35-39,263.0,23403.0,1123.79
8592,Gonorrhea,280.0,District of Columbia,1997.0,Male,40+ years,40+,383.0,99473.0,385.03
8593,Gonorrhea,280.0,District of Columbia,1997.0,Male,Unknown,99,47.0,,
8594,Gonorrhea,280.0,District of Columbia,1998.0,Male,0-14 years,0-14,22.0,49068.0,44.84
8595,Gonorrhea,280.0,District of Columbia,1998.0,Male,15-19 years,15-19,404.0,16779.0,2407.77
8596,Gonorrhea,280.0,District of Columbia,1998.0,Male,20-24 years,20-24,645.0,20730.0,3111.43
8597,Gonorrhea,280.0,District of Columbia,1998.0,Male,25-29 years,25-29,504.0,28997.0,1738.11
8598,Gonorrhea,280.0,District of Columbia,1998.0,Male,30-34 years,30-34,334.0,25302.0,1320.05
8599,Gonorrhea,280.0,District of Columbia,1998.0,Male,35-39 years,35-39,299.0,23522.0,1271.15
8600,Gonorrhea,280.0,District of Columbia,1998.0,Male,40+ years,40+,360.0,101502.0,354.67
8601,Gonorrhea,280.0,District of Columbia,1998.0,Male,Unknown,99,36.0,,
8602,Gonorrhea,280.0,District of Columbia,1999.0,Male,0-14 years,0-14,19.0,49429.0,38.44
8603,Gonorrhea,280.0,District of Columbia,1999.0,Male,15-19 years,15-19,339.0,17504.0,1936.7
8604,Gonorrhea,280.0,District of Columbia,1999.0,Male,20-24 years,20-24,519.0,22206.0,2337.21
8605,Gonorrhea,280.0,District of Columbia,1999.0,Male,25-29 years,25-29,393.0,27159.0,1447.03
8606,Gonorrhea,280.0,District of Columbia,1999.0,Male,30-34 years,30-34,263.0,24779.0,1061.38
8607,Gonorrhea,280.0,District of Columbia,1999.0,Male,35-39 years,35-39,233.0,23599.0,987.33
8608,Gonorrhea,280.0,District of Columbia,1999.0,Male,40+ years,40+,249.0,103740.0,240.02
8609,Gonorrhea,280.0,District of Columbia,1999.0,Male,Unknown,99,6.0,,
8610,Gonorrhea,280.0,District of Columbia,2000.0,Male,0-14 years,0-14,17.0,47039.0,36.14
8611,Gonorrhea,280.0,District of Columbia,2000.0,Male,15-19 years,15-19,204.0,17070.0,1195.08
8612,Gonorrhea,280.0,District of Columbia,2000.0,Male,20-24 years,20-24,309.0,24223.0,1275.65
8613,Gonorrhea,280.0,District of Columbia,2000.0,Male,25-29 years,25-29,255.0,25560.0,997.65
8614,Gonorrhea,280.0,District of Columbia,2000.0,Male,30-34 years,30-34,217.0,25042.0,866.54
8615,Gonorrhea,280.0,District of Columbia,2000.0,Male,35-39 years,35-39,186.0,23628.0,787.2
8616,Gonorrhea,280.0,District of Columbia,2000.0,Male,40+ years,40+,219.0,106580.0,205.48
8617,Gonorrhea,280.0,District of Columbia,2000.0,Male,Unknown,99,23.0,,
8618,Gonorrhea,280.0,District of Columbia,2001.0,Male,0-14 years,0-14,17.0,48530.0,35.03
8619,Gonorrhea,280.0,District of Columbia,2001.0,Male,15-19 years,15-19,223.0,14836.0,1503.1
8620,Gonorrhea,280.0,District of Columbia,2001.0,Male,20-24 years,20-24,393.0,25009.0,1571.43
8621,Gonorrhea,280.0,District of Columbia,2001.0,Male,25-29 years,25-29,279.0,25328.0,1101.55
8622,Gonorrhea,280.0,District of Columbia,2001.0,Male,30-34 years,30-34,230.0,25435.0,904.27
8623,Gonorrhea,280.0,District of Columbia,2001.0,Male,35-39 years,35-39,189.0,23449.0,806.0
8624,Gonorrhea,280.0,District of Columbia,2001.0,Male,40+ years,40+,278.0,107917.0,257.61
8625,Gonorrhea,280.0,District of Columbia,2001.0,Male,Unknown,99,18.0,,
8626,Gonorrhea,280.0,District of Columbia,2002.0,Male,0-14 years,0-14,6.0,48700.0,12.32
8627,Gonorrhea,280.0,District of Columbia,2002.0,Male,15-19 years,15-19,178.0,13816.0,1288.36
8628,Gonorrhea,280.0,District of Columbia,2002.0,Male,20-24 years,20-24,315.0,24918.0,1264.15
8629,Gonorrhea,280.0,District of Columbia,2002.0,Male,25-29 years,25-29,287.0,25109.0,1143.02
8630,Gonorrhea,280.0,District of Columbia,2002.0,Male,30-34 years,30-34,215.0,25707.0,836.35
8631,Gonorrhea,280.0,District of Columbia,2002.0,Male,35-39 years,35-39,153.0,23033.0,664.26
8632,Gonorrhea,280.0,District of Columbia,2002.0,Male,40+ years,40+,268.0,108365.0,247.31
8633,Gonorrhea,280.0,District of Columbia,2002.0,Male,Unknown,99,14.0,,
8634,Gonorrhea,280.0,District of Columbia,2003.0,Male,0-14 years,0-14,13.0,47208.0,27.54
8635,Gonorrhea,280.0,District of Columbia,2003.0,Male,15-19 years,15-19,240.0,13275.0,1807.91
8636,Gonorrhea,280.0,District of Columbia,2003.0,Male,20-24 years,20-24,339.0,24403.0,1389.17
8637,Gonorrhea,280.0,District of Columbia,2003.0,Male,25-29 years,25-29,245.0,26098.0,938.77
8638,Gonorrhea,280.0,District of Columbia,2003.0,Male,30-34 years,30-34,193.0,25463.0,757.96
8639,Gonorrhea,280.0,District of Columbia,2003.0,Male,35-39 years,35-39,128.0,22104.0,579.08
8640,Gonorrhea,280.0,District of Columbia,2003.0,Male,40+ years,40+,194.0,107537.0,180.4
8641,Gonorrhea,280.0,District of Columbia,2003.0,Male,Unknown,99,9.0,,
8642,Gonorrhea,280.0,District of Columbia,2004.0,Male,0-14 years,0-14,19.0,47622.0,39.9
8643,Gonorrhea,280.0,District of Columbia,2004.0,Male,15-19 years,15-19,201.0,13192.0,1523.65
8644,Gonorrhea,280.0,District of Columbia,2004.0,Male,20-24 years,20-24,276.0,22339.0,1235.51
8645,Gonorrhea,280.0,District of Columbia,2004.0,Male,25-29 years,25-29,233.0,26358.0,883.98
8646,Gonorrhea,280.0,District of Columbia,2004.0,Male,30-34 years,30-34,162.0,24420.0,663.39
8647,Gonorrhea,280.0,District of Columbia,2004.0,Male,35-39 years,35-39,128.0,21263.0,601.99
8648,Gonorrhea,280.0,District of Columbia,2004.0,Male,40+ years,40+,244.0,106536.0,229.03
8649,Gonorrhea,280.0,District of Columbia,2004.0,Male,Unknown,99,6.0,,
8650,Gonorrhea,280.0,District of Columbia,2005.0,Male,0-14 years,0-14,8.0,48779.0,16.4
8651,Gonorrhea,280.0,District of Columbia,2005.0,Male,15-19 years,15-19,189.0,13751.0,1374.45
8652,Gonorrhea,280.0,District of Columbia,2005.0,Male,20-24 years,20-24,283.0,19966.0,1417.41
8653,Gonorrhea,280.0,District of Columbia,2005.0,Male,25-29 years,25-29,178.0,27347.0,650.89
8654,Gonorrhea,280.0,District of Columbia,2005.0,Male,30-34 years,30-34,142.0,23246.0,610.86
8655,Gonorrhea,280.0,District of Columbia,2005.0,Male,35-39 years,35-39,117.0,21071.0,555.27
8656,Gonorrhea,280.0,District of Columbia,2005.0,Male,40+ years,40+,190.0,106978.0,177.61
8657,Gonorrhea,280.0,District of Columbia,2005.0,Male,Unknown,99,6.0,,
8658,Gonorrhea,280.0,District of Columbia,2006.0,Male,0-14 years,0-14,5.0,48391.0,10.33
8659,Gonorrhea,280.0,District of Columbia,2006.0,Male,15-19 years,15-19,164.0,18658.0,878.98
8660,Gonorrhea,280.0,District of Columbia,2006.0,Male,20-24 years,20-24,275.0,23426.0,1173.91
8661,Gonorrhea,280.0,District of Columbia,2006.0,Male,25-29 years,25-29,203.0,25867.0,784.78
8662,Gonorrhea,280.0,District of Columbia,2006.0,Male,30-34 years,30-34,129.0,23375.0,551.87
8663,Gonorrhea,280.0,District of Columbia,2006.0,Male,35-39 years,35-39,121.0,21851.0,553.75
8664,Gonorrhea,280.0,District of Columbia,2006.0,Male,40+ years,40+,165.0,111096.0,148.52
8665,Gonorrhea,280.0,District of Columbia,2006.0,Male,Unknown,99,10.0,,
8666,Gonorrhea,280.0,District of Columbia,2007.0,Male,0-14 years,0-14,10.0,48015.0,20.83
8667,Gonorrhea,280.0,District of Columbia,2007.0,Male,15-19 years,15-19,236.0,19240.0,1226.61
8668,Gonorrhea,280.0,District of Columbia,2007.0,Male,20-24 years,20-24,345.0,24471.0,1409.83
8669,Gonorrhea,280.0,District of Columbia,2007.0,Male,25-29 years,25-29,218.0,28387.0,767.96
8670,Gonorrhea,280.0,District of Columbia,2007.0,Male,30-34 years,30-34,142.0,23823.0,596.06
8671,Gonorrhea,280.0,District of Columbia,2007.0,Male,35-39 years,35-39,128.0,22229.0,575.82
8672,Gonorrhea,280.0,District of Columbia,2007.0,Male,40+ years,40+,200.0,111942.0,178.66
8673,Gonorrhea,280.0,District of Columbia,2007.0,Male,Unknown,99,5.0,,
8674,Gonorrhea,280.0,District of Columbia,2008.0,Male,0-14 years,0-14,10.0,47477.0,21.06
8675,Gonorrhea,280.0,District of Columbia,2008.0,Male,15-19 years,15-19,329.0,19539.0,1683.81
8676,Gonorrhea,280.0,District of Columbia,2008.0,Male,20-24 years,20-24,384.0,24801.0,1548.32
8677,Gonorrhea,280.0,District of Columbia,2008.0,Male,25-29 years,25-29,216.0,29061.0,743.26
8678,Gonorrhea,280.0,District of Columbia,2008.0,Male,30-34 years,30-34,141.0,23479.0,600.54
8679,Gonorrhea,280.0,District of Columbia,2008.0,Male,35-39 years,35-39,111.0,22324.0,497.22
8680,Gonorrhea,280.0,District of Columbia,2008.0,Male,40+ years,40+,192.0,113199.0,169.61
8681,Gonorrhea,280.0,District of Columbia,2009.0,Male,0-14 years,0-14,11.0,48700.0,22.59
8682,Gonorrhea,280.0,District of Columbia,2009.0,Male,15-19 years,15-19,324.0,19715.0,1643.42
8683,Gonorrhea,280.0,District of Columbia,2009.0,Male,20-24 years,20-24,359.0,22833.0,1572.29
8684,Gonorrhea,280.0,District of Columbia,2009.0,Male,25-29 years,25-29,213.0,28405.0,749.87
8685,Gonorrhea,280.0,District of Columbia,2009.0,Male,30-34 years,30-34,123.0,25239.0,487.34
8686,Gonorrhea,280.0,District of Columbia,2009.0,Male,35-39 years,35-39,111.0,22334.0,497.0
8687,Gonorrhea,280.0,District of Columbia,2009.0,Male,40+ years,40+,187.0,115837.0,161.43
8688,Gonorrhea,280.0,District of Columbia,2010.0,Male,0-14 years,0-14,14.0,42372.0,33.04
8689,Gonorrhea,280.0,District of Columbia,2010.0,Male,15-19 years,15-19,249.0,18951.0,1313.91
8690,Gonorrhea,280.0,District of Columbia,2010.0,Male,20-24 years,20-24,262.0,28801.0,909.69
8691,Gonorrhea,280.0,District of Columbia,2010.0,Male,25-29 years,25-29,195.0,32167.0,606.21
8692,Gonorrhea,280.0,District of Columbia,2010.0,Male,30-34 years,30-34,113.0,26617.0,424.54
8693,Gonorrhea,280.0,District of Columbia,2010.0,Male,35-39 years,35-39,57.0,21447.0,265.77
8694,Gonorrhea,280.0,District of Columbia,2010.0,Male,40+ years,40+,136.0,113867.0,119.44
8695,Gonorrhea,280.0,District of Columbia,2010.0,Male,Unknown,99,2.0,,
8696,Gonorrhea,280.0,District of Columbia,2011.0,Male,0-14 years,0-14,9.0,45104.0,19.95
8697,Gonorrhea,280.0,District of Columbia,2011.0,Male,15-19 years,15-19,268.0,18654.0,1436.69
8698,Gonorrhea,280.0,District of Columbia,2011.0,Male,20-24 years,20-24,406.0,27531.0,1474.7
8699,Gonorrhea,280.0,District of Columbia,2011.0,Male,25-29 years,25-29,272.0,33817.0,804.33
8700,Gonorrhea,280.0,District of Columbia,2011.0,Male,30-34 years,30-34,150.0,28833.0,520.24
8701,Gonorrhea,280.0,District of Columbia,2011.0,Male,35-39 years,35-39,78.0,21636.0,360.51
8702,Gonorrhea,280.0,District of Columbia,2011.0,Male,40+ years,40+,176.0,116646.0,150.88
8703,Gonorrhea,280.0,District of Columbia,2011.0,Male,Unknown,99,1.0,,
8704,Gonorrhea,280.0,District of Columbia,2012.0,Male,0-14 years,0-14,9.0,47250.0,19.05
8705,Gonorrhea,280.0,District of Columbia,2012.0,Male,15-19 years,15-19,210.0,18409.0,1140.75
8706,Gonorrhea,280.0,District of Columbia,2012.0,Male,20-24 years,20-24,375.0,27114.0,1383.05
8707,Gonorrhea,280.0,District of Columbia,2012.0,Male,25-29 years,25-29,298.0,34790.0,856.57
8708,Gonorrhea,280.0,District of Columbia,2012.0,Male,30-34 years,30-34,194.0,30830.0,629.26
8709,Gonorrhea,280.0,District of Columbia,2012.0,Male,35-39 years,35-39,95.0,22337.0,425.3
8710,Gonorrhea,280.0,District of Columbia,2012.0,Male,40+ years,40+,205.0,118311.0,173.27
8711,Gonorrhea,280.0,District of Columbia,2013.0,Male,0-14 years,0-14,9.0,48634.0,18.51
8712,Gonorrhea,280.0,District of Columbia,2013.0,Male,15-19 years,15-19,196.0,17750.0,1104.23
8713,Gonorrhea,280.0,District of Columbia,2013.0,Male,20-24 years,20-24,440.0,27109.0,1623.08
8714,Gonorrhea,280.0,District of Columbia,2013.0,Male,25-29 years,25-29,328.0,35179.0,932.37
8715,Gonorrhea,280.0,District of Columbia,2013.0,Male,30-34 years,30-34,215.0,33116.0,649.23
8716,Gonorrhea,280.0,District of Columbia,2013.0,Male,35-39 years,35-39,86.0,23711.0,362.7
8717,Gonorrhea,280.0,District of Columbia,2013.0,Male,40+ years,40+,241.0,120751.0,199.58
8718,Gonorrhea,280.0,District of Columbia,2013.0,Male,Unknown,99,4.0,,
8719,Gonorrhea,280.0,District of Columbia,2014.0,Male,0-14 years,0-14,7.0,48634.0,14.39
8720,Gonorrhea,280.0,District of Columbia,2014.0,Male,15-19 years,15-19,115.0,17750.0,647.89
8721,Gonorrhea,280.0,District of Columbia,2014.0,Male,20-24 years,20-24,253.0,27109.0,933.27
8722,Gonorrhea,280.0,District of Columbia,2014.0,Male,25-29 years,25-29,237.0,35179.0,673.7
8723,Gonorrhea,280.0,District of Columbia,2014.0,Male,30-34 years,30-34,154.0,33116.0,465.03
8724,Gonorrhea,280.0,District of Columbia,2014.0,Male,35-39 years,35-39,74.0,23711.0,312.09
8725,Gonorrhea,280.0,District of Columbia,2014.0,Male,40+ years,40+,162.0,120751.0,134.16
8726,Gonorrhea,280.0,District of Columbia,2014.0,Male,Unknown,99,9.0,,
8727,Gonorrhea,280.0,Florida,1996.0,Male,0-14 years,0-14,60.0,1478902.0,4.06
8728,Gonorrhea,280.0,Florida,1996.0,Male,15-19 years,15-19,2046.0,459035.0,445.72
8729,Gonorrhea,280.0,Florida,1996.0,Male,20-24 years,20-24,2764.0,439682.0,628.64
8730,Gonorrhea,280.0,Florida,1996.0,Male,25-29 years,25-29,1769.0,492711.0,359.03
8731,Gonorrhea,280.0,Florida,1996.0,Male,30-34 years,30-34,1173.0,593562.0,197.62
8732,Gonorrhea,280.0,Florida,1996.0,Male,35-39 years,35-39,822.0,598891.0,137.25
8733,Gonorrhea,280.0,Florida,1996.0,Male,40+ years,40+,1125.0,3164880.0,35.55
8734,Gonorrhea,280.0,Florida,1997.0,Male,0-14 years,0-14,49.0,1502327.0,3.26
8735,Gonorrhea,280.0,Florida,1997.0,Male,15-19 years,15-19,1826.0,478026.0,381.99
8736,Gonorrhea,280.0,Florida,1997.0,Male,20-24 years,20-24,2714.0,445516.0,609.18
8737,Gonorrhea,280.0,Florida,1997.0,Male,25-29 years,25-29,1620.0,497938.0,325.34
8738,Gonorrhea,280.0,Florida,1997.0,Male,30-34 years,30-34,1201.0,583711.0,205.75
8739,Gonorrhea,280.0,Florida,1997.0,Male,35-39 years,35-39,880.0,613941.0,143.34
8740,Gonorrhea,280.0,Florida,1997.0,Male,40+ years,40+,1259.0,3276399.0,38.43
8741,Gonorrhea,280.0,Florida,1997.0,Male,Unknown,99,17.0,,
8742,Gonorrhea,280.0,Florida,1998.0,Male,0-14 years,0-14,50.0,1522308.0,3.28
8743,Gonorrhea,280.0,Florida,1998.0,Male,15-19 years,15-19,1704.0,495968.0,343.57
8744,Gonorrhea,280.0,Florida,1998.0,Male,20-24 years,20-24,2759.0,453338.0,608.6
8745,Gonorrhea,280.0,Florida,1998.0,Male,25-29 years,25-29,1834.0,501893.0,365.42
8746,Gonorrhea,280.0,Florida,1998.0,Male,30-34 years,30-34,1228.0,567408.0,216.42
8747,Gonorrhea,280.0,Florida,1998.0,Male,35-39 years,35-39,1004.0,624739.0,160.71
8748,Gonorrhea,280.0,Florida,1998.0,Male,40+ years,40+,1455.0,3382194.0,43.02
8749,Gonorrhea,280.0,Florida,1998.0,Male,Unknown,99,20.0,,
8750,Gonorrhea,280.0,Florida,1999.0,Male,0-14 years,0-14,67.0,1543232.0,4.34
8751,Gonorrhea,280.0,Florida,1999.0,Male,15-19 years,15-19,1982.0,510367.0,388.35
8752,Gonorrhea,280.0,Florida,1999.0,Male,20-24 years,20-24,3118.0,464440.0,671.35
8753,Gonorrhea,280.0,Florida,1999.0,Male,25-29 years,25-29,2153.0,503190.0,427.87
8754,Gonorrhea,280.0,Florida,1999.0,Male,30-34 years,30-34,1397.0,553436.0,252.42
8755,Gonorrhea,280.0,Florida,1999.0,Male,35-39 years,35-39,1164.0,630922.0,184.49
8756,Gonorrhea,280.0,Florida,1999.0,Male,40+ years,40+,1806.0,3479987.0,51.9
8757,Gonorrhea,280.0,Florida,1999.0,Male,Unknown,99,110.0,,
8758,Gonorrhea,280.0,Florida,2000.0,Male,0-14 years,0-14,51.0,1608866.0,3.17
8759,Gonorrhea,280.0,Florida,2000.0,Male,15-19 years,15-19,2149.0,527293.0,407.55
8760,Gonorrhea,280.0,Florida,2000.0,Male,20-24 years,20-24,3381.0,475474.0,711.08
8761,Gonorrhea,280.0,Florida,2000.0,Male,25-29 years,25-29,2143.0,496454.0,431.66
8762,Gonorrhea,280.0,Florida,2000.0,Male,30-34 years,30-34,1403.0,544997.0,257.43
8763,Gonorrhea,280.0,Florida,2000.0,Male,35-39 years,35-39,1103.0,622887.0,177.08
8764,Gonorrhea,280.0,Florida,2000.0,Male,40+ years,40+,1628.0,3558846.0,45.75
8765,Gonorrhea,280.0,Florida,2000.0,Male,Unknown,99,61.0,,
8766,Gonorrhea,280.0,Florida,2001.0,Male,0-14 years,0-14,57.0,1615569.0,3.53
8767,Gonorrhea,280.0,Florida,2001.0,Male,15-19 years,15-19,1980.0,539073.0,367.3
8768,Gonorrhea,280.0,Florida,2001.0,Male,20-24 years,20-24,3352.0,498024.0,673.06
8769,Gonorrhea,280.0,Florida,2001.0,Male,25-29 years,25-29,1943.0,496091.0,391.66
8770,Gonorrhea,280.0,Florida,2001.0,Male,30-34 years,30-34,1362.0,554699.0,245.54
8771,Gonorrhea,280.0,Florida,2001.0,Male,35-39 years,35-39,997.0,623123.0,160.0
8772,Gonorrhea,280.0,Florida,2001.0,Male,40+ years,40+,1419.0,3671873.0,38.65
8773,Gonorrhea,280.0,Florida,2001.0,Male,Unknown,99,39.0,,
8774,Gonorrhea,280.0,Florida,2002.0,Male,0-14 years,0-14,52.0,1651112.0,3.15
8775,Gonorrhea,280.0,Florida,2002.0,Male,15-19 years,15-19,1751.0,552095.0,317.16
8776,Gonorrhea,280.0,Florida,2002.0,Male,20-24 years,20-24,3310.0,507354.0,652.4
8777,Gonorrhea,280.0,Florida,2002.0,Male,25-29 years,25-29,1944.0,492839.0,394.45
8778,Gonorrhea,280.0,Florida,2002.0,Male,30-34 years,30-34,1308.0,561027.0,233.14
8779,Gonorrhea,280.0,Florida,2002.0,Male,35-39 years,35-39,1003.0,613681.0,163.44
8780,Gonorrhea,280.0,Florida,2002.0,Male,40+ years,40+,1564.0,3793095.0,41.23
8781,Gonorrhea,280.0,Florida,2002.0,Male,Unknown,99,43.0,,
8782,Gonorrhea,280.0,Florida,2003.0,Male,0-14 years,0-14,50.0,1667320.0,3.0
8783,Gonorrhea,280.0,Florida,2003.0,Male,15-19 years,15-19,1523.0,565167.0,269.48
8784,Gonorrhea,280.0,Florida,2003.0,Male,20-24 years,20-24,2830.0,547373.0,517.01
8785,Gonorrhea,280.0,Florida,2003.0,Male,25-29 years,25-29,1700.0,507465.0,335.0
8786,Gonorrhea,280.0,Florida,2003.0,Male,30-34 years,30-34,1171.0,565289.0,207.15
8787,Gonorrhea,280.0,Florida,2003.0,Male,35-39 years,35-39,828.0,604553.0,136.96
8788,Gonorrhea,280.0,Florida,2003.0,Male,40+ years,40+,1423.0,3877527.0,36.7
8789,Gonorrhea,280.0,Florida,2003.0,Male,Unknown,99,30.0,,
8790,Gonorrhea,280.0,Florida,2004.0,Male,0-14 years,0-14,22.0,1696286.0,1.3
8791,Gonorrhea,280.0,Florida,2004.0,Male,15-19 years,15-19,1499.0,582885.0,257.17
8792,Gonorrhea,280.0,Florida,2004.0,Male,20-24 years,20-24,2671.0,569227.0,469.23
8793,Gonorrhea,280.0,Florida,2004.0,Male,25-29 years,25-29,1643.0,523708.0,313.72
8794,Gonorrhea,280.0,Florida,2004.0,Male,30-34 years,30-34,1111.0,565863.0,196.34
8795,Gonorrhea,280.0,Florida,2004.0,Male,35-39 years,35-39,800.0,597112.0,133.98
8796,Gonorrhea,280.0,Florida,2004.0,Male,40+ years,40+,1453.0,3989317.0,36.42
8797,Gonorrhea,280.0,Florida,2004.0,Male,Unknown,99,10.0,,
8798,Gonorrhea,280.0,Florida,2005.0,Male,0-14 years,0-14,37.0,1715287.0,2.16
8799,Gonorrhea,280.0,Florida,2005.0,Male,15-19 years,15-19,1718.0,599827.0,286.42
8800,Gonorrhea,280.0,Florida,2005.0,Male,20-24 years,20-24,2868.0,586927.0,488.65
8801,Gonorrhea,280.0,Florida,2005.0,Male,25-29 years,25-29,1785.0,544282.0,327.95
8802,Gonorrhea,280.0,Florida,2005.0,Male,30-34 years,30-34,1122.0,559232.0,200.63
8803,Gonorrhea,280.0,Florida,2005.0,Male,35-39 years,35-39,861.0,598711.0,143.81
8804,Gonorrhea,280.0,Florida,2005.0,Male,40+ years,40+,1615.0,4120460.0,39.19
8805,Gonorrhea,280.0,Florida,2005.0,Male,Unknown,99,15.0,,
8806,Gonorrhea,280.0,Florida,2006.0,Male,0-14 years,0-14,48.0,1691164.0,2.84
8807,Gonorrhea,280.0,Florida,2006.0,Male,15-19 years,15-19,2132.0,593183.0,359.42
8808,Gonorrhea,280.0,Florida,2006.0,Male,20-24 years,20-24,3494.0,599289.0,583.02
8809,Gonorrhea,280.0,Florida,2006.0,Male,25-29 years,25-29,2024.0,604260.0,334.95
8810,Gonorrhea,280.0,Florida,2006.0,Male,30-34 years,30-34,1194.0,567692.0,210.32
8811,Gonorrhea,280.0,Florida,2006.0,Male,35-39 years,35-39,886.0,621938.0,142.46
8812,Gonorrhea,280.0,Florida,2006.0,Male,40+ years,40+,1745.0,4206609.0,41.48
8813,Gonorrhea,280.0,Florida,2006.0,Male,Unknown,99,23.0,,
8814,Gonorrhea,280.0,Florida,2007.0,Male,0-14 years,0-14,44.0,1703747.0,2.58
8815,Gonorrhea,280.0,Florida,2007.0,Male,15-19 years,15-19,2186.0,599015.0,364.93
8816,Gonorrhea,280.0,Florida,2007.0,Male,20-24 years,20-24,3518.0,596665.0,589.61
8817,Gonorrhea,280.0,Florida,2007.0,Male,25-29 years,25-29,2125.0,614817.0,345.63
8818,Gonorrhea,280.0,Florida,2007.0,Male,30-34 years,30-34,1150.0,561008.0,204.99
8819,Gonorrhea,280.0,Florida,2007.0,Male,35-39 years,35-39,790.0,618047.0,127.82
8820,Gonorrhea,280.0,Florida,2007.0,Male,40+ years,40+,1703.0,4275544.0,39.83
8821,Gonorrhea,280.0,Florida,2007.0,Male,Unknown,99,11.0,,
8822,Gonorrhea,280.0,Florida,2008.0,Male,0-14 years,0-14,44.0,1692221.0,2.6
8823,Gonorrhea,280.0,Florida,2008.0,Male,15-19 years,15-19,2150.0,596666.0,360.34
8824,Gonorrhea,280.0,Florida,2008.0,Male,20-24 years,20-24,3371.0,593823.0,567.68
8825,Gonorrhea,280.0,Florida,2008.0,Male,25-29 years,25-29,2081.0,621668.0,334.75
8826,Gonorrhea,280.0,Florida,2008.0,Male,30-34 years,30-34,1119.0,560509.0,199.64
8827,Gonorrhea,280.0,Florida,2008.0,Male,35-39 years,35-39,726.0,610211.0,118.97
8828,Gonorrhea,280.0,Florida,2008.0,Male,40+ years,40+,1494.0,4330184.0,34.5
8829,Gonorrhea,280.0,Florida,2008.0,Male,Unknown,99,10.0,,
8830,Gonorrhea,280.0,Florida,2009.0,Male,0-14 years,0-14,34.0,1723356.0,1.97
8831,Gonorrhea,280.0,Florida,2009.0,Male,15-19 years,15-19,1927.0,601592.0,320.32
8832,Gonorrhea,280.0,Florida,2009.0,Male,20-24 years,20-24,3309.0,619809.0,533.87
8833,Gonorrhea,280.0,Florida,2009.0,Male,25-29 years,25-29,1835.0,641524.0,286.04
8834,Gonorrhea,280.0,Florida,2009.0,Male,30-34 years,30-34,1037.0,577296.0,179.63
8835,Gonorrhea,280.0,Florida,2009.0,Male,35-39 years,35-39,667.0,603038.0,110.61
8836,Gonorrhea,280.0,Florida,2009.0,Male,40+ years,40+,1282.0,4357311.0,29.42
8837,Gonorrhea,280.0,Florida,2009.0,Male,Unknown,99,8.0,,
8838,Gonorrhea,280.0,Florida,2010.0,Male,0-14 years,0-14,32.0,1677727.0,1.91
8839,Gonorrhea,280.0,Florida,2010.0,Male,15-19 years,15-19,2008.0,631287.0,318.08
8840,Gonorrhea,280.0,Florida,2010.0,Male,20-24 years,20-24,3329.0,627063.0,530.89
8841,Gonorrhea,280.0,Florida,2010.0,Male,25-29 years,25-29,1797.0,594897.0,302.07
8842,Gonorrhea,280.0,Florida,2010.0,Male,30-34 years,30-34,962.0,555239.0,173.26
8843,Gonorrhea,280.0,Florida,2010.0,Male,35-39 years,35-39,577.0,585141.0,98.61
8844,Gonorrhea,280.0,Florida,2010.0,Male,40+ years,40+,1196.0,4518001.0,26.47
8845,Gonorrhea,280.0,Florida,2010.0,Male,Unknown,99,5.0,,
8846,Gonorrhea,280.0,Florida,2011.0,Male,0-14 years,0-14,27.0,1678660.0,1.61
8847,Gonorrhea,280.0,Florida,2011.0,Male,15-19 years,15-19,1658.0,616167.0,269.08
8848,Gonorrhea,280.0,Florida,2011.0,Male,20-24 years,20-24,3192.0,655862.0,486.69
8849,Gonorrhea,280.0,Florida,2011.0,Male,25-29 years,25-29,1923.0,610109.0,315.19
8850,Gonorrhea,280.0,Florida,2011.0,Male,30-34 years,30-34,983.0,571595.0,171.97
8851,Gonorrhea,280.0,Florida,2011.0,Male,35-39 years,35-39,577.0,569235.0,101.36
8852,Gonorrhea,280.0,Florida,2011.0,Male,40+ years,40+,1312.0,4619748.0,28.4
8853,Gonorrhea,280.0,Florida,2011.0,Male,Unknown,99,3.0,,
8854,Gonorrhea,280.0,Florida,2012.0,Male,0-14 years,0-14,29.0,1685045.0,1.72
8855,Gonorrhea,280.0,Florida,2012.0,Male,15-19 years,15-19,1466.0,606461.0,241.73
8856,Gonorrhea,280.0,Florida,2012.0,Male,20-24 years,20-24,3145.0,671588.0,468.29
8857,Gonorrhea,280.0,Florida,2012.0,Male,25-29 years,25-29,1890.0,623251.0,303.25
8858,Gonorrhea,280.0,Florida,2012.0,Male,30-34 years,30-34,1194.0,589227.0,202.64
8859,Gonorrhea,280.0,Florida,2012.0,Male,35-39 years,35-39,669.0,565615.0,118.28
8860,Gonorrhea,280.0,Florida,2012.0,Male,40+ years,40+,1496.0,4706640.0,31.78
8861,Gonorrhea,280.0,Florida,2012.0,Male,Unknown,99,3.0,,
8862,Gonorrhea,280.0,Florida,2013.0,Male,0-14 years,0-14,29.0,1698005.0,1.71
8863,Gonorrhea,280.0,Florida,2013.0,Male,15-19 years,15-19,1404.0,603097.0,232.8
8864,Gonorrhea,280.0,Florida,2013.0,Male,20-24 years,20-24,3370.0,670977.0,502.25
8865,Gonorrhea,280.0,Florida,2013.0,Male,25-29 years,25-29,2206.0,639542.0,344.93
8866,Gonorrhea,280.0,Florida,2013.0,Male,30-34 years,30-34,1344.0,602539.0,223.06
8867,Gonorrhea,280.0,Florida,2013.0,Male,35-39 years,35-39,795.0,566486.0,140.34
8868,Gonorrhea,280.0,Florida,2013.0,Male,40+ years,40+,1899.0,4782001.0,39.71
8869,Gonorrhea,280.0,Florida,2013.0,Male,Unknown,99,2.0,,
8870,Gonorrhea,280.0,Florida,2014.0,Male,0-14 years,0-14,32.0,1698005.0,1.88
8871,Gonorrhea,280.0,Florida,2014.0,Male,15-19 years,15-19,1369.0,603097.0,227.0
8872,Gonorrhea,280.0,Florida,2014.0,Male,20-24 years,20-24,3485.0,670977.0,519.39
8873,Gonorrhea,280.0,Florida,2014.0,Male,25-29 years,25-29,2446.0,639542.0,382.46
8874,Gonorrhea,280.0,Florida,2014.0,Male,30-34 years,30-34,1482.0,602539.0,245.96
8875,Gonorrhea,280.0,Florida,2014.0,Male,35-39 years,35-39,873.0,566486.0,154.11
8876,Gonorrhea,280.0,Florida,2014.0,Male,40+ years,40+,1998.0,4782001.0,41.78
8877,Gonorrhea,280.0,Florida,2014.0,Male,Unknown,99,1.0,,
8878,Gonorrhea,280.0,Georgia,1996.0,Male,0-14 years,0-14,63.0,850208.0,7.41
8879,Gonorrhea,280.0,Georgia,1996.0,Male,15-19 years,15-19,2082.0,281532.0,739.52
8880,Gonorrhea,280.0,Georgia,1996.0,Male,20-24 years,20-24,2818.0,273930.0,1028.73
8881,Gonorrhea,280.0,Georgia,1996.0,Male,25-29 years,25-29,1643.0,303383.0,541.56
8882,Gonorrhea,280.0,Georgia,1996.0,Male,30-34 years,30-34,1162.0,334743.0,347.13
8883,Gonorrhea,280.0,Georgia,1996.0,Male,35-39 years,35-39,895.0,323687.0,276.5
8884,Gonorrhea,280.0,Georgia,1996.0,Male,40+ years,40+,1110.0,1296445.0,85.62
8885,Gonorrhea,280.0,Georgia,1996.0,Male,Unknown,99,227.0,,
8886,Gonorrhea,280.0,Georgia,1997.0,Male,0-14 years,0-14,56.0,866082.0,6.47
8887,Gonorrhea,280.0,Georgia,1997.0,Male,15-19 years,15-19,1709.0,291375.0,586.53
8888,Gonorrhea,280.0,Georgia,1997.0,Male,20-24 years,20-24,2431.0,278365.0,873.31
8889,Gonorrhea,280.0,Georgia,1997.0,Male,25-29 years,25-29,1540.0,311875.0,493.79
8890,Gonorrhea,280.0,Georgia,1997.0,Male,30-34 years,30-34,1052.0,334089.0,314.89
8891,Gonorrhea,280.0,Georgia,1997.0,Male,35-39 years,35-39,791.0,331518.0,238.6
8892,Gonorrhea,280.0,Georgia,1997.0,Male,40+ years,40+,1064.0,1346503.0,79.02
8893,Gonorrhea,280.0,Georgia,1997.0,Male,Unknown,99,272.0,,
8894,Gonorrhea,280.0,Georgia,1998.0,Male,0-14 years,0-14,59.0,887035.0,6.65
8895,Gonorrhea,280.0,Georgia,1998.0,Male,15-19 years,15-19,1891.0,299780.0,630.8
8896,Gonorrhea,280.0,Georgia,1998.0,Male,20-24 years,20-24,2884.0,285325.0,1010.78
8897,Gonorrhea,280.0,Georgia,1998.0,Male,25-29 years,25-29,2002.0,318274.0,629.02
8898,Gonorrhea,280.0,Georgia,1998.0,Male,30-34 years,30-34,1237.0,331081.0,373.62
8899,Gonorrhea,280.0,Georgia,1998.0,Male,35-39 years,35-39,985.0,338231.0,291.22
8900,Gonorrhea,280.0,Georgia,1998.0,Male,40+ years,40+,1288.0,1393308.0,92.44
8901,Gonorrhea,280.0,Georgia,1998.0,Male,Unknown,99,221.0,,
8902,Gonorrhea,280.0,Georgia,1999.0,Male,0-14 years,0-14,69.0,912075.0,7.57
8903,Gonorrhea,280.0,Georgia,1999.0,Male,15-19 years,15-19,2052.0,305823.0,670.98
8904,Gonorrhea,280.0,Georgia,1999.0,Male,20-24 years,20-24,3117.0,295859.0,1053.54
8905,Gonorrhea,280.0,Georgia,1999.0,Male,25-29 years,25-29,2047.0,322683.0,634.37
8906,Gonorrhea,280.0,Georgia,1999.0,Male,30-34 years,30-34,1281.0,328935.0,389.44
8907,Gonorrhea,280.0,Georgia,1999.0,Male,35-39 years,35-39,1044.0,344452.0,303.09
8908,Gonorrhea,280.0,Georgia,1999.0,Male,40+ years,40+,1471.0,1440107.0,102.14
8909,Gonorrhea,280.0,Georgia,1999.0,Male,Unknown,99,10.0,,
8910,Gonorrhea,280.0,Georgia,2000.0,Male,0-14 years,0-14,62.0,942882.0,6.58
8911,Gonorrhea,280.0,Georgia,2000.0,Male,15-19 years,15-19,1868.0,310574.0,601.47
8912,Gonorrhea,280.0,Georgia,2000.0,Male,20-24 years,20-24,3108.0,308289.0,1008.14
8913,Gonorrhea,280.0,Georgia,2000.0,Male,25-29 years,25-29,1868.0,323529.0,577.38
8914,Gonorrhea,280.0,Georgia,2000.0,Male,30-34 years,30-34,1203.0,332819.0,361.46
8915,Gonorrhea,280.0,Georgia,2000.0,Male,35-39 years,35-39,956.0,347535.0,275.08
8916,Gonorrhea,280.0,Georgia,2000.0,Male,40+ years,40+,1244.0,1486057.0,83.71
8917,Gonorrhea,280.0,Georgia,2001.0,Male,0-14 years,0-14,54.0,955823.0,5.65
8918,Gonorrhea,280.0,Georgia,2001.0,Male,15-19 years,15-19,1782.0,311455.0,572.15
8919,Gonorrhea,280.0,Georgia,2001.0,Male,20-24 years,20-24,2856.0,317785.0,898.72
8920,Gonorrhea,280.0,Georgia,2001.0,Male,25-29 years,25-29,1742.0,321995.0,541.0
8921,Gonorrhea,280.0,Georgia,2001.0,Male,30-34 years,30-34,1048.0,344239.0,304.44
8922,Gonorrhea,280.0,Georgia,2001.0,Male,35-39 years,35-39,757.0,351534.0,215.34
8923,Gonorrhea,280.0,Georgia,2001.0,Male,40+ years,40+,1085.0,1536586.0,70.61
8924,Gonorrhea,280.0,Georgia,2001.0,Male,Unknown,99,1.0,,
8925,Gonorrhea,280.0,Georgia,2002.0,Male,0-14 years,0-14,54.0,973343.0,5.55
8926,Gonorrhea,280.0,Georgia,2002.0,Male,15-19 years,15-19,1603.0,313228.0,511.77
8927,Gonorrhea,280.0,Georgia,2002.0,Male,20-24 years,20-24,2737.0,326936.0,837.17
8928,Gonorrhea,280.0,Georgia,2002.0,Male,25-29 years,25-29,1695.0,320968.0,528.09
8929,Gonorrhea,280.0,Georgia,2002.0,Male,30-34 years,30-34,1013.0,353958.0,286.19
8930,Gonorrhea,280.0,Georgia,2002.0,Male,35-39 years,35-39,749.0,351336.0,213.19
8931,Gonorrhea,280.0,Georgia,2002.0,Male,40+ years,40+,1077.0,1578207.0,68.24
8932,Gonorrhea,280.0,Georgia,2002.0,Male,Unknown,99,85.0,,
8933,Gonorrhea,280.0,Georgia,2003.0,Male,0-14 years,0-14,58.0,984848.0,5.89
8934,Gonorrhea,280.0,Georgia,2003.0,Male,15-19 years,15-19,1427.0,316638.0,450.67
8935,Gonorrhea,280.0,Georgia,2003.0,Male,20-24 years,20-24,2498.0,338418.0,738.14
8936,Gonorrhea,280.0,Georgia,2003.0,Male,25-29 years,25-29,1528.0,328679.0,464.89
8937,Gonorrhea,280.0,Georgia,2003.0,Male,30-34 years,30-34,1020.0,357539.0,285.28
8938,Gonorrhea,280.0,Georgia,2003.0,Male,35-39 years,35-39,797.0,346422.0,230.07
8939,Gonorrhea,280.0,Georgia,2003.0,Male,40+ years,40+,1056.0,1614136.0,65.42
8940,Gonorrhea,280.0,Georgia,2003.0,Male,Unknown,99,103.0,,
8941,Gonorrhea,280.0,Georgia,2004.0,Male,0-14 years,0-14,59.0,998888.0,5.91
8942,Gonorrhea,280.0,Georgia,2004.0,Male,15-19 years,15-19,1381.0,322540.0,428.16
8943,Gonorrhea,280.0,Georgia,2004.0,Male,20-24 years,20-24,2197.0,343146.0,640.25
8944,Gonorrhea,280.0,Georgia,2004.0,Male,25-29 years,25-29,1452.0,336499.0,431.5
8945,Gonorrhea,280.0,Georgia,2004.0,Male,30-34 years,30-34,835.0,359460.0,232.29
8946,Gonorrhea,280.0,Georgia,2004.0,Male,35-39 years,35-39,609.0,344056.0,177.01
8947,Gonorrhea,280.0,Georgia,2004.0,Male,40+ years,40+,970.0,1660834.0,58.4
8948,Gonorrhea,280.0,Georgia,2004.0,Male,Unknown,99,93.0,,
8949,Gonorrhea,280.0,Georgia,2005.0,Male,0-14 years,0-14,56.0,1006336.0,5.56
8950,Gonorrhea,280.0,Georgia,2005.0,Male,15-19 years,15-19,1475.0,332684.0,443.36
8951,Gonorrhea,280.0,Georgia,2005.0,Male,20-24 years,20-24,2287.0,350197.0,653.06
8952,Gonorrhea,280.0,Georgia,2005.0,Male,25-29 years,25-29,1469.0,352514.0,416.72
8953,Gonorrhea,280.0,Georgia,2005.0,Male,30-34 years,30-34,842.0,362326.0,232.39
8954,Gonorrhea,280.0,Georgia,2005.0,Male,35-39 years,35-39,593.0,353816.0,167.6
8955,Gonorrhea,280.0,Georgia,2005.0,Male,40+ years,40+,1050.0,1729673.0,60.71
8956,Gonorrhea,280.0,Georgia,2005.0,Male,Unknown,99,113.0,,
8957,Gonorrhea,280.0,Georgia,2006.0,Male,0-14 years,0-14,75.0,1038633.0,7.22
8958,Gonorrhea,280.0,Georgia,2006.0,Male,15-19 years,15-19,1771.0,350406.0,505.41
8959,Gonorrhea,280.0,Georgia,2006.0,Male,20-24 years,20-24,2702.0,341396.0,791.46
8960,Gonorrhea,280.0,Georgia,2006.0,Male,25-29 years,25-29,1762.0,352756.0,499.5
8961,Gonorrhea,280.0,Georgia,2006.0,Male,30-34 years,30-34,1007.0,341764.0,294.65
8962,Gonorrhea,280.0,Georgia,2006.0,Male,35-39 years,35-39,771.0,361110.0,213.51
8963,Gonorrhea,280.0,Georgia,2006.0,Male,40+ years,40+,1276.0,1825013.0,69.92
8964,Gonorrhea,280.0,Georgia,2006.0,Male,Unknown,99,146.0,,
8965,Gonorrhea,280.0,Georgia,2007.0,Male,0-14 years,0-14,46.0,1079200.0,4.26
8966,Gonorrhea,280.0,Georgia,2007.0,Male,15-19 years,15-19,1600.0,349806.0,457.4
8967,Gonorrhea,280.0,Georgia,2007.0,Male,20-24 years,20-24,2408.0,334983.0,718.84
8968,Gonorrhea,280.0,Georgia,2007.0,Male,25-29 years,25-29,1548.0,358038.0,432.36
8969,Gonorrhea,280.0,Georgia,2007.0,Male,30-34 years,30-34,961.0,336701.0,285.42
8970,Gonorrhea,280.0,Georgia,2007.0,Male,35-39 years,35-39,615.0,365623.0,168.21
8971,Gonorrhea,280.0,Georgia,2007.0,Male,40+ years,40+,1145.0,1869353.0,61.25
8972,Gonorrhea,280.0,Georgia,2007.0,Male,Unknown,99,78.0,,
8973,Gonorrhea,280.0,Georgia,2008.0,Male,0-14 years,0-14,27.0,1088818.0,2.48
8974,Gonorrhea,280.0,Georgia,2008.0,Male,15-19 years,15-19,1355.0,354429.0,382.31
8975,Gonorrhea,280.0,Georgia,2008.0,Male,20-24 years,20-24,2346.0,338117.0,693.84
8976,Gonorrhea,280.0,Georgia,2008.0,Male,25-29 years,25-29,1407.0,362019.0,388.65
8977,Gonorrhea,280.0,Georgia,2008.0,Male,30-34 years,30-34,834.0,335808.0,248.36
8978,Gonorrhea,280.0,Georgia,2008.0,Male,35-39 years,35-39,481.0,367753.0,130.79
8979,Gonorrhea,280.0,Georgia,2008.0,Male,40+ years,40+,973.0,1918031.0,50.73
8980,Gonorrhea,280.0,Georgia,2008.0,Male,Unknown,99,42.0,,
8981,Gonorrhea,280.0,Georgia,2009.0,Male,0-14 years,0-14,25.0,1106846.0,2.26
8982,Gonorrhea,280.0,Georgia,2009.0,Male,15-19 years,15-19,1248.0,363865.0,342.98
8983,Gonorrhea,280.0,Georgia,2009.0,Male,20-24 years,20-24,2086.0,360377.0,578.84
8984,Gonorrhea,280.0,Georgia,2009.0,Male,25-29 years,25-29,1175.0,364290.0,322.55
8985,Gonorrhea,280.0,Georgia,2009.0,Male,30-34 years,30-34,654.0,337358.0,193.86
8986,Gonorrhea,280.0,Georgia,2009.0,Male,35-39 years,35-39,384.0,361251.0,106.3
8987,Gonorrhea,280.0,Georgia,2009.0,Male,40+ years,40+,764.0,1941275.0,39.36
8988,Gonorrhea,280.0,Georgia,2009.0,Male,Unknown,99,32.0,,
8989,Gonorrhea,280.0,Georgia,2010.0,Male,0-14 years,0-14,26.0,1057159.0,2.46
8990,Gonorrhea,280.0,Georgia,2010.0,Male,15-19 years,15-19,1570.0,362934.0,432.59
8991,Gonorrhea,280.0,Georgia,2010.0,Male,20-24 years,20-24,2642.0,344477.0,766.96
8992,Gonorrhea,280.0,Georgia,2010.0,Male,25-29 years,25-29,1294.0,333831.0,387.62
8993,Gonorrhea,280.0,Georgia,2010.0,Male,30-34 years,30-34,725.0,324379.0,223.5
8994,Gonorrhea,280.0,Georgia,2010.0,Male,35-39 years,35-39,443.0,340454.0,130.12
8995,Gonorrhea,280.0,Georgia,2010.0,Male,40+ years,40+,706.0,1965937.0,35.91
8996,Gonorrhea,280.0,Georgia,2010.0,Male,Unknown,99,15.0,,
8997,Gonorrhea,280.0,Georgia,2011.0,Male,0-14 years,0-14,33.0,1060683.0,3.11
8998,Gonorrhea,280.0,Georgia,2011.0,Male,15-19 years,15-19,1527.0,360536.0,423.54
8999,Gonorrhea,280.0,Georgia,2011.0,Male,20-24 years,20-24,2660.0,360352.0,738.17
9000,Gonorrhea,280.0,Georgia,2011.0,Male,25-29 years,25-29,1445.0,341044.0,423.7
9001,Gonorrhea,280.0,Georgia,2011.0,Male,30-34 years,30-34,803.0,333754.0,240.6
9002,Gonorrhea,280.0,Georgia,2011.0,Male,35-39 years,35-39,452.0,329688.0,137.1
9003,Gonorrhea,280.0,Georgia,2011.0,Male,40+ years,40+,757.0,2016750.0,37.54
9004,Gonorrhea,280.0,Georgia,2011.0,Male,Unknown,99,7.0,,
9005,Gonorrhea,280.0,Georgia,2012.0,Male,0-14 years,0-14,34.0,1060980.0,3.2
9006,Gonorrhea,280.0,Georgia,2012.0,Male,15-19 years,15-19,1284.0,359440.0,357.22
9007,Gonorrhea,280.0,Georgia,2012.0,Male,20-24 years,20-24,2509.0,371453.0,675.46
9008,Gonorrhea,280.0,Georgia,2012.0,Male,25-29 years,25-29,1416.0,342401.0,413.55
9009,Gonorrhea,280.0,Georgia,2012.0,Male,30-34 years,30-34,769.0,336746.0,228.36
9010,Gonorrhea,280.0,Georgia,2012.0,Male,35-39 years,35-39,462.0,323486.0,142.82
9011,Gonorrhea,280.0,Georgia,2012.0,Male,40+ years,40+,822.0,2056518.0,39.97
9012,Gonorrhea,280.0,Georgia,2012.0,Male,Unknown,99,5.0,,
9013,Gonorrhea,280.0,Georgia,2013.0,Male,0-14 years,0-14,35.0,1059672.0,3.3
9014,Gonorrhea,280.0,Georgia,2013.0,Male,15-19 years,15-19,1098.0,356788.0,307.75
9015,Gonorrhea,280.0,Georgia,2013.0,Male,20-24 years,20-24,2502.0,375475.0,666.36
9016,Gonorrhea,280.0,Georgia,2013.0,Male,25-29 years,25-29,1455.0,340451.0,427.37
9017,Gonorrhea,280.0,Georgia,2013.0,Male,30-34 years,30-34,767.0,335923.0,228.33
9018,Gonorrhea,280.0,Georgia,2013.0,Male,35-39 years,35-39,419.0,319837.0,131.0
9019,Gonorrhea,280.0,Georgia,2013.0,Male,40+ years,40+,791.0,2093215.0,37.79
9020,Gonorrhea,280.0,Georgia,2013.0,Male,Unknown,99,8.0,,
9021,Gonorrhea,280.0,Georgia,2014.0,Male,0-14 years,0-14,20.0,1059672.0,1.89
9022,Gonorrhea,280.0,Georgia,2014.0,Male,15-19 years,15-19,989.0,356788.0,277.19
9023,Gonorrhea,280.0,Georgia,2014.0,Male,20-24 years,20-24,2394.0,375475.0,637.59
9024,Gonorrhea,280.0,Georgia,2014.0,Male,25-29 years,25-29,1575.0,340451.0,462.62
9025,Gonorrhea,280.0,Georgia,2014.0,Male,30-34 years,30-34,831.0,335923.0,247.38
9026,Gonorrhea,280.0,Georgia,2014.0,Male,35-39 years,35-39,494.0,319837.0,154.45
9027,Gonorrhea,280.0,Georgia,2014.0,Male,40+ years,40+,829.0,2093215.0,39.6
9028,Gonorrhea,280.0,Georgia,2014.0,Male,Unknown,99,5.0,,
9029,Gonorrhea,280.0,Hawaii,1996.0,Male,0-14 years,0-14,1.0,134658.0,0.74
9030,Gonorrhea,280.0,Hawaii,1996.0,Male,15-19 years,15-19,20.0,41678.0,47.99
9031,Gonorrhea,280.0,Hawaii,1996.0,Male,20-24 years,20-24,91.0,45368.0,200.58
9032,Gonorrhea,280.0,Hawaii,1996.0,Male,25-29 years,25-29,51.0,46577.0,109.5
9033,Gonorrhea,280.0,Hawaii,1996.0,Male,30-34 years,30-34,37.0,52489.0,70.49
9034,Gonorrhea,280.0,Hawaii,1996.0,Male,35-39 years,35-39,26.0,51488.0,50.5
9035,Gonorrhea,280.0,Hawaii,1996.0,Male,40+ years,40+,24.0,236731.0,10.14
9036,Gonorrhea,280.0,Hawaii,1996.0,Male,Unknown,99,6.0,,
9037,Gonorrhea,280.0,Hawaii,1997.0,Male,15-19 years,15-19,26.0,42248.0,61.54
9038,Gonorrhea,280.0,Hawaii,1997.0,Male,20-24 years,20-24,115.0,45447.0,253.04
9039,Gonorrhea,280.0,Hawaii,1997.0,Male,25-29 years,25-29,34.0,45012.0,75.54
9040,Gonorrhea,280.0,Hawaii,1997.0,Male,30-34 years,30-34,33.0,50837.0,64.91
9041,Gonorrhea,280.0,Hawaii,1997.0,Male,35-39 years,35-39,24.0,51048.0,47.01
9042,Gonorrhea,280.0,Hawaii,1997.0,Male,40+ years,40+,13.0,243357.0,5.34
9043,Gonorrhea,280.0,Hawaii,1997.0,Male,Unknown,99,1.0,,
9044,Gonorrhea,280.0,Hawaii,1998.0,Male,15-19 years,15-19,24.0,42709.0,56.19
9045,Gonorrhea,280.0,Hawaii,1998.0,Male,20-24 years,20-24,96.0,45675.0,210.18
9046,Gonorrhea,280.0,Hawaii,1998.0,Male,25-29 years,25-29,46.0,44896.0,102.46
9047,Gonorrhea,280.0,Hawaii,1998.0,Male,30-34 years,30-34,27.0,49059.0,55.04
9048,Gonorrhea,280.0,Hawaii,1998.0,Male,35-39 years,35-39,21.0,50835.0,41.31
9049,Gonorrhea,280.0,Hawaii,1998.0,Male,40+ years,40+,13.0,248672.0,5.23
9050,Gonorrhea,280.0,Hawaii,1998.0,Male,Unknown,99,1.0,,
9051,Gonorrhea,280.0,Hawaii,1999.0,Male,15-19 years,15-19,14.0,42432.0,32.99
9052,Gonorrhea,280.0,Hawaii,1999.0,Male,20-24 years,20-24,82.0,45302.0,181.01
9053,Gonorrhea,280.0,Hawaii,1999.0,Male,25-29 years,25-29,32.0,43844.0,72.99
9054,Gonorrhea,280.0,Hawaii,1999.0,Male,30-34 years,30-34,29.0,46170.0,62.81
9055,Gonorrhea,280.0,Hawaii,1999.0,Male,35-39 years,35-39,21.0,49554.0,42.38
9056,Gonorrhea,280.0,Hawaii,1999.0,Male,40+ years,40+,28.0,252932.0,11.07
9057,Gonorrhea,280.0,Hawaii,1999.0,Male,Unknown,99,5.0,,
9058,Gonorrhea,280.0,Hawaii,2000.0,Male,15-19 years,15-19,25.0,42227.0,59.2
9059,Gonorrhea,280.0,Hawaii,2000.0,Male,20-24 years,20-24,80.0,45976.0,174.0
9060,Gonorrhea,280.0,Hawaii,2000.0,Male,25-29 years,25-29,51.0,43791.0,116.46
9061,Gonorrhea,280.0,Hawaii,2000.0,Male,30-34 years,30-34,24.0,44496.0,53.94
9062,Gonorrhea,280.0,Hawaii,2000.0,Male,35-39 years,35-39,27.0,48714.0,55.43
9063,Gonorrhea,280.0,Hawaii,2000.0,Male,40+ years,40+,29.0,259182.0,11.19
9064,Gonorrhea,280.0,Hawaii,2000.0,Male,Unknown,99,7.0,,
9065,Gonorrhea,280.0,Hawaii,2001.0,Male,15-19 years,15-19,26.0,43918.0,59.2
9066,Gonorrhea,280.0,Hawaii,2001.0,Male,20-24 years,20-24,99.0,45615.0,217.03
9067,Gonorrhea,280.0,Hawaii,2001.0,Male,25-29 years,25-29,56.0,42663.0,131.26
9068,Gonorrhea,280.0,Hawaii,2001.0,Male,30-34 years,30-34,45.0,44368.0,101.42
9069,Gonorrhea,280.0,Hawaii,2001.0,Male,35-39 years,35-39,29.0,47603.0,60.92
9070,Gonorrhea,280.0,Hawaii,2001.0,Male,40+ years,40+,48.0,264814.0,18.13
9071,Gonorrhea,280.0,Hawaii,2001.0,Male,Unknown,99,9.0,,
9072,Gonorrhea,280.0,Hawaii,2002.0,Male,0-14 years,0-14,4.0,126895.0,3.15
9073,Gonorrhea,280.0,Hawaii,2002.0,Male,15-19 years,15-19,18.0,44987.0,40.01
9074,Gonorrhea,280.0,Hawaii,2002.0,Male,20-24 years,20-24,103.0,47186.0,218.28
9075,Gonorrhea,280.0,Hawaii,2002.0,Male,25-29 years,25-29,62.0,42721.0,145.13
9076,Gonorrhea,280.0,Hawaii,2002.0,Male,30-34 years,30-34,50.0,44504.0,112.35
9077,Gonorrhea,280.0,Hawaii,2002.0,Male,35-39 years,35-39,44.0,46764.0,94.09
9078,Gonorrhea,280.0,Hawaii,2002.0,Male,40+ years,40+,61.0,271041.0,22.51
9079,Gonorrhea,280.0,Hawaii,2002.0,Male,Unknown,99,4.0,,
9080,Gonorrhea,280.0,Hawaii,2003.0,Male,0-14 years,0-14,2.0,127404.0,1.57
9081,Gonorrhea,280.0,Hawaii,2003.0,Male,15-19 years,15-19,35.0,44948.0,77.87
9082,Gonorrhea,280.0,Hawaii,2003.0,Male,20-24 years,20-24,157.0,49230.0,318.91
9083,Gonorrhea,280.0,Hawaii,2003.0,Male,25-29 years,25-29,84.0,42446.0,197.9
9084,Gonorrhea,280.0,Hawaii,2003.0,Male,30-34 years,30-34,75.0,43326.0,173.11
9085,Gonorrhea,280.0,Hawaii,2003.0,Male,35-39 years,35-39,76.0,44714.0,169.97
9086,Gonorrhea,280.0,Hawaii,2003.0,Male,40+ years,40+,104.0,278453.0,37.35
9087,Gonorrhea,280.0,Hawaii,2003.0,Male,Unknown,99,7.0,,
9088,Gonorrhea,280.0,Hawaii,2004.0,Male,0-14 years,0-14,2.0,128031.0,1.56
9089,Gonorrhea,280.0,Hawaii,2004.0,Male,15-19 years,15-19,30.0,44747.0,67.04
9090,Gonorrhea,280.0,Hawaii,2004.0,Male,20-24 years,20-24,158.0,49912.0,316.56
9091,Gonorrhea,280.0,Hawaii,2004.0,Male,25-29 years,25-29,90.0,42491.0,211.81
9092,Gonorrhea,280.0,Hawaii,2004.0,Male,30-34 years,30-34,91.0,42276.0,215.25
9093,Gonorrhea,280.0,Hawaii,2004.0,Male,35-39 years,35-39,44.0,43240.0,101.76
9094,Gonorrhea,280.0,Hawaii,2004.0,Male,40+ years,40+,96.0,279328.0,34.37
9095,Gonorrhea,280.0,Hawaii,2004.0,Male,Unknown,99,2.0,,
9096,Gonorrhea,280.0,Hawaii,2005.0,Male,15-19 years,15-19,31.0,45142.0,68.67
9097,Gonorrhea,280.0,Hawaii,2005.0,Male,20-24 years,20-24,113.0,51570.0,219.12
9098,Gonorrhea,280.0,Hawaii,2005.0,Male,25-29 years,25-29,86.0,42258.0,203.51
9099,Gonorrhea,280.0,Hawaii,2005.0,Male,30-34 years,30-34,51.0,41096.0,124.1
9100,Gonorrhea,280.0,Hawaii,2005.0,Male,35-39 years,35-39,38.0,42991.0,88.39
9101,Gonorrhea,280.0,Hawaii,2005.0,Male,40+ years,40+,84.0,284701.0,29.5
9102,Gonorrhea,280.0,Hawaii,2005.0,Male,Unknown,99,2.0,,
9103,Gonorrhea,280.0,Hawaii,2006.0,Male,0-14 years,0-14,1.0,127922.0,0.78
9104,Gonorrhea,280.0,Hawaii,2006.0,Male,15-19 years,15-19,33.0,43811.0,75.32
9105,Gonorrhea,280.0,Hawaii,2006.0,Male,20-24 years,20-24,109.0,51309.0,212.44
9106,Gonorrhea,280.0,Hawaii,2006.0,Male,25-29 years,25-29,86.0,48311.0,178.01
9107,Gonorrhea,280.0,Hawaii,2006.0,Male,30-34 years,30-34,48.0,43423.0,110.54
9108,Gonorrhea,280.0,Hawaii,2006.0,Male,35-39 years,35-39,46.0,44842.0,102.58
9109,Gonorrhea,280.0,Hawaii,2006.0,Male,40+ years,40+,84.0,283710.0,29.61
9110,Gonorrhea,280.0,Hawaii,2006.0,Male,Unknown,99,2.0,,
9111,Gonorrhea,280.0,Hawaii,2007.0,Male,0-14 years,0-14,1.0,122254.0,0.82
9112,Gonorrhea,280.0,Hawaii,2007.0,Male,15-19 years,15-19,33.0,42998.0,76.75
9113,Gonorrhea,280.0,Hawaii,2007.0,Male,20-24 years,20-24,82.0,50716.0,161.69
9114,Gonorrhea,280.0,Hawaii,2007.0,Male,25-29 years,25-29,62.0,50747.0,122.17
9115,Gonorrhea,280.0,Hawaii,2007.0,Male,30-34 years,30-34,54.0,44071.0,122.53
9116,Gonorrhea,280.0,Hawaii,2007.0,Male,35-39 years,35-39,44.0,45958.0,95.74
9117,Gonorrhea,280.0,Hawaii,2007.0,Male,40+ years,40+,88.0,289076.0,30.44
9118,Gonorrhea,280.0,Hawaii,2008.0,Male,0-14 years,0-14,1.0,122926.0,0.81
9119,Gonorrhea,280.0,Hawaii,2008.0,Male,15-19 years,15-19,23.0,42727.0,53.83
9120,Gonorrhea,280.0,Hawaii,2008.0,Male,20-24 years,20-24,98.0,50655.0,193.47
9121,Gonorrhea,280.0,Hawaii,2008.0,Male,25-29 years,25-29,67.0,52954.0,126.53
9122,Gonorrhea,280.0,Hawaii,2008.0,Male,30-34 years,30-34,33.0,44974.0,73.38
9123,Gonorrhea,280.0,Hawaii,2008.0,Male,35-39 years,35-39,21.0,45650.0,46.0
9124,Gonorrhea,280.0,Hawaii,2008.0,Male,40+ years,40+,67.0,289633.0,23.13
9125,Gonorrhea,280.0,Hawaii,2008.0,Male,Unknown,99,2.0,,
9126,Gonorrhea,280.0,Hawaii,2009.0,Male,15-19 years,15-19,30.0,42387.0,70.78
9127,Gonorrhea,280.0,Hawaii,2009.0,Male,20-24 years,20-24,105.0,52104.0,201.52
9128,Gonorrhea,280.0,Hawaii,2009.0,Male,25-29 years,25-29,71.0,55958.0,126.88
9129,Gonorrhea,280.0,Hawaii,2009.0,Male,30-34 years,30-34,46.0,46559.0,98.8
9130,Gonorrhea,280.0,Hawaii,2009.0,Male,35-39 years,35-39,35.0,44463.0,78.72
9131,Gonorrhea,280.0,Hawaii,2009.0,Male,40+ years,40+,80.0,287260.0,27.85
9132,Gonorrhea,280.0,Hawaii,2010.0,Male,0-14 years,0-14,1.0,129565.0,0.77
9133,Gonorrhea,280.0,Hawaii,2010.0,Male,15-19 years,15-19,39.0,44590.0,87.46
9134,Gonorrhea,280.0,Hawaii,2010.0,Male,20-24 years,20-24,124.0,51981.0,238.55
9135,Gonorrhea,280.0,Hawaii,2010.0,Male,25-29 years,25-29,112.0,50683.0,220.98
9136,Gonorrhea,280.0,Hawaii,2010.0,Male,30-34 years,30-34,57.0,44921.0,126.89
9137,Gonorrhea,280.0,Hawaii,2010.0,Male,35-39 years,35-39,32.0,43994.0,72.74
9138,Gonorrhea,280.0,Hawaii,2010.0,Male,40+ years,40+,80.0,315509.0,25.36
9139,Gonorrhea,280.0,Hawaii,2011.0,Male,15-19 years,15-19,47.0,43554.0,107.91
9140,Gonorrhea,280.0,Hawaii,2011.0,Male,20-24 years,20-24,122.0,53744.0,227.0
9141,Gonorrhea,280.0,Hawaii,2011.0,Male,25-29 years,25-29,95.0,53012.0,179.21
9142,Gonorrhea,280.0,Hawaii,2011.0,Male,30-34 years,30-34,46.0,46949.0,97.98
9143,Gonorrhea,280.0,Hawaii,2011.0,Male,35-39 years,35-39,29.0,43135.0,67.23
9144,Gonorrhea,280.0,Hawaii,2011.0,Male,40+ years,40+,73.0,318535.0,22.92
9145,Gonorrhea,280.0,Hawaii,2012.0,Male,0-14 years,0-14,1.0,130919.0,0.76
9146,Gonorrhea,280.0,Hawaii,2012.0,Male,15-19 years,15-19,46.0,42469.0,108.31
9147,Gonorrhea,280.0,Hawaii,2012.0,Male,20-24 years,20-24,162.0,57662.0,280.95
9148,Gonorrhea,280.0,Hawaii,2012.0,Male,25-29 years,25-29,138.0,56054.0,246.19
9149,Gonorrhea,280.0,Hawaii,2012.0,Male,30-34 years,30-34,65.0,49521.0,131.26
9150,Gonorrhea,280.0,Hawaii,2012.0,Male,35-39 years,35-39,28.0,43759.0,63.99
9151,Gonorrhea,280.0,Hawaii,2012.0,Male,40+ years,40+,76.0,321581.0,23.63
9152,Gonorrhea,280.0,Hawaii,2013.0,Male,15-19 years,15-19,40.0,41458.0,96.48
9153,Gonorrhea,280.0,Hawaii,2013.0,Male,20-24 years,20-24,152.0,58750.0,258.72
9154,Gonorrhea,280.0,Hawaii,2013.0,Male,25-29 years,25-29,92.0,58519.0,157.21
9155,Gonorrhea,280.0,Hawaii,2013.0,Male,30-34 years,30-34,76.0,51521.0,147.51
9156,Gonorrhea,280.0,Hawaii,2013.0,Male,35-39 years,35-39,31.0,45050.0,68.81
9157,Gonorrhea,280.0,Hawaii,2013.0,Male,40+ years,40+,63.0,320939.0,19.63
9158,Gonorrhea,280.0,Hawaii,2014.0,Male,15-19 years,15-19,40.0,41458.0,96.48
9159,Gonorrhea,280.0,Hawaii,2014.0,Male,20-24 years,20-24,194.0,58750.0,330.21
9160,Gonorrhea,280.0,Hawaii,2014.0,Male,25-29 years,25-29,132.0,58519.0,225.57
9161,Gonorrhea,280.0,Hawaii,2014.0,Male,30-34 years,30-34,96.0,51521.0,186.33
9162,Gonorrhea,280.0,Hawaii,2014.0,Male,35-39 years,35-39,60.0,45050.0,133.19
9163,Gonorrhea,280.0,Hawaii,2014.0,Male,40+ years,40+,144.0,320939.0,44.87
9164,Gonorrhea,280.0,Hawaii,2014.0,Male,Unknown,99,3.0,,
9165,Gonorrhea,280.0,Idaho,1996.0,Male,15-19 years,15-19,3.0,54614.0,5.49
9166,Gonorrhea,280.0,Idaho,1996.0,Male,20-24 years,20-24,17.0,43852.0,38.77
9167,Gonorrhea,280.0,Idaho,1996.0,Male,25-29 years,25-29,13.0,37916.0,34.29
9168,Gonorrhea,280.0,Idaho,1996.0,Male,30-34 years,30-34,8.0,42220.0,18.95
9169,Gonorrhea,280.0,Idaho,1996.0,Male,40+ years,40+,4.0,225786.0,1.77
9170,Gonorrhea,280.0,Idaho,1997.0,Male,0-14 years,0-14,1.0,149309.0,0.67
9171,Gonorrhea,280.0,Idaho,1997.0,Male,15-19 years,15-19,10.0,55883.0,17.89
9172,Gonorrhea,280.0,Idaho,1997.0,Male,20-24 years,20-24,23.0,45307.0,50.76
9173,Gonorrhea,280.0,Idaho,1997.0,Male,25-29 years,25-29,18.0,39787.0,45.24
9174,Gonorrhea,280.0,Idaho,1997.0,Male,30-34 years,30-34,7.0,41566.0,16.84
9175,Gonorrhea,280.0,Idaho,1997.0,Male,35-39 years,35-39,6.0,49105.0,12.22
9176,Gonorrhea,280.0,Idaho,1997.0,Male,40+ years,40+,5.0,233325.0,2.14
9177,Gonorrhea,280.0,Idaho,1997.0,Male,Unknown,99,2.0,,
9178,Gonorrhea,280.0,Idaho,1998.0,Male,15-19 years,15-19,21.0,56692.0,37.04
9179,Gonorrhea,280.0,Idaho,1998.0,Male,20-24 years,20-24,31.0,46638.0,66.47
9180,Gonorrhea,280.0,Idaho,1998.0,Male,25-29 years,25-29,16.0,41262.0,38.78
9181,Gonorrhea,280.0,Idaho,1998.0,Male,30-34 years,30-34,19.0,41312.0,45.99
9182,Gonorrhea,280.0,Idaho,1998.0,Male,35-39 years,35-39,5.0,48827.0,10.24
9183,Gonorrhea,280.0,Idaho,1998.0,Male,40+ years,40+,7.0,240240.0,2.91
9184,Gonorrhea,280.0,Idaho,1998.0,Male,Unknown,99,9.0,,
9185,Gonorrhea,280.0,Idaho,1999.0,Male,15-19 years,15-19,13.0,56504.0,23.01
9186,Gonorrhea,280.0,Idaho,1999.0,Male,20-24 years,20-24,11.0,48064.0,22.89
9187,Gonorrhea,280.0,Idaho,1999.0,Male,25-29 years,25-29,8.0,42785.0,18.7
9188,Gonorrhea,280.0,Idaho,1999.0,Male,30-34 years,30-34,1.0,41822.0,2.39
9189,Gonorrhea,280.0,Idaho,1999.0,Male,35-39 years,35-39,5.0,48458.0,10.32
9190,Gonorrhea,280.0,Idaho,1999.0,Male,40+ years,40+,6.0,247229.0,2.43
9191,Gonorrhea,280.0,Idaho,1999.0,Male,Unknown,99,2.0,,
9192,Gonorrhea,280.0,Idaho,2000.0,Male,15-19 years,15-19,12.0,56179.0,21.36
9193,Gonorrhea,280.0,Idaho,2000.0,Male,20-24 years,20-24,20.0,49499.0,40.4
9194,Gonorrhea,280.0,Idaho,2000.0,Male,25-29 years,25-29,7.0,43905.0,15.94
9195,Gonorrhea,280.0,Idaho,2000.0,Male,30-34 years,30-34,1.0,43293.0,2.31
9196,Gonorrhea,280.0,Idaho,2000.0,Male,35-39 years,35-39,3.0,47591.0,6.3
9197,Gonorrhea,280.0,Idaho,2000.0,Male,40+ years,40+,4.0,254313.0,1.57
9198,Gonorrhea,280.0,Idaho,2001.0,Male,15-19 years,15-19,4.0,57016.0,7.02
9199,Gonorrhea,280.0,Idaho,2001.0,Male,20-24 years,20-24,11.0,50687.0,21.7
9200,Gonorrhea,280.0,Idaho,2001.0,Male,25-29 years,25-29,10.0,44212.0,22.62
9201,Gonorrhea,280.0,Idaho,2001.0,Male,30-34 years,30-34,4.0,44266.0,9.04
9202,Gonorrhea,280.0,Idaho,2001.0,Male,35-39 years,35-39,3.0,46879.0,6.4
9203,Gonorrhea,280.0,Idaho,2001.0,Male,40+ years,40+,3.0,262227.0,1.14
9204,Gonorrhea,280.0,Idaho,2002.0,Male,15-19 years,15-19,10.0,56431.0,17.72
9205,Gonorrhea,280.0,Idaho,2002.0,Male,20-24 years,20-24,15.0,52531.0,28.55
9206,Gonorrhea,280.0,Idaho,2002.0,Male,25-29 years,25-29,10.0,45555.0,21.95
9207,Gonorrhea,280.0,Idaho,2002.0,Male,30-34 years,30-34,2.0,45137.0,4.43
9208,Gonorrhea,280.0,Idaho,2002.0,Male,35-39 years,35-39,3.0,45911.0,6.53
9209,Gonorrhea,280.0,Idaho,2002.0,Male,40+ years,40+,5.0,269573.0,1.85
9210,Gonorrhea,280.0,Idaho,2003.0,Male,15-19 years,15-19,6.0,56134.0,10.69
9211,Gonorrhea,280.0,Idaho,2003.0,Male,20-24 years,20-24,10.0,54307.0,18.41
9212,Gonorrhea,280.0,Idaho,2003.0,Male,25-29 years,25-29,11.0,47640.0,23.09
9213,Gonorrhea,280.0,Idaho,2003.0,Male,30-34 years,30-34,7.0,45682.0,15.32
9214,Gonorrhea,280.0,Idaho,2003.0,Male,35-39 years,35-39,10.0,45522.0,21.97
9215,Gonorrhea,280.0,Idaho,2003.0,Male,40+ years,40+,6.0,277722.0,2.16
9216,Gonorrhea,280.0,Idaho,2004.0,Male,15-19 years,15-19,13.0,55786.0,23.3
9217,Gonorrhea,280.0,Idaho,2004.0,Male,20-24 years,20-24,17.0,56078.0,30.31
9218,Gonorrhea,280.0,Idaho,2004.0,Male,25-29 years,25-29,9.0,49925.0,18.03
9219,Gonorrhea,280.0,Idaho,2004.0,Male,30-34 years,30-34,7.0,46635.0,15.01
9220,Gonorrhea,280.0,Idaho,2004.0,Male,35-39 years,35-39,7.0,46008.0,15.21
9221,Gonorrhea,280.0,Idaho,2004.0,Male,40+ years,40+,7.0,286061.0,2.45
9222,Gonorrhea,280.0,Idaho,2005.0,Male,15-19 years,15-19,9.0,56325.0,15.98
9223,Gonorrhea,280.0,Idaho,2005.0,Male,20-24 years,20-24,26.0,58222.0,44.66
9224,Gonorrhea,280.0,Idaho,2005.0,Male,25-29 years,25-29,7.0,51598.0,13.57
9225,Gonorrhea,280.0,Idaho,2005.0,Male,30-34 years,30-34,5.0,47769.0,10.47
9226,Gonorrhea,280.0,Idaho,2005.0,Male,35-39 years,35-39,10.0,47484.0,21.06
9227,Gonorrhea,280.0,Idaho,2005.0,Male,40+ years,40+,3.0,297104.0,1.01
9228,Gonorrhea,280.0,Idaho,2006.0,Male,15-19 years,15-19,13.0,56093.0,23.18
9229,Gonorrhea,280.0,Idaho,2006.0,Male,20-24 years,20-24,36.0,56934.0,63.23
9230,Gonorrhea,280.0,Idaho,2006.0,Male,25-29 years,25-29,17.0,57880.0,29.37
9231,Gonorrhea,280.0,Idaho,2006.0,Male,30-34 years,30-34,11.0,47807.0,23.01
9232,Gonorrhea,280.0,Idaho,2006.0,Male,35-39 years,35-39,10.0,48269.0,20.72
9233,Gonorrhea,280.0,Idaho,2006.0,Male,40+ years,40+,5.0,304097.0,1.64
9234,Gonorrhea,280.0,Idaho,2007.0,Male,15-19 years,15-19,24.0,56398.0,42.55
9235,Gonorrhea,280.0,Idaho,2007.0,Male,20-24 years,20-24,46.0,55855.0,82.36
9236,Gonorrhea,280.0,Idaho,2007.0,Male,25-29 years,25-29,20.0,58720.0,34.06
9237,Gonorrhea,280.0,Idaho,2007.0,Male,30-34 years,30-34,8.0,48977.0,16.33
9238,Gonorrhea,280.0,Idaho,2007.0,Male,35-39 years,35-39,10.0,49065.0,20.38
9239,Gonorrhea,280.0,Idaho,2007.0,Male,40+ years,40+,4.0,311579.0,1.28
9240,Gonorrhea,280.0,Idaho,2008.0,Male,0-14 years,0-14,1.0,176708.0,0.57
9241,Gonorrhea,280.0,Idaho,2008.0,Male,15-19 years,15-19,10.0,56483.0,17.7
9242,Gonorrhea,280.0,Idaho,2008.0,Male,20-24 years,20-24,36.0,55562.0,64.79
9243,Gonorrhea,280.0,Idaho,2008.0,Male,25-29 years,25-29,25.0,59845.0,41.77
9244,Gonorrhea,280.0,Idaho,2008.0,Male,30-34 years,30-34,10.0,50024.0,19.99
9245,Gonorrhea,280.0,Idaho,2008.0,Male,35-39 years,35-39,5.0,49841.0,10.03
9246,Gonorrhea,280.0,Idaho,2008.0,Male,40+ years,40+,10.0,318117.0,3.14
9247,Gonorrhea,280.0,Idaho,2009.0,Male,0-14 years,0-14,1.0,180037.0,0.56
9248,Gonorrhea,280.0,Idaho,2009.0,Male,15-19 years,15-19,8.0,58173.0,13.75
9249,Gonorrhea,280.0,Idaho,2009.0,Male,20-24 years,20-24,18.0,59718.0,30.14
9250,Gonorrhea,280.0,Idaho,2009.0,Male,25-29 years,25-29,14.0,57133.0,24.5
9251,Gonorrhea,280.0,Idaho,2009.0,Male,30-34 years,30-34,9.0,50204.0,17.93
9252,Gonorrhea,280.0,Idaho,2009.0,Male,35-39 years,35-39,4.0,49748.0,8.04
9253,Gonorrhea,280.0,Idaho,2009.0,Male,40+ years,40+,3.0,320905.0,0.93
9254,Gonorrhea,280.0,Idaho,2009.0,Male,Unknown,99,1.0,,
9255,Gonorrhea,280.0,Idaho,2010.0,Male,15-19 years,15-19,5.0,58936.0,8.48
9256,Gonorrhea,280.0,Idaho,2010.0,Male,20-24 years,20-24,39.0,54782.0,71.19
9257,Gonorrhea,280.0,Idaho,2010.0,Male,25-29 years,25-29,21.0,54818.0,38.31
9258,Gonorrhea,280.0,Idaho,2010.0,Male,30-34 years,30-34,5.0,52206.0,9.58
9259,Gonorrhea,280.0,Idaho,2010.0,Male,35-39 years,35-39,3.0,49149.0,6.1
9260,Gonorrhea,280.0,Idaho,2010.0,Male,40+ years,40+,5.0,330974.0,1.51
9261,Gonorrhea,280.0,Idaho,2011.0,Male,15-19 years,15-19,11.0,59001.0,18.64
9262,Gonorrhea,280.0,Idaho,2011.0,Male,20-24 years,20-24,29.0,55911.0,51.87
9263,Gonorrhea,280.0,Idaho,2011.0,Male,25-29 years,25-29,25.0,54147.0,46.17
9264,Gonorrhea,280.0,Idaho,2011.0,Male,30-34 years,30-34,11.0,53353.0,20.62
9265,Gonorrhea,280.0,Idaho,2011.0,Male,35-39 years,35-39,2.0,48417.0,4.13
9266,Gonorrhea,280.0,Idaho,2011.0,Male,40+ years,40+,5.0,338822.0,1.48
9267,Gonorrhea,280.0,Idaho,2012.0,Male,15-19 years,15-19,12.0,58330.0,20.57
9268,Gonorrhea,280.0,Idaho,2012.0,Male,20-24 years,20-24,34.0,57033.0,59.61
9269,Gonorrhea,280.0,Idaho,2012.0,Male,25-29 years,25-29,23.0,53260.0,43.18
9270,Gonorrhea,280.0,Idaho,2012.0,Male,30-34 years,30-34,16.0,53911.0,29.68
9271,Gonorrhea,280.0,Idaho,2012.0,Male,35-39 years,35-39,9.0,49098.0,18.33
9272,Gonorrhea,280.0,Idaho,2012.0,Male,40+ years,40+,9.0,344038.0,2.62
9273,Gonorrhea,280.0,Idaho,2012.0,Male,Unknown,99,1.0,,
9274,Gonorrhea,280.0,Idaho,2013.0,Male,0-14 years,0-14,1.0,183176.0,0.55
9275,Gonorrhea,280.0,Idaho,2013.0,Male,15-19 years,15-19,10.0,58229.0,17.17
9276,Gonorrhea,280.0,Idaho,2013.0,Male,20-24 years,20-24,32.0,57755.0,55.41
9277,Gonorrhea,280.0,Idaho,2013.0,Male,25-29 years,25-29,32.0,53081.0,60.29
9278,Gonorrhea,280.0,Idaho,2013.0,Male,30-34 years,30-34,20.0,54382.0,36.78
9279,Gonorrhea,280.0,Idaho,2013.0,Male,35-39 years,35-39,10.0,50352.0,19.86
9280,Gonorrhea,280.0,Idaho,2013.0,Male,40+ years,40+,18.0,350109.0,5.14
9281,Gonorrhea,280.0,Idaho,2013.0,Male,Unknown,99,1.0,,
9282,Gonorrhea,280.0,Idaho,2014.0,Male,15-19 years,15-19,33.0,58229.0,56.67
9283,Gonorrhea,280.0,Idaho,2014.0,Male,20-24 years,20-24,81.0,57755.0,140.25
9284,Gonorrhea,280.0,Idaho,2014.0,Male,25-29 years,25-29,60.0,53081.0,113.03
9285,Gonorrhea,280.0,Idaho,2014.0,Male,30-34 years,30-34,26.0,54382.0,47.81
9286,Gonorrhea,280.0,Idaho,2014.0,Male,35-39 years,35-39,23.0,50352.0,45.68
9287,Gonorrhea,280.0,Idaho,2014.0,Male,40+ years,40+,24.0,350109.0,6.86
9288,Gonorrhea,280.0,Illinois,1996.0,Male,0-14 years,0-14,83.0,1364999.0,6.08
9289,Gonorrhea,280.0,Illinois,1996.0,Male,15-19 years,15-19,2218.0,444118.0,499.42
9290,Gonorrhea,280.0,Illinois,1996.0,Male,20-24 years,20-24,2954.0,413506.0,714.38
9291,Gonorrhea,280.0,Illinois,1996.0,Male,25-29 years,25-29,1688.0,454893.0,371.08
9292,Gonorrhea,280.0,Illinois,1996.0,Male,30-34 years,30-34,1174.0,504894.0,232.52
9293,Gonorrhea,280.0,Illinois,1996.0,Male,35-39 years,35-39,891.0,509617.0,174.84
9294,Gonorrhea,280.0,Illinois,1996.0,Male,40+ years,40+,1092.0,2216331.0,49.27
9295,Gonorrhea,280.0,Illinois,1996.0,Male,Unknown,99,58.0,,
9296,Gonorrhea,280.0,Illinois,1997.0,Male,0-14 years,0-14,96.0,1373877.0,6.99
9297,Gonorrhea,280.0,Illinois,1997.0,Male,15-19 years,15-19,2181.0,452411.0,482.08
9298,Gonorrhea,280.0,Illinois,1997.0,Male,20-24 years,20-24,3013.0,412553.0,730.33
9299,Gonorrhea,280.0,Illinois,1997.0,Male,25-29 years,25-29,1776.0,454846.0,390.46
9300,Gonorrhea,280.0,Illinois,1997.0,Male,30-34 years,30-34,1062.0,490423.0,216.55
9301,Gonorrhea,280.0,Illinois,1997.0,Male,35-39 years,35-39,804.0,509366.0,157.84
9302,Gonorrhea,280.0,Illinois,1997.0,Male,40+ years,40+,1024.0,2258990.0,45.33
9303,Gonorrhea,280.0,Illinois,1997.0,Male,Unknown,99,7.0,,
9304,Gonorrhea,280.0,Illinois,1998.0,Male,0-14 years,0-14,47.0,1375304.0,3.42
9305,Gonorrhea,280.0,Illinois,1998.0,Male,15-19 years,15-19,2118.0,459980.0,460.45
9306,Gonorrhea,280.0,Illinois,1998.0,Male,20-24 years,20-24,3293.0,417756.0,788.26
9307,Gonorrhea,280.0,Illinois,1998.0,Male,25-29 years,25-29,1932.0,455476.0,424.17
9308,Gonorrhea,280.0,Illinois,1998.0,Male,30-34 years,30-34,1080.0,477665.0,226.1
9309,Gonorrhea,280.0,Illinois,1998.0,Male,35-39 years,35-39,849.0,507279.0,167.36
9310,Gonorrhea,280.0,Illinois,1998.0,Male,40+ years,40+,1159.0,2306031.0,50.26
9311,Gonorrhea,280.0,Illinois,1998.0,Male,Unknown,99,7.0,,
9312,Gonorrhea,280.0,Illinois,1999.0,Male,0-14 years,0-14,77.0,1384011.0,5.56
9313,Gonorrhea,280.0,Illinois,1999.0,Male,15-19 years,15-19,2423.0,462476.0,523.92
9314,Gonorrhea,280.0,Illinois,1999.0,Male,20-24 years,20-24,3769.0,425667.0,885.43
9315,Gonorrhea,280.0,Illinois,1999.0,Male,25-29 years,25-29,2247.0,452885.0,496.15
9316,Gonorrhea,280.0,Illinois,1999.0,Male,30-34 years,30-34,1322.0,466410.0,283.44
9317,Gonorrhea,280.0,Illinois,1999.0,Male,35-39 years,35-39,1084.0,502699.0,215.64
9318,Gonorrhea,280.0,Illinois,1999.0,Male,40+ years,40+,1614.0,2351522.0,68.64
9319,Gonorrhea,280.0,Illinois,1999.0,Male,Unknown,99,23.0,,
9320,Gonorrhea,280.0,Illinois,2000.0,Male,0-14 years,0-14,56.0,1380981.0,4.06
9321,Gonorrhea,280.0,Illinois,2000.0,Male,15-19 years,15-19,2002.0,461362.0,433.93
9322,Gonorrhea,280.0,Illinois,2000.0,Male,20-24 years,20-24,4335.0,438056.0,989.6
9323,Gonorrhea,280.0,Illinois,2000.0,Male,25-29 years,25-29,2344.0,449609.0,521.34
9324,Gonorrhea,280.0,Illinois,2000.0,Male,30-34 years,30-34,1463.0,466120.0,313.87
9325,Gonorrhea,280.0,Illinois,2000.0,Male,35-39 years,35-39,1069.0,495093.0,215.92
9326,Gonorrhea,280.0,Illinois,2000.0,Male,40+ years,40+,1696.0,2400622.0,70.65
9327,Gonorrhea,280.0,Illinois,2000.0,Male,Unknown,99,16.0,,
9328,Gonorrhea,280.0,Illinois,2001.0,Male,0-14 years,0-14,64.0,1388892.0,4.61
9329,Gonorrhea,280.0,Illinois,2001.0,Male,15-19 years,15-19,2062.0,457397.0,450.81
9330,Gonorrhea,280.0,Illinois,2001.0,Male,20-24 years,20-24,4032.0,443986.0,908.14
9331,Gonorrhea,280.0,Illinois,2001.0,Male,25-29 years,25-29,2119.0,442916.0,478.42
9332,Gonorrhea,280.0,Illinois,2001.0,Male,30-34 years,30-34,1281.0,470650.0,272.18
9333,Gonorrhea,280.0,Illinois,2001.0,Male,35-39 years,35-39,929.0,486416.0,190.99
9334,Gonorrhea,280.0,Illinois,2001.0,Male,40+ years,40+,1331.0,2443794.0,54.46
9335,Gonorrhea,280.0,Illinois,2001.0,Male,Unknown,99,27.0,,
9336,Gonorrhea,280.0,Illinois,2002.0,Male,0-14 years,0-14,43.0,1391676.0,3.09
9337,Gonorrhea,280.0,Illinois,2002.0,Male,15-19 years,15-19,2157.0,454323.0,474.77
9338,Gonorrhea,280.0,Illinois,2002.0,Male,20-24 years,20-24,3881.0,450774.0,860.96
9339,Gonorrhea,280.0,Illinois,2002.0,Male,25-29 years,25-29,2139.0,438738.0,487.54
9340,Gonorrhea,280.0,Illinois,2002.0,Male,30-34 years,30-34,1336.0,476246.0,280.53
9341,Gonorrhea,280.0,Illinois,2002.0,Male,35-39 years,35-39,861.0,477750.0,180.22
9342,Gonorrhea,280.0,Illinois,2002.0,Male,40+ years,40+,1314.0,2487799.0,52.82
9343,Gonorrhea,280.0,Illinois,2002.0,Male,Unknown,99,19.0,,
9344,Gonorrhea,280.0,Illinois,2003.0,Male,0-14 years,0-14,52.0,1379582.0,3.77
9345,Gonorrhea,280.0,Illinois,2003.0,Male,15-19 years,15-19,1832.0,453944.0,403.57
9346,Gonorrhea,280.0,Illinois,2003.0,Male,20-24 years,20-24,3312.0,465158.0,712.02
9347,Gonorrhea,280.0,Illinois,2003.0,Male,25-29 years,25-29,1878.0,442099.0,424.79
9348,Gonorrhea,280.0,Illinois,2003.0,Male,30-34 years,30-34,1109.0,473172.0,234.38
9349,Gonorrhea,280.0,Illinois,2003.0,Male,35-39 years,35-39,748.0,467344.0,160.05
9350,Gonorrhea,280.0,Illinois,2003.0,Male,40+ years,40+,1253.0,2528340.0,49.56
9351,Gonorrhea,280.0,Illinois,2003.0,Male,Unknown,99,8.0,,
9352,Gonorrhea,280.0,Illinois,2004.0,Male,0-14 years,0-14,41.0,1379540.0,2.97
9353,Gonorrhea,280.0,Illinois,2004.0,Male,15-19 years,15-19,1674.0,457163.0,366.17
9354,Gonorrhea,280.0,Illinois,2004.0,Male,20-24 years,20-24,2861.0,468164.0,611.11
9355,Gonorrhea,280.0,Illinois,2004.0,Male,25-29 years,25-29,1730.0,446006.0,387.89
9356,Gonorrhea,280.0,Illinois,2004.0,Male,30-34 years,30-34,1043.0,467435.0,223.13
9357,Gonorrhea,280.0,Illinois,2004.0,Male,35-39 years,35-39,645.0,459526.0,140.36
9358,Gonorrhea,280.0,Illinois,2004.0,Male,40+ years,40+,1088.0,2565382.0,42.41
9359,Gonorrhea,280.0,Illinois,2004.0,Male,Unknown,99,5.0,,
9360,Gonorrhea,280.0,Illinois,2005.0,Male,0-14 years,0-14,28.0,1374260.0,2.04
9361,Gonorrhea,280.0,Illinois,2005.0,Male,15-19 years,15-19,1736.0,460939.0,376.62
9362,Gonorrhea,280.0,Illinois,2005.0,Male,20-24 years,20-24,2939.0,465100.0,631.91
9363,Gonorrhea,280.0,Illinois,2005.0,Male,25-29 years,25-29,1736.0,452987.0,383.23
9364,Gonorrhea,280.0,Illinois,2005.0,Male,30-34 years,30-34,947.0,458221.0,206.67
9365,Gonorrhea,280.0,Illinois,2005.0,Male,35-39 years,35-39,634.0,458519.0,138.27
9366,Gonorrhea,280.0,Illinois,2005.0,Male,40+ years,40+,988.0,2600974.0,37.99
9367,Gonorrhea,280.0,Illinois,2005.0,Male,Unknown,99,12.0,,
9368,Gonorrhea,280.0,Illinois,2006.0,Male,0-14 years,0-14,22.0,1359349.0,1.62
9369,Gonorrhea,280.0,Illinois,2006.0,Male,15-19 years,15-19,1791.0,474558.0,377.4
9370,Gonorrhea,280.0,Illinois,2006.0,Male,20-24 years,20-24,2783.0,469839.0,592.33
9371,Gonorrhea,280.0,Illinois,2006.0,Male,25-29 years,25-29,1946.0,465877.0,417.71
9372,Gonorrhea,280.0,Illinois,2006.0,Male,30-34 years,30-34,951.0,449753.0,211.45
9373,Gonorrhea,280.0,Illinois,2006.0,Male,35-39 years,35-39,636.0,459792.0,138.32
9374,Gonorrhea,280.0,Illinois,2006.0,Male,40+ years,40+,1129.0,2638292.0,42.79
9375,Gonorrhea,280.0,Illinois,2006.0,Male,Unknown,99,2.0,,
9376,Gonorrhea,280.0,Illinois,2007.0,Male,0-14 years,0-14,23.0,1352294.0,1.7
9377,Gonorrhea,280.0,Illinois,2007.0,Male,15-19 years,15-19,2024.0,478565.0,422.93
9378,Gonorrhea,280.0,Illinois,2007.0,Male,20-24 years,20-24,2949.0,471335.0,625.67
9379,Gonorrhea,280.0,Illinois,2007.0,Male,25-29 years,25-29,1840.0,463049.0,397.37
9380,Gonorrhea,280.0,Illinois,2007.0,Male,30-34 years,30-34,1001.0,445802.0,224.54
9381,Gonorrhea,280.0,Illinois,2007.0,Male,35-39 years,35-39,636.0,460076.0,138.24
9382,Gonorrhea,280.0,Illinois,2007.0,Male,40+ years,40+,1027.0,2662281.0,38.58
9383,Gonorrhea,280.0,Illinois,2007.0,Male,Unknown,99,1.0,,
9384,Gonorrhea,280.0,Illinois,2008.0,Male,0-14 years,0-14,25.0,1345891.0,1.86
9385,Gonorrhea,280.0,Illinois,2008.0,Male,15-19 years,15-19,1975.0,482589.0,409.25
9386,Gonorrhea,280.0,Illinois,2008.0,Male,20-24 years,20-24,3104.0,471233.0,658.7
9387,Gonorrhea,280.0,Illinois,2008.0,Male,25-29 years,25-29,1810.0,469049.0,385.89
9388,Gonorrhea,280.0,Illinois,2008.0,Male,30-34 years,30-34,937.0,444662.0,210.72
9389,Gonorrhea,280.0,Illinois,2008.0,Male,35-39 years,35-39,560.0,455294.0,123.0
9390,Gonorrhea,280.0,Illinois,2008.0,Male,40+ years,40+,919.0,2691188.0,34.15
9391,Gonorrhea,280.0,Illinois,2008.0,Male,Unknown,99,1.0,,
9392,Gonorrhea,280.0,Illinois,2009.0,Male,0-14 years,0-14,37.0,1346691.0,2.75
9393,Gonorrhea,280.0,Illinois,2009.0,Male,15-19 years,15-19,1862.0,473426.0,393.3
9394,Gonorrhea,280.0,Illinois,2009.0,Male,20-24 years,20-24,2915.0,469033.0,621.49
9395,Gonorrhea,280.0,Illinois,2009.0,Male,25-29 years,25-29,1668.0,472010.0,353.38
9396,Gonorrhea,280.0,Illinois,2009.0,Male,30-34 years,30-34,865.0,435227.0,198.75
9397,Gonorrhea,280.0,Illinois,2009.0,Male,35-39 years,35-39,497.0,443395.0,112.09
9398,Gonorrhea,280.0,Illinois,2009.0,Male,40+ years,40+,864.0,2719844.0,31.77
9399,Gonorrhea,280.0,Illinois,2009.0,Male,Unknown,99,2.0,,
9400,Gonorrhea,280.0,Illinois,2010.0,Male,0-14 years,0-14,39.0,1313609.0,2.97
9401,Gonorrhea,280.0,Illinois,2010.0,Male,15-19 years,15-19,1590.0,473736.0,335.63
9402,Gonorrhea,280.0,Illinois,2010.0,Male,20-24 years,20-24,2312.0,447513.0,516.63
9403,Gonorrhea,280.0,Illinois,2010.0,Male,25-29 years,25-29,1252.0,456887.0,274.03
9404,Gonorrhea,280.0,Illinois,2010.0,Male,30-34 years,30-34,612.0,433782.0,141.09
9405,Gonorrhea,280.0,Illinois,2010.0,Male,35-39 years,35-39,364.0,426476.0,85.35
9406,Gonorrhea,280.0,Illinois,2010.0,Male,40+ years,40+,652.0,2740273.0,23.79
9407,Gonorrhea,280.0,Illinois,2010.0,Male,Unknown,99,3.0,,
9408,Gonorrhea,280.0,Illinois,2011.0,Male,0-14 years,0-14,31.0,1302599.0,2.38
9409,Gonorrhea,280.0,Illinois,2011.0,Male,15-19 years,15-19,1824.0,467166.0,390.44
9410,Gonorrhea,280.0,Illinois,2011.0,Male,20-24 years,20-24,2552.0,449936.0,567.19
9411,Gonorrhea,280.0,Illinois,2011.0,Male,25-29 years,25-29,1357.0,455853.0,297.68
9412,Gonorrhea,280.0,Illinois,2011.0,Male,30-34 years,30-34,718.0,441942.0,162.47
9413,Gonorrhea,280.0,Illinois,2011.0,Male,35-39 years,35-39,347.0,414907.0,83.63
9414,Gonorrhea,280.0,Illinois,2011.0,Male,40+ years,40+,684.0,2781791.0,24.59
9415,Gonorrhea,280.0,Illinois,2012.0,Male,0-14 years,0-14,54.0,1290760.0,4.18
9416,Gonorrhea,280.0,Illinois,2012.0,Male,15-19 years,15-19,1835.0,458318.0,400.38
9417,Gonorrhea,280.0,Illinois,2012.0,Male,20-24 years,20-24,2763.0,456016.0,605.9
9418,Gonorrhea,280.0,Illinois,2012.0,Male,25-29 years,25-29,1562.0,450935.0,346.39
9419,Gonorrhea,280.0,Illinois,2012.0,Male,30-34 years,30-34,826.0,446070.0,185.17
9420,Gonorrhea,280.0,Illinois,2012.0,Male,35-39 years,35-39,415.0,411342.0,100.89
9421,Gonorrhea,280.0,Illinois,2012.0,Male,40+ years,40+,828.0,2806014.0,29.51
9422,Gonorrhea,280.0,Illinois,2013.0,Male,0-14 years,0-14,28.0,1274959.0,2.2
9423,Gonorrhea,280.0,Illinois,2013.0,Male,15-19 years,15-19,1572.0,449966.0,349.36
9424,Gonorrhea,280.0,Illinois,2013.0,Male,20-24 years,20-24,2723.0,462041.0,589.34
9425,Gonorrhea,280.0,Illinois,2013.0,Male,25-29 years,25-29,1516.0,448154.0,338.28
9426,Gonorrhea,280.0,Illinois,2013.0,Male,30-34 years,30-34,812.0,449080.0,180.81
9427,Gonorrhea,280.0,Illinois,2013.0,Male,35-39 years,35-39,421.0,412840.0,101.98
9428,Gonorrhea,280.0,Illinois,2013.0,Male,40+ years,40+,800.0,2829443.0,28.27
9429,Gonorrhea,280.0,Illinois,2014.0,Male,0-14 years,0-14,34.0,1274959.0,2.67
9430,Gonorrhea,280.0,Illinois,2014.0,Male,15-19 years,15-19,1468.0,449966.0,326.25
9431,Gonorrhea,280.0,Illinois,2014.0,Male,20-24 years,20-24,2769.0,462041.0,599.3
9432,Gonorrhea,280.0,Illinois,2014.0,Male,25-29 years,25-29,1745.0,448154.0,389.38
9433,Gonorrhea,280.0,Illinois,2014.0,Male,30-34 years,30-34,972.0,449080.0,216.44
9434,Gonorrhea,280.0,Illinois,2014.0,Male,35-39 years,35-39,506.0,412840.0,122.57
9435,Gonorrhea,280.0,Illinois,2014.0,Male,40+ years,40+,892.0,2829443.0,31.53
9436,Gonorrhea,280.0,Indiana,1996.0,Male,0-14 years,0-14,32.0,642721.0,4.98
9437,Gonorrhea,280.0,Indiana,1996.0,Male,15-19 years,15-19,791.0,226918.0,348.58
9438,Gonorrhea,280.0,Indiana,1996.0,Male,20-24 years,20-24,1029.0,209892.0,490.25
9439,Gonorrhea,280.0,Indiana,1996.0,Male,25-29 years,25-29,523.0,214234.0,244.13
9440,Gonorrhea,280.0,Indiana,1996.0,Male,30-34 years,30-34,327.0,224196.0,145.85
9441,Gonorrhea,280.0,Indiana,1996.0,Male,35-39 years,35-39,223.0,245227.0,90.94
9442,Gonorrhea,280.0,Indiana,1996.0,Male,40+ years,40+,254.0,1119447.0,22.69
9443,Gonorrhea,280.0,Indiana,1996.0,Male,Unknown,99,47.0,,
9444,Gonorrhea,280.0,Indiana,1997.0,Male,0-14 years,0-14,35.0,651278.0,5.37
9445,Gonorrhea,280.0,Indiana,1997.0,Male,15-19 years,15-19,706.0,230892.0,305.77
9446,Gonorrhea,280.0,Indiana,1997.0,Male,20-24 years,20-24,962.0,208325.0,461.78
9447,Gonorrhea,280.0,Indiana,1997.0,Male,25-29 years,25-29,554.0,215969.0,256.52
9448,Gonorrhea,280.0,Indiana,1997.0,Male,30-34 years,30-34,319.0,217428.0,146.72
9449,Gonorrhea,280.0,Indiana,1997.0,Male,35-39 years,35-39,227.0,244131.0,92.98
9450,Gonorrhea,280.0,Indiana,1997.0,Male,40+ years,40+,290.0,1141954.0,25.4
9451,Gonorrhea,280.0,Indiana,1997.0,Male,Unknown,99,26.0,,
9452,Gonorrhea,280.0,Indiana,1998.0,Male,0-14 years,0-14,32.0,658181.0,4.86
9453,Gonorrhea,280.0,Indiana,1998.0,Male,15-19 years,15-19,683.0,233476.0,292.54
9454,Gonorrhea,280.0,Indiana,1998.0,Male,20-24 years,20-24,936.0,210240.0,445.2
9455,Gonorrhea,280.0,Indiana,1998.0,Male,25-29 years,25-29,539.0,213984.0,251.89
9456,Gonorrhea,280.0,Indiana,1998.0,Male,30-34 years,30-34,367.0,212604.0,172.62
9457,Gonorrhea,280.0,Indiana,1998.0,Male,35-39 years,35-39,243.0,242050.0,100.39
9458,Gonorrhea,280.0,Indiana,1998.0,Male,40+ years,40+,346.0,1163168.0,29.75
9459,Gonorrhea,280.0,Indiana,1998.0,Male,Unknown,99,18.0,,
9460,Gonorrhea,280.0,Indiana,1999.0,Male,0-14 years,0-14,32.0,666601.0,4.8
9461,Gonorrhea,280.0,Indiana,1999.0,Male,15-19 years,15-19,614.0,233591.0,262.85
9462,Gonorrhea,280.0,Indiana,1999.0,Male,20-24 years,20-24,840.0,213638.0,393.19
9463,Gonorrhea,280.0,Indiana,1999.0,Male,25-29 years,25-29,515.0,210370.0,244.81
9464,Gonorrhea,280.0,Indiana,1999.0,Male,30-34 years,30-34,306.0,210971.0,145.04
9465,Gonorrhea,280.0,Indiana,1999.0,Male,35-39 years,35-39,225.0,240503.0,93.55
9466,Gonorrhea,280.0,Indiana,1999.0,Male,40+ years,40+,317.0,1185944.0,26.73
9467,Gonorrhea,280.0,Indiana,1999.0,Male,Unknown,99,4.0,,
9468,Gonorrhea,280.0,Indiana,2000.0,Male,0-14 years,0-14,17.0,676672.0,2.51
9469,Gonorrhea,280.0,Indiana,2000.0,Male,15-19 years,15-19,648.0,231724.0,279.64
9470,Gonorrhea,280.0,Indiana,2000.0,Male,20-24 years,20-24,979.0,218558.0,447.94
9471,Gonorrhea,280.0,Indiana,2000.0,Male,25-29 years,25-29,560.0,204649.0,273.64
9472,Gonorrhea,280.0,Indiana,2000.0,Male,30-34 years,30-34,323.0,212975.0,151.66
9473,Gonorrhea,280.0,Indiana,2000.0,Male,35-39 years,35-39,229.0,236247.0,96.93
9474,Gonorrhea,280.0,Indiana,2000.0,Male,40+ years,40+,313.0,1208068.0,25.91
9475,Gonorrhea,280.0,Indiana,2001.0,Male,0-14 years,0-14,11.0,677573.0,1.62
9476,Gonorrhea,280.0,Indiana,2001.0,Male,15-19 years,15-19,633.0,227077.0,278.76
9477,Gonorrhea,280.0,Indiana,2001.0,Male,20-24 years,20-24,979.0,226690.0,431.87
9478,Gonorrhea,280.0,Indiana,2001.0,Male,25-29 years,25-29,601.0,200370.0,299.94
9479,Gonorrhea,280.0,Indiana,2001.0,Male,30-34 years,30-34,362.0,214861.0,168.48
9480,Gonorrhea,280.0,Indiana,2001.0,Male,35-39 years,35-39,216.0,231550.0,93.28
9481,Gonorrhea,280.0,Indiana,2001.0,Male,40+ years,40+,326.0,1229603.0,26.51
9482,Gonorrhea,280.0,Indiana,2001.0,Male,Unknown,99,41.0,,
9483,Gonorrhea,280.0,Indiana,2002.0,Male,0-14 years,0-14,21.0,680560.0,3.09
9484,Gonorrhea,280.0,Indiana,2002.0,Male,15-19 years,15-19,613.0,225316.0,272.06
9485,Gonorrhea,280.0,Indiana,2002.0,Male,20-24 years,20-24,1110.0,231374.0,479.74
9486,Gonorrhea,280.0,Indiana,2002.0,Male,25-29 years,25-29,659.0,199689.0,330.01
9487,Gonorrhea,280.0,Indiana,2002.0,Male,30-34 years,30-34,317.0,216039.0,146.73
9488,Gonorrhea,280.0,Indiana,2002.0,Male,35-39 years,35-39,268.0,226135.0,118.51
9489,Gonorrhea,280.0,Indiana,2002.0,Male,40+ years,40+,363.0,1246182.0,29.13
9490,Gonorrhea,280.0,Indiana,2002.0,Male,Unknown,99,21.0,,
9491,Gonorrhea,280.0,Indiana,2003.0,Male,0-14 years,0-14,19.0,684305.0,2.78
9492,Gonorrhea,280.0,Indiana,2003.0,Male,15-19 years,15-19,524.0,226520.0,231.33
9493,Gonorrhea,280.0,Indiana,2003.0,Male,20-24 years,20-24,944.0,234221.0,403.04
9494,Gonorrhea,280.0,Indiana,2003.0,Male,25-29 years,25-29,583.0,203333.0,286.72
9495,Gonorrhea,280.0,Indiana,2003.0,Male,30-34 years,30-34,332.0,211789.0,156.76
9496,Gonorrhea,280.0,Indiana,2003.0,Male,35-39 years,35-39,239.0,219051.0,109.11
9497,Gonorrhea,280.0,Indiana,2003.0,Male,40+ years,40+,379.0,1267508.0,29.9
9498,Gonorrhea,280.0,Indiana,2003.0,Male,Unknown,99,20.0,,
9499,Gonorrhea,280.0,Indiana,2004.0,Male,0-14 years,0-14,12.0,681713.0,1.76
9500,Gonorrhea,280.0,Indiana,2004.0,Male,15-19 years,15-19,585.0,227843.0,256.76
9501,Gonorrhea,280.0,Indiana,2004.0,Male,20-24 years,20-24,971.0,232844.0,417.02
9502,Gonorrhea,280.0,Indiana,2004.0,Male,25-29 years,25-29,630.0,210626.0,299.11
9503,Gonorrhea,280.0,Indiana,2004.0,Male,30-34 years,30-34,363.0,209583.0,173.2
9504,Gonorrhea,280.0,Indiana,2004.0,Male,35-39 years,35-39,250.0,214867.0,116.35
9505,Gonorrhea,280.0,Indiana,2004.0,Male,40+ years,40+,449.0,1291499.0,34.77
9506,Gonorrhea,280.0,Indiana,2004.0,Male,Unknown,99,10.0,,
9507,Gonorrhea,280.0,Indiana,2005.0,Male,0-14 years,0-14,14.0,679339.0,2.06
9508,Gonorrhea,280.0,Indiana,2005.0,Male,15-19 years,15-19,656.0,230428.0,284.69
9509,Gonorrhea,280.0,Indiana,2005.0,Male,20-24 years,20-24,1081.0,228563.0,472.95
9510,Gonorrhea,280.0,Indiana,2005.0,Male,25-29 years,25-29,704.0,219753.0,320.36
9511,Gonorrhea,280.0,Indiana,2005.0,Male,30-34 years,30-34,434.0,205356.0,211.34
9512,Gonorrhea,280.0,Indiana,2005.0,Male,35-39 years,35-39,257.0,213601.0,120.32
9513,Gonorrhea,280.0,Indiana,2005.0,Male,40+ years,40+,460.0,1311265.0,35.08
9514,Gonorrhea,280.0,Indiana,2005.0,Male,Unknown,99,10.0,,
9515,Gonorrhea,280.0,Indiana,2006.0,Male,0-14 years,0-14,24.0,666780.0,3.6
9516,Gonorrhea,280.0,Indiana,2006.0,Male,15-19 years,15-19,660.0,231270.0,285.38
9517,Gonorrhea,280.0,Indiana,2006.0,Male,20-24 years,20-24,1170.0,227992.0,513.18
9518,Gonorrhea,280.0,Indiana,2006.0,Male,25-29 years,25-29,717.0,225955.0,317.32
9519,Gonorrhea,280.0,Indiana,2006.0,Male,30-34 years,30-34,458.0,205375.0,223.01
9520,Gonorrhea,280.0,Indiana,2006.0,Male,35-39 years,35-39,290.0,216109.0,134.19
9521,Gonorrhea,280.0,Indiana,2006.0,Male,40+ years,40+,562.0,1337022.0,42.03
9522,Gonorrhea,280.0,Indiana,2006.0,Male,Unknown,99,14.0,,
9523,Gonorrhea,280.0,Indiana,2007.0,Male,0-14 years,0-14,31.0,670463.0,4.62
9524,Gonorrhea,280.0,Indiana,2007.0,Male,15-19 years,15-19,733.0,232554.0,315.2
9525,Gonorrhea,280.0,Indiana,2007.0,Male,20-24 years,20-24,1140.0,219579.0,519.17
9526,Gonorrhea,280.0,Indiana,2007.0,Male,25-29 years,25-29,813.0,226856.0,358.38
9527,Gonorrhea,280.0,Indiana,2007.0,Male,30-34 years,30-34,415.0,206075.0,201.38
9528,Gonorrhea,280.0,Indiana,2007.0,Male,35-39 years,35-39,277.0,217225.0,127.52
9529,Gonorrhea,280.0,Indiana,2007.0,Male,40+ years,40+,471.0,1353828.0,34.79
9530,Gonorrhea,280.0,Indiana,2008.0,Male,0-14 years,0-14,8.0,671104.0,1.19
9531,Gonorrhea,280.0,Indiana,2008.0,Male,15-19 years,15-19,747.0,232023.0,321.95
9532,Gonorrhea,280.0,Indiana,2008.0,Male,20-24 years,20-24,1173.0,218170.0,537.65
9533,Gonorrhea,280.0,Indiana,2008.0,Male,25-29 years,25-29,733.0,225735.0,324.72
9534,Gonorrhea,280.0,Indiana,2008.0,Male,30-34 years,30-34,395.0,207531.0,190.33
9535,Gonorrhea,280.0,Indiana,2008.0,Male,35-39 years,35-39,278.0,217163.0,128.01
9536,Gonorrhea,280.0,Indiana,2008.0,Male,40+ years,40+,344.0,1370784.0,25.1
9537,Gonorrhea,280.0,Indiana,2008.0,Male,Unknown,99,15.0,,
9538,Gonorrhea,280.0,Indiana,2009.0,Male,0-14 years,0-14,11.0,673655.0,1.63
9539,Gonorrhea,280.0,Indiana,2009.0,Male,15-19 years,15-19,596.0,236756.0,251.74
9540,Gonorrhea,280.0,Indiana,2009.0,Male,20-24 years,20-24,957.0,231379.0,413.61
9541,Gonorrhea,280.0,Indiana,2009.0,Male,25-29 years,25-29,540.0,220497.0,244.9
9542,Gonorrhea,280.0,Indiana,2009.0,Male,30-34 years,30-34,307.0,204417.0,150.18
9543,Gonorrhea,280.0,Indiana,2009.0,Male,35-39 years,35-39,174.0,212876.0,81.74
9544,Gonorrhea,280.0,Indiana,2009.0,Male,40+ years,40+,239.0,1385108.0,17.25
9545,Gonorrhea,280.0,Indiana,2009.0,Male,Unknown,99,7.0,,
9546,Gonorrhea,280.0,Indiana,2010.0,Male,0-14 years,0-14,10.0,680515.0,1.47
9547,Gonorrhea,280.0,Indiana,2010.0,Male,15-19 years,15-19,626.0,243490.0,257.1
9548,Gonorrhea,280.0,Indiana,2010.0,Male,20-24 years,20-24,1036.0,228268.0,453.85
9549,Gonorrhea,280.0,Indiana,2010.0,Male,25-29 years,25-29,547.0,210811.0,259.47
9550,Gonorrhea,280.0,Indiana,2010.0,Male,30-34 years,30-34,302.0,204713.0,147.52
9551,Gonorrhea,280.0,Indiana,2010.0,Male,35-39 years,35-39,163.0,208907.0,78.03
9552,Gonorrhea,280.0,Indiana,2010.0,Male,40+ years,40+,197.0,1413033.0,13.94
9553,Gonorrhea,280.0,Indiana,2010.0,Male,Unknown,99,3.0,,
9554,Gonorrhea,280.0,Indiana,2011.0,Male,0-14 years,0-14,9.0,676298.0,1.33
9555,Gonorrhea,280.0,Indiana,2011.0,Male,15-19 years,15-19,564.0,241180.0,233.85
9556,Gonorrhea,280.0,Indiana,2011.0,Male,20-24 years,20-24,1098.0,233320.0,470.6
9557,Gonorrhea,280.0,Indiana,2011.0,Male,25-29 years,25-29,518.0,209382.0,247.4
9558,Gonorrhea,280.0,Indiana,2011.0,Male,30-34 years,30-34,280.0,209649.0,133.56
9559,Gonorrhea,280.0,Indiana,2011.0,Male,35-39 years,35-39,155.0,201210.0,77.03
9560,Gonorrhea,280.0,Indiana,2011.0,Male,40+ years,40+,243.0,1435946.0,16.92
9561,Gonorrhea,280.0,Indiana,2012.0,Male,0-14 years,0-14,16.0,675051.0,2.37
9562,Gonorrhea,280.0,Indiana,2012.0,Male,15-19 years,15-19,539.0,235235.0,229.13
9563,Gonorrhea,280.0,Indiana,2012.0,Male,20-24 years,20-24,1156.0,240409.0,480.85
9564,Gonorrhea,280.0,Indiana,2012.0,Male,25-29 years,25-29,639.0,207869.0,307.4
9565,Gonorrhea,280.0,Indiana,2012.0,Male,30-34 years,30-34,356.0,211573.0,168.26
9566,Gonorrhea,280.0,Indiana,2012.0,Male,35-39 years,35-39,175.0,198820.0,88.02
9567,Gonorrhea,280.0,Indiana,2012.0,Male,40+ years,40+,307.0,1449233.0,21.18
9568,Gonorrhea,280.0,Indiana,2013.0,Male,0-14 years,0-14,6.0,672897.0,0.89
9569,Gonorrhea,280.0,Indiana,2013.0,Male,15-19 years,15-19,592.0,233474.0,253.56
9570,Gonorrhea,280.0,Indiana,2013.0,Male,20-24 years,20-24,1129.0,243647.0,463.38
9571,Gonorrhea,280.0,Indiana,2013.0,Male,25-29 years,25-29,688.0,209775.0,327.97
9572,Gonorrhea,280.0,Indiana,2013.0,Male,30-34 years,30-34,367.0,212754.0,172.5
9573,Gonorrhea,280.0,Indiana,2013.0,Male,35-39 years,35-39,204.0,200128.0,101.94
9574,Gonorrhea,280.0,Indiana,2013.0,Male,40+ years,40+,361.0,1463593.0,24.67
9575,Gonorrhea,280.0,Indiana,2014.0,Male,0-14 years,0-14,9.0,672897.0,1.34
9576,Gonorrhea,280.0,Indiana,2014.0,Male,15-19 years,15-19,536.0,233474.0,229.58
9577,Gonorrhea,280.0,Indiana,2014.0,Male,20-24 years,20-24,1161.0,243647.0,476.51
9578,Gonorrhea,280.0,Indiana,2014.0,Male,25-29 years,25-29,736.0,209775.0,350.85
9579,Gonorrhea,280.0,Indiana,2014.0,Male,30-34 years,30-34,406.0,212754.0,190.83
9580,Gonorrhea,280.0,Indiana,2014.0,Male,35-39 years,35-39,243.0,200128.0,121.42
9581,Gonorrhea,280.0,Indiana,2014.0,Male,40+ years,40+,374.0,1463593.0,25.55
9582,Gonorrhea,280.0,Iowa,1996.0,Male,0-14 years,0-14,1.0,305130.0,0.33
9583,Gonorrhea,280.0,Iowa,1996.0,Male,15-19 years,15-19,118.0,113471.0,103.99
9584,Gonorrhea,280.0,Iowa,1996.0,Male,20-24 years,20-24,147.0,96850.0,151.78
9585,Gonorrhea,280.0,Iowa,1996.0,Male,25-29 years,25-29,97.0,97464.0,99.52
9586,Gonorrhea,280.0,Iowa,1996.0,Male,30-34 years,30-34,57.0,99478.0,57.3
9587,Gonorrhea,280.0,Iowa,1996.0,Male,35-39 years,35-39,32.0,115563.0,27.69
9588,Gonorrhea,280.0,Iowa,1996.0,Male,40+ years,40+,21.0,577835.0,3.63
9589,Gonorrhea,280.0,Iowa,1996.0,Male,Unknown,99,6.0,,
9590,Gonorrhea,280.0,Iowa,1997.0,Male,0-14 years,0-14,1.0,304654.0,0.33
9591,Gonorrhea,280.0,Iowa,1997.0,Male,15-19 years,15-19,109.0,115569.0,94.32
9592,Gonorrhea,280.0,Iowa,1997.0,Male,20-24 years,20-24,170.0,96916.0,175.41
9593,Gonorrhea,280.0,Iowa,1997.0,Male,25-29 years,25-29,117.0,97321.0,120.22
9594,Gonorrhea,280.0,Iowa,1997.0,Male,30-34 years,30-34,67.0,96012.0,69.78
9595,Gonorrhea,280.0,Iowa,1997.0,Male,35-39 years,35-39,45.0,114526.0,39.29
9596,Gonorrhea,280.0,Iowa,1997.0,Male,40+ years,40+,37.0,587675.0,6.3
9597,Gonorrhea,280.0,Iowa,1997.0,Male,Unknown,99,1.0,,
9598,Gonorrhea,280.0,Iowa,1998.0,Male,0-14 years,0-14,2.0,305286.0,0.66
9599,Gonorrhea,280.0,Iowa,1998.0,Male,15-19 years,15-19,152.0,116908.0,130.02
9600,Gonorrhea,280.0,Iowa,1998.0,Male,20-24 years,20-24,211.0,99075.0,212.97
9601,Gonorrhea,280.0,Iowa,1998.0,Male,25-29 years,25-29,144.0,95038.0,151.52
9602,Gonorrhea,280.0,Iowa,1998.0,Male,30-34 years,30-34,92.0,93923.0,97.95
9603,Gonorrhea,280.0,Iowa,1998.0,Male,35-39 years,35-39,49.0,112833.0,43.43
9604,Gonorrhea,280.0,Iowa,1998.0,Male,40+ years,40+,68.0,596585.0,11.4
9605,Gonorrhea,280.0,Iowa,1998.0,Male,Unknown,99,3.0,,
9606,Gonorrhea,280.0,Iowa,1999.0,Male,0-14 years,0-14,1.0,307581.0,0.33
9607,Gonorrhea,280.0,Iowa,1999.0,Male,15-19 years,15-19,126.0,116770.0,107.9
9608,Gonorrhea,280.0,Iowa,1999.0,Male,20-24 years,20-24,166.0,101863.0,162.96
9609,Gonorrhea,280.0,Iowa,1999.0,Male,25-29 years,25-29,133.0,92310.0,144.08
9610,Gonorrhea,280.0,Iowa,1999.0,Male,30-34 years,30-34,59.0,93587.0,63.04
9611,Gonorrhea,280.0,Iowa,1999.0,Male,35-39 years,35-39,53.0,110949.0,47.77
9612,Gonorrhea,280.0,Iowa,1999.0,Male,40+ years,40+,67.0,606351.0,11.05
9613,Gonorrhea,280.0,Iowa,1999.0,Male,Unknown,99,1.0,,
9614,Gonorrhea,280.0,Iowa,2000.0,Male,0-14 years,0-14,4.0,300583.0,1.33
9615,Gonorrhea,280.0,Iowa,2000.0,Male,15-19 years,15-19,145.0,114645.0,126.48
9616,Gonorrhea,280.0,Iowa,2000.0,Male,20-24 years,20-24,207.0,106476.0,194.41
9617,Gonorrhea,280.0,Iowa,2000.0,Male,25-29 years,25-29,110.0,90526.0,121.51
9618,Gonorrhea,280.0,Iowa,2000.0,Male,30-34 years,30-34,78.0,95509.0,81.67
9619,Gonorrhea,280.0,Iowa,2000.0,Male,35-39 years,35-39,41.0,108823.0,37.68
9620,Gonorrhea,280.0,Iowa,2000.0,Male,40+ years,40+,67.0,620231.0,10.8
9621,Gonorrhea,280.0,Iowa,2001.0,Male,0-14 years,0-14,2.0,298484.0,0.67
9622,Gonorrhea,280.0,Iowa,2001.0,Male,15-19 years,15-19,107.0,112131.0,95.42
9623,Gonorrhea,280.0,Iowa,2001.0,Male,20-24 years,20-24,246.0,111112.0,221.4
9624,Gonorrhea,280.0,Iowa,2001.0,Male,25-29 years,25-29,121.0,89283.0,135.52
9625,Gonorrhea,280.0,Iowa,2001.0,Male,30-34 years,30-34,64.0,94802.0,67.51
9626,Gonorrhea,280.0,Iowa,2001.0,Male,35-39 years,35-39,53.0,105124.0,50.42
9627,Gonorrhea,280.0,Iowa,2001.0,Male,40+ years,40+,57.0,628276.0,9.07
9628,Gonorrhea,280.0,Iowa,2001.0,Male,Unknown,99,2.0,,
9629,Gonorrhea,280.0,Iowa,2002.0,Male,0-14 years,0-14,6.0,293291.0,2.05
9630,Gonorrhea,280.0,Iowa,2002.0,Male,15-19 years,15-19,113.0,109787.0,102.93
9631,Gonorrhea,280.0,Iowa,2002.0,Male,20-24 years,20-24,217.0,115013.0,188.67
9632,Gonorrhea,280.0,Iowa,2002.0,Male,25-29 years,25-29,130.0,90547.0,143.57
9633,Gonorrhea,280.0,Iowa,2002.0,Male,30-34 years,30-34,77.0,94853.0,81.18
9634,Gonorrhea,280.0,Iowa,2002.0,Male,35-39 years,35-39,52.0,101985.0,50.99
9635,Gonorrhea,280.0,Iowa,2002.0,Male,40+ years,40+,61.0,636552.0,9.58
9636,Gonorrhea,280.0,Iowa,2002.0,Male,Unknown,99,2.0,,
9637,Gonorrhea,280.0,Iowa,2003.0,Male,0-14 years,0-14,3.0,291899.0,1.03
9638,Gonorrhea,280.0,Iowa,2003.0,Male,15-19 years,15-19,112.0,108711.0,103.03
9639,Gonorrhea,280.0,Iowa,2003.0,Male,20-24 years,20-24,232.0,116323.0,199.44
9640,Gonorrhea,280.0,Iowa,2003.0,Male,25-29 years,25-29,127.0,93591.0,135.7
9641,Gonorrhea,280.0,Iowa,2003.0,Male,30-34 years,30-34,76.0,91840.0,82.75
9642,Gonorrhea,280.0,Iowa,2003.0,Male,35-39 years,35-39,63.0,98501.0,63.96
9643,Gonorrhea,280.0,Iowa,2003.0,Male,40+ years,40+,67.0,646943.0,10.36
9644,Gonorrhea,280.0,Iowa,2004.0,Male,0-14 years,0-14,1.0,285987.0,0.35
9645,Gonorrhea,280.0,Iowa,2004.0,Male,15-19 years,15-19,98.0,107751.0,90.95
9646,Gonorrhea,280.0,Iowa,2004.0,Male,20-24 years,20-24,151.0,116190.0,129.96
9647,Gonorrhea,280.0,Iowa,2004.0,Male,25-29 years,25-29,112.0,98647.0,113.54
9648,Gonorrhea,280.0,Iowa,2004.0,Male,30-34 years,30-34,61.0,90529.0,67.38
9649,Gonorrhea,280.0,Iowa,2004.0,Male,35-39 years,35-39,36.0,96867.0,37.16
9650,Gonorrhea,280.0,Iowa,2004.0,Male,40+ years,40+,52.0,658136.0,7.9
9651,Gonorrhea,280.0,Iowa,2005.0,Male,0-14 years,0-14,5.0,280615.0,1.78
9652,Gonorrhea,280.0,Iowa,2005.0,Male,15-19 years,15-19,118.0,107275.0,110.0
9653,Gonorrhea,280.0,Iowa,2005.0,Male,20-24 years,20-24,201.0,114115.0,176.14
9654,Gonorrhea,280.0,Iowa,2005.0,Male,25-29 years,25-29,164.0,103947.0,157.77
9655,Gonorrhea,280.0,Iowa,2005.0,Male,30-34 years,30-34,93.0,89276.0,104.17
9656,Gonorrhea,280.0,Iowa,2005.0,Male,35-39 years,35-39,61.0,96624.0,63.13
9657,Gonorrhea,280.0,Iowa,2005.0,Male,40+ years,40+,76.0,668897.0,11.36
9658,Gonorrhea,280.0,Iowa,2005.0,Male,Unknown,99,3.0,,
9659,Gonorrhea,280.0,Iowa,2006.0,Male,0-14 years,0-14,2.0,298009.0,0.67
9660,Gonorrhea,280.0,Iowa,2006.0,Male,15-19 years,15-19,164.0,111166.0,147.53
9661,Gonorrhea,280.0,Iowa,2006.0,Male,20-24 years,20-24,266.0,115702.0,229.9
9662,Gonorrhea,280.0,Iowa,2006.0,Male,25-29 years,25-29,158.0,96714.0,163.37
9663,Gonorrhea,280.0,Iowa,2006.0,Male,30-34 years,30-34,87.0,87860.0,99.02
9664,Gonorrhea,280.0,Iowa,2006.0,Male,35-39 years,35-39,49.0,96029.0,51.03
9665,Gonorrhea,280.0,Iowa,2006.0,Male,40+ years,40+,60.0,667330.0,8.99
9666,Gonorrhea,280.0,Iowa,2006.0,Male,Unknown,99,1.0,,
9667,Gonorrhea,280.0,Iowa,2007.0,Male,0-14 years,0-14,7.0,298616.0,2.34
9668,Gonorrhea,280.0,Iowa,2007.0,Male,15-19 years,15-19,172.0,111056.0,154.88
9669,Gonorrhea,280.0,Iowa,2007.0,Male,20-24 years,20-24,234.0,110891.0,211.02
9670,Gonorrhea,280.0,Iowa,2007.0,Male,25-29 years,25-29,149.0,98836.0,150.75
9671,Gonorrhea,280.0,Iowa,2007.0,Male,30-34 years,30-34,98.0,88036.0,111.32
9672,Gonorrhea,280.0,Iowa,2007.0,Male,35-39 years,35-39,62.0,95484.0,64.93
9673,Gonorrhea,280.0,Iowa,2007.0,Male,40+ years,40+,85.0,671622.0,12.66
9674,Gonorrhea,280.0,Iowa,2008.0,Male,0-14 years,0-14,4.0,300397.0,1.33
9675,Gonorrhea,280.0,Iowa,2008.0,Male,15-19 years,15-19,144.0,110714.0,130.06
9676,Gonorrhea,280.0,Iowa,2008.0,Male,20-24 years,20-24,214.0,110424.0,193.8
9677,Gonorrhea,280.0,Iowa,2008.0,Male,25-29 years,25-29,132.0,100166.0,131.78
9678,Gonorrhea,280.0,Iowa,2008.0,Male,30-34 years,30-34,84.0,89067.0,94.31
9679,Gonorrhea,280.0,Iowa,2008.0,Male,35-39 years,35-39,43.0,94014.0,45.74
9680,Gonorrhea,280.0,Iowa,2008.0,Male,40+ years,40+,54.0,678090.0,7.96
9681,Gonorrhea,280.0,Iowa,2008.0,Male,Unknown,99,1.0,,
9682,Gonorrhea,280.0,Iowa,2009.0,Male,0-14 years,0-14,3.0,301680.0,0.99
9683,Gonorrhea,280.0,Iowa,2009.0,Male,15-19 years,15-19,131.0,110805.0,118.23
9684,Gonorrhea,280.0,Iowa,2009.0,Male,20-24 years,20-24,214.0,116381.0,183.88
9685,Gonorrhea,280.0,Iowa,2009.0,Male,25-29 years,25-29,116.0,100500.0,115.42
9686,Gonorrhea,280.0,Iowa,2009.0,Male,30-34 years,30-34,71.0,87431.0,81.21
9687,Gonorrhea,280.0,Iowa,2009.0,Male,35-39 years,35-39,35.0,90830.0,38.53
9688,Gonorrhea,280.0,Iowa,2009.0,Male,40+ years,40+,39.0,677982.0,5.75
9689,Gonorrhea,280.0,Iowa,2010.0,Male,0-14 years,0-14,4.0,309397.0,1.29
9690,Gonorrhea,280.0,Iowa,2010.0,Male,15-19 years,15-19,145.0,111239.0,130.35
9691,Gonorrhea,280.0,Iowa,2010.0,Male,20-24 years,20-24,208.0,109467.0,190.01
9692,Gonorrhea,280.0,Iowa,2010.0,Male,25-29 years,25-29,127.0,101509.0,125.11
9693,Gonorrhea,280.0,Iowa,2010.0,Male,30-34 years,30-34,75.0,94027.0,79.76
9694,Gonorrhea,280.0,Iowa,2010.0,Male,35-39 years,35-39,32.0,89574.0,35.72
9695,Gonorrhea,280.0,Iowa,2010.0,Male,40+ years,40+,33.0,693106.0,4.76
9696,Gonorrhea,280.0,Iowa,2011.0,Male,0-14 years,0-14,1.0,307996.0,0.32
9697,Gonorrhea,280.0,Iowa,2011.0,Male,15-19 years,15-19,162.0,110601.0,146.47
9698,Gonorrhea,280.0,Iowa,2011.0,Male,20-24 years,20-24,243.0,111837.0,217.28
9699,Gonorrhea,280.0,Iowa,2011.0,Male,25-29 years,25-29,137.0,101092.0,135.52
9700,Gonorrhea,280.0,Iowa,2011.0,Male,30-34 years,30-34,76.0,97452.0,77.99
9701,Gonorrhea,280.0,Iowa,2011.0,Male,35-39 years,35-39,33.0,87550.0,37.69
9702,Gonorrhea,280.0,Iowa,2011.0,Male,40+ years,40+,51.0,700887.0,7.28
9703,Gonorrhea,280.0,Iowa,2012.0,Male,0-14 years,0-14,3.0,307624.0,0.98
9704,Gonorrhea,280.0,Iowa,2012.0,Male,15-19 years,15-19,146.0,109642.0,133.16
9705,Gonorrhea,280.0,Iowa,2012.0,Male,20-24 years,20-24,265.0,114449.0,231.54
9706,Gonorrhea,280.0,Iowa,2012.0,Male,25-29 years,25-29,183.0,99577.0,183.78
9707,Gonorrhea,280.0,Iowa,2012.0,Male,30-34 years,30-34,112.0,99870.0,112.15
9708,Gonorrhea,280.0,Iowa,2012.0,Male,35-39 years,35-39,57.0,87706.0,64.99
9709,Gonorrhea,280.0,Iowa,2012.0,Male,40+ years,40+,70.0,705620.0,9.92
9710,Gonorrhea,280.0,Iowa,2013.0,Male,0-14 years,0-14,2.0,307789.0,0.65
9711,Gonorrhea,280.0,Iowa,2013.0,Male,15-19 years,15-19,109.0,109050.0,99.95
9712,Gonorrhea,280.0,Iowa,2013.0,Male,20-24 years,20-24,242.0,116707.0,207.36
9713,Gonorrhea,280.0,Iowa,2013.0,Male,25-29 years,25-29,136.0,98017.0,138.75
9714,Gonorrhea,280.0,Iowa,2013.0,Male,30-34 years,30-34,60.0,101586.0,59.06
9715,Gonorrhea,280.0,Iowa,2013.0,Male,35-39 years,35-39,41.0,90340.0,45.38
9716,Gonorrhea,280.0,Iowa,2013.0,Male,40+ years,40+,70.0,709912.0,9.86
9717,Gonorrhea,280.0,Iowa,2014.0,Male,0-14 years,0-14,2.0,307789.0,0.65
9718,Gonorrhea,280.0,Iowa,2014.0,Male,15-19 years,15-19,110.0,109050.0,100.87
9719,Gonorrhea,280.0,Iowa,2014.0,Male,20-24 years,20-24,261.0,116707.0,223.64
9720,Gonorrhea,280.0,Iowa,2014.0,Male,25-29 years,25-29,162.0,98017.0,165.28
9721,Gonorrhea,280.0,Iowa,2014.0,Male,30-34 years,30-34,108.0,101586.0,106.31
9722,Gonorrhea,280.0,Iowa,2014.0,Male,35-39 years,35-39,60.0,90340.0,66.42
9723,Gonorrhea,280.0,Iowa,2014.0,Male,40+ years,40+,76.0,709912.0,10.71
9724,Gonorrhea,280.0,Kansas,1996.0,Male,0-14 years,0-14,16.0,296203.0,5.4
9725,Gonorrhea,280.0,Kansas,1996.0,Male,15-19 years,15-19,226.0,101041.0,223.67
9726,Gonorrhea,280.0,Kansas,1996.0,Male,20-24 years,20-24,298.0,89591.0,332.62
9727,Gonorrhea,280.0,Kansas,1996.0,Male,25-29 years,25-29,142.0,92228.0,153.97
9728,Gonorrhea,280.0,Kansas,1996.0,Male,30-34 years,30-34,117.0,98757.0,118.47
9729,Gonorrhea,280.0,Kansas,1996.0,Male,35-39 years,35-39,75.0,109502.0,68.49
9730,Gonorrhea,280.0,Kansas,1996.0,Male,40+ years,40+,85.0,499483.0,17.02
9731,Gonorrhea,280.0,Kansas,1997.0,Male,0-14 years,0-14,7.0,298076.0,2.35
9732,Gonorrhea,280.0,Kansas,1997.0,Male,15-19 years,15-19,193.0,104112.0,185.38
9733,Gonorrhea,280.0,Kansas,1997.0,Male,20-24 years,20-24,311.0,90865.0,342.27
9734,Gonorrhea,280.0,Kansas,1997.0,Male,25-29 years,25-29,153.0,91836.0,166.6
9735,Gonorrhea,280.0,Kansas,1997.0,Male,30-34 years,30-34,102.0,94561.0,107.87
9736,Gonorrhea,280.0,Kansas,1997.0,Male,35-39 years,35-39,77.0,108656.0,70.87
9737,Gonorrhea,280.0,Kansas,1997.0,Male,40+ years,40+,99.0,509677.0,19.42
9738,Gonorrhea,280.0,Kansas,1998.0,Male,0-14 years,0-14,6.0,300627.0,2.0
9739,Gonorrhea,280.0,Kansas,1998.0,Male,15-19 years,15-19,224.0,107074.0,209.2
9740,Gonorrhea,280.0,Kansas,1998.0,Male,20-24 years,20-24,378.0,93507.0,404.25
9741,Gonorrhea,280.0,Kansas,1998.0,Male,25-29 years,25-29,216.0,91232.0,236.76
9742,Gonorrhea,280.0,Kansas,1998.0,Male,30-34 years,30-34,127.0,91488.0,138.82
9743,Gonorrhea,280.0,Kansas,1998.0,Male,35-39 years,35-39,110.0,107798.0,102.04
9744,Gonorrhea,280.0,Kansas,1998.0,Male,40+ years,40+,106.0,520065.0,20.38
9745,Gonorrhea,280.0,Kansas,1998.0,Male,Unknown,99,1.0,,
9746,Gonorrhea,280.0,Kansas,1999.0,Male,0-14 years,0-14,7.0,302127.0,2.32
9747,Gonorrhea,280.0,Kansas,1999.0,Male,15-19 years,15-19,232.0,108196.0,214.43
9748,Gonorrhea,280.0,Kansas,1999.0,Male,20-24 years,20-24,385.0,96502.0,398.95
9749,Gonorrhea,280.0,Kansas,1999.0,Male,25-29 years,25-29,187.0,90018.0,207.74
9750,Gonorrhea,280.0,Kansas,1999.0,Male,30-34 years,30-34,97.0,89812.0,108.0
9751,Gonorrhea,280.0,Kansas,1999.0,Male,35-39 years,35-39,75.0,106159.0,70.65
9752,Gonorrhea,280.0,Kansas,1999.0,Male,40+ years,40+,107.0,529480.0,20.21
9753,Gonorrhea,280.0,Kansas,1999.0,Male,Unknown,99,2.0,,
9754,Gonorrhea,280.0,Kansas,2000.0,Male,0-14 years,0-14,4.0,297930.0,1.34
9755,Gonorrhea,280.0,Kansas,2000.0,Male,15-19 years,15-19,235.0,107574.0,218.45
9756,Gonorrhea,280.0,Kansas,2000.0,Male,20-24 years,20-24,394.0,100585.0,391.71
9757,Gonorrhea,280.0,Kansas,2000.0,Male,25-29 years,25-29,228.0,89191.0,255.63
9758,Gonorrhea,280.0,Kansas,2000.0,Male,30-34 years,30-34,122.0,90250.0,135.18
9759,Gonorrhea,280.0,Kansas,2000.0,Male,35-39 years,35-39,132.0,103625.0,127.38
9760,Gonorrhea,280.0,Kansas,2000.0,Male,40+ years,40+,183.0,541550.0,33.79
9761,Gonorrhea,280.0,Kansas,2000.0,Male,Unknown,99,1.0,,
9762,Gonorrhea,280.0,Kansas,2001.0,Male,0-14 years,0-14,5.0,297520.0,1.68
9763,Gonorrhea,280.0,Kansas,2001.0,Male,15-19 years,15-19,223.0,106755.0,208.89
9764,Gonorrhea,280.0,Kansas,2001.0,Male,20-24 years,20-24,421.0,104238.0,403.88
9765,Gonorrhea,280.0,Kansas,2001.0,Male,25-29 years,25-29,206.0,88748.0,232.12
9766,Gonorrhea,280.0,Kansas,2001.0,Male,30-34 years,30-34,121.0,90041.0,134.38
9767,Gonorrhea,280.0,Kansas,2001.0,Male,35-39 years,35-39,84.0,100086.0,83.93
9768,Gonorrhea,280.0,Kansas,2001.0,Male,40+ years,40+,138.0,549050.0,25.13
9769,Gonorrhea,280.0,Kansas,2001.0,Male,Unknown,99,3.0,,
9770,Gonorrhea,280.0,Kansas,2002.0,Male,0-14 years,0-14,7.0,295192.0,2.37
9771,Gonorrhea,280.0,Kansas,2002.0,Male,15-19 years,15-19,203.0,106202.0,191.15
9772,Gonorrhea,280.0,Kansas,2002.0,Male,20-24 years,20-24,394.0,107605.0,366.15
9773,Gonorrhea,280.0,Kansas,2002.0,Male,25-29 years,25-29,197.0,89954.0,219.0
9774,Gonorrhea,280.0,Kansas,2002.0,Male,30-34 years,30-34,145.0,90959.0,159.41
9775,Gonorrhea,280.0,Kansas,2002.0,Male,35-39 years,35-39,94.0,96070.0,97.85
9776,Gonorrhea,280.0,Kansas,2002.0,Male,40+ years,40+,148.0,557833.0,26.53
9777,Gonorrhea,280.0,Kansas,2003.0,Male,0-14 years,0-14,5.0,295581.0,1.69
9778,Gonorrhea,280.0,Kansas,2003.0,Male,15-19 years,15-19,209.0,105364.0,198.36
9779,Gonorrhea,280.0,Kansas,2003.0,Male,20-24 years,20-24,353.0,110145.0,320.49
9780,Gonorrhea,280.0,Kansas,2003.0,Male,25-29 years,25-29,187.0,91930.0,203.42
9781,Gonorrhea,280.0,Kansas,2003.0,Male,30-34 years,30-34,137.0,89757.0,152.63
9782,Gonorrhea,280.0,Kansas,2003.0,Male,35-39 years,35-39,73.0,92175.0,79.2
9783,Gonorrhea,280.0,Kansas,2003.0,Male,40+ years,40+,156.0,565291.0,27.6
9784,Gonorrhea,280.0,Kansas,2003.0,Male,Unknown,99,5.0,,
9785,Gonorrhea,280.0,Kansas,2004.0,Male,0-14 years,0-14,5.0,290821.0,1.72
9786,Gonorrhea,280.0,Kansas,2004.0,Male,15-19 years,15-19,192.0,104758.0,183.28
9787,Gonorrhea,280.0,Kansas,2004.0,Male,20-24 years,20-24,298.0,111602.0,267.02
9788,Gonorrhea,280.0,Kansas,2004.0,Male,25-29 years,25-29,170.0,95924.0,177.22
9789,Gonorrhea,280.0,Kansas,2004.0,Male,30-34 years,30-34,104.0,89263.0,116.51
9790,Gonorrhea,280.0,Kansas,2004.0,Male,35-39 years,35-39,59.0,90116.0,65.47
9791,Gonorrhea,280.0,Kansas,2004.0,Male,40+ years,40+,148.0,575897.0,25.7
9792,Gonorrhea,280.0,Kansas,2004.0,Male,Unknown,99,1.0,,
9793,Gonorrhea,280.0,Kansas,2005.0,Male,0-14 years,0-14,7.0,286332.0,2.44
9794,Gonorrhea,280.0,Kansas,2005.0,Male,15-19 years,15-19,152.0,104072.0,146.05
9795,Gonorrhea,280.0,Kansas,2005.0,Male,20-24 years,20-24,309.0,110873.0,278.7
9796,Gonorrhea,280.0,Kansas,2005.0,Male,25-29 years,25-29,203.0,99758.0,203.49
9797,Gonorrhea,280.0,Kansas,2005.0,Male,30-34 years,30-34,112.0,88221.0,126.95
9798,Gonorrhea,280.0,Kansas,2005.0,Male,35-39 years,35-39,61.0,89756.0,67.96
9799,Gonorrhea,280.0,Kansas,2005.0,Male,40+ years,40+,115.0,584601.0,19.67
9800,Gonorrhea,280.0,Kansas,2005.0,Male,Unknown,99,1.0,,
9801,Gonorrhea,280.0,Kansas,2006.0,Male,0-14 years,0-14,5.0,294276.0,1.7
9802,Gonorrhea,280.0,Kansas,2006.0,Male,15-19 years,15-19,137.0,104616.0,130.96
9803,Gonorrhea,280.0,Kansas,2006.0,Male,20-24 years,20-24,311.0,110204.0,282.2
9804,Gonorrhea,280.0,Kansas,2006.0,Male,25-29 years,25-29,201.0,95727.0,209.97
9805,Gonorrhea,280.0,Kansas,2006.0,Male,30-34 years,30-34,81.0,87243.0,92.84
9806,Gonorrhea,280.0,Kansas,2006.0,Male,35-39 years,35-39,43.0,89889.0,47.84
9807,Gonorrhea,280.0,Kansas,2006.0,Male,40+ years,40+,103.0,589491.0,17.47
9808,Gonorrhea,280.0,Kansas,2006.0,Male,Unknown,99,2.0,,
9809,Gonorrhea,280.0,Kansas,2007.0,Male,0-14 years,0-14,1.0,294581.0,0.34
9810,Gonorrhea,280.0,Kansas,2007.0,Male,15-19 years,15-19,154.0,104118.0,147.91
9811,Gonorrhea,280.0,Kansas,2007.0,Male,20-24 years,20-24,299.0,108999.0,274.31
9812,Gonorrhea,280.0,Kansas,2007.0,Male,25-29 years,25-29,175.0,99116.0,176.56
9813,Gonorrhea,280.0,Kansas,2007.0,Male,30-34 years,30-34,86.0,86517.0,99.4
9814,Gonorrhea,280.0,Kansas,2007.0,Male,35-39 years,35-39,64.0,90611.0,70.63
9815,Gonorrhea,280.0,Kansas,2007.0,Male,40+ years,40+,99.0,592369.0,16.71
9816,Gonorrhea,280.0,Kansas,2007.0,Male,Unknown,99,3.0,,
9817,Gonorrhea,280.0,Kansas,2008.0,Male,0-14 years,0-14,4.0,298161.0,1.34
9818,Gonorrhea,280.0,Kansas,2008.0,Male,15-19 years,15-19,142.0,103327.0,137.43
9819,Gonorrhea,280.0,Kansas,2008.0,Male,20-24 years,20-24,295.0,110820.0,266.2
9820,Gonorrhea,280.0,Kansas,2008.0,Male,25-29 years,25-29,186.0,101659.0,182.97
9821,Gonorrhea,280.0,Kansas,2008.0,Male,30-34 years,30-34,84.0,88188.0,95.25
9822,Gonorrhea,280.0,Kansas,2008.0,Male,35-39 years,35-39,42.0,90669.0,46.32
9823,Gonorrhea,280.0,Kansas,2008.0,Male,40+ years,40+,60.0,598997.0,10.02
9824,Gonorrhea,280.0,Kansas,2008.0,Male,Unknown,99,2.0,,
9825,Gonorrhea,280.0,Kansas,2009.0,Male,0-14 years,0-14,6.0,300729.0,2.0
9826,Gonorrhea,280.0,Kansas,2009.0,Male,15-19 years,15-19,189.0,104047.0,181.65
9827,Gonorrhea,280.0,Kansas,2009.0,Male,20-24 years,20-24,353.0,116509.0,302.98
9828,Gonorrhea,280.0,Kansas,2009.0,Male,25-29 years,25-29,188.0,103194.0,182.18
9829,Gonorrhea,280.0,Kansas,2009.0,Male,30-34 years,30-34,116.0,86135.0,134.67
9830,Gonorrhea,280.0,Kansas,2009.0,Male,35-39 years,35-39,47.0,89246.0,52.66
9831,Gonorrhea,280.0,Kansas,2009.0,Male,40+ years,40+,65.0,599963.0,10.83
9832,Gonorrhea,280.0,Kansas,2010.0,Male,0-14 years,0-14,1.0,310465.0,0.32
9833,Gonorrhea,280.0,Kansas,2010.0,Male,15-19 years,15-19,132.0,105362.0,125.28
9834,Gonorrhea,280.0,Kansas,2010.0,Male,20-24 years,20-24,311.0,105450.0,294.93
9835,Gonorrhea,280.0,Kansas,2010.0,Male,25-29 years,25-29,178.0,101077.0,176.1
9836,Gonorrhea,280.0,Kansas,2010.0,Male,30-34 years,30-34,95.0,91335.0,104.01
9837,Gonorrhea,280.0,Kansas,2010.0,Male,35-39 years,35-39,60.0,87100.0,68.89
9838,Gonorrhea,280.0,Kansas,2010.0,Male,40+ years,40+,72.0,614619.0,11.71
9839,Gonorrhea,280.0,Kansas,2011.0,Male,0-14 years,0-14,8.0,309582.0,2.58
9840,Gonorrhea,280.0,Kansas,2011.0,Male,15-19 years,15-19,146.0,105800.0,138.0
9841,Gonorrhea,280.0,Kansas,2011.0,Male,20-24 years,20-24,288.0,107593.0,267.68
9842,Gonorrhea,280.0,Kansas,2011.0,Male,25-29 years,25-29,168.0,100758.0,166.74
9843,Gonorrhea,280.0,Kansas,2011.0,Male,30-34 years,30-34,108.0,94508.0,114.28
9844,Gonorrhea,280.0,Kansas,2011.0,Male,35-39 years,35-39,52.0,85150.0,61.07
9845,Gonorrhea,280.0,Kansas,2011.0,Male,40+ years,40+,79.0,622411.0,12.69
9846,Gonorrhea,280.0,Kansas,2012.0,Male,0-14 years,0-14,2.0,310166.0,0.64
9847,Gonorrhea,280.0,Kansas,2012.0,Male,15-19 years,15-19,141.0,103958.0,135.63
9848,Gonorrhea,280.0,Kansas,2012.0,Male,20-24 years,20-24,296.0,111726.0,264.93
9849,Gonorrhea,280.0,Kansas,2012.0,Male,25-29 years,25-29,203.0,101027.0,200.94
9850,Gonorrhea,280.0,Kansas,2012.0,Male,30-34 years,30-34,96.0,97348.0,98.62
9851,Gonorrhea,280.0,Kansas,2012.0,Male,35-39 years,35-39,56.0,85477.0,65.51
9852,Gonorrhea,280.0,Kansas,2012.0,Male,40+ years,40+,95.0,625579.0,15.19
9853,Gonorrhea,280.0,Kansas,2013.0,Male,0-14 years,0-14,1.0,310215.0,0.32
9854,Gonorrhea,280.0,Kansas,2013.0,Male,15-19 years,15-19,127.0,103520.0,122.68
9855,Gonorrhea,280.0,Kansas,2013.0,Male,20-24 years,20-24,307.0,115205.0,266.48
9856,Gonorrhea,280.0,Kansas,2013.0,Male,25-29 years,25-29,203.0,99213.0,204.61
9857,Gonorrhea,280.0,Kansas,2013.0,Male,30-34 years,30-34,134.0,99483.0,134.7
9858,Gonorrhea,280.0,Kansas,2013.0,Male,35-39 years,35-39,62.0,86855.0,71.38
9859,Gonorrhea,280.0,Kansas,2013.0,Male,40+ years,40+,105.0,627457.0,16.73
9860,Gonorrhea,280.0,Kansas,2014.0,Male,0-14 years,0-14,3.0,310215.0,0.97
9861,Gonorrhea,280.0,Kansas,2014.0,Male,15-19 years,15-19,145.0,103520.0,140.07
9862,Gonorrhea,280.0,Kansas,2014.0,Male,20-24 years,20-24,337.0,115205.0,292.52
9863,Gonorrhea,280.0,Kansas,2014.0,Male,25-29 years,25-29,261.0,99213.0,263.07
9864,Gonorrhea,280.0,Kansas,2014.0,Male,30-34 years,30-34,161.0,99483.0,161.84
9865,Gonorrhea,280.0,Kansas,2014.0,Male,35-39 years,35-39,97.0,86855.0,111.68
9866,Gonorrhea,280.0,Kansas,2014.0,Male,40+ years,40+,100.0,627457.0,15.94
9867,Gonorrhea,280.0,Kentucky,1996.0,Male,0-14 years,0-14,16.0,415784.0,3.85
9868,Gonorrhea,280.0,Kentucky,1996.0,Male,15-19 years,15-19,539.0,151592.0,355.56
9869,Gonorrhea,280.0,Kentucky,1996.0,Male,20-24 years,20-24,633.0,139746.0,452.96
9870,Gonorrhea,280.0,Kentucky,1996.0,Male,25-29 years,25-29,372.0,139598.0,266.48
9871,Gonorrhea,280.0,Kentucky,1996.0,Male,30-34 years,30-34,231.0,151349.0,152.63
9872,Gonorrhea,280.0,Kentucky,1996.0,Male,35-39 years,35-39,196.0,159644.0,122.77
9873,Gonorrhea,280.0,Kentucky,1996.0,Male,40+ years,40+,247.0,748874.0,32.98
9874,Gonorrhea,280.0,Kentucky,1996.0,Male,Unknown,99,27.0,,
9875,Gonorrhea,280.0,Kentucky,1997.0,Male,0-14 years,0-14,19.0,422925.0,4.49
9876,Gonorrhea,280.0,Kentucky,1997.0,Male,15-19 years,15-19,442.0,152344.0,290.13
9877,Gonorrhea,280.0,Kentucky,1997.0,Male,20-24 years,20-24,609.0,138421.0,439.96
9878,Gonorrhea,280.0,Kentucky,1997.0,Male,25-29 years,25-29,371.0,140970.0,263.18
9879,Gonorrhea,280.0,Kentucky,1997.0,Male,30-34 years,30-34,224.0,147171.0,152.2
9880,Gonorrhea,280.0,Kentucky,1997.0,Male,35-39 years,35-39,212.0,159100.0,133.25
9881,Gonorrhea,280.0,Kentucky,1997.0,Male,40+ years,40+,230.0,763747.0,30.11
9882,Gonorrhea,280.0,Kentucky,1997.0,Male,Unknown,99,37.0,,
9883,Gonorrhea,280.0,Kentucky,1998.0,Male,0-14 years,0-14,17.0,421838.0,4.03
9884,Gonorrhea,280.0,Kentucky,1998.0,Male,15-19 years,15-19,414.0,151900.0,272.55
9885,Gonorrhea,280.0,Kentucky,1998.0,Male,20-24 years,20-24,570.0,139926.0,407.36
9886,Gonorrhea,280.0,Kentucky,1998.0,Male,25-29 years,25-29,363.0,141912.0,255.79
9887,Gonorrhea,280.0,Kentucky,1998.0,Male,30-34 years,30-34,205.0,144453.0,141.91
9888,Gonorrhea,280.0,Kentucky,1998.0,Male,35-39 years,35-39,125.0,159399.0,78.42
9889,Gonorrhea,280.0,Kentucky,1998.0,Male,40+ years,40+,192.0,783222.0,24.51
9890,Gonorrhea,280.0,Kentucky,1998.0,Male,Unknown,99,31.0,,
9891,Gonorrhea,280.0,Kentucky,1999.0,Male,0-14 years,0-14,15.0,423209.0,3.54
9892,Gonorrhea,280.0,Kentucky,1999.0,Male,15-19 years,15-19,369.0,149899.0,246.17
9893,Gonorrhea,280.0,Kentucky,1999.0,Male,20-24 years,20-24,544.0,142302.0,382.29
9894,Gonorrhea,280.0,Kentucky,1999.0,Male,25-29 years,25-29,298.0,142296.0,209.42
9895,Gonorrhea,280.0,Kentucky,1999.0,Male,30-34 years,30-34,159.0,143057.0,111.14
9896,Gonorrhea,280.0,Kentucky,1999.0,Male,35-39 years,35-39,143.0,159867.0,89.45
9897,Gonorrhea,280.0,Kentucky,1999.0,Male,40+ years,40+,146.0,801022.0,18.23
9898,Gonorrhea,280.0,Kentucky,1999.0,Male,Unknown,99,16.0,,
9899,Gonorrhea,280.0,Kentucky,2000.0,Male,0-14 years,0-14,6.0,406112.0,1.48
9900,Gonorrhea,280.0,Kentucky,2000.0,Male,15-19 years,15-19,360.0,146297.0,246.07
9901,Gonorrhea,280.0,Kentucky,2000.0,Male,20-24 years,20-24,576.0,147165.0,391.4
9902,Gonorrhea,280.0,Kentucky,2000.0,Male,25-29 years,25-29,325.0,142773.0,227.63
9903,Gonorrhea,280.0,Kentucky,2000.0,Male,30-34 years,30-34,178.0,146029.0,121.89
9904,Gonorrhea,280.0,Kentucky,2000.0,Male,35-39 years,35-39,127.0,160997.0,78.88
9905,Gonorrhea,280.0,Kentucky,2000.0,Male,40+ years,40+,178.0,828987.0,21.47
9906,Gonorrhea,280.0,Kentucky,2000.0,Male,Unknown,99,1.0,,
9907,Gonorrhea,280.0,Kentucky,2001.0,Male,0-14 years,0-14,3.0,406494.0,0.74
9908,Gonorrhea,280.0,Kentucky,2001.0,Male,15-19 years,15-19,308.0,145078.0,212.3
9909,Gonorrhea,280.0,Kentucky,2001.0,Male,20-24 years,20-24,627.0,150194.0,417.46
9910,Gonorrhea,280.0,Kentucky,2001.0,Male,25-29 years,25-29,322.0,139573.0,230.7
9911,Gonorrhea,280.0,Kentucky,2001.0,Male,30-34 years,30-34,176.0,146791.0,119.9
9912,Gonorrhea,280.0,Kentucky,2001.0,Male,35-39 years,35-39,128.0,158253.0,80.88
9913,Gonorrhea,280.0,Kentucky,2001.0,Male,40+ years,40+,205.0,843330.0,24.31
9914,Gonorrhea,280.0,Kentucky,2002.0,Male,0-14 years,0-14,15.0,395151.0,3.8
9915,Gonorrhea,280.0,Kentucky,2002.0,Male,15-19 years,15-19,316.0,143739.0,219.84
9916,Gonorrhea,280.0,Kentucky,2002.0,Male,20-24 years,20-24,622.0,153502.0,405.21
9917,Gonorrhea,280.0,Kentucky,2002.0,Male,25-29 years,25-29,315.0,139714.0,225.46
9918,Gonorrhea,280.0,Kentucky,2002.0,Male,30-34 years,30-34,196.0,149565.0,131.05
9919,Gonorrhea,280.0,Kentucky,2002.0,Male,35-39 years,35-39,152.0,156531.0,97.11
9920,Gonorrhea,280.0,Kentucky,2002.0,Male,40+ years,40+,214.0,863366.0,24.79
9921,Gonorrhea,280.0,Kentucky,2002.0,Male,Unknown,99,4.0,,
9922,Gonorrhea,280.0,Kentucky,2003.0,Male,0-14 years,0-14,8.0,424132.0,1.89
9923,Gonorrhea,280.0,Kentucky,2003.0,Male,15-19 years,15-19,284.0,144786.0,196.15
9924,Gonorrhea,280.0,Kentucky,2003.0,Male,20-24 years,20-24,592.0,152538.0,388.1
9925,Gonorrhea,280.0,Kentucky,2003.0,Male,25-29 years,25-29,342.0,138588.0,246.78
9926,Gonorrhea,280.0,Kentucky,2003.0,Male,30-34 years,30-34,202.0,145175.0,139.14
9927,Gonorrhea,280.0,Kentucky,2003.0,Male,35-39 years,35-39,100.0,149170.0,67.04
9928,Gonorrhea,280.0,Kentucky,2003.0,Male,40+ years,40+,198.0,863243.0,22.94
9929,Gonorrhea,280.0,Kentucky,2003.0,Male,Unknown,99,1.0,,
9930,Gonorrhea,280.0,Kentucky,2004.0,Male,0-14 years,0-14,5.0,417068.0,1.2
9931,Gonorrhea,280.0,Kentucky,2004.0,Male,15-19 years,15-19,231.0,144782.0,159.55
9932,Gonorrhea,280.0,Kentucky,2004.0,Male,20-24 years,20-24,397.0,153159.0,259.21
9933,Gonorrhea,280.0,Kentucky,2004.0,Male,25-29 years,25-29,267.0,142263.0,187.68
9934,Gonorrhea,280.0,Kentucky,2004.0,Male,30-34 years,30-34,165.0,144856.0,113.91
9935,Gonorrhea,280.0,Kentucky,2004.0,Male,35-39 years,35-39,104.0,147082.0,70.71
9936,Gonorrhea,280.0,Kentucky,2004.0,Male,40+ years,40+,169.0,884684.0,19.1
9937,Gonorrhea,280.0,Kentucky,2005.0,Male,0-14 years,0-14,2.0,415225.0,0.48
9938,Gonorrhea,280.0,Kentucky,2005.0,Male,15-19 years,15-19,227.0,145885.0,155.6
9939,Gonorrhea,280.0,Kentucky,2005.0,Male,20-24 years,20-24,401.0,152017.0,263.79
9940,Gonorrhea,280.0,Kentucky,2005.0,Male,25-29 years,25-29,301.0,146383.0,205.62
9941,Gonorrhea,280.0,Kentucky,2005.0,Male,30-34 years,30-34,155.0,142969.0,108.42
9942,Gonorrhea,280.0,Kentucky,2005.0,Male,35-39 years,35-39,103.0,146257.0,70.42
9943,Gonorrhea,280.0,Kentucky,2005.0,Male,40+ years,40+,210.0,901388.0,23.3
9944,Gonorrhea,280.0,Kentucky,2006.0,Male,0-14 years,0-14,6.0,422403.0,1.42
9945,Gonorrhea,280.0,Kentucky,2006.0,Male,15-19 years,15-19,219.0,144964.0,151.07
9946,Gonorrhea,280.0,Kentucky,2006.0,Male,20-24 years,20-24,450.0,142479.0,315.84
9947,Gonorrhea,280.0,Kentucky,2006.0,Male,25-29 years,25-29,301.0,156937.0,191.8
9948,Gonorrhea,280.0,Kentucky,2006.0,Male,30-34 years,30-34,179.0,138055.0,129.66
9949,Gonorrhea,280.0,Kentucky,2006.0,Male,35-39 years,35-39,132.0,146128.0,90.33
9950,Gonorrhea,280.0,Kentucky,2006.0,Male,40+ years,40+,260.0,910344.0,28.56
9951,Gonorrhea,280.0,Kentucky,2006.0,Male,Unknown,99,14.0,,
9952,Gonorrhea,280.0,Kentucky,2007.0,Male,0-14 years,0-14,8.0,423795.0,1.89
9953,Gonorrhea,280.0,Kentucky,2007.0,Male,15-19 years,15-19,256.0,145139.0,176.38
9954,Gonorrhea,280.0,Kentucky,2007.0,Male,20-24 years,20-24,441.0,142180.0,310.17
9955,Gonorrhea,280.0,Kentucky,2007.0,Male,25-29 years,25-29,334.0,158563.0,210.64
9956,Gonorrhea,280.0,Kentucky,2007.0,Male,30-34 years,30-34,193.0,138105.0,139.75
9957,Gonorrhea,280.0,Kentucky,2007.0,Male,35-39 years,35-39,108.0,147645.0,73.15
9958,Gonorrhea,280.0,Kentucky,2007.0,Male,40+ years,40+,217.0,923080.0,23.51
9959,Gonorrhea,280.0,Kentucky,2007.0,Male,Unknown,99,2.0,,
9960,Gonorrhea,280.0,Kentucky,2008.0,Male,0-14 years,0-14,9.0,426457.0,2.11
9961,Gonorrhea,280.0,Kentucky,2008.0,Male,15-19 years,15-19,331.0,145189.0,227.98
9962,Gonorrhea,280.0,Kentucky,2008.0,Male,20-24 years,20-24,651.0,138742.0,469.22
9963,Gonorrhea,280.0,Kentucky,2008.0,Male,25-29 years,25-29,414.0,154819.0,267.41
9964,Gonorrhea,280.0,Kentucky,2008.0,Male,30-34 years,30-34,248.0,139573.0,177.69
9965,Gonorrhea,280.0,Kentucky,2008.0,Male,35-39 years,35-39,129.0,146027.0,88.34
9966,Gonorrhea,280.0,Kentucky,2008.0,Male,40+ years,40+,241.0,937335.0,25.71
9967,Gonorrhea,280.0,Kentucky,2008.0,Male,Unknown,99,7.0,,
9968,Gonorrhea,280.0,Kentucky,2009.0,Male,0-14 years,0-14,8.0,430154.0,1.86
9969,Gonorrhea,280.0,Kentucky,2009.0,Male,15-19 years,15-19,316.0,149179.0,211.83
9970,Gonorrhea,280.0,Kentucky,2009.0,Male,20-24 years,20-24,589.0,154740.0,380.64
9971,Gonorrhea,280.0,Kentucky,2009.0,Male,25-29 years,25-29,320.0,153989.0,207.81
9972,Gonorrhea,280.0,Kentucky,2009.0,Male,30-34 years,30-34,210.0,138909.0,151.18
9973,Gonorrhea,280.0,Kentucky,2009.0,Male,35-39 years,35-39,101.0,144904.0,69.7
9974,Gonorrhea,280.0,Kentucky,2009.0,Male,40+ years,40+,146.0,945531.0,15.44
9975,Gonorrhea,280.0,Kentucky,2010.0,Male,0-14 years,0-14,10.0,434851.0,2.3
9976,Gonorrhea,280.0,Kentucky,2010.0,Male,15-19 years,15-19,369.0,152107.0,242.59
9977,Gonorrhea,280.0,Kentucky,2010.0,Male,20-24 years,20-24,634.0,147432.0,430.03
9978,Gonorrhea,280.0,Kentucky,2010.0,Male,25-29 years,25-29,352.0,143707.0,244.94
9979,Gonorrhea,280.0,Kentucky,2010.0,Male,30-34 years,30-34,210.0,142068.0,147.82
9980,Gonorrhea,280.0,Kentucky,2010.0,Male,35-39 years,35-39,102.0,143758.0,70.95
9981,Gonorrhea,280.0,Kentucky,2010.0,Male,40+ years,40+,172.0,971029.0,17.71
9982,Gonorrhea,280.0,Kentucky,2010.0,Male,Unknown,99,5.0,,
9983,Gonorrhea,280.0,Kentucky,2011.0,Male,0-14 years,0-14,5.0,434329.0,1.15
9984,Gonorrhea,280.0,Kentucky,2011.0,Male,15-19 years,15-19,415.0,149098.0,278.34
9985,Gonorrhea,280.0,Kentucky,2011.0,Male,20-24 years,20-24,641.0,152805.0,419.49
9986,Gonorrhea,280.0,Kentucky,2011.0,Male,25-29 years,25-29,369.0,142430.0,259.07
9987,Gonorrhea,280.0,Kentucky,2011.0,Male,30-34 years,30-34,185.0,144726.0,127.83
9988,Gonorrhea,280.0,Kentucky,2011.0,Male,35-39 years,35-39,119.0,138805.0,85.73
9989,Gonorrhea,280.0,Kentucky,2011.0,Male,40+ years,40+,160.0,987681.0,16.2
9990,Gonorrhea,280.0,Kentucky,2011.0,Male,Unknown,99,19.0,,
9991,Gonorrhea,280.0,Kentucky,2012.0,Male,0-14 years,0-14,9.0,434740.0,2.07
9992,Gonorrhea,280.0,Kentucky,2012.0,Male,15-19 years,15-19,296.0,145804.0,203.01
9993,Gonorrhea,280.0,Kentucky,2012.0,Male,20-24 years,20-24,696.0,158024.0,440.44
9994,Gonorrhea,280.0,Kentucky,2012.0,Male,25-29 years,25-29,345.0,142055.0,242.86
9995,Gonorrhea,280.0,Kentucky,2012.0,Male,30-34 years,30-34,259.0,144907.0,178.74
9996,Gonorrhea,280.0,Kentucky,2012.0,Male,35-39 years,35-39,118.0,136932.0,86.17
9997,Gonorrhea,280.0,Kentucky,2012.0,Male,40+ years,40+,212.0,995249.0,21.3
9998,Gonorrhea,280.0,Kentucky,2012.0,Male,Unknown,99,13.0,,
9999,Gonorrhea,280.0,Kentucky,2013.0,Male,0-14 years,0-14,4.0,432474.0,0.92
10000,Gonorrhea,280.0,Kentucky,2013.0,Male,15-19 years,15-19,271.0,145635.0,186.08
10001,Gonorrhea,280.0,Kentucky,2013.0,Male,20-24 years,20-24,599.0,159848.0,374.73
10002,Gonorrhea,280.0,Kentucky,2013.0,Male,25-29 years,25-29,351.0,140534.0,249.76
10003,Gonorrhea,280.0,Kentucky,2013.0,Male,30-34 years,30-34,282.0,143407.0,196.64
10004,Gonorrhea,280.0,Kentucky,2013.0,Male,35-39 years,35-39,153.0,136693.0,111.93
10005,Gonorrhea,280.0,Kentucky,2013.0,Male,40+ years,40+,303.0,1004805.0,30.16
10006,Gonorrhea,280.0,Kentucky,2013.0,Male,Unknown,99,3.0,,
10007,Gonorrhea,280.0,Kentucky,2014.0,Male,0-14 years,0-14,9.0,432474.0,2.08
10008,Gonorrhea,280.0,Kentucky,2014.0,Male,15-19 years,15-19,243.0,145635.0,166.85
10009,Gonorrhea,280.0,Kentucky,2014.0,Male,20-24 years,20-24,668.0,159848.0,417.9
10010,Gonorrhea,280.0,Kentucky,2014.0,Male,25-29 years,25-29,414.0,140534.0,294.59
10011,Gonorrhea,280.0,Kentucky,2014.0,Male,30-34 years,30-34,267.0,143407.0,186.18
10012,Gonorrhea,280.0,Kentucky,2014.0,Male,35-39 years,35-39,167.0,136693.0,122.17
10013,Gonorrhea,280.0,Kentucky,2014.0,Male,40+ years,40+,291.0,1004805.0,28.96
10014,Gonorrhea,280.0,Kentucky,2014.0,Male,Unknown,99,9.0,,
10015,Gonorrhea,280.0,Louisiana,1996.0,Male,0-14 years,0-14,54.0,522681.0,10.33
10016,Gonorrhea,280.0,Louisiana,1996.0,Male,15-19 years,15-19,1483.0,182094.0,814.41
10017,Gonorrhea,280.0,Louisiana,1996.0,Male,20-24 years,20-24,1697.0,154812.0,1096.17
10018,Gonorrhea,280.0,Louisiana,1996.0,Male,25-29 years,25-29,752.0,151493.0,496.39
10019,Gonorrhea,280.0,Louisiana,1996.0,Male,30-34 years,30-34,505.0,162309.0,311.13
10020,Gonorrhea,280.0,Louisiana,1996.0,Male,35-39 years,35-39,377.0,175147.0,215.25
10021,Gonorrhea,280.0,Louisiana,1996.0,Male,40+ years,40+,503.0,775492.0,64.86
10022,Gonorrhea,280.0,Louisiana,1996.0,Male,Unknown,99,30.0,,
10023,Gonorrhea,280.0,Louisiana,1997.0,Male,0-14 years,0-14,52.0,518684.0,10.03
10024,Gonorrhea,280.0,Louisiana,1997.0,Male,15-19 years,15-19,1381.0,184770.0,747.42
10025,Gonorrhea,280.0,Louisiana,1997.0,Male,20-24 years,20-24,1841.0,155281.0,1185.59
10026,Gonorrhea,280.0,Louisiana,1997.0,Male,25-29 years,25-29,807.0,151092.0,534.11
10027,Gonorrhea,280.0,Louisiana,1997.0,Male,30-34 years,30-34,500.0,157793.0,316.87
10028,Gonorrhea,280.0,Louisiana,1997.0,Male,35-39 years,35-39,378.0,173716.0,217.6
10029,Gonorrhea,280.0,Louisiana,1997.0,Male,40+ years,40+,502.0,794597.0,63.18
10030,Gonorrhea,280.0,Louisiana,1997.0,Male,Unknown,99,64.0,,
10031,Gonorrhea,280.0,Louisiana,1998.0,Male,0-14 years,0-14,43.0,515933.0,8.33
10032,Gonorrhea,280.0,Louisiana,1998.0,Male,15-19 years,15-19,1538.0,186562.0,824.39
10033,Gonorrhea,280.0,Louisiana,1998.0,Male,20-24 years,20-24,2101.0,156794.0,1339.97
10034,Gonorrhea,280.0,Louisiana,1998.0,Male,25-29 years,25-29,961.0,149514.0,642.75
10035,Gonorrhea,280.0,Louisiana,1998.0,Male,30-34 years,30-34,595.0,153603.0,387.36
10036,Gonorrhea,280.0,Louisiana,1998.0,Male,35-39 years,35-39,397.0,171570.0,231.39
10037,Gonorrhea,280.0,Louisiana,1998.0,Male,40+ years,40+,575.0,812968.0,70.73
10038,Gonorrhea,280.0,Louisiana,1998.0,Male,Unknown,99,119.0,,
10039,Gonorrhea,280.0,Louisiana,1999.0,Male,0-14 years,0-14,122.0,514658.0,23.71
10040,Gonorrhea,280.0,Louisiana,1999.0,Male,15-19 years,15-19,1538.0,186103.0,826.42
10041,Gonorrhea,280.0,Louisiana,1999.0,Male,20-24 years,20-24,2209.0,159347.0,1386.28
10042,Gonorrhea,280.0,Louisiana,1999.0,Male,25-29 years,25-29,989.0,147403.0,670.95
10043,Gonorrhea,280.0,Louisiana,1999.0,Male,30-34 years,30-34,585.0,150688.0,388.22
10044,Gonorrhea,280.0,Louisiana,1999.0,Male,35-39 years,35-39,394.0,169274.0,232.76
10045,Gonorrhea,280.0,Louisiana,1999.0,Male,40+ years,40+,543.0,830594.0,65.37
10046,Gonorrhea,280.0,Louisiana,1999.0,Male,Unknown,99,53.0,,
10047,Gonorrhea,280.0,Louisiana,2000.0,Male,0-14 years,0-14,128.0,503831.0,25.41
10048,Gonorrhea,280.0,Louisiana,2000.0,Male,15-19 years,15-19,1613.0,183323.0,879.87
10049,Gonorrhea,280.0,Louisiana,2000.0,Male,20-24 years,20-24,2413.0,163746.0,1473.62
10050,Gonorrhea,280.0,Louisiana,2000.0,Male,25-29 years,25-29,1143.0,145307.0,786.61
10051,Gonorrhea,280.0,Louisiana,2000.0,Male,30-34 years,30-34,531.0,149972.0,354.07
10052,Gonorrhea,280.0,Louisiana,2000.0,Male,35-39 years,35-39,361.0,166107.0,217.33
10053,Gonorrhea,280.0,Louisiana,2000.0,Male,40+ years,40+,576.0,850840.0,67.7
10054,Gonorrhea,280.0,Louisiana,2000.0,Male,Unknown,99,81.0,,
10055,Gonorrhea,280.0,Louisiana,2001.0,Male,0-14 years,0-14,102.0,504593.0,20.21
10056,Gonorrhea,280.0,Louisiana,2001.0,Male,15-19 years,15-19,1363.0,181928.0,749.2
10057,Gonorrhea,280.0,Louisiana,2001.0,Male,20-24 years,20-24,2229.0,168598.0,1322.08
10058,Gonorrhea,280.0,Louisiana,2001.0,Male,25-29 years,25-29,1103.0,142948.0,771.61
10059,Gonorrhea,280.0,Louisiana,2001.0,Male,30-34 years,30-34,505.0,147211.0,343.05
10060,Gonorrhea,280.0,Louisiana,2001.0,Male,35-39 years,35-39,367.0,160117.0,229.21
10061,Gonorrhea,280.0,Louisiana,2001.0,Male,40+ years,40+,528.0,859670.0,61.42
10062,Gonorrhea,280.0,Louisiana,2001.0,Male,Unknown,99,54.0,,
10063,Gonorrhea,280.0,Louisiana,2002.0,Male,0-14 years,0-14,53.0,498951.0,10.62
10064,Gonorrhea,280.0,Louisiana,2002.0,Male,15-19 years,15-19,1224.0,180111.0,679.58
10065,Gonorrhea,280.0,Louisiana,2002.0,Male,20-24 years,20-24,1982.0,174452.0,1136.13
10066,Gonorrhea,280.0,Louisiana,2002.0,Male,25-29 years,25-29,942.0,143902.0,654.61
10067,Gonorrhea,280.0,Louisiana,2002.0,Male,30-34 years,30-34,443.0,146848.0,301.67
10068,Gonorrhea,280.0,Louisiana,2002.0,Male,35-39 years,35-39,300.0,155199.0,193.3
10069,Gonorrhea,280.0,Louisiana,2002.0,Male,40+ years,40+,489.0,872771.0,56.03
10070,Gonorrhea,280.0,Louisiana,2002.0,Male,Unknown,99,33.0,,
10071,Gonorrhea,280.0,Louisiana,2003.0,Male,0-14 years,0-14,58.0,497147.0,11.67
10072,Gonorrhea,280.0,Louisiana,2003.0,Male,15-19 years,15-19,1174.0,177243.0,662.37
10073,Gonorrhea,280.0,Louisiana,2003.0,Male,20-24 years,20-24,2065.0,179075.0,1153.15
10074,Gonorrhea,280.0,Louisiana,2003.0,Male,25-29 years,25-29,1036.0,147409.0,702.81
10075,Gonorrhea,280.0,Louisiana,2003.0,Male,30-34 years,30-34,477.0,144325.0,330.5
10076,Gonorrhea,280.0,Louisiana,2003.0,Male,35-39 years,35-39,323.0,150892.0,214.06
10077,Gonorrhea,280.0,Louisiana,2003.0,Male,40+ years,40+,554.0,886241.0,62.51
10078,Gonorrhea,280.0,Louisiana,2003.0,Male,Unknown,99,23.0,,
10079,Gonorrhea,280.0,Louisiana,2004.0,Male,0-14 years,0-14,36.0,492104.0,7.32
10080,Gonorrhea,280.0,Louisiana,2004.0,Male,15-19 years,15-19,1021.0,175428.0,582.0
10081,Gonorrhea,280.0,Louisiana,2004.0,Male,20-24 years,20-24,1751.0,181821.0,963.03
10082,Gonorrhea,280.0,Louisiana,2004.0,Male,25-29 years,25-29,982.0,152544.0,643.75
10083,Gonorrhea,280.0,Louisiana,2004.0,Male,30-34 years,30-34,456.0,142363.0,320.31
10084,Gonorrhea,280.0,Louisiana,2004.0,Male,35-39 years,35-39,296.0,147564.0,200.59
10085,Gonorrhea,280.0,Louisiana,2004.0,Male,40+ years,40+,469.0,902159.0,51.99
10086,Gonorrhea,280.0,Louisiana,2004.0,Male,Unknown,99,18.0,,
10087,Gonorrhea,280.0,Louisiana,2005.0,Male,0-14 years,0-14,34.0,483578.0,7.03
10088,Gonorrhea,280.0,Louisiana,2005.0,Male,15-19 years,15-19,937.0,173577.0,539.82
10089,Gonorrhea,280.0,Louisiana,2005.0,Male,20-24 years,20-24,1682.0,181852.0,924.93
10090,Gonorrhea,280.0,Louisiana,2005.0,Male,25-29 years,25-29,949.0,158595.0,598.38
10091,Gonorrhea,280.0,Louisiana,2005.0,Male,30-34 years,30-34,448.0,140071.0,319.84
10092,Gonorrhea,280.0,Louisiana,2005.0,Male,35-39 years,35-39,254.0,145467.0,174.61
10093,Gonorrhea,280.0,Louisiana,2005.0,Male,40+ years,40+,420.0,916581.0,45.82
10094,Gonorrhea,280.0,Louisiana,2005.0,Male,Unknown,99,20.0,,
10095,Gonorrhea,280.0,Louisiana,2006.0,Male,0-14 years,0-14,28.0,458727.0,6.1
10096,Gonorrhea,280.0,Louisiana,2006.0,Male,15-19 years,15-19,1017.0,162835.0,624.56
10097,Gonorrhea,280.0,Louisiana,2006.0,Male,20-24 years,20-24,1693.0,164492.0,1029.23
10098,Gonorrhea,280.0,Louisiana,2006.0,Male,25-29 years,25-29,1024.0,154805.0,661.48
10099,Gonorrhea,280.0,Louisiana,2006.0,Male,30-34 years,30-34,495.0,125200.0,395.37
10100,Gonorrhea,280.0,Louisiana,2006.0,Male,35-39 years,35-39,290.0,135564.0,213.92
10101,Gonorrhea,280.0,Louisiana,2006.0,Male,40+ years,40+,619.0,884138.0,70.01
10102,Gonorrhea,280.0,Louisiana,2006.0,Male,Unknown,99,20.0,,
10103,Gonorrhea,280.0,Louisiana,2007.0,Male,0-14 years,0-14,39.0,453826.0,8.59
10104,Gonorrhea,280.0,Louisiana,2007.0,Male,15-19 years,15-19,1053.0,162541.0,647.84
10105,Gonorrhea,280.0,Louisiana,2007.0,Male,20-24 years,20-24,1754.0,168060.0,1043.67
10106,Gonorrhea,280.0,Louisiana,2007.0,Male,25-29 years,25-29,996.0,158541.0,628.23
10107,Gonorrhea,280.0,Louisiana,2007.0,Male,30-34 years,30-34,454.0,125557.0,361.59
10108,Gonorrhea,280.0,Louisiana,2007.0,Male,35-39 years,35-39,315.0,134295.0,234.56
10109,Gonorrhea,280.0,Louisiana,2007.0,Male,40+ years,40+,575.0,882625.0,65.15
10110,Gonorrhea,280.0,Louisiana,2007.0,Male,Unknown,99,15.0,,
10111,Gonorrhea,280.0,Louisiana,2008.0,Male,0-14 years,0-14,41.0,467722.0,8.77
10112,Gonorrhea,280.0,Louisiana,2008.0,Male,15-19 years,15-19,896.0,165690.0,540.77
10113,Gonorrhea,280.0,Louisiana,2008.0,Male,20-24 years,20-24,1407.0,167780.0,838.6
10114,Gonorrhea,280.0,Louisiana,2008.0,Male,25-29 years,25-29,842.0,164834.0,510.82
10115,Gonorrhea,280.0,Louisiana,2008.0,Male,30-34 years,30-34,395.0,131280.0,300.88
10116,Gonorrhea,280.0,Louisiana,2008.0,Male,35-39 years,35-39,208.0,134598.0,154.53
10117,Gonorrhea,280.0,Louisiana,2008.0,Male,40+ years,40+,429.0,908894.0,47.2
10118,Gonorrhea,280.0,Louisiana,2008.0,Male,Unknown,99,15.0,,
10119,Gonorrhea,280.0,Louisiana,2009.0,Male,0-14 years,0-14,35.0,476373.0,7.35
10120,Gonorrhea,280.0,Louisiana,2009.0,Male,15-19 years,15-19,859.0,165201.0,519.97
10121,Gonorrhea,280.0,Louisiana,2009.0,Male,20-24 years,20-24,1359.0,174082.0,780.67
10122,Gonorrhea,280.0,Louisiana,2009.0,Male,25-29 years,25-29,724.0,171183.0,422.94
10123,Gonorrhea,280.0,Louisiana,2009.0,Male,30-34 years,30-34,389.0,140137.0,277.59
10124,Gonorrhea,280.0,Louisiana,2009.0,Male,35-39 years,35-39,179.0,134145.0,133.44
10125,Gonorrhea,280.0,Louisiana,2009.0,Male,40+ years,40+,294.0,924014.0,31.82
10126,Gonorrhea,280.0,Louisiana,2009.0,Male,Unknown,99,10.0,,
10127,Gonorrhea,280.0,Louisiana,2010.0,Male,0-14 years,0-14,43.0,473394.0,9.08
10128,Gonorrhea,280.0,Louisiana,2010.0,Male,15-19 years,15-19,859.0,165747.0,518.26
10129,Gonorrhea,280.0,Louisiana,2010.0,Male,20-24 years,20-24,1238.0,169290.0,731.29
10130,Gonorrhea,280.0,Louisiana,2010.0,Male,25-29 years,25-29,691.0,166926.0,413.96
10131,Gonorrhea,280.0,Louisiana,2010.0,Male,30-34 years,30-34,301.0,148120.0,203.21
10132,Gonorrhea,280.0,Louisiana,2010.0,Male,35-39 years,35-39,163.0,137544.0,118.51
10133,Gonorrhea,280.0,Louisiana,2010.0,Male,40+ years,40+,241.0,958271.0,25.15
10134,Gonorrhea,280.0,Louisiana,2010.0,Male,Unknown,99,4.0,,
10135,Gonorrhea,280.0,Louisiana,2011.0,Male,0-14 years,0-14,39.0,476511.0,8.18
10136,Gonorrhea,280.0,Louisiana,2011.0,Male,15-19 years,15-19,904.0,160239.0,564.16
10137,Gonorrhea,280.0,Louisiana,2011.0,Male,20-24 years,20-24,1370.0,172775.0,792.94
10138,Gonorrhea,280.0,Louisiana,2011.0,Male,25-29 years,25-29,661.0,166977.0,395.86
10139,Gonorrhea,280.0,Louisiana,2011.0,Male,30-34 years,30-34,334.0,154295.0,216.47
10140,Gonorrhea,280.0,Louisiana,2011.0,Male,35-39 years,35-39,153.0,135163.0,113.2
10141,Gonorrhea,280.0,Louisiana,2011.0,Male,40+ years,40+,277.0,972409.0,28.49
10142,Gonorrhea,280.0,Louisiana,2011.0,Male,Unknown,99,1.0,,
10143,Gonorrhea,280.0,Louisiana,2012.0,Male,0-14 years,0-14,24.0,477521.0,5.03
10144,Gonorrhea,280.0,Louisiana,2012.0,Male,15-19 years,15-19,887.0,155895.0,568.97
10145,Gonorrhea,280.0,Louisiana,2012.0,Male,20-24 years,20-24,1399.0,175778.0,795.89
10146,Gonorrhea,280.0,Louisiana,2012.0,Male,25-29 years,25-29,701.0,168504.0,416.01
10147,Gonorrhea,280.0,Louisiana,2012.0,Male,30-34 years,30-34,337.0,158925.0,212.05
10148,Gonorrhea,280.0,Louisiana,2012.0,Male,35-39 years,35-39,174.0,135415.0,128.49
10149,Gonorrhea,280.0,Louisiana,2012.0,Male,40+ years,40+,271.0,980012.0,27.65
10150,Gonorrhea,280.0,Louisiana,2013.0,Male,0-14 years,0-14,18.0,474938.0,3.79
10151,Gonorrhea,280.0,Louisiana,2013.0,Male,15-19 years,15-19,811.0,154191.0,525.97
10152,Gonorrhea,280.0,Louisiana,2013.0,Male,20-24 years,20-24,1372.0,177105.0,774.68
10153,Gonorrhea,280.0,Louisiana,2013.0,Male,25-29 years,25-29,700.0,168859.0,414.55
10154,Gonorrhea,280.0,Louisiana,2013.0,Male,30-34 years,30-34,363.0,162784.0,223.0
10155,Gonorrhea,280.0,Louisiana,2013.0,Male,35-39 years,35-39,203.0,138567.0,146.5
10156,Gonorrhea,280.0,Louisiana,2013.0,Male,40+ years,40+,275.0,987489.0,27.85
10157,Gonorrhea,280.0,Louisiana,2014.0,Male,0-14 years,0-14,17.0,474938.0,3.58
10158,Gonorrhea,280.0,Louisiana,2014.0,Male,15-19 years,15-19,773.0,154191.0,501.33
10159,Gonorrhea,280.0,Louisiana,2014.0,Male,20-24 years,20-24,1395.0,177105.0,787.67
10160,Gonorrhea,280.0,Louisiana,2014.0,Male,25-29 years,25-29,803.0,168859.0,475.55
10161,Gonorrhea,280.0,Louisiana,2014.0,Male,30-34 years,30-34,405.0,162784.0,248.8
10162,Gonorrhea,280.0,Louisiana,2014.0,Male,35-39 years,35-39,239.0,138567.0,172.48
10163,Gonorrhea,280.0,Louisiana,2014.0,Male,40+ years,40+,321.0,987489.0,32.51
10164,Gonorrhea,280.0,Maine,1996.0,Male,15-19 years,15-19,4.0,44243.0,9.04
10165,Gonorrhea,280.0,Maine,1996.0,Male,20-24 years,20-24,6.0,36721.0,16.34
10166,Gonorrhea,280.0,Maine,1996.0,Male,25-29 years,25-29,5.0,37622.0,13.29
10167,Gonorrhea,280.0,Maine,1996.0,Male,30-34 years,30-34,4.0,46519.0,8.6
10168,Gonorrhea,280.0,Maine,1996.0,Male,35-39 years,35-39,9.0,53218.0,16.91
10169,Gonorrhea,280.0,Maine,1996.0,Male,40+ years,40+,1.0,258520.0,0.39
10170,Gonorrhea,280.0,Maine,1997.0,Male,15-19 years,15-19,7.0,44877.0,15.6
10171,Gonorrhea,280.0,Maine,1997.0,Male,20-24 years,20-24,5.0,35652.0,14.02
10172,Gonorrhea,280.0,Maine,1997.0,Male,25-29 years,25-29,6.0,37469.0,16.01
10173,Gonorrhea,280.0,Maine,1997.0,Male,30-34 years,30-34,10.0,44598.0,22.42
10174,Gonorrhea,280.0,Maine,1997.0,Male,35-39 years,35-39,4.0,53067.0,7.54
10175,Gonorrhea,280.0,Maine,1997.0,Male,40+ years,40+,1.0,265453.0,0.38
10176,Gonorrhea,280.0,Maine,1997.0,Male,Unknown,99,2.0,,
10177,Gonorrhea,280.0,Maine,1998.0,Male,15-19 years,15-19,4.0,45428.0,8.81
10178,Gonorrhea,280.0,Maine,1998.0,Male,20-24 years,20-24,7.0,35035.0,19.98
10179,Gonorrhea,280.0,Maine,1998.0,Male,25-29 years,25-29,4.0,36855.0,10.85
10180,Gonorrhea,280.0,Maine,1998.0,Male,30-34 years,30-34,7.0,42894.0,16.32
10181,Gonorrhea,280.0,Maine,1998.0,Male,35-39 years,35-39,5.0,52226.0,9.57
10182,Gonorrhea,280.0,Maine,1998.0,Male,40+ years,40+,6.0,271469.0,2.21
10183,Gonorrhea,280.0,Maine,1998.0,Male,Unknown,99,3.0,,
10184,Gonorrhea,280.0,Maine,1999.0,Male,0-14 years,0-14,1.0,126875.0,0.79
10185,Gonorrhea,280.0,Maine,1999.0,Male,15-19 years,15-19,6.0,45609.0,13.16
10186,Gonorrhea,280.0,Maine,1999.0,Male,20-24 years,20-24,7.0,34988.0,20.01
10187,Gonorrhea,280.0,Maine,1999.0,Male,25-29 years,25-29,9.0,36184.0,24.87
10188,Gonorrhea,280.0,Maine,1999.0,Male,30-34 years,30-34,7.0,41969.0,16.68
10189,Gonorrhea,280.0,Maine,1999.0,Male,35-39 years,35-39,4.0,51526.0,7.76
10190,Gonorrhea,280.0,Maine,1999.0,Male,40+ years,40+,8.0,279059.0,2.87
10191,Gonorrhea,280.0,Maine,1999.0,Male,Unknown,99,1.0,,
10192,Gonorrhea,280.0,Maine,2000.0,Male,15-19 years,15-19,8.0,45741.0,17.49
10193,Gonorrhea,280.0,Maine,2000.0,Male,20-24 years,20-24,13.0,35892.0,36.22
10194,Gonorrhea,280.0,Maine,2000.0,Male,25-29 years,25-29,6.0,35382.0,16.96
10195,Gonorrhea,280.0,Maine,2000.0,Male,30-34 years,30-34,11.0,42457.0,25.91
10196,Gonorrhea,280.0,Maine,2000.0,Male,35-39 years,35-39,9.0,51182.0,17.58
10197,Gonorrhea,280.0,Maine,2000.0,Male,40+ years,40+,13.0,289782.0,4.49
10198,Gonorrhea,280.0,Maine,2000.0,Male,Unknown,99,1.0,,
10199,Gonorrhea,280.0,Maine,2001.0,Male,15-19 years,15-19,11.0,46628.0,23.59
10200,Gonorrhea,280.0,Maine,2001.0,Male,20-24 years,20-24,18.0,38127.0,47.21
10201,Gonorrhea,280.0,Maine,2001.0,Male,25-29 years,25-29,11.0,33788.0,32.56
10202,Gonorrhea,280.0,Maine,2001.0,Male,30-34 years,30-34,17.0,42062.0,40.42
10203,Gonorrhea,280.0,Maine,2001.0,Male,35-39 years,35-39,12.0,50229.0,23.89
10204,Gonorrhea,280.0,Maine,2001.0,Male,40+ years,40+,16.0,295680.0,5.41
10205,Gonorrhea,280.0,Maine,2001.0,Male,Unknown,99,1.0,,
10206,Gonorrhea,280.0,Maine,2002.0,Male,15-19 years,15-19,7.0,47260.0,14.81
10207,Gonorrhea,280.0,Maine,2002.0,Male,20-24 years,20-24,26.0,40935.0,63.52
10208,Gonorrhea,280.0,Maine,2002.0,Male,25-29 years,25-29,23.0,33550.0,68.55
10209,Gonorrhea,280.0,Maine,2002.0,Male,30-34 years,30-34,15.0,41922.0,35.78
10210,Gonorrhea,280.0,Maine,2002.0,Male,35-39 years,35-39,6.0,49163.0,12.2
10211,Gonorrhea,280.0,Maine,2002.0,Male,40+ years,40+,21.0,302333.0,6.95
10212,Gonorrhea,280.0,Maine,2003.0,Male,15-19 years,15-19,10.0,48254.0,20.72
10213,Gonorrhea,280.0,Maine,2003.0,Male,20-24 years,20-24,42.0,42437.0,98.97
10214,Gonorrhea,280.0,Maine,2003.0,Male,25-29 years,25-29,24.0,32765.0,73.25
10215,Gonorrhea,280.0,Maine,2003.0,Male,30-34 years,30-34,27.0,39376.0,68.57
10216,Gonorrhea,280.0,Maine,2003.0,Male,35-39 years,35-39,20.0,46793.0,42.74
10217,Gonorrhea,280.0,Maine,2003.0,Male,40+ years,40+,24.0,308869.0,7.77
10218,Gonorrhea,280.0,Maine,2003.0,Male,Unknown,99,2.0,,
10219,Gonorrhea,280.0,Maine,2004.0,Male,0-14 years,0-14,1.0,116000.0,0.86
10220,Gonorrhea,280.0,Maine,2004.0,Male,15-19 years,15-19,19.0,48322.0,39.32
10221,Gonorrhea,280.0,Maine,2004.0,Male,20-24 years,20-24,35.0,44218.0,79.15
10222,Gonorrhea,280.0,Maine,2004.0,Male,25-29 years,25-29,15.0,33765.0,44.42
10223,Gonorrhea,280.0,Maine,2004.0,Male,30-34 years,30-34,14.0,38347.0,36.51
10224,Gonorrhea,280.0,Maine,2004.0,Male,35-39 years,35-39,17.0,45579.0,37.3
10225,Gonorrhea,280.0,Maine,2004.0,Male,40+ years,40+,25.0,316912.0,7.89
10226,Gonorrhea,280.0,Maine,2005.0,Male,15-19 years,15-19,11.0,48215.0,22.81
10227,Gonorrhea,280.0,Maine,2005.0,Male,20-24 years,20-24,23.0,45269.0,50.81
10228,Gonorrhea,280.0,Maine,2005.0,Male,25-29 years,25-29,18.0,34998.0,51.43
10229,Gonorrhea,280.0,Maine,2005.0,Male,30-34 years,30-34,10.0,36563.0,27.35
10230,Gonorrhea,280.0,Maine,2005.0,Male,35-39 years,35-39,7.0,44653.0,15.68
10231,Gonorrhea,280.0,Maine,2005.0,Male,40+ years,40+,12.0,322444.0,3.72
10232,Gonorrhea,280.0,Maine,2006.0,Male,15-19 years,15-19,10.0,46113.0,21.69
10233,Gonorrhea,280.0,Maine,2006.0,Male,20-24 years,20-24,16.0,41888.0,38.2
10234,Gonorrhea,280.0,Maine,2006.0,Male,25-29 years,25-29,13.0,38362.0,33.89
10235,Gonorrhea,280.0,Maine,2006.0,Male,30-34 years,30-34,11.0,36891.0,29.82
10236,Gonorrhea,280.0,Maine,2006.0,Male,35-39 years,35-39,8.0,44475.0,17.99
10237,Gonorrhea,280.0,Maine,2006.0,Male,40+ years,40+,25.0,323013.0,7.74
10238,Gonorrhea,280.0,Maine,2007.0,Male,15-19 years,15-19,5.0,45805.0,10.92
10239,Gonorrhea,280.0,Maine,2007.0,Male,20-24 years,20-24,19.0,40164.0,47.31
10240,Gonorrhea,280.0,Maine,2007.0,Male,25-29 years,25-29,20.0,37729.0,53.01
10241,Gonorrhea,280.0,Maine,2007.0,Male,30-34 years,30-34,7.0,35813.0,19.55
10242,Gonorrhea,280.0,Maine,2007.0,Male,35-39 years,35-39,6.0,43342.0,13.84
10243,Gonorrhea,280.0,Maine,2007.0,Male,40+ years,40+,15.0,325231.0,4.61
10244,Gonorrhea,280.0,Maine,2007.0,Male,Unknown,99,1.0,,
10245,Gonorrhea,280.0,Maine,2008.0,Male,15-19 years,15-19,7.0,44912.0,15.59
10246,Gonorrhea,280.0,Maine,2008.0,Male,20-24 years,20-24,14.0,40133.0,34.88
10247,Gonorrhea,280.0,Maine,2008.0,Male,25-29 years,25-29,9.0,38166.0,23.58
10248,Gonorrhea,280.0,Maine,2008.0,Male,30-34 years,30-34,5.0,35562.0,14.06
10249,Gonorrhea,280.0,Maine,2008.0,Male,35-39 years,35-39,5.0,42037.0,11.89
10250,Gonorrhea,280.0,Maine,2008.0,Male,40+ years,40+,13.0,328239.0,3.96
10251,Gonorrhea,280.0,Maine,2009.0,Male,15-19 years,15-19,6.0,45534.0,13.18
10252,Gonorrhea,280.0,Maine,2009.0,Male,20-24 years,20-24,19.0,42213.0,45.01
10253,Gonorrhea,280.0,Maine,2009.0,Male,25-29 years,25-29,14.0,38999.0,35.9
10254,Gonorrhea,280.0,Maine,2009.0,Male,30-34 years,30-34,7.0,35549.0,19.69
10255,Gonorrhea,280.0,Maine,2009.0,Male,35-39 years,35-39,6.0,39657.0,15.13
10256,Gonorrhea,280.0,Maine,2009.0,Male,40+ years,40+,27.0,329548.0,8.19
10257,Gonorrhea,280.0,Maine,2009.0,Male,Unknown,99,2.0,,
10258,Gonorrhea,280.0,Maine,2010.0,Male,15-19 years,15-19,6.0,45541.0,13.17
10259,Gonorrhea,280.0,Maine,2010.0,Male,20-24 years,20-24,33.0,40426.0,81.63
10260,Gonorrhea,280.0,Maine,2010.0,Male,25-29 years,25-29,17.0,36145.0,47.03
10261,Gonorrhea,280.0,Maine,2010.0,Male,30-34 years,30-34,8.0,35662.0,22.43
10262,Gonorrhea,280.0,Maine,2010.0,Male,35-39 years,35-39,5.0,39302.0,12.72
10263,Gonorrhea,280.0,Maine,2010.0,Male,40+ years,40+,17.0,338637.0,5.02
10264,Gonorrhea,280.0,Maine,2011.0,Male,0-14 years,0-14,1.0,112414.0,0.89
10265,Gonorrhea,280.0,Maine,2011.0,Male,15-19 years,15-19,8.0,44463.0,17.99
10266,Gonorrhea,280.0,Maine,2011.0,Male,20-24 years,20-24,33.0,40601.0,81.28
10267,Gonorrhea,280.0,Maine,2011.0,Male,25-29 years,25-29,32.0,36509.0,87.65
10268,Gonorrhea,280.0,Maine,2011.0,Male,30-34 years,30-34,20.0,36210.0,55.23
10269,Gonorrhea,280.0,Maine,2011.0,Male,35-39 years,35-39,13.0,36950.0,35.18
10270,Gonorrhea,280.0,Maine,2011.0,Male,40+ years,40+,43.0,342916.0,12.54
10271,Gonorrhea,280.0,Maine,2012.0,Male,15-19 years,15-19,14.0,43623.0,32.09
10272,Gonorrhea,280.0,Maine,2012.0,Male,20-24 years,20-24,55.0,40618.0,135.41
10273,Gonorrhea,280.0,Maine,2012.0,Male,25-29 years,25-29,41.0,37034.0,110.71
10274,Gonorrhea,280.0,Maine,2012.0,Male,30-34 years,30-34,31.0,36418.0,85.12
10275,Gonorrhea,280.0,Maine,2012.0,Male,35-39 years,35-39,17.0,35873.0,47.39
10276,Gonorrhea,280.0,Maine,2012.0,Male,40+ years,40+,58.0,345418.0,16.79
10277,Gonorrhea,280.0,Maine,2013.0,Male,0-14 years,0-14,1.0,109175.0,0.92
10278,Gonorrhea,280.0,Maine,2013.0,Male,15-19 years,15-19,7.0,42695.0,16.4
10279,Gonorrhea,280.0,Maine,2013.0,Male,20-24 years,20-24,35.0,40364.0,86.71
10280,Gonorrhea,280.0,Maine,2013.0,Male,25-29 years,25-29,26.0,38230.0,68.01
10281,Gonorrhea,280.0,Maine,2013.0,Male,30-34 years,30-34,21.0,36716.0,57.2
10282,Gonorrhea,280.0,Maine,2013.0,Male,35-39 years,35-39,7.0,35505.0,19.72
10283,Gonorrhea,280.0,Maine,2013.0,Male,40+ years,40+,29.0,347535.0,8.34
10284,Gonorrhea,280.0,Maine,2014.0,Male,0-14 years,0-14,2.0,109175.0,1.83
10285,Gonorrhea,280.0,Maine,2014.0,Male,15-19 years,15-19,10.0,42695.0,23.42
10286,Gonorrhea,280.0,Maine,2014.0,Male,20-24 years,20-24,42.0,40364.0,104.05
10287,Gonorrhea,280.0,Maine,2014.0,Male,25-29 years,25-29,31.0,38230.0,81.09
10288,Gonorrhea,280.0,Maine,2014.0,Male,30-34 years,30-34,12.0,36716.0,32.68
10289,Gonorrhea,280.0,Maine,2014.0,Male,35-39 years,35-39,9.0,35505.0,25.35
10290,Gonorrhea,280.0,Maine,2014.0,Male,40+ years,40+,31.0,347535.0,8.92
10291,Gonorrhea,280.0,Maryland,1996.0,Male,0-14 years,0-14,36.0,564510.0,6.38
10292,Gonorrhea,280.0,Maryland,1996.0,Male,15-19 years,15-19,1017.0,164786.0,617.16
10293,Gonorrhea,280.0,Maryland,1996.0,Male,20-24 years,20-24,1509.0,151881.0,993.54
10294,Gonorrhea,280.0,Maryland,1996.0,Male,25-29 years,25-29,1009.0,181380.0,556.29
10295,Gonorrhea,280.0,Maryland,1996.0,Male,30-34 years,30-34,751.0,227031.0,330.79
10296,Gonorrhea,280.0,Maryland,1996.0,Male,35-39 years,35-39,578.0,225830.0,255.94
10297,Gonorrhea,280.0,Maryland,1996.0,Male,40+ years,40+,839.0,956745.0,87.69
10298,Gonorrhea,280.0,Maryland,1996.0,Male,Unknown,99,51.0,,
10299,Gonorrhea,280.0,Maryland,1997.0,Male,0-14 years,0-14,24.0,569591.0,4.21
10300,Gonorrhea,280.0,Maryland,1997.0,Male,15-19 years,15-19,1011.0,169886.0,595.11
10301,Gonorrhea,280.0,Maryland,1997.0,Male,20-24 years,20-24,1735.0,150329.0,1154.14
10302,Gonorrhea,280.0,Maryland,1997.0,Male,25-29 years,25-29,1045.0,176656.0,591.54
10303,Gonorrhea,280.0,Maryland,1997.0,Male,30-34 years,30-34,662.0,219389.0,301.75
10304,Gonorrhea,280.0,Maryland,1997.0,Male,35-39 years,35-39,480.0,226845.0,211.6
10305,Gonorrhea,280.0,Maryland,1997.0,Male,40+ years,40+,786.0,979738.0,80.23
10306,Gonorrhea,280.0,Maryland,1997.0,Male,Unknown,99,42.0,,
10307,Gonorrhea,280.0,Maryland,1998.0,Male,0-14 years,0-14,58.0,575708.0,10.07
10308,Gonorrhea,280.0,Maryland,1998.0,Male,15-19 years,15-19,1301.0,175124.0,742.9
10309,Gonorrhea,280.0,Maryland,1998.0,Male,20-24 years,20-24,1623.0,150450.0,1078.76
10310,Gonorrhea,280.0,Maryland,1998.0,Male,25-29 years,25-29,903.0,172443.0,523.65
10311,Gonorrhea,280.0,Maryland,1998.0,Male,30-34 years,30-34,657.0,210317.0,312.39
10312,Gonorrhea,280.0,Maryland,1998.0,Male,35-39 years,35-39,596.0,226566.0,263.06
10313,Gonorrhea,280.0,Maryland,1998.0,Male,40+ years,40+,735.0,1002766.0,73.3
10314,Gonorrhea,280.0,Maryland,1998.0,Male,Unknown,99,38.0,,
10315,Gonorrhea,280.0,Maryland,1999.0,Male,0-14 years,0-14,46.0,578830.0,7.95
10316,Gonorrhea,280.0,Maryland,1999.0,Male,15-19 years,15-19,1242.0,179020.0,693.78
10317,Gonorrhea,280.0,Maryland,1999.0,Male,20-24 years,20-24,1591.0,153412.0,1037.08
10318,Gonorrhea,280.0,Maryland,1999.0,Male,25-29 years,25-29,941.0,168821.0,557.39
10319,Gonorrhea,280.0,Maryland,1999.0,Male,30-34 years,30-34,653.0,201665.0,323.8
10320,Gonorrhea,280.0,Maryland,1999.0,Male,35-39 years,35-39,509.0,226678.0,224.55
10321,Gonorrhea,280.0,Maryland,1999.0,Male,40+ years,40+,668.0,1029155.0,64.91
10322,Gonorrhea,280.0,Maryland,1999.0,Male,Unknown,99,24.0,,
10323,Gonorrhea,280.0,Maryland,2000.0,Male,0-14 years,0-14,47.0,582646.0,8.07
10324,Gonorrhea,280.0,Maryland,2000.0,Male,15-19 years,15-19,1077.0,182935.0,588.73
10325,Gonorrhea,280.0,Maryland,2000.0,Male,20-24 years,20-24,1571.0,157648.0,996.52
10326,Gonorrhea,280.0,Maryland,2000.0,Male,25-29 years,25-29,860.0,165000.0,521.21
10327,Gonorrhea,280.0,Maryland,2000.0,Male,30-34 years,30-34,575.0,196478.0,292.65
10328,Gonorrhea,280.0,Maryland,2000.0,Male,35-39 years,35-39,466.0,224643.0,207.44
10329,Gonorrhea,280.0,Maryland,2000.0,Male,40+ years,40+,583.0,1056687.0,55.17
10330,Gonorrhea,280.0,Maryland,2000.0,Male,Unknown,99,17.0,,
10331,Gonorrhea,280.0,Maryland,2001.0,Male,0-14 years,0-14,50.0,584387.0,8.56
10332,Gonorrhea,280.0,Maryland,2001.0,Male,15-19 years,15-19,1018.0,188848.0,539.06
10333,Gonorrhea,280.0,Maryland,2001.0,Male,20-24 years,20-24,1413.0,162891.0,867.45
10334,Gonorrhea,280.0,Maryland,2001.0,Male,25-29 years,25-29,786.0,161439.0,486.87
10335,Gonorrhea,280.0,Maryland,2001.0,Male,30-34 years,30-34,550.0,197120.0,279.02
10336,Gonorrhea,280.0,Maryland,2001.0,Male,35-39 years,35-39,403.0,223213.0,180.54
10337,Gonorrhea,280.0,Maryland,2001.0,Male,40+ years,40+,595.0,1084574.0,54.86
10338,Gonorrhea,280.0,Maryland,2001.0,Male,Unknown,99,21.0,,
10339,Gonorrhea,280.0,Maryland,2002.0,Male,0-14 years,0-14,45.0,587296.0,7.66
10340,Gonorrhea,280.0,Maryland,2002.0,Male,15-19 years,15-19,949.0,194369.0,488.25
10341,Gonorrhea,280.0,Maryland,2002.0,Male,20-24 years,20-24,1382.0,171714.0,804.83
10342,Gonorrhea,280.0,Maryland,2002.0,Male,25-29 years,25-29,795.0,160656.0,494.85
10343,Gonorrhea,280.0,Maryland,2002.0,Male,30-34 years,30-34,529.0,197077.0,268.42
10344,Gonorrhea,280.0,Maryland,2002.0,Male,35-39 years,35-39,375.0,220337.0,170.19
10345,Gonorrhea,280.0,Maryland,2002.0,Male,40+ years,40+,642.0,1107591.0,57.96
10346,Gonorrhea,280.0,Maryland,2002.0,Male,Unknown,99,39.0,,
10347,Gonorrhea,280.0,Maryland,2003.0,Male,0-14 years,0-14,24.0,584004.0,4.11
10348,Gonorrhea,280.0,Maryland,2003.0,Male,15-19 years,15-19,824.0,198571.0,414.96
10349,Gonorrhea,280.0,Maryland,2003.0,Male,20-24 years,20-24,1116.0,181013.0,616.53
10350,Gonorrhea,280.0,Maryland,2003.0,Male,25-29 years,25-29,641.0,161213.0,397.61
10351,Gonorrhea,280.0,Maryland,2003.0,Male,30-34 years,30-34,409.0,189767.0,215.53
10352,Gonorrhea,280.0,Maryland,2003.0,Male,35-39 years,35-39,298.0,212551.0,140.2
10353,Gonorrhea,280.0,Maryland,2003.0,Male,40+ years,40+,525.0,1138524.0,46.11
10354,Gonorrhea,280.0,Maryland,2003.0,Male,Unknown,99,21.0,,
10355,Gonorrhea,280.0,Maryland,2004.0,Male,0-14 years,0-14,26.0,588928.0,4.41
10356,Gonorrhea,280.0,Maryland,2004.0,Male,15-19 years,15-19,792.0,203110.0,389.94
10357,Gonorrhea,280.0,Maryland,2004.0,Male,20-24 years,20-24,1124.0,187657.0,598.97
10358,Gonorrhea,280.0,Maryland,2004.0,Male,25-29 years,25-29,721.0,164012.0,439.6
10359,Gonorrhea,280.0,Maryland,2004.0,Male,30-34 years,30-34,418.0,183125.0,228.26
10360,Gonorrhea,280.0,Maryland,2004.0,Male,35-39 years,35-39,326.0,204950.0,159.06
10361,Gonorrhea,280.0,Maryland,2004.0,Male,40+ years,40+,540.0,1159119.0,46.59
10362,Gonorrhea,280.0,Maryland,2004.0,Male,Unknown,99,22.0,,
10363,Gonorrhea,280.0,Maryland,2005.0,Male,0-14 years,0-14,34.0,588552.0,5.78
10364,Gonorrhea,280.0,Maryland,2005.0,Male,15-19 years,15-19,688.0,208015.0,330.75
10365,Gonorrhea,280.0,Maryland,2005.0,Male,20-24 years,20-24,1050.0,193792.0,541.82
10366,Gonorrhea,280.0,Maryland,2005.0,Male,25-29 years,25-29,602.0,168694.0,356.86
10367,Gonorrhea,280.0,Maryland,2005.0,Male,30-34 years,30-34,299.0,175896.0,169.99
10368,Gonorrhea,280.0,Maryland,2005.0,Male,35-39 years,35-39,270.0,200264.0,134.82
10369,Gonorrhea,280.0,Maryland,2005.0,Male,40+ years,40+,455.0,1178099.0,38.62
10370,Gonorrhea,280.0,Maryland,2005.0,Male,Unknown,99,12.0,,
10371,Gonorrhea,280.0,Maryland,2006.0,Male,0-14 years,0-14,24.0,568179.0,4.22
10372,Gonorrhea,280.0,Maryland,2006.0,Male,15-19 years,15-19,738.0,207165.0,356.24
10373,Gonorrhea,280.0,Maryland,2006.0,Male,20-24 years,20-24,971.0,189423.0,512.61
10374,Gonorrhea,280.0,Maryland,2006.0,Male,25-29 years,25-29,646.0,182972.0,353.06
10375,Gonorrhea,280.0,Maryland,2006.0,Male,30-34 years,30-34,328.0,175523.0,186.87
10376,Gonorrhea,280.0,Maryland,2006.0,Male,35-39 years,35-39,233.0,200207.0,116.38
10377,Gonorrhea,280.0,Maryland,2006.0,Male,40+ years,40+,506.0,1193385.0,42.4
10378,Gonorrhea,280.0,Maryland,2006.0,Male,Unknown,99,15.0,,
10379,Gonorrhea,280.0,Maryland,2007.0,Male,0-14 years,0-14,22.0,567421.0,3.88
10380,Gonorrhea,280.0,Maryland,2007.0,Male,15-19 years,15-19,692.0,208096.0,332.54
10381,Gonorrhea,280.0,Maryland,2007.0,Male,20-24 years,20-24,949.0,191140.0,496.5
10382,Gonorrhea,280.0,Maryland,2007.0,Male,25-29 years,25-29,577.0,184290.0,313.09
10383,Gonorrhea,280.0,Maryland,2007.0,Male,30-34 years,30-34,303.0,171674.0,176.5
10384,Gonorrhea,280.0,Maryland,2007.0,Male,35-39 years,35-39,250.0,196169.0,127.44
10385,Gonorrhea,280.0,Maryland,2007.0,Male,40+ years,40+,432.0,1199800.0,36.01
10386,Gonorrhea,280.0,Maryland,2007.0,Male,Unknown,99,13.0,,
10387,Gonorrhea,280.0,Maryland,2008.0,Male,0-14 years,0-14,24.0,561402.0,4.28
10388,Gonorrhea,280.0,Maryland,2008.0,Male,15-19 years,15-19,735.0,207513.0,354.19
10389,Gonorrhea,280.0,Maryland,2008.0,Male,20-24 years,20-24,982.0,190447.0,515.63
10390,Gonorrhea,280.0,Maryland,2008.0,Male,25-29 years,25-29,520.0,189727.0,274.08
10391,Gonorrhea,280.0,Maryland,2008.0,Male,30-34 years,30-34,276.0,172042.0,160.43
10392,Gonorrhea,280.0,Maryland,2008.0,Male,35-39 years,35-39,206.0,191321.0,107.67
10393,Gonorrhea,280.0,Maryland,2008.0,Male,40+ years,40+,304.0,1214871.0,25.02
10394,Gonorrhea,280.0,Maryland,2008.0,Male,Unknown,99,7.0,,
10395,Gonorrhea,280.0,Maryland,2009.0,Male,0-14 years,0-14,22.0,569670.0,3.86
10396,Gonorrhea,280.0,Maryland,2009.0,Male,15-19 years,15-19,637.0,205292.0,310.29
10397,Gonorrhea,280.0,Maryland,2009.0,Male,20-24 years,20-24,952.0,193978.0,490.78
10398,Gonorrhea,280.0,Maryland,2009.0,Male,25-29 years,25-29,531.0,198241.0,267.86
10399,Gonorrhea,280.0,Maryland,2009.0,Male,30-34 years,30-34,267.0,179439.0,148.8
10400,Gonorrhea,280.0,Maryland,2009.0,Male,35-39 years,35-39,175.0,185771.0,94.2
10401,Gonorrhea,280.0,Maryland,2009.0,Male,40+ years,40+,333.0,1231415.0,27.04
10402,Gonorrhea,280.0,Maryland,2009.0,Male,Unknown,99,5.0,,
10403,Gonorrhea,280.0,Maryland,2010.0,Male,0-14 years,0-14,13.0,565849.0,2.3
10404,Gonorrhea,280.0,Maryland,2010.0,Male,15-19 years,15-19,744.0,208249.0,357.26
10405,Gonorrhea,280.0,Maryland,2010.0,Male,20-24 years,20-24,1111.0,199923.0,555.71
10406,Gonorrhea,280.0,Maryland,2010.0,Male,25-29 years,25-29,571.0,194223.0,293.99
10407,Gonorrhea,280.0,Maryland,2010.0,Male,30-34 years,30-34,348.0,179279.0,194.11
10408,Gonorrhea,280.0,Maryland,2010.0,Male,35-39 years,35-39,179.0,181543.0,98.6
10409,Gonorrhea,280.0,Maryland,2010.0,Male,40+ years,40+,400.0,1262696.0,31.68
10410,Gonorrhea,280.0,Maryland,2010.0,Male,Unknown,99,11.0,,
10411,Gonorrhea,280.0,Maryland,2011.0,Male,0-14 years,0-14,12.0,566185.0,2.12
10412,Gonorrhea,280.0,Maryland,2011.0,Male,15-19 years,15-19,616.0,204111.0,301.8
10413,Gonorrhea,280.0,Maryland,2011.0,Male,20-24 years,20-24,1075.0,203471.0,528.33
10414,Gonorrhea,280.0,Maryland,2011.0,Male,25-29 years,25-29,528.0,198945.0,265.4
10415,Gonorrhea,280.0,Maryland,2011.0,Male,30-34 years,30-34,313.0,186440.0,167.88
10416,Gonorrhea,280.0,Maryland,2011.0,Male,35-39 years,35-39,126.0,175524.0,71.79
10417,Gonorrhea,280.0,Maryland,2011.0,Male,40+ years,40+,318.0,1285898.0,24.73
10418,Gonorrhea,280.0,Maryland,2011.0,Male,Unknown,99,4.0,,
10419,Gonorrhea,280.0,Maryland,2012.0,Male,0-14 years,0-14,17.0,567087.0,3.0
10420,Gonorrhea,280.0,Maryland,2012.0,Male,15-19 years,15-19,481.0,202817.0,237.16
10421,Gonorrhea,280.0,Maryland,2012.0,Male,20-24 years,20-24,950.0,206137.0,460.86
10422,Gonorrhea,280.0,Maryland,2012.0,Male,25-29 years,25-29,535.0,202940.0,263.62
10423,Gonorrhea,280.0,Maryland,2012.0,Male,30-34 years,30-34,302.0,192815.0,156.63
10424,Gonorrhea,280.0,Maryland,2012.0,Male,35-39 years,35-39,163.0,175442.0,92.91
10425,Gonorrhea,280.0,Maryland,2012.0,Male,40+ years,40+,349.0,1303165.0,26.78
10426,Gonorrhea,280.0,Maryland,2012.0,Male,Unknown,99,9.0,,
10427,Gonorrhea,280.0,Maryland,2013.0,Male,0-14 years,0-14,17.0,569088.0,2.99
10428,Gonorrhea,280.0,Maryland,2013.0,Male,15-19 years,15-19,477.0,199051.0,239.64
10429,Gonorrhea,280.0,Maryland,2013.0,Male,20-24 years,20-24,1008.0,206441.0,488.27
10430,Gonorrhea,280.0,Maryland,2013.0,Male,25-29 years,25-29,630.0,206700.0,304.79
10431,Gonorrhea,280.0,Maryland,2013.0,Male,30-34 years,30-34,333.0,198556.0,167.71
10432,Gonorrhea,280.0,Maryland,2013.0,Male,35-39 years,35-39,216.0,178876.0,120.75
10433,Gonorrhea,280.0,Maryland,2013.0,Male,40+ years,40+,459.0,1316050.0,34.88
10434,Gonorrhea,280.0,Maryland,2013.0,Male,Unknown,99,5.0,,
10435,Gonorrhea,280.0,Maryland,2014.0,Male,0-14 years,0-14,14.0,569088.0,2.46
10436,Gonorrhea,280.0,Maryland,2014.0,Male,15-19 years,15-19,487.0,199051.0,244.66
10437,Gonorrhea,280.0,Maryland,2014.0,Male,20-24 years,20-24,932.0,206441.0,451.46
10438,Gonorrhea,280.0,Maryland,2014.0,Male,25-29 years,25-29,696.0,206700.0,336.72
10439,Gonorrhea,280.0,Maryland,2014.0,Male,30-34 years,30-34,408.0,198556.0,205.48
10440,Gonorrhea,280.0,Maryland,2014.0,Male,35-39 years,35-39,243.0,178876.0,135.85
10441,Gonorrhea,280.0,Maryland,2014.0,Male,40+ years,40+,520.0,1316050.0,39.51
10442,Gonorrhea,280.0,Maryland,2014.0,Male,Unknown,99,4.0,,
10443,Gonorrhea,280.0,Massachusetts,1996.0,Male,0-14 years,0-14,3.0,637810.0,0.47
10444,Gonorrhea,280.0,Massachusetts,1996.0,Male,15-19 years,15-19,146.0,190561.0,76.62
10445,Gonorrhea,280.0,Massachusetts,1996.0,Male,20-24 years,20-24,237.0,194621.0,121.78
10446,Gonorrhea,280.0,Massachusetts,1996.0,Male,25-29 years,25-29,209.0,253138.0,82.56
10447,Gonorrhea,280.0,Massachusetts,1996.0,Male,30-34 years,30-34,201.0,263620.0,76.25
10448,Gonorrhea,280.0,Massachusetts,1996.0,Male,35-39 years,35-39,106.0,262903.0,40.32
10449,Gonorrhea,280.0,Massachusetts,1996.0,Male,40+ years,40+,117.0,1170654.0,9.99
10450,Gonorrhea,280.0,Massachusetts,1996.0,Male,Unknown,99,13.0,,
10451,Gonorrhea,280.0,Massachusetts,1997.0,Male,0-14 years,0-14,6.0,639780.0,0.94
10452,Gonorrhea,280.0,Massachusetts,1997.0,Male,15-19 years,15-19,143.0,196448.0,72.79
10453,Gonorrhea,280.0,Massachusetts,1997.0,Male,20-24 years,20-24,225.0,189134.0,118.96
10454,Gonorrhea,280.0,Massachusetts,1997.0,Male,25-29 years,25-29,203.0,248128.0,81.81
10455,Gonorrhea,280.0,Massachusetts,1997.0,Male,30-34 years,30-34,168.0,257449.0,65.26
10456,Gonorrhea,280.0,Massachusetts,1997.0,Male,35-39 years,35-39,133.0,265696.0,50.06
10457,Gonorrhea,280.0,Massachusetts,1997.0,Male,40+ years,40+,109.0,1199509.0,9.09
10458,Gonorrhea,280.0,Massachusetts,1997.0,Male,Unknown,99,17.0,,
10459,Gonorrhea,280.0,Massachusetts,1998.0,Male,0-14 years,0-14,9.0,644372.0,1.4
10460,Gonorrhea,280.0,Massachusetts,1998.0,Male,15-19 years,15-19,137.0,202569.0,67.63
10461,Gonorrhea,280.0,Massachusetts,1998.0,Male,20-24 years,20-24,291.0,190376.0,152.85
10462,Gonorrhea,280.0,Massachusetts,1998.0,Male,25-29 years,25-29,219.0,236837.0,92.47
10463,Gonorrhea,280.0,Massachusetts,1998.0,Male,30-34 years,30-34,166.0,250862.0,66.17
10464,Gonorrhea,280.0,Massachusetts,1998.0,Male,35-39 years,35-39,129.0,266465.0,48.41
10465,Gonorrhea,280.0,Massachusetts,1998.0,Male,40+ years,40+,129.0,1226958.0,10.51
10466,Gonorrhea,280.0,Massachusetts,1998.0,Male,Unknown,99,23.0,,
10467,Gonorrhea,280.0,Massachusetts,1999.0,Male,0-14 years,0-14,1.0,644795.0,0.16
10468,Gonorrhea,280.0,Massachusetts,1999.0,Male,15-19 years,15-19,169.0,206824.0,81.71
10469,Gonorrhea,280.0,Massachusetts,1999.0,Male,20-24 years,20-24,325.0,195021.0,166.65
10470,Gonorrhea,280.0,Massachusetts,1999.0,Male,25-29 years,25-29,247.0,223920.0,110.31
10471,Gonorrhea,280.0,Massachusetts,1999.0,Male,30-34 years,30-34,200.0,245815.0,81.36
10472,Gonorrhea,280.0,Massachusetts,1999.0,Male,35-39 years,35-39,169.0,267509.0,63.18
10473,Gonorrhea,280.0,Massachusetts,1999.0,Male,40+ years,40+,146.0,1258631.0,11.6
10474,Gonorrhea,280.0,Massachusetts,1999.0,Male,Unknown,99,10.0,,
10475,Gonorrhea,280.0,Massachusetts,2000.0,Male,0-14 years,0-14,3.0,629870.0,0.48
10476,Gonorrhea,280.0,Massachusetts,2000.0,Male,15-19 years,15-19,135.0,208691.0,64.69
10477,Gonorrhea,280.0,Massachusetts,2000.0,Male,20-24 years,20-24,344.0,202466.0,169.91
10478,Gonorrhea,280.0,Massachusetts,2000.0,Male,25-29 years,25-29,266.0,213640.0,124.51
10479,Gonorrhea,280.0,Massachusetts,2000.0,Male,30-34 years,30-34,234.0,244417.0,95.74
10480,Gonorrhea,280.0,Massachusetts,2000.0,Male,35-39 years,35-39,173.0,268132.0,64.52
10481,Gonorrhea,280.0,Massachusetts,2000.0,Male,40+ years,40+,187.0,1297537.0,14.41
10482,Gonorrhea,280.0,Massachusetts,2000.0,Male,Unknown,99,12.0,,
10483,Gonorrhea,280.0,Massachusetts,2001.0,Male,0-14 years,0-14,8.0,629738.0,1.27
10484,Gonorrhea,280.0,Massachusetts,2001.0,Male,15-19 years,15-19,209.0,208536.0,100.22
10485,Gonorrhea,280.0,Massachusetts,2001.0,Male,20-24 years,20-24,431.0,208349.0,206.86
10486,Gonorrhea,280.0,Massachusetts,2001.0,Male,25-29 years,25-29,269.0,208997.0,128.71
10487,Gonorrhea,280.0,Massachusetts,2001.0,Male,30-34 years,30-34,246.0,242150.0,101.59
10488,Gonorrhea,280.0,Massachusetts,2001.0,Male,35-39 years,35-39,227.0,265016.0,85.66
10489,Gonorrhea,280.0,Massachusetts,2001.0,Male,40+ years,40+,226.0,1324196.0,17.07
10490,Gonorrhea,280.0,Massachusetts,2001.0,Male,Unknown,99,6.0,,
10491,Gonorrhea,280.0,Massachusetts,2002.0,Male,0-14 years,0-14,25.0,622958.0,4.01
10492,Gonorrhea,280.0,Massachusetts,2002.0,Male,15-19 years,15-19,175.0,209397.0,83.57
10493,Gonorrhea,280.0,Massachusetts,2002.0,Male,20-24 years,20-24,427.0,215009.0,198.6
10494,Gonorrhea,280.0,Massachusetts,2002.0,Male,25-29 years,25-29,309.0,206444.0,149.68
10495,Gonorrhea,280.0,Massachusetts,2002.0,Male,30-34 years,30-34,270.0,240156.0,112.43
10496,Gonorrhea,280.0,Massachusetts,2002.0,Male,35-39 years,35-39,213.0,260492.0,81.77
10497,Gonorrhea,280.0,Massachusetts,2002.0,Male,40+ years,40+,239.0,1347921.0,17.73
10498,Gonorrhea,280.0,Massachusetts,2002.0,Male,Unknown,99,5.0,,
10499,Gonorrhea,280.0,Massachusetts,2003.0,Male,0-14 years,0-14,20.0,632166.0,3.16
10500,Gonorrhea,280.0,Massachusetts,2003.0,Male,15-19 years,15-19,149.0,213116.0,69.92
10501,Gonorrhea,280.0,Massachusetts,2003.0,Male,20-24 years,20-24,365.0,216052.0,168.94
10502,Gonorrhea,280.0,Massachusetts,2003.0,Male,25-29 years,25-29,295.0,205573.0,143.5
10503,Gonorrhea,280.0,Massachusetts,2003.0,Male,30-34 years,30-34,226.0,232072.0,97.38
10504,Gonorrhea,280.0,Massachusetts,2003.0,Male,35-39 years,35-39,196.0,252237.0,77.7
10505,Gonorrhea,280.0,Massachusetts,2003.0,Male,40+ years,40+,289.0,1359262.0,21.26
10506,Gonorrhea,280.0,Massachusetts,2003.0,Male,Unknown,99,12.0,,
10507,Gonorrhea,280.0,Massachusetts,2004.0,Male,0-14 years,0-14,10.0,620188.0,1.61
10508,Gonorrhea,280.0,Massachusetts,2004.0,Male,15-19 years,15-19,166.0,215100.0,77.17
10509,Gonorrhea,280.0,Massachusetts,2004.0,Male,20-24 years,20-24,434.0,216215.0,200.73
10510,Gonorrhea,280.0,Massachusetts,2004.0,Male,25-29 years,25-29,277.0,208478.0,132.87
10511,Gonorrhea,280.0,Massachusetts,2004.0,Male,30-34 years,30-34,179.0,225505.0,79.38
10512,Gonorrhea,280.0,Massachusetts,2004.0,Male,35-39 years,35-39,172.0,244741.0,70.28
10513,Gonorrhea,280.0,Massachusetts,2004.0,Male,40+ years,40+,277.0,1376118.0,20.13
10514,Gonorrhea,280.0,Massachusetts,2004.0,Male,Unknown,99,9.0,,
10515,Gonorrhea,280.0,Massachusetts,2005.0,Male,0-14 years,0-14,6.0,613819.0,0.98
10516,Gonorrhea,280.0,Massachusetts,2005.0,Male,15-19 years,15-19,138.0,218193.0,63.25
10517,Gonorrhea,280.0,Massachusetts,2005.0,Male,20-24 years,20-24,317.0,214222.0,147.98
10518,Gonorrhea,280.0,Massachusetts,2005.0,Male,25-29 years,25-29,225.0,212389.0,105.94
10519,Gonorrhea,280.0,Massachusetts,2005.0,Male,30-34 years,30-34,131.0,216167.0,60.6
10520,Gonorrhea,280.0,Massachusetts,2005.0,Male,35-39 years,35-39,146.0,238669.0,61.17
10521,Gonorrhea,280.0,Massachusetts,2005.0,Male,40+ years,40+,248.0,1387561.0,17.87
10522,Gonorrhea,280.0,Massachusetts,2005.0,Male,Unknown,99,5.0,,
10523,Gonorrhea,280.0,Massachusetts,2006.0,Male,0-14 years,0-14,4.0,606411.0,0.66
10524,Gonorrhea,280.0,Massachusetts,2006.0,Male,15-19 years,15-19,119.0,225473.0,52.78
10525,Gonorrhea,280.0,Massachusetts,2006.0,Male,20-24 years,20-24,308.0,223697.0,137.69
10526,Gonorrhea,280.0,Massachusetts,2006.0,Male,25-29 years,25-29,242.0,208183.0,116.24
10527,Gonorrhea,280.0,Massachusetts,2006.0,Male,30-34 years,30-34,170.0,206636.0,82.27
10528,Gonorrhea,280.0,Massachusetts,2006.0,Male,35-39 years,35-39,124.0,233466.0,53.11
10529,Gonorrhea,280.0,Massachusetts,2006.0,Male,40+ years,40+,238.0,1413339.0,16.84
10530,Gonorrhea,280.0,Massachusetts,2006.0,Male,Unknown,99,7.0,,
10531,Gonorrhea,280.0,Massachusetts,2007.0,Male,0-14 years,0-14,2.0,596642.0,0.34
10532,Gonorrhea,280.0,Massachusetts,2007.0,Male,15-19 years,15-19,170.0,228981.0,74.24
10533,Gonorrhea,280.0,Massachusetts,2007.0,Male,20-24 years,20-24,380.0,224868.0,168.99
10534,Gonorrhea,280.0,Massachusetts,2007.0,Male,25-29 years,25-29,271.0,210654.0,128.65
10535,Gonorrhea,280.0,Massachusetts,2007.0,Male,30-34 years,30-34,166.0,202336.0,82.04
10536,Gonorrhea,280.0,Massachusetts,2007.0,Male,35-39 years,35-39,156.0,228811.0,68.18
10537,Gonorrhea,280.0,Massachusetts,2007.0,Male,40+ years,40+,259.0,1434201.0,18.06
10538,Gonorrhea,280.0,Massachusetts,2007.0,Male,Unknown,99,8.0,,
10539,Gonorrhea,280.0,Massachusetts,2008.0,Male,0-14 years,0-14,3.0,596145.0,0.5
10540,Gonorrhea,280.0,Massachusetts,2008.0,Male,15-19 years,15-19,121.0,232123.0,52.13
10541,Gonorrhea,280.0,Massachusetts,2008.0,Male,20-24 years,20-24,300.0,230694.0,130.04
10542,Gonorrhea,280.0,Massachusetts,2008.0,Male,25-29 years,25-29,201.0,215870.0,93.11
10543,Gonorrhea,280.0,Massachusetts,2008.0,Male,30-34 years,30-34,132.0,202595.0,65.15
10544,Gonorrhea,280.0,Massachusetts,2008.0,Male,35-39 years,35-39,97.0,223293.0,43.44
10545,Gonorrhea,280.0,Massachusetts,2008.0,Male,40+ years,40+,169.0,1452456.0,11.64
10546,Gonorrhea,280.0,Massachusetts,2008.0,Male,Unknown,99,3.0,,
10547,Gonorrhea,280.0,Massachusetts,2009.0,Male,0-14 years,0-14,3.0,600626.0,0.5
10548,Gonorrhea,280.0,Massachusetts,2009.0,Male,15-19 years,15-19,129.0,234200.0,55.08
10549,Gonorrhea,280.0,Massachusetts,2009.0,Male,20-24 years,20-24,266.0,230811.0,115.25
10550,Gonorrhea,280.0,Massachusetts,2009.0,Male,25-29 years,25-29,206.0,222663.0,92.52
10551,Gonorrhea,280.0,Massachusetts,2009.0,Male,30-34 years,30-34,120.0,208249.0,57.62
10552,Gonorrhea,280.0,Massachusetts,2009.0,Male,35-39 years,35-39,91.0,218204.0,41.7
10553,Gonorrhea,280.0,Massachusetts,2009.0,Male,40+ years,40+,176.0,1490230.0,11.81
10554,Gonorrhea,280.0,Massachusetts,2009.0,Male,Unknown,99,5.0,,
10555,Gonorrhea,280.0,Massachusetts,2010.0,Male,0-14 years,0-14,2.0,591571.0,0.34
10556,Gonorrhea,280.0,Massachusetts,2010.0,Male,15-19 years,15-19,95.0,234880.0,40.45
10557,Gonorrhea,280.0,Massachusetts,2010.0,Male,20-24 years,20-24,373.0,236256.0,157.88
10558,Gonorrhea,280.0,Massachusetts,2010.0,Male,25-29 years,25-29,294.0,218255.0,134.71
10559,Gonorrhea,280.0,Massachusetts,2010.0,Male,30-34 years,30-34,199.0,198338.0,100.33
10560,Gonorrhea,280.0,Massachusetts,2010.0,Male,35-39 years,35-39,127.0,203757.0,62.33
10561,Gonorrhea,280.0,Massachusetts,2010.0,Male,40+ years,40+,386.0,1483571.0,26.02
10562,Gonorrhea,280.0,Massachusetts,2010.0,Male,Unknown,99,3.0,,
10563,Gonorrhea,280.0,Massachusetts,2011.0,Male,0-14 years,0-14,3.0,586840.0,0.51
10564,Gonorrhea,280.0,Massachusetts,2011.0,Male,15-19 years,15-19,84.0,233085.0,36.04
10565,Gonorrhea,280.0,Massachusetts,2011.0,Male,20-24 years,20-24,347.0,237131.0,146.33
10566,Gonorrhea,280.0,Massachusetts,2011.0,Male,25-29 years,25-29,253.0,225189.0,112.35
10567,Gonorrhea,280.0,Massachusetts,2011.0,Male,30-34 years,30-34,178.0,204050.0,87.23
10568,Gonorrhea,280.0,Massachusetts,2011.0,Male,35-39 years,35-39,107.0,196462.0,54.46
10569,Gonorrhea,280.0,Massachusetts,2011.0,Male,40+ years,40+,294.0,1506784.0,19.51
10570,Gonorrhea,280.0,Massachusetts,2011.0,Male,Unknown,99,3.0,,
10571,Gonorrhea,280.0,Massachusetts,2012.0,Male,0-14 years,0-14,5.0,586224.0,0.85
10572,Gonorrhea,280.0,Massachusetts,2012.0,Male,15-19 years,15-19,94.0,233906.0,40.19
10573,Gonorrhea,280.0,Massachusetts,2012.0,Male,20-24 years,20-24,420.0,238846.0,175.85
10574,Gonorrhea,280.0,Massachusetts,2012.0,Male,25-29 years,25-29,383.0,230696.0,166.02
10575,Gonorrhea,280.0,Massachusetts,2012.0,Male,30-34 years,30-34,209.0,210394.0,99.34
10576,Gonorrhea,280.0,Massachusetts,2012.0,Male,35-39 years,35-39,134.0,194644.0,68.84
10577,Gonorrhea,280.0,Massachusetts,2012.0,Male,40+ years,40+,305.0,1525663.0,19.99
10578,Gonorrhea,280.0,Massachusetts,2012.0,Male,Unknown,99,1.0,,
10579,Gonorrhea,280.0,Massachusetts,2013.0,Male,0-14 years,0-14,2.0,584494.0,0.34
10580,Gonorrhea,280.0,Massachusetts,2013.0,Male,15-19 years,15-19,136.0,230452.0,59.01
10581,Gonorrhea,280.0,Massachusetts,2013.0,Male,20-24 years,20-24,511.0,242361.0,210.84
10582,Gonorrhea,280.0,Massachusetts,2013.0,Male,25-29 years,25-29,431.0,236056.0,182.58
10583,Gonorrhea,280.0,Massachusetts,2013.0,Male,30-34 years,30-34,270.0,216477.0,124.72
10584,Gonorrhea,280.0,Massachusetts,2013.0,Male,35-39 years,35-39,163.0,195728.0,83.28
10585,Gonorrhea,280.0,Massachusetts,2013.0,Male,40+ years,40+,418.0,1539248.0,27.16
10586,Gonorrhea,280.0,Massachusetts,2013.0,Male,Unknown,99,1.0,,
10587,Gonorrhea,280.0,Massachusetts,2014.0,Male,0-14 years,0-14,3.0,584494.0,0.51
10588,Gonorrhea,280.0,Massachusetts,2014.0,Male,15-19 years,15-19,193.0,230452.0,83.75
10589,Gonorrhea,280.0,Massachusetts,2014.0,Male,20-24 years,20-24,733.0,242361.0,302.44
10590,Gonorrhea,280.0,Massachusetts,2014.0,Male,25-29 years,25-29,635.0,236056.0,269.0
10591,Gonorrhea,280.0,Massachusetts,2014.0,Male,30-34 years,30-34,335.0,216477.0,154.75
10592,Gonorrhea,280.0,Massachusetts,2014.0,Male,35-39 years,35-39,229.0,195728.0,117.0
10593,Gonorrhea,280.0,Massachusetts,2014.0,Male,40+ years,40+,459.0,1539248.0,29.82
10594,Gonorrhea,280.0,Massachusetts,2014.0,Male,Unknown,99,3.0,,
10595,Gonorrhea,280.0,Michigan,1996.0,Male,0-14 years,0-14,37.0,1097088.0,3.37
10596,Gonorrhea,280.0,Michigan,1996.0,Male,15-19 years,15-19,1445.0,359486.0,401.96
10597,Gonorrhea,280.0,Michigan,1996.0,Male,20-24 years,20-24,2361.0,324133.0,728.4
10598,Gonorrhea,280.0,Michigan,1996.0,Male,25-29 years,25-29,1421.0,346314.0,410.32
10599,Gonorrhea,280.0,Michigan,1996.0,Male,30-34 years,30-34,768.0,380255.0,201.97
10600,Gonorrhea,280.0,Michigan,1996.0,Male,35-39 years,35-39,490.0,410431.0,119.39
10601,Gonorrhea,280.0,Michigan,1996.0,Male,40+ years,40+,696.0,1850566.0,37.61
10602,Gonorrhea,280.0,Michigan,1996.0,Male,Unknown,99,172.0,,
10603,Gonorrhea,280.0,Michigan,1997.0,Male,0-14 years,0-14,55.0,1100828.0,5.0
10604,Gonorrhea,280.0,Michigan,1997.0,Male,15-19 years,15-19,1587.0,364872.0,434.95
10605,Gonorrhea,280.0,Michigan,1997.0,Male,20-24 years,20-24,2356.0,319482.0,737.44
10606,Gonorrhea,280.0,Michigan,1997.0,Male,25-29 years,25-29,1527.0,344843.0,442.81
10607,Gonorrhea,280.0,Michigan,1997.0,Male,30-34 years,30-34,827.0,370354.0,223.3
10608,Gonorrhea,280.0,Michigan,1997.0,Male,35-39 years,35-39,503.0,406853.0,123.63
10609,Gonorrhea,280.0,Michigan,1997.0,Male,40+ years,40+,704.0,1890067.0,37.25
10610,Gonorrhea,280.0,Michigan,1997.0,Male,Unknown,99,208.0,,
10611,Gonorrhea,280.0,Michigan,1998.0,Male,0-14 years,0-14,41.0,1103836.0,3.71
10612,Gonorrhea,280.0,Michigan,1998.0,Male,15-19 years,15-19,1578.0,368492.0,428.23
10613,Gonorrhea,280.0,Michigan,1998.0,Male,20-24 years,20-24,2368.0,318518.0,743.44
10614,Gonorrhea,280.0,Michigan,1998.0,Male,25-29 years,25-29,1575.0,340235.0,462.92
10615,Gonorrhea,280.0,Michigan,1998.0,Male,30-34 years,30-34,864.0,361583.0,238.95
10616,Gonorrhea,280.0,Michigan,1998.0,Male,35-39 years,35-39,620.0,401269.0,154.51
10617,Gonorrhea,280.0,Michigan,1998.0,Male,40+ years,40+,852.0,1925950.0,44.24
10618,Gonorrhea,280.0,Michigan,1998.0,Male,Unknown,99,196.0,,
10619,Gonorrhea,280.0,Michigan,1999.0,Male,0-14 years,0-14,43.0,1107799.0,3.88
10620,Gonorrhea,280.0,Michigan,1999.0,Male,15-19 years,15-19,1477.0,368555.0,400.75
10621,Gonorrhea,280.0,Michigan,1999.0,Male,20-24 years,20-24,2254.0,321467.0,701.16
10622,Gonorrhea,280.0,Michigan,1999.0,Male,25-29 years,25-29,1545.0,333847.0,462.79
10623,Gonorrhea,280.0,Michigan,1999.0,Male,30-34 years,30-34,953.0,355445.0,268.12
10624,Gonorrhea,280.0,Michigan,1999.0,Male,35-39 years,35-39,721.0,396757.0,181.72
10625,Gonorrhea,280.0,Michigan,1999.0,Male,40+ years,40+,1015.0,1965476.0,51.64
10626,Gonorrhea,280.0,Michigan,1999.0,Male,Unknown,99,128.0,,
10627,Gonorrhea,280.0,Michigan,2000.0,Male,0-14 years,0-14,45.0,1099384.0,4.09
10628,Gonorrhea,280.0,Michigan,2000.0,Male,15-19 years,15-19,1473.0,368174.0,400.08
10629,Gonorrhea,280.0,Michigan,2000.0,Male,20-24 years,20-24,2635.0,328927.0,801.09
10630,Gonorrhea,280.0,Michigan,2000.0,Male,25-29 years,25-29,1823.0,325577.0,559.93
10631,Gonorrhea,280.0,Michigan,2000.0,Male,30-34 years,30-34,1099.0,356819.0,308.0
10632,Gonorrhea,280.0,Michigan,2000.0,Male,35-39 years,35-39,697.0,391321.0,178.12
10633,Gonorrhea,280.0,Michigan,2000.0,Male,40+ years,40+,1073.0,2012229.0,53.32
10634,Gonorrhea,280.0,Michigan,2000.0,Male,Unknown,99,147.0,,
10635,Gonorrhea,280.0,Michigan,2001.0,Male,0-14 years,0-14,58.0,1095183.0,5.3
10636,Gonorrhea,280.0,Michigan,2001.0,Male,15-19 years,15-19,1406.0,369371.0,380.65
10637,Gonorrhea,280.0,Michigan,2001.0,Male,20-24 years,20-24,2433.0,339330.0,717.0
10638,Gonorrhea,280.0,Michigan,2001.0,Male,25-29 years,25-29,1578.0,315417.0,500.29
10639,Gonorrhea,280.0,Michigan,2001.0,Male,30-34 years,30-34,992.0,357905.0,277.17
10640,Gonorrhea,280.0,Michigan,2001.0,Male,35-39 years,35-39,623.0,385002.0,161.82
10641,Gonorrhea,280.0,Michigan,2001.0,Male,40+ years,40+,845.0,2047581.0,41.27
10642,Gonorrhea,280.0,Michigan,2001.0,Male,Unknown,99,128.0,,
10643,Gonorrhea,280.0,Michigan,2002.0,Male,0-14 years,0-14,48.0,1091371.0,4.4
10644,Gonorrhea,280.0,Michigan,2002.0,Male,15-19 years,15-19,1103.0,370738.0,297.51
10645,Gonorrhea,280.0,Michigan,2002.0,Male,20-24 years,20-24,2004.0,346962.0,577.59
10646,Gonorrhea,280.0,Michigan,2002.0,Male,25-29 years,25-29,1355.0,310409.0,436.52
10647,Gonorrhea,280.0,Michigan,2002.0,Male,30-34 years,30-34,858.0,357440.0,240.04
10648,Gonorrhea,280.0,Michigan,2002.0,Male,35-39 years,35-39,542.0,376449.0,143.98
10649,Gonorrhea,280.0,Michigan,2002.0,Male,40+ years,40+,784.0,2080854.0,37.68
10650,Gonorrhea,280.0,Michigan,2002.0,Male,Unknown,99,102.0,,
10651,Gonorrhea,280.0,Michigan,2003.0,Male,0-14 years,0-14,39.0,1075341.0,3.63
10652,Gonorrhea,280.0,Michigan,2003.0,Male,15-19 years,15-19,1165.0,373450.0,311.96
10653,Gonorrhea,280.0,Michigan,2003.0,Male,20-24 years,20-24,1895.0,356942.0,530.9
10654,Gonorrhea,280.0,Michigan,2003.0,Male,25-29 years,25-29,1122.0,312738.0,358.77
10655,Gonorrhea,280.0,Michigan,2003.0,Male,30-34 years,30-34,732.0,348173.0,210.24
10656,Gonorrhea,280.0,Michigan,2003.0,Male,35-39 years,35-39,440.0,367840.0,119.62
10657,Gonorrhea,280.0,Michigan,2003.0,Male,40+ years,40+,664.0,2117327.0,31.36
10658,Gonorrhea,280.0,Michigan,2003.0,Male,Unknown,99,84.0,,
10659,Gonorrhea,280.0,Michigan,2004.0,Male,0-14 years,0-14,38.0,1070220.0,3.55
10660,Gonorrhea,280.0,Michigan,2004.0,Male,15-19 years,15-19,1351.0,376963.0,358.39
10661,Gonorrhea,280.0,Michigan,2004.0,Male,20-24 years,20-24,2185.0,358623.0,609.27
10662,Gonorrhea,280.0,Michigan,2004.0,Male,25-29 years,25-29,1439.0,318695.0,451.53
10663,Gonorrhea,280.0,Michigan,2004.0,Male,30-34 years,30-34,999.0,339160.0,294.55
10664,Gonorrhea,280.0,Michigan,2004.0,Male,35-39 years,35-39,662.0,359711.0,184.04
10665,Gonorrhea,280.0,Michigan,2004.0,Male,40+ years,40+,1024.0,2145291.0,47.73
10666,Gonorrhea,280.0,Michigan,2004.0,Male,Unknown,99,64.0,,
10667,Gonorrhea,280.0,Michigan,2005.0,Male,0-14 years,0-14,34.0,1058413.0,3.21
10668,Gonorrhea,280.0,Michigan,2005.0,Male,15-19 years,15-19,1409.0,382062.0,368.79
10669,Gonorrhea,280.0,Michigan,2005.0,Male,20-24 years,20-24,2185.0,357902.0,610.5
10670,Gonorrhea,280.0,Michigan,2005.0,Male,25-29 years,25-29,1403.0,325931.0,430.46
10671,Gonorrhea,280.0,Michigan,2005.0,Male,30-34 years,30-34,861.0,326585.0,263.64
10672,Gonorrhea,280.0,Michigan,2005.0,Male,35-39 years,35-39,597.0,356201.0,167.6
10673,Gonorrhea,280.0,Michigan,2005.0,Male,40+ years,40+,957.0,2168623.0,44.13
10674,Gonorrhea,280.0,Michigan,2005.0,Male,Unknown,99,22.0,,
10675,Gonorrhea,280.0,Michigan,2006.0,Male,0-14 years,0-14,27.0,1033986.0,2.61
10676,Gonorrhea,280.0,Michigan,2006.0,Male,15-19 years,15-19,1361.0,381382.0,356.86
10677,Gonorrhea,280.0,Michigan,2006.0,Male,20-24 years,20-24,1929.0,356799.0,540.64
10678,Gonorrhea,280.0,Michigan,2006.0,Male,25-29 years,25-29,1268.0,329782.0,384.5
10679,Gonorrhea,280.0,Michigan,2006.0,Male,30-34 years,30-34,731.0,314285.0,232.59
10680,Gonorrhea,280.0,Michigan,2006.0,Male,35-39 years,35-39,539.0,351780.0,153.22
10681,Gonorrhea,280.0,Michigan,2006.0,Male,40+ years,40+,877.0,2201678.0,39.83
10682,Gonorrhea,280.0,Michigan,2006.0,Male,Unknown,99,6.0,,
10683,Gonorrhea,280.0,Michigan,2007.0,Male,0-14 years,0-14,43.0,1017273.0,4.23
10684,Gonorrhea,280.0,Michigan,2007.0,Male,15-19 years,15-19,1491.0,382287.0,390.02
10685,Gonorrhea,280.0,Michigan,2007.0,Male,20-24 years,20-24,1803.0,349484.0,515.9
10686,Gonorrhea,280.0,Michigan,2007.0,Male,25-29 years,25-29,1163.0,333245.0,348.99
10687,Gonorrhea,280.0,Michigan,2007.0,Male,30-34 years,30-34,640.0,305638.0,209.4
10688,Gonorrhea,280.0,Michigan,2007.0,Male,35-39 years,35-39,503.0,347051.0,144.94
10689,Gonorrhea,280.0,Michigan,2007.0,Male,40+ years,40+,789.0,2224752.0,35.46
10690,Gonorrhea,280.0,Michigan,2007.0,Male,Unknown,99,15.0,,
10691,Gonorrhea,280.0,Michigan,2008.0,Male,0-14 years,0-14,34.0,995706.0,3.41
10692,Gonorrhea,280.0,Michigan,2008.0,Male,15-19 years,15-19,1669.0,378145.0,441.37
10693,Gonorrhea,280.0,Michigan,2008.0,Male,20-24 years,20-24,2022.0,345067.0,585.97
10694,Gonorrhea,280.0,Michigan,2008.0,Male,25-29 years,25-29,1208.0,328677.0,367.53
10695,Gonorrhea,280.0,Michigan,2008.0,Male,30-34 years,30-34,695.0,301768.0,230.31
10696,Gonorrhea,280.0,Michigan,2008.0,Male,35-39 years,35-39,469.0,335829.0,139.65
10697,Gonorrhea,280.0,Michigan,2008.0,Male,40+ years,40+,759.0,2238737.0,33.9
10698,Gonorrhea,280.0,Michigan,2008.0,Male,Unknown,99,20.0,,
10699,Gonorrhea,280.0,Michigan,2009.0,Male,0-14 years,0-14,34.0,981456.0,3.46
10700,Gonorrhea,280.0,Michigan,2009.0,Male,15-19 years,15-19,1511.0,374838.0,403.11
10701,Gonorrhea,280.0,Michigan,2009.0,Male,20-24 years,20-24,1860.0,352269.0,528.01
10702,Gonorrhea,280.0,Michigan,2009.0,Male,25-29 years,25-29,992.0,316563.0,313.37
10703,Gonorrhea,280.0,Michigan,2009.0,Male,30-34 years,30-34,602.0,292112.0,206.09
10704,Gonorrhea,280.0,Michigan,2009.0,Male,35-39 years,35-39,358.0,320849.0,111.58
10705,Gonorrhea,280.0,Michigan,2009.0,Male,40+ years,40+,638.0,2264767.0,28.17
10706,Gonorrhea,280.0,Michigan,2009.0,Male,Unknown,99,9.0,,
10707,Gonorrhea,280.0,Michigan,2010.0,Male,0-14 years,0-14,19.0,976290.0,1.95
10708,Gonorrhea,280.0,Michigan,2010.0,Male,15-19 years,15-19,1435.0,379477.0,378.15
10709,Gonorrhea,280.0,Michigan,2010.0,Male,20-24 years,20-24,1882.0,338569.0,555.87
10710,Gonorrhea,280.0,Michigan,2010.0,Male,25-29 years,25-29,927.0,295323.0,313.89
10711,Gonorrhea,280.0,Michigan,2010.0,Male,30-34 years,30-34,525.0,285510.0,183.88
10712,Gonorrhea,280.0,Michigan,2010.0,Male,35-39 years,35-39,296.0,302902.0,97.72
10713,Gonorrhea,280.0,Michigan,2010.0,Male,40+ years,40+,541.0,2270043.0,23.83
10714,Gonorrhea,280.0,Michigan,2010.0,Male,Unknown,99,9.0,,
10715,Gonorrhea,280.0,Michigan,2011.0,Male,0-14 years,0-14,36.0,958573.0,3.76
10716,Gonorrhea,280.0,Michigan,2011.0,Male,15-19 years,15-19,1192.0,367461.0,324.39
10717,Gonorrhea,280.0,Michigan,2011.0,Male,20-24 years,20-24,1833.0,353712.0,518.22
10718,Gonorrhea,280.0,Michigan,2011.0,Male,25-29 years,25-29,795.0,294686.0,269.78
10719,Gonorrhea,280.0,Michigan,2011.0,Male,30-34 years,30-34,493.0,289758.0,170.14
10720,Gonorrhea,280.0,Michigan,2011.0,Male,35-39 years,35-39,311.0,286916.0,108.39
10721,Gonorrhea,280.0,Michigan,2011.0,Male,40+ years,40+,616.0,2294839.0,26.84
10722,Gonorrhea,280.0,Michigan,2011.0,Male,Unknown,99,5.0,,
10723,Gonorrhea,280.0,Michigan,2012.0,Male,0-14 years,0-14,28.0,948351.0,2.95
10724,Gonorrhea,280.0,Michigan,2012.0,Male,15-19 years,15-19,1086.0,357978.0,303.37
10725,Gonorrhea,280.0,Michigan,2012.0,Male,20-24 years,20-24,1895.0,361626.0,524.02
10726,Gonorrhea,280.0,Michigan,2012.0,Male,25-29 years,25-29,913.0,296508.0,307.92
10727,Gonorrhea,280.0,Michigan,2012.0,Male,30-34 years,30-34,483.0,292488.0,165.13
10728,Gonorrhea,280.0,Michigan,2012.0,Male,35-39 years,35-39,315.0,280987.0,112.11
10729,Gonorrhea,280.0,Michigan,2012.0,Male,40+ years,40+,649.0,2312573.0,28.06
10730,Gonorrhea,280.0,Michigan,2012.0,Male,Unknown,99,3.0,,
10731,Gonorrhea,280.0,Michigan,2013.0,Male,0-14 years,0-14,17.0,940666.0,1.81
10732,Gonorrhea,280.0,Michigan,2013.0,Male,15-19 years,15-19,864.0,351366.0,245.9
10733,Gonorrhea,280.0,Michigan,2013.0,Male,20-24 years,20-24,1668.0,368008.0,453.25
10734,Gonorrhea,280.0,Michigan,2013.0,Male,25-29 years,25-29,883.0,300226.0,294.11
10735,Gonorrhea,280.0,Michigan,2013.0,Male,30-34 years,30-34,463.0,294158.0,157.4
10736,Gonorrhea,280.0,Michigan,2013.0,Male,35-39 years,35-39,279.0,278989.0,100.0
10737,Gonorrhea,280.0,Michigan,2013.0,Male,40+ years,40+,513.0,2325871.0,22.06
10738,Gonorrhea,280.0,Michigan,2013.0,Male,Unknown,99,7.0,,
10739,Gonorrhea,280.0,Michigan,2014.0,Male,0-14 years,0-14,16.0,940666.0,1.7
10740,Gonorrhea,280.0,Michigan,2014.0,Male,15-19 years,15-19,731.0,351366.0,208.04
10741,Gonorrhea,280.0,Michigan,2014.0,Male,20-24 years,20-24,1540.0,368008.0,418.47
10742,Gonorrhea,280.0,Michigan,2014.0,Male,25-29 years,25-29,896.0,300226.0,298.44
10743,Gonorrhea,280.0,Michigan,2014.0,Male,30-34 years,30-34,505.0,294158.0,171.68
10744,Gonorrhea,280.0,Michigan,2014.0,Male,35-39 years,35-39,286.0,278989.0,102.51
10745,Gonorrhea,280.0,Michigan,2014.0,Male,40+ years,40+,563.0,2325871.0,24.21
10746,Gonorrhea,280.0,Michigan,2014.0,Male,Unknown,99,14.0,,
10747,Gonorrhea,280.0,Minnesota,1996.0,Male,0-14 years,0-14,7.0,532260.0,1.32
10748,Gonorrhea,280.0,Minnesota,1996.0,Male,15-19 years,15-19,247.0,176304.0,140.1
10749,Gonorrhea,280.0,Minnesota,1996.0,Male,20-24 years,20-24,338.0,147041.0,229.87
10750,Gonorrhea,280.0,Minnesota,1996.0,Male,25-29 years,25-29,243.0,165441.0,146.88
10751,Gonorrhea,280.0,Minnesota,1996.0,Male,30-34 years,30-34,184.0,199083.0,92.42
10752,Gonorrhea,280.0,Minnesota,1996.0,Male,35-39 years,35-39,137.0,213148.0,64.27
10753,Gonorrhea,280.0,Minnesota,1996.0,Male,40+ years,40+,159.0,891121.0,17.84
10754,Gonorrhea,280.0,Minnesota,1997.0,Male,0-14 years,0-14,3.0,534569.0,0.56
10755,Gonorrhea,280.0,Minnesota,1997.0,Male,15-19 years,15-19,200.0,182596.0,109.53
10756,Gonorrhea,280.0,Minnesota,1997.0,Male,20-24 years,20-24,297.0,149021.0,199.3
10757,Gonorrhea,280.0,Minnesota,1997.0,Male,25-29 years,25-29,211.0,164451.0,128.31
10758,Gonorrhea,280.0,Minnesota,1997.0,Male,30-34 years,30-34,186.0,191325.0,97.22
10759,Gonorrhea,280.0,Minnesota,1997.0,Male,35-39 years,35-39,117.0,214084.0,54.65
10760,Gonorrhea,280.0,Minnesota,1997.0,Male,40+ years,40+,105.0,915079.0,11.47
10761,Gonorrhea,280.0,Minnesota,1998.0,Male,0-14 years,0-14,5.0,539066.0,0.93
10762,Gonorrhea,280.0,Minnesota,1998.0,Male,15-19 years,15-19,250.0,187654.0,133.22
10763,Gonorrhea,280.0,Minnesota,1998.0,Male,20-24 years,20-24,354.0,153110.0,231.21
10764,Gonorrhea,280.0,Minnesota,1998.0,Male,25-29 years,25-29,254.0,163085.0,155.75
10765,Gonorrhea,280.0,Minnesota,1998.0,Male,30-34 years,30-34,168.0,183726.0,91.44
10766,Gonorrhea,280.0,Minnesota,1998.0,Male,35-39 years,35-39,119.0,212985.0,55.87
10767,Gonorrhea,280.0,Minnesota,1998.0,Male,40+ years,40+,115.0,937772.0,12.26
10768,Gonorrhea,280.0,Minnesota,1999.0,Male,0-14 years,0-14,4.0,542420.0,0.74
10769,Gonorrhea,280.0,Minnesota,1999.0,Male,15-19 years,15-19,246.0,190172.0,129.36
10770,Gonorrhea,280.0,Minnesota,1999.0,Male,20-24 years,20-24,379.0,159444.0,237.7
10771,Gonorrhea,280.0,Minnesota,1999.0,Male,25-29 years,25-29,283.0,162285.0,174.38
10772,Gonorrhea,280.0,Minnesota,1999.0,Male,30-34 years,30-34,171.0,179332.0,95.35
10773,Gonorrhea,280.0,Minnesota,1999.0,Male,35-39 years,35-39,141.0,211214.0,66.76
10774,Gonorrhea,280.0,Minnesota,1999.0,Male,40+ years,40+,111.0,965683.0,11.49
10775,Gonorrhea,280.0,Minnesota,2000.0,Male,0-14 years,0-14,7.0,537016.0,1.3
10776,Gonorrhea,280.0,Minnesota,2000.0,Male,15-19 years,15-19,238.0,191586.0,124.23
10777,Gonorrhea,280.0,Minnesota,2000.0,Male,20-24 years,20-24,425.0,166660.0,255.01
10778,Gonorrhea,280.0,Minnesota,2000.0,Male,25-29 years,25-29,285.0,161964.0,175.97
10779,Gonorrhea,280.0,Minnesota,2000.0,Male,30-34 years,30-34,216.0,179873.0,120.08
10780,Gonorrhea,280.0,Minnesota,2000.0,Male,35-39 years,35-39,142.0,207709.0,68.36
10781,Gonorrhea,280.0,Minnesota,2000.0,Male,40+ years,40+,166.0,998432.0,16.63
10782,Gonorrhea,280.0,Minnesota,2001.0,Male,0-14 years,0-14,5.0,532193.0,0.94
10783,Gonorrhea,280.0,Minnesota,2001.0,Male,15-19 years,15-19,200.0,193219.0,103.51
10784,Gonorrhea,280.0,Minnesota,2001.0,Male,20-24 years,20-24,382.0,173112.0,220.67
10785,Gonorrhea,280.0,Minnesota,2001.0,Male,25-29 years,25-29,248.0,160122.0,154.88
10786,Gonorrhea,280.0,Minnesota,2001.0,Male,30-34 years,30-34,159.0,181174.0,87.76
10787,Gonorrhea,280.0,Minnesota,2001.0,Male,35-39 years,35-39,121.0,202683.0,59.7
10788,Gonorrhea,280.0,Minnesota,2001.0,Male,40+ years,40+,125.0,1026723.0,12.17
10789,Gonorrhea,280.0,Minnesota,2002.0,Male,0-14 years,0-14,5.0,526135.0,0.95
10790,Gonorrhea,280.0,Minnesota,2002.0,Male,15-19 years,15-19,200.0,193270.0,103.48
10791,Gonorrhea,280.0,Minnesota,2002.0,Male,20-24 years,20-24,357.0,180782.0,197.47
10792,Gonorrhea,280.0,Minnesota,2002.0,Male,25-29 years,25-29,274.0,160379.0,170.84
10793,Gonorrhea,280.0,Minnesota,2002.0,Male,30-34 years,30-34,175.0,181108.0,96.63
10794,Gonorrhea,280.0,Minnesota,2002.0,Male,35-39 years,35-39,162.0,196567.0,82.41
10795,Gonorrhea,280.0,Minnesota,2002.0,Male,40+ years,40+,188.0,1049131.0,17.92
10796,Gonorrhea,280.0,Minnesota,2003.0,Male,0-14 years,0-14,4.0,525226.0,0.76
10797,Gonorrhea,280.0,Minnesota,2003.0,Male,15-19 years,15-19,224.0,193023.0,116.05
10798,Gonorrhea,280.0,Minnesota,2003.0,Male,20-24 years,20-24,401.0,188099.0,213.19
10799,Gonorrhea,280.0,Minnesota,2003.0,Male,25-29 years,25-29,266.0,163650.0,162.54
10800,Gonorrhea,280.0,Minnesota,2003.0,Male,30-34 years,30-34,204.0,178572.0,114.24
10801,Gonorrhea,280.0,Minnesota,2003.0,Male,35-39 years,35-39,132.0,190366.0,69.34
10802,Gonorrhea,280.0,Minnesota,2003.0,Male,40+ years,40+,187.0,1070196.0,17.47
10803,Gonorrhea,280.0,Minnesota,2004.0,Male,0-14 years,0-14,2.0,521952.0,0.38
10804,Gonorrhea,280.0,Minnesota,2004.0,Male,15-19 years,15-19,178.0,192537.0,92.45
10805,Gonorrhea,280.0,Minnesota,2004.0,Male,20-24 years,20-24,347.0,192535.0,180.23
10806,Gonorrhea,280.0,Minnesota,2004.0,Male,25-29 years,25-29,233.0,169580.0,137.4
10807,Gonorrhea,280.0,Minnesota,2004.0,Male,30-34 years,30-34,173.0,175731.0,98.45
10808,Gonorrhea,280.0,Minnesota,2004.0,Male,35-39 years,35-39,115.0,186402.0,61.69
10809,Gonorrhea,280.0,Minnesota,2004.0,Male,40+ years,40+,197.0,1093181.0,18.02
10810,Gonorrhea,280.0,Minnesota,2005.0,Male,0-14 years,0-14,8.0,516011.0,1.55
10811,Gonorrhea,280.0,Minnesota,2005.0,Male,15-19 years,15-19,182.0,191943.0,94.82
10812,Gonorrhea,280.0,Minnesota,2005.0,Male,20-24 years,20-24,417.0,194603.0,214.28
10813,Gonorrhea,280.0,Minnesota,2005.0,Male,25-29 years,25-29,312.0,176076.0,177.2
10814,Gonorrhea,280.0,Minnesota,2005.0,Male,30-34 years,30-34,196.0,172623.0,113.54
10815,Gonorrhea,280.0,Minnesota,2005.0,Male,35-39 years,35-39,160.0,185052.0,86.46
10816,Gonorrhea,280.0,Minnesota,2005.0,Male,40+ years,40+,298.0,1112084.0,26.8
10817,Gonorrhea,280.0,Minnesota,2006.0,Male,0-14 years,0-14,3.0,527291.0,0.57
10818,Gonorrhea,280.0,Minnesota,2006.0,Male,15-19 years,15-19,210.0,190114.0,110.46
10819,Gonorrhea,280.0,Minnesota,2006.0,Male,20-24 years,20-24,416.0,190657.0,218.19
10820,Gonorrhea,280.0,Minnesota,2006.0,Male,25-29 years,25-29,320.0,182491.0,175.35
10821,Gonorrhea,280.0,Minnesota,2006.0,Male,30-34 years,30-34,192.0,165112.0,116.28
10822,Gonorrhea,280.0,Minnesota,2006.0,Male,35-39 years,35-39,124.0,181521.0,68.31
10823,Gonorrhea,280.0,Minnesota,2006.0,Male,40+ years,40+,224.0,1131683.0,19.79
10824,Gonorrhea,280.0,Minnesota,2007.0,Male,0-14 years,0-14,4.0,530156.0,0.75
10825,Gonorrhea,280.0,Minnesota,2007.0,Male,15-19 years,15-19,227.0,189793.0,119.6
10826,Gonorrhea,280.0,Minnesota,2007.0,Male,20-24 years,20-24,420.0,183401.0,229.01
10827,Gonorrhea,280.0,Minnesota,2007.0,Male,25-29 years,25-29,331.0,188522.0,175.58
10828,Gonorrhea,280.0,Minnesota,2007.0,Male,30-34 years,30-34,212.0,165838.0,127.84
10829,Gonorrhea,280.0,Minnesota,2007.0,Male,35-39 years,35-39,120.0,180434.0,66.51
10830,Gonorrhea,280.0,Minnesota,2007.0,Male,40+ years,40+,215.0,1150114.0,18.69
10831,Gonorrhea,280.0,Minnesota,2008.0,Male,0-14 years,0-14,3.0,529901.0,0.57
10832,Gonorrhea,280.0,Minnesota,2008.0,Male,15-19 years,15-19,234.0,187196.0,125.0
10833,Gonorrhea,280.0,Minnesota,2008.0,Male,20-24 years,20-24,404.0,182290.0,221.62
10834,Gonorrhea,280.0,Minnesota,2008.0,Male,25-29 years,25-29,277.0,191716.0,144.49
10835,Gonorrhea,280.0,Minnesota,2008.0,Male,30-34 years,30-34,166.0,167764.0,98.95
10836,Gonorrhea,280.0,Minnesota,2008.0,Male,35-39 years,35-39,121.0,176796.0,68.44
10837,Gonorrhea,280.0,Minnesota,2008.0,Male,40+ years,40+,175.0,1164236.0,15.03
10838,Gonorrhea,280.0,Minnesota,2009.0,Male,0-14 years,0-14,1.0,534362.0,0.19
10839,Gonorrhea,280.0,Minnesota,2009.0,Male,15-19 years,15-19,183.0,187411.0,97.65
10840,Gonorrhea,280.0,Minnesota,2009.0,Male,20-24 years,20-24,314.0,188154.0,166.88
10841,Gonorrhea,280.0,Minnesota,2009.0,Male,25-29 years,25-29,214.0,191579.0,111.7
10842,Gonorrhea,280.0,Minnesota,2009.0,Male,30-34 years,30-34,120.0,169415.0,70.83
10843,Gonorrhea,280.0,Minnesota,2009.0,Male,35-39 years,35-39,83.0,170556.0,48.66
10844,Gonorrhea,280.0,Minnesota,2009.0,Male,40+ years,40+,118.0,1179093.0,10.01
10845,Gonorrhea,280.0,Minnesota,2010.0,Male,0-14 years,0-14,2.0,543312.0,0.37
10846,Gonorrhea,280.0,Minnesota,2010.0,Male,15-19 years,15-19,163.0,188594.0,86.43
10847,Gonorrhea,280.0,Minnesota,2010.0,Male,20-24 years,20-24,294.0,180725.0,162.68
10848,Gonorrhea,280.0,Minnesota,2010.0,Male,25-29 years,25-29,168.0,187562.0,89.57
10849,Gonorrhea,280.0,Minnesota,2010.0,Male,30-34 years,30-34,89.0,174549.0,50.99
10850,Gonorrhea,280.0,Minnesota,2010.0,Male,35-39 years,35-39,66.0,165815.0,39.8
10851,Gonorrhea,280.0,Minnesota,2010.0,Male,40+ years,40+,89.0,1191575.0,7.47
10852,Gonorrhea,280.0,Minnesota,2011.0,Male,0-14 years,0-14,2.0,542265.0,0.37
10853,Gonorrhea,280.0,Minnesota,2011.0,Male,15-19 years,15-19,157.0,187755.0,83.62
10854,Gonorrhea,280.0,Minnesota,2011.0,Male,20-24 years,20-24,321.0,181081.0,177.27
10855,Gonorrhea,280.0,Minnesota,2011.0,Male,25-29 years,25-29,206.0,188078.0,109.53
10856,Gonorrhea,280.0,Minnesota,2011.0,Male,30-34 years,30-34,112.0,181316.0,61.77
10857,Gonorrhea,280.0,Minnesota,2011.0,Male,35-39 years,35-39,63.0,161045.0,39.12
10858,Gonorrhea,280.0,Minnesota,2011.0,Male,40+ years,40+,129.0,1213363.0,10.63
10859,Gonorrhea,280.0,Minnesota,2012.0,Male,0-14 years,0-14,4.0,542651.0,0.74
10860,Gonorrhea,280.0,Minnesota,2012.0,Male,15-19 years,15-19,202.0,185116.0,109.12
10861,Gonorrhea,280.0,Minnesota,2012.0,Male,20-24 years,20-24,416.0,183069.0,227.24
10862,Gonorrhea,280.0,Minnesota,2012.0,Male,25-29 years,25-29,289.0,186454.0,155.0
10863,Gonorrhea,280.0,Minnesota,2012.0,Male,30-34 years,30-34,161.0,186611.0,86.28
10864,Gonorrhea,280.0,Minnesota,2012.0,Male,35-39 years,35-39,107.0,161818.0,66.12
10865,Gonorrhea,280.0,Minnesota,2012.0,Male,40+ years,40+,216.0,1226450.0,17.61
10866,Gonorrhea,280.0,Minnesota,2013.0,Male,0-14 years,0-14,8.0,544964.0,1.47
10867,Gonorrhea,280.0,Minnesota,2013.0,Male,15-19 years,15-19,287.0,182826.0,156.98
10868,Gonorrhea,280.0,Minnesota,2013.0,Male,20-24 years,20-24,554.0,183607.0,301.73
10869,Gonorrhea,280.0,Minnesota,2013.0,Male,25-29 years,25-29,360.0,185675.0,193.89
10870,Gonorrhea,280.0,Minnesota,2013.0,Male,30-34 years,30-34,226.0,190981.0,118.34
10871,Gonorrhea,280.0,Minnesota,2013.0,Male,35-39 years,35-39,134.0,165686.0,80.88
10872,Gonorrhea,280.0,Minnesota,2013.0,Male,40+ years,40+,266.0,1239560.0,21.46
10873,Gonorrhea,280.0,Minnesota,2014.0,Male,0-14 years,0-14,7.0,544964.0,1.28
10874,Gonorrhea,280.0,Minnesota,2014.0,Male,15-19 years,15-19,270.0,182826.0,147.68
10875,Gonorrhea,280.0,Minnesota,2014.0,Male,20-24 years,20-24,652.0,183607.0,355.11
10876,Gonorrhea,280.0,Minnesota,2014.0,Male,25-29 years,25-29,473.0,185675.0,254.75
10877,Gonorrhea,280.0,Minnesota,2014.0,Male,30-34 years,30-34,298.0,190981.0,156.04
10878,Gonorrhea,280.0,Minnesota,2014.0,Male,35-39 years,35-39,187.0,165686.0,112.86
10879,Gonorrhea,280.0,Minnesota,2014.0,Male,40+ years,40+,373.0,1239560.0,30.09
10880,Gonorrhea,280.0,Mississippi,1996.0,Male,0-14 years,0-14,62.0,321648.0,19.28
10881,Gonorrhea,280.0,Mississippi,1996.0,Male,15-19 years,15-19,770.0,118348.0,650.62
10882,Gonorrhea,280.0,Mississippi,1996.0,Male,20-24 years,20-24,1039.0,105305.0,986.66
10883,Gonorrhea,280.0,Mississippi,1996.0,Male,25-29 years,25-29,543.0,93729.0,579.33
10884,Gonorrhea,280.0,Mississippi,1996.0,Male,30-34 years,30-34,301.0,94044.0,320.06
10885,Gonorrhea,280.0,Mississippi,1996.0,Male,35-39 years,35-39,214.0,102924.0,207.92
10886,Gonorrhea,280.0,Mississippi,1996.0,Male,40+ years,40+,353.0,485740.0,72.67
10887,Gonorrhea,280.0,Mississippi,1997.0,Male,0-14 years,0-14,87.0,323341.0,26.91
10888,Gonorrhea,280.0,Mississippi,1997.0,Male,15-19 years,15-19,1029.0,119972.0,857.7
10889,Gonorrhea,280.0,Mississippi,1997.0,Male,20-24 years,20-24,1274.0,104195.0,1222.71
10890,Gonorrhea,280.0,Mississippi,1997.0,Male,25-29 years,25-29,599.0,96111.0,623.24
10891,Gonorrhea,280.0,Mississippi,1997.0,Male,30-34 years,30-34,387.0,91891.0,421.15
10892,Gonorrhea,280.0,Mississippi,1997.0,Male,35-39 years,35-39,301.0,103077.0,292.01
10893,Gonorrhea,280.0,Mississippi,1997.0,Male,40+ years,40+,421.0,498023.0,84.53
10894,Gonorrhea,280.0,Mississippi,1998.0,Male,0-14 years,0-14,83.0,323529.0,25.65
10895,Gonorrhea,280.0,Mississippi,1998.0,Male,15-19 years,15-19,1081.0,120775.0,895.05
10896,Gonorrhea,280.0,Mississippi,1998.0,Male,20-24 years,20-24,1488.0,104822.0,1419.55
10897,Gonorrhea,280.0,Mississippi,1998.0,Male,25-29 years,25-29,743.0,96733.0,768.09
10898,Gonorrhea,280.0,Mississippi,1998.0,Male,30-34 years,30-34,400.0,90831.0,440.38
10899,Gonorrhea,280.0,Mississippi,1998.0,Male,35-39 years,35-39,321.0,103560.0,309.96
10900,Gonorrhea,280.0,Mississippi,1998.0,Male,40+ years,40+,543.0,510461.0,106.37
10901,Gonorrhea,280.0,Mississippi,1999.0,Male,0-14 years,0-14,57.0,325835.0,17.49
10902,Gonorrhea,280.0,Mississippi,1999.0,Male,15-19 years,15-19,1023.0,120077.0,851.95
10903,Gonorrhea,280.0,Mississippi,1999.0,Male,20-24 years,20-24,1353.0,105623.0,1280.97
10904,Gonorrhea,280.0,Mississippi,1999.0,Male,25-29 years,25-29,710.0,95608.0,742.62
10905,Gonorrhea,280.0,Mississippi,1999.0,Male,30-34 years,30-34,353.0,90793.0,388.8
10906,Gonorrhea,280.0,Mississippi,1999.0,Male,35-39 years,35-39,288.0,103572.0,278.07
10907,Gonorrhea,280.0,Mississippi,1999.0,Male,40+ years,40+,428.0,522319.0,81.94
10908,Gonorrhea,280.0,Mississippi,2000.0,Male,0-14 years,0-14,34.0,321263.0,10.58
10909,Gonorrhea,280.0,Mississippi,2000.0,Male,15-19 years,15-19,853.0,117570.0,725.52
10910,Gonorrhea,280.0,Mississippi,2000.0,Male,20-24 years,20-24,1266.0,109026.0,1161.19
10911,Gonorrhea,280.0,Mississippi,2000.0,Male,25-29 years,25-29,602.0,94181.0,639.2
10912,Gonorrhea,280.0,Mississippi,2000.0,Male,30-34 years,30-34,285.0,93166.0,305.91
10913,Gonorrhea,280.0,Mississippi,2000.0,Male,35-39 years,35-39,216.0,103155.0,209.39
10914,Gonorrhea,280.0,Mississippi,2000.0,Male,40+ years,40+,271.0,537140.0,50.45
10915,Gonorrhea,280.0,Mississippi,2000.0,Male,Unknown,99,59.0,,
10916,Gonorrhea,280.0,Mississippi,2001.0,Male,0-14 years,0-14,30.0,322954.0,9.29
10917,Gonorrhea,280.0,Mississippi,2001.0,Male,15-19 years,15-19,664.0,114591.0,579.45
10918,Gonorrhea,280.0,Mississippi,2001.0,Male,20-24 years,20-24,1095.0,114039.0,960.2
10919,Gonorrhea,280.0,Mississippi,2001.0,Male,25-29 years,25-29,509.0,93228.0,545.97
10920,Gonorrhea,280.0,Mississippi,2001.0,Male,30-34 years,30-34,266.0,93039.0,285.9
10921,Gonorrhea,280.0,Mississippi,2001.0,Male,35-39 years,35-39,194.0,100506.0,193.02
10922,Gonorrhea,280.0,Mississippi,2001.0,Male,40+ years,40+,298.0,544078.0,54.77
10923,Gonorrhea,280.0,Mississippi,2001.0,Male,Unknown,99,40.0,,
10924,Gonorrhea,280.0,Mississippi,2002.0,Male,0-14 years,0-14,33.0,322112.0,10.24
10925,Gonorrhea,280.0,Mississippi,2002.0,Male,15-19 years,15-19,590.0,112347.0,525.16
10926,Gonorrhea,280.0,Mississippi,2002.0,Male,20-24 years,20-24,932.0,117366.0,794.1
10927,Gonorrhea,280.0,Mississippi,2002.0,Male,25-29 years,25-29,432.0,93795.0,460.58
10928,Gonorrhea,280.0,Mississippi,2002.0,Male,30-34 years,30-34,222.0,93885.0,236.46
10929,Gonorrhea,280.0,Mississippi,2002.0,Male,35-39 years,35-39,169.0,97608.0,173.14
10930,Gonorrhea,280.0,Mississippi,2002.0,Male,40+ years,40+,271.0,551766.0,49.12
10931,Gonorrhea,280.0,Mississippi,2002.0,Male,Unknown,99,25.0,,
10932,Gonorrhea,280.0,Mississippi,2003.0,Male,0-14 years,0-14,20.0,323229.0,6.19
10933,Gonorrhea,280.0,Mississippi,2003.0,Male,15-19 years,15-19,587.0,110788.0,529.84
10934,Gonorrhea,280.0,Mississippi,2003.0,Male,20-24 years,20-24,870.0,119050.0,730.78
10935,Gonorrhea,280.0,Mississippi,2003.0,Male,25-29 years,25-29,439.0,95860.0,457.96
10936,Gonorrhea,280.0,Mississippi,2003.0,Male,30-34 years,30-34,221.0,92387.0,239.21
10937,Gonorrhea,280.0,Mississippi,2003.0,Male,35-39 years,35-39,144.0,94200.0,152.87
10938,Gonorrhea,280.0,Mississippi,2003.0,Male,40+ years,40+,265.0,560702.0,47.26
10939,Gonorrhea,280.0,Mississippi,2003.0,Male,Unknown,99,25.0,,
10940,Gonorrhea,280.0,Mississippi,2004.0,Male,0-14 years,0-14,25.0,317688.0,7.87
10941,Gonorrhea,280.0,Mississippi,2004.0,Male,15-19 years,15-19,613.0,110551.0,554.5
10942,Gonorrhea,280.0,Mississippi,2004.0,Male,20-24 years,20-24,1012.0,119775.0,844.92
10943,Gonorrhea,280.0,Mississippi,2004.0,Male,25-29 years,25-29,505.0,100216.0,503.91
10944,Gonorrhea,280.0,Mississippi,2004.0,Male,30-34 years,30-34,243.0,92647.0,262.29
10945,Gonorrhea,280.0,Mississippi,2004.0,Male,35-39 years,35-39,133.0,92903.0,143.16
10946,Gonorrhea,280.0,Mississippi,2004.0,Male,40+ years,40+,262.0,574953.0,45.57
10947,Gonorrhea,280.0,Mississippi,2004.0,Male,Unknown,99,8.0,,
10948,Gonorrhea,280.0,Mississippi,2005.0,Male,0-14 years,0-14,18.0,316089.0,5.69
10949,Gonorrhea,280.0,Mississippi,2005.0,Male,15-19 years,15-19,586.0,110590.0,529.88
10950,Gonorrhea,280.0,Mississippi,2005.0,Male,20-24 years,20-24,1009.0,117168.0,861.16
10951,Gonorrhea,280.0,Mississippi,2005.0,Male,25-29 years,25-29,570.0,104918.0,543.28
10952,Gonorrhea,280.0,Mississippi,2005.0,Male,30-34 years,30-34,284.0,91627.0,309.95
10953,Gonorrhea,280.0,Mississippi,2005.0,Male,35-39 years,35-39,156.0,92249.0,169.11
10954,Gonorrhea,280.0,Mississippi,2005.0,Male,40+ years,40+,306.0,585972.0,52.22
10955,Gonorrhea,280.0,Mississippi,2005.0,Male,Unknown,99,8.0,,
10956,Gonorrhea,280.0,Mississippi,2006.0,Male,0-14 years,0-14,16.0,319087.0,5.01
10957,Gonorrhea,280.0,Mississippi,2006.0,Male,15-19 years,15-19,746.0,112574.0,662.67
10958,Gonorrhea,280.0,Mississippi,2006.0,Male,20-24 years,20-24,1041.0,111249.0,935.74
10959,Gonorrhea,280.0,Mississippi,2006.0,Male,25-29 years,25-29,596.0,99764.0,597.41
10960,Gonorrhea,280.0,Mississippi,2006.0,Male,30-34 years,30-34,245.0,87933.0,278.62
10961,Gonorrhea,280.0,Mississippi,2006.0,Male,35-39 years,35-39,153.0,90928.0,168.26
10962,Gonorrhea,280.0,Mississippi,2006.0,Male,40+ years,40+,310.0,587813.0,52.74
10963,Gonorrhea,280.0,Mississippi,2006.0,Male,Unknown,99,4.0,,
10964,Gonorrhea,280.0,Mississippi,2007.0,Male,0-14 years,0-14,19.0,324909.0,5.85
10965,Gonorrhea,280.0,Mississippi,2007.0,Male,15-19 years,15-19,716.0,112916.0,634.1
10966,Gonorrhea,280.0,Mississippi,2007.0,Male,20-24 years,20-24,1147.0,110376.0,1039.18
10967,Gonorrhea,280.0,Mississippi,2007.0,Male,25-29 years,25-29,709.0,101517.0,698.4
10968,Gonorrhea,280.0,Mississippi,2007.0,Male,30-34 years,30-34,298.0,86463.0,344.66
10969,Gonorrhea,280.0,Mississippi,2007.0,Male,35-39 years,35-39,159.0,90910.0,174.9
10970,Gonorrhea,280.0,Mississippi,2007.0,Male,40+ years,40+,361.0,586618.0,61.54
10971,Gonorrhea,280.0,Mississippi,2007.0,Male,Unknown,99,4.0,,
10972,Gonorrhea,280.0,Mississippi,2008.0,Male,0-14 years,0-14,34.0,324602.0,10.47
10973,Gonorrhea,280.0,Mississippi,2008.0,Male,15-19 years,15-19,778.0,114386.0,680.15
10974,Gonorrhea,280.0,Mississippi,2008.0,Male,20-24 years,20-24,1061.0,109943.0,965.05
10975,Gonorrhea,280.0,Mississippi,2008.0,Male,25-29 years,25-29,601.0,102788.0,584.7
10976,Gonorrhea,280.0,Mississippi,2008.0,Male,30-34 years,30-34,275.0,87788.0,313.25
10977,Gonorrhea,280.0,Mississippi,2008.0,Male,35-39 years,35-39,128.0,91164.0,140.41
10978,Gonorrhea,280.0,Mississippi,2008.0,Male,40+ years,40+,255.0,593170.0,42.99
10979,Gonorrhea,280.0,Mississippi,2008.0,Male,Unknown,99,3.0,,
10980,Gonorrhea,280.0,Mississippi,2009.0,Male,0-14 years,0-14,20.0,326287.0,6.13
10981,Gonorrhea,280.0,Mississippi,2009.0,Male,15-19 years,15-19,741.0,113525.0,652.72
10982,Gonorrhea,280.0,Mississippi,2009.0,Male,20-24 years,20-24,1039.0,114343.0,908.67
10983,Gonorrhea,280.0,Mississippi,2009.0,Male,25-29 years,25-29,527.0,105291.0,500.52
10984,Gonorrhea,280.0,Mississippi,2009.0,Male,30-34 years,30-34,233.0,89199.0,261.21
10985,Gonorrhea,280.0,Mississippi,2009.0,Male,35-39 years,35-39,119.0,89155.0,133.47
10986,Gonorrhea,280.0,Mississippi,2009.0,Male,40+ years,40+,222.0,593240.0,37.42
10987,Gonorrhea,280.0,Mississippi,2009.0,Male,Unknown,99,5.0,,
10988,Gonorrhea,280.0,Mississippi,2010.0,Male,0-14 years,0-14,18.0,319113.0,5.64
10989,Gonorrhea,280.0,Mississippi,2010.0,Male,15-19 years,15-19,662.0,114145.0,579.96
10990,Gonorrhea,280.0,Mississippi,2010.0,Male,20-24 years,20-24,993.0,105433.0,941.83
10991,Gonorrhea,280.0,Mississippi,2010.0,Male,25-29 years,25-29,468.0,98610.0,474.6
10992,Gonorrhea,280.0,Mississippi,2010.0,Male,30-34 years,30-34,184.0,92461.0,199.0
10993,Gonorrhea,280.0,Mississippi,2010.0,Male,35-39 years,35-39,95.0,91364.0,103.98
10994,Gonorrhea,280.0,Mississippi,2010.0,Male,40+ years,40+,168.0,620114.0,27.09
10995,Gonorrhea,280.0,Mississippi,2010.0,Male,Unknown,99,5.0,,
10996,Gonorrhea,280.0,Mississippi,2011.0,Male,0-14 years,0-14,14.0,318868.0,4.39
10997,Gonorrhea,280.0,Mississippi,2011.0,Male,15-19 years,15-19,608.0,110900.0,548.24
10998,Gonorrhea,280.0,Mississippi,2011.0,Male,20-24 years,20-24,932.0,109367.0,852.18
10999,Gonorrhea,280.0,Mississippi,2011.0,Male,25-29 years,25-29,399.0,97036.0,411.19
11000,Gonorrhea,280.0,Mississippi,2011.0,Male,30-34 years,30-34,233.0,94892.0,245.54
11001,Gonorrhea,280.0,Mississippi,2011.0,Male,35-39 years,35-39,103.0,88379.0,116.54
11002,Gonorrhea,280.0,Mississippi,2011.0,Male,40+ years,40+,178.0,627102.0,28.38
11003,Gonorrhea,280.0,Mississippi,2011.0,Male,Unknown,99,3.0,,
11004,Gonorrhea,280.0,Mississippi,2012.0,Male,0-14 years,0-14,12.0,317594.0,3.78
11005,Gonorrhea,280.0,Mississippi,2012.0,Male,15-19 years,15-19,670.0,108000.0,620.37
11006,Gonorrhea,280.0,Mississippi,2012.0,Male,20-24 years,20-24,1199.0,112035.0,1070.2
11007,Gonorrhea,280.0,Mississippi,2012.0,Male,25-29 years,25-29,525.0,95517.0,549.64
11008,Gonorrhea,280.0,Mississippi,2012.0,Male,30-34 years,30-34,274.0,95908.0,285.69
11009,Gonorrhea,280.0,Mississippi,2012.0,Male,35-39 years,35-39,133.0,87794.0,151.49
11010,Gonorrhea,280.0,Mississippi,2012.0,Male,40+ years,40+,226.0,632443.0,35.73
11011,Gonorrhea,280.0,Mississippi,2013.0,Male,0-14 years,0-14,15.0,314396.0,4.77
11012,Gonorrhea,280.0,Mississippi,2013.0,Male,15-19 years,15-19,457.0,106111.0,430.68
11013,Gonorrhea,280.0,Mississippi,2013.0,Male,20-24 years,20-24,961.0,115730.0,830.38
11014,Gonorrhea,280.0,Mississippi,2013.0,Male,25-29 years,25-29,426.0,95907.0,444.18
11015,Gonorrhea,280.0,Mississippi,2013.0,Male,30-34 years,30-34,214.0,96807.0,221.06
11016,Gonorrhea,280.0,Mississippi,2013.0,Male,35-39 years,35-39,111.0,87982.0,126.16
11017,Gonorrhea,280.0,Mississippi,2013.0,Male,40+ years,40+,186.0,637654.0,29.17
11018,Gonorrhea,280.0,Mississippi,2014.0,Male,0-14 years,0-14,5.0,314396.0,1.59
11019,Gonorrhea,280.0,Mississippi,2014.0,Male,15-19 years,15-19,526.0,106111.0,495.71
11020,Gonorrhea,280.0,Mississippi,2014.0,Male,20-24 years,20-24,1094.0,115730.0,945.3
11021,Gonorrhea,280.0,Mississippi,2014.0,Male,25-29 years,25-29,482.0,95907.0,502.57
11022,Gonorrhea,280.0,Mississippi,2014.0,Male,30-34 years,30-34,216.0,96807.0,223.12
11023,Gonorrhea,280.0,Mississippi,2014.0,Male,35-39 years,35-39,127.0,87982.0,144.35
11024,Gonorrhea,280.0,Mississippi,2014.0,Male,40+ years,40+,185.0,637654.0,29.01
11025,Gonorrhea,280.0,Mississippi,2014.0,Male,Unknown,99,2.0,,
11026,Gonorrhea,280.0,Missouri,1996.0,Male,0-14 years,0-14,24.0,597608.0,4.02
11027,Gonorrhea,280.0,Missouri,1996.0,Male,15-19 years,15-19,987.0,201603.0,489.58
11028,Gonorrhea,280.0,Missouri,1996.0,Male,20-24 years,20-24,1310.0,174753.0,749.63
11029,Gonorrhea,280.0,Missouri,1996.0,Male,25-29 years,25-29,642.0,182989.0,350.84
11030,Gonorrhea,280.0,Missouri,1996.0,Male,30-34 years,30-34,490.0,208497.0,235.01
11031,Gonorrhea,280.0,Missouri,1996.0,Male,35-39 years,35-39,367.0,223643.0,164.1
11032,Gonorrhea,280.0,Missouri,1996.0,Male,40+ years,40+,384.0,1042778.0,36.82
11033,Gonorrhea,280.0,Missouri,1996.0,Male,Unknown,99,22.0,,
11034,Gonorrhea,280.0,Missouri,1997.0,Male,0-14 years,0-14,39.0,600334.0,6.5
11035,Gonorrhea,280.0,Missouri,1997.0,Male,15-19 years,15-19,823.0,206485.0,398.58
11036,Gonorrhea,280.0,Missouri,1997.0,Male,20-24 years,20-24,1033.0,174652.0,591.46
11037,Gonorrhea,280.0,Missouri,1997.0,Male,25-29 years,25-29,588.0,184022.0,319.53
11038,Gonorrhea,280.0,Missouri,1997.0,Male,30-34 years,30-34,391.0,200678.0,194.84
11039,Gonorrhea,280.0,Missouri,1997.0,Male,35-39 years,35-39,290.0,224763.0,129.03
11040,Gonorrhea,280.0,Missouri,1997.0,Male,40+ years,40+,381.0,1066971.0,35.71
11041,Gonorrhea,280.0,Missouri,1998.0,Male,0-14 years,0-14,20.0,604341.0,3.31
11042,Gonorrhea,280.0,Missouri,1998.0,Male,15-19 years,15-19,912.0,210208.0,433.86
11043,Gonorrhea,280.0,Missouri,1998.0,Male,20-24 years,20-24,1258.0,176569.0,712.47
11044,Gonorrhea,280.0,Missouri,1998.0,Male,25-29 years,25-29,832.0,182852.0,455.01
11045,Gonorrhea,280.0,Missouri,1998.0,Male,30-34 years,30-34,507.0,192703.0,263.1
11046,Gonorrhea,280.0,Missouri,1998.0,Male,35-39 years,35-39,448.0,223762.0,200.21
11047,Gonorrhea,280.0,Missouri,1998.0,Male,40+ years,40+,562.0,1088710.0,51.62
11048,Gonorrhea,280.0,Missouri,1999.0,Male,0-14 years,0-14,68.0,604742.0,11.24
11049,Gonorrhea,280.0,Missouri,1999.0,Male,15-19 years,15-19,839.0,211004.0,397.62
11050,Gonorrhea,280.0,Missouri,1999.0,Male,20-24 years,20-24,1061.0,181080.0,585.93
11051,Gonorrhea,280.0,Missouri,1999.0,Male,25-29 years,25-29,635.0,181569.0,349.73
11052,Gonorrhea,280.0,Missouri,1999.0,Male,30-34 years,30-34,380.0,188090.0,202.03
11053,Gonorrhea,280.0,Missouri,1999.0,Male,35-39 years,35-39,340.0,222669.0,152.69
11054,Gonorrhea,280.0,Missouri,1999.0,Male,40+ years,40+,378.0,1112628.0,33.97
11055,Gonorrhea,280.0,Missouri,1999.0,Male,Unknown,99,27.0,,
11056,Gonorrhea,280.0,Missouri,2000.0,Male,0-14 years,0-14,33.0,596128.0,5.54
11057,Gonorrhea,280.0,Missouri,2000.0,Male,15-19 years,15-19,934.0,210264.0,444.2
11058,Gonorrhea,280.0,Missouri,2000.0,Male,20-24 years,20-24,1332.0,187802.0,709.26
11059,Gonorrhea,280.0,Missouri,2000.0,Male,25-29 years,25-29,782.0,179959.0,434.54
11060,Gonorrhea,280.0,Missouri,2000.0,Male,30-34 years,30-34,416.0,189134.0,219.95
11061,Gonorrhea,280.0,Missouri,2000.0,Male,35-39 years,35-39,367.0,219469.0,167.22
11062,Gonorrhea,280.0,Missouri,2000.0,Male,40+ years,40+,521.0,1142399.0,45.61
11063,Gonorrhea,280.0,Missouri,2000.0,Male,Unknown,99,9.0,,
11064,Gonorrhea,280.0,Missouri,2001.0,Male,0-14 years,0-14,25.0,593808.0,4.21
11065,Gonorrhea,280.0,Missouri,2001.0,Male,15-19 years,15-19,821.0,211104.0,388.91
11066,Gonorrhea,280.0,Missouri,2001.0,Male,20-24 years,20-24,1259.0,194833.0,646.19
11067,Gonorrhea,280.0,Missouri,2001.0,Male,25-29 years,25-29,759.0,176550.0,429.91
11068,Gonorrhea,280.0,Missouri,2001.0,Male,30-34 years,30-34,455.0,190770.0,238.51
11069,Gonorrhea,280.0,Missouri,2001.0,Male,35-39 years,35-39,343.0,213263.0,160.83
11070,Gonorrhea,280.0,Missouri,2001.0,Male,40+ years,40+,497.0,1162480.0,42.75
11071,Gonorrhea,280.0,Missouri,2001.0,Male,Unknown,99,24.0,,
11072,Gonorrhea,280.0,Missouri,2002.0,Male,0-14 years,0-14,20.0,589124.0,3.39
11073,Gonorrhea,280.0,Missouri,2002.0,Male,15-19 years,15-19,789.0,211285.0,373.43
11074,Gonorrhea,280.0,Missouri,2002.0,Male,20-24 years,20-24,1290.0,201795.0,639.26
11075,Gonorrhea,280.0,Missouri,2002.0,Male,25-29 years,25-29,729.0,176489.0,413.06
11076,Gonorrhea,280.0,Missouri,2002.0,Male,30-34 years,30-34,450.0,192921.0,233.26
11077,Gonorrhea,280.0,Missouri,2002.0,Male,35-39 years,35-39,315.0,206420.0,152.6
11078,Gonorrhea,280.0,Missouri,2002.0,Male,40+ years,40+,541.0,1183796.0,45.7
11079,Gonorrhea,280.0,Missouri,2002.0,Male,Unknown,99,8.0,,
11080,Gonorrhea,280.0,Missouri,2003.0,Male,0-14 years,0-14,25.0,593984.0,4.21
11081,Gonorrhea,280.0,Missouri,2003.0,Male,15-19 years,15-19,715.0,211807.0,337.57
11082,Gonorrhea,280.0,Missouri,2003.0,Male,20-24 years,20-24,1226.0,208171.0,588.94
11083,Gonorrhea,280.0,Missouri,2003.0,Male,25-29 years,25-29,726.0,178775.0,406.1
11084,Gonorrhea,280.0,Missouri,2003.0,Male,30-34 years,30-34,440.0,189628.0,232.03
11085,Gonorrhea,280.0,Missouri,2003.0,Male,35-39 years,35-39,314.0,197378.0,159.09
11086,Gonorrhea,280.0,Missouri,2003.0,Male,40+ years,40+,529.0,1202721.0,43.98
11087,Gonorrhea,280.0,Missouri,2003.0,Male,Unknown,99,23.0,,
11088,Gonorrhea,280.0,Missouri,2004.0,Male,0-14 years,0-14,30.0,583070.0,5.15
11089,Gonorrhea,280.0,Missouri,2004.0,Male,15-19 years,15-19,780.0,212370.0,367.28
11090,Gonorrhea,280.0,Missouri,2004.0,Male,20-24 years,20-24,1244.0,213564.0,582.5
11091,Gonorrhea,280.0,Missouri,2004.0,Male,25-29 years,25-29,756.0,186104.0,406.22
11092,Gonorrhea,280.0,Missouri,2004.0,Male,30-34 years,30-34,427.0,189157.0,225.74
11093,Gonorrhea,280.0,Missouri,2004.0,Male,35-39 years,35-39,288.0,193924.0,148.51
11094,Gonorrhea,280.0,Missouri,2004.0,Male,40+ years,40+,546.0,1232663.0,44.29
11095,Gonorrhea,280.0,Missouri,2004.0,Male,Unknown,99,8.0,,
11096,Gonorrhea,280.0,Missouri,2005.0,Male,0-14 years,0-14,23.0,578157.0,3.98
11097,Gonorrhea,280.0,Missouri,2005.0,Male,15-19 years,15-19,836.0,213361.0,391.82
11098,Gonorrhea,280.0,Missouri,2005.0,Male,20-24 years,20-24,1210.0,215428.0,561.67
11099,Gonorrhea,280.0,Missouri,2005.0,Male,25-29 years,25-29,747.0,193449.0,386.15
11100,Gonorrhea,280.0,Missouri,2005.0,Male,30-34 years,30-34,429.0,186000.0,230.65
11101,Gonorrhea,280.0,Missouri,2005.0,Male,35-39 years,35-39,310.0,192968.0,160.65
11102,Gonorrhea,280.0,Missouri,2005.0,Male,40+ years,40+,565.0,1256736.0,44.96
11103,Gonorrhea,280.0,Missouri,2005.0,Male,Unknown,99,1.0,,
11104,Gonorrhea,280.0,Missouri,2006.0,Male,0-14 years,0-14,29.0,594109.0,4.88
11105,Gonorrhea,280.0,Missouri,2006.0,Male,15-19 years,15-19,911.0,211533.0,430.67
11106,Gonorrhea,280.0,Missouri,2006.0,Male,20-24 years,20-24,1314.0,210101.0,625.41
11107,Gonorrhea,280.0,Missouri,2006.0,Male,25-29 years,25-29,837.0,204191.0,409.91
11108,Gonorrhea,280.0,Missouri,2006.0,Male,30-34 years,30-34,479.0,179215.0,267.28
11109,Gonorrhea,280.0,Missouri,2006.0,Male,35-39 years,35-39,313.0,193109.0,162.09
11110,Gonorrhea,280.0,Missouri,2006.0,Male,40+ years,40+,568.0,1262457.0,44.99
11111,Gonorrhea,280.0,Missouri,2006.0,Male,Unknown,99,1.0,,
11112,Gonorrhea,280.0,Missouri,2007.0,Male,0-14 years,0-14,25.0,597573.0,4.18
11113,Gonorrhea,280.0,Missouri,2007.0,Male,15-19 years,15-19,876.0,212101.0,413.01
11114,Gonorrhea,280.0,Missouri,2007.0,Male,20-24 years,20-24,1339.0,203660.0,657.47
11115,Gonorrhea,280.0,Missouri,2007.0,Male,25-29 years,25-29,844.0,207935.0,405.9
11116,Gonorrhea,280.0,Missouri,2007.0,Male,30-34 years,30-34,453.0,179594.0,252.24
11117,Gonorrhea,280.0,Missouri,2007.0,Male,35-39 years,35-39,299.0,193173.0,154.78
11118,Gonorrhea,280.0,Missouri,2007.0,Male,40+ years,40+,558.0,1276986.0,43.7
11119,Gonorrhea,280.0,Missouri,2007.0,Male,Unknown,99,1.0,,
11120,Gonorrhea,280.0,Missouri,2008.0,Male,0-14 years,0-14,16.0,597852.0,2.68
11121,Gonorrhea,280.0,Missouri,2008.0,Male,15-19 years,15-19,731.0,211227.0,346.07
11122,Gonorrhea,280.0,Missouri,2008.0,Male,20-24 years,20-24,1094.0,202936.0,539.09
11123,Gonorrhea,280.0,Missouri,2008.0,Male,25-29 years,25-29,702.0,209880.0,334.48
11124,Gonorrhea,280.0,Missouri,2008.0,Male,30-34 years,30-34,339.0,181471.0,186.81
11125,Gonorrhea,280.0,Missouri,2008.0,Male,35-39 years,35-39,193.0,192122.0,100.46
11126,Gonorrhea,280.0,Missouri,2008.0,Male,40+ years,40+,395.0,1292419.0,30.56
11127,Gonorrhea,280.0,Missouri,2008.0,Male,Unknown,99,2.0,,
11128,Gonorrhea,280.0,Missouri,2009.0,Male,0-14 years,0-14,10.0,604005.0,1.66
11129,Gonorrhea,280.0,Missouri,2009.0,Male,15-19 years,15-19,689.0,214121.0,321.78
11130,Gonorrhea,280.0,Missouri,2009.0,Male,20-24 years,20-24,916.0,215088.0,425.87
11131,Gonorrhea,280.0,Missouri,2009.0,Male,25-29 years,25-29,497.0,210371.0,236.25
11132,Gonorrhea,280.0,Missouri,2009.0,Male,30-34 years,30-34,323.0,182955.0,176.55
11133,Gonorrhea,280.0,Missouri,2009.0,Male,35-39 years,35-39,188.0,188846.0,99.55
11134,Gonorrhea,280.0,Missouri,2009.0,Male,40+ years,40+,280.0,1310616.0,21.36
11135,Gonorrhea,280.0,Missouri,2010.0,Male,0-14 years,0-14,10.0,602332.0,1.66
11136,Gonorrhea,280.0,Missouri,2010.0,Male,15-19 years,15-19,694.0,216939.0,319.91
11137,Gonorrhea,280.0,Missouri,2010.0,Male,20-24 years,20-24,1074.0,207793.0,516.86
11138,Gonorrhea,280.0,Missouri,2010.0,Male,25-29 years,25-29,616.0,201438.0,305.8
11139,Gonorrhea,280.0,Missouri,2010.0,Male,30-34 years,30-34,322.0,186306.0,172.83
11140,Gonorrhea,280.0,Missouri,2010.0,Male,35-39 years,35-39,193.0,183144.0,105.38
11141,Gonorrhea,280.0,Missouri,2010.0,Male,40+ years,40+,297.0,1335525.0,22.24
11142,Gonorrhea,280.0,Missouri,2010.0,Male,Unknown,99,2.0,,
11143,Gonorrhea,280.0,Missouri,2011.0,Male,0-14 years,0-14,17.0,598090.0,2.84
11144,Gonorrhea,280.0,Missouri,2011.0,Male,15-19 years,15-19,757.0,212356.0,356.48
11145,Gonorrhea,280.0,Missouri,2011.0,Male,20-24 years,20-24,1247.0,211028.0,590.92
11146,Gonorrhea,280.0,Missouri,2011.0,Male,25-29 years,25-29,634.0,201833.0,314.12
11147,Gonorrhea,280.0,Missouri,2011.0,Male,30-34 years,30-34,403.0,192147.0,209.74
11148,Gonorrhea,280.0,Missouri,2011.0,Male,35-39 years,35-39,180.0,176073.0,102.23
11149,Gonorrhea,280.0,Missouri,2011.0,Male,40+ years,40+,369.0,1352907.0,27.27
11150,Gonorrhea,280.0,Missouri,2012.0,Male,0-14 years,0-14,19.0,595828.0,3.19
11151,Gonorrhea,280.0,Missouri,2012.0,Male,15-19 years,15-19,644.0,207196.0,310.82
11152,Gonorrhea,280.0,Missouri,2012.0,Male,20-24 years,20-24,1244.0,215892.0,576.21
11153,Gonorrhea,280.0,Missouri,2012.0,Male,25-29 years,25-29,705.0,200562.0,351.51
11154,Gonorrhea,280.0,Missouri,2012.0,Male,30-34 years,30-34,427.0,194995.0,218.98
11155,Gonorrhea,280.0,Missouri,2012.0,Male,35-39 years,35-39,229.0,174932.0,130.91
11156,Gonorrhea,280.0,Missouri,2012.0,Male,40+ years,40+,412.0,1361631.0,30.26
11157,Gonorrhea,280.0,Missouri,2013.0,Male,0-14 years,0-14,13.0,593882.0,2.19
11158,Gonorrhea,280.0,Missouri,2013.0,Male,15-19 years,15-19,595.0,204558.0,290.87
11159,Gonorrhea,280.0,Missouri,2013.0,Male,20-24 years,20-24,1252.0,219196.0,571.18
11160,Gonorrhea,280.0,Missouri,2013.0,Male,25-29 years,25-29,714.0,199456.0,357.97
11161,Gonorrhea,280.0,Missouri,2013.0,Male,30-34 years,30-34,379.0,199102.0,190.35
11162,Gonorrhea,280.0,Missouri,2013.0,Male,35-39 years,35-39,240.0,176826.0,135.73
11163,Gonorrhea,280.0,Missouri,2013.0,Male,40+ years,40+,409.0,1370937.0,29.83
11164,Gonorrhea,280.0,Missouri,2014.0,Male,0-14 years,0-14,15.0,593882.0,2.53
11165,Gonorrhea,280.0,Missouri,2014.0,Male,15-19 years,15-19,543.0,204558.0,265.45
11166,Gonorrhea,280.0,Missouri,2014.0,Male,20-24 years,20-24,1292.0,219196.0,589.43
11167,Gonorrhea,280.0,Missouri,2014.0,Male,25-29 years,25-29,818.0,199456.0,410.12
11168,Gonorrhea,280.0,Missouri,2014.0,Male,30-34 years,30-34,446.0,199102.0,224.01
11169,Gonorrhea,280.0,Missouri,2014.0,Male,35-39 years,35-39,258.0,176826.0,145.91
11170,Gonorrhea,280.0,Missouri,2014.0,Male,40+ years,40+,395.0,1370937.0,28.81
11171,Gonorrhea,280.0,Montana,1996.0,Male,15-19 years,15-19,6.0,36231.0,16.56
11172,Gonorrhea,280.0,Montana,1996.0,Male,20-24 years,20-24,7.0,29019.0,24.12
11173,Gonorrhea,280.0,Montana,1996.0,Male,25-29 years,25-29,3.0,24763.0,12.11
11174,Gonorrhea,280.0,Montana,1996.0,Male,30-34 years,30-34,1.0,29133.0,3.43
11175,Gonorrhea,280.0,Montana,1996.0,Male,35-39 years,35-39,1.0,37174.0,2.69
11176,Gonorrhea,280.0,Montana,1996.0,Male,40+ years,40+,1.0,186031.0,0.54
11177,Gonorrhea,280.0,Montana,1997.0,Male,15-19 years,15-19,12.0,36722.0,32.68
11178,Gonorrhea,280.0,Montana,1997.0,Male,20-24 years,20-24,9.0,29389.0,30.62
11179,Gonorrhea,280.0,Montana,1997.0,Male,25-29 years,25-29,5.0,25139.0,19.89
11180,Gonorrhea,280.0,Montana,1997.0,Male,30-34 years,30-34,3.0,27676.0,10.84
11181,Gonorrhea,280.0,Montana,1997.0,Male,35-39 years,35-39,2.0,36357.0,5.5
11182,Gonorrhea,280.0,Montana,1997.0,Male,40+ years,40+,7.0,190387.0,3.68
11183,Gonorrhea,280.0,Montana,1998.0,Male,15-19 years,15-19,3.0,37039.0,8.1
11184,Gonorrhea,280.0,Montana,1998.0,Male,20-24 years,20-24,7.0,29614.0,23.64
11185,Gonorrhea,280.0,Montana,1998.0,Male,25-29 years,25-29,3.0,25531.0,11.75
11186,Gonorrhea,280.0,Montana,1998.0,Male,30-34 years,30-34,1.0,26508.0,3.77
11187,Gonorrhea,280.0,Montana,1998.0,Male,35-39 years,35-39,3.0,35169.0,8.53
11188,Gonorrhea,280.0,Montana,1998.0,Male,40+ years,40+,5.0,193645.0,2.58
11189,Gonorrhea,280.0,Montana,1999.0,Male,0-14 years,0-14,1.0,96172.0,1.04
11190,Gonorrhea,280.0,Montana,1999.0,Male,15-19 years,15-19,4.0,36984.0,10.82
11191,Gonorrhea,280.0,Montana,1999.0,Male,20-24 years,20-24,6.0,30005.0,20.0
11192,Gonorrhea,280.0,Montana,1999.0,Male,25-29 years,25-29,1.0,26000.0,3.85
11193,Gonorrhea,280.0,Montana,1999.0,Male,35-39 years,35-39,3.0,33947.0,8.84
11194,Gonorrhea,280.0,Montana,1999.0,Male,40+ years,40+,3.0,197868.0,1.52
11195,Gonorrhea,280.0,Montana,2000.0,Male,0-14 years,0-14,1.0,92695.0,1.08
11196,Gonorrhea,280.0,Montana,2000.0,Male,15-19 years,15-19,4.0,36772.0,10.88
11197,Gonorrhea,280.0,Montana,2000.0,Male,20-24 years,20-24,8.0,30987.0,25.82
11198,Gonorrhea,280.0,Montana,2000.0,Male,25-29 years,25-29,3.0,26524.0,11.31
11199,Gonorrhea,280.0,Montana,2000.0,Male,30-34 years,30-34,2.0,26334.0,7.59
11200,Gonorrhea,280.0,Montana,2000.0,Male,35-39 years,35-39,3.0,32764.0,9.16
11201,Gonorrhea,280.0,Montana,2000.0,Male,40+ years,40+,1.0,204052.0,0.49
11202,Gonorrhea,280.0,Montana,2001.0,Male,15-19 years,15-19,8.0,37028.0,21.61
11203,Gonorrhea,280.0,Montana,2001.0,Male,20-24 years,20-24,13.0,32157.0,40.43
11204,Gonorrhea,280.0,Montana,2001.0,Male,25-29 years,25-29,7.0,26312.0,26.6
11205,Gonorrhea,280.0,Montana,2001.0,Male,30-34 years,30-34,7.0,26275.0,26.64
11206,Gonorrhea,280.0,Montana,2001.0,Male,35-39 years,35-39,6.0,31000.0,19.35
11207,Gonorrhea,280.0,Montana,2001.0,Male,40+ years,40+,6.0,207333.0,2.89
11208,Gonorrhea,280.0,Montana,2002.0,Male,15-19 years,15-19,8.0,36858.0,21.7
11209,Gonorrhea,280.0,Montana,2002.0,Male,20-24 years,20-24,18.0,33076.0,54.42
11210,Gonorrhea,280.0,Montana,2002.0,Male,25-29 years,25-29,6.0,26674.0,22.49
11211,Gonorrhea,280.0,Montana,2002.0,Male,30-34 years,30-34,2.0,26214.0,7.63
11212,Gonorrhea,280.0,Montana,2002.0,Male,35-39 years,35-39,4.0,29254.0,13.67
11213,Gonorrhea,280.0,Montana,2002.0,Male,40+ years,40+,5.0,211705.0,2.36
11214,Gonorrhea,280.0,Montana,2002.0,Male,Unknown,99,4.0,,
11215,Gonorrhea,280.0,Montana,2003.0,Male,15-19 years,15-19,10.0,36706.0,27.24
11216,Gonorrhea,280.0,Montana,2003.0,Male,20-24 years,20-24,22.0,34647.0,63.5
11217,Gonorrhea,280.0,Montana,2003.0,Male,25-29 years,25-29,7.0,27665.0,25.3
11218,Gonorrhea,280.0,Montana,2003.0,Male,30-34 years,30-34,3.0,25991.0,11.54
11219,Gonorrhea,280.0,Montana,2003.0,Male,35-39 years,35-39,1.0,28004.0,3.57
11220,Gonorrhea,280.0,Montana,2003.0,Male,40+ years,40+,4.0,215113.0,1.86
11221,Gonorrhea,280.0,Montana,2004.0,Male,15-19 years,15-19,3.0,36083.0,8.31
11222,Gonorrhea,280.0,Montana,2004.0,Male,20-24 years,20-24,17.0,36063.0,47.14
11223,Gonorrhea,280.0,Montana,2004.0,Male,25-29 years,25-29,5.0,28922.0,17.29
11224,Gonorrhea,280.0,Montana,2004.0,Male,30-34 years,30-34,1.0,26389.0,3.79
11225,Gonorrhea,280.0,Montana,2004.0,Male,35-39 years,35-39,3.0,27510.0,10.91
11226,Gonorrhea,280.0,Montana,2004.0,Male,40+ years,40+,4.0,221122.0,1.81
11227,Gonorrhea,280.0,Montana,2005.0,Male,15-19 years,15-19,9.0,35693.0,25.21
11228,Gonorrhea,280.0,Montana,2005.0,Male,20-24 years,20-24,21.0,36744.0,57.15
11229,Gonorrhea,280.0,Montana,2005.0,Male,25-29 years,25-29,6.0,30015.0,19.99
11230,Gonorrhea,280.0,Montana,2005.0,Male,30-34 years,30-34,11.0,26426.0,41.63
11231,Gonorrhea,280.0,Montana,2005.0,Male,35-39 years,35-39,2.0,27394.0,7.3
11232,Gonorrhea,280.0,Montana,2005.0,Male,40+ years,40+,6.0,225859.0,2.66
11233,Gonorrhea,280.0,Montana,2005.0,Male,Unknown,99,1.0,,
11234,Gonorrhea,280.0,Montana,2006.0,Male,15-19 years,15-19,11.0,34670.0,31.73
11235,Gonorrhea,280.0,Montana,2006.0,Male,20-24 years,20-24,32.0,36661.0,87.29
11236,Gonorrhea,280.0,Montana,2006.0,Male,25-29 years,25-29,19.0,31845.0,59.66
11237,Gonorrhea,280.0,Montana,2006.0,Male,30-34 years,30-34,3.0,26314.0,11.4
11238,Gonorrhea,280.0,Montana,2006.0,Male,35-39 years,35-39,1.0,27716.0,3.61
11239,Gonorrhea,280.0,Montana,2006.0,Male,40+ years,40+,5.0,224979.0,2.22
11240,Gonorrhea,280.0,Montana,2007.0,Male,15-19 years,15-19,5.0,34795.0,14.37
11241,Gonorrhea,280.0,Montana,2007.0,Male,20-24 years,20-24,19.0,36654.0,51.84
11242,Gonorrhea,280.0,Montana,2007.0,Male,25-29 years,25-29,8.0,33811.0,23.66
11243,Gonorrhea,280.0,Montana,2007.0,Male,30-34 years,30-34,4.0,26580.0,15.05
11244,Gonorrhea,280.0,Montana,2007.0,Male,35-39 years,35-39,7.0,28086.0,24.92
11245,Gonorrhea,280.0,Montana,2007.0,Male,40+ years,40+,4.0,228352.0,1.75
11246,Gonorrhea,280.0,Montana,2008.0,Male,15-19 years,15-19,3.0,34388.0,8.72
11247,Gonorrhea,280.0,Montana,2008.0,Male,20-24 years,20-24,12.0,36860.0,32.56
11248,Gonorrhea,280.0,Montana,2008.0,Male,25-29 years,25-29,5.0,34524.0,14.48
11249,Gonorrhea,280.0,Montana,2008.0,Male,30-34 years,30-34,1.0,27245.0,3.67
11250,Gonorrhea,280.0,Montana,2008.0,Male,35-39 years,35-39,5.0,28253.0,17.7
11251,Gonorrhea,280.0,Montana,2008.0,Male,40+ years,40+,3.0,230835.0,1.3
11252,Gonorrhea,280.0,Montana,2009.0,Male,15-19 years,15-19,5.0,35319.0,14.16
11253,Gonorrhea,280.0,Montana,2009.0,Male,20-24 years,20-24,12.0,39820.0,30.14
11254,Gonorrhea,280.0,Montana,2009.0,Male,25-29 years,25-29,6.0,34341.0,17.47
11255,Gonorrhea,280.0,Montana,2009.0,Male,30-34 years,30-34,3.0,27547.0,10.89
11256,Gonorrhea,280.0,Montana,2009.0,Male,35-39 years,35-39,5.0,27887.0,17.93
11257,Gonorrhea,280.0,Montana,2009.0,Male,40+ years,40+,3.0,230635.0,1.3
11258,Gonorrhea,280.0,Montana,2010.0,Male,15-19 years,15-19,7.0,34515.0,20.28
11259,Gonorrhea,280.0,Montana,2010.0,Male,20-24 years,20-24,15.0,34939.0,42.93
11260,Gonorrhea,280.0,Montana,2010.0,Male,25-29 years,25-29,11.0,33135.0,33.2
11261,Gonorrhea,280.0,Montana,2010.0,Male,30-34 years,30-34,4.0,30209.0,13.24
11262,Gonorrhea,280.0,Montana,2010.0,Male,35-39 years,35-39,1.0,28355.0,3.53
11263,Gonorrhea,280.0,Montana,2010.0,Male,40+ years,40+,7.0,240833.0,2.91
11264,Gonorrhea,280.0,Montana,2010.0,Male,Unknown,99,1.0,,
11265,Gonorrhea,280.0,Montana,2011.0,Male,15-19 years,15-19,6.0,34847.0,17.22
11266,Gonorrhea,280.0,Montana,2011.0,Male,20-24 years,20-24,12.0,35874.0,33.45
11267,Gonorrhea,280.0,Montana,2011.0,Male,25-29 years,25-29,6.0,32853.0,18.26
11268,Gonorrhea,280.0,Montana,2011.0,Male,30-34 years,30-34,5.0,31388.0,15.93
11269,Gonorrhea,280.0,Montana,2011.0,Male,35-39 years,35-39,1.0,27838.0,3.59
11270,Gonorrhea,280.0,Montana,2011.0,Male,40+ years,40+,4.0,244218.0,1.64
11271,Gonorrhea,280.0,Montana,2012.0,Male,15-19 years,15-19,5.0,33982.0,14.71
11272,Gonorrhea,280.0,Montana,2012.0,Male,20-24 years,20-24,21.0,37300.0,56.3
11273,Gonorrhea,280.0,Montana,2012.0,Male,25-29 years,25-29,13.0,32659.0,39.81
11274,Gonorrhea,280.0,Montana,2012.0,Male,30-34 years,30-34,3.0,32276.0,9.29
11275,Gonorrhea,280.0,Montana,2012.0,Male,35-39 years,35-39,1.0,28222.0,3.54
11276,Gonorrhea,280.0,Montana,2012.0,Male,40+ years,40+,7.0,246255.0,2.84
11277,Gonorrhea,280.0,Montana,2013.0,Male,15-19 years,15-19,7.0,33630.0,20.81
11278,Gonorrhea,280.0,Montana,2013.0,Male,20-24 years,20-24,31.0,38600.0,80.31
11279,Gonorrhea,280.0,Montana,2013.0,Male,25-29 years,25-29,31.0,32233.0,96.17
11280,Gonorrhea,280.0,Montana,2013.0,Male,30-34 years,30-34,12.0,33168.0,36.18
11281,Gonorrhea,280.0,Montana,2013.0,Male,35-39 years,35-39,6.0,29211.0,20.54
11282,Gonorrhea,280.0,Montana,2013.0,Male,40+ years,40+,10.0,247795.0,4.04
11283,Gonorrhea,280.0,Montana,2014.0,Male,0-14 years,0-14,2.0,95161.0,2.1
11284,Gonorrhea,280.0,Montana,2014.0,Male,15-19 years,15-19,20.0,33630.0,59.47
11285,Gonorrhea,280.0,Montana,2014.0,Male,20-24 years,20-24,63.0,38600.0,163.21
11286,Gonorrhea,280.0,Montana,2014.0,Male,25-29 years,25-29,54.0,32233.0,167.53
11287,Gonorrhea,280.0,Montana,2014.0,Male,30-34 years,30-34,26.0,33168.0,78.39
11288,Gonorrhea,280.0,Montana,2014.0,Male,35-39 years,35-39,18.0,29211.0,61.62
11289,Gonorrhea,280.0,Montana,2014.0,Male,40+ years,40+,28.0,247795.0,11.3
11290,Gonorrhea,280.0,Montana,2014.0,Male,Unknown,99,2.0,,
11291,Gonorrhea,280.0,Nebraska,1996.0,Male,0-14 years,0-14,4.0,188434.0,2.12
11292,Gonorrhea,280.0,Nebraska,1996.0,Male,15-19 years,15-19,126.0,65768.0,191.58
11293,Gonorrhea,280.0,Nebraska,1996.0,Male,20-24 years,20-24,192.0,57330.0,334.9
11294,Gonorrhea,280.0,Nebraska,1996.0,Male,25-29 years,25-29,99.0,56045.0,176.64
11295,Gonorrhea,280.0,Nebraska,1996.0,Male,30-34 years,30-34,51.0,63051.0,80.89
11296,Gonorrhea,280.0,Nebraska,1996.0,Male,35-39 years,35-39,43.0,68777.0,62.52
11297,Gonorrhea,280.0,Nebraska,1996.0,Male,40+ years,40+,40.0,321966.0,12.42
11298,Gonorrhea,280.0,Nebraska,1997.0,Male,0-14 years,0-14,3.0,188818.0,1.59
11299,Gonorrhea,280.0,Nebraska,1997.0,Male,15-19 years,15-19,108.0,67616.0,159.73
11300,Gonorrhea,280.0,Nebraska,1997.0,Male,20-24 years,20-24,186.0,57876.0,321.38
11301,Gonorrhea,280.0,Nebraska,1997.0,Male,25-29 years,25-29,100.0,56649.0,176.53
11302,Gonorrhea,280.0,Nebraska,1997.0,Male,30-34 years,30-34,56.0,60566.0,92.46
11303,Gonorrhea,280.0,Nebraska,1997.0,Male,35-39 years,35-39,33.0,68556.0,48.14
11304,Gonorrhea,280.0,Nebraska,1997.0,Male,40+ years,40+,43.0,328399.0,13.09
11305,Gonorrhea,280.0,Nebraska,1997.0,Male,Unknown,99,8.0,,
11306,Gonorrhea,280.0,Nebraska,1998.0,Male,0-14 years,0-14,5.0,189083.0,2.64
11307,Gonorrhea,280.0,Nebraska,1998.0,Male,15-19 years,15-19,118.0,68957.0,171.12
11308,Gonorrhea,280.0,Nebraska,1998.0,Male,20-24 years,20-24,168.0,58927.0,285.1
11309,Gonorrhea,280.0,Nebraska,1998.0,Male,25-29 years,25-29,94.0,56979.0,164.97
11310,Gonorrhea,280.0,Nebraska,1998.0,Male,30-34 years,30-34,44.0,58166.0,75.65
11311,Gonorrhea,280.0,Nebraska,1998.0,Male,35-39 years,35-39,44.0,67858.0,64.84
11312,Gonorrhea,280.0,Nebraska,1998.0,Male,40+ years,40+,45.0,333858.0,13.48
11313,Gonorrhea,280.0,Nebraska,1998.0,Male,Unknown,99,2.0,,
11314,Gonorrhea,280.0,Nebraska,1999.0,Male,0-14 years,0-14,8.0,189181.0,4.23
11315,Gonorrhea,280.0,Nebraska,1999.0,Male,15-19 years,15-19,108.0,69420.0,155.57
11316,Gonorrhea,280.0,Nebraska,1999.0,Male,20-24 years,20-24,177.0,60146.0,294.28
11317,Gonorrhea,280.0,Nebraska,1999.0,Male,25-29 years,25-29,139.0,57088.0,243.48
11318,Gonorrhea,280.0,Nebraska,1999.0,Male,30-34 years,30-34,88.0,56668.0,155.29
11319,Gonorrhea,280.0,Nebraska,1999.0,Male,35-39 years,35-39,48.0,66726.0,71.94
11320,Gonorrhea,280.0,Nebraska,1999.0,Male,40+ years,40+,71.0,340004.0,20.88
11321,Gonorrhea,280.0,Nebraska,1999.0,Male,Unknown,99,18.0,,
11322,Gonorrhea,280.0,Nebraska,2000.0,Male,0-14 years,0-14,3.0,186052.0,1.61
11323,Gonorrhea,280.0,Nebraska,2000.0,Male,15-19 years,15-19,157.0,68939.0,227.74
11324,Gonorrhea,280.0,Nebraska,2000.0,Male,20-24 years,20-24,191.0,62275.0,306.7
11325,Gonorrhea,280.0,Nebraska,2000.0,Male,25-29 years,25-29,118.0,57515.0,205.16
11326,Gonorrhea,280.0,Nebraska,2000.0,Male,30-34 years,30-34,53.0,57067.0,92.87
11327,Gonorrhea,280.0,Nebraska,2000.0,Male,35-39 years,35-39,48.0,65075.0,73.76
11328,Gonorrhea,280.0,Nebraska,2000.0,Male,40+ years,40+,55.0,347598.0,15.82
11329,Gonorrhea,280.0,Nebraska,2000.0,Male,Unknown,99,56.0,,
11330,Gonorrhea,280.0,Nebraska,2001.0,Male,0-14 years,0-14,2.0,185757.0,1.08
11331,Gonorrhea,280.0,Nebraska,2001.0,Male,15-19 years,15-19,111.0,68371.0,162.35
11332,Gonorrhea,280.0,Nebraska,2001.0,Male,20-24 years,20-24,156.0,64239.0,242.84
11333,Gonorrhea,280.0,Nebraska,2001.0,Male,25-29 years,25-29,74.0,57182.0,129.41
11334,Gonorrhea,280.0,Nebraska,2001.0,Male,30-34 years,30-34,43.0,57082.0,75.33
11335,Gonorrhea,280.0,Nebraska,2001.0,Male,35-39 years,35-39,30.0,62816.0,47.76
11336,Gonorrhea,280.0,Nebraska,2001.0,Male,40+ years,40+,48.0,352974.0,13.6
11337,Gonorrhea,280.0,Nebraska,2001.0,Male,Unknown,99,52.0,,
11338,Gonorrhea,280.0,Nebraska,2002.0,Male,0-14 years,0-14,4.0,184690.0,2.17
11339,Gonorrhea,280.0,Nebraska,2002.0,Male,15-19 years,15-19,139.0,67875.0,204.79
11340,Gonorrhea,280.0,Nebraska,2002.0,Male,20-24 years,20-24,220.0,66595.0,330.36
11341,Gonorrhea,280.0,Nebraska,2002.0,Male,25-29 years,25-29,109.0,57486.0,189.61
11342,Gonorrhea,280.0,Nebraska,2002.0,Male,30-34 years,30-34,52.0,57712.0,90.1
11343,Gonorrhea,280.0,Nebraska,2002.0,Male,35-39 years,35-39,41.0,60712.0,67.53
11344,Gonorrhea,280.0,Nebraska,2002.0,Male,40+ years,40+,52.0,358425.0,14.51
11345,Gonorrhea,280.0,Nebraska,2002.0,Male,Unknown,99,36.0,,
11346,Gonorrhea,280.0,Nebraska,2003.0,Male,0-14 years,0-14,9.0,186095.0,4.84
11347,Gonorrhea,280.0,Nebraska,2003.0,Male,15-19 years,15-19,137.0,67288.0,203.6
11348,Gonorrhea,280.0,Nebraska,2003.0,Male,20-24 years,20-24,213.0,68831.0,309.45
11349,Gonorrhea,280.0,Nebraska,2003.0,Male,25-29 years,25-29,126.0,58469.0,215.5
11350,Gonorrhea,280.0,Nebraska,2003.0,Male,30-34 years,30-34,75.0,56928.0,131.75
11351,Gonorrhea,280.0,Nebraska,2003.0,Male,35-39 years,35-39,56.0,58069.0,96.44
11352,Gonorrhea,280.0,Nebraska,2003.0,Male,40+ years,40+,78.0,363604.0,21.45
11353,Gonorrhea,280.0,Nebraska,2003.0,Male,Unknown,99,1.0,,
11354,Gonorrhea,280.0,Nebraska,2004.0,Male,0-14 years,0-14,2.0,183630.0,1.09
11355,Gonorrhea,280.0,Nebraska,2004.0,Male,15-19 years,15-19,78.0,66459.0,117.37
11356,Gonorrhea,280.0,Nebraska,2004.0,Male,20-24 years,20-24,142.0,70109.0,202.54
11357,Gonorrhea,280.0,Nebraska,2004.0,Male,25-29 years,25-29,85.0,60360.0,140.82
11358,Gonorrhea,280.0,Nebraska,2004.0,Male,30-34 years,30-34,62.0,57005.0,108.76
11359,Gonorrhea,280.0,Nebraska,2004.0,Male,35-39 years,35-39,42.0,56839.0,73.89
11360,Gonorrhea,280.0,Nebraska,2004.0,Male,40+ years,40+,60.0,369226.0,16.25
11361,Gonorrhea,280.0,Nebraska,2004.0,Male,Unknown,99,17.0,,
11362,Gonorrhea,280.0,Nebraska,2005.0,Male,0-14 years,0-14,4.0,181895.0,2.2
11363,Gonorrhea,280.0,Nebraska,2005.0,Male,15-19 years,15-19,80.0,66207.0,120.83
11364,Gonorrhea,280.0,Nebraska,2005.0,Male,20-24 years,20-24,139.0,70846.0,196.2
11365,Gonorrhea,280.0,Nebraska,2005.0,Male,25-29 years,25-29,100.0,62100.0,161.03
11366,Gonorrhea,280.0,Nebraska,2005.0,Male,30-34 years,30-34,53.0,56926.0,93.1
11367,Gonorrhea,280.0,Nebraska,2005.0,Male,35-39 years,35-39,37.0,56736.0,65.21
11368,Gonorrhea,280.0,Nebraska,2005.0,Male,40+ years,40+,40.0,375044.0,10.67
11369,Gonorrhea,280.0,Nebraska,2005.0,Male,Unknown,99,14.0,,
11370,Gonorrhea,280.0,Nebraska,2006.0,Male,0-14 years,0-14,3.0,187649.0,1.6
11371,Gonorrhea,280.0,Nebraska,2006.0,Male,15-19 years,15-19,107.0,67083.0,159.5
11372,Gonorrhea,280.0,Nebraska,2006.0,Male,20-24 years,20-24,177.0,69900.0,253.22
11373,Gonorrhea,280.0,Nebraska,2006.0,Male,25-29 years,25-29,108.0,60705.0,177.91
11374,Gonorrhea,280.0,Nebraska,2006.0,Male,30-34 years,30-34,73.0,56133.0,130.05
11375,Gonorrhea,280.0,Nebraska,2006.0,Male,35-39 years,35-39,42.0,57303.0,73.29
11376,Gonorrhea,280.0,Nebraska,2006.0,Male,40+ years,40+,41.0,377981.0,10.85
11377,Gonorrhea,280.0,Nebraska,2006.0,Male,Unknown,99,1.0,,
11378,Gonorrhea,280.0,Nebraska,2007.0,Male,0-14 years,0-14,2.0,188277.0,1.06
11379,Gonorrhea,280.0,Nebraska,2007.0,Male,15-19 years,15-19,112.0,66852.0,167.53
11380,Gonorrhea,280.0,Nebraska,2007.0,Male,20-24 years,20-24,207.0,68638.0,301.58
11381,Gonorrhea,280.0,Nebraska,2007.0,Male,25-29 years,25-29,120.0,63364.0,189.38
11382,Gonorrhea,280.0,Nebraska,2007.0,Male,30-34 years,30-34,52.0,55104.0,94.37
11383,Gonorrhea,280.0,Nebraska,2007.0,Male,35-39 years,35-39,30.0,57244.0,52.41
11384,Gonorrhea,280.0,Nebraska,2007.0,Male,40+ years,40+,60.0,379912.0,15.79
11385,Gonorrhea,280.0,Nebraska,2008.0,Male,0-14 years,0-14,6.0,189843.0,3.16
11386,Gonorrhea,280.0,Nebraska,2008.0,Male,15-19 years,15-19,121.0,66267.0,182.59
11387,Gonorrhea,280.0,Nebraska,2008.0,Male,20-24 years,20-24,168.0,68007.0,247.03
11388,Gonorrhea,280.0,Nebraska,2008.0,Male,25-29 years,25-29,112.0,64128.0,174.65
11389,Gonorrhea,280.0,Nebraska,2008.0,Male,30-34 years,30-34,63.0,55916.0,112.67
11390,Gonorrhea,280.0,Nebraska,2008.0,Male,35-39 years,35-39,45.0,56953.0,79.01
11391,Gonorrhea,280.0,Nebraska,2008.0,Male,40+ years,40+,53.0,383166.0,13.83
11392,Gonorrhea,280.0,Nebraska,2009.0,Male,0-14 years,0-14,2.0,193158.0,1.04
11393,Gonorrhea,280.0,Nebraska,2009.0,Male,15-19 years,15-19,113.0,66625.0,169.61
11394,Gonorrhea,280.0,Nebraska,2009.0,Male,20-24 years,20-24,175.0,71932.0,243.28
11395,Gonorrhea,280.0,Nebraska,2009.0,Male,25-29 years,25-29,110.0,65312.0,168.42
11396,Gonorrhea,280.0,Nebraska,2009.0,Male,30-34 years,30-34,74.0,54222.0,136.48
11397,Gonorrhea,280.0,Nebraska,2009.0,Male,35-39 years,35-39,30.0,56202.0,53.38
11398,Gonorrhea,280.0,Nebraska,2009.0,Male,40+ years,40+,49.0,384201.0,12.75
11399,Gonorrhea,280.0,Nebraska,2010.0,Male,0-14 years,0-14,1.0,196204.0,0.51
11400,Gonorrhea,280.0,Nebraska,2010.0,Male,15-19 years,15-19,96.0,66033.0,145.38
11401,Gonorrhea,280.0,Nebraska,2010.0,Male,20-24 years,20-24,195.0,66232.0,294.42
11402,Gonorrhea,280.0,Nebraska,2010.0,Male,25-29 years,25-29,102.0,65891.0,154.8
11403,Gonorrhea,280.0,Nebraska,2010.0,Male,30-34 years,30-34,46.0,59085.0,77.85
11404,Gonorrhea,280.0,Nebraska,2010.0,Male,35-39 years,35-39,34.0,56043.0,60.67
11405,Gonorrhea,280.0,Nebraska,2010.0,Male,40+ years,40+,37.0,396808.0,9.32
11406,Gonorrhea,280.0,Nebraska,2010.0,Male,Unknown,99,1.0,,
11407,Gonorrhea,280.0,Nebraska,2011.0,Male,15-19 years,15-19,114.0,66904.0,170.39
11408,Gonorrhea,280.0,Nebraska,2011.0,Male,20-24 years,20-24,181.0,66146.0,273.64
11409,Gonorrhea,280.0,Nebraska,2011.0,Male,25-29 years,25-29,110.0,65682.0,167.47
11410,Gonorrhea,280.0,Nebraska,2011.0,Male,30-34 years,30-34,47.0,61635.0,76.26
11411,Gonorrhea,280.0,Nebraska,2011.0,Male,35-39 years,35-39,37.0,55356.0,66.84
11412,Gonorrhea,280.0,Nebraska,2011.0,Male,40+ years,40+,38.0,402453.0,9.44
11413,Gonorrhea,280.0,Nebraska,2011.0,Male,Unknown,99,1.0,,
11414,Gonorrhea,280.0,Nebraska,2012.0,Male,0-14 years,0-14,1.0,198984.0,0.5
11415,Gonorrhea,280.0,Nebraska,2012.0,Male,15-19 years,15-19,93.0,65703.0,141.55
11416,Gonorrhea,280.0,Nebraska,2012.0,Male,20-24 years,20-24,242.0,67530.0,358.36
11417,Gonorrhea,280.0,Nebraska,2012.0,Male,25-29 years,25-29,127.0,65323.0,194.42
11418,Gonorrhea,280.0,Nebraska,2012.0,Male,30-34 years,30-34,78.0,63357.0,123.11
11419,Gonorrhea,280.0,Nebraska,2012.0,Male,35-39 years,35-39,36.0,55630.0,64.71
11420,Gonorrhea,280.0,Nebraska,2012.0,Male,40+ years,40+,64.0,405775.0,15.77
11421,Gonorrhea,280.0,Nebraska,2013.0,Male,0-14 years,0-14,4.0,199862.0,2.0
11422,Gonorrhea,280.0,Nebraska,2013.0,Male,15-19 years,15-19,83.0,65134.0,127.43
11423,Gonorrhea,280.0,Nebraska,2013.0,Male,20-24 years,20-24,195.0,69410.0,280.94
11424,Gonorrhea,280.0,Nebraska,2013.0,Male,25-29 years,25-29,171.0,64231.0,266.23
11425,Gonorrhea,280.0,Nebraska,2013.0,Male,30-34 years,30-34,94.0,65074.0,144.45
11426,Gonorrhea,280.0,Nebraska,2013.0,Male,35-39 years,35-39,50.0,57025.0,87.68
11427,Gonorrhea,280.0,Nebraska,2013.0,Male,40+ years,40+,77.0,409090.0,18.82
11428,Gonorrhea,280.0,Nebraska,2014.0,Male,0-14 years,0-14,3.0,199862.0,1.5
11429,Gonorrhea,280.0,Nebraska,2014.0,Male,15-19 years,15-19,85.0,65134.0,130.5
11430,Gonorrhea,280.0,Nebraska,2014.0,Male,20-24 years,20-24,192.0,69410.0,276.62
11431,Gonorrhea,280.0,Nebraska,2014.0,Male,25-29 years,25-29,175.0,64231.0,272.45
11432,Gonorrhea,280.0,Nebraska,2014.0,Male,30-34 years,30-34,94.0,65074.0,144.45
11433,Gonorrhea,280.0,Nebraska,2014.0,Male,35-39 years,35-39,53.0,57025.0,92.94
11434,Gonorrhea,280.0,Nebraska,2014.0,Male,40+ years,40+,84.0,409090.0,20.53
11435,Gonorrhea,280.0,Nevada,1996.0,Male,0-14 years,0-14,2.0,182787.0,1.09
11436,Gonorrhea,280.0,Nevada,1996.0,Male,15-19 years,15-19,108.0,52321.0,206.42
11437,Gonorrhea,280.0,Nevada,1996.0,Male,20-24 years,20-24,154.0,52565.0,292.97
11438,Gonorrhea,280.0,Nevada,1996.0,Male,25-29 years,25-29,120.0,67474.0,177.85
11439,Gonorrhea,280.0,Nevada,1996.0,Male,30-34 years,30-34,116.0,81733.0,141.93
11440,Gonorrhea,280.0,Nevada,1996.0,Male,35-39 years,35-39,74.0,75693.0,97.76
11441,Gonorrhea,280.0,Nevada,1996.0,Male,40+ years,40+,113.0,334875.0,33.74
11442,Gonorrhea,280.0,Nevada,1997.0,Male,0-14 years,0-14,4.0,192874.0,2.07
11443,Gonorrhea,280.0,Nevada,1997.0,Male,15-19 years,15-19,87.0,56514.0,153.94
11444,Gonorrhea,280.0,Nevada,1997.0,Male,20-24 years,20-24,110.0,56395.0,195.05
11445,Gonorrhea,280.0,Nevada,1997.0,Male,25-29 years,25-29,87.0,69761.0,124.71
11446,Gonorrhea,280.0,Nevada,1997.0,Male,30-34 years,30-34,77.0,83638.0,92.06
11447,Gonorrhea,280.0,Nevada,1997.0,Male,35-39 years,35-39,62.0,79976.0,77.52
11448,Gonorrhea,280.0,Nevada,1997.0,Male,40+ years,40+,79.0,358143.0,22.06
11449,Gonorrhea,280.0,Nevada,1997.0,Male,Unknown,99,6.0,,
11450,Gonorrhea,280.0,Nevada,1998.0,Male,0-14 years,0-14,6.0,204198.0,2.94
11451,Gonorrhea,280.0,Nevada,1998.0,Male,15-19 years,15-19,161.0,60418.0,266.48
11452,Gonorrhea,280.0,Nevada,1998.0,Male,20-24 years,20-24,188.0,59902.0,313.85
11453,Gonorrhea,280.0,Nevada,1998.0,Male,25-29 years,25-29,161.0,72313.0,222.64
11454,Gonorrhea,280.0,Nevada,1998.0,Male,30-34 years,30-34,121.0,83705.0,144.56
11455,Gonorrhea,280.0,Nevada,1998.0,Male,35-39 years,35-39,87.0,83226.0,104.53
11456,Gonorrhea,280.0,Nevada,1998.0,Male,40+ years,40+,128.0,379236.0,33.75
11457,Gonorrhea,280.0,Nevada,1998.0,Male,Unknown,99,2.0,,
11458,Gonorrhea,280.0,Nevada,1999.0,Male,0-14 years,0-14,6.0,215035.0,2.79
11459,Gonorrhea,280.0,Nevada,1999.0,Male,15-19 years,15-19,117.0,63440.0,184.43
11460,Gonorrhea,280.0,Nevada,1999.0,Male,20-24 years,20-24,209.0,64247.0,325.31
11461,Gonorrhea,280.0,Nevada,1999.0,Male,25-29 years,25-29,149.0,74785.0,199.24
11462,Gonorrhea,280.0,Nevada,1999.0,Male,30-34 years,30-34,105.0,83308.0,126.04
11463,Gonorrhea,280.0,Nevada,1999.0,Male,35-39 years,35-39,109.0,85861.0,126.95
11464,Gonorrhea,280.0,Nevada,1999.0,Male,40+ years,40+,126.0,398620.0,31.61
11465,Gonorrhea,280.0,Nevada,1999.0,Male,Unknown,99,1.0,,
11466,Gonorrhea,280.0,Nevada,2000.0,Male,0-14 years,0-14,6.0,237291.0,2.53
11467,Gonorrhea,280.0,Nevada,2000.0,Male,15-19 years,15-19,154.0,67497.0,228.16
11468,Gonorrhea,280.0,Nevada,2000.0,Male,20-24 years,20-24,240.0,67119.0,357.57
11469,Gonorrhea,280.0,Nevada,2000.0,Male,25-29 years,25-29,162.0,76017.0,213.11
11470,Gonorrhea,280.0,Nevada,2000.0,Male,30-34 years,30-34,128.0,82620.0,154.93
11471,Gonorrhea,280.0,Nevada,2000.0,Male,35-39 years,35-39,84.0,85662.0,98.06
11472,Gonorrhea,280.0,Nevada,2000.0,Male,40+ years,40+,153.0,412451.0,37.1
11473,Gonorrhea,280.0,Nevada,2000.0,Male,Unknown,99,8.0,,
11474,Gonorrhea,280.0,Nevada,2001.0,Male,0-14 years,0-14,6.0,240272.0,2.5
11475,Gonorrhea,280.0,Nevada,2001.0,Male,15-19 years,15-19,162.0,70063.0,231.22
11476,Gonorrhea,280.0,Nevada,2001.0,Male,20-24 years,20-24,274.0,68829.0,398.09
11477,Gonorrhea,280.0,Nevada,2001.0,Male,25-29 years,25-29,178.0,78618.0,226.41
11478,Gonorrhea,280.0,Nevada,2001.0,Male,30-34 years,30-34,136.0,87454.0,155.51
11479,Gonorrhea,280.0,Nevada,2001.0,Male,35-39 years,35-39,104.0,88383.0,117.67
11480,Gonorrhea,280.0,Nevada,2001.0,Male,40+ years,40+,123.0,434969.0,28.28
11481,Gonorrhea,280.0,Nevada,2001.0,Male,Unknown,99,10.0,,
11482,Gonorrhea,280.0,Nevada,2002.0,Male,0-14 years,0-14,9.0,248943.0,3.62
11483,Gonorrhea,280.0,Nevada,2002.0,Male,15-19 years,15-19,180.0,72951.0,246.74
11484,Gonorrhea,280.0,Nevada,2002.0,Male,20-24 years,20-24,252.0,69641.0,361.86
11485,Gonorrhea,280.0,Nevada,2002.0,Male,25-29 years,25-29,180.0,80219.0,224.39
11486,Gonorrhea,280.0,Nevada,2002.0,Male,30-34 years,30-34,151.0,90611.0,166.65
11487,Gonorrhea,280.0,Nevada,2002.0,Male,35-39 years,35-39,100.0,89207.0,112.1
11488,Gonorrhea,280.0,Nevada,2002.0,Male,40+ years,40+,142.0,455510.0,31.17
11489,Gonorrhea,280.0,Nevada,2002.0,Male,Unknown,99,8.0,,
11490,Gonorrhea,280.0,Nevada,2003.0,Male,0-14 years,0-14,3.0,252278.0,1.19
11491,Gonorrhea,280.0,Nevada,2003.0,Male,15-19 years,15-19,157.0,75188.0,208.81
11492,Gonorrhea,280.0,Nevada,2003.0,Male,20-24 years,20-24,285.0,74868.0,380.67
11493,Gonorrhea,280.0,Nevada,2003.0,Male,25-29 years,25-29,209.0,85101.0,245.59
11494,Gonorrhea,280.0,Nevada,2003.0,Male,30-34 years,30-34,166.0,94181.0,176.26
11495,Gonorrhea,280.0,Nevada,2003.0,Male,35-39 years,35-39,124.0,90848.0,136.49
11496,Gonorrhea,280.0,Nevada,2003.0,Male,40+ years,40+,209.0,469437.0,44.52
11497,Gonorrhea,280.0,Nevada,2003.0,Male,Unknown,99,5.0,,
11498,Gonorrhea,280.0,Nevada,2004.0,Male,0-14 years,0-14,3.0,261372.0,1.15
11499,Gonorrhea,280.0,Nevada,2004.0,Male,15-19 years,15-19,225.0,78952.0,284.98
11500,Gonorrhea,280.0,Nevada,2004.0,Male,20-24 years,20-24,388.0,78747.0,492.72
11501,Gonorrhea,280.0,Nevada,2004.0,Male,25-29 years,25-29,319.0,88499.0,360.46
11502,Gonorrhea,280.0,Nevada,2004.0,Male,30-34 years,30-34,259.0,96706.0,267.82
11503,Gonorrhea,280.0,Nevada,2004.0,Male,35-39 years,35-39,169.0,93215.0,181.3
11504,Gonorrhea,280.0,Nevada,2004.0,Male,40+ years,40+,285.0,491312.0,58.01
11505,Gonorrhea,280.0,Nevada,2004.0,Male,Unknown,99,10.0,,
11506,Gonorrhea,280.0,Nevada,2005.0,Male,0-14 years,0-14,7.0,267522.0,2.62
11507,Gonorrhea,280.0,Nevada,2005.0,Male,15-19 years,15-19,223.0,82998.0,268.68
11508,Gonorrhea,280.0,Nevada,2005.0,Male,20-24 years,20-24,366.0,82107.0,445.76
11509,Gonorrhea,280.0,Nevada,2005.0,Male,25-29 years,25-29,310.0,91145.0,340.12
11510,Gonorrhea,280.0,Nevada,2005.0,Male,30-34 years,30-34,196.0,97508.0,201.01
11511,Gonorrhea,280.0,Nevada,2005.0,Male,35-39 years,35-39,172.0,96103.0,178.97
11512,Gonorrhea,280.0,Nevada,2005.0,Male,40+ years,40+,258.0,511993.0,50.39
11513,Gonorrhea,280.0,Nevada,2005.0,Male,Unknown,99,3.0,,
11514,Gonorrhea,280.0,Nevada,2006.0,Male,0-14 years,0-14,11.0,271378.0,4.05
11515,Gonorrhea,280.0,Nevada,2006.0,Male,15-19 years,15-19,251.0,81720.0,307.15
11516,Gonorrhea,280.0,Nevada,2006.0,Male,20-24 years,20-24,396.0,83474.0,474.4
11517,Gonorrhea,280.0,Nevada,2006.0,Male,25-29 years,25-29,278.0,103059.0,269.75
11518,Gonorrhea,280.0,Nevada,2006.0,Male,30-34 years,30-34,193.0,94509.0,204.21
11519,Gonorrhea,280.0,Nevada,2006.0,Male,35-39 years,35-39,154.0,99293.0,155.1
11520,Gonorrhea,280.0,Nevada,2006.0,Male,40+ years,40+,243.0,535461.0,45.38
11521,Gonorrhea,280.0,Nevada,2006.0,Male,Unknown,99,7.0,,
11522,Gonorrhea,280.0,Nevada,2007.0,Male,0-14 years,0-14,7.0,283719.0,2.47
11523,Gonorrhea,280.0,Nevada,2007.0,Male,15-19 years,15-19,242.0,84202.0,287.4
11524,Gonorrhea,280.0,Nevada,2007.0,Male,20-24 years,20-24,332.0,81396.0,407.88
11525,Gonorrhea,280.0,Nevada,2007.0,Male,25-29 years,25-29,207.0,104497.0,198.09
11526,Gonorrhea,280.0,Nevada,2007.0,Male,30-34 years,30-34,135.0,96711.0,139.59
11527,Gonorrhea,280.0,Nevada,2007.0,Male,35-39 years,35-39,127.0,102004.0,124.5
11528,Gonorrhea,280.0,Nevada,2007.0,Male,40+ years,40+,239.0,554220.0,43.12
11529,Gonorrhea,280.0,Nevada,2007.0,Male,Unknown,99,2.0,,
11530,Gonorrhea,280.0,Nevada,2008.0,Male,0-14 years,0-14,4.0,287949.0,1.39
11531,Gonorrhea,280.0,Nevada,2008.0,Male,15-19 years,15-19,213.0,85185.0,250.04
11532,Gonorrhea,280.0,Nevada,2008.0,Male,20-24 years,20-24,313.0,80944.0,386.69
11533,Gonorrhea,280.0,Nevada,2008.0,Male,25-29 years,25-29,186.0,105090.0,176.99
11534,Gonorrhea,280.0,Nevada,2008.0,Male,30-34 years,30-34,130.0,98636.0,131.8
11535,Gonorrhea,280.0,Nevada,2008.0,Male,35-39 years,35-39,99.0,101711.0,97.33
11536,Gonorrhea,280.0,Nevada,2008.0,Male,40+ years,40+,215.0,565075.0,38.05
11537,Gonorrhea,280.0,Nevada,2009.0,Male,0-14 years,0-14,9.0,293983.0,3.06
11538,Gonorrhea,280.0,Nevada,2009.0,Male,15-19 years,15-19,191.0,89318.0,213.84
11539,Gonorrhea,280.0,Nevada,2009.0,Male,20-24 years,20-24,262.0,86024.0,304.57
11540,Gonorrhea,280.0,Nevada,2009.0,Male,25-29 years,25-29,155.0,106110.0,146.07
11541,Gonorrhea,280.0,Nevada,2009.0,Male,30-34 years,30-34,84.0,100108.0,83.91
11542,Gonorrhea,280.0,Nevada,2009.0,Male,35-39 years,35-39,66.0,99951.0,66.03
11543,Gonorrhea,280.0,Nevada,2009.0,Male,40+ years,40+,132.0,570552.0,23.14
11544,Gonorrhea,280.0,Nevada,2009.0,Male,Unknown,99,1.0,,
11545,Gonorrhea,280.0,Nevada,2010.0,Male,0-14 years,0-14,4.0,283217.0,1.41
11546,Gonorrhea,280.0,Nevada,2010.0,Male,15-19 years,15-19,189.0,94073.0,200.91
11547,Gonorrhea,280.0,Nevada,2010.0,Male,20-24 years,20-24,263.0,91148.0,288.54
11548,Gonorrhea,280.0,Nevada,2010.0,Male,25-29 years,25-29,146.0,100301.0,145.56
11549,Gonorrhea,280.0,Nevada,2010.0,Male,30-34 years,30-34,83.0,97802.0,84.87
11550,Gonorrhea,280.0,Nevada,2010.0,Male,35-39 years,35-39,70.0,97965.0,71.45
11551,Gonorrhea,280.0,Nevada,2010.0,Male,40+ years,40+,143.0,599110.0,23.87
11552,Gonorrhea,280.0,Nevada,2011.0,Male,0-14 years,0-14,9.0,282998.0,3.18
11553,Gonorrhea,280.0,Nevada,2011.0,Male,15-19 years,15-19,209.0,91525.0,228.35
11554,Gonorrhea,280.0,Nevada,2011.0,Male,20-24 years,20-24,317.0,94530.0,335.34
11555,Gonorrhea,280.0,Nevada,2011.0,Male,25-29 years,25-29,204.0,99953.0,204.1
11556,Gonorrhea,280.0,Nevada,2011.0,Male,30-34 years,30-34,125.0,99354.0,125.81
11557,Gonorrhea,280.0,Nevada,2011.0,Male,35-39 years,35-39,84.0,94209.0,89.16
11558,Gonorrhea,280.0,Nevada,2011.0,Male,40+ years,40+,173.0,611989.0,28.27
11559,Gonorrhea,280.0,Nevada,2012.0,Male,0-14 years,0-14,7.0,282085.0,2.48
11560,Gonorrhea,280.0,Nevada,2012.0,Male,15-19 years,15-19,224.0,91864.0,243.84
11561,Gonorrhea,280.0,Nevada,2012.0,Male,20-24 years,20-24,361.0,96553.0,373.89
11562,Gonorrhea,280.0,Nevada,2012.0,Male,25-29 years,25-29,245.0,100762.0,243.15
11563,Gonorrhea,280.0,Nevada,2012.0,Male,30-34 years,30-34,155.0,100540.0,154.17
11564,Gonorrhea,280.0,Nevada,2012.0,Male,35-39 years,35-39,84.0,93849.0,89.51
11565,Gonorrhea,280.0,Nevada,2012.0,Male,40+ years,40+,204.0,625554.0,32.61
11566,Gonorrhea,280.0,Nevada,2013.0,Male,0-14 years,0-14,8.0,281531.0,2.84
11567,Gonorrhea,280.0,Nevada,2013.0,Male,15-19 years,15-19,235.0,91316.0,257.35
11568,Gonorrhea,280.0,Nevada,2013.0,Male,20-24 years,20-24,359.0,96729.0,371.14
11569,Gonorrhea,280.0,Nevada,2013.0,Male,25-29 years,25-29,290.0,102072.0,284.11
11570,Gonorrhea,280.0,Nevada,2013.0,Male,30-34 years,30-34,218.0,101905.0,213.93
11571,Gonorrhea,280.0,Nevada,2013.0,Male,35-39 years,35-39,125.0,93537.0,133.64
11572,Gonorrhea,280.0,Nevada,2013.0,Male,40+ years,40+,273.0,638344.0,42.77
11573,Gonorrhea,280.0,Nevada,2013.0,Male,Unknown,99,1.0,,
11574,Gonorrhea,280.0,Nevada,2014.0,Male,0-14 years,0-14,10.0,281531.0,3.55
11575,Gonorrhea,280.0,Nevada,2014.0,Male,15-19 years,15-19,215.0,91316.0,235.45
11576,Gonorrhea,280.0,Nevada,2014.0,Male,20-24 years,20-24,448.0,96729.0,463.15
11577,Gonorrhea,280.0,Nevada,2014.0,Male,25-29 years,25-29,416.0,102072.0,407.56
11578,Gonorrhea,280.0,Nevada,2014.0,Male,30-34 years,30-34,257.0,101905.0,252.2
11579,Gonorrhea,280.0,Nevada,2014.0,Male,35-39 years,35-39,171.0,93537.0,182.81
11580,Gonorrhea,280.0,Nevada,2014.0,Male,40+ years,40+,374.0,638344.0,58.59
11581,Gonorrhea,280.0,Nevada,2014.0,Male,Unknown,99,1.0,,
11582,Gonorrhea,280.0,New Hampshire,1996.0,Male,15-19 years,15-19,9.0,39291.0,22.91
11583,Gonorrhea,280.0,New Hampshire,1996.0,Male,20-24 years,20-24,22.0,33198.0,66.27
11584,Gonorrhea,280.0,New Hampshire,1996.0,Male,25-29 years,25-29,10.0,38919.0,25.69
11585,Gonorrhea,280.0,New Hampshire,1996.0,Male,30-34 years,30-34,12.0,48726.0,24.63
11586,Gonorrhea,280.0,New Hampshire,1996.0,Male,35-39 years,35-39,1.0,55653.0,1.8
11587,Gonorrhea,280.0,New Hampshire,1996.0,Male,40+ years,40+,6.0,231487.0,2.59
11588,Gonorrhea,280.0,New Hampshire,1997.0,Male,15-19 years,15-19,7.0,40821.0,17.15
11589,Gonorrhea,280.0,New Hampshire,1997.0,Male,20-24 years,20-24,11.0,32556.0,33.79
11590,Gonorrhea,280.0,New Hampshire,1997.0,Male,25-29 years,25-29,7.0,38795.0,18.04
11591,Gonorrhea,280.0,New Hampshire,1997.0,Male,30-34 years,30-34,6.0,46710.0,12.85
11592,Gonorrhea,280.0,New Hampshire,1997.0,Male,35-39 years,35-39,4.0,55834.0,7.16
11593,Gonorrhea,280.0,New Hampshire,1997.0,Male,40+ years,40+,4.0,239559.0,1.67
11594,Gonorrhea,280.0,New Hampshire,1998.0,Male,15-19 years,15-19,7.0,42332.0,16.54
11595,Gonorrhea,280.0,New Hampshire,1998.0,Male,20-24 years,20-24,17.0,32825.0,51.79
11596,Gonorrhea,280.0,New Hampshire,1998.0,Male,25-29 years,25-29,6.0,37769.0,15.89
11597,Gonorrhea,280.0,New Hampshire,1998.0,Male,30-34 years,30-34,5.0,44892.0,11.14
11598,Gonorrhea,280.0,New Hampshire,1998.0,Male,35-39 years,35-39,6.0,55284.0,10.85
11599,Gonorrhea,280.0,New Hampshire,1998.0,Male,40+ years,40+,3.0,247724.0,1.21
11600,Gonorrhea,280.0,New Hampshire,1999.0,Male,15-19 years,15-19,12.0,43266.0,27.74
11601,Gonorrhea,280.0,New Hampshire,1999.0,Male,20-24 years,20-24,25.0,33638.0,74.32
11602,Gonorrhea,280.0,New Hampshire,1999.0,Male,25-29 years,25-29,4.0,36481.0,10.96
11603,Gonorrhea,280.0,New Hampshire,1999.0,Male,30-34 years,30-34,6.0,44068.0,13.62
11604,Gonorrhea,280.0,New Hampshire,1999.0,Male,35-39 years,35-39,4.0,54727.0,7.31
11605,Gonorrhea,280.0,New Hampshire,1999.0,Male,40+ years,40+,3.0,256820.0,1.17
11606,Gonorrhea,280.0,New Hampshire,2000.0,Male,15-19 years,15-19,4.0,44222.0,9.05
11607,Gonorrhea,280.0,New Hampshire,2000.0,Male,20-24 years,20-24,14.0,35116.0,39.87
11608,Gonorrhea,280.0,New Hampshire,2000.0,Male,25-29 years,25-29,13.0,35040.0,37.1
11609,Gonorrhea,280.0,New Hampshire,2000.0,Male,30-34 years,30-34,7.0,44123.0,15.86
11610,Gonorrhea,280.0,New Hampshire,2000.0,Male,35-39 years,35-39,8.0,53791.0,14.87
11611,Gonorrhea,280.0,New Hampshire,2000.0,Male,40+ years,40+,11.0,266169.0,4.13
11612,Gonorrhea,280.0,New Hampshire,2001.0,Male,15-19 years,15-19,6.0,45183.0,13.28
11613,Gonorrhea,280.0,New Hampshire,2001.0,Male,20-24 years,20-24,21.0,38009.0,55.25
11614,Gonorrhea,280.0,New Hampshire,2001.0,Male,25-29 years,25-29,12.0,34050.0,35.24
11615,Gonorrhea,280.0,New Hampshire,2001.0,Male,30-34 years,30-34,20.0,44538.0,44.91
11616,Gonorrhea,280.0,New Hampshire,2001.0,Male,35-39 years,35-39,9.0,53347.0,16.87
11617,Gonorrhea,280.0,New Hampshire,2001.0,Male,40+ years,40+,12.0,274641.0,4.37
11618,Gonorrhea,280.0,New Hampshire,2002.0,Male,15-19 years,15-19,2.0,46084.0,4.34
11619,Gonorrhea,280.0,New Hampshire,2002.0,Male,20-24 years,20-24,22.0,39906.0,55.13
11620,Gonorrhea,280.0,New Hampshire,2002.0,Male,25-29 years,25-29,7.0,33502.0,20.89
11621,Gonorrhea,280.0,New Hampshire,2002.0,Male,30-34 years,30-34,9.0,44375.0,20.28
11622,Gonorrhea,280.0,New Hampshire,2002.0,Male,35-39 years,35-39,13.0,52374.0,24.82
11623,Gonorrhea,280.0,New Hampshire,2002.0,Male,40+ years,40+,16.0,281910.0,5.68
11624,Gonorrhea,280.0,New Hampshire,2003.0,Male,0-14 years,0-14,1.0,127980.0,0.78
11625,Gonorrhea,280.0,New Hampshire,2003.0,Male,15-19 years,15-19,3.0,47302.0,6.34
11626,Gonorrhea,280.0,New Hampshire,2003.0,Male,20-24 years,20-24,13.0,41721.0,31.16
11627,Gonorrhea,280.0,New Hampshire,2003.0,Male,25-29 years,25-29,10.0,33261.0,30.07
11628,Gonorrhea,280.0,New Hampshire,2003.0,Male,30-34 years,30-34,7.0,41596.0,16.83
11629,Gonorrhea,280.0,New Hampshire,2003.0,Male,35-39 years,35-39,9.0,50586.0,17.79
11630,Gonorrhea,280.0,New Hampshire,2003.0,Male,40+ years,40+,25.0,292030.0,8.56
11631,Gonorrhea,280.0,New Hampshire,2004.0,Male,15-19 years,15-19,5.0,48251.0,10.36
11632,Gonorrhea,280.0,New Hampshire,2004.0,Male,20-24 years,20-24,19.0,42782.0,44.41
11633,Gonorrhea,280.0,New Hampshire,2004.0,Male,25-29 years,25-29,8.0,34395.0,23.26
11634,Gonorrhea,280.0,New Hampshire,2004.0,Male,30-34 years,30-34,5.0,40160.0,12.45
11635,Gonorrhea,280.0,New Hampshire,2004.0,Male,35-39 years,35-39,17.0,49158.0,34.58
11636,Gonorrhea,280.0,New Hampshire,2004.0,Male,40+ years,40+,25.0,299142.0,8.36
11637,Gonorrhea,280.0,New Hampshire,2005.0,Male,15-19 years,15-19,9.0,49088.0,18.33
11638,Gonorrhea,280.0,New Hampshire,2005.0,Male,20-24 years,20-24,24.0,43561.0,55.1
11639,Gonorrhea,280.0,New Hampshire,2005.0,Male,25-29 years,25-29,12.0,35982.0,33.35
11640,Gonorrhea,280.0,New Hampshire,2005.0,Male,30-34 years,30-34,6.0,38277.0,15.68
11641,Gonorrhea,280.0,New Hampshire,2005.0,Male,35-39 years,35-39,6.0,47864.0,12.54
11642,Gonorrhea,280.0,New Hampshire,2005.0,Male,40+ years,40+,23.0,305485.0,7.53
11643,Gonorrhea,280.0,New Hampshire,2006.0,Male,15-19 years,15-19,8.0,47525.0,16.83
11644,Gonorrhea,280.0,New Hampshire,2006.0,Male,20-24 years,20-24,20.0,43347.0,46.14
11645,Gonorrhea,280.0,New Hampshire,2006.0,Male,25-29 years,25-29,15.0,39101.0,38.36
11646,Gonorrhea,280.0,New Hampshire,2006.0,Male,30-34 years,30-34,11.0,39006.0,28.2
11647,Gonorrhea,280.0,New Hampshire,2006.0,Male,35-39 years,35-39,4.0,47486.0,8.42
11648,Gonorrhea,280.0,New Hampshire,2006.0,Male,40+ years,40+,25.0,309604.0,8.07
11649,Gonorrhea,280.0,New Hampshire,2007.0,Male,15-19 years,15-19,6.0,47658.0,12.59
11650,Gonorrhea,280.0,New Hampshire,2007.0,Male,20-24 years,20-24,23.0,42196.0,54.51
11651,Gonorrhea,280.0,New Hampshire,2007.0,Male,25-29 years,25-29,8.0,38602.0,20.72
11652,Gonorrhea,280.0,New Hampshire,2007.0,Male,30-34 years,30-34,9.0,37539.0,23.98
11653,Gonorrhea,280.0,New Hampshire,2007.0,Male,35-39 years,35-39,12.0,46428.0,25.85
11654,Gonorrhea,280.0,New Hampshire,2007.0,Male,40+ years,40+,17.0,313779.0,5.42
11655,Gonorrhea,280.0,New Hampshire,2008.0,Male,15-19 years,15-19,6.0,47055.0,12.75
11656,Gonorrhea,280.0,New Hampshire,2008.0,Male,20-24 years,20-24,15.0,42067.0,35.66
11657,Gonorrhea,280.0,New Hampshire,2008.0,Male,25-29 years,25-29,8.0,39229.0,20.39
11658,Gonorrhea,280.0,New Hampshire,2008.0,Male,30-34 years,30-34,10.0,36676.0,27.27
11659,Gonorrhea,280.0,New Hampshire,2008.0,Male,35-39 years,35-39,5.0,44881.0,11.14
11660,Gonorrhea,280.0,New Hampshire,2008.0,Male,40+ years,40+,7.0,317802.0,2.2
11661,Gonorrhea,280.0,New Hampshire,2009.0,Male,15-19 years,15-19,4.0,48238.0,8.29
11662,Gonorrhea,280.0,New Hampshire,2009.0,Male,20-24 years,20-24,11.0,45309.0,24.28
11663,Gonorrhea,280.0,New Hampshire,2009.0,Male,25-29 years,25-29,10.0,39515.0,25.31
11664,Gonorrhea,280.0,New Hampshire,2009.0,Male,30-34 years,30-34,4.0,35909.0,11.14
11665,Gonorrhea,280.0,New Hampshire,2009.0,Male,35-39 years,35-39,9.0,42447.0,21.2
11666,Gonorrhea,280.0,New Hampshire,2009.0,Male,40+ years,40+,21.0,321612.0,6.53
11667,Gonorrhea,280.0,New Hampshire,2010.0,Male,0-14 years,0-14,1.0,118724.0,0.84
11668,Gonorrhea,280.0,New Hampshire,2010.0,Male,15-19 years,15-19,9.0,47768.0,18.84
11669,Gonorrhea,280.0,New Hampshire,2010.0,Male,20-24 years,20-24,26.0,43098.0,60.33
11670,Gonorrhea,280.0,New Hampshire,2010.0,Male,25-29 years,25-29,22.0,36938.0,59.56
11671,Gonorrhea,280.0,New Hampshire,2010.0,Male,30-34 years,30-34,5.0,35301.0,14.16
11672,Gonorrhea,280.0,New Hampshire,2010.0,Male,35-39 years,35-39,4.0,40556.0,9.86
11673,Gonorrhea,280.0,New Hampshire,2010.0,Male,40+ years,40+,25.0,327009.0,7.65
11674,Gonorrhea,280.0,New Hampshire,2011.0,Male,15-19 years,15-19,4.0,47378.0,8.44
11675,Gonorrhea,280.0,New Hampshire,2011.0,Male,20-24 years,20-24,26.0,43731.0,59.45
11676,Gonorrhea,280.0,New Hampshire,2011.0,Male,25-29 years,25-29,16.0,37891.0,42.23
11677,Gonorrhea,280.0,New Hampshire,2011.0,Male,30-34 years,30-34,8.0,36128.0,22.14
11678,Gonorrhea,280.0,New Hampshire,2011.0,Male,35-39 years,35-39,4.0,38006.0,10.52
11679,Gonorrhea,280.0,New Hampshire,2011.0,Male,40+ years,40+,13.0,332036.0,3.92
11680,Gonorrhea,280.0,New Hampshire,2012.0,Male,15-19 years,15-19,6.0,47088.0,12.74
11681,Gonorrhea,280.0,New Hampshire,2012.0,Male,20-24 years,20-24,27.0,44016.0,61.34
11682,Gonorrhea,280.0,New Hampshire,2012.0,Male,25-29 years,25-29,24.0,38657.0,62.08
11683,Gonorrhea,280.0,New Hampshire,2012.0,Male,30-34 years,30-34,7.0,36907.0,18.97
11684,Gonorrhea,280.0,New Hampshire,2012.0,Male,35-39 years,35-39,4.0,36565.0,10.94
11685,Gonorrhea,280.0,New Hampshire,2012.0,Male,40+ years,40+,18.0,335614.0,5.36
11686,Gonorrhea,280.0,New Hampshire,2013.0,Male,15-19 years,15-19,2.0,46139.0,4.33
11687,Gonorrhea,280.0,New Hampshire,2013.0,Male,20-24 years,20-24,18.0,45047.0,39.96
11688,Gonorrhea,280.0,New Hampshire,2013.0,Male,25-29 years,25-29,14.0,39264.0,35.66
11689,Gonorrhea,280.0,New Hampshire,2013.0,Male,30-34 years,30-34,6.0,37758.0,15.89
11690,Gonorrhea,280.0,New Hampshire,2013.0,Male,35-39 years,35-39,6.0,35771.0,16.77
11691,Gonorrhea,280.0,New Hampshire,2013.0,Male,40+ years,40+,23.0,337909.0,6.81
11692,Gonorrhea,280.0,New Hampshire,2014.0,Male,15-19 years,15-19,12.0,46139.0,26.01
11693,Gonorrhea,280.0,New Hampshire,2014.0,Male,20-24 years,20-24,33.0,45047.0,73.26
11694,Gonorrhea,280.0,New Hampshire,2014.0,Male,25-29 years,25-29,42.0,39264.0,106.97
11695,Gonorrhea,280.0,New Hampshire,2014.0,Male,30-34 years,30-34,23.0,37758.0,60.91
11696,Gonorrhea,280.0,New Hampshire,2014.0,Male,35-39 years,35-39,3.0,35771.0,8.39
11697,Gonorrhea,280.0,New Hampshire,2014.0,Male,40+ years,40+,22.0,337909.0,6.51
11698,Gonorrhea,280.0,New Jersey,1996.0,Male,0-14 years,0-14,74.0,870743.0,8.5
11699,Gonorrhea,280.0,New Jersey,1996.0,Male,15-19 years,15-19,1045.0,261599.0,399.47
11700,Gonorrhea,280.0,New Jersey,1996.0,Male,20-24 years,20-24,1711.0,242227.0,706.36
11701,Gonorrhea,280.0,New Jersey,1996.0,Male,25-29 years,25-29,802.0,282318.0,284.08
11702,Gonorrhea,280.0,New Jersey,1996.0,Male,30-34 years,30-34,554.0,350436.0,158.09
11703,Gonorrhea,280.0,New Jersey,1996.0,Male,35-39 years,35-39,407.0,358164.0,113.64
11704,Gonorrhea,280.0,New Jersey,1996.0,Male,40+ years,40+,381.0,1582775.0,24.07
11705,Gonorrhea,280.0,New Jersey,1996.0,Male,Unknown,99,1.0,,
11706,Gonorrhea,280.0,New Jersey,1997.0,Male,0-14 years,0-14,27.0,874717.0,3.09
11707,Gonorrhea,280.0,New Jersey,1997.0,Male,15-19 years,15-19,766.0,264428.0,289.68
11708,Gonorrhea,280.0,New Jersey,1997.0,Male,20-24 years,20-24,1108.0,241636.0,458.54
11709,Gonorrhea,280.0,New Jersey,1997.0,Male,25-29 years,25-29,719.0,278306.0,258.35
11710,Gonorrhea,280.0,New Jersey,1997.0,Male,30-34 years,30-34,460.0,344012.0,133.72
11711,Gonorrhea,280.0,New Jersey,1997.0,Male,35-39 years,35-39,359.0,362091.0,99.15
11712,Gonorrhea,280.0,New Jersey,1997.0,Male,40+ years,40+,437.0,1617950.0,27.01
11713,Gonorrhea,280.0,New Jersey,1997.0,Male,Unknown,99,123.0,,
11714,Gonorrhea,280.0,New Jersey,1998.0,Male,0-14 years,0-14,35.0,880750.0,3.97
11715,Gonorrhea,280.0,New Jersey,1998.0,Male,15-19 years,15-19,779.0,267577.0,291.13
11716,Gonorrhea,280.0,New Jersey,1998.0,Male,20-24 years,20-24,1165.0,241812.0,481.78
11717,Gonorrhea,280.0,New Jersey,1998.0,Male,25-29 years,25-29,787.0,276266.0,284.87
11718,Gonorrhea,280.0,New Jersey,1998.0,Male,30-34 years,30-34,470.0,335211.0,140.21
11719,Gonorrhea,280.0,New Jersey,1998.0,Male,35-39 years,35-39,321.0,363391.0,88.33
11720,Gonorrhea,280.0,New Jersey,1998.0,Male,40+ years,40+,439.0,1653243.0,26.55
11721,Gonorrhea,280.0,New Jersey,1998.0,Male,Unknown,99,98.0,,
11722,Gonorrhea,280.0,New Jersey,1999.0,Male,0-14 years,0-14,25.0,891653.0,2.8
11723,Gonorrhea,280.0,New Jersey,1999.0,Male,15-19 years,15-19,764.0,269267.0,283.73
11724,Gonorrhea,280.0,New Jersey,1999.0,Male,20-24 years,20-24,1139.0,243493.0,467.77
11725,Gonorrhea,280.0,New Jersey,1999.0,Male,25-29 years,25-29,715.0,274458.0,260.51
11726,Gonorrhea,280.0,New Jersey,1999.0,Male,30-34 years,30-34,480.0,325341.0,147.54
11727,Gonorrhea,280.0,New Jersey,1999.0,Male,35-39 years,35-39,345.0,362946.0,95.06
11728,Gonorrhea,280.0,New Jersey,1999.0,Male,40+ years,40+,467.0,1688163.0,27.66
11729,Gonorrhea,280.0,New Jersey,1999.0,Male,Unknown,99,84.0,,
11730,Gonorrhea,280.0,New Jersey,2000.0,Male,0-14 years,0-14,61.0,903971.0,6.75
11731,Gonorrhea,280.0,New Jersey,2000.0,Male,15-19 years,15-19,697.0,273583.0,254.77
11732,Gonorrhea,280.0,New Jersey,2000.0,Male,20-24 years,20-24,1026.0,244381.0,419.84
11733,Gonorrhea,280.0,New Jersey,2000.0,Male,25-29 years,25-29,686.0,269655.0,254.4
11734,Gonorrhea,280.0,New Jersey,2000.0,Male,30-34 years,30-34,439.0,318387.0,137.88
11735,Gonorrhea,280.0,New Jersey,2000.0,Male,35-39 years,35-39,308.0,359431.0,85.69
11736,Gonorrhea,280.0,New Jersey,2000.0,Male,40+ years,40+,396.0,1723356.0,22.98
11737,Gonorrhea,280.0,New Jersey,2000.0,Male,Unknown,99,41.0,,
11738,Gonorrhea,280.0,New Jersey,2001.0,Male,0-14 years,0-14,45.0,906758.0,4.96
11739,Gonorrhea,280.0,New Jersey,2001.0,Male,15-19 years,15-19,712.0,282297.0,252.22
11740,Gonorrhea,280.0,New Jersey,2001.0,Male,20-24 years,20-24,1287.0,244899.0,525.52
11741,Gonorrhea,280.0,New Jersey,2001.0,Male,25-29 years,25-29,787.0,261887.0,300.51
11742,Gonorrhea,280.0,New Jersey,2001.0,Male,30-34 years,30-34,541.0,315917.0,171.25
11743,Gonorrhea,280.0,New Jersey,2001.0,Male,35-39 years,35-39,420.0,357935.0,117.34
11744,Gonorrhea,280.0,New Jersey,2001.0,Male,40+ years,40+,521.0,1763427.0,29.54
11745,Gonorrhea,280.0,New Jersey,2001.0,Male,Unknown,99,78.0,,
11746,Gonorrhea,280.0,New Jersey,2002.0,Male,0-14 years,0-14,35.0,911710.0,3.84
11747,Gonorrhea,280.0,New Jersey,2002.0,Male,15-19 years,15-19,817.0,287607.0,284.07
11748,Gonorrhea,280.0,New Jersey,2002.0,Male,20-24 years,20-24,1173.0,244649.0,479.46
11749,Gonorrhea,280.0,New Jersey,2002.0,Male,25-29 years,25-29,734.0,254769.0,288.1
11750,Gonorrhea,280.0,New Jersey,2002.0,Male,30-34 years,30-34,425.0,312626.0,135.94
11751,Gonorrhea,280.0,New Jersey,2002.0,Male,35-39 years,35-39,303.0,352593.0,85.93
11752,Gonorrhea,280.0,New Jersey,2002.0,Male,40+ years,40+,431.0,1809973.0,23.81
11753,Gonorrhea,280.0,New Jersey,2002.0,Male,Unknown,99,12.0,,
11754,Gonorrhea,280.0,New Jersey,2003.0,Male,0-14 years,0-14,26.0,909837.0,2.86
11755,Gonorrhea,280.0,New Jersey,2003.0,Male,15-19 years,15-19,674.0,293461.0,229.67
11756,Gonorrhea,280.0,New Jersey,2003.0,Male,20-24 years,20-24,1014.0,260058.0,389.91
11757,Gonorrhea,280.0,New Jersey,2003.0,Male,25-29 years,25-29,631.0,255688.0,246.78
11758,Gonorrhea,280.0,New Jersey,2003.0,Male,30-34 years,30-34,359.0,305586.0,117.48
11759,Gonorrhea,280.0,New Jersey,2003.0,Male,35-39 years,35-39,270.0,343980.0,78.49
11760,Gonorrhea,280.0,New Jersey,2003.0,Male,40+ years,40+,367.0,1835002.0,20.0
11761,Gonorrhea,280.0,New Jersey,2003.0,Male,Unknown,99,48.0,,
11762,Gonorrhea,280.0,New Jersey,2004.0,Male,0-14 years,0-14,15.0,916410.0,1.64
11763,Gonorrhea,280.0,New Jersey,2004.0,Male,15-19 years,15-19,582.0,301084.0,193.3
11764,Gonorrhea,280.0,New Jersey,2004.0,Male,20-24 years,20-24,895.0,267042.0,335.15
11765,Gonorrhea,280.0,New Jersey,2004.0,Male,25-29 years,25-29,535.0,254862.0,209.92
11766,Gonorrhea,280.0,New Jersey,2004.0,Male,30-34 years,30-34,330.0,297477.0,110.93
11767,Gonorrhea,280.0,New Jersey,2004.0,Male,35-39 years,35-39,243.0,335439.0,72.44
11768,Gonorrhea,280.0,New Jersey,2004.0,Male,40+ years,40+,436.0,1863539.0,23.4
11769,Gonorrhea,280.0,New Jersey,2004.0,Male,Unknown,99,53.0,,
11770,Gonorrhea,280.0,New Jersey,2005.0,Male,0-14 years,0-14,16.0,912706.0,1.75
11771,Gonorrhea,280.0,New Jersey,2005.0,Male,15-19 years,15-19,473.0,308623.0,153.26
11772,Gonorrhea,280.0,New Jersey,2005.0,Male,20-24 years,20-24,734.0,272301.0,269.56
11773,Gonorrhea,280.0,New Jersey,2005.0,Male,25-29 years,25-29,482.0,253343.0,190.26
11774,Gonorrhea,280.0,New Jersey,2005.0,Male,30-34 years,30-34,295.0,286207.0,103.07
11775,Gonorrhea,280.0,New Jersey,2005.0,Male,35-39 years,35-39,239.0,328240.0,72.81
11776,Gonorrhea,280.0,New Jersey,2005.0,Male,40+ years,40+,373.0,1887477.0,19.76
11777,Gonorrhea,280.0,New Jersey,2005.0,Male,Unknown,99,33.0,,
11778,Gonorrhea,280.0,New Jersey,2006.0,Male,0-14 years,0-14,10.0,877536.0,1.14
11779,Gonorrhea,280.0,New Jersey,2006.0,Male,15-19 years,15-19,502.0,305564.0,164.29
11780,Gonorrhea,280.0,New Jersey,2006.0,Male,20-24 years,20-24,712.0,280459.0,253.87
11781,Gonorrhea,280.0,New Jersey,2006.0,Male,25-29 years,25-29,517.0,262823.0,196.71
11782,Gonorrhea,280.0,New Jersey,2006.0,Male,30-34 years,30-34,300.0,288107.0,104.13
11783,Gonorrhea,280.0,New Jersey,2006.0,Male,35-39 years,35-39,239.0,328971.0,72.65
11784,Gonorrhea,280.0,New Jersey,2006.0,Male,40+ years,40+,356.0,1918831.0,18.55
11785,Gonorrhea,280.0,New Jersey,2006.0,Male,Unknown,99,21.0,,
11786,Gonorrhea,280.0,New Jersey,2007.0,Male,0-14 years,0-14,18.0,868043.0,2.07
11787,Gonorrhea,280.0,New Jersey,2007.0,Male,15-19 years,15-19,618.0,305734.0,202.14
11788,Gonorrhea,280.0,New Jersey,2007.0,Male,20-24 years,20-24,875.0,277403.0,315.43
11789,Gonorrhea,280.0,New Jersey,2007.0,Male,25-29 years,25-29,570.0,264987.0,215.1
11790,Gonorrhea,280.0,New Jersey,2007.0,Male,30-34 years,30-34,322.0,280055.0,114.98
11791,Gonorrhea,280.0,New Jersey,2007.0,Male,35-39 years,35-39,224.0,321895.0,69.59
11792,Gonorrhea,280.0,New Jersey,2007.0,Male,40+ years,40+,360.0,1930749.0,18.65
11793,Gonorrhea,280.0,New Jersey,2007.0,Male,Unknown,99,27.0,,
11794,Gonorrhea,280.0,New Jersey,2008.0,Male,0-14 years,0-14,14.0,864059.0,1.62
11795,Gonorrhea,280.0,New Jersey,2008.0,Male,15-19 years,15-19,608.0,303978.0,200.01
11796,Gonorrhea,280.0,New Jersey,2008.0,Male,20-24 years,20-24,725.0,276388.0,262.31
11797,Gonorrhea,280.0,New Jersey,2008.0,Male,25-29 years,25-29,456.0,269372.0,169.28
11798,Gonorrhea,280.0,New Jersey,2008.0,Male,30-34 years,30-34,234.0,275989.0,84.79
11799,Gonorrhea,280.0,New Jersey,2008.0,Male,35-39 years,35-39,170.0,313818.0,54.17
11800,Gonorrhea,280.0,New Jersey,2008.0,Male,40+ years,40+,264.0,1948178.0,13.55
11801,Gonorrhea,280.0,New Jersey,2008.0,Male,Unknown,99,12.0,,
11802,Gonorrhea,280.0,New Jersey,2009.0,Male,0-14 years,0-14,13.0,864940.0,1.5
11803,Gonorrhea,280.0,New Jersey,2009.0,Male,15-19 years,15-19,464.0,298109.0,155.65
11804,Gonorrhea,280.0,New Jersey,2009.0,Male,20-24 years,20-24,763.0,271983.0,280.53
11805,Gonorrhea,280.0,New Jersey,2009.0,Male,25-29 years,25-29,447.0,286769.0,155.88
11806,Gonorrhea,280.0,New Jersey,2009.0,Male,30-34 years,30-34,227.0,283292.0,80.13
11807,Gonorrhea,280.0,New Jersey,2009.0,Male,35-39 years,35-39,147.0,300902.0,48.85
11808,Gonorrhea,280.0,New Jersey,2009.0,Male,40+ years,40+,248.0,1962349.0,12.64
11809,Gonorrhea,280.0,New Jersey,2009.0,Male,Unknown,99,17.0,,
11810,Gonorrhea,280.0,New Jersey,2010.0,Male,0-14 years,0-14,13.0,865206.0,1.5
11811,Gonorrhea,280.0,New Jersey,2010.0,Male,15-19 years,15-19,606.0,309344.0,195.9
11812,Gonorrhea,280.0,New Jersey,2010.0,Male,20-24 years,20-24,891.0,279430.0,318.86
11813,Gonorrhea,280.0,New Jersey,2010.0,Male,25-29 years,25-29,485.0,277775.0,174.6
11814,Gonorrhea,280.0,New Jersey,2010.0,Male,30-34 years,30-34,242.0,275366.0,87.88
11815,Gonorrhea,280.0,New Jersey,2010.0,Male,35-39 years,35-39,161.0,289398.0,55.63
11816,Gonorrhea,280.0,New Jersey,2010.0,Male,40+ years,40+,313.0,1983081.0,15.78
11817,Gonorrhea,280.0,New Jersey,2010.0,Male,Unknown,99,16.0,,
11818,Gonorrhea,280.0,New Jersey,2011.0,Male,0-14 years,0-14,24.0,858082.0,2.8
11819,Gonorrhea,280.0,New Jersey,2011.0,Male,15-19 years,15-19,756.0,305437.0,247.51
11820,Gonorrhea,280.0,New Jersey,2011.0,Male,20-24 years,20-24,1044.0,282734.0,369.25
11821,Gonorrhea,280.0,New Jersey,2011.0,Male,25-29 years,25-29,622.0,282229.0,220.39
11822,Gonorrhea,280.0,New Jersey,2011.0,Male,30-34 years,30-34,342.0,280355.0,121.99
11823,Gonorrhea,280.0,New Jersey,2011.0,Male,35-39 years,35-39,177.0,280292.0,63.15
11824,Gonorrhea,280.0,New Jersey,2011.0,Male,40+ years,40+,412.0,2011063.0,20.49
11825,Gonorrhea,280.0,New Jersey,2011.0,Male,Unknown,99,23.0,,
11826,Gonorrhea,280.0,New Jersey,2012.0,Male,0-14 years,0-14,17.0,851840.0,2.0
11827,Gonorrhea,280.0,New Jersey,2012.0,Male,15-19 years,15-19,494.0,303503.0,162.77
11828,Gonorrhea,280.0,New Jersey,2012.0,Male,20-24 years,20-24,1036.0,287345.0,360.54
11829,Gonorrhea,280.0,New Jersey,2012.0,Male,25-29 years,25-29,613.0,285420.0,214.77
11830,Gonorrhea,280.0,New Jersey,2012.0,Male,30-34 years,30-34,340.0,284221.0,119.62
11831,Gonorrhea,280.0,New Jersey,2012.0,Male,35-39 years,35-39,190.0,278267.0,68.28
11832,Gonorrhea,280.0,New Jersey,2012.0,Male,40+ years,40+,438.0,2033089.0,21.54
11833,Gonorrhea,280.0,New Jersey,2012.0,Male,Unknown,99,545.0,,
11834,Gonorrhea,280.0,New Jersey,2013.0,Male,0-14 years,0-14,21.0,851654.0,2.47
11835,Gonorrhea,280.0,New Jersey,2013.0,Male,15-19 years,15-19,535.0,298956.0,178.96
11836,Gonorrhea,280.0,New Jersey,2013.0,Male,20-24 years,20-24,1048.0,292001.0,358.9
11837,Gonorrhea,280.0,New Jersey,2013.0,Male,25-29 years,25-29,663.0,287957.0,230.24
11838,Gonorrhea,280.0,New Jersey,2013.0,Male,30-34 years,30-34,436.0,286864.0,151.99
11839,Gonorrhea,280.0,New Jersey,2013.0,Male,35-39 years,35-39,224.0,278509.0,80.43
11840,Gonorrhea,280.0,New Jersey,2013.0,Male,40+ years,40+,553.0,2048024.0,27.0
11841,Gonorrhea,280.0,New Jersey,2013.0,Male,Unknown,99,34.0,,
11842,Gonorrhea,280.0,New Jersey,2014.0,Male,0-14 years,0-14,19.0,851654.0,2.23
11843,Gonorrhea,280.0,New Jersey,2014.0,Male,15-19 years,15-19,465.0,298956.0,155.54
11844,Gonorrhea,280.0,New Jersey,2014.0,Male,20-24 years,20-24,1077.0,292001.0,368.83
11845,Gonorrhea,280.0,New Jersey,2014.0,Male,25-29 years,25-29,746.0,287957.0,259.07
11846,Gonorrhea,280.0,New Jersey,2014.0,Male,30-34 years,30-34,428.0,286864.0,149.2
11847,Gonorrhea,280.0,New Jersey,2014.0,Male,35-39 years,35-39,259.0,278509.0,93.0
11848,Gonorrhea,280.0,New Jersey,2014.0,Male,40+ years,40+,534.0,2048024.0,26.07
11849,Gonorrhea,280.0,New Jersey,2014.0,Male,Unknown,99,16.0,,
11850,Gonorrhea,280.0,New Mexico,1996.0,Male,15-19 years,15-19,75.0,71270.0,105.23
11851,Gonorrhea,280.0,New Mexico,1996.0,Male,20-24 years,20-24,132.0,59663.0,221.24
11852,Gonorrhea,280.0,New Mexico,1996.0,Male,25-29 years,25-29,73.0,56031.0,130.28
11853,Gonorrhea,280.0,New Mexico,1996.0,Male,30-34 years,30-34,67.0,67744.0,98.9
11854,Gonorrhea,280.0,New Mexico,1996.0,Male,35-39 years,35-39,46.0,72450.0,63.49
11855,Gonorrhea,280.0,New Mexico,1996.0,Male,40+ years,40+,54.0,321257.0,16.81
11856,Gonorrhea,280.0,New Mexico,1997.0,Male,0-14 years,0-14,1.0,216497.0,0.46
11857,Gonorrhea,280.0,New Mexico,1997.0,Male,15-19 years,15-19,62.0,73101.0,84.81
11858,Gonorrhea,280.0,New Mexico,1997.0,Male,20-24 years,20-24,124.0,59985.0,206.72
11859,Gonorrhea,280.0,New Mexico,1997.0,Male,25-29 years,25-29,74.0,56040.0,132.05
11860,Gonorrhea,280.0,New Mexico,1997.0,Male,30-34 years,30-34,54.0,64695.0,83.47
11861,Gonorrhea,280.0,New Mexico,1997.0,Male,35-39 years,35-39,42.0,72197.0,58.17
11862,Gonorrhea,280.0,New Mexico,1997.0,Male,40+ years,40+,53.0,331291.0,16.0
11863,Gonorrhea,280.0,New Mexico,1998.0,Male,0-14 years,0-14,1.0,215264.0,0.46
11864,Gonorrhea,280.0,New Mexico,1998.0,Male,15-19 years,15-19,80.0,74547.0,107.31
11865,Gonorrhea,280.0,New Mexico,1998.0,Male,20-24 years,20-24,116.0,60279.0,192.44
11866,Gonorrhea,280.0,New Mexico,1998.0,Male,25-29 years,25-29,72.0,56765.0,126.84
11867,Gonorrhea,280.0,New Mexico,1998.0,Male,30-34 years,30-34,48.0,62063.0,77.34
11868,Gonorrhea,280.0,New Mexico,1998.0,Male,35-39 years,35-39,55.0,71882.0,76.51
11869,Gonorrhea,280.0,New Mexico,1998.0,Male,40+ years,40+,49.0,341921.0,14.33
11870,Gonorrhea,280.0,New Mexico,1998.0,Male,Unknown,99,3.0,,
11871,Gonorrhea,280.0,New Mexico,1999.0,Male,0-14 years,0-14,4.0,214430.0,1.87
11872,Gonorrhea,280.0,New Mexico,1999.0,Male,15-19 years,15-19,119.0,74889.0,158.9
11873,Gonorrhea,280.0,New Mexico,1999.0,Male,20-24 years,20-24,128.0,60797.0,210.54
11874,Gonorrhea,280.0,New Mexico,1999.0,Male,25-29 years,25-29,58.0,57285.0,101.25
11875,Gonorrhea,280.0,New Mexico,1999.0,Male,30-34 years,30-34,59.0,59891.0,98.51
11876,Gonorrhea,280.0,New Mexico,1999.0,Male,35-39 years,35-39,34.0,70875.0,47.97
11877,Gonorrhea,280.0,New Mexico,1999.0,Male,40+ years,40+,43.0,351254.0,12.24
11878,Gonorrhea,280.0,New Mexico,2000.0,Male,0-14 years,0-14,5.0,210376.0,2.38
11879,Gonorrhea,280.0,New Mexico,2000.0,Male,15-19 years,15-19,90.0,74763.0,120.38
11880,Gonorrhea,280.0,New Mexico,2000.0,Male,20-24 years,20-24,176.0,62192.0,283.0
11881,Gonorrhea,280.0,New Mexico,2000.0,Male,25-29 years,25-29,111.0,57547.0,192.89
11882,Gonorrhea,280.0,New Mexico,2000.0,Male,30-34 years,30-34,61.0,59416.0,102.67
11883,Gonorrhea,280.0,New Mexico,2000.0,Male,35-39 years,35-39,59.0,69082.0,85.41
11884,Gonorrhea,280.0,New Mexico,2000.0,Male,40+ years,40+,63.0,362242.0,17.39
11885,Gonorrhea,280.0,New Mexico,2000.0,Male,Unknown,99,7.0,,
11886,Gonorrhea,280.0,New Mexico,2001.0,Male,0-14 years,0-14,2.0,209709.0,0.95
11887,Gonorrhea,280.0,New Mexico,2001.0,Male,15-19 years,15-19,90.0,75459.0,119.27
11888,Gonorrhea,280.0,New Mexico,2001.0,Male,20-24 years,20-24,159.0,64175.0,247.76
11889,Gonorrhea,280.0,New Mexico,2001.0,Male,25-29 years,25-29,99.0,56312.0,175.81
11890,Gonorrhea,280.0,New Mexico,2001.0,Male,30-34 years,30-34,66.0,59066.0,111.74
11891,Gonorrhea,280.0,New Mexico,2001.0,Male,35-39 years,35-39,62.0,66391.0,93.39
11892,Gonorrhea,280.0,New Mexico,2001.0,Male,40+ years,40+,73.0,368986.0,19.78
11893,Gonorrhea,280.0,New Mexico,2001.0,Male,Unknown,99,4.0,,
11894,Gonorrhea,280.0,New Mexico,2002.0,Male,0-14 years,0-14,1.0,208997.0,0.48
11895,Gonorrhea,280.0,New Mexico,2002.0,Male,15-19 years,15-19,124.0,76356.0,162.4
11896,Gonorrhea,280.0,New Mexico,2002.0,Male,20-24 years,20-24,209.0,67182.0,311.1
11897,Gonorrhea,280.0,New Mexico,2002.0,Male,25-29 years,25-29,135.0,56796.0,237.69
11898,Gonorrhea,280.0,New Mexico,2002.0,Male,30-34 years,30-34,71.0,59596.0,119.14
11899,Gonorrhea,280.0,New Mexico,2002.0,Male,35-39 years,35-39,61.0,64222.0,94.98
11900,Gonorrhea,280.0,New Mexico,2002.0,Male,40+ years,40+,107.0,379010.0,28.23
11901,Gonorrhea,280.0,New Mexico,2002.0,Male,Unknown,99,8.0,,
11902,Gonorrhea,280.0,New Mexico,2003.0,Male,15-19 years,15-19,94.0,76312.0,123.18
11903,Gonorrhea,280.0,New Mexico,2003.0,Male,20-24 years,20-24,174.0,71113.0,244.68
11904,Gonorrhea,280.0,New Mexico,2003.0,Male,25-29 years,25-29,96.0,57569.0,166.76
11905,Gonorrhea,280.0,New Mexico,2003.0,Male,30-34 years,30-34,69.0,58340.0,118.27
11906,Gonorrhea,280.0,New Mexico,2003.0,Male,35-39 years,35-39,57.0,60898.0,93.6
11907,Gonorrhea,280.0,New Mexico,2003.0,Male,40+ years,40+,75.0,388496.0,19.31
11908,Gonorrhea,280.0,New Mexico,2003.0,Male,Unknown,99,2.0,,
11909,Gonorrhea,280.0,New Mexico,2004.0,Male,15-19 years,15-19,87.0,75993.0,114.48
11910,Gonorrhea,280.0,New Mexico,2004.0,Male,20-24 years,20-24,189.0,74964.0,252.12
11911,Gonorrhea,280.0,New Mexico,2004.0,Male,25-29 years,25-29,105.0,59849.0,175.44
11912,Gonorrhea,280.0,New Mexico,2004.0,Male,30-34 years,30-34,53.0,58689.0,90.31
11913,Gonorrhea,280.0,New Mexico,2004.0,Male,35-39 years,35-39,47.0,60166.0,78.12
11914,Gonorrhea,280.0,New Mexico,2004.0,Male,40+ years,40+,70.0,401129.0,17.45
11915,Gonorrhea,280.0,New Mexico,2004.0,Male,Unknown,99,6.0,,
11916,Gonorrhea,280.0,New Mexico,2005.0,Male,0-14 years,0-14,1.0,203530.0,0.49
11917,Gonorrhea,280.0,New Mexico,2005.0,Male,15-19 years,15-19,115.0,76092.0,151.13
11918,Gonorrhea,280.0,New Mexico,2005.0,Male,20-24 years,20-24,220.0,76822.0,286.38
11919,Gonorrhea,280.0,New Mexico,2005.0,Male,25-29 years,25-29,147.0,62255.0,236.13
11920,Gonorrhea,280.0,New Mexico,2005.0,Male,30-34 years,30-34,65.0,57875.0,112.31
11921,Gonorrhea,280.0,New Mexico,2005.0,Male,35-39 years,35-39,51.0,59811.0,85.27
11922,Gonorrhea,280.0,New Mexico,2005.0,Male,40+ years,40+,63.0,412019.0,15.29
11923,Gonorrhea,280.0,New Mexico,2005.0,Male,Unknown,99,6.0,,
11924,Gonorrhea,280.0,New Mexico,2006.0,Male,0-14 years,0-14,2.0,213489.0,0.94
11925,Gonorrhea,280.0,New Mexico,2006.0,Male,15-19 years,15-19,101.0,75508.0,133.76
11926,Gonorrhea,280.0,New Mexico,2006.0,Male,20-24 years,20-24,242.0,75859.0,319.01
11927,Gonorrhea,280.0,New Mexico,2006.0,Male,25-29 years,25-29,165.0,69712.0,236.69
11928,Gonorrhea,280.0,New Mexico,2006.0,Male,30-34 years,30-34,82.0,60780.0,134.91
11929,Gonorrhea,280.0,New Mexico,2006.0,Male,35-39 years,35-39,43.0,61105.0,70.37
11930,Gonorrhea,280.0,New Mexico,2006.0,Male,40+ years,40+,94.0,408355.0,23.02
11931,Gonorrhea,280.0,New Mexico,2006.0,Male,Unknown,99,1.0,,
11932,Gonorrhea,280.0,New Mexico,2007.0,Male,0-14 years,0-14,3.0,209797.0,1.43
11933,Gonorrhea,280.0,New Mexico,2007.0,Male,15-19 years,15-19,143.0,74350.0,192.33
11934,Gonorrhea,280.0,New Mexico,2007.0,Male,20-24 years,20-24,284.0,76016.0,373.61
11935,Gonorrhea,280.0,New Mexico,2007.0,Male,25-29 years,25-29,174.0,72662.0,239.47
11936,Gonorrhea,280.0,New Mexico,2007.0,Male,30-34 years,30-34,69.0,62066.0,111.17
11937,Gonorrhea,280.0,New Mexico,2007.0,Male,35-39 years,35-39,54.0,61507.0,87.79
11938,Gonorrhea,280.0,New Mexico,2007.0,Male,40+ years,40+,94.0,415375.0,22.63
11939,Gonorrhea,280.0,New Mexico,2007.0,Male,Unknown,99,1.0,,
11940,Gonorrhea,280.0,New Mexico,2008.0,Male,15-19 years,15-19,104.0,73607.0,141.29
11941,Gonorrhea,280.0,New Mexico,2008.0,Male,20-24 years,20-24,243.0,74093.0,327.97
11942,Gonorrhea,280.0,New Mexico,2008.0,Male,25-29 years,25-29,124.0,74149.0,167.23
11943,Gonorrhea,280.0,New Mexico,2008.0,Male,30-34 years,30-34,56.0,63003.0,88.88
11944,Gonorrhea,280.0,New Mexico,2008.0,Male,35-39 years,35-39,37.0,61181.0,60.48
11945,Gonorrhea,280.0,New Mexico,2008.0,Male,40+ years,40+,55.0,420267.0,13.09
11946,Gonorrhea,280.0,New Mexico,2009.0,Male,0-14 years,0-14,2.0,216760.0,0.92
11947,Gonorrhea,280.0,New Mexico,2009.0,Male,15-19 years,15-19,83.0,73205.0,113.38
11948,Gonorrhea,280.0,New Mexico,2009.0,Male,20-24 years,20-24,166.0,74336.0,223.31
11949,Gonorrhea,280.0,New Mexico,2009.0,Male,25-29 years,25-29,115.0,77934.0,147.56
11950,Gonorrhea,280.0,New Mexico,2009.0,Male,30-34 years,30-34,52.0,66028.0,78.75
11951,Gonorrhea,280.0,New Mexico,2009.0,Male,35-39 years,35-39,35.0,61870.0,56.57
11952,Gonorrhea,280.0,New Mexico,2009.0,Male,40+ years,40+,59.0,424502.0,13.9
11953,Gonorrhea,280.0,New Mexico,2010.0,Male,0-14 years,0-14,1.0,218835.0,0.46
11954,Gonorrhea,280.0,New Mexico,2010.0,Male,15-19 years,15-19,96.0,76792.0,125.01
11955,Gonorrhea,280.0,New Mexico,2010.0,Male,20-24 years,20-24,199.0,72974.0,272.7
11956,Gonorrhea,280.0,New Mexico,2010.0,Male,25-29 years,25-29,153.0,71419.0,214.23
11957,Gonorrhea,280.0,New Mexico,2010.0,Male,30-34 years,30-34,69.0,64586.0,106.83
11958,Gonorrhea,280.0,New Mexico,2010.0,Male,35-39 years,35-39,34.0,61392.0,55.38
11959,Gonorrhea,280.0,New Mexico,2010.0,Male,40+ years,40+,66.0,451423.0,14.62
11960,Gonorrhea,280.0,New Mexico,2010.0,Male,Unknown,99,1.0,,
11961,Gonorrhea,280.0,New Mexico,2011.0,Male,0-14 years,0-14,1.0,220458.0,0.45
11962,Gonorrhea,280.0,New Mexico,2011.0,Male,15-19 years,15-19,141.0,74722.0,188.7
11963,Gonorrhea,280.0,New Mexico,2011.0,Male,20-24 years,20-24,327.0,76018.0,430.16
11964,Gonorrhea,280.0,New Mexico,2011.0,Male,25-29 years,25-29,184.0,73235.0,251.25
11965,Gonorrhea,280.0,New Mexico,2011.0,Male,30-34 years,30-34,110.0,66863.0,164.52
11966,Gonorrhea,280.0,New Mexico,2011.0,Male,35-39 years,35-39,49.0,60462.0,81.04
11967,Gonorrhea,280.0,New Mexico,2011.0,Male,40+ years,40+,102.0,458352.0,22.25
11968,Gonorrhea,280.0,New Mexico,2012.0,Male,0-14 years,0-14,2.0,219111.0,0.91
11969,Gonorrhea,280.0,New Mexico,2012.0,Male,15-19 years,15-19,122.0,72966.0,167.2
11970,Gonorrhea,280.0,New Mexico,2012.0,Male,20-24 years,20-24,360.0,77505.0,464.49
11971,Gonorrhea,280.0,New Mexico,2012.0,Male,25-29 years,25-29,225.0,73650.0,305.5
11972,Gonorrhea,280.0,New Mexico,2012.0,Male,30-34 years,30-34,118.0,68362.0,172.61
11973,Gonorrhea,280.0,New Mexico,2012.0,Male,35-39 years,35-39,63.0,60357.0,104.38
11974,Gonorrhea,280.0,New Mexico,2012.0,Male,40+ years,40+,135.0,460756.0,29.3
11975,Gonorrhea,280.0,New Mexico,2013.0,Male,0-14 years,0-14,2.0,216134.0,0.93
11976,Gonorrhea,280.0,New Mexico,2013.0,Male,15-19 years,15-19,115.0,71966.0,159.8
11977,Gonorrhea,280.0,New Mexico,2013.0,Male,20-24 years,20-24,348.0,79698.0,436.65
11978,Gonorrhea,280.0,New Mexico,2013.0,Male,25-29 years,25-29,225.0,73045.0,308.03
11979,Gonorrhea,280.0,New Mexico,2013.0,Male,30-34 years,30-34,161.0,70263.0,229.14
11980,Gonorrhea,280.0,New Mexico,2013.0,Male,35-39 years,35-39,84.0,60978.0,137.75
11981,Gonorrhea,280.0,New Mexico,2013.0,Male,40+ years,40+,160.0,461525.0,34.67
11982,Gonorrhea,280.0,New Mexico,2014.0,Male,0-14 years,0-14,1.0,216134.0,0.46
11983,Gonorrhea,280.0,New Mexico,2014.0,Male,15-19 years,15-19,134.0,71966.0,186.2
11984,Gonorrhea,280.0,New Mexico,2014.0,Male,20-24 years,20-24,389.0,79698.0,488.09
11985,Gonorrhea,280.0,New Mexico,2014.0,Male,25-29 years,25-29,291.0,73045.0,398.38
11986,Gonorrhea,280.0,New Mexico,2014.0,Male,30-34 years,30-34,187.0,70263.0,266.14
11987,Gonorrhea,280.0,New Mexico,2014.0,Male,35-39 years,35-39,106.0,60978.0,173.83
11988,Gonorrhea,280.0,New Mexico,2014.0,Male,40+ years,40+,176.0,461525.0,38.13
11989,Gonorrhea,280.0,New York,1996.0,Male,0-14 years,0-14,42.0,2009366.0,2.09
11990,Gonorrhea,280.0,New York,1996.0,Male,15-19 years,15-19,1975.0,631162.0,312.92
11991,Gonorrhea,280.0,New York,1996.0,Male,20-24 years,20-24,2318.0,601214.0,385.55
11992,Gonorrhea,280.0,New York,1996.0,Male,25-29 years,25-29,1684.0,700706.0,240.33
11993,Gonorrhea,280.0,New York,1996.0,Male,30-34 years,30-34,1219.0,770215.0,158.27
11994,Gonorrhea,280.0,New York,1996.0,Male,35-39 years,35-39,822.0,770301.0,106.71
11995,Gonorrhea,280.0,New York,1996.0,Male,40+ years,40+,1053.0,3467518.0,30.37
11996,Gonorrhea,280.0,New York,1996.0,Male,Unknown,99,522.0,,
11997,Gonorrhea,280.0,New York,1997.0,Male,0-14 years,0-14,33.0,2005848.0,1.65
11998,Gonorrhea,280.0,New York,1997.0,Male,15-19 years,15-19,1652.0,639128.0,258.48
11999,Gonorrhea,280.0,New York,1997.0,Male,20-24 years,20-24,2318.0,598405.0,387.36
12000,Gonorrhea,280.0,New York,1997.0,Male,25-29 years,25-29,1620.0,689732.0,234.87
12001,Gonorrhea,280.0,New York,1997.0,Male,30-34 years,30-34,1356.0,752731.0,180.14
12002,Gonorrhea,280.0,New York,1997.0,Male,35-39 years,35-39,801.0,774687.0,103.4
12003,Gonorrhea,280.0,New York,1997.0,Male,40+ years,40+,1080.0,3526508.0,30.63
12004,Gonorrhea,280.0,New York,1997.0,Male,Unknown,99,577.0,,
12005,Gonorrhea,280.0,New York,1998.0,Male,0-14 years,0-14,40.0,1994481.0,2.01
12006,Gonorrhea,280.0,New York,1998.0,Male,15-19 years,15-19,1431.0,648398.0,220.7
12007,Gonorrhea,280.0,New York,1998.0,Male,20-24 years,20-24,2225.0,606078.0,367.11
12008,Gonorrhea,280.0,New York,1998.0,Male,25-29 years,25-29,1644.0,676009.0,243.19
12009,Gonorrhea,280.0,New York,1998.0,Male,30-34 years,30-34,1210.0,736378.0,164.32
12010,Gonorrhea,280.0,New York,1998.0,Male,35-39 years,35-39,889.0,778296.0,114.22
12011,Gonorrhea,280.0,New York,1998.0,Male,40+ years,40+,916.0,3607093.0,25.39
12012,Gonorrhea,280.0,New York,1998.0,Male,Unknown,99,224.0,,
12013,Gonorrhea,280.0,New York,1999.0,Male,0-14 years,0-14,45.0,2002090.0,2.25
12014,Gonorrhea,280.0,New York,1999.0,Male,15-19 years,15-19,1379.0,655454.0,210.39
12015,Gonorrhea,280.0,New York,1999.0,Male,20-24 years,20-24,2595.0,616619.0,420.84
12016,Gonorrhea,280.0,New York,1999.0,Male,25-29 years,25-29,1843.0,655814.0,281.02
12017,Gonorrhea,280.0,New York,1999.0,Male,30-34 years,30-34,1315.0,722719.0,181.95
12018,Gonorrhea,280.0,New York,1999.0,Male,35-39 years,35-39,951.0,776315.0,122.5
12019,Gonorrhea,280.0,New York,1999.0,Male,40+ years,40+,1050.0,3676060.0,28.56
12020,Gonorrhea,280.0,New York,1999.0,Male,Unknown,99,3.0,,
12021,Gonorrhea,280.0,New York,2000.0,Male,0-14 years,0-14,64.0,1974830.0,3.24
12022,Gonorrhea,280.0,New York,2000.0,Male,15-19 years,15-19,1519.0,658218.0,230.78
12023,Gonorrhea,280.0,New York,2000.0,Male,20-24 years,20-24,2731.0,630265.0,433.31
12024,Gonorrhea,280.0,New York,2000.0,Male,25-29 years,25-29,1818.0,639011.0,284.5
12025,Gonorrhea,280.0,New York,2000.0,Male,30-34 years,30-34,1259.0,719759.0,174.92
12026,Gonorrhea,280.0,New York,2000.0,Male,35-39 years,35-39,940.0,772897.0,121.62
12027,Gonorrhea,280.0,New York,2000.0,Male,40+ years,40+,1005.0,3762654.0,26.71
12028,Gonorrhea,280.0,New York,2000.0,Male,Unknown,99,14.0,,
12029,Gonorrhea,280.0,New York,2001.0,Male,0-14 years,0-14,80.0,1979812.0,4.04
12030,Gonorrhea,280.0,New York,2001.0,Male,15-19 years,15-19,1753.0,655365.0,267.49
12031,Gonorrhea,280.0,New York,2001.0,Male,20-24 years,20-24,2918.0,643795.0,453.25
12032,Gonorrhea,280.0,New York,2001.0,Male,25-29 years,25-29,2029.0,625133.0,324.57
12033,Gonorrhea,280.0,New York,2001.0,Male,30-34 years,30-34,1421.0,714660.0,198.84
12034,Gonorrhea,280.0,New York,2001.0,Male,35-39 years,35-39,1015.0,764194.0,132.82
12035,Gonorrhea,280.0,New York,2001.0,Male,40+ years,40+,1153.0,3824725.0,30.15
12036,Gonorrhea,280.0,New York,2001.0,Male,Unknown,99,7.0,,
12037,Gonorrhea,280.0,New York,2002.0,Male,0-14 years,0-14,46.0,1967372.0,2.34
12038,Gonorrhea,280.0,New York,2002.0,Male,15-19 years,15-19,1679.0,655532.0,256.13
12039,Gonorrhea,280.0,New York,2002.0,Male,20-24 years,20-24,2991.0,661308.0,452.29
12040,Gonorrhea,280.0,New York,2002.0,Male,25-29 years,25-29,2027.0,624111.0,324.78
12041,Gonorrhea,280.0,New York,2002.0,Male,30-34 years,30-34,1534.0,709868.0,216.1
12042,Gonorrhea,280.0,New York,2002.0,Male,35-39 years,35-39,1084.0,752262.0,144.1
12043,Gonorrhea,280.0,New York,2002.0,Male,40+ years,40+,1242.0,3880842.0,32.0
12044,Gonorrhea,280.0,New York,2002.0,Male,Unknown,99,85.0,,
12045,Gonorrhea,280.0,New York,2003.0,Male,0-14 years,0-14,50.0,1926481.0,2.6
12046,Gonorrhea,280.0,New York,2003.0,Male,15-19 years,15-19,1566.0,655465.0,238.91
12047,Gonorrhea,280.0,New York,2003.0,Male,20-24 years,20-24,3052.0,671255.0,454.67
12048,Gonorrhea,280.0,New York,2003.0,Male,25-29 years,25-29,2067.0,629577.0,328.32
12049,Gonorrhea,280.0,New York,2003.0,Male,30-34 years,30-34,1493.0,690283.0,216.29
12050,Gonorrhea,280.0,New York,2003.0,Male,35-39 years,35-39,1134.0,734446.0,154.4
12051,Gonorrhea,280.0,New York,2003.0,Male,40+ years,40+,1365.0,3968918.0,34.39
12052,Gonorrhea,280.0,New York,2003.0,Male,Unknown,99,86.0,,
12053,Gonorrhea,280.0,New York,2004.0,Male,0-14 years,0-14,46.0,1938482.0,2.37
12054,Gonorrhea,280.0,New York,2004.0,Male,15-19 years,15-19,1390.0,664360.0,209.22
12055,Gonorrhea,280.0,New York,2004.0,Male,20-24 years,20-24,2430.0,670501.0,362.42
12056,Gonorrhea,280.0,New York,2004.0,Male,25-29 years,25-29,1781.0,636938.0,279.62
12057,Gonorrhea,280.0,New York,2004.0,Male,30-34 years,30-34,1118.0,668332.0,167.28
12058,Gonorrhea,280.0,New York,2004.0,Male,35-39 years,35-39,933.0,714323.0,130.61
12059,Gonorrhea,280.0,New York,2004.0,Male,40+ years,40+,1243.0,4011645.0,30.98
12060,Gonorrhea,280.0,New York,2004.0,Male,Unknown,99,44.0,,
12061,Gonorrhea,280.0,New York,2005.0,Male,0-14 years,0-14,41.0,1914208.0,2.14
12062,Gonorrhea,280.0,New York,2005.0,Male,15-19 years,15-19,1425.0,675057.0,211.09
12063,Gonorrhea,280.0,New York,2005.0,Male,20-24 years,20-24,2451.0,667871.0,366.99
12064,Gonorrhea,280.0,New York,2005.0,Male,25-29 years,25-29,1663.0,649403.0,256.08
12065,Gonorrhea,280.0,New York,2005.0,Male,30-34 years,30-34,1062.0,644682.0,164.73
12066,Gonorrhea,280.0,New York,2005.0,Male,35-39 years,35-39,793.0,703907.0,112.66
12067,Gonorrhea,280.0,New York,2005.0,Male,40+ years,40+,1190.0,4071924.0,29.22
12068,Gonorrhea,280.0,New York,2005.0,Male,Unknown,99,55.0,,
12069,Gonorrhea,280.0,New York,2006.0,Male,0-14 years,0-14,38.0,1891858.0,2.01
12070,Gonorrhea,280.0,New York,2006.0,Male,15-19 years,15-19,1382.0,707373.0,195.37
12071,Gonorrhea,280.0,New York,2006.0,Male,20-24 years,20-24,2453.0,690803.0,355.09
12072,Gonorrhea,280.0,New York,2006.0,Male,25-29 years,25-29,1799.0,630719.0,285.23
12073,Gonorrhea,280.0,New York,2006.0,Male,30-34 years,30-34,1138.0,627122.0,181.46
12074,Gonorrhea,280.0,New York,2006.0,Male,35-39 years,35-39,823.0,691684.0,118.98
12075,Gonorrhea,280.0,New York,2006.0,Male,40+ years,40+,1310.0,4115461.0,31.83
12076,Gonorrhea,280.0,New York,2006.0,Male,Unknown,99,33.0,,
12077,Gonorrhea,280.0,New York,2007.0,Male,0-14 years,0-14,37.0,1839513.0,2.01
12078,Gonorrhea,280.0,New York,2007.0,Male,15-19 years,15-19,1493.0,713045.0,209.38
12079,Gonorrhea,280.0,New York,2007.0,Male,20-24 years,20-24,2565.0,701347.0,365.73
12080,Gonorrhea,280.0,New York,2007.0,Male,25-29 years,25-29,1879.0,639170.0,293.98
12081,Gonorrhea,280.0,New York,2007.0,Male,30-34 years,30-34,1114.0,622951.0,178.83
12082,Gonorrhea,280.0,New York,2007.0,Male,35-39 years,35-39,799.0,681063.0,117.32
12083,Gonorrhea,280.0,New York,2007.0,Male,40+ years,40+,1417.0,4163647.0,34.03
12084,Gonorrhea,280.0,New York,2007.0,Male,Unknown,99,59.0,,
12085,Gonorrhea,280.0,New York,2008.0,Male,0-14 years,0-14,44.0,1842879.0,2.39
12086,Gonorrhea,280.0,New York,2008.0,Male,15-19 years,15-19,1543.0,716555.0,215.34
12087,Gonorrhea,280.0,New York,2008.0,Male,20-24 years,20-24,2553.0,702779.0,363.27
12088,Gonorrhea,280.0,New York,2008.0,Male,25-29 years,25-29,1738.0,657760.0,264.23
12089,Gonorrhea,280.0,New York,2008.0,Male,30-34 years,30-34,1034.0,625588.0,165.28
12090,Gonorrhea,280.0,New York,2008.0,Male,35-39 years,35-39,675.0,668728.0,100.94
12091,Gonorrhea,280.0,New York,2008.0,Male,40+ years,40+,1136.0,4247774.0,26.74
12092,Gonorrhea,280.0,New York,2008.0,Male,Unknown,99,28.0,,
12093,Gonorrhea,280.0,New York,2009.0,Male,0-14 years,0-14,45.0,1856450.0,2.42
12094,Gonorrhea,280.0,New York,2009.0,Male,15-19 years,15-19,1515.0,698165.0,217.0
12095,Gonorrhea,280.0,New York,2009.0,Male,20-24 years,20-24,2671.0,679531.0,393.06
12096,Gonorrhea,280.0,New York,2009.0,Male,25-29 years,25-29,1833.0,687176.0,266.74
12097,Gonorrhea,280.0,New York,2009.0,Male,30-34 years,30-34,1061.0,644614.0,164.59
12098,Gonorrhea,280.0,New York,2009.0,Male,35-39 years,35-39,687.0,643602.0,106.74
12099,Gonorrhea,280.0,New York,2009.0,Male,40+ years,40+,1240.0,4289625.0,28.91
12100,Gonorrhea,280.0,New York,2009.0,Male,Unknown,99,20.0,,
12101,Gonorrhea,280.0,New York,2010.0,Male,0-14 years,0-14,29.0,1804484.0,1.61
12102,Gonorrhea,280.0,New York,2010.0,Male,15-19 years,15-19,1550.0,699548.0,221.57
12103,Gonorrhea,280.0,New York,2010.0,Male,20-24 years,20-24,2926.0,712002.0,410.95
12104,Gonorrhea,280.0,New York,2010.0,Male,25-29 years,25-29,1988.0,680203.0,292.27
12105,Gonorrhea,280.0,New York,2010.0,Male,30-34 years,30-34,1166.0,629759.0,185.15
12106,Gonorrhea,280.0,New York,2010.0,Male,35-39 years,35-39,665.0,613775.0,108.35
12107,Gonorrhea,280.0,New York,2010.0,Male,40+ years,40+,1249.0,4237376.0,29.48
12108,Gonorrhea,280.0,New York,2010.0,Male,Unknown,99,28.0,,
12109,Gonorrhea,280.0,New York,2011.0,Male,0-14 years,0-14,51.0,1796697.0,2.84
12110,Gonorrhea,280.0,New York,2011.0,Male,15-19 years,15-19,1831.0,677542.0,270.24
12111,Gonorrhea,280.0,New York,2011.0,Male,20-24 years,20-24,3262.0,724065.0,450.51
12112,Gonorrhea,280.0,New York,2011.0,Male,25-29 years,25-29,2193.0,696240.0,314.98
12113,Gonorrhea,280.0,New York,2011.0,Male,30-34 years,30-34,1344.0,646373.0,207.93
12114,Gonorrhea,280.0,New York,2011.0,Male,35-39 years,35-39,800.0,596031.0,134.22
12115,Gonorrhea,280.0,New York,2011.0,Male,40+ years,40+,1453.0,4294856.0,33.83
12116,Gonorrhea,280.0,New York,2011.0,Male,Unknown,99,43.0,,
12117,Gonorrhea,280.0,New York,2012.0,Male,0-14 years,0-14,58.0,1794023.0,3.23
12118,Gonorrhea,280.0,New York,2012.0,Male,15-19 years,15-19,1800.0,667161.0,269.8
12119,Gonorrhea,280.0,New York,2012.0,Male,20-24 years,20-24,3612.0,731544.0,493.75
12120,Gonorrhea,280.0,New York,2012.0,Male,25-29 years,25-29,2636.0,707447.0,372.61
12121,Gonorrhea,280.0,New York,2012.0,Male,30-34 years,30-34,1652.0,658803.0,250.76
12122,Gonorrhea,280.0,New York,2012.0,Male,35-39 years,35-39,932.0,595048.0,156.63
12123,Gonorrhea,280.0,New York,2012.0,Male,40+ years,40+,1821.0,4335191.0,42.01
12124,Gonorrhea,280.0,New York,2012.0,Male,Unknown,99,18.0,,
12125,Gonorrhea,280.0,New York,2013.0,Male,0-14 years,0-14,35.0,1790801.0,1.95
12126,Gonorrhea,280.0,New York,2013.0,Male,15-19 years,15-19,1341.0,651942.0,205.69
12127,Gonorrhea,280.0,New York,2013.0,Male,20-24 years,20-24,3286.0,727273.0,451.82
12128,Gonorrhea,280.0,New York,2013.0,Male,25-29 years,25-29,2752.0,721591.0,381.38
12129,Gonorrhea,280.0,New York,2013.0,Male,30-34 years,30-34,1726.0,671410.0,257.07
12130,Gonorrhea,280.0,New York,2013.0,Male,35-39 years,35-39,945.0,602638.0,156.81
12131,Gonorrhea,280.0,New York,2013.0,Male,40+ years,40+,1731.0,4370538.0,39.61
12132,Gonorrhea,280.0,New York,2013.0,Male,Unknown,99,28.0,,
12133,Gonorrhea,280.0,New York,2014.0,Male,0-14 years,0-14,20.0,1790801.0,1.12
12134,Gonorrhea,280.0,New York,2014.0,Male,15-19 years,15-19,1265.0,651942.0,194.04
12135,Gonorrhea,280.0,New York,2014.0,Male,20-24 years,20-24,3518.0,727273.0,483.73
12136,Gonorrhea,280.0,New York,2014.0,Male,25-29 years,25-29,3384.0,721591.0,468.96
12137,Gonorrhea,280.0,New York,2014.0,Male,30-34 years,30-34,2147.0,671410.0,319.77
12138,Gonorrhea,280.0,New York,2014.0,Male,35-39 years,35-39,1151.0,602638.0,190.99
12139,Gonorrhea,280.0,New York,2014.0,Male,40+ years,40+,2120.0,4370538.0,48.51
12140,Gonorrhea,280.0,New York,2014.0,Male,Unknown,99,19.0,,
12141,Gonorrhea,280.0,North Carolina,1996.0,Male,0-14 years,0-14,50.0,780287.0,6.41
12142,Gonorrhea,280.0,North Carolina,1996.0,Male,15-19 years,15-19,1978.0,258155.0,766.21
12143,Gonorrhea,280.0,North Carolina,1996.0,Male,20-24 years,20-24,2794.0,280439.0,996.29
12144,Gonorrhea,280.0,North Carolina,1996.0,Male,25-29 years,25-29,1654.0,309518.0,534.38
12145,Gonorrhea,280.0,North Carolina,1996.0,Male,30-34 years,30-34,1052.0,304104.0,345.93
12146,Gonorrhea,280.0,North Carolina,1996.0,Male,35-39 years,35-39,737.0,310962.0,237.01
12147,Gonorrhea,280.0,North Carolina,1996.0,Male,40+ years,40+,948.0,1406889.0,67.38
12148,Gonorrhea,280.0,North Carolina,1996.0,Male,Unknown,99,194.0,,
12149,Gonorrhea,280.0,North Carolina,1997.0,Male,0-14 years,0-14,43.0,797387.0,5.39
12150,Gonorrhea,280.0,North Carolina,1997.0,Male,15-19 years,15-19,1744.0,264644.0,659.0
12151,Gonorrhea,280.0,North Carolina,1997.0,Male,20-24 years,20-24,2549.0,280994.0,907.14
12152,Gonorrhea,280.0,North Carolina,1997.0,Male,25-29 years,25-29,1527.0,315894.0,483.39
12153,Gonorrhea,280.0,North Carolina,1997.0,Male,30-34 years,30-34,968.0,302437.0,320.07
12154,Gonorrhea,280.0,North Carolina,1997.0,Male,35-39 years,35-39,715.0,316849.0,225.66
12155,Gonorrhea,280.0,North Carolina,1997.0,Male,40+ years,40+,954.0,1453083.0,65.65
12156,Gonorrhea,280.0,North Carolina,1997.0,Male,Unknown,99,172.0,,
12157,Gonorrhea,280.0,North Carolina,1998.0,Male,0-14 years,0-14,51.0,813042.0,6.27
12158,Gonorrhea,280.0,North Carolina,1998.0,Male,15-19 years,15-19,1863.0,270543.0,688.62
12159,Gonorrhea,280.0,North Carolina,1998.0,Male,20-24 years,20-24,3203.0,287881.0,1112.61
12160,Gonorrhea,280.0,North Carolina,1998.0,Male,25-29 years,25-29,1786.0,315791.0,565.56
12161,Gonorrhea,280.0,North Carolina,1998.0,Male,30-34 years,30-34,1121.0,302391.0,370.71
12162,Gonorrhea,280.0,North Carolina,1998.0,Male,35-39 years,35-39,758.0,322245.0,235.22
12163,Gonorrhea,280.0,North Carolina,1998.0,Male,40+ years,40+,1070.0,1497977.0,71.43
12164,Gonorrhea,280.0,North Carolina,1998.0,Male,Unknown,99,243.0,,
12165,Gonorrhea,280.0,North Carolina,1999.0,Male,0-14 years,0-14,32.0,831232.0,3.85
12166,Gonorrhea,280.0,North Carolina,1999.0,Male,15-19 years,15-19,1711.0,274424.0,623.49
12167,Gonorrhea,280.0,North Carolina,1999.0,Male,20-24 years,20-24,2966.0,296133.0,1001.58
12168,Gonorrhea,280.0,North Carolina,1999.0,Male,25-29 years,25-29,1786.0,312134.0,572.19
12169,Gonorrhea,280.0,North Carolina,1999.0,Male,30-34 years,30-34,1034.0,305226.0,338.76
12170,Gonorrhea,280.0,North Carolina,1999.0,Male,35-39 years,35-39,733.0,326156.0,224.74
12171,Gonorrhea,280.0,North Carolina,1999.0,Male,40+ years,40+,1183.0,1541346.0,76.75
12172,Gonorrhea,280.0,North Carolina,1999.0,Male,Unknown,99,894.0,,
12173,Gonorrhea,280.0,North Carolina,2000.0,Male,0-14 years,0-14,51.0,863188.0,5.91
12174,Gonorrhea,280.0,North Carolina,2000.0,Male,15-19 years,15-19,1533.0,278219.0,551.0
12175,Gonorrhea,280.0,North Carolina,2000.0,Male,20-24 years,20-24,3118.0,304404.0,1024.3
12176,Gonorrhea,280.0,North Carolina,2000.0,Male,25-29 years,25-29,1832.0,303643.0,603.34
12177,Gonorrhea,280.0,North Carolina,2000.0,Male,30-34 years,30-34,999.0,309754.0,322.51
12178,Gonorrhea,280.0,North Carolina,2000.0,Male,35-39 years,35-39,764.0,324209.0,235.65
12179,Gonorrhea,280.0,North Carolina,2000.0,Male,40+ years,40+,1057.0,1576689.0,67.04
12180,Gonorrhea,280.0,North Carolina,2001.0,Male,0-14 years,0-14,41.0,873362.0,4.69
12181,Gonorrhea,280.0,North Carolina,2001.0,Male,15-19 years,15-19,1508.0,277638.0,543.15
12182,Gonorrhea,280.0,North Carolina,2001.0,Male,20-24 years,20-24,2898.0,310809.0,932.4
12183,Gonorrhea,280.0,North Carolina,2001.0,Male,25-29 years,25-29,1697.0,298745.0,568.04
12184,Gonorrhea,280.0,North Carolina,2001.0,Male,30-34 years,30-34,967.0,316808.0,305.23
12185,Gonorrhea,280.0,North Carolina,2001.0,Male,35-39 years,35-39,641.0,323991.0,197.84
12186,Gonorrhea,280.0,North Carolina,2001.0,Male,40+ years,40+,1016.0,1620543.0,62.7
12187,Gonorrhea,280.0,North Carolina,2001.0,Male,Unknown,99,4.0,,
12188,Gonorrhea,280.0,North Carolina,2002.0,Male,0-14 years,0-14,66.0,889226.0,7.42
12189,Gonorrhea,280.0,North Carolina,2002.0,Male,15-19 years,15-19,1314.0,281361.0,467.02
12190,Gonorrhea,280.0,North Carolina,2002.0,Male,20-24 years,20-24,2544.0,315178.0,807.16
12191,Gonorrhea,280.0,North Carolina,2002.0,Male,25-29 years,25-29,1601.0,296885.0,539.27
12192,Gonorrhea,280.0,North Carolina,2002.0,Male,30-34 years,30-34,949.0,322545.0,294.22
12193,Gonorrhea,280.0,North Carolina,2002.0,Male,35-39 years,35-39,602.0,320814.0,187.65
12194,Gonorrhea,280.0,North Carolina,2002.0,Male,40+ years,40+,866.0,1655511.0,52.31
12195,Gonorrhea,280.0,North Carolina,2003.0,Male,0-14 years,0-14,44.0,895506.0,4.91
12196,Gonorrhea,280.0,North Carolina,2003.0,Male,15-19 years,15-19,1215.0,285985.0,424.85
12197,Gonorrhea,280.0,North Carolina,2003.0,Male,20-24 years,20-24,2520.0,319229.0,789.4
12198,Gonorrhea,280.0,North Carolina,2003.0,Male,25-29 years,25-29,1479.0,306318.0,482.83
12199,Gonorrhea,280.0,North Carolina,2003.0,Male,30-34 years,30-34,904.0,322641.0,280.19
12200,Gonorrhea,280.0,North Carolina,2003.0,Male,35-39 years,35-39,583.0,315832.0,184.59
12201,Gonorrhea,280.0,North Carolina,2003.0,Male,40+ years,40+,988.0,1684936.0,58.64
12202,Gonorrhea,280.0,North Carolina,2004.0,Male,0-14 years,0-14,24.0,905997.0,2.65
12203,Gonorrhea,280.0,North Carolina,2004.0,Male,15-19 years,15-19,1214.0,294227.0,412.61
12204,Gonorrhea,280.0,North Carolina,2004.0,Male,20-24 years,20-24,2537.0,316644.0,801.22
12205,Gonorrhea,280.0,North Carolina,2004.0,Male,25-29 years,25-29,1539.0,315086.0,488.44
12206,Gonorrhea,280.0,North Carolina,2004.0,Male,30-34 years,30-34,914.0,322598.0,283.32
12207,Gonorrhea,280.0,North Carolina,2004.0,Male,35-39 years,35-39,548.0,315347.0,173.78
12208,Gonorrhea,280.0,North Carolina,2004.0,Male,40+ years,40+,1034.0,1728952.0,59.8
12209,Gonorrhea,280.0,North Carolina,2005.0,Male,0-14 years,0-14,26.0,910582.0,2.86
12210,Gonorrhea,280.0,North Carolina,2005.0,Male,15-19 years,15-19,1117.0,302351.0,369.44
12211,Gonorrhea,280.0,North Carolina,2005.0,Male,20-24 years,20-24,2197.0,315120.0,697.2
12212,Gonorrhea,280.0,North Carolina,2005.0,Male,25-29 years,25-29,1481.0,326351.0,453.81
12213,Gonorrhea,280.0,North Carolina,2005.0,Male,30-34 years,30-34,881.0,319467.0,275.77
12214,Gonorrhea,280.0,North Carolina,2005.0,Male,35-39 years,35-39,599.0,320731.0,186.76
12215,Gonorrhea,280.0,North Carolina,2005.0,Male,40+ years,40+,1226.0,1776967.0,68.99
12216,Gonorrhea,280.0,North Carolina,2006.0,Male,0-14 years,0-14,30.0,916398.0,3.27
12217,Gonorrhea,280.0,North Carolina,2006.0,Male,15-19 years,15-19,1370.0,313853.0,436.51
12218,Gonorrhea,280.0,North Carolina,2006.0,Male,20-24 years,20-24,2579.0,312051.0,826.47
12219,Gonorrhea,280.0,North Carolina,2006.0,Male,25-29 years,25-29,1724.0,303006.0,568.97
12220,Gonorrhea,280.0,North Carolina,2006.0,Male,30-34 years,30-34,981.0,309479.0,316.98
12221,Gonorrhea,280.0,North Carolina,2006.0,Male,35-39 years,35-39,658.0,328954.0,200.03
12222,Gonorrhea,280.0,North Carolina,2006.0,Male,40+ years,40+,1251.0,1857557.0,67.35
12223,Gonorrhea,280.0,North Carolina,2006.0,Male,Unknown,99,1.0,,
12224,Gonorrhea,280.0,North Carolina,2007.0,Male,0-14 years,0-14,21.0,942803.0,2.23
12225,Gonorrhea,280.0,North Carolina,2007.0,Male,15-19 years,15-19,1257.0,317612.0,395.77
12226,Gonorrhea,280.0,North Carolina,2007.0,Male,20-24 years,20-24,2347.0,319575.0,734.41
12227,Gonorrhea,280.0,North Carolina,2007.0,Male,25-29 years,25-29,1448.0,301496.0,480.27
12228,Gonorrhea,280.0,North Carolina,2007.0,Male,30-34 years,30-34,906.0,304170.0,297.86
12229,Gonorrhea,280.0,North Carolina,2007.0,Male,35-39 years,35-39,578.0,335149.0,172.46
12230,Gonorrhea,280.0,North Carolina,2007.0,Male,40+ years,40+,1166.0,1906756.0,61.15
12231,Gonorrhea,280.0,North Carolina,2007.0,Male,Unknown,99,2.0,,
12232,Gonorrhea,280.0,North Carolina,2008.0,Male,0-14 years,0-14,47.0,957804.0,4.91
12233,Gonorrhea,280.0,North Carolina,2008.0,Male,15-19 years,15-19,1206.0,322815.0,373.59
12234,Gonorrhea,280.0,North Carolina,2008.0,Male,20-24 years,20-24,2308.0,332226.0,694.71
12235,Gonorrhea,280.0,North Carolina,2008.0,Male,25-29 years,25-29,1324.0,310456.0,426.47
12236,Gonorrhea,280.0,North Carolina,2008.0,Male,30-34 years,30-34,768.0,306253.0,250.77
12237,Gonorrhea,280.0,North Carolina,2008.0,Male,35-39 years,35-39,481.0,338088.0,142.27
12238,Gonorrhea,280.0,North Carolina,2008.0,Male,40+ years,40+,866.0,1949345.0,44.43
12239,Gonorrhea,280.0,North Carolina,2008.0,Male,Unknown,99,23.0,,
12240,Gonorrhea,280.0,North Carolina,2009.0,Male,0-14 years,0-14,20.0,975748.0,2.05
12241,Gonorrhea,280.0,North Carolina,2009.0,Male,15-19 years,15-19,1147.0,331810.0,345.68
12242,Gonorrhea,280.0,North Carolina,2009.0,Male,20-24 years,20-24,2005.0,352186.0,569.3
12243,Gonorrhea,280.0,North Carolina,2009.0,Male,25-29 years,25-29,1120.0,318747.0,351.38
12244,Gonorrhea,280.0,North Carolina,2009.0,Male,30-34 years,30-34,603.0,297877.0,202.43
12245,Gonorrhea,280.0,North Carolina,2009.0,Male,35-39 years,35-39,369.0,329377.0,112.03
12246,Gonorrhea,280.0,North Carolina,2009.0,Male,40+ years,40+,630.0,1984440.0,31.75
12247,Gonorrhea,280.0,North Carolina,2009.0,Male,Unknown,99,8.0,,
12248,Gonorrhea,280.0,North Carolina,2010.0,Male,0-14 years,0-14,17.0,970566.0,1.75
12249,Gonorrhea,280.0,North Carolina,2010.0,Male,15-19 years,15-19,1076.0,338271.0,318.09
12250,Gonorrhea,280.0,North Carolina,2010.0,Male,20-24 years,20-24,2066.0,336648.0,613.7
12251,Gonorrhea,280.0,North Carolina,2010.0,Male,25-29 years,25-29,1063.0,311499.0,341.25
12252,Gonorrhea,280.0,North Carolina,2010.0,Male,30-34 years,30-34,600.0,304807.0,196.85
12253,Gonorrhea,280.0,North Carolina,2010.0,Male,35-39 years,35-39,318.0,324681.0,97.94
12254,Gonorrhea,280.0,North Carolina,2010.0,Male,40+ years,40+,564.0,2059020.0,27.39
12255,Gonorrhea,280.0,North Carolina,2010.0,Male,Unknown,99,8.0,,
12256,Gonorrhea,280.0,North Carolina,2011.0,Male,0-14 years,0-14,9.0,975543.0,0.92
12257,Gonorrhea,280.0,North Carolina,2011.0,Male,15-19 years,15-19,1293.0,336066.0,384.75
12258,Gonorrhea,280.0,North Carolina,2011.0,Male,20-24 years,20-24,2784.0,344767.0,807.5
12259,Gonorrhea,280.0,North Carolina,2011.0,Male,25-29 years,25-29,1370.0,313234.0,437.37
12260,Gonorrhea,280.0,North Carolina,2011.0,Male,30-34 years,30-34,688.0,311058.0,221.18
12261,Gonorrhea,280.0,North Carolina,2011.0,Male,35-39 years,35-39,396.0,312361.0,126.78
12262,Gonorrhea,280.0,North Carolina,2011.0,Male,40+ years,40+,753.0,2110693.0,35.68
12263,Gonorrhea,280.0,North Carolina,2011.0,Male,Unknown,99,7.0,,
12264,Gonorrhea,280.0,North Carolina,2012.0,Male,0-14 years,0-14,18.0,975931.0,1.84
12265,Gonorrhea,280.0,North Carolina,2012.0,Male,15-19 years,15-19,1010.0,333894.0,302.49
12266,Gonorrhea,280.0,North Carolina,2012.0,Male,20-24 years,20-24,2294.0,358340.0,640.17
12267,Gonorrhea,280.0,North Carolina,2012.0,Male,25-29 years,25-29,1174.0,314920.0,372.79
12268,Gonorrhea,280.0,North Carolina,2012.0,Male,30-34 years,30-34,674.0,312161.0,215.91
12269,Gonorrhea,280.0,North Carolina,2012.0,Male,35-39 years,35-39,340.0,307521.0,110.56
12270,Gonorrhea,280.0,North Carolina,2012.0,Male,40+ years,40+,669.0,2150131.0,31.11
12271,Gonorrhea,280.0,North Carolina,2012.0,Male,Unknown,99,1.0,,
12272,Gonorrhea,280.0,North Carolina,2013.0,Male,0-14 years,0-14,18.0,974057.0,1.85
12273,Gonorrhea,280.0,North Carolina,2013.0,Male,15-19 years,15-19,879.0,334329.0,262.92
12274,Gonorrhea,280.0,North Carolina,2013.0,Male,20-24 years,20-24,2257.0,369732.0,610.44
12275,Gonorrhea,280.0,North Carolina,2013.0,Male,25-29 years,25-29,1204.0,317926.0,378.7
12276,Gonorrhea,280.0,North Carolina,2013.0,Male,30-34 years,30-34,650.0,311610.0,208.59
12277,Gonorrhea,280.0,North Carolina,2013.0,Male,35-39 years,35-39,365.0,305385.0,119.52
12278,Gonorrhea,280.0,North Carolina,2013.0,Male,40+ years,40+,736.0,2187573.0,33.64
12279,Gonorrhea,280.0,North Carolina,2013.0,Male,Unknown,99,4.0,,
12280,Gonorrhea,280.0,North Carolina,2014.0,Male,0-14 years,0-14,20.0,974057.0,2.05
12281,Gonorrhea,280.0,North Carolina,2014.0,Male,15-19 years,15-19,882.0,334329.0,263.81
12282,Gonorrhea,280.0,North Carolina,2014.0,Male,20-24 years,20-24,2421.0,369732.0,654.8
12283,Gonorrhea,280.0,North Carolina,2014.0,Male,25-29 years,25-29,1419.0,317926.0,446.33
12284,Gonorrhea,280.0,North Carolina,2014.0,Male,30-34 years,30-34,734.0,311610.0,235.55
12285,Gonorrhea,280.0,North Carolina,2014.0,Male,35-39 years,35-39,434.0,305385.0,142.12
12286,Gonorrhea,280.0,North Carolina,2014.0,Male,40+ years,40+,742.0,2187573.0,33.92
12287,Gonorrhea,280.0,North Dakota,1996.0,Male,0-14 years,0-14,1.0,70983.0,1.41
12288,Gonorrhea,280.0,North Dakota,1996.0,Male,15-19 years,15-19,4.0,27194.0,14.71
12289,Gonorrhea,280.0,North Dakota,1996.0,Male,20-24 years,20-24,3.0,25420.0,11.8
12290,Gonorrhea,280.0,North Dakota,1996.0,Male,25-29 years,25-29,3.0,22952.0,13.07
12291,Gonorrhea,280.0,North Dakota,1996.0,Male,30-34 years,30-34,2.0,22479.0,8.9
12292,Gonorrhea,280.0,North Dakota,1996.0,Male,35-39 years,35-39,3.0,26984.0,11.12
12293,Gonorrhea,280.0,North Dakota,1997.0,Male,0-14 years,0-14,1.0,69676.0,1.44
12294,Gonorrhea,280.0,North Dakota,1997.0,Male,15-19 years,15-19,7.0,27759.0,25.22
12295,Gonorrhea,280.0,North Dakota,1997.0,Male,20-24 years,20-24,11.0,25659.0,42.87
12296,Gonorrhea,280.0,North Dakota,1997.0,Male,25-29 years,25-29,3.0,22498.0,13.33
12297,Gonorrhea,280.0,North Dakota,1997.0,Male,30-34 years,30-34,1.0,21328.0,4.69
12298,Gonorrhea,280.0,North Dakota,1997.0,Male,35-39 years,35-39,1.0,26396.0,3.79
12299,Gonorrhea,280.0,North Dakota,1997.0,Male,40+ years,40+,3.0,131103.0,2.29
12300,Gonorrhea,280.0,North Dakota,1998.0,Male,15-19 years,15-19,3.0,28144.0,10.66
12301,Gonorrhea,280.0,North Dakota,1998.0,Male,20-24 years,20-24,8.0,26017.0,30.75
12302,Gonorrhea,280.0,North Dakota,1998.0,Male,25-29 years,25-29,8.0,21737.0,36.8
12303,Gonorrhea,280.0,North Dakota,1998.0,Male,30-34 years,30-34,1.0,20338.0,4.92
12304,Gonorrhea,280.0,North Dakota,1998.0,Male,35-39 years,35-39,1.0,25550.0,3.91
12305,Gonorrhea,280.0,North Dakota,1998.0,Male,40+ years,40+,3.0,132852.0,2.26
12306,Gonorrhea,280.0,North Dakota,1999.0,Male,15-19 years,15-19,5.0,28097.0,17.8
12307,Gonorrhea,280.0,North Dakota,1999.0,Male,20-24 years,20-24,16.0,26473.0,60.44
12308,Gonorrhea,280.0,North Dakota,1999.0,Male,25-29 years,25-29,7.0,20834.0,33.6
12309,Gonorrhea,280.0,North Dakota,1999.0,Male,30-34 years,30-34,1.0,19757.0,5.06
12310,Gonorrhea,280.0,North Dakota,1999.0,Male,35-39 years,35-39,6.0,24533.0,24.46
12311,Gonorrhea,280.0,North Dakota,1999.0,Male,40+ years,40+,2.0,134376.0,1.49
12312,Gonorrhea,280.0,North Dakota,2000.0,Male,15-19 years,15-19,10.0,27365.0,36.54
12313,Gonorrhea,280.0,North Dakota,2000.0,Male,20-24 years,20-24,14.0,27631.0,50.67
12314,Gonorrhea,280.0,North Dakota,2000.0,Male,25-29 years,25-29,3.0,20528.0,14.61
12315,Gonorrhea,280.0,North Dakota,2000.0,Male,30-34 years,30-34,2.0,19719.0,10.14
12316,Gonorrhea,280.0,North Dakota,2000.0,Male,35-39 years,35-39,2.0,23646.0,8.46
12317,Gonorrhea,280.0,North Dakota,2000.0,Male,40+ years,40+,6.0,137636.0,4.36
12318,Gonorrhea,280.0,North Dakota,2001.0,Male,15-19 years,15-19,6.0,26312.0,22.8
12319,Gonorrhea,280.0,North Dakota,2001.0,Male,20-24 years,20-24,9.0,28714.0,31.34
12320,Gonorrhea,280.0,North Dakota,2001.0,Male,25-29 years,25-29,7.0,20569.0,34.03
12321,Gonorrhea,280.0,North Dakota,2001.0,Male,35-39 years,35-39,1.0,22074.0,4.53
12322,Gonorrhea,280.0,North Dakota,2001.0,Male,40+ years,40+,3.0,138288.0,2.17
12323,Gonorrhea,280.0,North Dakota,2002.0,Male,15-19 years,15-19,10.0,25382.0,39.4
12324,Gonorrhea,280.0,North Dakota,2002.0,Male,20-24 years,20-24,7.0,29203.0,23.97
12325,Gonorrhea,280.0,North Dakota,2002.0,Male,25-29 years,25-29,11.0,21453.0,51.27
12326,Gonorrhea,280.0,North Dakota,2002.0,Male,30-34 years,30-34,2.0,19096.0,10.47
12327,Gonorrhea,280.0,North Dakota,2002.0,Male,35-39 years,35-39,1.0,20793.0,4.81
12328,Gonorrhea,280.0,North Dakota,2002.0,Male,40+ years,40+,1.0,139828.0,0.72
12329,Gonorrhea,280.0,North Dakota,2003.0,Male,15-19 years,15-19,8.0,25088.0,31.89
12330,Gonorrhea,280.0,North Dakota,2003.0,Male,20-24 years,20-24,20.0,29344.0,68.16
12331,Gonorrhea,280.0,North Dakota,2003.0,Male,25-29 years,25-29,7.0,22450.0,31.18
12332,Gonorrhea,280.0,North Dakota,2003.0,Male,30-34 years,30-34,1.0,18366.0,5.44
12333,Gonorrhea,280.0,North Dakota,2003.0,Male,35-39 years,35-39,1.0,19612.0,5.1
12334,Gonorrhea,280.0,North Dakota,2003.0,Male,40+ years,40+,7.0,140853.0,4.97
12335,Gonorrhea,280.0,North Dakota,2004.0,Male,15-19 years,15-19,5.0,24382.0,20.51
12336,Gonorrhea,280.0,North Dakota,2004.0,Male,20-24 years,20-24,12.0,29634.0,40.49
12337,Gonorrhea,280.0,North Dakota,2004.0,Male,25-29 years,25-29,11.0,23930.0,45.97
12338,Gonorrhea,280.0,North Dakota,2004.0,Male,30-34 years,30-34,3.0,18426.0,16.28
12339,Gonorrhea,280.0,North Dakota,2004.0,Male,35-39 years,35-39,2.0,19165.0,10.44
12340,Gonorrhea,280.0,North Dakota,2004.0,Male,40+ years,40+,3.0,143361.0,2.09
12341,Gonorrhea,280.0,North Dakota,2004.0,Male,Unknown,99,2.0,,
12342,Gonorrhea,280.0,North Dakota,2005.0,Male,15-19 years,15-19,5.0,23969.0,20.86
12343,Gonorrhea,280.0,North Dakota,2005.0,Male,20-24 years,20-24,19.0,28781.0,66.02
12344,Gonorrhea,280.0,North Dakota,2005.0,Male,25-29 years,25-29,19.0,25373.0,74.88
12345,Gonorrhea,280.0,North Dakota,2005.0,Male,30-34 years,30-34,3.0,18327.0,16.37
12346,Gonorrhea,280.0,North Dakota,2005.0,Male,35-39 years,35-39,6.0,18817.0,31.89
12347,Gonorrhea,280.0,North Dakota,2006.0,Male,15-19 years,15-19,11.0,25623.0,42.93
12348,Gonorrhea,280.0,North Dakota,2006.0,Male,20-24 years,20-24,30.0,31274.0,95.93
12349,Gonorrhea,280.0,North Dakota,2006.0,Male,25-29 years,25-29,16.0,21986.0,72.77
12350,Gonorrhea,280.0,North Dakota,2006.0,Male,30-34 years,30-34,4.0,17916.0,22.33
12351,Gonorrhea,280.0,North Dakota,2006.0,Male,35-39 years,35-39,4.0,19077.0,20.97
12352,Gonorrhea,280.0,North Dakota,2006.0,Male,40+ years,40+,2.0,142899.0,1.4
12353,Gonorrhea,280.0,North Dakota,2007.0,Male,15-19 years,15-19,4.0,25589.0,15.63
12354,Gonorrhea,280.0,North Dakota,2007.0,Male,20-24 years,20-24,21.0,32438.0,64.74
12355,Gonorrhea,280.0,North Dakota,2007.0,Male,25-29 years,25-29,11.0,24094.0,45.65
12356,Gonorrhea,280.0,North Dakota,2007.0,Male,30-34 years,30-34,5.0,17878.0,27.97
12357,Gonorrhea,280.0,North Dakota,2007.0,Male,35-39 years,35-39,5.0,18957.0,26.38
12358,Gonorrhea,280.0,North Dakota,2007.0,Male,40+ years,40+,4.0,142675.0,2.8
12359,Gonorrhea,280.0,North Dakota,2008.0,Male,15-19 years,15-19,8.0,24896.0,32.13
12360,Gonorrhea,280.0,North Dakota,2008.0,Male,20-24 years,20-24,24.0,32228.0,74.47
12361,Gonorrhea,280.0,North Dakota,2008.0,Male,25-29 years,25-29,6.0,24811.0,24.18
12362,Gonorrhea,280.0,North Dakota,2008.0,Male,30-34 years,30-34,5.0,18101.0,27.62
12363,Gonorrhea,280.0,North Dakota,2008.0,Male,35-39 years,35-39,3.0,18654.0,16.08
12364,Gonorrhea,280.0,North Dakota,2008.0,Male,40+ years,40+,4.0,143356.0,2.79
12365,Gonorrhea,280.0,North Dakota,2009.0,Male,15-19 years,15-19,9.0,25383.0,35.46
12366,Gonorrhea,280.0,North Dakota,2009.0,Male,20-24 years,20-24,29.0,34660.0,83.67
12367,Gonorrhea,280.0,North Dakota,2009.0,Male,25-29 years,25-29,17.0,25650.0,66.28
12368,Gonorrhea,280.0,North Dakota,2009.0,Male,30-34 years,30-34,1.0,18189.0,5.5
12369,Gonorrhea,280.0,North Dakota,2009.0,Male,35-39 years,35-39,3.0,18132.0,16.55
12370,Gonorrhea,280.0,North Dakota,2009.0,Male,40+ years,40+,2.0,142488.0,1.4
12371,Gonorrhea,280.0,North Dakota,2009.0,Male,Unknown,99,1.0,,
12372,Gonorrhea,280.0,North Dakota,2010.0,Male,15-19 years,15-19,10.0,24626.0,40.61
12373,Gonorrhea,280.0,North Dakota,2010.0,Male,20-24 years,20-24,23.0,31530.0,72.95
12374,Gonorrhea,280.0,North Dakota,2010.0,Male,25-29 years,25-29,15.0,26451.0,56.71
12375,Gonorrhea,280.0,North Dakota,2010.0,Male,30-34 years,30-34,5.0,21601.0,23.15
12376,Gonorrhea,280.0,North Dakota,2010.0,Male,35-39 years,35-39,4.0,19209.0,20.82
12377,Gonorrhea,280.0,North Dakota,2010.0,Male,40+ years,40+,7.0,152745.0,4.58
12378,Gonorrhea,280.0,North Dakota,2011.0,Male,15-19 years,15-19,14.0,25012.0,55.97
12379,Gonorrhea,280.0,North Dakota,2011.0,Male,20-24 years,20-24,40.0,32673.0,122.42
12380,Gonorrhea,280.0,North Dakota,2011.0,Male,25-29 years,25-29,24.0,27318.0,87.85
12381,Gonorrhea,280.0,North Dakota,2011.0,Male,30-34 years,30-34,13.0,22958.0,56.63
12382,Gonorrhea,280.0,North Dakota,2011.0,Male,35-39 years,35-39,2.0,19284.0,10.37
12383,Gonorrhea,280.0,North Dakota,2011.0,Male,40+ years,40+,8.0,154638.0,5.17
12384,Gonorrhea,280.0,North Dakota,2012.0,Male,15-19 years,15-19,18.0,24819.0,72.53
12385,Gonorrhea,280.0,North Dakota,2012.0,Male,20-24 years,20-24,42.0,35047.0,119.84
12386,Gonorrhea,280.0,North Dakota,2012.0,Male,25-29 years,25-29,32.0,28110.0,113.84
12387,Gonorrhea,280.0,North Dakota,2012.0,Male,30-34 years,30-34,14.0,24738.0,56.59
12388,Gonorrhea,280.0,North Dakota,2012.0,Male,35-39 years,35-39,8.0,20154.0,39.69
12389,Gonorrhea,280.0,North Dakota,2012.0,Male,40+ years,40+,12.0,156510.0,7.67
12390,Gonorrhea,280.0,North Dakota,2012.0,Male,Unknown,99,1.0,,
12391,Gonorrhea,280.0,North Dakota,2013.0,Male,0-14 years,0-14,1.0,70147.0,1.43
12392,Gonorrhea,280.0,North Dakota,2013.0,Male,15-19 years,15-19,24.0,25534.0,93.99
12393,Gonorrhea,280.0,North Dakota,2013.0,Male,20-24 years,20-24,54.0,37919.0,142.41
12394,Gonorrhea,280.0,North Dakota,2013.0,Male,25-29 years,25-29,63.0,29371.0,214.5
12395,Gonorrhea,280.0,North Dakota,2013.0,Male,30-34 years,30-34,18.0,26595.0,67.68
12396,Gonorrhea,280.0,North Dakota,2013.0,Male,35-39 years,35-39,10.0,21641.0,46.21
12397,Gonorrhea,280.0,North Dakota,2013.0,Male,40+ years,40+,21.0,158794.0,13.22
12398,Gonorrhea,280.0,North Dakota,2014.0,Male,15-19 years,15-19,37.0,25534.0,144.91
12399,Gonorrhea,280.0,North Dakota,2014.0,Male,20-24 years,20-24,119.0,37919.0,313.83
12400,Gonorrhea,280.0,North Dakota,2014.0,Male,25-29 years,25-29,74.0,29371.0,251.95
12401,Gonorrhea,280.0,North Dakota,2014.0,Male,30-34 years,30-34,45.0,26595.0,169.21
12402,Gonorrhea,280.0,North Dakota,2014.0,Male,35-39 years,35-39,14.0,21641.0,64.69
12403,Gonorrhea,280.0,North Dakota,2014.0,Male,40+ years,40+,20.0,158794.0,12.59
12404,Gonorrhea,280.0,Ohio,1996.0,Male,0-14 years,0-14,65.0,1223962.0,5.31
12405,Gonorrhea,280.0,Ohio,1996.0,Male,15-19 years,15-19,1820.0,410577.0,443.28
12406,Gonorrhea,280.0,Ohio,1996.0,Male,20-24 years,20-24,1983.0,364821.0,543.55
12407,Gonorrhea,280.0,Ohio,1996.0,Male,25-29 years,25-29,1110.0,389670.0,284.86
12408,Gonorrhea,280.0,Ohio,1996.0,Male,30-34 years,30-34,646.0,423311.0,152.61
12409,Gonorrhea,280.0,Ohio,1996.0,Male,35-39 years,35-39,452.0,464418.0,97.33
12410,Gonorrhea,280.0,Ohio,1996.0,Male,40+ years,40+,642.0,2168304.0,29.61
12411,Gonorrhea,280.0,Ohio,1997.0,Male,0-14 years,0-14,50.0,1226961.0,4.08
12412,Gonorrhea,280.0,Ohio,1997.0,Male,15-19 years,15-19,1698.0,416552.0,407.63
12413,Gonorrhea,280.0,Ohio,1997.0,Male,20-24 years,20-24,1941.0,359116.0,540.49
12414,Gonorrhea,280.0,Ohio,1997.0,Male,25-29 years,25-29,1167.0,387714.0,301.0
12415,Gonorrhea,280.0,Ohio,1997.0,Male,30-34 years,30-34,638.0,409507.0,155.8
12416,Gonorrhea,280.0,Ohio,1997.0,Male,35-39 years,35-39,465.0,458431.0,101.43
12417,Gonorrhea,280.0,Ohio,1997.0,Male,40+ years,40+,591.0,2206771.0,26.78
12418,Gonorrhea,280.0,Ohio,1998.0,Male,0-14 years,0-14,52.0,1227385.0,4.24
12419,Gonorrhea,280.0,Ohio,1998.0,Male,15-19 years,15-19,1759.0,420187.0,418.62
12420,Gonorrhea,280.0,Ohio,1998.0,Male,20-24 years,20-24,2404.0,358901.0,669.82
12421,Gonorrhea,280.0,Ohio,1998.0,Male,25-29 years,25-29,1501.0,381979.0,392.95
12422,Gonorrhea,280.0,Ohio,1998.0,Male,30-34 years,30-34,767.0,399032.0,192.22
12423,Gonorrhea,280.0,Ohio,1998.0,Male,35-39 years,35-39,613.0,450009.0,136.22
12424,Gonorrhea,280.0,Ohio,1998.0,Male,40+ years,40+,819.0,2246454.0,36.46
12425,Gonorrhea,280.0,Ohio,1998.0,Male,Unknown,99,108.0,,
12426,Gonorrhea,280.0,Ohio,1999.0,Male,0-14 years,0-14,40.0,1228423.0,3.26
12427,Gonorrhea,280.0,Ohio,1999.0,Male,15-19 years,15-19,1709.0,418316.0,408.54
12428,Gonorrhea,280.0,Ohio,1999.0,Male,20-24 years,20-24,2496.0,361284.0,690.87
12429,Gonorrhea,280.0,Ohio,1999.0,Male,25-29 years,25-29,1494.0,373666.0,399.82
12430,Gonorrhea,280.0,Ohio,1999.0,Male,30-34 years,30-34,816.0,392019.0,208.15
12431,Gonorrhea,280.0,Ohio,1999.0,Male,35-39 years,35-39,646.0,442769.0,145.9
12432,Gonorrhea,280.0,Ohio,1999.0,Male,40+ years,40+,929.0,2283960.0,40.67
12433,Gonorrhea,280.0,Ohio,1999.0,Male,Unknown,99,115.0,,
12434,Gonorrhea,280.0,Ohio,2000.0,Male,0-14 years,0-14,59.0,1220868.0,4.83
12435,Gonorrhea,280.0,Ohio,2000.0,Male,15-19 years,15-19,1726.0,415181.0,415.72
12436,Gonorrhea,280.0,Ohio,2000.0,Male,20-24 years,20-24,2748.0,367827.0,747.09
12437,Gonorrhea,280.0,Ohio,2000.0,Male,25-29 years,25-29,1601.0,363502.0,440.44
12438,Gonorrhea,280.0,Ohio,2000.0,Male,30-34 years,30-34,948.0,392283.0,241.66
12439,Gonorrhea,280.0,Ohio,2000.0,Male,35-39 years,35-39,636.0,433637.0,146.67
12440,Gonorrhea,280.0,Ohio,2000.0,Male,40+ years,40+,1014.0,2324813.0,43.62
12441,Gonorrhea,280.0,Ohio,2000.0,Male,Unknown,99,105.0,,
12442,Gonorrhea,280.0,Ohio,2001.0,Male,0-14 years,0-14,53.0,1219693.0,4.35
12443,Gonorrhea,280.0,Ohio,2001.0,Male,15-19 years,15-19,1818.0,415030.0,438.04
12444,Gonorrhea,280.0,Ohio,2001.0,Male,20-24 years,20-24,3096.0,379247.0,816.36
12445,Gonorrhea,280.0,Ohio,2001.0,Male,25-29 years,25-29,1744.0,352615.0,494.59
12446,Gonorrhea,280.0,Ohio,2001.0,Male,30-34 years,30-34,1042.0,392661.0,265.37
12447,Gonorrhea,280.0,Ohio,2001.0,Male,35-39 years,35-39,668.0,422019.0,158.29
12448,Gonorrhea,280.0,Ohio,2001.0,Male,40+ years,40+,1113.0,2353112.0,47.3
12449,Gonorrhea,280.0,Ohio,2001.0,Male,Unknown,99,145.0,,
12450,Gonorrhea,280.0,Ohio,2002.0,Male,0-14 years,0-14,53.0,1219726.0,4.35
12451,Gonorrhea,280.0,Ohio,2002.0,Male,15-19 years,15-19,1799.0,414919.0,433.58
12452,Gonorrhea,280.0,Ohio,2002.0,Male,20-24 years,20-24,3054.0,390231.0,782.61
12453,Gonorrhea,280.0,Ohio,2002.0,Male,25-29 years,25-29,1699.0,347558.0,488.84
12454,Gonorrhea,280.0,Ohio,2002.0,Male,30-34 years,30-34,1163.0,392431.0,296.36
12455,Gonorrhea,280.0,Ohio,2002.0,Male,35-39 years,35-39,700.0,410093.0,170.69
12456,Gonorrhea,280.0,Ohio,2002.0,Male,40+ years,40+,1238.0,2378227.0,52.06
12457,Gonorrhea,280.0,Ohio,2002.0,Male,Unknown,99,113.0,,
12458,Gonorrhea,280.0,Ohio,2003.0,Male,0-14 years,0-14,78.0,1188417.0,6.56
12459,Gonorrhea,280.0,Ohio,2003.0,Male,15-19 years,15-19,1954.0,415476.0,470.3
12460,Gonorrhea,280.0,Ohio,2003.0,Male,20-24 years,20-24,2887.0,401238.0,719.52
12461,Gonorrhea,280.0,Ohio,2003.0,Male,25-29 years,25-29,1779.0,349156.0,509.51
12462,Gonorrhea,280.0,Ohio,2003.0,Male,30-34 years,30-34,1128.0,383195.0,294.37
12463,Gonorrhea,280.0,Ohio,2003.0,Male,35-39 years,35-39,716.0,400927.0,178.59
12464,Gonorrhea,280.0,Ohio,2003.0,Male,40+ years,40+,1199.0,2427806.0,49.39
12465,Gonorrhea,280.0,Ohio,2003.0,Male,Unknown,99,115.0,,
12466,Gonorrhea,280.0,Ohio,2004.0,Male,0-14 years,0-14,55.0,1169546.0,4.7
12467,Gonorrhea,280.0,Ohio,2004.0,Male,15-19 years,15-19,1708.0,417286.0,409.31
12468,Gonorrhea,280.0,Ohio,2004.0,Male,20-24 years,20-24,2594.0,405006.0,640.48
12469,Gonorrhea,280.0,Ohio,2004.0,Male,25-29 years,25-29,1580.0,357140.0,442.4
12470,Gonorrhea,280.0,Ohio,2004.0,Male,30-34 years,30-34,1087.0,375110.0,289.78
12471,Gonorrhea,280.0,Ohio,2004.0,Male,35-39 years,35-39,620.0,393247.0,157.66
12472,Gonorrhea,280.0,Ohio,2004.0,Male,40+ years,40+,1297.0,2463300.0,52.65
12473,Gonorrhea,280.0,Ohio,2004.0,Male,Unknown,99,105.0,,
12474,Gonorrhea,280.0,Ohio,2005.0,Male,0-14 years,0-14,59.0,1155384.0,5.11
12475,Gonorrhea,280.0,Ohio,2005.0,Male,15-19 years,15-19,1752.0,418770.0,418.37
12476,Gonorrhea,280.0,Ohio,2005.0,Male,20-24 years,20-24,2459.0,404792.0,607.47
12477,Gonorrhea,280.0,Ohio,2005.0,Male,25-29 years,25-29,1668.0,366111.0,455.6
12478,Gonorrhea,280.0,Ohio,2005.0,Male,30-34 years,30-34,992.0,363304.0,273.05
12479,Gonorrhea,280.0,Ohio,2005.0,Male,35-39 years,35-39,666.0,390265.0,170.65
12480,Gonorrhea,280.0,Ohio,2005.0,Male,40+ years,40+,1320.0,2488981.0,53.03
12481,Gonorrhea,280.0,Ohio,2005.0,Male,Unknown,99,119.0,,
12482,Gonorrhea,280.0,Ohio,2006.0,Male,0-14 years,0-14,53.0,1159349.0,4.57
12483,Gonorrhea,280.0,Ohio,2006.0,Male,15-19 years,15-19,1687.0,416341.0,405.2
12484,Gonorrhea,280.0,Ohio,2006.0,Male,20-24 years,20-24,2253.0,399665.0,563.72
12485,Gonorrhea,280.0,Ohio,2006.0,Male,25-29 years,25-29,1562.0,381599.0,409.33
12486,Gonorrhea,280.0,Ohio,2006.0,Male,30-34 years,30-34,914.0,348022.0,262.63
12487,Gonorrhea,280.0,Ohio,2006.0,Male,35-39 years,35-39,611.0,386384.0,158.13
12488,Gonorrhea,280.0,Ohio,2006.0,Male,40+ years,40+,1266.0,2506317.0,50.51
12489,Gonorrhea,280.0,Ohio,2006.0,Male,Unknown,99,147.0,,
12490,Gonorrhea,280.0,Ohio,2007.0,Male,0-14 years,0-14,52.0,1151280.0,4.52
12491,Gonorrhea,280.0,Ohio,2007.0,Male,15-19 years,15-19,1898.0,415686.0,456.6
12492,Gonorrhea,280.0,Ohio,2007.0,Male,20-24 years,20-24,2532.0,385753.0,656.38
12493,Gonorrhea,280.0,Ohio,2007.0,Male,25-29 years,25-29,1686.0,388151.0,434.37
12494,Gonorrhea,280.0,Ohio,2007.0,Male,30-34 years,30-34,982.0,342461.0,286.75
12495,Gonorrhea,280.0,Ohio,2007.0,Male,35-39 years,35-39,676.0,383634.0,176.21
12496,Gonorrhea,280.0,Ohio,2007.0,Male,40+ years,40+,1247.0,2524196.0,49.4
12497,Gonorrhea,280.0,Ohio,2007.0,Male,Unknown,99,91.0,,
12498,Gonorrhea,280.0,Ohio,2008.0,Male,0-14 years,0-14,50.0,1144933.0,4.37
12499,Gonorrhea,280.0,Ohio,2008.0,Male,15-19 years,15-19,1694.0,414010.0,409.17
12500,Gonorrhea,280.0,Ohio,2008.0,Male,20-24 years,20-24,1934.0,386135.0,500.86
12501,Gonorrhea,280.0,Ohio,2008.0,Male,25-29 years,25-29,1183.0,388804.0,304.27
12502,Gonorrhea,280.0,Ohio,2008.0,Male,30-34 years,30-34,668.0,344391.0,193.97
12503,Gonorrhea,280.0,Ohio,2008.0,Male,35-39 years,35-39,424.0,376928.0,112.49
12504,Gonorrhea,280.0,Ohio,2008.0,Male,40+ years,40+,716.0,2548567.0,28.09
12505,Gonorrhea,280.0,Ohio,2008.0,Male,Unknown,99,24.0,,
12506,Gonorrhea,280.0,Ohio,2009.0,Male,0-14 years,0-14,40.0,1141417.0,3.5
12507,Gonorrhea,280.0,Ohio,2009.0,Male,15-19 years,15-19,1452.0,413211.0,351.39
12508,Gonorrhea,280.0,Ohio,2009.0,Male,20-24 years,20-24,1843.0,382328.0,482.05
12509,Gonorrhea,280.0,Ohio,2009.0,Male,25-29 years,25-29,1081.0,385543.0,280.38
12510,Gonorrhea,280.0,Ohio,2009.0,Male,30-34 years,30-34,608.0,356942.0,170.34
12511,Gonorrhea,280.0,Ohio,2009.0,Male,35-39 years,35-39,382.0,367638.0,103.91
12512,Gonorrhea,280.0,Ohio,2009.0,Male,40+ years,40+,583.0,2586324.0,22.54
12513,Gonorrhea,280.0,Ohio,2009.0,Male,Unknown,99,79.0,,
12514,Gonorrhea,280.0,Ohio,2010.0,Male,0-14 years,0-14,29.0,1146272.0,2.53
12515,Gonorrhea,280.0,Ohio,2010.0,Male,15-19 years,15-19,1481.0,420975.0,351.8
12516,Gonorrhea,280.0,Ohio,2010.0,Male,20-24 years,20-24,2117.0,384202.0,551.01
12517,Gonorrhea,280.0,Ohio,2010.0,Male,25-29 years,25-29,1159.0,357837.0,323.89
12518,Gonorrhea,280.0,Ohio,2010.0,Male,30-34 years,30-34,624.0,344087.0,181.35
12519,Gonorrhea,280.0,Ohio,2010.0,Male,35-39 years,35-39,366.0,356420.0,102.69
12520,Gonorrhea,280.0,Ohio,2010.0,Male,40+ years,40+,603.0,2622363.0,22.99
12521,Gonorrhea,280.0,Ohio,2010.0,Male,Unknown,99,42.0,,
12522,Gonorrhea,280.0,Ohio,2011.0,Male,0-14 years,0-14,31.0,1132481.0,2.74
12523,Gonorrhea,280.0,Ohio,2011.0,Male,15-19 years,15-19,1440.0,411083.0,350.29
12524,Gonorrhea,280.0,Ohio,2011.0,Male,20-24 years,20-24,2184.0,390763.0,558.91
12525,Gonorrhea,280.0,Ohio,2011.0,Male,25-29 years,25-29,1209.0,359006.0,336.76
12526,Gonorrhea,280.0,Ohio,2011.0,Male,30-34 years,30-34,738.0,351892.0,209.72
12527,Gonorrhea,280.0,Ohio,2011.0,Male,35-39 years,35-39,404.0,339749.0,118.91
12528,Gonorrhea,280.0,Ohio,2011.0,Male,40+ years,40+,704.0,2654378.0,26.52
12529,Gonorrhea,280.0,Ohio,2011.0,Male,Unknown,99,7.0,,
12530,Gonorrhea,280.0,Ohio,2012.0,Male,0-14 years,0-14,33.0,1122629.0,2.94
12531,Gonorrhea,280.0,Ohio,2012.0,Male,15-19 years,15-19,1376.0,402878.0,341.54
12532,Gonorrhea,280.0,Ohio,2012.0,Male,20-24 years,20-24,2204.0,397803.0,554.04
12533,Gonorrhea,280.0,Ohio,2012.0,Male,25-29 years,25-29,1198.0,359935.0,332.84
12534,Gonorrhea,280.0,Ohio,2012.0,Male,30-34 years,30-34,744.0,355794.0,209.11
12535,Gonorrhea,280.0,Ohio,2012.0,Male,35-39 years,35-39,425.0,333404.0,127.47
12536,Gonorrhea,280.0,Ohio,2012.0,Male,40+ years,40+,784.0,2670177.0,29.36
12537,Gonorrhea,280.0,Ohio,2012.0,Male,Unknown,99,23.0,,
12538,Gonorrhea,280.0,Ohio,2013.0,Male,0-14 years,0-14,50.0,1117136.0,4.48
12539,Gonorrhea,280.0,Ohio,2013.0,Male,15-19 years,15-19,1384.0,399167.0,346.72
12540,Gonorrhea,280.0,Ohio,2013.0,Male,20-24 years,20-24,2296.0,399872.0,574.18
12541,Gonorrhea,280.0,Ohio,2013.0,Male,25-29 years,25-29,1327.0,367681.0,360.91
12542,Gonorrhea,280.0,Ohio,2013.0,Male,30-34 years,30-34,849.0,358323.0,236.94
12543,Gonorrhea,280.0,Ohio,2013.0,Male,35-39 years,35-39,495.0,333538.0,148.41
12544,Gonorrhea,280.0,Ohio,2013.0,Male,40+ years,40+,1023.0,2683942.0,38.12
12545,Gonorrhea,280.0,Ohio,2013.0,Male,Unknown,99,19.0,,
12546,Gonorrhea,280.0,Ohio,2014.0,Male,0-14 years,0-14,38.0,1117136.0,3.4
12547,Gonorrhea,280.0,Ohio,2014.0,Male,15-19 years,15-19,1396.0,399167.0,349.73
12548,Gonorrhea,280.0,Ohio,2014.0,Male,20-24 years,20-24,2327.0,399872.0,581.94
12549,Gonorrhea,280.0,Ohio,2014.0,Male,25-29 years,25-29,1392.0,367681.0,378.59
12550,Gonorrhea,280.0,Ohio,2014.0,Male,30-34 years,30-34,833.0,358323.0,232.47
12551,Gonorrhea,280.0,Ohio,2014.0,Male,35-39 years,35-39,503.0,333538.0,150.81
12552,Gonorrhea,280.0,Ohio,2014.0,Male,40+ years,40+,1009.0,2683942.0,37.59
12553,Gonorrhea,280.0,Ohio,2014.0,Male,Unknown,99,4.0,,
12554,Gonorrhea,280.0,Oklahoma,1996.0,Male,0-14 years,0-14,15.0,375224.0,4.0
12555,Gonorrhea,280.0,Oklahoma,1996.0,Male,15-19 years,15-19,590.0,131774.0,447.74
12556,Gonorrhea,280.0,Oklahoma,1996.0,Male,20-24 years,20-24,755.0,120796.0,625.02
12557,Gonorrhea,280.0,Oklahoma,1996.0,Male,25-29 years,25-29,357.0,113783.0,313.75
12558,Gonorrhea,280.0,Oklahoma,1996.0,Male,30-34 years,30-34,232.0,121894.0,190.33
12559,Gonorrhea,280.0,Oklahoma,1996.0,Male,35-39 years,35-39,165.0,133636.0,123.47
12560,Gonorrhea,280.0,Oklahoma,1996.0,Male,40+ years,40+,173.0,639161.0,27.07
12561,Gonorrhea,280.0,Oklahoma,1997.0,Male,0-14 years,0-14,16.0,376172.0,4.25
12562,Gonorrhea,280.0,Oklahoma,1997.0,Male,15-19 years,15-19,586.0,135157.0,433.57
12563,Gonorrhea,280.0,Oklahoma,1997.0,Male,20-24 years,20-24,745.0,121404.0,613.65
12564,Gonorrhea,280.0,Oklahoma,1997.0,Male,25-29 years,25-29,381.0,115904.0,328.72
12565,Gonorrhea,280.0,Oklahoma,1997.0,Male,30-34 years,30-34,231.0,117200.0,197.1
12566,Gonorrhea,280.0,Oklahoma,1997.0,Male,35-39 years,35-39,164.0,133607.0,122.75
12567,Gonorrhea,280.0,Oklahoma,1997.0,Male,40+ years,40+,219.0,653895.0,33.49
12568,Gonorrhea,280.0,Oklahoma,1998.0,Male,0-14 years,0-14,19.0,377430.0,5.03
12569,Gonorrhea,280.0,Oklahoma,1998.0,Male,15-19 years,15-19,543.0,138519.0,392.0
12570,Gonorrhea,280.0,Oklahoma,1998.0,Male,20-24 years,20-24,736.0,122834.0,599.18
12571,Gonorrhea,280.0,Oklahoma,1998.0,Male,25-29 years,25-29,430.0,117051.0,367.36
12572,Gonorrhea,280.0,Oklahoma,1998.0,Male,30-34 years,30-34,201.0,113411.0,177.23
12573,Gonorrhea,280.0,Oklahoma,1998.0,Male,35-39 years,35-39,141.0,133053.0,105.97
12574,Gonorrhea,280.0,Oklahoma,1998.0,Male,40+ years,40+,237.0,667579.0,35.5
12575,Gonorrhea,280.0,Oklahoma,1998.0,Male,Unknown,99,4.0,,
12576,Gonorrhea,280.0,Oklahoma,1999.0,Male,0-14 years,0-14,2.0,376418.0,0.53
12577,Gonorrhea,280.0,Oklahoma,1999.0,Male,15-19 years,15-19,378.0,139723.0,270.54
12578,Gonorrhea,280.0,Oklahoma,1999.0,Male,20-24 years,20-24,621.0,126379.0,491.38
12579,Gonorrhea,280.0,Oklahoma,1999.0,Male,25-29 years,25-29,300.0,117519.0,255.28
12580,Gonorrhea,280.0,Oklahoma,1999.0,Male,30-34 years,30-34,180.0,112330.0,160.24
12581,Gonorrhea,280.0,Oklahoma,1999.0,Male,35-39 years,35-39,124.0,132216.0,93.79
12582,Gonorrhea,280.0,Oklahoma,1999.0,Male,40+ years,40+,174.0,683779.0,25.45
12583,Gonorrhea,280.0,Oklahoma,1999.0,Male,Unknown,99,2.0,,
12584,Gonorrhea,280.0,Oklahoma,2000.0,Male,0-14 years,0-14,8.0,370592.0,2.16
12585,Gonorrhea,280.0,Oklahoma,2000.0,Male,15-19 years,15-19,380.0,138336.0,274.69
12586,Gonorrhea,280.0,Oklahoma,2000.0,Male,20-24 years,20-24,619.0,129744.0,477.09
12587,Gonorrhea,280.0,Oklahoma,2000.0,Male,25-29 years,25-29,304.0,117050.0,259.72
12588,Gonorrhea,280.0,Oklahoma,2000.0,Male,30-34 years,30-34,197.0,113361.0,173.78
12589,Gonorrhea,280.0,Oklahoma,2000.0,Male,35-39 years,35-39,130.0,128691.0,101.02
12590,Gonorrhea,280.0,Oklahoma,2000.0,Male,40+ years,40+,158.0,700101.0,22.57
12591,Gonorrhea,280.0,Oklahoma,2001.0,Male,0-14 years,0-14,3.0,370598.0,0.81
12592,Gonorrhea,280.0,Oklahoma,2001.0,Male,15-19 years,15-19,435.0,136407.0,318.9
12593,Gonorrhea,280.0,Oklahoma,2001.0,Male,20-24 years,20-24,697.0,134545.0,518.04
12594,Gonorrhea,280.0,Oklahoma,2001.0,Male,25-29 years,25-29,383.0,116719.0,328.14
12595,Gonorrhea,280.0,Oklahoma,2001.0,Male,30-34 years,30-34,232.0,114516.0,202.59
12596,Gonorrhea,280.0,Oklahoma,2001.0,Male,35-39 years,35-39,138.0,123681.0,111.58
12597,Gonorrhea,280.0,Oklahoma,2001.0,Male,40+ years,40+,226.0,710728.0,31.8
12598,Gonorrhea,280.0,Oklahoma,2002.0,Male,0-14 years,0-14,11.0,369572.0,2.98
12599,Gonorrhea,280.0,Oklahoma,2002.0,Male,15-19 years,15-19,457.0,134323.0,340.23
12600,Gonorrhea,280.0,Oklahoma,2002.0,Male,20-24 years,20-24,683.0,139168.0,490.77
12601,Gonorrhea,280.0,Oklahoma,2002.0,Male,25-29 years,25-29,333.0,118112.0,281.94
12602,Gonorrhea,280.0,Oklahoma,2002.0,Male,30-34 years,30-34,207.0,116143.0,178.23
12603,Gonorrhea,280.0,Oklahoma,2002.0,Male,35-39 years,35-39,143.0,118927.0,120.24
12604,Gonorrhea,280.0,Oklahoma,2002.0,Male,40+ years,40+,261.0,723628.0,36.07
12605,Gonorrhea,280.0,Oklahoma,2003.0,Male,0-14 years,0-14,9.0,373217.0,2.41
12606,Gonorrhea,280.0,Oklahoma,2003.0,Male,15-19 years,15-19,393.0,132105.0,297.49
12607,Gonorrhea,280.0,Oklahoma,2003.0,Male,20-24 years,20-24,691.0,143030.0,483.12
12608,Gonorrhea,280.0,Oklahoma,2003.0,Male,25-29 years,25-29,369.0,120744.0,305.61
12609,Gonorrhea,280.0,Oklahoma,2003.0,Male,30-34 years,30-34,195.0,115775.0,168.43
12610,Gonorrhea,280.0,Oklahoma,2003.0,Male,35-39 years,35-39,122.0,114944.0,106.14
12611,Gonorrhea,280.0,Oklahoma,2003.0,Male,40+ years,40+,210.0,731634.0,28.7
12612,Gonorrhea,280.0,Oklahoma,2003.0,Male,Unknown,99,1.0,,
12613,Gonorrhea,280.0,Oklahoma,2004.0,Male,0-14 years,0-14,10.0,365610.0,2.74
12614,Gonorrhea,280.0,Oklahoma,2004.0,Male,15-19 years,15-19,360.0,130049.0,276.82
12615,Gonorrhea,280.0,Oklahoma,2004.0,Male,20-24 years,20-24,683.0,145604.0,469.08
12616,Gonorrhea,280.0,Oklahoma,2004.0,Male,25-29 years,25-29,367.0,124739.0,294.21
12617,Gonorrhea,280.0,Oklahoma,2004.0,Male,30-34 years,30-34,217.0,116126.0,186.87
12618,Gonorrhea,280.0,Oklahoma,2004.0,Male,35-39 years,35-39,130.0,113191.0,114.85
12619,Gonorrhea,280.0,Oklahoma,2004.0,Male,40+ years,40+,215.0,744946.0,28.86
12620,Gonorrhea,280.0,Oklahoma,2005.0,Male,0-14 years,0-14,8.0,362040.0,2.21
12621,Gonorrhea,280.0,Oklahoma,2005.0,Male,15-19 years,15-19,409.0,129453.0,315.94
12622,Gonorrhea,280.0,Oklahoma,2005.0,Male,20-24 years,20-24,718.0,144631.0,496.44
12623,Gonorrhea,280.0,Oklahoma,2005.0,Male,25-29 years,25-29,435.0,129518.0,335.86
12624,Gonorrhea,280.0,Oklahoma,2005.0,Male,30-34 years,30-34,234.0,116113.0,201.53
12625,Gonorrhea,280.0,Oklahoma,2005.0,Male,35-39 years,35-39,137.0,113412.0,120.8
12626,Gonorrhea,280.0,Oklahoma,2005.0,Male,40+ years,40+,269.0,758107.0,35.48
12627,Gonorrhea,280.0,Oklahoma,2006.0,Male,0-14 years,0-14,18.0,379298.0,4.75
12628,Gonorrhea,280.0,Oklahoma,2006.0,Male,15-19 years,15-19,428.0,129546.0,330.38
12629,Gonorrhea,280.0,Oklahoma,2006.0,Male,20-24 years,20-24,740.0,142305.0,520.01
12630,Gonorrhea,280.0,Oklahoma,2006.0,Male,25-29 years,25-29,440.0,132206.0,332.81
12631,Gonorrhea,280.0,Oklahoma,2006.0,Male,30-34 years,30-34,184.0,111571.0,164.92
12632,Gonorrhea,280.0,Oklahoma,2006.0,Male,35-39 years,35-39,125.0,114393.0,109.27
12633,Gonorrhea,280.0,Oklahoma,2006.0,Male,40+ years,40+,236.0,755195.0,31.25
12634,Gonorrhea,280.0,Oklahoma,2007.0,Male,0-14 years,0-14,6.0,382459.0,1.57
12635,Gonorrhea,280.0,Oklahoma,2007.0,Male,15-19 years,15-19,440.0,131171.0,335.44
12636,Gonorrhea,280.0,Oklahoma,2007.0,Male,20-24 years,20-24,701.0,144077.0,486.55
12637,Gonorrhea,280.0,Oklahoma,2007.0,Male,25-29 years,25-29,476.0,139631.0,340.9
12638,Gonorrhea,280.0,Oklahoma,2007.0,Male,30-34 years,30-34,211.0,112292.0,187.9
12639,Gonorrhea,280.0,Oklahoma,2007.0,Male,35-39 years,35-39,140.0,115763.0,120.94
12640,Gonorrhea,280.0,Oklahoma,2007.0,Male,40+ years,40+,247.0,762095.0,32.41
12641,Gonorrhea,280.0,Oklahoma,2008.0,Male,0-14 years,0-14,14.0,387029.0,3.62
12642,Gonorrhea,280.0,Oklahoma,2008.0,Male,15-19 years,15-19,440.0,130238.0,337.84
12643,Gonorrhea,280.0,Oklahoma,2008.0,Male,20-24 years,20-24,695.0,141925.0,489.69
12644,Gonorrhea,280.0,Oklahoma,2008.0,Male,25-29 years,25-29,415.0,140754.0,294.84
12645,Gonorrhea,280.0,Oklahoma,2008.0,Male,30-34 years,30-34,244.0,113910.0,214.2
12646,Gonorrhea,280.0,Oklahoma,2008.0,Male,35-39 years,35-39,148.0,115554.0,128.08
12647,Gonorrhea,280.0,Oklahoma,2008.0,Male,40+ years,40+,256.0,769431.0,33.27
12648,Gonorrhea,280.0,Oklahoma,2009.0,Male,0-14 years,0-14,11.0,393735.0,2.79
12649,Gonorrhea,280.0,Oklahoma,2009.0,Male,15-19 years,15-19,409.0,132771.0,308.05
12650,Gonorrhea,280.0,Oklahoma,2009.0,Male,20-24 years,20-24,622.0,146464.0,424.68
12651,Gonorrhea,280.0,Oklahoma,2009.0,Male,25-29 years,25-29,375.0,141717.0,264.61
12652,Gonorrhea,280.0,Oklahoma,2009.0,Male,30-34 years,30-34,189.0,117434.0,160.94
12653,Gonorrhea,280.0,Oklahoma,2009.0,Male,35-39 years,35-39,87.0,115329.0,75.44
12654,Gonorrhea,280.0,Oklahoma,2009.0,Male,40+ years,40+,160.0,774524.0,20.66
12655,Gonorrhea,280.0,Oklahoma,2009.0,Male,Unknown,99,4.0,,
12656,Gonorrhea,280.0,Oklahoma,2010.0,Male,0-14 years,0-14,6.0,397878.0,1.51
12657,Gonorrhea,280.0,Oklahoma,2010.0,Male,15-19 years,15-19,382.0,135644.0,281.62
12658,Gonorrhea,280.0,Oklahoma,2010.0,Male,20-24 years,20-24,668.0,137934.0,484.29
12659,Gonorrhea,280.0,Oklahoma,2010.0,Male,25-29 years,25-29,421.0,135908.0,309.77
12660,Gonorrhea,280.0,Oklahoma,2010.0,Male,30-34 years,30-34,197.0,122914.0,160.28
12661,Gonorrhea,280.0,Oklahoma,2010.0,Male,35-39 years,35-39,79.0,117446.0,67.27
12662,Gonorrhea,280.0,Oklahoma,2010.0,Male,40+ years,40+,120.0,809253.0,14.83
12663,Gonorrhea,280.0,Oklahoma,2011.0,Male,0-14 years,0-14,5.0,401626.0,1.24
12664,Gonorrhea,280.0,Oklahoma,2011.0,Male,15-19 years,15-19,285.0,134353.0,212.13
12665,Gonorrhea,280.0,Oklahoma,2011.0,Male,20-24 years,20-24,664.0,143154.0,463.84
12666,Gonorrhea,280.0,Oklahoma,2011.0,Male,25-29 years,25-29,358.0,136048.0,263.14
12667,Gonorrhea,280.0,Oklahoma,2011.0,Male,30-34 years,30-34,187.0,126858.0,147.41
12668,Gonorrhea,280.0,Oklahoma,2011.0,Male,35-39 years,35-39,85.0,115004.0,73.91
12669,Gonorrhea,280.0,Oklahoma,2011.0,Male,40+ years,40+,121.0,820706.0,14.74
12670,Gonorrhea,280.0,Oklahoma,2011.0,Male,Unknown,99,3.0,,
12671,Gonorrhea,280.0,Oklahoma,2012.0,Male,0-14 years,0-14,3.0,402606.0,0.75
12672,Gonorrhea,280.0,Oklahoma,2012.0,Male,15-19 years,15-19,311.0,132020.0,235.57
12673,Gonorrhea,280.0,Oklahoma,2012.0,Male,20-24 years,20-24,705.0,147338.0,478.49
12674,Gonorrhea,280.0,Oklahoma,2012.0,Male,25-29 years,25-29,354.0,134969.0,262.28
12675,Gonorrhea,280.0,Oklahoma,2012.0,Male,30-34 years,30-34,196.0,130283.0,150.44
12676,Gonorrhea,280.0,Oklahoma,2012.0,Male,35-39 years,35-39,93.0,115449.0,80.56
12677,Gonorrhea,280.0,Oklahoma,2012.0,Male,40+ years,40+,127.0,827160.0,15.35
12678,Gonorrhea,280.0,Oklahoma,2013.0,Male,0-14 years,0-14,7.0,406583.0,1.72
12679,Gonorrhea,280.0,Oklahoma,2013.0,Male,15-19 years,15-19,345.0,132478.0,260.42
12680,Gonorrhea,280.0,Oklahoma,2013.0,Male,20-24 years,20-24,798.0,149002.0,535.56
12681,Gonorrhea,280.0,Oklahoma,2013.0,Male,25-29 years,25-29,521.0,133494.0,390.28
12682,Gonorrhea,280.0,Oklahoma,2013.0,Male,30-34 years,30-34,284.0,133619.0,212.54
12683,Gonorrhea,280.0,Oklahoma,2013.0,Male,35-39 years,35-39,160.0,117558.0,136.1
12684,Gonorrhea,280.0,Oklahoma,2013.0,Male,40+ years,40+,187.0,834558.0,22.41
12685,Gonorrhea,280.0,Oklahoma,2013.0,Male,Unknown,99,1.0,,
12686,Gonorrhea,280.0,Oklahoma,2014.0,Male,0-14 years,0-14,7.0,406583.0,1.72
12687,Gonorrhea,280.0,Oklahoma,2014.0,Male,15-19 years,15-19,384.0,132478.0,289.86
12688,Gonorrhea,280.0,Oklahoma,2014.0,Male,20-24 years,20-24,903.0,149002.0,606.03
12689,Gonorrhea,280.0,Oklahoma,2014.0,Male,25-29 years,25-29,634.0,133494.0,474.93
12690,Gonorrhea,280.0,Oklahoma,2014.0,Male,30-34 years,30-34,344.0,133619.0,257.45
12691,Gonorrhea,280.0,Oklahoma,2014.0,Male,35-39 years,35-39,188.0,117558.0,159.92
12692,Gonorrhea,280.0,Oklahoma,2014.0,Male,40+ years,40+,225.0,834558.0,26.96
12693,Gonorrhea,280.0,Oregon,1996.0,Male,0-14 years,0-14,4.0,345296.0,1.16
12694,Gonorrhea,280.0,Oregon,1996.0,Male,15-19 years,15-19,74.0,119137.0,62.11
12695,Gonorrhea,280.0,Oregon,1996.0,Male,20-24 years,20-24,108.0,104300.0,103.55
12696,Gonorrhea,280.0,Oregon,1996.0,Male,25-29 years,25-29,108.0,114339.0,94.46
12697,Gonorrhea,280.0,Oregon,1996.0,Male,30-34 years,30-34,74.0,122657.0,60.33
12698,Gonorrhea,280.0,Oregon,1996.0,Male,35-39 years,35-39,41.0,134993.0,30.37
12699,Gonorrhea,280.0,Oregon,1996.0,Male,40+ years,40+,55.0,663805.0,8.29
12700,Gonorrhea,280.0,Oregon,1996.0,Male,Unknown,99,5.0,,
12701,Gonorrhea,280.0,Oregon,1997.0,Male,0-14 years,0-14,4.0,350092.0,1.14
12702,Gonorrhea,280.0,Oregon,1997.0,Male,15-19 years,15-19,71.0,122572.0,57.93
12703,Gonorrhea,280.0,Oregon,1997.0,Male,20-24 years,20-24,115.0,107655.0,106.82
12704,Gonorrhea,280.0,Oregon,1997.0,Male,25-29 years,25-29,84.0,116712.0,71.97
12705,Gonorrhea,280.0,Oregon,1997.0,Male,30-34 years,30-34,48.0,120842.0,39.72
12706,Gonorrhea,280.0,Oregon,1997.0,Male,35-39 years,35-39,52.0,134408.0,38.69
12707,Gonorrhea,280.0,Oregon,1997.0,Male,40+ years,40+,50.0,682028.0,7.33
12708,Gonorrhea,280.0,Oregon,1997.0,Male,Unknown,99,1.0,,
12709,Gonorrhea,280.0,Oregon,1998.0,Male,15-19 years,15-19,53.0,124881.0,42.44
12710,Gonorrhea,280.0,Oregon,1998.0,Male,20-24 years,20-24,134.0,111357.0,120.33
12711,Gonorrhea,280.0,Oregon,1998.0,Male,25-29 years,25-29,101.0,118593.0,85.17
12712,Gonorrhea,280.0,Oregon,1998.0,Male,30-34 years,30-34,68.0,119632.0,56.84
12713,Gonorrhea,280.0,Oregon,1998.0,Male,35-39 years,35-39,53.0,133087.0,39.82
12714,Gonorrhea,280.0,Oregon,1998.0,Male,40+ years,40+,41.0,697948.0,5.87
12715,Gonorrhea,280.0,Oregon,1999.0,Male,0-14 years,0-14,1.0,356658.0,0.28
12716,Gonorrhea,280.0,Oregon,1999.0,Male,15-19 years,15-19,66.0,125591.0,52.55
12717,Gonorrhea,280.0,Oregon,1999.0,Male,20-24 years,20-24,99.0,115432.0,85.76
12718,Gonorrhea,280.0,Oregon,1999.0,Male,25-29 years,25-29,113.0,120080.0,94.1
12719,Gonorrhea,280.0,Oregon,1999.0,Male,30-34 years,30-34,72.0,120453.0,59.77
12720,Gonorrhea,280.0,Oregon,1999.0,Male,35-39 years,35-39,57.0,131316.0,43.41
12721,Gonorrhea,280.0,Oregon,1999.0,Male,40+ years,40+,62.0,712185.0,8.71
12722,Gonorrhea,280.0,Oregon,2000.0,Male,0-14 years,0-14,1.0,362358.0,0.28
12723,Gonorrhea,280.0,Oregon,2000.0,Male,15-19 years,15-19,84.0,125648.0,66.85
12724,Gonorrhea,280.0,Oregon,2000.0,Male,20-24 years,20-24,151.0,118213.0,127.74
12725,Gonorrhea,280.0,Oregon,2000.0,Male,25-29 years,25-29,113.0,120262.0,93.96
12726,Gonorrhea,280.0,Oregon,2000.0,Male,30-34 years,30-34,96.0,122877.0,78.13
12727,Gonorrhea,280.0,Oregon,2000.0,Male,35-39 years,35-39,57.0,127986.0,44.54
12728,Gonorrhea,280.0,Oregon,2000.0,Male,40+ years,40+,50.0,724407.0,6.9
12729,Gonorrhea,280.0,Oregon,2001.0,Male,15-19 years,15-19,85.0,126059.0,67.43
12730,Gonorrhea,280.0,Oregon,2001.0,Male,20-24 years,20-24,194.0,120112.0,161.52
12731,Gonorrhea,280.0,Oregon,2001.0,Male,25-29 years,25-29,128.0,120349.0,106.36
12732,Gonorrhea,280.0,Oregon,2001.0,Male,30-34 years,30-34,115.0,127282.0,90.35
12733,Gonorrhea,280.0,Oregon,2001.0,Male,35-39 years,35-39,74.0,126632.0,58.44
12734,Gonorrhea,280.0,Oregon,2001.0,Male,40+ years,40+,100.0,741519.0,13.49
12735,Gonorrhea,280.0,Oregon,2002.0,Male,15-19 years,15-19,51.0,126270.0,40.39
12736,Gonorrhea,280.0,Oregon,2002.0,Male,20-24 years,20-24,142.0,122563.0,115.86
12737,Gonorrhea,280.0,Oregon,2002.0,Male,25-29 years,25-29,109.0,120871.0,90.18
12738,Gonorrhea,280.0,Oregon,2002.0,Male,30-34 years,30-34,97.0,131289.0,73.88
12739,Gonorrhea,280.0,Oregon,2002.0,Male,35-39 years,35-39,64.0,125982.0,50.8
12740,Gonorrhea,280.0,Oregon,2002.0,Male,40+ years,40+,89.0,758788.0,11.73
12741,Gonorrhea,280.0,Oregon,2003.0,Male,15-19 years,15-19,57.0,125308.0,45.49
12742,Gonorrhea,280.0,Oregon,2003.0,Male,20-24 years,20-24,141.0,127629.0,110.48
12743,Gonorrhea,280.0,Oregon,2003.0,Male,25-29 years,25-29,115.0,125937.0,91.32
12744,Gonorrhea,280.0,Oregon,2003.0,Male,30-34 years,30-34,86.0,133131.0,64.6
12745,Gonorrhea,280.0,Oregon,2003.0,Male,35-39 years,35-39,85.0,125118.0,67.94
12746,Gonorrhea,280.0,Oregon,2003.0,Male,40+ years,40+,127.0,771518.0,16.46
12747,Gonorrhea,280.0,Oregon,2004.0,Male,15-19 years,15-19,53.0,125775.0,42.14
12748,Gonorrhea,280.0,Oregon,2004.0,Male,20-24 years,20-24,163.0,129111.0,126.25
12749,Gonorrhea,280.0,Oregon,2004.0,Male,25-29 years,25-29,162.0,128800.0,125.78
12750,Gonorrhea,280.0,Oregon,2004.0,Male,30-34 years,30-34,119.0,133212.0,89.33
12751,Gonorrhea,280.0,Oregon,2004.0,Male,35-39 years,35-39,88.0,125974.0,69.86
12752,Gonorrhea,280.0,Oregon,2004.0,Male,40+ years,40+,150.0,783101.0,19.15
12753,Gonorrhea,280.0,Oregon,2005.0,Male,0-14 years,0-14,1.0,357831.0,0.28
12754,Gonorrhea,280.0,Oregon,2005.0,Male,15-19 years,15-19,80.0,127351.0,62.82
12755,Gonorrhea,280.0,Oregon,2005.0,Male,20-24 years,20-24,213.0,130464.0,163.26
12756,Gonorrhea,280.0,Oregon,2005.0,Male,25-29 years,25-29,156.0,132438.0,117.79
12757,Gonorrhea,280.0,Oregon,2005.0,Male,30-34 years,30-34,130.0,133110.0,97.66
12758,Gonorrhea,280.0,Oregon,2005.0,Male,35-39 years,35-39,110.0,129970.0,84.63
12759,Gonorrhea,280.0,Oregon,2005.0,Male,40+ years,40+,211.0,799747.0,26.38
12760,Gonorrhea,280.0,Oregon,2006.0,Male,0-14 years,0-14,1.0,359164.0,0.28
12761,Gonorrhea,280.0,Oregon,2006.0,Male,15-19 years,15-19,74.0,126467.0,58.51
12762,Gonorrhea,280.0,Oregon,2006.0,Male,20-24 years,20-24,186.0,127846.0,145.49
12763,Gonorrhea,280.0,Oregon,2006.0,Male,25-29 years,25-29,188.0,140173.0,134.12
12764,Gonorrhea,280.0,Oregon,2006.0,Male,30-34 years,30-34,121.0,127636.0,94.8
12765,Gonorrhea,280.0,Oregon,2006.0,Male,35-39 years,35-39,97.0,130221.0,74.49
12766,Gonorrhea,280.0,Oregon,2006.0,Male,40+ years,40+,185.0,828181.0,22.34
12767,Gonorrhea,280.0,Oregon,2007.0,Male,15-19 years,15-19,60.0,127740.0,46.97
12768,Gonorrhea,280.0,Oregon,2007.0,Male,20-24 years,20-24,162.0,124329.0,130.3
12769,Gonorrhea,280.0,Oregon,2007.0,Male,25-29 years,25-29,134.0,142206.0,94.23
12770,Gonorrhea,280.0,Oregon,2007.0,Male,30-34 years,30-34,93.0,128758.0,72.23
12771,Gonorrhea,280.0,Oregon,2007.0,Male,35-39 years,35-39,81.0,132558.0,61.11
12772,Gonorrhea,280.0,Oregon,2007.0,Male,40+ years,40+,142.0,844459.0,16.82
12773,Gonorrhea,280.0,Oregon,2008.0,Male,15-19 years,15-19,75.0,127205.0,58.96
12774,Gonorrhea,280.0,Oregon,2008.0,Male,20-24 years,20-24,158.0,123929.0,127.49
12775,Gonorrhea,280.0,Oregon,2008.0,Male,25-29 years,25-29,125.0,142171.0,87.92
12776,Gonorrhea,280.0,Oregon,2008.0,Male,30-34 years,30-34,75.0,131876.0,56.87
12777,Gonorrhea,280.0,Oregon,2008.0,Male,35-39 years,35-39,91.0,132705.0,68.57
12778,Gonorrhea,280.0,Oregon,2008.0,Male,40+ years,40+,148.0,858840.0,17.23
12779,Gonorrhea,280.0,Oregon,2009.0,Male,0-14 years,0-14,1.0,369758.0,0.27
12780,Gonorrhea,280.0,Oregon,2009.0,Male,15-19 years,15-19,88.0,128945.0,68.25
12781,Gonorrhea,280.0,Oregon,2009.0,Male,20-24 years,20-24,150.0,133140.0,112.66
12782,Gonorrhea,280.0,Oregon,2009.0,Male,25-29 years,25-29,118.0,137821.0,85.62
12783,Gonorrhea,280.0,Oregon,2009.0,Male,30-34 years,30-34,80.0,129275.0,61.88
12784,Gonorrhea,280.0,Oregon,2009.0,Male,35-39 years,35-39,63.0,131303.0,47.98
12785,Gonorrhea,280.0,Oregon,2009.0,Male,40+ years,40+,108.0,866812.0,12.46
12786,Gonorrhea,280.0,Oregon,2010.0,Male,15-19 years,15-19,61.0,130677.0,46.68
12787,Gonorrhea,280.0,Oregon,2010.0,Male,20-24 years,20-24,158.0,128461.0,123.0
12788,Gonorrhea,280.0,Oregon,2010.0,Male,25-29 years,25-29,128.0,133636.0,95.78
12789,Gonorrhea,280.0,Oregon,2010.0,Male,30-34 years,30-34,86.0,131139.0,65.58
12790,Gonorrhea,280.0,Oregon,2010.0,Male,35-39 years,35-39,59.0,127827.0,46.16
12791,Gonorrhea,280.0,Oregon,2010.0,Male,40+ years,40+,107.0,877157.0,12.2
12792,Gonorrhea,280.0,Oregon,2011.0,Male,0-14 years,0-14,3.0,366325.0,0.82
12793,Gonorrhea,280.0,Oregon,2011.0,Male,15-19 years,15-19,68.0,128252.0,53.02
12794,Gonorrhea,280.0,Oregon,2011.0,Male,20-24 years,20-24,205.0,133005.0,154.13
12795,Gonorrhea,280.0,Oregon,2011.0,Male,25-29 years,25-29,203.0,133775.0,151.75
12796,Gonorrhea,280.0,Oregon,2011.0,Male,30-34 years,30-34,112.0,134386.0,83.34
12797,Gonorrhea,280.0,Oregon,2011.0,Male,35-39 years,35-39,89.0,125396.0,70.98
12798,Gonorrhea,280.0,Oregon,2011.0,Male,40+ years,40+,207.0,895481.0,23.12
12799,Gonorrhea,280.0,Oregon,2012.0,Male,15-19 years,15-19,69.0,126677.0,54.47
12800,Gonorrhea,280.0,Oregon,2012.0,Male,20-24 years,20-24,187.0,135209.0,138.3
12801,Gonorrhea,280.0,Oregon,2012.0,Male,25-29 years,25-29,209.0,132643.0,157.57
12802,Gonorrhea,280.0,Oregon,2012.0,Male,30-34 years,30-34,155.0,136689.0,113.4
12803,Gonorrhea,280.0,Oregon,2012.0,Male,35-39 years,35-39,90.0,125932.0,71.47
12804,Gonorrhea,280.0,Oregon,2012.0,Male,40+ years,40+,226.0,908882.0,24.87
12805,Gonorrhea,280.0,Oregon,2013.0,Male,0-14 years,0-14,4.0,363388.0,1.1
12806,Gonorrhea,280.0,Oregon,2013.0,Male,15-19 years,15-19,86.0,126014.0,68.25
12807,Gonorrhea,280.0,Oregon,2013.0,Male,20-24 years,20-24,256.0,135855.0,188.44
12808,Gonorrhea,280.0,Oregon,2013.0,Male,25-29 years,25-29,271.0,132385.0,204.71
12809,Gonorrhea,280.0,Oregon,2013.0,Male,30-34 years,30-34,173.0,137957.0,125.4
12810,Gonorrhea,280.0,Oregon,2013.0,Male,35-39 years,35-39,120.0,128329.0,93.51
12811,Gonorrhea,280.0,Oregon,2013.0,Male,40+ years,40+,253.0,920482.0,27.49
12812,Gonorrhea,280.0,Oregon,2014.0,Male,0-14 years,0-14,4.0,363388.0,1.1
12813,Gonorrhea,280.0,Oregon,2014.0,Male,15-19 years,15-19,93.0,126014.0,73.8
12814,Gonorrhea,280.0,Oregon,2014.0,Male,20-24 years,20-24,332.0,135855.0,244.38
12815,Gonorrhea,280.0,Oregon,2014.0,Male,25-29 years,25-29,353.0,132385.0,266.65
12816,Gonorrhea,280.0,Oregon,2014.0,Male,30-34 years,30-34,294.0,137957.0,213.11
12817,Gonorrhea,280.0,Oregon,2014.0,Male,35-39 years,35-39,163.0,128329.0,127.02
12818,Gonorrhea,280.0,Oregon,2014.0,Male,40+ years,40+,292.0,920482.0,31.72
12819,Gonorrhea,280.0,Oregon,2014.0,Male,Unknown,99,1.0,,
12820,Gonorrhea,280.0,Pennsylvania,1996.0,Male,0-14 years,0-14,32.0,1253896.0,2.55
12821,Gonorrhea,280.0,Pennsylvania,1996.0,Male,15-19 years,15-19,942.0,416367.0,226.24
12822,Gonorrhea,280.0,Pennsylvania,1996.0,Male,20-24 years,20-24,1279.0,377990.0,338.37
12823,Gonorrhea,280.0,Pennsylvania,1996.0,Male,25-29 years,25-29,901.0,413961.0,217.65
12824,Gonorrhea,280.0,Pennsylvania,1996.0,Male,30-34 years,30-34,674.0,439391.0,153.39
12825,Gonorrhea,280.0,Pennsylvania,1996.0,Male,35-39 years,35-39,519.0,500290.0,103.74
12826,Gonorrhea,280.0,Pennsylvania,1996.0,Male,40+ years,40+,700.0,2480926.0,28.22
12827,Gonorrhea,280.0,Pennsylvania,1996.0,Male,Unknown,99,32.0,,
12828,Gonorrhea,280.0,Pennsylvania,1997.0,Male,0-14 years,0-14,25.0,1251571.0,2.0
12829,Gonorrhea,280.0,Pennsylvania,1997.0,Male,15-19 years,15-19,864.0,423810.0,203.87
12830,Gonorrhea,280.0,Pennsylvania,1997.0,Male,20-24 years,20-24,1233.0,368791.0,334.34
12831,Gonorrhea,280.0,Pennsylvania,1997.0,Male,25-29 years,25-29,797.0,408601.0,195.06
12832,Gonorrhea,280.0,Pennsylvania,1997.0,Male,30-34 years,30-34,594.0,424424.0,139.95
12833,Gonorrhea,280.0,Pennsylvania,1997.0,Male,35-39 years,35-39,406.0,493401.0,82.29
12834,Gonorrhea,280.0,Pennsylvania,1997.0,Male,40+ years,40+,604.0,2519755.0,23.97
12835,Gonorrhea,280.0,Pennsylvania,1997.0,Male,Unknown,99,49.0,,
12836,Gonorrhea,280.0,Pennsylvania,1998.0,Male,0-14 years,0-14,46.0,1249084.0,3.68
12837,Gonorrhea,280.0,Pennsylvania,1998.0,Male,15-19 years,15-19,1027.0,430741.0,238.43
12838,Gonorrhea,280.0,Pennsylvania,1998.0,Male,20-24 years,20-24,1434.0,367237.0,390.48
12839,Gonorrhea,280.0,Pennsylvania,1998.0,Male,25-29 years,25-29,957.0,396005.0,241.66
12840,Gonorrhea,280.0,Pennsylvania,1998.0,Male,30-34 years,30-34,567.0,414692.0,136.73
12841,Gonorrhea,280.0,Pennsylvania,1998.0,Male,35-39 years,35-39,526.0,483658.0,108.75
12842,Gonorrhea,280.0,Pennsylvania,1998.0,Male,40+ years,40+,683.0,2559702.0,26.68
12843,Gonorrhea,280.0,Pennsylvania,1998.0,Male,Unknown,99,7.0,,
12844,Gonorrhea,280.0,Pennsylvania,1999.0,Male,0-14 years,0-14,30.0,1244080.0,2.41
12845,Gonorrhea,280.0,Pennsylvania,1999.0,Male,15-19 years,15-19,1125.0,432782.0,259.95
12846,Gonorrhea,280.0,Pennsylvania,1999.0,Male,20-24 years,20-24,1644.0,370200.0,444.08
12847,Gonorrhea,280.0,Pennsylvania,1999.0,Male,25-29 years,25-29,1001.0,379539.0,263.74
12848,Gonorrhea,280.0,Pennsylvania,1999.0,Male,30-34 years,30-34,712.0,410711.0,173.36
12849,Gonorrhea,280.0,Pennsylvania,1999.0,Male,35-39 years,35-39,510.0,475797.0,107.19
12850,Gonorrhea,280.0,Pennsylvania,1999.0,Male,40+ years,40+,902.0,2603632.0,34.64
12851,Gonorrhea,280.0,Pennsylvania,1999.0,Male,Unknown,99,12.0,,
12852,Gonorrhea,280.0,Pennsylvania,2000.0,Male,0-14 years,0-14,49.0,1227750.0,3.99
12853,Gonorrhea,280.0,Pennsylvania,2000.0,Male,15-19 years,15-19,1204.0,431995.0,278.71
12854,Gonorrhea,280.0,Pennsylvania,2000.0,Male,20-24 years,20-24,1728.0,379103.0,455.81
12855,Gonorrhea,280.0,Pennsylvania,2000.0,Male,25-29 years,25-29,1074.0,363012.0,295.86
12856,Gonorrhea,280.0,Pennsylvania,2000.0,Male,30-34 years,30-34,716.0,411228.0,174.11
12857,Gonorrhea,280.0,Pennsylvania,2000.0,Male,35-39 years,35-39,588.0,467100.0,125.88
12858,Gonorrhea,280.0,Pennsylvania,2000.0,Male,40+ years,40+,847.0,2652641.0,31.93
12859,Gonorrhea,280.0,Pennsylvania,2000.0,Male,Unknown,99,20.0,,
12860,Gonorrhea,280.0,Pennsylvania,2001.0,Male,0-14 years,0-14,52.0,1216586.0,4.27
12861,Gonorrhea,280.0,Pennsylvania,2001.0,Male,15-19 years,15-19,1183.0,431501.0,274.16
12862,Gonorrhea,280.0,Pennsylvania,2001.0,Male,20-24 years,20-24,1861.0,396478.0,469.38
12863,Gonorrhea,280.0,Pennsylvania,2001.0,Male,25-29 years,25-29,1033.0,350603.0,294.63
12864,Gonorrhea,280.0,Pennsylvania,2001.0,Male,30-34 years,30-34,734.0,407656.0,180.05
12865,Gonorrhea,280.0,Pennsylvania,2001.0,Male,35-39 years,35-39,566.0,455742.0,124.19
12866,Gonorrhea,280.0,Pennsylvania,2001.0,Male,40+ years,40+,869.0,2687533.0,32.33
12867,Gonorrhea,280.0,Pennsylvania,2001.0,Male,Unknown,99,63.0,,
12868,Gonorrhea,280.0,Pennsylvania,2002.0,Male,0-14 years,0-14,136.0,1203967.0,11.3
12869,Gonorrhea,280.0,Pennsylvania,2002.0,Male,15-19 years,15-19,1186.0,432959.0,273.93
12870,Gonorrhea,280.0,Pennsylvania,2002.0,Male,20-24 years,20-24,1728.0,409585.0,421.89
12871,Gonorrhea,280.0,Pennsylvania,2002.0,Male,25-29 years,25-29,1083.0,345082.0,313.84
12872,Gonorrhea,280.0,Pennsylvania,2002.0,Male,30-34 years,30-34,621.0,404473.0,153.53
12873,Gonorrhea,280.0,Pennsylvania,2002.0,Male,35-39 years,35-39,482.0,445307.0,108.24
12874,Gonorrhea,280.0,Pennsylvania,2002.0,Male,40+ years,40+,826.0,2724766.0,30.31
12875,Gonorrhea,280.0,Pennsylvania,2002.0,Male,Unknown,99,32.0,,
12876,Gonorrhea,280.0,Pennsylvania,2003.0,Male,0-14 years,0-14,45.0,1185331.0,3.8
12877,Gonorrhea,280.0,Pennsylvania,2003.0,Male,15-19 years,15-19,1029.0,436859.0,235.54
12878,Gonorrhea,280.0,Pennsylvania,2003.0,Male,20-24 years,20-24,1449.0,423750.0,341.95
12879,Gonorrhea,280.0,Pennsylvania,2003.0,Male,25-29 years,25-29,842.0,349823.0,240.69
12880,Gonorrhea,280.0,Pennsylvania,2003.0,Male,30-34 years,30-34,602.0,389941.0,154.38
12881,Gonorrhea,280.0,Pennsylvania,2003.0,Male,35-39 years,35-39,431.0,433141.0,99.51
12882,Gonorrhea,280.0,Pennsylvania,2003.0,Male,40+ years,40+,772.0,2769437.0,27.88
12883,Gonorrhea,280.0,Pennsylvania,2003.0,Male,Unknown,99,44.0,,
12884,Gonorrhea,280.0,Pennsylvania,2004.0,Male,0-14 years,0-14,30.0,1184750.0,2.53
12885,Gonorrhea,280.0,Pennsylvania,2004.0,Male,15-19 years,15-19,898.0,442251.0,203.05
12886,Gonorrhea,280.0,Pennsylvania,2004.0,Male,20-24 years,20-24,1331.0,426098.0,312.37
12887,Gonorrhea,280.0,Pennsylvania,2004.0,Male,25-29 years,25-29,828.0,360977.0,229.38
12888,Gonorrhea,280.0,Pennsylvania,2004.0,Male,30-34 years,30-34,592.0,376997.0,157.03
12889,Gonorrhea,280.0,Pennsylvania,2004.0,Male,35-39 years,35-39,420.0,421064.0,99.75
12890,Gonorrhea,280.0,Pennsylvania,2004.0,Male,40+ years,40+,811.0,2801525.0,28.95
12891,Gonorrhea,280.0,Pennsylvania,2004.0,Male,Unknown,99,31.0,,
12892,Gonorrhea,280.0,Pennsylvania,2005.0,Male,0-14 years,0-14,21.0,1169774.0,1.8
12893,Gonorrhea,280.0,Pennsylvania,2005.0,Male,15-19 years,15-19,937.0,447139.0,209.56
12894,Gonorrhea,280.0,Pennsylvania,2005.0,Male,20-24 years,20-24,1397.0,425071.0,328.65
12895,Gonorrhea,280.0,Pennsylvania,2005.0,Male,25-29 years,25-29,866.0,375573.0,230.58
12896,Gonorrhea,280.0,Pennsylvania,2005.0,Male,30-34 years,30-34,523.0,363012.0,144.07
12897,Gonorrhea,280.0,Pennsylvania,2005.0,Male,35-39 years,35-39,415.0,414466.0,100.13
12898,Gonorrhea,280.0,Pennsylvania,2005.0,Male,40+ years,40+,772.0,2835138.0,27.23
12899,Gonorrhea,280.0,Pennsylvania,2005.0,Male,Unknown,99,19.0,,
12900,Gonorrhea,280.0,Pennsylvania,2006.0,Male,0-14 years,0-14,25.0,1161545.0,2.15
12901,Gonorrhea,280.0,Pennsylvania,2006.0,Male,15-19 years,15-19,947.0,457309.0,207.08
12902,Gonorrhea,280.0,Pennsylvania,2006.0,Male,20-24 years,20-24,1397.0,428586.0,325.96
12903,Gonorrhea,280.0,Pennsylvania,2006.0,Male,25-29 years,25-29,911.0,372673.0,244.45
12904,Gonorrhea,280.0,Pennsylvania,2006.0,Male,30-34 years,30-34,581.0,362961.0,160.07
12905,Gonorrhea,280.0,Pennsylvania,2006.0,Male,35-39 years,35-39,470.0,416697.0,112.79
12906,Gonorrhea,280.0,Pennsylvania,2006.0,Male,40+ years,40+,888.0,2847766.0,31.18
12907,Gonorrhea,280.0,Pennsylvania,2006.0,Male,Unknown,99,28.0,,
12908,Gonorrhea,280.0,Pennsylvania,2007.0,Male,0-14 years,0-14,22.0,1154937.0,1.9
12909,Gonorrhea,280.0,Pennsylvania,2007.0,Male,15-19 years,15-19,1073.0,456963.0,234.81
12910,Gonorrhea,280.0,Pennsylvania,2007.0,Male,20-24 years,20-24,1624.0,422774.0,384.13
12911,Gonorrhea,280.0,Pennsylvania,2007.0,Male,25-29 years,25-29,1068.0,376114.0,283.96
12912,Gonorrhea,280.0,Pennsylvania,2007.0,Male,30-34 years,30-34,602.0,358707.0,167.82
12913,Gonorrhea,280.0,Pennsylvania,2007.0,Male,35-39 years,35-39,451.0,412521.0,109.33
12914,Gonorrhea,280.0,Pennsylvania,2007.0,Male,40+ years,40+,913.0,2866973.0,31.85
12915,Gonorrhea,280.0,Pennsylvania,2007.0,Male,Unknown,99,5.0,,
12916,Gonorrhea,280.0,Pennsylvania,2008.0,Male,0-14 years,0-14,31.0,1147781.0,2.7
12917,Gonorrhea,280.0,Pennsylvania,2008.0,Male,15-19 years,15-19,1028.0,454057.0,226.4
12918,Gonorrhea,280.0,Pennsylvania,2008.0,Male,20-24 years,20-24,1437.0,422312.0,340.27
12919,Gonorrhea,280.0,Pennsylvania,2008.0,Male,25-29 years,25-29,854.0,384602.0,222.05
12920,Gonorrhea,280.0,Pennsylvania,2008.0,Male,30-34 years,30-34,473.0,357044.0,132.48
12921,Gonorrhea,280.0,Pennsylvania,2008.0,Male,35-39 years,35-39,313.0,404553.0,77.37
12922,Gonorrhea,280.0,Pennsylvania,2008.0,Male,40+ years,40+,719.0,2889821.0,24.88
12923,Gonorrhea,280.0,Pennsylvania,2008.0,Male,Unknown,99,5.0,,
12924,Gonorrhea,280.0,Pennsylvania,2009.0,Male,0-14 years,0-14,17.0,1156965.0,1.47
12925,Gonorrhea,280.0,Pennsylvania,2009.0,Male,15-19 years,15-19,976.0,453831.0,215.06
12926,Gonorrhea,280.0,Pennsylvania,2009.0,Male,20-24 years,20-24,1467.0,425285.0,344.94
12927,Gonorrhea,280.0,Pennsylvania,2009.0,Male,25-29 years,25-29,751.0,405493.0,185.21
12928,Gonorrhea,280.0,Pennsylvania,2009.0,Male,30-34 years,30-34,434.0,374311.0,115.95
12929,Gonorrhea,280.0,Pennsylvania,2009.0,Male,35-39 years,35-39,297.0,393349.0,75.51
12930,Gonorrhea,280.0,Pennsylvania,2009.0,Male,40+ years,40+,537.0,2929475.0,18.33
12931,Gonorrhea,280.0,Pennsylvania,2009.0,Male,Unknown,99,5.0,,
12932,Gonorrhea,280.0,Pennsylvania,2010.0,Male,0-14 years,0-14,27.0,1162802.0,2.32
12933,Gonorrhea,280.0,Pennsylvania,2010.0,Male,15-19 years,15-19,1293.0,462465.0,279.59
12934,Gonorrhea,280.0,Pennsylvania,2010.0,Male,20-24 years,20-24,1900.0,441886.0,429.98
12935,Gonorrhea,280.0,Pennsylvania,2010.0,Male,25-29 years,25-29,897.0,392569.0,228.5
12936,Gonorrhea,280.0,Pennsylvania,2010.0,Male,30-34 years,30-34,535.0,364681.0,146.7
12937,Gonorrhea,280.0,Pennsylvania,2010.0,Male,35-39 years,35-39,329.0,380172.0,86.54
12938,Gonorrhea,280.0,Pennsylvania,2010.0,Male,40+ years,40+,633.0,2985788.0,21.2
12939,Gonorrhea,280.0,Pennsylvania,2010.0,Male,Unknown,99,1.0,,
12940,Gonorrhea,280.0,Pennsylvania,2011.0,Male,0-14 years,0-14,31.0,1152753.0,2.69
12941,Gonorrhea,280.0,Pennsylvania,2011.0,Male,15-19 years,15-19,1463.0,452844.0,323.07
12942,Gonorrhea,280.0,Pennsylvania,2011.0,Male,20-24 years,20-24,2005.0,447862.0,447.68
12943,Gonorrhea,280.0,Pennsylvania,2011.0,Male,25-29 years,25-29,1043.0,401399.0,259.84
12944,Gonorrhea,280.0,Pennsylvania,2011.0,Male,30-34 years,30-34,577.0,375133.0,153.81
12945,Gonorrhea,280.0,Pennsylvania,2011.0,Male,35-39 years,35-39,316.0,363500.0,86.93
12946,Gonorrhea,280.0,Pennsylvania,2011.0,Male,40+ years,40+,642.0,3021071.0,21.25
12947,Gonorrhea,280.0,Pennsylvania,2011.0,Male,Unknown,99,1.0,,
12948,Gonorrhea,280.0,Pennsylvania,2012.0,Male,0-14 years,0-14,43.0,1148656.0,3.74
12949,Gonorrhea,280.0,Pennsylvania,2012.0,Male,15-19 years,15-19,1430.0,441841.0,323.65
12950,Gonorrhea,280.0,Pennsylvania,2012.0,Male,20-24 years,20-24,2366.0,450597.0,525.08
12951,Gonorrhea,280.0,Pennsylvania,2012.0,Male,25-29 years,25-29,1270.0,408934.0,310.56
12952,Gonorrhea,280.0,Pennsylvania,2012.0,Male,30-34 years,30-34,727.0,384456.0,189.1
12953,Gonorrhea,280.0,Pennsylvania,2012.0,Male,35-39 years,35-39,396.0,356965.0,110.94
12954,Gonorrhea,280.0,Pennsylvania,2012.0,Male,40+ years,40+,793.0,3038728.0,26.1
12955,Gonorrhea,280.0,Pennsylvania,2013.0,Male,0-14 years,0-14,34.0,1142049.0,2.98
12956,Gonorrhea,280.0,Pennsylvania,2013.0,Male,15-19 years,15-19,1130.0,432225.0,261.44
12957,Gonorrhea,280.0,Pennsylvania,2013.0,Male,20-24 years,20-24,2216.0,445889.0,496.99
12958,Gonorrhea,280.0,Pennsylvania,2013.0,Male,25-29 years,25-29,1289.0,420113.0,306.82
12959,Gonorrhea,280.0,Pennsylvania,2013.0,Male,30-34 years,30-34,711.0,393112.0,180.86
12960,Gonorrhea,280.0,Pennsylvania,2013.0,Male,35-39 years,35-39,396.0,357654.0,110.72
12961,Gonorrhea,280.0,Pennsylvania,2013.0,Male,40+ years,40+,882.0,3051298.0,28.91
12962,Gonorrhea,280.0,Pennsylvania,2013.0,Male,Unknown,99,1.0,,
12963,Gonorrhea,280.0,Pennsylvania,2014.0,Male,0-14 years,0-14,29.0,1142049.0,2.54
12964,Gonorrhea,280.0,Pennsylvania,2014.0,Male,15-19 years,15-19,995.0,432225.0,230.2
12965,Gonorrhea,280.0,Pennsylvania,2014.0,Male,20-24 years,20-24,2164.0,445889.0,485.32
12966,Gonorrhea,280.0,Pennsylvania,2014.0,Male,25-29 years,25-29,1366.0,420113.0,325.15
12967,Gonorrhea,280.0,Pennsylvania,2014.0,Male,30-34 years,30-34,740.0,393112.0,188.24
12968,Gonorrhea,280.0,Pennsylvania,2014.0,Male,35-39 years,35-39,405.0,357654.0,113.24
12969,Gonorrhea,280.0,Pennsylvania,2014.0,Male,40+ years,40+,844.0,3051298.0,27.66
12970,Gonorrhea,280.0,Rhode Island,1996.0,Male,0-14 years,0-14,2.0,103928.0,1.92
12971,Gonorrhea,280.0,Rhode Island,1996.0,Male,15-19 years,15-19,43.0,34032.0,126.35
12972,Gonorrhea,280.0,Rhode Island,1996.0,Male,20-24 years,20-24,74.0,34258.0,216.01
12973,Gonorrhea,280.0,Rhode Island,1996.0,Male,25-29 years,25-29,42.0,39614.0,106.02
12974,Gonorrhea,280.0,Rhode Island,1996.0,Male,30-34 years,30-34,29.0,38476.0,75.37
12975,Gonorrhea,280.0,Rhode Island,1996.0,Male,35-39 years,35-39,26.0,42756.0,60.81
12976,Gonorrhea,280.0,Rhode Island,1996.0,Male,40+ years,40+,25.0,196794.0,12.7
12977,Gonorrhea,280.0,Rhode Island,1997.0,Male,15-19 years,15-19,19.0,35293.0,53.84
12978,Gonorrhea,280.0,Rhode Island,1997.0,Male,20-24 years,20-24,57.0,33084.0,172.29
12979,Gonorrhea,280.0,Rhode Island,1997.0,Male,25-29 years,25-29,30.0,39002.0,76.92
12980,Gonorrhea,280.0,Rhode Island,1997.0,Male,30-34 years,30-34,23.0,37267.0,61.72
12981,Gonorrhea,280.0,Rhode Island,1997.0,Male,35-39 years,35-39,15.0,42747.0,35.09
12982,Gonorrhea,280.0,Rhode Island,1997.0,Male,40+ years,40+,15.0,200667.0,7.48
12983,Gonorrhea,280.0,Rhode Island,1998.0,Male,15-19 years,15-19,32.0,36379.0,87.96
12984,Gonorrhea,280.0,Rhode Island,1998.0,Male,20-24 years,20-24,58.0,33606.0,172.59
12985,Gonorrhea,280.0,Rhode Island,1998.0,Male,25-29 years,25-29,36.0,36820.0,97.77
12986,Gonorrhea,280.0,Rhode Island,1998.0,Male,30-34 years,30-34,27.0,36594.0,73.78
12987,Gonorrhea,280.0,Rhode Island,1998.0,Male,35-39 years,35-39,11.0,42506.0,25.88
12988,Gonorrhea,280.0,Rhode Island,1998.0,Male,40+ years,40+,8.0,205154.0,3.9
12989,Gonorrhea,280.0,Rhode Island,1999.0,Male,15-19 years,15-19,45.0,37437.0,120.2
12990,Gonorrhea,280.0,Rhode Island,1999.0,Male,20-24 years,20-24,75.0,34543.0,217.12
12991,Gonorrhea,280.0,Rhode Island,1999.0,Male,25-29 years,25-29,48.0,33907.0,141.56
12992,Gonorrhea,280.0,Rhode Island,1999.0,Male,30-34 years,30-34,27.0,36384.0,74.21
12993,Gonorrhea,280.0,Rhode Island,1999.0,Male,35-39 years,35-39,19.0,42112.0,45.12
12994,Gonorrhea,280.0,Rhode Island,1999.0,Male,40+ years,40+,16.0,209263.0,7.65
12995,Gonorrhea,280.0,Rhode Island,2000.0,Male,0-14 years,0-14,2.0,104272.0,1.92
12996,Gonorrhea,280.0,Rhode Island,2000.0,Male,15-19 years,15-19,50.0,37527.0,133.24
12997,Gonorrhea,280.0,Rhode Island,2000.0,Male,20-24 years,20-24,97.0,36801.0,263.58
12998,Gonorrhea,280.0,Rhode Island,2000.0,Male,25-29 years,25-29,55.0,31758.0,173.19
12999,Gonorrhea,280.0,Rhode Island,2000.0,Male,30-34 years,30-34,32.0,36997.0,86.49
13000,Gonorrhea,280.0,Rhode Island,2000.0,Male,35-39 years,35-39,30.0,41997.0,71.43
13001,Gonorrhea,280.0,Rhode Island,2000.0,Male,40+ years,40+,13.0,215448.0,6.03
13002,Gonorrhea,280.0,Rhode Island,2000.0,Male,Unknown,99,1.0,,
13003,Gonorrhea,280.0,Rhode Island,2001.0,Male,15-19 years,15-19,79.0,36045.0,219.17
13004,Gonorrhea,280.0,Rhode Island,2001.0,Male,20-24 years,20-24,114.0,40091.0,284.35
13005,Gonorrhea,280.0,Rhode Island,2001.0,Male,25-29 years,25-29,64.0,31312.0,204.39
13006,Gonorrhea,280.0,Rhode Island,2001.0,Male,30-34 years,30-34,43.0,36411.0,118.1
13007,Gonorrhea,280.0,Rhode Island,2001.0,Male,35-39 years,35-39,27.0,41667.0,64.8
13008,Gonorrhea,280.0,Rhode Island,2001.0,Male,40+ years,40+,15.0,220291.0,6.81
13009,Gonorrhea,280.0,Rhode Island,2002.0,Male,15-19 years,15-19,71.0,35657.0,199.12
13010,Gonorrhea,280.0,Rhode Island,2002.0,Male,20-24 years,20-24,136.0,42548.0,319.64
13011,Gonorrhea,280.0,Rhode Island,2002.0,Male,25-29 years,25-29,85.0,31936.0,266.16
13012,Gonorrhea,280.0,Rhode Island,2002.0,Male,30-34 years,30-34,50.0,36388.0,137.41
13013,Gonorrhea,280.0,Rhode Island,2002.0,Male,35-39 years,35-39,33.0,41052.0,80.39
13014,Gonorrhea,280.0,Rhode Island,2002.0,Male,40+ years,40+,41.0,225807.0,18.16
13015,Gonorrhea,280.0,Rhode Island,2003.0,Male,0-14 years,0-14,1.0,103123.0,0.97
13016,Gonorrhea,280.0,Rhode Island,2003.0,Male,15-19 years,15-19,81.0,36465.0,222.13
13017,Gonorrhea,280.0,Rhode Island,2003.0,Male,20-24 years,20-24,118.0,42629.0,276.81
13018,Gonorrhea,280.0,Rhode Island,2003.0,Male,25-29 years,25-29,74.0,32930.0,224.72
13019,Gonorrhea,280.0,Rhode Island,2003.0,Male,30-34 years,30-34,58.0,34384.0,168.68
13020,Gonorrhea,280.0,Rhode Island,2003.0,Male,35-39 years,35-39,57.0,39708.0,143.55
13021,Gonorrhea,280.0,Rhode Island,2003.0,Male,40+ years,40+,66.0,229176.0,28.8
13022,Gonorrhea,280.0,Rhode Island,2003.0,Male,Unknown,99,1.0,,
13023,Gonorrhea,280.0,Rhode Island,2004.0,Male,0-14 years,0-14,1.0,102315.0,0.98
13024,Gonorrhea,280.0,Rhode Island,2004.0,Male,15-19 years,15-19,50.0,37205.0,134.39
13025,Gonorrhea,280.0,Rhode Island,2004.0,Male,20-24 years,20-24,126.0,42089.0,299.37
13026,Gonorrhea,280.0,Rhode Island,2004.0,Male,25-29 years,25-29,55.0,35310.0,155.76
13027,Gonorrhea,280.0,Rhode Island,2004.0,Male,30-34 years,30-34,41.0,33214.0,123.44
13028,Gonorrhea,280.0,Rhode Island,2004.0,Male,35-39 years,35-39,25.0,38467.0,64.99
13029,Gonorrhea,280.0,Rhode Island,2004.0,Male,40+ years,40+,39.0,232615.0,16.77
13030,Gonorrhea,280.0,Rhode Island,2004.0,Male,Unknown,99,1.0,,
13031,Gonorrhea,280.0,Rhode Island,2005.0,Male,0-14 years,0-14,1.0,102414.0,0.98
13032,Gonorrhea,280.0,Rhode Island,2005.0,Male,15-19 years,15-19,29.0,37841.0,76.64
13033,Gonorrhea,280.0,Rhode Island,2005.0,Male,20-24 years,20-24,60.0,39916.0,150.32
13034,Gonorrhea,280.0,Rhode Island,2005.0,Male,25-29 years,25-29,48.0,37640.0,127.52
13035,Gonorrhea,280.0,Rhode Island,2005.0,Male,30-34 years,30-34,25.0,31458.0,79.47
13036,Gonorrhea,280.0,Rhode Island,2005.0,Male,35-39 years,35-39,17.0,37088.0,45.84
13037,Gonorrhea,280.0,Rhode Island,2005.0,Male,40+ years,40+,30.0,233490.0,12.85
13038,Gonorrhea,280.0,Rhode Island,2005.0,Male,Unknown,99,1.0,,
13039,Gonorrhea,280.0,Rhode Island,2006.0,Male,0-14 years,0-14,1.0,98981.0,1.01
13040,Gonorrhea,280.0,Rhode Island,2006.0,Male,15-19 years,15-19,35.0,41076.0,85.21
13041,Gonorrhea,280.0,Rhode Island,2006.0,Male,20-24 years,20-24,60.0,39675.0,151.23
13042,Gonorrhea,280.0,Rhode Island,2006.0,Male,25-29 years,25-29,51.0,33848.0,150.67
13043,Gonorrhea,280.0,Rhode Island,2006.0,Male,30-34 years,30-34,20.0,31902.0,62.69
13044,Gonorrhea,280.0,Rhode Island,2006.0,Male,35-39 years,35-39,25.0,36823.0,67.89
13045,Gonorrhea,280.0,Rhode Island,2006.0,Male,40+ years,40+,43.0,233908.0,18.38
13046,Gonorrhea,280.0,Rhode Island,2007.0,Male,0-14 years,0-14,2.0,96674.0,2.07
13047,Gonorrhea,280.0,Rhode Island,2007.0,Male,15-19 years,15-19,32.0,40550.0,78.91
13048,Gonorrhea,280.0,Rhode Island,2007.0,Male,20-24 years,20-24,66.0,39468.0,167.22
13049,Gonorrhea,280.0,Rhode Island,2007.0,Male,25-29 years,25-29,35.0,34026.0,102.86
13050,Gonorrhea,280.0,Rhode Island,2007.0,Male,30-34 years,30-34,26.0,30953.0,84.0
13051,Gonorrhea,280.0,Rhode Island,2007.0,Male,35-39 years,35-39,23.0,36200.0,63.54
13052,Gonorrhea,280.0,Rhode Island,2007.0,Male,40+ years,40+,48.0,233986.0,20.51
13053,Gonorrhea,280.0,Rhode Island,2008.0,Male,15-19 years,15-19,27.0,40250.0,67.08
13054,Gonorrhea,280.0,Rhode Island,2008.0,Male,20-24 years,20-24,50.0,39041.0,128.07
13055,Gonorrhea,280.0,Rhode Island,2008.0,Male,25-29 years,25-29,35.0,33814.0,103.51
13056,Gonorrhea,280.0,Rhode Island,2008.0,Male,30-34 years,30-34,26.0,31334.0,82.98
13057,Gonorrhea,280.0,Rhode Island,2008.0,Male,35-39 years,35-39,14.0,34514.0,40.56
13058,Gonorrhea,280.0,Rhode Island,2008.0,Male,40+ years,40+,20.0,234653.0,8.52
13059,Gonorrhea,280.0,Rhode Island,2009.0,Male,0-14 years,0-14,1.0,94850.0,1.05
13060,Gonorrhea,280.0,Rhode Island,2009.0,Male,15-19 years,15-19,20.0,39994.0,50.01
13061,Gonorrhea,280.0,Rhode Island,2009.0,Male,20-24 years,20-24,47.0,38065.0,123.47
13062,Gonorrhea,280.0,Rhode Island,2009.0,Male,25-29 years,25-29,46.0,34518.0,133.26
13063,Gonorrhea,280.0,Rhode Island,2009.0,Male,30-34 years,30-34,22.0,32527.0,67.64
13064,Gonorrhea,280.0,Rhode Island,2009.0,Male,35-39 years,35-39,18.0,33331.0,54.0
13065,Gonorrhea,280.0,Rhode Island,2009.0,Male,40+ years,40+,22.0,238205.0,9.24
13066,Gonorrhea,280.0,Rhode Island,2010.0,Male,0-14 years,0-14,1.0,93120.0,1.07
13067,Gonorrhea,280.0,Rhode Island,2010.0,Male,15-19 years,15-19,23.0,40157.0,57.28
13068,Gonorrhea,280.0,Rhode Island,2010.0,Male,20-24 years,20-24,53.0,41229.0,128.55
13069,Gonorrhea,280.0,Rhode Island,2010.0,Male,25-29 years,25-29,40.0,33126.0,120.75
13070,Gonorrhea,280.0,Rhode Island,2010.0,Male,30-34 years,30-34,17.0,30056.0,56.56
13071,Gonorrhea,280.0,Rhode Island,2010.0,Male,35-39 years,35-39,15.0,31185.0,48.1
13072,Gonorrhea,280.0,Rhode Island,2010.0,Male,40+ years,40+,21.0,239527.0,8.77
13073,Gonorrhea,280.0,Rhode Island,2011.0,Male,15-19 years,15-19,26.0,39106.0,66.49
13074,Gonorrhea,280.0,Rhode Island,2011.0,Male,20-24 years,20-24,66.0,42184.0,156.46
13075,Gonorrhea,280.0,Rhode Island,2011.0,Male,25-29 years,25-29,38.0,33263.0,114.24
13076,Gonorrhea,280.0,Rhode Island,2011.0,Male,30-34 years,30-34,21.0,30954.0,67.84
13077,Gonorrhea,280.0,Rhode Island,2011.0,Male,35-39 years,35-39,12.0,29732.0,40.36
13078,Gonorrhea,280.0,Rhode Island,2011.0,Male,40+ years,40+,30.0,241340.0,12.43
13079,Gonorrhea,280.0,Rhode Island,2012.0,Male,15-19 years,15-19,41.0,38344.0,106.93
13080,Gonorrhea,280.0,Rhode Island,2012.0,Male,20-24 years,20-24,90.0,42155.0,213.5
13081,Gonorrhea,280.0,Rhode Island,2012.0,Male,25-29 years,25-29,53.0,34085.0,155.49
13082,Gonorrhea,280.0,Rhode Island,2012.0,Male,30-34 years,30-34,36.0,31671.0,113.67
13083,Gonorrhea,280.0,Rhode Island,2012.0,Male,35-39 years,35-39,12.0,28996.0,41.38
13084,Gonorrhea,280.0,Rhode Island,2012.0,Male,40+ years,40+,43.0,242429.0,17.74
13085,Gonorrhea,280.0,Rhode Island,2013.0,Male,15-19 years,15-19,31.0,37437.0,82.81
13086,Gonorrhea,280.0,Rhode Island,2013.0,Male,20-24 years,20-24,75.0,41362.0,181.33
13087,Gonorrhea,280.0,Rhode Island,2013.0,Male,25-29 years,25-29,38.0,35839.0,106.03
13088,Gonorrhea,280.0,Rhode Island,2013.0,Male,30-34 years,30-34,40.0,32435.0,123.32
13089,Gonorrhea,280.0,Rhode Island,2013.0,Male,35-39 years,35-39,22.0,29150.0,75.47
13090,Gonorrhea,280.0,Rhode Island,2013.0,Male,40+ years,40+,56.0,243436.0,23.0
13091,Gonorrhea,280.0,Rhode Island,2014.0,Male,15-19 years,15-19,26.0,37437.0,69.45
13092,Gonorrhea,280.0,Rhode Island,2014.0,Male,20-24 years,20-24,109.0,41362.0,263.53
13093,Gonorrhea,280.0,Rhode Island,2014.0,Male,25-29 years,25-29,64.0,35839.0,178.58
13094,Gonorrhea,280.0,Rhode Island,2014.0,Male,30-34 years,30-34,58.0,32435.0,178.82
13095,Gonorrhea,280.0,Rhode Island,2014.0,Male,35-39 years,35-39,33.0,29150.0,113.21
13096,Gonorrhea,280.0,Rhode Island,2014.0,Male,40+ years,40+,82.0,243436.0,33.68
13097,Gonorrhea,280.0,South Carolina,1996.0,Male,0-14 years,0-14,54.0,418292.0,12.91
13098,Gonorrhea,280.0,South Carolina,1996.0,Male,15-19 years,15-19,1359.0,144036.0,943.51
13099,Gonorrhea,280.0,South Carolina,1996.0,Male,20-24 years,20-24,1953.0,136856.0,1427.05
13100,Gonorrhea,280.0,South Carolina,1996.0,Male,25-29 years,25-29,1121.0,139250.0,805.03
13101,Gonorrhea,280.0,South Carolina,1996.0,Male,30-34 years,30-34,760.0,144521.0,525.88
13102,Gonorrhea,280.0,South Carolina,1996.0,Male,35-39 years,35-39,682.0,149455.0,456.32
13103,Gonorrhea,280.0,South Carolina,1996.0,Male,40+ years,40+,827.0,703298.0,117.59
13104,Gonorrhea,280.0,South Carolina,1996.0,Male,Unknown,99,145.0,,
13105,Gonorrhea,280.0,South Carolina,1997.0,Male,0-14 years,0-14,39.0,423796.0,9.2
13106,Gonorrhea,280.0,South Carolina,1997.0,Male,15-19 years,15-19,1191.0,147090.0,809.71
13107,Gonorrhea,280.0,South Carolina,1997.0,Male,20-24 years,20-24,1860.0,135721.0,1370.46
13108,Gonorrhea,280.0,South Carolina,1997.0,Male,25-29 years,25-29,1121.0,140874.0,795.75
13109,Gonorrhea,280.0,South Carolina,1997.0,Male,30-34 years,30-34,650.0,141702.0,458.71
13110,Gonorrhea,280.0,South Carolina,1997.0,Male,35-39 years,35-39,575.0,150638.0,381.71
13111,Gonorrhea,280.0,South Carolina,1997.0,Male,40+ years,40+,820.0,727419.0,112.73
13112,Gonorrhea,280.0,South Carolina,1997.0,Male,Unknown,99,84.0,,
13113,Gonorrhea,280.0,South Carolina,1998.0,Male,0-14 years,0-14,60.0,426550.0,14.07
13114,Gonorrhea,280.0,South Carolina,1998.0,Male,15-19 years,15-19,1146.0,149584.0,766.12
13115,Gonorrhea,280.0,South Carolina,1998.0,Male,20-24 years,20-24,1718.0,137160.0,1252.55
13116,Gonorrhea,280.0,South Carolina,1998.0,Male,25-29 years,25-29,975.0,141096.0,691.02
13117,Gonorrhea,280.0,South Carolina,1998.0,Male,30-34 years,30-34,608.0,139776.0,434.98
13118,Gonorrhea,280.0,South Carolina,1998.0,Male,35-39 years,35-39,499.0,152295.0,327.65
13119,Gonorrhea,280.0,South Carolina,1998.0,Male,40+ years,40+,697.0,751576.0,92.74
13120,Gonorrhea,280.0,South Carolina,1998.0,Male,Unknown,99,67.0,,
13121,Gonorrhea,280.0,South Carolina,1999.0,Male,0-14 years,0-14,42.0,428040.0,9.81
13122,Gonorrhea,280.0,South Carolina,1999.0,Male,15-19 years,15-19,1520.0,150604.0,1009.27
13123,Gonorrhea,280.0,South Carolina,1999.0,Male,20-24 years,20-24,2762.0,141107.0,1957.38
13124,Gonorrhea,280.0,South Carolina,1999.0,Male,25-29 years,25-29,1601.0,140445.0,1139.95
13125,Gonorrhea,280.0,South Carolina,1999.0,Male,30-34 years,30-34,953.0,139623.0,682.55
13126,Gonorrhea,280.0,South Carolina,1999.0,Male,35-39 years,35-39,862.0,154810.0,556.81
13127,Gonorrhea,280.0,South Carolina,1999.0,Male,40+ years,40+,1380.0,774447.0,178.19
13128,Gonorrhea,280.0,South Carolina,2000.0,Male,0-14 years,0-14,26.0,417894.0,6.22
13129,Gonorrhea,280.0,South Carolina,2000.0,Male,15-19 years,15-19,710.0,149210.0,475.84
13130,Gonorrhea,280.0,South Carolina,2000.0,Male,20-24 years,20-24,1344.0,146859.0,915.16
13131,Gonorrhea,280.0,South Carolina,2000.0,Male,25-29 years,25-29,760.0,138631.0,548.22
13132,Gonorrhea,280.0,South Carolina,2000.0,Male,30-34 years,30-34,428.0,142493.0,300.37
13133,Gonorrhea,280.0,South Carolina,2000.0,Male,35-39 years,35-39,359.0,156012.0,230.11
13134,Gonorrhea,280.0,South Carolina,2000.0,Male,40+ years,40+,567.0,803055.0,70.61
13135,Gonorrhea,280.0,South Carolina,2000.0,Male,Unknown,99,62.0,,
13136,Gonorrhea,280.0,South Carolina,2001.0,Male,0-14 years,0-14,36.0,420040.0,8.57
13137,Gonorrhea,280.0,South Carolina,2001.0,Male,15-19 years,15-19,921.0,146435.0,628.95
13138,Gonorrhea,280.0,South Carolina,2001.0,Male,20-24 years,20-24,1805.0,154162.0,1170.85
13139,Gonorrhea,280.0,South Carolina,2001.0,Male,25-29 years,25-29,973.0,136139.0,714.71
13140,Gonorrhea,280.0,South Carolina,2001.0,Male,30-34 years,30-34,649.0,143476.0,452.34
13141,Gonorrhea,280.0,South Carolina,2001.0,Male,35-39 years,35-39,455.0,153791.0,295.86
13142,Gonorrhea,280.0,South Carolina,2001.0,Male,40+ years,40+,728.0,819914.0,88.79
13143,Gonorrhea,280.0,South Carolina,2001.0,Male,Unknown,99,73.0,,
13144,Gonorrhea,280.0,South Carolina,2002.0,Male,0-14 years,0-14,37.0,415268.0,8.91
13145,Gonorrhea,280.0,South Carolina,2002.0,Male,15-19 years,15-19,714.0,145478.0,490.8
13146,Gonorrhea,280.0,South Carolina,2002.0,Male,20-24 years,20-24,1464.0,159311.0,918.96
13147,Gonorrhea,280.0,South Carolina,2002.0,Male,25-29 years,25-29,933.0,136786.0,682.09
13148,Gonorrhea,280.0,South Carolina,2002.0,Male,30-34 years,30-34,562.0,145825.0,385.39
13149,Gonorrhea,280.0,South Carolina,2002.0,Male,35-39 years,35-39,358.0,151614.0,236.13
13150,Gonorrhea,280.0,South Carolina,2002.0,Male,40+ years,40+,668.0,841003.0,79.43
13151,Gonorrhea,280.0,South Carolina,2002.0,Male,Unknown,99,30.0,,
13152,Gonorrhea,280.0,South Carolina,2003.0,Male,0-14 years,0-14,21.0,435000.0,4.83
13153,Gonorrhea,280.0,South Carolina,2003.0,Male,15-19 years,15-19,596.0,148012.0,402.67
13154,Gonorrhea,280.0,South Carolina,2003.0,Male,20-24 years,20-24,1249.0,160204.0,779.63
13155,Gonorrhea,280.0,South Carolina,2003.0,Male,25-29 years,25-29,742.0,137354.0,540.21
13156,Gonorrhea,280.0,South Carolina,2003.0,Male,30-34 years,30-34,438.0,142427.0,307.53
13157,Gonorrhea,280.0,South Carolina,2003.0,Male,35-39 years,35-39,335.0,145688.0,229.94
13158,Gonorrhea,280.0,South Carolina,2003.0,Male,40+ years,40+,709.0,849908.0,83.42
13159,Gonorrhea,280.0,South Carolina,2003.0,Male,Unknown,99,28.0,,
13160,Gonorrhea,280.0,South Carolina,2004.0,Male,0-14 years,0-14,14.0,433890.0,3.23
13161,Gonorrhea,280.0,South Carolina,2004.0,Male,15-19 years,15-19,647.0,150475.0,429.97
13162,Gonorrhea,280.0,South Carolina,2004.0,Male,20-24 years,20-24,1221.0,160905.0,758.83
13163,Gonorrhea,280.0,South Carolina,2004.0,Male,25-29 years,25-29,749.0,142287.0,526.4
13164,Gonorrhea,280.0,South Carolina,2004.0,Male,30-34 years,30-34,472.0,142025.0,332.34
13165,Gonorrhea,280.0,South Carolina,2004.0,Male,35-39 years,35-39,327.0,143535.0,227.82
13166,Gonorrhea,280.0,South Carolina,2004.0,Male,40+ years,40+,674.0,872060.0,77.29
13167,Gonorrhea,280.0,South Carolina,2004.0,Male,Unknown,99,32.0,,
13168,Gonorrhea,280.0,South Carolina,2005.0,Male,0-14 years,0-14,16.0,431943.0,3.7
13169,Gonorrhea,280.0,South Carolina,2005.0,Male,15-19 years,15-19,642.0,153678.0,417.76
13170,Gonorrhea,280.0,South Carolina,2005.0,Male,20-24 years,20-24,1151.0,159679.0,720.82
13171,Gonorrhea,280.0,South Carolina,2005.0,Male,25-29 years,25-29,737.0,149259.0,493.77
13172,Gonorrhea,280.0,South Carolina,2005.0,Male,30-34 years,30-34,433.0,139934.0,309.43
13173,Gonorrhea,280.0,South Carolina,2005.0,Male,35-39 years,35-39,333.0,143735.0,231.68
13174,Gonorrhea,280.0,South Carolina,2005.0,Male,40+ years,40+,574.0,896003.0,64.06
13175,Gonorrhea,280.0,South Carolina,2005.0,Male,Unknown,99,39.0,,
13176,Gonorrhea,280.0,South Carolina,2006.0,Male,0-14 years,0-14,13.0,435480.0,2.99
13177,Gonorrhea,280.0,South Carolina,2006.0,Male,15-19 years,15-19,833.0,160696.0,518.37
13178,Gonorrhea,280.0,South Carolina,2006.0,Male,20-24 years,20-24,1351.0,152828.0,884.0
13179,Gonorrhea,280.0,South Carolina,2006.0,Male,25-29 years,25-29,933.0,146692.0,636.03
13180,Gonorrhea,280.0,South Carolina,2006.0,Male,30-34 years,30-34,551.0,137590.0,400.46
13181,Gonorrhea,280.0,South Carolina,2006.0,Male,35-39 years,35-39,375.0,146479.0,256.01
13182,Gonorrhea,280.0,South Carolina,2006.0,Male,40+ years,40+,796.0,923948.0,86.15
13183,Gonorrhea,280.0,South Carolina,2006.0,Male,Unknown,99,47.0,,
13184,Gonorrhea,280.0,South Carolina,2007.0,Male,0-14 years,0-14,15.0,446174.0,3.36
13185,Gonorrhea,280.0,South Carolina,2007.0,Male,15-19 years,15-19,835.0,162953.0,512.42
13186,Gonorrhea,280.0,South Carolina,2007.0,Male,20-24 years,20-24,1324.0,157606.0,840.07
13187,Gonorrhea,280.0,South Carolina,2007.0,Male,25-29 years,25-29,905.0,147845.0,612.13
13188,Gonorrhea,280.0,South Carolina,2007.0,Male,30-34 years,30-34,446.0,137844.0,323.55
13189,Gonorrhea,280.0,South Carolina,2007.0,Male,35-39 years,35-39,331.0,149294.0,221.71
13190,Gonorrhea,280.0,South Carolina,2007.0,Male,40+ years,40+,776.0,945430.0,82.08
13191,Gonorrhea,280.0,South Carolina,2007.0,Male,Unknown,99,33.0,,
13192,Gonorrhea,280.0,South Carolina,2008.0,Male,0-14 years,0-14,15.0,450505.0,3.33
13193,Gonorrhea,280.0,South Carolina,2008.0,Male,15-19 years,15-19,782.0,164322.0,475.89
13194,Gonorrhea,280.0,South Carolina,2008.0,Male,20-24 years,20-24,1152.0,157801.0,730.03
13195,Gonorrhea,280.0,South Carolina,2008.0,Male,25-29 years,25-29,706.0,151438.0,466.2
13196,Gonorrhea,280.0,South Carolina,2008.0,Male,30-34 years,30-34,362.0,139014.0,260.4
13197,Gonorrhea,280.0,South Carolina,2008.0,Male,35-39 years,35-39,216.0,150229.0,143.78
13198,Gonorrhea,280.0,South Carolina,2008.0,Male,40+ years,40+,475.0,967969.0,49.07
13199,Gonorrhea,280.0,South Carolina,2008.0,Male,Unknown,99,4.0,,
13200,Gonorrhea,280.0,South Carolina,2009.0,Male,0-14 years,0-14,15.0,459397.0,3.27
13201,Gonorrhea,280.0,South Carolina,2009.0,Male,15-19 years,15-19,714.0,165454.0,431.54
13202,Gonorrhea,280.0,South Carolina,2009.0,Male,20-24 years,20-24,1150.0,163991.0,701.26
13203,Gonorrhea,280.0,South Carolina,2009.0,Male,25-29 years,25-29,593.0,157109.0,377.44
13204,Gonorrhea,280.0,South Carolina,2009.0,Male,30-34 years,30-34,261.0,141049.0,185.04
13205,Gonorrhea,280.0,South Carolina,2009.0,Male,35-39 years,35-39,172.0,147373.0,116.71
13206,Gonorrhea,280.0,South Carolina,2009.0,Male,40+ years,40+,383.0,986761.0,38.81
13207,Gonorrhea,280.0,South Carolina,2009.0,Male,Unknown,99,1.0,,
13208,Gonorrhea,280.0,South Carolina,2010.0,Male,0-14 years,0-14,16.0,455899.0,3.51
13209,Gonorrhea,280.0,South Carolina,2010.0,Male,15-19 years,15-19,682.0,168250.0,405.35
13210,Gonorrhea,280.0,South Carolina,2010.0,Male,20-24 years,20-24,1142.0,168546.0,677.56
13211,Gonorrhea,280.0,South Carolina,2010.0,Male,25-29 years,25-29,521.0,151620.0,343.62
13212,Gonorrhea,280.0,South Carolina,2010.0,Male,30-34 years,30-34,263.0,142881.0,184.07
13213,Gonorrhea,280.0,South Carolina,2010.0,Male,35-39 years,35-39,136.0,145905.0,93.21
13214,Gonorrhea,280.0,South Carolina,2010.0,Male,40+ years,40+,296.0,1017000.0,29.11
13215,Gonorrhea,280.0,South Carolina,2011.0,Male,0-14 years,0-14,9.0,458640.0,1.96
13216,Gonorrhea,280.0,South Carolina,2011.0,Male,15-19 years,15-19,701.0,163850.0,427.83
13217,Gonorrhea,280.0,South Carolina,2011.0,Male,20-24 years,20-24,1262.0,173590.0,727.0
13218,Gonorrhea,280.0,South Carolina,2011.0,Male,25-29 years,25-29,606.0,152558.0,397.23
13219,Gonorrhea,280.0,South Carolina,2011.0,Male,30-34 years,30-34,307.0,146131.0,210.09
13220,Gonorrhea,280.0,South Carolina,2011.0,Male,35-39 years,35-39,135.0,140800.0,95.88
13221,Gonorrhea,280.0,South Carolina,2011.0,Male,40+ years,40+,328.0,1041059.0,31.51
13222,Gonorrhea,280.0,South Carolina,2011.0,Male,Unknown,99,3.0,,
13223,Gonorrhea,280.0,South Carolina,2012.0,Male,0-14 years,0-14,19.0,458862.0,4.14
13224,Gonorrhea,280.0,South Carolina,2012.0,Male,15-19 years,15-19,540.0,161684.0,333.99
13225,Gonorrhea,280.0,South Carolina,2012.0,Male,20-24 years,20-24,1157.0,177244.0,652.77
13226,Gonorrhea,280.0,South Carolina,2012.0,Male,25-29 years,25-29,608.0,153669.0,395.66
13227,Gonorrhea,280.0,South Carolina,2012.0,Male,30-34 years,30-34,354.0,147872.0,239.4
13228,Gonorrhea,280.0,South Carolina,2012.0,Male,35-39 years,35-39,179.0,139527.0,128.29
13229,Gonorrhea,280.0,South Carolina,2012.0,Male,40+ years,40+,336.0,1058355.0,31.75
13230,Gonorrhea,280.0,South Carolina,2012.0,Male,Unknown,99,3.0,,
13231,Gonorrhea,280.0,South Carolina,2013.0,Male,0-14 years,0-14,7.0,458606.0,1.53
13232,Gonorrhea,280.0,South Carolina,2013.0,Male,15-19 years,15-19,474.0,160713.0,294.94
13233,Gonorrhea,280.0,South Carolina,2013.0,Male,20-24 years,20-24,1088.0,182092.0,597.5
13234,Gonorrhea,280.0,South Carolina,2013.0,Male,25-29 years,25-29,664.0,154959.0,428.5
13235,Gonorrhea,280.0,South Carolina,2013.0,Male,30-34 years,30-34,324.0,149320.0,216.98
13236,Gonorrhea,280.0,South Carolina,2013.0,Male,35-39 years,35-39,188.0,139794.0,134.48
13237,Gonorrhea,280.0,South Carolina,2013.0,Male,40+ years,40+,386.0,1077635.0,35.82
13238,Gonorrhea,280.0,South Carolina,2013.0,Male,Unknown,99,2.0,,
13239,Gonorrhea,280.0,South Carolina,2014.0,Male,0-14 years,0-14,8.0,458606.0,1.74
13240,Gonorrhea,280.0,South Carolina,2014.0,Male,15-19 years,15-19,544.0,160713.0,338.49
13241,Gonorrhea,280.0,South Carolina,2014.0,Male,20-24 years,20-24,1315.0,182092.0,722.16
13242,Gonorrhea,280.0,South Carolina,2014.0,Male,25-29 years,25-29,810.0,154959.0,522.72
13243,Gonorrhea,280.0,South Carolina,2014.0,Male,30-34 years,30-34,396.0,149320.0,265.2
13244,Gonorrhea,280.0,South Carolina,2014.0,Male,35-39 years,35-39,234.0,139794.0,167.39
13245,Gonorrhea,280.0,South Carolina,2014.0,Male,40+ years,40+,377.0,1077635.0,34.98
13246,Gonorrhea,280.0,South Carolina,2014.0,Male,Unknown,99,5.0,,
13247,Gonorrhea,280.0,South Dakota,1996.0,Male,15-19 years,15-19,20.0,31174.0,64.16
13248,Gonorrhea,280.0,South Dakota,1996.0,Male,20-24 years,20-24,27.0,25241.0,106.97
13249,Gonorrhea,280.0,South Dakota,1996.0,Male,25-29 years,25-29,14.0,23290.0,60.11
13250,Gonorrhea,280.0,South Dakota,1996.0,Male,30-34 years,30-34,10.0,26285.0,38.04
13251,Gonorrhea,280.0,South Dakota,1996.0,Male,35-39 years,35-39,8.0,30043.0,26.63
13252,Gonorrhea,280.0,South Dakota,1996.0,Male,40+ years,40+,3.0,144763.0,2.07
13253,Gonorrhea,280.0,South Dakota,1997.0,Male,0-14 years,0-14,1.0,85903.0,1.16
13254,Gonorrhea,280.0,South Dakota,1997.0,Male,15-19 years,15-19,16.0,31837.0,50.26
13255,Gonorrhea,280.0,South Dakota,1997.0,Male,20-24 years,20-24,30.0,25428.0,117.98
13256,Gonorrhea,280.0,South Dakota,1997.0,Male,25-29 years,25-29,15.0,23082.0,64.99
13257,Gonorrhea,280.0,South Dakota,1997.0,Male,30-34 years,30-34,14.0,24932.0,56.15
13258,Gonorrhea,280.0,South Dakota,1997.0,Male,35-39 years,35-39,3.0,29736.0,10.09
13259,Gonorrhea,280.0,South Dakota,1997.0,Male,40+ years,40+,4.0,147154.0,2.72
13260,Gonorrhea,280.0,South Dakota,1997.0,Male,Unknown,99,2.0,,
13261,Gonorrhea,280.0,South Dakota,1998.0,Male,0-14 years,0-14,2.0,85346.0,2.34
13262,Gonorrhea,280.0,South Dakota,1998.0,Male,15-19 years,15-19,19.0,32287.0,58.85
13263,Gonorrhea,280.0,South Dakota,1998.0,Male,20-24 years,20-24,37.0,25831.0,143.24
13264,Gonorrhea,280.0,South Dakota,1998.0,Male,25-29 years,25-29,24.0,22989.0,104.4
13265,Gonorrhea,280.0,South Dakota,1998.0,Male,30-34 years,30-34,10.0,23906.0,41.83
13266,Gonorrhea,280.0,South Dakota,1998.0,Male,35-39 years,35-39,1.0,29323.0,3.41
13267,Gonorrhea,280.0,South Dakota,1998.0,Male,40+ years,40+,3.0,149527.0,2.01
13268,Gonorrhea,280.0,South Dakota,1998.0,Male,Unknown,99,1.0,,
13269,Gonorrhea,280.0,South Dakota,1999.0,Male,0-14 years,0-14,2.0,85054.0,2.35
13270,Gonorrhea,280.0,South Dakota,1999.0,Male,15-19 years,15-19,9.0,32347.0,27.82
13271,Gonorrhea,280.0,South Dakota,1999.0,Male,20-24 years,20-24,31.0,26545.0,116.78
13272,Gonorrhea,280.0,South Dakota,1999.0,Male,25-29 years,25-29,15.0,22884.0,65.55
13273,Gonorrhea,280.0,South Dakota,1999.0,Male,30-34 years,30-34,4.0,23410.0,17.09
13274,Gonorrhea,280.0,South Dakota,1999.0,Male,35-39 years,35-39,6.0,28909.0,20.75
13275,Gonorrhea,280.0,South Dakota,1999.0,Male,40+ years,40+,7.0,152763.0,4.58
13276,Gonorrhea,280.0,South Dakota,1999.0,Male,Unknown,99,1.0,,
13277,Gonorrhea,280.0,South Dakota,2000.0,Male,0-14 years,0-14,3.0,83205.0,3.61
13278,Gonorrhea,280.0,South Dakota,2000.0,Male,15-19 years,15-19,22.0,32113.0,68.51
13279,Gonorrhea,280.0,South Dakota,2000.0,Male,20-24 years,20-24,42.0,27641.0,151.95
13280,Gonorrhea,280.0,South Dakota,2000.0,Male,25-29 years,25-29,22.0,23045.0,95.47
13281,Gonorrhea,280.0,South Dakota,2000.0,Male,30-34 years,30-34,11.0,23575.0,46.66
13282,Gonorrhea,280.0,South Dakota,2000.0,Male,35-39 years,35-39,4.0,28332.0,14.12
13283,Gonorrhea,280.0,South Dakota,2000.0,Male,40+ years,40+,4.0,157182.0,2.54
13284,Gonorrhea,280.0,South Dakota,2000.0,Male,Unknown,99,3.0,,
13285,Gonorrhea,280.0,South Dakota,2001.0,Male,15-19 years,15-19,34.0,32179.0,105.66
13286,Gonorrhea,280.0,South Dakota,2001.0,Male,20-24 years,20-24,44.0,28848.0,152.52
13287,Gonorrhea,280.0,South Dakota,2001.0,Male,25-29 years,25-29,27.0,23058.0,117.1
13288,Gonorrhea,280.0,South Dakota,2001.0,Male,30-34 years,30-34,12.0,23315.0,51.47
13289,Gonorrhea,280.0,South Dakota,2001.0,Male,35-39 years,35-39,4.0,27209.0,14.7
13290,Gonorrhea,280.0,South Dakota,2001.0,Male,40+ years,40+,2.0,159485.0,1.25
13291,Gonorrhea,280.0,South Dakota,2002.0,Male,0-14 years,0-14,1.0,81475.0,1.23
13292,Gonorrhea,280.0,South Dakota,2002.0,Male,15-19 years,15-19,31.0,31683.0,97.84
13293,Gonorrhea,280.0,South Dakota,2002.0,Male,20-24 years,20-24,41.0,29521.0,138.88
13294,Gonorrhea,280.0,South Dakota,2002.0,Male,25-29 years,25-29,18.0,23211.0,77.55
13295,Gonorrhea,280.0,South Dakota,2002.0,Male,30-34 years,30-34,15.0,23149.0,64.8
13296,Gonorrhea,280.0,South Dakota,2002.0,Male,35-39 years,35-39,4.0,25770.0,15.52
13297,Gonorrhea,280.0,South Dakota,2002.0,Male,40+ years,40+,5.0,163152.0,3.06
13298,Gonorrhea,280.0,South Dakota,2003.0,Male,15-19 years,15-19,22.0,31283.0,70.33
13299,Gonorrhea,280.0,South Dakota,2003.0,Male,20-24 years,20-24,32.0,30951.0,103.39
13300,Gonorrhea,280.0,South Dakota,2003.0,Male,25-29 years,25-29,16.0,23837.0,67.12
13301,Gonorrhea,280.0,South Dakota,2003.0,Male,30-34 years,30-34,7.0,22621.0,30.94
13302,Gonorrhea,280.0,South Dakota,2003.0,Male,35-39 years,35-39,3.0,24483.0,12.25
13303,Gonorrhea,280.0,South Dakota,2003.0,Male,40+ years,40+,12.0,164866.0,7.28
13304,Gonorrhea,280.0,South Dakota,2003.0,Male,Unknown,99,1.0,,
13305,Gonorrhea,280.0,South Dakota,2004.0,Male,15-19 years,15-19,12.0,30870.0,38.87
13306,Gonorrhea,280.0,South Dakota,2004.0,Male,20-24 years,20-24,46.0,31783.0,144.73
13307,Gonorrhea,280.0,South Dakota,2004.0,Male,25-29 years,25-29,27.0,25116.0,107.5
13308,Gonorrhea,280.0,South Dakota,2004.0,Male,30-34 years,30-34,16.0,22608.0,70.77
13309,Gonorrhea,280.0,South Dakota,2004.0,Male,35-39 years,35-39,8.0,23929.0,33.43
13310,Gonorrhea,280.0,South Dakota,2004.0,Male,40+ years,40+,17.0,168961.0,10.06
13311,Gonorrhea,280.0,South Dakota,2005.0,Male,0-14 years,0-14,1.0,78880.0,1.27
13312,Gonorrhea,280.0,South Dakota,2005.0,Male,15-19 years,15-19,26.0,30377.0,85.59
13313,Gonorrhea,280.0,South Dakota,2005.0,Male,20-24 years,20-24,58.0,31829.0,182.22
13314,Gonorrhea,280.0,South Dakota,2005.0,Male,25-29 years,25-29,37.0,26256.0,140.92
13315,Gonorrhea,280.0,South Dakota,2005.0,Male,30-34 years,30-34,15.0,22431.0,66.87
13316,Gonorrhea,280.0,South Dakota,2005.0,Male,35-39 years,35-39,9.0,23788.0,37.83
13317,Gonorrhea,280.0,South Dakota,2005.0,Male,40+ years,40+,6.0,172059.0,3.49
13318,Gonorrhea,280.0,South Dakota,2005.0,Male,Unknown,99,3.0,,
13319,Gonorrhea,280.0,South Dakota,2006.0,Male,15-19 years,15-19,35.0,29703.0,117.83
13320,Gonorrhea,280.0,South Dakota,2006.0,Male,20-24 years,20-24,42.0,31628.0,132.79
13321,Gonorrhea,280.0,South Dakota,2006.0,Male,25-29 years,25-29,34.0,26881.0,126.48
13322,Gonorrhea,280.0,South Dakota,2006.0,Male,30-34 years,30-34,15.0,22528.0,66.58
13323,Gonorrhea,280.0,South Dakota,2006.0,Male,35-39 years,35-39,11.0,23646.0,46.52
13324,Gonorrhea,280.0,South Dakota,2006.0,Male,40+ years,40+,13.0,174406.0,7.45
13325,Gonorrhea,280.0,South Dakota,2006.0,Male,Unknown,99,2.0,,
13326,Gonorrhea,280.0,South Dakota,2007.0,Male,15-19 years,15-19,26.0,29889.0,86.99
13327,Gonorrhea,280.0,South Dakota,2007.0,Male,20-24 years,20-24,40.0,30815.0,129.81
13328,Gonorrhea,280.0,South Dakota,2007.0,Male,25-29 years,25-29,16.0,28132.0,56.87
13329,Gonorrhea,280.0,South Dakota,2007.0,Male,30-34 years,30-34,12.0,22985.0,52.21
13330,Gonorrhea,280.0,South Dakota,2007.0,Male,35-39 years,35-39,5.0,23910.0,20.91
13331,Gonorrhea,280.0,South Dakota,2007.0,Male,40+ years,40+,5.0,178387.0,2.8
13332,Gonorrhea,280.0,South Dakota,2007.0,Male,Unknown,99,3.0,,
13333,Gonorrhea,280.0,South Dakota,2008.0,Male,0-14 years,0-14,1.0,83711.0,1.19
13334,Gonorrhea,280.0,South Dakota,2008.0,Male,15-19 years,15-19,18.0,29549.0,60.92
13335,Gonorrhea,280.0,South Dakota,2008.0,Male,20-24 years,20-24,49.0,31078.0,157.67
13336,Gonorrhea,280.0,South Dakota,2008.0,Male,25-29 years,25-29,29.0,28456.0,101.91
13337,Gonorrhea,280.0,South Dakota,2008.0,Male,30-34 years,30-34,15.0,23593.0,63.58
13338,Gonorrhea,280.0,South Dakota,2008.0,Male,35-39 years,35-39,9.0,23641.0,38.07
13339,Gonorrhea,280.0,South Dakota,2008.0,Male,40+ years,40+,7.0,180833.0,3.87
13340,Gonorrhea,280.0,South Dakota,2009.0,Male,15-19 years,15-19,23.0,30147.0,76.29
13341,Gonorrhea,280.0,South Dakota,2009.0,Male,20-24 years,20-24,44.0,32905.0,133.72
13342,Gonorrhea,280.0,South Dakota,2009.0,Male,25-29 years,25-29,47.0,29523.0,159.2
13343,Gonorrhea,280.0,South Dakota,2009.0,Male,30-34 years,30-34,14.0,24179.0,57.9
13344,Gonorrhea,280.0,South Dakota,2009.0,Male,35-39 years,35-39,12.0,23237.0,51.64
13345,Gonorrhea,280.0,South Dakota,2009.0,Male,40+ years,40+,12.0,181286.0,6.62
13346,Gonorrhea,280.0,South Dakota,2009.0,Male,Unknown,99,1.0,,
13347,Gonorrhea,280.0,South Dakota,2010.0,Male,15-19 years,15-19,20.0,29682.0,67.38
13348,Gonorrhea,280.0,South Dakota,2010.0,Male,20-24 years,20-24,64.0,29663.0,215.76
13349,Gonorrhea,280.0,South Dakota,2010.0,Male,25-29 years,25-29,34.0,28958.0,117.41
13350,Gonorrhea,280.0,South Dakota,2010.0,Male,30-34 years,30-34,30.0,25625.0,117.07
13351,Gonorrhea,280.0,South Dakota,2010.0,Male,35-39 years,35-39,15.0,23276.0,64.44
13352,Gonorrhea,280.0,South Dakota,2010.0,Male,40+ years,40+,14.0,183420.0,7.63
13353,Gonorrhea,280.0,South Dakota,2011.0,Male,15-19 years,15-19,26.0,29814.0,87.21
13354,Gonorrhea,280.0,South Dakota,2011.0,Male,20-24 years,20-24,70.0,30021.0,233.17
13355,Gonorrhea,280.0,South Dakota,2011.0,Male,25-29 years,25-29,48.0,29267.0,164.01
13356,Gonorrhea,280.0,South Dakota,2011.0,Male,30-34 years,30-34,26.0,26906.0,96.63
13357,Gonorrhea,280.0,South Dakota,2011.0,Male,35-39 years,35-39,11.0,23400.0,47.01
13358,Gonorrhea,280.0,South Dakota,2011.0,Male,40+ years,40+,21.0,186459.0,11.26
13359,Gonorrhea,280.0,South Dakota,2012.0,Male,0-14 years,0-14,1.0,87879.0,1.14
13360,Gonorrhea,280.0,South Dakota,2012.0,Male,15-19 years,15-19,44.0,29558.0,148.86
13361,Gonorrhea,280.0,South Dakota,2012.0,Male,20-24 years,20-24,93.0,30819.0,301.76
13362,Gonorrhea,280.0,South Dakota,2012.0,Male,25-29 years,25-29,58.0,29233.0,198.41
13363,Gonorrhea,280.0,South Dakota,2012.0,Male,30-34 years,30-34,32.0,27819.0,115.03
13364,Gonorrhea,280.0,South Dakota,2012.0,Male,35-39 years,35-39,18.0,23942.0,75.18
13365,Gonorrhea,280.0,South Dakota,2012.0,Male,40+ years,40+,13.0,189066.0,6.88
13366,Gonorrhea,280.0,South Dakota,2013.0,Male,0-14 years,0-14,1.0,89795.0,1.11
13367,Gonorrhea,280.0,South Dakota,2013.0,Male,15-19 years,15-19,54.0,29480.0,183.18
13368,Gonorrhea,280.0,South Dakota,2013.0,Male,20-24 years,20-24,81.0,31708.0,255.46
13369,Gonorrhea,280.0,South Dakota,2013.0,Male,25-29 years,25-29,81.0,29119.0,278.17
13370,Gonorrhea,280.0,South Dakota,2013.0,Male,30-34 years,30-34,52.0,28646.0,181.53
13371,Gonorrhea,280.0,South Dakota,2013.0,Male,35-39 years,35-39,19.0,24498.0,77.56
13372,Gonorrhea,280.0,South Dakota,2013.0,Male,40+ years,40+,32.0,191132.0,16.74
13373,Gonorrhea,280.0,South Dakota,2014.0,Male,0-14 years,0-14,1.0,89795.0,1.11
13374,Gonorrhea,280.0,South Dakota,2014.0,Male,15-19 years,15-19,43.0,29480.0,145.86
13375,Gonorrhea,280.0,South Dakota,2014.0,Male,20-24 years,20-24,110.0,31708.0,346.92
13376,Gonorrhea,280.0,South Dakota,2014.0,Male,25-29 years,25-29,76.0,29119.0,261.0
13377,Gonorrhea,280.0,South Dakota,2014.0,Male,30-34 years,30-34,42.0,28646.0,146.62
13378,Gonorrhea,280.0,South Dakota,2014.0,Male,35-39 years,35-39,21.0,24498.0,85.72
13379,Gonorrhea,280.0,South Dakota,2014.0,Male,40+ years,40+,42.0,191132.0,21.97
13380,Gonorrhea,280.0,Tennessee,1996.0,Male,0-14 years,0-14,52.0,571631.0,9.1
13381,Gonorrhea,280.0,Tennessee,1996.0,Male,15-19 years,15-19,1500.0,197199.0,760.65
13382,Gonorrhea,280.0,Tennessee,1996.0,Male,20-24 years,20-24,1956.0,186990.0,1046.05
13383,Gonorrhea,280.0,Tennessee,1996.0,Male,25-29 years,25-29,1022.0,199058.0,513.42
13384,Gonorrhea,280.0,Tennessee,1996.0,Male,30-34 years,30-34,775.0,213576.0,362.87
13385,Gonorrhea,280.0,Tennessee,1996.0,Male,35-39 years,35-39,576.0,217799.0,264.46
13386,Gonorrhea,280.0,Tennessee,1996.0,Male,40+ years,40+,719.0,1037293.0,69.31
13387,Gonorrhea,280.0,Tennessee,1996.0,Male,Unknown,99,4.0,,
13388,Gonorrhea,280.0,Tennessee,1997.0,Male,0-14 years,0-14,35.0,576810.0,6.07
13389,Gonorrhea,280.0,Tennessee,1997.0,Male,15-19 years,15-19,1358.0,200388.0,677.68
13390,Gonorrhea,280.0,Tennessee,1997.0,Male,20-24 years,20-24,1826.0,185938.0,982.05
13391,Gonorrhea,280.0,Tennessee,1997.0,Male,25-29 years,25-29,974.0,202417.0,481.19
13392,Gonorrhea,280.0,Tennessee,1997.0,Male,30-34 years,30-34,637.0,210600.0,302.47
13393,Gonorrhea,280.0,Tennessee,1997.0,Male,35-39 years,35-39,524.0,219464.0,238.76
13394,Gonorrhea,280.0,Tennessee,1997.0,Male,40+ years,40+,709.0,1069105.0,66.32
13395,Gonorrhea,280.0,Tennessee,1997.0,Male,Unknown,99,18.0,,
13396,Gonorrhea,280.0,Tennessee,1998.0,Male,0-14 years,0-14,28.0,582860.0,4.8
13397,Gonorrhea,280.0,Tennessee,1998.0,Male,15-19 years,15-19,1457.0,202612.0,719.11
13398,Gonorrhea,280.0,Tennessee,1998.0,Male,20-24 years,20-24,1902.0,188131.0,1011.0
13399,Gonorrhea,280.0,Tennessee,1998.0,Male,25-29 years,25-29,1175.0,204470.0,574.66
13400,Gonorrhea,280.0,Tennessee,1998.0,Male,30-34 years,30-34,646.0,207208.0,311.76
13401,Gonorrhea,280.0,Tennessee,1998.0,Male,35-39 years,35-39,557.0,221252.0,251.75
13402,Gonorrhea,280.0,Tennessee,1998.0,Male,40+ years,40+,798.0,1095805.0,72.82
13403,Gonorrhea,280.0,Tennessee,1998.0,Male,Unknown,99,14.0,,
13404,Gonorrhea,280.0,Tennessee,1999.0,Male,0-14 years,0-14,37.0,591847.0,6.25
13405,Gonorrhea,280.0,Tennessee,1999.0,Male,15-19 years,15-19,1291.0,202798.0,636.59
13406,Gonorrhea,280.0,Tennessee,1999.0,Male,20-24 years,20-24,1867.0,191577.0,974.54
13407,Gonorrhea,280.0,Tennessee,1999.0,Male,25-29 years,25-29,1130.0,204416.0,552.79
13408,Gonorrhea,280.0,Tennessee,1999.0,Male,30-34 years,30-34,678.0,205247.0,330.33
13409,Gonorrhea,280.0,Tennessee,1999.0,Male,35-39 years,35-39,575.0,223180.0,257.64
13410,Gonorrhea,280.0,Tennessee,1999.0,Male,40+ years,40+,800.0,1122175.0,71.29
13411,Gonorrhea,280.0,Tennessee,1999.0,Male,Unknown,99,23.0,,
13412,Gonorrhea,280.0,Tennessee,2000.0,Male,0-14 years,0-14,32.0,595179.0,5.38
13413,Gonorrhea,280.0,Tennessee,2000.0,Male,15-19 years,15-19,1256.0,201787.0,622.44
13414,Gonorrhea,280.0,Tennessee,2000.0,Male,20-24 years,20-24,2082.0,196811.0,1057.87
13415,Gonorrhea,280.0,Tennessee,2000.0,Male,25-29 years,25-29,1218.0,202090.0,602.7
13416,Gonorrhea,280.0,Tennessee,2000.0,Male,30-34 years,30-34,639.0,207520.0,307.92
13417,Gonorrhea,280.0,Tennessee,2000.0,Male,35-39 years,35-39,486.0,223160.0,217.78
13418,Gonorrhea,280.0,Tennessee,2000.0,Male,40+ years,40+,811.0,1150746.0,70.48
13419,Gonorrhea,280.0,Tennessee,2000.0,Male,Unknown,99,9.0,,
13420,Gonorrhea,280.0,Tennessee,2001.0,Male,0-14 years,0-14,36.0,597652.0,6.02
13421,Gonorrhea,280.0,Tennessee,2001.0,Male,15-19 years,15-19,1034.0,200769.0,515.02
13422,Gonorrhea,280.0,Tennessee,2001.0,Male,20-24 years,20-24,1622.0,201226.0,806.06
13423,Gonorrhea,280.0,Tennessee,2001.0,Male,25-29 years,25-29,979.0,197825.0,494.88
13424,Gonorrhea,280.0,Tennessee,2001.0,Male,30-34 years,30-34,561.0,211028.0,265.84
13425,Gonorrhea,280.0,Tennessee,2001.0,Male,35-39 years,35-39,410.0,221326.0,185.25
13426,Gonorrhea,280.0,Tennessee,2001.0,Male,40+ years,40+,677.0,1172151.0,57.76
13427,Gonorrhea,280.0,Tennessee,2001.0,Male,Unknown,99,18.0,,
13428,Gonorrhea,280.0,Tennessee,2002.0,Male,0-14 years,0-14,24.0,600292.0,4.0
13429,Gonorrhea,280.0,Tennessee,2002.0,Male,15-19 years,15-19,877.0,200449.0,437.52
13430,Gonorrhea,280.0,Tennessee,2002.0,Male,20-24 years,20-24,1463.0,201387.0,726.46
13431,Gonorrhea,280.0,Tennessee,2002.0,Male,25-29 years,25-29,846.0,194527.0,434.9
13432,Gonorrhea,280.0,Tennessee,2002.0,Male,30-34 years,30-34,553.0,214008.0,258.4
13433,Gonorrhea,280.0,Tennessee,2002.0,Male,35-39 years,35-39,390.0,217635.0,179.2
13434,Gonorrhea,280.0,Tennessee,2002.0,Male,40+ years,40+,618.0,1197918.0,51.59
13435,Gonorrhea,280.0,Tennessee,2002.0,Male,Unknown,99,13.0,,
13436,Gonorrhea,280.0,Tennessee,2003.0,Male,0-14 years,0-14,20.0,595154.0,3.36
13437,Gonorrhea,280.0,Tennessee,2003.0,Male,15-19 years,15-19,814.0,201703.0,403.56
13438,Gonorrhea,280.0,Tennessee,2003.0,Male,20-24 years,20-24,1275.0,209931.0,607.34
13439,Gonorrhea,280.0,Tennessee,2003.0,Male,25-29 years,25-29,761.0,198975.0,382.46
13440,Gonorrhea,280.0,Tennessee,2003.0,Male,30-34 years,30-34,454.0,214367.0,211.79
13441,Gonorrhea,280.0,Tennessee,2003.0,Male,35-39 years,35-39,304.0,213276.0,142.54
13442,Gonorrhea,280.0,Tennessee,2003.0,Male,40+ years,40+,615.0,1218989.0,50.45
13443,Gonorrhea,280.0,Tennessee,2003.0,Male,Unknown,99,13.0,,
13444,Gonorrhea,280.0,Tennessee,2004.0,Male,0-14 years,0-14,20.0,592311.0,3.38
13445,Gonorrhea,280.0,Tennessee,2004.0,Male,15-19 years,15-19,742.0,203823.0,364.04
13446,Gonorrhea,280.0,Tennessee,2004.0,Male,20-24 years,20-24,1216.0,212124.0,573.25
13447,Gonorrhea,280.0,Tennessee,2004.0,Male,25-29 years,25-29,794.0,202904.0,391.32
13448,Gonorrhea,280.0,Tennessee,2004.0,Male,30-34 years,30-34,437.0,214567.0,203.67
13449,Gonorrhea,280.0,Tennessee,2004.0,Male,35-39 years,35-39,297.0,210900.0,140.82
13450,Gonorrhea,280.0,Tennessee,2004.0,Male,40+ years,40+,633.0,1249655.0,50.65
13451,Gonorrhea,280.0,Tennessee,2004.0,Male,Unknown,99,9.0,,
13452,Gonorrhea,280.0,Tennessee,2005.0,Male,0-14 years,0-14,26.0,588717.0,4.42
13453,Gonorrhea,280.0,Tennessee,2005.0,Male,15-19 years,15-19,819.0,207284.0,395.11
13454,Gonorrhea,280.0,Tennessee,2005.0,Male,20-24 years,20-24,1257.0,213059.0,589.98
13455,Gonorrhea,280.0,Tennessee,2005.0,Male,25-29 years,25-29,714.0,209140.0,341.4
13456,Gonorrhea,280.0,Tennessee,2005.0,Male,30-34 years,30-34,448.0,211526.0,211.79
13457,Gonorrhea,280.0,Tennessee,2005.0,Male,35-39 years,35-39,299.0,212923.0,140.43
13458,Gonorrhea,280.0,Tennessee,2005.0,Male,40+ years,40+,641.0,1278017.0,50.16
13459,Gonorrhea,280.0,Tennessee,2005.0,Male,Unknown,99,5.0,,
13460,Gonorrhea,280.0,Tennessee,2006.0,Male,0-14 years,0-14,24.0,607517.0,3.95
13461,Gonorrhea,280.0,Tennessee,2006.0,Male,15-19 years,15-19,892.0,208220.0,428.39
13462,Gonorrhea,280.0,Tennessee,2006.0,Male,20-24 years,20-24,1407.0,202161.0,695.98
13463,Gonorrhea,280.0,Tennessee,2006.0,Male,25-29 years,25-29,837.0,221759.0,377.44
13464,Gonorrhea,280.0,Tennessee,2006.0,Male,30-34 years,30-34,471.0,200193.0,235.27
13465,Gonorrhea,280.0,Tennessee,2006.0,Male,35-39 years,35-39,332.0,212927.0,155.92
13466,Gonorrhea,280.0,Tennessee,2006.0,Male,40+ years,40+,623.0,1298113.0,47.99
13467,Gonorrhea,280.0,Tennessee,2006.0,Male,Unknown,99,4.0,,
13468,Gonorrhea,280.0,Tennessee,2007.0,Male,0-14 years,0-14,22.0,620275.0,3.55
13469,Gonorrhea,280.0,Tennessee,2007.0,Male,15-19 years,15-19,889.0,211783.0,419.77
13470,Gonorrhea,280.0,Tennessee,2007.0,Male,20-24 years,20-24,1186.0,201055.0,589.89
13471,Gonorrhea,280.0,Tennessee,2007.0,Male,25-29 years,25-29,824.0,224250.0,367.45
13472,Gonorrhea,280.0,Tennessee,2007.0,Male,30-34 years,30-34,480.0,200388.0,239.53
13473,Gonorrhea,280.0,Tennessee,2007.0,Male,35-39 years,35-39,297.0,217341.0,136.65
13474,Gonorrhea,280.0,Tennessee,2007.0,Male,40+ years,40+,618.0,1331026.0,46.43
13475,Gonorrhea,280.0,Tennessee,2007.0,Male,Unknown,99,1.0,,
13476,Gonorrhea,280.0,Tennessee,2008.0,Male,0-14 years,0-14,16.0,624515.0,2.56
13477,Gonorrhea,280.0,Tennessee,2008.0,Male,15-19 years,15-19,863.0,211885.0,407.3
13478,Gonorrhea,280.0,Tennessee,2008.0,Male,20-24 years,20-24,1270.0,197198.0,644.02
13479,Gonorrhea,280.0,Tennessee,2008.0,Male,25-29 years,25-29,708.0,220186.0,321.55
13480,Gonorrhea,280.0,Tennessee,2008.0,Male,30-34 years,30-34,427.0,201523.0,211.89
13481,Gonorrhea,280.0,Tennessee,2008.0,Male,35-39 years,35-39,233.0,216838.0,107.45
13482,Gonorrhea,280.0,Tennessee,2008.0,Male,40+ years,40+,460.0,1356970.0,33.9
13483,Gonorrhea,280.0,Tennessee,2008.0,Male,Unknown,99,2.0,,
13484,Gonorrhea,280.0,Tennessee,2009.0,Male,0-14 years,0-14,13.0,632385.0,2.06
13485,Gonorrhea,280.0,Tennessee,2009.0,Male,15-19 years,15-19,796.0,215901.0,368.69
13486,Gonorrhea,280.0,Tennessee,2009.0,Male,20-24 years,20-24,1218.0,211181.0,576.76
13487,Gonorrhea,280.0,Tennessee,2009.0,Male,25-29 years,25-29,654.0,219779.0,297.57
13488,Gonorrhea,280.0,Tennessee,2009.0,Male,30-34 years,30-34,360.0,203108.0,177.25
13489,Gonorrhea,280.0,Tennessee,2009.0,Male,35-39 years,35-39,198.0,214109.0,92.48
13490,Gonorrhea,280.0,Tennessee,2009.0,Male,40+ years,40+,318.0,1372780.0,23.16
13491,Gonorrhea,280.0,Tennessee,2009.0,Male,Unknown,99,3.0,,
13492,Gonorrhea,280.0,Tennessee,2010.0,Male,0-14 years,0-14,9.0,633248.0,1.42
13493,Gonorrhea,280.0,Tennessee,2010.0,Male,15-19 years,15-19,701.0,223002.0,314.35
13494,Gonorrhea,280.0,Tennessee,2010.0,Male,20-24 years,20-24,1137.0,212905.0,534.04
13495,Gonorrhea,280.0,Tennessee,2010.0,Male,25-29 years,25-29,630.0,206997.0,304.35
13496,Gonorrhea,280.0,Tennessee,2010.0,Male,30-34 years,30-34,299.0,201529.0,148.37
13497,Gonorrhea,280.0,Tennessee,2010.0,Male,35-39 years,35-39,184.0,209760.0,87.72
13498,Gonorrhea,280.0,Tennessee,2010.0,Male,40+ years,40+,271.0,1406063.0,19.27
13499,Gonorrhea,280.0,Tennessee,2010.0,Male,Unknown,99,4.0,,
13500,Gonorrhea,280.0,Tennessee,2011.0,Male,0-14 years,0-14,14.0,631738.0,2.22
13501,Gonorrhea,280.0,Tennessee,2011.0,Male,15-19 years,15-19,752.0,218830.0,343.65
13502,Gonorrhea,280.0,Tennessee,2011.0,Male,20-24 years,20-24,1299.0,220523.0,589.05
13503,Gonorrhea,280.0,Tennessee,2011.0,Male,25-29 years,25-29,590.0,207528.0,284.3
13504,Gonorrhea,280.0,Tennessee,2011.0,Male,30-34 years,30-34,368.0,205885.0,178.74
13505,Gonorrhea,280.0,Tennessee,2011.0,Male,35-39 years,35-39,181.0,201894.0,89.65
13506,Gonorrhea,280.0,Tennessee,2011.0,Male,40+ years,40+,350.0,1434533.0,24.4
13507,Gonorrhea,280.0,Tennessee,2011.0,Male,Unknown,99,1.0,,
13508,Gonorrhea,280.0,Tennessee,2012.0,Male,0-14 years,0-14,20.0,633877.0,3.16
13509,Gonorrhea,280.0,Tennessee,2012.0,Male,15-19 years,15-19,873.0,216142.0,403.9
13510,Gonorrhea,280.0,Tennessee,2012.0,Male,20-24 years,20-24,1490.0,228298.0,652.66
13511,Gonorrhea,280.0,Tennessee,2012.0,Male,25-29 years,25-29,788.0,209386.0,376.34
13512,Gonorrhea,280.0,Tennessee,2012.0,Male,30-34 years,30-34,467.0,208738.0,223.72
13513,Gonorrhea,280.0,Tennessee,2012.0,Male,35-39 years,35-39,241.0,199750.0,120.65
13514,Gonorrhea,280.0,Tennessee,2012.0,Male,40+ years,40+,487.0,1452572.0,33.53
13515,Gonorrhea,280.0,Tennessee,2012.0,Male,Unknown,99,2.0,,
13516,Gonorrhea,280.0,Tennessee,2013.0,Male,0-14 years,0-14,19.0,632526.0,3.0
13517,Gonorrhea,280.0,Tennessee,2013.0,Male,15-19 years,15-19,702.0,214445.0,327.36
13518,Gonorrhea,280.0,Tennessee,2013.0,Male,20-24 years,20-24,1373.0,232538.0,590.44
13519,Gonorrhea,280.0,Tennessee,2013.0,Male,25-29 years,25-29,735.0,208739.0,352.11
13520,Gonorrhea,280.0,Tennessee,2013.0,Male,30-34 years,30-34,406.0,209870.0,193.45
13521,Gonorrhea,280.0,Tennessee,2013.0,Male,35-39 years,35-39,184.0,199117.0,92.41
13522,Gonorrhea,280.0,Tennessee,2013.0,Male,40+ years,40+,338.0,1469859.0,23.0
13523,Gonorrhea,280.0,Tennessee,2013.0,Male,Unknown,99,1.0,,
13524,Gonorrhea,280.0,Tennessee,2014.0,Male,0-14 years,0-14,5.0,632526.0,0.79
13525,Gonorrhea,280.0,Tennessee,2014.0,Male,15-19 years,15-19,564.0,214445.0,263.0
13526,Gonorrhea,280.0,Tennessee,2014.0,Male,20-24 years,20-24,1372.0,232538.0,590.01
13527,Gonorrhea,280.0,Tennessee,2014.0,Male,25-29 years,25-29,841.0,208739.0,402.89
13528,Gonorrhea,280.0,Tennessee,2014.0,Male,30-34 years,30-34,405.0,209870.0,192.98
13529,Gonorrhea,280.0,Tennessee,2014.0,Male,35-39 years,35-39,218.0,199117.0,109.48
13530,Gonorrhea,280.0,Tennessee,2014.0,Male,40+ years,40+,373.0,1469859.0,25.38
13531,Gonorrhea,280.0,Texas,1996.0,Male,0-14 years,0-14,146.0,2374102.0,6.15
13532,Gonorrhea,280.0,Texas,1996.0,Male,15-19 years,15-19,2638.0,764188.0,345.2
13533,Gonorrhea,280.0,Texas,1996.0,Male,20-24 years,20-24,2993.0,720645.0,415.32
13534,Gonorrhea,280.0,Texas,1996.0,Male,25-29 years,25-29,1558.0,757590.0,205.65
13535,Gonorrhea,280.0,Texas,1996.0,Male,30-34 years,30-34,1078.0,837085.0,128.78
13536,Gonorrhea,280.0,Texas,1996.0,Male,35-39 years,35-39,696.0,832034.0,83.65
13537,Gonorrhea,280.0,Texas,1996.0,Male,40+ years,40+,750.0,3282846.0,22.85
13538,Gonorrhea,280.0,Texas,1996.0,Male,Unknown,99,1424.0,,
13539,Gonorrhea,280.0,Texas,1997.0,Male,0-14 years,0-14,111.0,2408950.0,4.61
13540,Gonorrhea,280.0,Texas,1997.0,Male,15-19 years,15-19,2519.0,792240.0,317.96
13541,Gonorrhea,280.0,Texas,1997.0,Male,20-24 years,20-24,3228.0,732849.0,440.47
13542,Gonorrhea,280.0,Texas,1997.0,Male,25-29 years,25-29,1865.0,773088.0,241.24
13543,Gonorrhea,280.0,Texas,1997.0,Male,30-34 years,30-34,1173.0,821721.0,142.75
13544,Gonorrhea,280.0,Texas,1997.0,Male,35-39 years,35-39,780.0,842390.0,92.59
13545,Gonorrhea,280.0,Texas,1997.0,Male,40+ years,40+,931.0,3402777.0,27.36
13546,Gonorrhea,280.0,Texas,1997.0,Male,Unknown,99,2313.0,,
13547,Gonorrhea,280.0,Texas,1998.0,Male,0-14 years,0-14,160.0,2451719.0,6.53
13548,Gonorrhea,280.0,Texas,1998.0,Male,15-19 years,15-19,3439.0,820789.0,418.99
13549,Gonorrhea,280.0,Texas,1998.0,Male,20-24 years,20-24,4937.0,749459.0,658.74
13550,Gonorrhea,280.0,Texas,1998.0,Male,25-29 years,25-29,2839.0,787384.0,360.56
13551,Gonorrhea,280.0,Texas,1998.0,Male,30-34 years,30-34,1774.0,804959.0,220.38
13552,Gonorrhea,280.0,Texas,1998.0,Male,35-39 years,35-39,1247.0,849722.0,146.75
13553,Gonorrhea,280.0,Texas,1998.0,Male,40+ years,40+,1468.0,3522974.0,41.67
13554,Gonorrhea,280.0,Texas,1998.0,Male,Unknown,99,188.0,,
13555,Gonorrhea,280.0,Texas,1999.0,Male,0-14 years,0-14,151.0,2489300.0,6.07
13556,Gonorrhea,280.0,Texas,1999.0,Male,15-19 years,15-19,3558.0,838475.0,424.34
13557,Gonorrhea,280.0,Texas,1999.0,Male,20-24 years,20-24,4859.0,773252.0,628.38
13558,Gonorrhea,280.0,Texas,1999.0,Male,25-29 years,25-29,2775.0,800999.0,346.44
13559,Gonorrhea,280.0,Texas,1999.0,Male,30-34 years,30-34,1679.0,795710.0,211.01
13560,Gonorrhea,280.0,Texas,1999.0,Male,35-39 years,35-39,1254.0,853450.0,146.93
13561,Gonorrhea,280.0,Texas,1999.0,Male,40+ years,40+,1584.0,3646832.0,43.44
13562,Gonorrhea,280.0,Texas,1999.0,Male,Unknown,99,113.0,,
13563,Gonorrhea,280.0,Texas,2000.0,Male,0-14 years,0-14,173.0,2552174.0,6.78
13564,Gonorrhea,280.0,Texas,2000.0,Male,15-19 years,15-19,3467.0,850561.0,407.61
13565,Gonorrhea,280.0,Texas,2000.0,Male,20-24 years,20-24,4790.0,797448.0,600.67
13566,Gonorrhea,280.0,Texas,2000.0,Male,25-29 years,25-29,2765.0,805324.0,343.34
13567,Gonorrhea,280.0,Texas,2000.0,Male,30-34 years,30-34,1619.0,799247.0,202.57
13568,Gonorrhea,280.0,Texas,2000.0,Male,35-39 years,35-39,1294.0,842068.0,153.67
13569,Gonorrhea,280.0,Texas,2000.0,Male,40+ years,40+,1683.0,3759945.0,44.76
13570,Gonorrhea,280.0,Texas,2000.0,Male,Unknown,99,128.0,,
13571,Gonorrhea,280.0,Texas,2001.0,Male,0-14 years,0-14,115.0,2575530.0,4.47
13572,Gonorrhea,280.0,Texas,2001.0,Male,15-19 years,15-19,3001.0,854929.0,351.02
13573,Gonorrhea,280.0,Texas,2001.0,Male,20-24 years,20-24,4515.0,823298.0,548.4
13574,Gonorrhea,280.0,Texas,2001.0,Male,25-29 years,25-29,2459.0,810700.0,303.32
13575,Gonorrhea,280.0,Texas,2001.0,Male,30-34 years,30-34,1604.0,819004.0,195.85
13576,Gonorrhea,280.0,Texas,2001.0,Male,35-39 years,35-39,1083.0,836106.0,129.53
13577,Gonorrhea,280.0,Texas,2001.0,Male,40+ years,40+,1486.0,3898248.0,38.12
13578,Gonorrhea,280.0,Texas,2001.0,Male,Unknown,99,107.0,,
13579,Gonorrhea,280.0,Texas,2002.0,Male,0-14 years,0-14,90.0,2605885.0,3.45
13580,Gonorrhea,280.0,Texas,2002.0,Male,15-19 years,15-19,2602.0,858284.0,303.16
13581,Gonorrhea,280.0,Texas,2002.0,Male,20-24 years,20-24,4065.0,841790.0,482.9
13582,Gonorrhea,280.0,Texas,2002.0,Male,25-29 years,25-29,2243.0,809886.0,276.95
13583,Gonorrhea,280.0,Texas,2002.0,Male,30-34 years,30-34,1369.0,837256.0,163.51
13584,Gonorrhea,280.0,Texas,2002.0,Male,35-39 years,35-39,983.0,825030.0,119.15
13585,Gonorrhea,280.0,Texas,2002.0,Male,40+ years,40+,1407.0,4047793.0,34.76
13586,Gonorrhea,280.0,Texas,2002.0,Male,Unknown,99,125.0,,
13587,Gonorrhea,280.0,Texas,2003.0,Male,0-14 years,0-14,80.0,2674544.0,2.99
13588,Gonorrhea,280.0,Texas,2003.0,Male,15-19 years,15-19,2252.0,856501.0,262.93
13589,Gonorrhea,280.0,Texas,2003.0,Male,20-24 years,20-24,3788.0,880006.0,430.45
13590,Gonorrhea,280.0,Texas,2003.0,Male,25-29 years,25-29,2052.0,825570.0,248.56
13591,Gonorrhea,280.0,Texas,2003.0,Male,30-34 years,30-34,1323.0,853475.0,155.01
13592,Gonorrhea,280.0,Texas,2003.0,Male,35-39 years,35-39,929.0,817709.0,113.61
13593,Gonorrhea,280.0,Texas,2003.0,Male,40+ years,40+,1431.0,4101589.0,34.89
13594,Gonorrhea,280.0,Texas,2003.0,Male,Unknown,99,77.0,,
13595,Gonorrhea,280.0,Texas,2004.0,Male,0-14 years,0-14,71.0,2685794.0,2.64
13596,Gonorrhea,280.0,Texas,2004.0,Male,15-19 years,15-19,2194.0,862207.0,254.46
13597,Gonorrhea,280.0,Texas,2004.0,Male,20-24 years,20-24,3511.0,900128.0,390.06
13598,Gonorrhea,280.0,Texas,2004.0,Male,25-29 years,25-29,2191.0,844117.0,259.56
13599,Gonorrhea,280.0,Texas,2004.0,Male,30-34 years,30-34,1369.0,863812.0,158.48
13600,Gonorrhea,280.0,Texas,2004.0,Male,35-39 years,35-39,923.0,819061.0,112.69
13601,Gonorrhea,280.0,Texas,2004.0,Male,40+ years,40+,1592.0,4226149.0,37.67
13602,Gonorrhea,280.0,Texas,2004.0,Male,Unknown,99,51.0,,
13603,Gonorrhea,280.0,Texas,2005.0,Male,0-14 years,0-14,65.0,2705692.0,2.4
13604,Gonorrhea,280.0,Texas,2005.0,Male,15-19 years,15-19,2360.0,872287.0,270.55
13605,Gonorrhea,280.0,Texas,2005.0,Male,20-24 years,20-24,3810.0,907035.0,420.05
13606,Gonorrhea,280.0,Texas,2005.0,Male,25-29 years,25-29,2258.0,864704.0,261.13
13607,Gonorrhea,280.0,Texas,2005.0,Male,30-34 years,30-34,1303.0,864368.0,150.75
13608,Gonorrhea,280.0,Texas,2005.0,Male,35-39 years,35-39,878.0,830387.0,105.73
13609,Gonorrhea,280.0,Texas,2005.0,Male,40+ years,40+,1560.0,4343706.0,35.91
13610,Gonorrhea,280.0,Texas,2005.0,Male,Unknown,99,35.0,,
13611,Gonorrhea,280.0,Texas,2006.0,Male,0-14 years,0-14,84.0,2774474.0,3.03
13612,Gonorrhea,280.0,Texas,2006.0,Male,15-19 years,15-19,2833.0,894499.0,316.71
13613,Gonorrhea,280.0,Texas,2006.0,Male,20-24 years,20-24,4570.0,928636.0,492.12
13614,Gonorrhea,280.0,Texas,2006.0,Male,25-29 years,25-29,2774.0,919993.0,301.52
13615,Gonorrhea,280.0,Texas,2006.0,Male,30-34 years,30-34,1528.0,866453.0,176.35
13616,Gonorrhea,280.0,Texas,2006.0,Male,35-39 years,35-39,1064.0,859504.0,123.79
13617,Gonorrhea,280.0,Texas,2006.0,Male,40+ years,40+,1920.0,4470509.0,42.95
13618,Gonorrhea,280.0,Texas,2006.0,Male,Unknown,99,39.0,,
13619,Gonorrhea,280.0,Texas,2007.0,Male,0-14 years,0-14,89.0,2840480.0,3.13
13620,Gonorrhea,280.0,Texas,2007.0,Male,15-19 years,15-19,3142.0,900227.0,349.02
13621,Gonorrhea,280.0,Texas,2007.0,Male,20-24 years,20-24,4773.0,920288.0,518.64
13622,Gonorrhea,280.0,Texas,2007.0,Male,25-29 years,25-29,3008.0,950651.0,316.42
13623,Gonorrhea,280.0,Texas,2007.0,Male,30-34 years,30-34,1688.0,868294.0,194.4
13624,Gonorrhea,280.0,Texas,2007.0,Male,35-39 years,35-39,1045.0,877897.0,119.03
13625,Gonorrhea,280.0,Texas,2007.0,Male,40+ years,40+,2027.0,4568027.0,44.37
13626,Gonorrhea,280.0,Texas,2007.0,Male,Unknown,99,47.0,,
13627,Gonorrhea,280.0,Texas,2008.0,Male,0-14 years,0-14,68.0,2893787.0,2.35
13628,Gonorrhea,280.0,Texas,2008.0,Male,15-19 years,15-19,3345.0,908464.0,368.2
13629,Gonorrhea,280.0,Texas,2008.0,Male,20-24 years,20-24,4617.0,917289.0,503.33
13630,Gonorrhea,280.0,Texas,2008.0,Male,25-29 years,25-29,2787.0,972519.0,286.57
13631,Gonorrhea,280.0,Texas,2008.0,Male,30-34 years,30-34,1535.0,878532.0,174.72
13632,Gonorrhea,280.0,Texas,2008.0,Male,35-39 years,35-39,1003.0,890986.0,112.57
13633,Gonorrhea,280.0,Texas,2008.0,Male,40+ years,40+,1763.0,4681981.0,37.66
13634,Gonorrhea,280.0,Texas,2008.0,Male,Unknown,99,32.0,,
13635,Gonorrhea,280.0,Texas,2009.0,Male,0-14 years,0-14,57.0,2979207.0,1.91
13636,Gonorrhea,280.0,Texas,2009.0,Male,15-19 years,15-19,2938.0,923299.0,318.21
13637,Gonorrhea,280.0,Texas,2009.0,Male,20-24 years,20-24,4379.0,937671.0,467.01
13638,Gonorrhea,280.0,Texas,2009.0,Male,25-29 years,25-29,2490.0,988574.0,251.88
13639,Gonorrhea,280.0,Texas,2009.0,Male,30-34 years,30-34,1298.0,896508.0,144.78
13640,Gonorrhea,280.0,Texas,2009.0,Male,35-39 years,35-39,791.0,892360.0,88.64
13641,Gonorrhea,280.0,Texas,2009.0,Male,40+ years,40+,1249.0,4760473.0,26.24
13642,Gonorrhea,280.0,Texas,2009.0,Male,Unknown,99,13.0,,
13643,Gonorrhea,280.0,Texas,2010.0,Male,0-14 years,0-14,69.0,2930829.0,2.35
13644,Gonorrhea,280.0,Texas,2010.0,Male,15-19 years,15-19,3098.0,968686.0,319.81
13645,Gonorrhea,280.0,Texas,2010.0,Male,20-24 years,20-24,4995.0,932353.0,535.74
13646,Gonorrhea,280.0,Texas,2010.0,Male,25-29 years,25-29,2732.0,938966.0,290.96
13647,Gonorrhea,280.0,Texas,2010.0,Male,30-34 years,30-34,1457.0,882887.0,165.03
13648,Gonorrhea,280.0,Texas,2010.0,Male,35-39 years,35-39,797.0,876139.0,90.97
13649,Gonorrhea,280.0,Texas,2010.0,Male,40+ years,40+,1358.0,4942420.0,27.48
13650,Gonorrhea,280.0,Texas,2010.0,Male,Unknown,99,18.0,,
13651,Gonorrhea,280.0,Texas,2011.0,Male,0-14 years,0-14,74.0,2979721.0,2.48
13652,Gonorrhea,280.0,Texas,2011.0,Male,15-19 years,15-19,3069.0,971258.0,315.98
13653,Gonorrhea,280.0,Texas,2011.0,Male,20-24 years,20-24,5006.0,961071.0,520.88
13654,Gonorrhea,280.0,Texas,2011.0,Male,25-29 years,25-29,2709.0,953115.0,284.23
13655,Gonorrhea,280.0,Texas,2011.0,Male,30-34 years,30-34,1374.0,912904.0,150.51
13656,Gonorrhea,280.0,Texas,2011.0,Male,35-39 years,35-39,775.0,869841.0,89.1
13657,Gonorrhea,280.0,Texas,2011.0,Male,40+ years,40+,1430.0,5094532.0,28.07
13658,Gonorrhea,280.0,Texas,2011.0,Male,Unknown,99,11.0,,
13659,Gonorrhea,280.0,Texas,2012.0,Male,0-14 years,0-14,68.0,2989719.0,2.27
13660,Gonorrhea,280.0,Texas,2012.0,Male,15-19 years,15-19,3040.0,968997.0,313.73
13661,Gonorrhea,280.0,Texas,2012.0,Male,20-24 years,20-24,5251.0,996549.0,526.92
13662,Gonorrhea,280.0,Texas,2012.0,Male,25-29 years,25-29,2926.0,968573.0,302.09
13663,Gonorrhea,280.0,Texas,2012.0,Male,30-34 years,30-34,1720.0,939923.0,182.99
13664,Gonorrhea,280.0,Texas,2012.0,Male,35-39 years,35-39,810.0,875457.0,92.52
13665,Gonorrhea,280.0,Texas,2012.0,Male,40+ years,40+,1461.0,5208516.0,28.05
13666,Gonorrhea,280.0,Texas,2012.0,Male,Unknown,99,10.0,,
13667,Gonorrhea,280.0,Texas,2013.0,Male,0-14 years,0-14,74.0,3012501.0,2.46
13668,Gonorrhea,280.0,Texas,2013.0,Male,15-19 years,15-19,2763.0,971607.0,284.37
13669,Gonorrhea,280.0,Texas,2013.0,Male,20-24 years,20-24,5615.0,1016417.0,552.43
13670,Gonorrhea,280.0,Texas,2013.0,Male,25-29 years,25-29,3385.0,981243.0,344.97
13671,Gonorrhea,280.0,Texas,2013.0,Male,30-34 years,30-34,1870.0,966044.0,193.57
13672,Gonorrhea,280.0,Texas,2013.0,Male,35-39 years,35-39,1032.0,884541.0,116.67
13673,Gonorrhea,280.0,Texas,2013.0,Male,40+ years,40+,1665.0,5314649.0,31.33
13674,Gonorrhea,280.0,Texas,2013.0,Male,Unknown,99,6.0,,
13675,Gonorrhea,280.0,Texas,2014.0,Male,0-14 years,0-14,48.0,3012501.0,1.59
13676,Gonorrhea,280.0,Texas,2014.0,Male,15-19 years,15-19,2790.0,971607.0,287.15
13677,Gonorrhea,280.0,Texas,2014.0,Male,20-24 years,20-24,5894.0,1016417.0,579.88
13678,Gonorrhea,280.0,Texas,2014.0,Male,25-29 years,25-29,3908.0,981243.0,398.27
13679,Gonorrhea,280.0,Texas,2014.0,Male,30-34 years,30-34,2081.0,966044.0,215.41
13680,Gonorrhea,280.0,Texas,2014.0,Male,35-39 years,35-39,1267.0,884541.0,143.24
13681,Gonorrhea,280.0,Texas,2014.0,Male,40+ years,40+,2038.0,5314649.0,38.35
13682,Gonorrhea,280.0,Texas,2014.0,Male,Unknown,99,9.0,,
13683,Gonorrhea,280.0,Utah,1996.0,Male,15-19 years,15-19,20.0,107850.0,18.54
13684,Gonorrhea,280.0,Utah,1996.0,Male,20-24 years,20-24,54.0,91669.0,58.91
13685,Gonorrhea,280.0,Utah,1996.0,Male,25-29 years,25-29,43.0,82747.0,51.97
13686,Gonorrhea,280.0,Utah,1996.0,Male,30-34 years,30-34,26.0,76462.0,34.0
13687,Gonorrhea,280.0,Utah,1996.0,Male,35-39 years,35-39,21.0,77047.0,27.26
13688,Gonorrhea,280.0,Utah,1996.0,Male,40+ years,40+,17.0,309390.0,5.49
13689,Gonorrhea,280.0,Utah,1996.0,Male,Unknown,99,2.0,,
13690,Gonorrhea,280.0,Utah,1997.0,Male,0-14 years,0-14,1.0,292751.0,0.34
13691,Gonorrhea,280.0,Utah,1997.0,Male,15-19 years,15-19,19.0,109915.0,17.29
13692,Gonorrhea,280.0,Utah,1997.0,Male,20-24 years,20-24,42.0,96950.0,43.32
13693,Gonorrhea,280.0,Utah,1997.0,Male,25-29 years,25-29,54.0,85333.0,63.28
13694,Gonorrhea,280.0,Utah,1997.0,Male,30-34 years,30-34,27.0,76402.0,35.34
13695,Gonorrhea,280.0,Utah,1997.0,Male,35-39 years,35-39,16.0,77535.0,20.64
13696,Gonorrhea,280.0,Utah,1997.0,Male,40+ years,40+,35.0,320250.0,10.93
13697,Gonorrhea,280.0,Utah,1998.0,Male,15-19 years,15-19,19.0,110796.0,17.15
13698,Gonorrhea,280.0,Utah,1998.0,Male,20-24 years,20-24,48.0,103012.0,46.6
13699,Gonorrhea,280.0,Utah,1998.0,Male,25-29 years,25-29,35.0,87247.0,40.12
13700,Gonorrhea,280.0,Utah,1998.0,Male,30-34 years,30-34,21.0,76373.0,27.5
13701,Gonorrhea,280.0,Utah,1998.0,Male,35-39 years,35-39,21.0,77436.0,27.12
13702,Gonorrhea,280.0,Utah,1998.0,Male,40+ years,40+,22.0,330012.0,6.67
13703,Gonorrhea,280.0,Utah,1999.0,Male,15-19 years,15-19,24.0,109455.0,21.93
13704,Gonorrhea,280.0,Utah,1999.0,Male,20-24 years,20-24,30.0,108645.0,27.61
13705,Gonorrhea,280.0,Utah,1999.0,Male,25-29 years,25-29,37.0,89850.0,41.18
13706,Gonorrhea,280.0,Utah,1999.0,Male,30-34 years,30-34,24.0,76395.0,31.42
13707,Gonorrhea,280.0,Utah,1999.0,Male,35-39 years,35-39,14.0,76888.0,18.21
13708,Gonorrhea,280.0,Utah,1999.0,Male,40+ years,40+,25.0,339169.0,7.37
13709,Gonorrhea,280.0,Utah,2000.0,Male,0-14 years,0-14,1.0,302793.0,0.33
13710,Gonorrhea,280.0,Utah,2000.0,Male,15-19 years,15-19,18.0,106858.0,16.84
13711,Gonorrhea,280.0,Utah,2000.0,Male,20-24 years,20-24,30.0,114102.0,26.29
13712,Gonorrhea,280.0,Utah,2000.0,Male,25-29 years,25-29,32.0,94657.0,33.81
13713,Gonorrhea,280.0,Utah,2000.0,Male,30-34 years,30-34,19.0,78146.0,24.31
13714,Gonorrhea,280.0,Utah,2000.0,Male,35-39 years,35-39,19.0,76489.0,24.84
13715,Gonorrhea,280.0,Utah,2000.0,Male,40+ years,40+,13.0,351228.0,3.7
13716,Gonorrhea,280.0,Utah,2001.0,Male,15-19 years,15-19,14.0,105697.0,13.25
13717,Gonorrhea,280.0,Utah,2001.0,Male,20-24 years,20-24,35.0,112579.0,31.09
13718,Gonorrhea,280.0,Utah,2001.0,Male,25-29 years,25-29,21.0,101393.0,20.71
13719,Gonorrhea,280.0,Utah,2001.0,Male,30-34 years,30-34,27.0,80491.0,33.54
13720,Gonorrhea,280.0,Utah,2001.0,Male,35-39 years,35-39,8.0,74608.0,10.72
13721,Gonorrhea,280.0,Utah,2001.0,Male,40+ years,40+,19.0,360299.0,5.27
13722,Gonorrhea,280.0,Utah,2002.0,Male,15-19 years,15-19,19.0,102541.0,18.53
13723,Gonorrhea,280.0,Utah,2002.0,Male,20-24 years,20-24,56.0,112783.0,49.65
13724,Gonorrhea,280.0,Utah,2002.0,Male,25-29 years,25-29,35.0,110106.0,31.79
13725,Gonorrhea,280.0,Utah,2002.0,Male,30-34 years,30-34,35.0,83567.0,41.88
13726,Gonorrhea,280.0,Utah,2002.0,Male,35-39 years,35-39,28.0,73669.0,38.01
13727,Gonorrhea,280.0,Utah,2002.0,Male,40+ years,40+,47.0,371201.0,12.66
13728,Gonorrhea,280.0,Utah,2002.0,Male,Unknown,99,3.0,,
13729,Gonorrhea,280.0,Utah,2003.0,Male,0-14 years,0-14,3.0,323011.0,0.93
13730,Gonorrhea,280.0,Utah,2003.0,Male,15-19 years,15-19,22.0,100832.0,21.82
13731,Gonorrhea,280.0,Utah,2003.0,Male,20-24 years,20-24,71.0,110528.0,64.24
13732,Gonorrhea,280.0,Utah,2003.0,Male,25-29 years,25-29,62.0,115703.0,53.59
13733,Gonorrhea,280.0,Utah,2003.0,Male,30-34 years,30-34,33.0,83507.0,39.52
13734,Gonorrhea,280.0,Utah,2003.0,Male,35-39 years,35-39,21.0,72207.0,29.08
13735,Gonorrhea,280.0,Utah,2003.0,Male,40+ years,40+,33.0,374695.0,8.81
13736,Gonorrhea,280.0,Utah,2003.0,Male,Unknown,99,14.0,,
13737,Gonorrhea,280.0,Utah,2004.0,Male,0-14 years,0-14,1.0,322572.0,0.31
13738,Gonorrhea,280.0,Utah,2004.0,Male,15-19 years,15-19,41.0,99256.0,41.31
13739,Gonorrhea,280.0,Utah,2004.0,Male,20-24 years,20-24,97.0,111618.0,86.9
13740,Gonorrhea,280.0,Utah,2004.0,Male,25-29 years,25-29,85.0,120654.0,70.45
13741,Gonorrhea,280.0,Utah,2004.0,Male,30-34 years,30-34,34.0,87149.0,39.01
13742,Gonorrhea,280.0,Utah,2004.0,Male,35-39 years,35-39,43.0,73071.0,58.85
13743,Gonorrhea,280.0,Utah,2004.0,Male,40+ years,40+,36.0,384995.0,9.35
13744,Gonorrhea,280.0,Utah,2005.0,Male,0-14 years,0-14,1.0,323396.0,0.31
13745,Gonorrhea,280.0,Utah,2005.0,Male,15-19 years,15-19,48.0,100059.0,47.97
13746,Gonorrhea,280.0,Utah,2005.0,Male,20-24 years,20-24,120.0,118782.0,101.03
13747,Gonorrhea,280.0,Utah,2005.0,Male,25-29 years,25-29,88.0,122439.0,71.87
13748,Gonorrhea,280.0,Utah,2005.0,Male,30-34 years,30-34,54.0,93374.0,57.83
13749,Gonorrhea,280.0,Utah,2005.0,Male,35-39 years,35-39,37.0,77367.0,47.82
13750,Gonorrhea,280.0,Utah,2005.0,Male,40+ years,40+,60.0,404794.0,14.82
13751,Gonorrhea,280.0,Utah,2006.0,Male,15-19 years,15-19,41.0,101693.0,40.32
13752,Gonorrhea,280.0,Utah,2006.0,Male,20-24 years,20-24,182.0,125060.0,145.53
13753,Gonorrhea,280.0,Utah,2006.0,Male,25-29 years,25-29,121.0,122727.0,98.59
13754,Gonorrhea,280.0,Utah,2006.0,Male,30-34 years,30-34,53.0,85809.0,61.77
13755,Gonorrhea,280.0,Utah,2006.0,Male,35-39 years,35-39,45.0,80924.0,55.61
13756,Gonorrhea,280.0,Utah,2006.0,Male,40+ years,40+,77.0,422883.0,18.21
13757,Gonorrhea,280.0,Utah,2007.0,Male,15-19 years,15-19,41.0,104703.0,39.16
13758,Gonorrhea,280.0,Utah,2007.0,Male,20-24 years,20-24,150.0,129698.0,115.65
13759,Gonorrhea,280.0,Utah,2007.0,Male,25-29 years,25-29,103.0,131999.0,78.03
13760,Gonorrhea,280.0,Utah,2007.0,Male,30-34 years,30-34,54.0,89153.0,60.57
13761,Gonorrhea,280.0,Utah,2007.0,Male,35-39 years,35-39,53.0,84791.0,62.51
13762,Gonorrhea,280.0,Utah,2007.0,Male,40+ years,40+,75.0,439337.0,17.07
13763,Gonorrhea,280.0,Utah,2008.0,Male,0-14 years,0-14,2.0,371775.0,0.54
13764,Gonorrhea,280.0,Utah,2008.0,Male,15-19 years,15-19,35.0,106503.0,32.86
13765,Gonorrhea,280.0,Utah,2008.0,Male,20-24 years,20-24,98.0,128696.0,76.15
13766,Gonorrhea,280.0,Utah,2008.0,Male,25-29 years,25-29,78.0,135032.0,57.76
13767,Gonorrhea,280.0,Utah,2008.0,Male,30-34 years,30-34,43.0,95017.0,45.26
13768,Gonorrhea,280.0,Utah,2008.0,Male,35-39 years,35-39,29.0,87257.0,33.24
13769,Gonorrhea,280.0,Utah,2008.0,Male,40+ years,40+,52.0,456981.0,11.38
13770,Gonorrhea,280.0,Utah,2008.0,Male,Unknown,99,3.0,,
13771,Gonorrhea,280.0,Utah,2009.0,Male,0-14 years,0-14,1.0,382001.0,0.26
13772,Gonorrhea,280.0,Utah,2009.0,Male,15-19 years,15-19,29.0,108736.0,26.67
13773,Gonorrhea,280.0,Utah,2009.0,Male,20-24 years,20-24,69.0,128425.0,53.73
13774,Gonorrhea,280.0,Utah,2009.0,Male,25-29 years,25-29,88.0,119844.0,73.43
13775,Gonorrhea,280.0,Utah,2009.0,Male,30-34 years,30-34,29.0,104900.0,27.65
13776,Gonorrhea,280.0,Utah,2009.0,Male,35-39 years,35-39,17.0,92870.0,18.31
13777,Gonorrhea,280.0,Utah,2009.0,Male,40+ years,40+,38.0,464198.0,8.19
13778,Gonorrhea,280.0,Utah,2010.0,Male,15-19 years,15-19,23.0,111727.0,20.59
13779,Gonorrhea,280.0,Utah,2010.0,Male,20-24 years,20-24,75.0,113607.0,66.02
13780,Gonorrhea,280.0,Utah,2010.0,Male,25-29 years,25-29,49.0,118426.0,41.38
13781,Gonorrhea,280.0,Utah,2010.0,Male,30-34 years,30-34,34.0,110492.0,30.77
13782,Gonorrhea,280.0,Utah,2010.0,Male,35-39 years,35-39,24.0,90812.0,26.43
13783,Gonorrhea,280.0,Utah,2010.0,Male,40+ years,40+,30.0,462881.0,6.48
13784,Gonorrhea,280.0,Utah,2011.0,Male,0-14 years,0-14,1.0,384490.0,0.26
13785,Gonorrhea,280.0,Utah,2011.0,Male,15-19 years,15-19,22.0,111516.0,19.73
13786,Gonorrhea,280.0,Utah,2011.0,Male,20-24 years,20-24,61.0,120475.0,50.63
13787,Gonorrhea,280.0,Utah,2011.0,Male,25-29 years,25-29,54.0,113690.0,47.5
13788,Gonorrhea,280.0,Utah,2011.0,Male,30-34 years,30-34,33.0,114340.0,28.86
13789,Gonorrhea,280.0,Utah,2011.0,Male,35-39 years,35-39,19.0,93067.0,20.42
13790,Gonorrhea,280.0,Utah,2011.0,Male,40+ years,40+,21.0,477929.0,4.39
13791,Gonorrhea,280.0,Utah,2012.0,Male,15-19 years,15-19,38.0,111717.0,34.01
13792,Gonorrhea,280.0,Utah,2012.0,Male,20-24 years,20-24,75.0,122525.0,61.21
13793,Gonorrhea,280.0,Utah,2012.0,Male,25-29 years,25-29,65.0,110818.0,58.65
13794,Gonorrhea,280.0,Utah,2012.0,Male,30-34 years,30-34,60.0,115856.0,51.79
13795,Gonorrhea,280.0,Utah,2012.0,Male,35-39 years,35-39,34.0,97588.0,34.84
13796,Gonorrhea,280.0,Utah,2012.0,Male,40+ years,40+,75.0,490289.0,15.3
13797,Gonorrhea,280.0,Utah,2013.0,Male,0-14 years,0-14,2.0,389710.0,0.51
13798,Gonorrhea,280.0,Utah,2013.0,Male,15-19 years,15-19,38.0,114156.0,33.29
13799,Gonorrhea,280.0,Utah,2013.0,Male,20-24 years,20-24,131.0,125048.0,104.76
13800,Gonorrhea,280.0,Utah,2013.0,Male,25-29 years,25-29,132.0,107529.0,122.76
13801,Gonorrhea,280.0,Utah,2013.0,Male,30-34 years,30-34,100.0,116376.0,85.93
13802,Gonorrhea,280.0,Utah,2013.0,Male,35-39 years,35-39,62.0,102751.0,60.34
13803,Gonorrhea,280.0,Utah,2013.0,Male,40+ years,40+,113.0,503411.0,22.45
13804,Gonorrhea,280.0,Utah,2014.0,Male,15-19 years,15-19,62.0,114156.0,54.31
13805,Gonorrhea,280.0,Utah,2014.0,Male,20-24 years,20-24,230.0,125048.0,183.93
13806,Gonorrhea,280.0,Utah,2014.0,Male,25-29 years,25-29,201.0,107529.0,186.93
13807,Gonorrhea,280.0,Utah,2014.0,Male,30-34 years,30-34,150.0,116376.0,128.89
13808,Gonorrhea,280.0,Utah,2014.0,Male,35-39 years,35-39,97.0,102751.0,94.4
13809,Gonorrhea,280.0,Utah,2014.0,Male,40+ years,40+,136.0,503411.0,27.02
13810,Gonorrhea,280.0,Vermont,1996.0,Male,15-19 years,15-19,2.0,21591.0,9.26
13811,Gonorrhea,280.0,Vermont,1996.0,Male,20-24 years,20-24,7.0,19081.0,36.69
13812,Gonorrhea,280.0,Vermont,1996.0,Male,25-29 years,25-29,7.0,20203.0,34.65
13813,Gonorrhea,280.0,Vermont,1996.0,Male,30-34 years,30-34,1.0,20557.0,4.86
13814,Gonorrhea,280.0,Vermont,1996.0,Male,35-39 years,35-39,3.0,25531.0,11.75
13815,Gonorrhea,280.0,Vermont,1996.0,Male,40+ years,40+,4.0,119345.0,3.35
13816,Gonorrhea,280.0,Vermont,1997.0,Male,15-19 years,15-19,3.0,22256.0,13.48
13817,Gonorrhea,280.0,Vermont,1997.0,Male,20-24 years,20-24,5.0,18539.0,26.97
13818,Gonorrhea,280.0,Vermont,1997.0,Male,25-29 years,25-29,3.0,20188.0,14.86
13819,Gonorrhea,280.0,Vermont,1997.0,Male,30-34 years,30-34,5.0,19725.0,25.35
13820,Gonorrhea,280.0,Vermont,1997.0,Male,35-39 years,35-39,2.0,25302.0,7.9
13821,Gonorrhea,280.0,Vermont,1997.0,Male,40+ years,40+,3.0,123034.0,2.44
13822,Gonorrhea,280.0,Vermont,1998.0,Male,15-19 years,15-19,1.0,22897.0,4.37
13823,Gonorrhea,280.0,Vermont,1998.0,Male,20-24 years,20-24,5.0,18654.0,26.8
13824,Gonorrhea,280.0,Vermont,1998.0,Male,25-29 years,25-29,3.0,19283.0,15.56
13825,Gonorrhea,280.0,Vermont,1998.0,Male,30-34 years,30-34,1.0,19335.0,5.17
13826,Gonorrhea,280.0,Vermont,1998.0,Male,35-39 years,35-39,3.0,24815.0,12.09
13827,Gonorrhea,280.0,Vermont,1998.0,Male,40+ years,40+,3.0,126481.0,2.37
13828,Gonorrhea,280.0,Vermont,1999.0,Male,15-19 years,15-19,3.0,23278.0,12.89
13829,Gonorrhea,280.0,Vermont,1999.0,Male,20-24 years,20-24,8.0,19048.0,42.0
13830,Gonorrhea,280.0,Vermont,1999.0,Male,25-29 years,25-29,2.0,17972.0,11.13
13831,Gonorrhea,280.0,Vermont,1999.0,Male,30-34 years,30-34,6.0,19453.0,30.84
13832,Gonorrhea,280.0,Vermont,1999.0,Male,35-39 years,35-39,5.0,24429.0,20.47
13833,Gonorrhea,280.0,Vermont,1999.0,Male,40+ years,40+,6.0,129982.0,4.62
13834,Gonorrhea,280.0,Vermont,2000.0,Male,15-19 years,15-19,10.0,23363.0,42.8
13835,Gonorrhea,280.0,Vermont,2000.0,Male,20-24 years,20-24,9.0,20015.0,44.97
13836,Gonorrhea,280.0,Vermont,2000.0,Male,25-29 years,25-29,4.0,16983.0,23.55
13837,Gonorrhea,280.0,Vermont,2000.0,Male,30-34 years,30-34,6.0,19862.0,30.21
13838,Gonorrhea,280.0,Vermont,2000.0,Male,35-39 years,35-39,1.0,24124.0,4.15
13839,Gonorrhea,280.0,Vermont,2000.0,Male,40+ years,40+,2.0,134455.0,1.49
13840,Gonorrhea,280.0,Vermont,2001.0,Male,15-19 years,15-19,4.0,23029.0,17.37
13841,Gonorrhea,280.0,Vermont,2001.0,Male,20-24 years,20-24,11.0,21741.0,50.6
13842,Gonorrhea,280.0,Vermont,2001.0,Male,25-29 years,25-29,9.0,16460.0,54.68
13843,Gonorrhea,280.0,Vermont,2001.0,Male,30-34 years,30-34,6.0,19614.0,30.59
13844,Gonorrhea,280.0,Vermont,2001.0,Male,35-39 years,35-39,2.0,23486.0,8.52
13845,Gonorrhea,280.0,Vermont,2001.0,Male,40+ years,40+,2.0,137288.0,1.46
13846,Gonorrhea,280.0,Vermont,2002.0,Male,15-19 years,15-19,8.0,23173.0,34.52
13847,Gonorrhea,280.0,Vermont,2002.0,Male,20-24 years,20-24,12.0,22736.0,52.78
13848,Gonorrhea,280.0,Vermont,2002.0,Male,25-29 years,25-29,10.0,16465.0,60.73
13849,Gonorrhea,280.0,Vermont,2002.0,Male,30-34 years,30-34,4.0,19427.0,20.59
13850,Gonorrhea,280.0,Vermont,2002.0,Male,35-39 years,35-39,3.0,22742.0,13.19
13851,Gonorrhea,280.0,Vermont,2002.0,Male,40+ years,40+,5.0,139914.0,3.57
13852,Gonorrhea,280.0,Vermont,2003.0,Male,15-19 years,15-19,5.0,23588.0,21.2
13853,Gonorrhea,280.0,Vermont,2003.0,Male,20-24 years,20-24,10.0,23447.0,42.65
13854,Gonorrhea,280.0,Vermont,2003.0,Male,25-29 years,25-29,6.0,16813.0,35.69
13855,Gonorrhea,280.0,Vermont,2003.0,Male,30-34 years,30-34,9.0,18488.0,48.68
13856,Gonorrhea,280.0,Vermont,2003.0,Male,35-39 years,35-39,8.0,21568.0,37.09
13857,Gonorrhea,280.0,Vermont,2003.0,Male,40+ years,40+,11.0,143634.0,7.66
13858,Gonorrhea,280.0,Vermont,2004.0,Male,15-19 years,15-19,2.0,23535.0,8.5
13859,Gonorrhea,280.0,Vermont,2004.0,Male,20-24 years,20-24,7.0,22617.0,30.95
13860,Gonorrhea,280.0,Vermont,2004.0,Male,25-29 years,25-29,12.0,17404.0,68.95
13861,Gonorrhea,280.0,Vermont,2004.0,Male,30-34 years,30-34,2.0,17614.0,11.35
13862,Gonorrhea,280.0,Vermont,2004.0,Male,35-39 years,35-39,4.0,20764.0,19.26
13863,Gonorrhea,280.0,Vermont,2004.0,Male,40+ years,40+,6.0,148612.0,4.04
13864,Gonorrhea,280.0,Vermont,2005.0,Male,15-19 years,15-19,2.0,23597.0,8.48
13865,Gonorrhea,280.0,Vermont,2005.0,Male,20-24 years,20-24,12.0,23148.0,51.84
13866,Gonorrhea,280.0,Vermont,2005.0,Male,25-29 years,25-29,4.0,19474.0,20.54
13867,Gonorrhea,280.0,Vermont,2005.0,Male,30-34 years,30-34,6.0,16977.0,35.34
13868,Gonorrhea,280.0,Vermont,2005.0,Male,35-39 years,35-39,3.0,20448.0,14.67
13869,Gonorrhea,280.0,Vermont,2005.0,Male,40+ years,40+,7.0,149036.0,4.7
13870,Gonorrhea,280.0,Vermont,2006.0,Male,15-19 years,15-19,3.0,23641.0,12.69
13871,Gonorrhea,280.0,Vermont,2006.0,Male,20-24 years,20-24,9.0,22280.0,40.4
13872,Gonorrhea,280.0,Vermont,2006.0,Male,25-29 years,25-29,7.0,18878.0,37.08
13873,Gonorrhea,280.0,Vermont,2006.0,Male,30-34 years,30-34,4.0,17405.0,22.98
13874,Gonorrhea,280.0,Vermont,2006.0,Male,35-39 years,35-39,3.0,20361.0,14.73
13875,Gonorrhea,280.0,Vermont,2006.0,Male,40+ years,40+,7.0,149953.0,4.67
13876,Gonorrhea,280.0,Vermont,2007.0,Male,15-19 years,15-19,5.0,23402.0,21.37
13877,Gonorrhea,280.0,Vermont,2007.0,Male,20-24 years,20-24,11.0,21565.0,51.01
13878,Gonorrhea,280.0,Vermont,2007.0,Male,25-29 years,25-29,9.0,18431.0,48.83
13879,Gonorrhea,280.0,Vermont,2007.0,Male,30-34 years,30-34,1.0,17066.0,5.86
13880,Gonorrhea,280.0,Vermont,2007.0,Male,35-39 years,35-39,2.0,20069.0,9.97
13881,Gonorrhea,280.0,Vermont,2007.0,Male,40+ years,40+,6.0,151466.0,3.96
13882,Gonorrhea,280.0,Vermont,2008.0,Male,20-24 years,20-24,7.0,21697.0,32.26
13883,Gonorrhea,280.0,Vermont,2008.0,Male,25-29 years,25-29,2.0,18498.0,10.81
13884,Gonorrhea,280.0,Vermont,2008.0,Male,30-34 years,30-34,1.0,17057.0,5.86
13885,Gonorrhea,280.0,Vermont,2008.0,Male,35-39 years,35-39,4.0,19635.0,20.37
13886,Gonorrhea,280.0,Vermont,2008.0,Male,40+ years,40+,4.0,152785.0,2.62
13887,Gonorrhea,280.0,Vermont,2009.0,Male,15-19 years,15-19,3.0,23456.0,12.79
13888,Gonorrhea,280.0,Vermont,2009.0,Male,20-24 years,20-24,4.0,24446.0,16.36
13889,Gonorrhea,280.0,Vermont,2009.0,Male,25-29 years,25-29,6.0,18557.0,32.33
13890,Gonorrhea,280.0,Vermont,2009.0,Male,30-34 years,30-34,3.0,16369.0,18.33
13891,Gonorrhea,280.0,Vermont,2009.0,Male,35-39 years,35-39,2.0,18443.0,10.84
13892,Gonorrhea,280.0,Vermont,2009.0,Male,40+ years,40+,3.0,152698.0,1.96
13893,Gonorrhea,280.0,Vermont,2010.0,Male,15-19 years,15-19,3.0,23659.0,12.68
13894,Gonorrhea,280.0,Vermont,2010.0,Male,20-24 years,20-24,16.0,22682.0,70.54
13895,Gonorrhea,280.0,Vermont,2010.0,Male,25-29 years,25-29,3.0,17713.0,16.94
13896,Gonorrhea,280.0,Vermont,2010.0,Male,30-34 years,30-34,2.0,16908.0,11.83
13897,Gonorrhea,280.0,Vermont,2010.0,Male,35-39 years,35-39,4.0,17982.0,22.24
13898,Gonorrhea,280.0,Vermont,2010.0,Male,40+ years,40+,5.0,155718.0,3.21
13899,Gonorrhea,280.0,Vermont,2011.0,Male,15-19 years,15-19,2.0,23558.0,8.49
13900,Gonorrhea,280.0,Vermont,2011.0,Male,20-24 years,20-24,8.0,22988.0,34.8
13901,Gonorrhea,280.0,Vermont,2011.0,Male,25-29 years,25-29,4.0,17815.0,22.45
13902,Gonorrhea,280.0,Vermont,2011.0,Male,30-34 years,30-34,4.0,17320.0,23.09
13903,Gonorrhea,280.0,Vermont,2011.0,Male,35-39 years,35-39,2.0,17146.0,11.66
13904,Gonorrhea,280.0,Vermont,2011.0,Male,40+ years,40+,4.0,157627.0,2.54
13905,Gonorrhea,280.0,Vermont,2012.0,Male,15-19 years,15-19,5.0,23171.0,21.58
13906,Gonorrhea,280.0,Vermont,2012.0,Male,20-24 years,20-24,14.0,22992.0,60.89
13907,Gonorrhea,280.0,Vermont,2012.0,Male,25-29 years,25-29,10.0,17897.0,55.88
13908,Gonorrhea,280.0,Vermont,2012.0,Male,30-34 years,30-34,2.0,17598.0,11.36
13909,Gonorrhea,280.0,Vermont,2012.0,Male,35-39 years,35-39,4.0,16928.0,23.63
13910,Gonorrhea,280.0,Vermont,2012.0,Male,40+ years,40+,10.0,158346.0,6.32
13911,Gonorrhea,280.0,Vermont,2013.0,Male,15-19 years,15-19,5.0,22767.0,21.96
13912,Gonorrhea,280.0,Vermont,2013.0,Male,20-24 years,20-24,15.0,23530.0,63.75
13913,Gonorrhea,280.0,Vermont,2013.0,Male,25-29 years,25-29,11.0,18181.0,60.5
13914,Gonorrhea,280.0,Vermont,2013.0,Male,30-34 years,30-34,9.0,17846.0,50.43
13915,Gonorrhea,280.0,Vermont,2013.0,Male,35-39 years,35-39,5.0,16824.0,29.72
13916,Gonorrhea,280.0,Vermont,2013.0,Male,40+ years,40+,6.0,158579.0,3.78
13917,Gonorrhea,280.0,Vermont,2014.0,Male,15-19 years,15-19,5.0,22767.0,21.96
13918,Gonorrhea,280.0,Vermont,2014.0,Male,20-24 years,20-24,16.0,23530.0,68.0
13919,Gonorrhea,280.0,Vermont,2014.0,Male,25-29 years,25-29,17.0,18181.0,93.5
13920,Gonorrhea,280.0,Vermont,2014.0,Male,30-34 years,30-34,7.0,17846.0,39.22
13921,Gonorrhea,280.0,Vermont,2014.0,Male,35-39 years,35-39,1.0,16824.0,5.94
13922,Gonorrhea,280.0,Vermont,2014.0,Male,40+ years,40+,3.0,158579.0,1.89
13923,Gonorrhea,280.0,Virginia,1996.0,Male,0-14 years,0-14,18.0,712791.0,2.53
13924,Gonorrhea,280.0,Virginia,1996.0,Male,15-19 years,15-19,917.0,230194.0,398.36
13925,Gonorrhea,280.0,Virginia,1996.0,Male,20-24 years,20-24,1424.0,240682.0,591.65
13926,Gonorrhea,280.0,Virginia,1996.0,Male,25-29 years,25-29,782.0,265274.0,294.79
13927,Gonorrhea,280.0,Virginia,1996.0,Male,30-34 years,30-34,616.0,294293.0,209.31
13928,Gonorrhea,280.0,Virginia,1996.0,Male,35-39 years,35-39,398.0,296723.0,134.13
13929,Gonorrhea,280.0,Virginia,1996.0,Male,40+ years,40+,533.0,1267943.0,42.04
13930,Gonorrhea,280.0,Virginia,1996.0,Male,Unknown,99,101.0,,
13931,Gonorrhea,280.0,Virginia,1997.0,Male,0-14 years,0-14,30.0,718812.0,4.17
13932,Gonorrhea,280.0,Virginia,1997.0,Male,15-19 years,15-19,921.0,235826.0,390.54
13933,Gonorrhea,280.0,Virginia,1997.0,Male,20-24 years,20-24,1416.0,237588.0,595.99
13934,Gonorrhea,280.0,Virginia,1997.0,Male,25-29 years,25-29,813.0,262758.0,309.41
13935,Gonorrhea,280.0,Virginia,1997.0,Male,30-34 years,30-34,477.0,286634.0,166.41
13936,Gonorrhea,280.0,Virginia,1997.0,Male,35-39 years,35-39,360.0,298819.0,120.47
13937,Gonorrhea,280.0,Virginia,1997.0,Male,40+ years,40+,573.0,1304188.0,43.94
13938,Gonorrhea,280.0,Virginia,1998.0,Male,0-14 years,0-14,28.0,728321.0,3.84
13939,Gonorrhea,280.0,Virginia,1998.0,Male,15-19 years,15-19,998.0,241148.0,413.85
13940,Gonorrhea,280.0,Virginia,1998.0,Male,20-24 years,20-24,1423.0,237897.0,598.16
13941,Gonorrhea,280.0,Virginia,1998.0,Male,25-29 years,25-29,810.0,258212.0,313.7
13942,Gonorrhea,280.0,Virginia,1998.0,Male,30-34 years,30-34,485.0,277116.0,175.02
13943,Gonorrhea,280.0,Virginia,1998.0,Male,35-39 years,35-39,413.0,299814.0,137.75
13944,Gonorrhea,280.0,Virginia,1998.0,Male,40+ years,40+,518.0,1337136.0,38.74
13945,Gonorrhea,280.0,Virginia,1998.0,Male,Unknown,99,45.0,,
13946,Gonorrhea,280.0,Virginia,1999.0,Male,0-14 years,0-14,16.0,735785.0,2.17
13947,Gonorrhea,280.0,Virginia,1999.0,Male,15-19 years,15-19,896.0,245429.0,365.07
13948,Gonorrhea,280.0,Virginia,1999.0,Male,20-24 years,20-24,1458.0,243571.0,598.59
13949,Gonorrhea,280.0,Virginia,1999.0,Male,25-29 years,25-29,894.0,254441.0,351.36
13950,Gonorrhea,280.0,Virginia,1999.0,Male,30-34 years,30-34,538.0,271589.0,198.09
13951,Gonorrhea,280.0,Virginia,1999.0,Male,35-39 years,35-39,445.0,303024.0,146.85
13952,Gonorrhea,280.0,Virginia,1999.0,Male,40+ years,40+,538.0,1376652.0,39.08
13953,Gonorrhea,280.0,Virginia,1999.0,Male,Unknown,99,47.0,,
13954,Gonorrhea,280.0,Virginia,2000.0,Male,0-14 years,0-14,23.0,746630.0,3.08
13955,Gonorrhea,280.0,Virginia,2000.0,Male,15-19 years,15-19,1057.0,249307.0,423.98
13956,Gonorrhea,280.0,Virginia,2000.0,Male,20-24 years,20-24,1572.0,251706.0,624.54
13957,Gonorrhea,280.0,Virginia,2000.0,Male,25-29 years,25-29,953.0,249774.0,381.55
13958,Gonorrhea,280.0,Virginia,2000.0,Male,30-34 years,30-34,571.0,270586.0,211.02
13959,Gonorrhea,280.0,Virginia,2000.0,Male,35-39 years,35-39,451.0,302360.0,149.16
13960,Gonorrhea,280.0,Virginia,2000.0,Male,40+ years,40+,635.0,1415638.0,44.86
13961,Gonorrhea,280.0,Virginia,2000.0,Male,Unknown,99,45.0,,
13962,Gonorrhea,280.0,Virginia,2001.0,Male,0-14 years,0-14,34.0,750532.0,4.53
13963,Gonorrhea,280.0,Virginia,2001.0,Male,15-19 years,15-19,1109.0,255180.0,434.6
13964,Gonorrhea,280.0,Virginia,2001.0,Male,20-24 years,20-24,1774.0,258509.0,686.24
13965,Gonorrhea,280.0,Virginia,2001.0,Male,25-29 years,25-29,984.0,245566.0,400.71
13966,Gonorrhea,280.0,Virginia,2001.0,Male,30-34 years,30-34,584.0,272349.0,214.43
13967,Gonorrhea,280.0,Virginia,2001.0,Male,35-39 years,35-39,415.0,298519.0,139.02
13968,Gonorrhea,280.0,Virginia,2001.0,Male,40+ years,40+,628.0,1449760.0,43.32
13969,Gonorrhea,280.0,Virginia,2001.0,Male,Unknown,99,46.0,,
13970,Gonorrhea,280.0,Virginia,2002.0,Male,0-14 years,0-14,26.0,756896.0,3.44
13971,Gonorrhea,280.0,Virginia,2002.0,Male,15-19 years,15-19,916.0,259735.0,352.67
13972,Gonorrhea,280.0,Virginia,2002.0,Male,20-24 years,20-24,1615.0,269646.0,598.93
13973,Gonorrhea,280.0,Virginia,2002.0,Male,25-29 years,25-29,906.0,245682.0,368.77
13974,Gonorrhea,280.0,Virginia,2002.0,Male,30-34 years,30-34,555.0,274619.0,202.1
13975,Gonorrhea,280.0,Virginia,2002.0,Male,35-39 years,35-39,421.0,293148.0,143.61
13976,Gonorrhea,280.0,Virginia,2002.0,Male,40+ years,40+,553.0,1481023.0,37.34
13977,Gonorrhea,280.0,Virginia,2002.0,Male,Unknown,99,25.0,,
13978,Gonorrhea,280.0,Virginia,2003.0,Male,0-14 years,0-14,13.0,764187.0,1.7
13979,Gonorrhea,280.0,Virginia,2003.0,Male,15-19 years,15-19,753.0,263623.0,285.63
13980,Gonorrhea,280.0,Virginia,2003.0,Male,20-24 years,20-24,1377.0,279062.0,493.44
13981,Gonorrhea,280.0,Virginia,2003.0,Male,25-29 years,25-29,814.0,245612.0,331.42
13982,Gonorrhea,280.0,Virginia,2003.0,Male,30-34 years,30-34,437.0,267350.0,163.46
13983,Gonorrhea,280.0,Virginia,2003.0,Male,35-39 years,35-39,312.0,284075.0,109.83
13984,Gonorrhea,280.0,Virginia,2003.0,Male,40+ years,40+,525.0,1527749.0,34.36
13985,Gonorrhea,280.0,Virginia,2003.0,Male,Unknown,99,6.0,,
13986,Gonorrhea,280.0,Virginia,2004.0,Male,0-14 years,0-14,12.0,765184.0,1.57
13987,Gonorrhea,280.0,Virginia,2004.0,Male,15-19 years,15-19,688.0,267752.0,256.95
13988,Gonorrhea,280.0,Virginia,2004.0,Male,20-24 years,20-24,1223.0,284320.0,430.15
13989,Gonorrhea,280.0,Virginia,2004.0,Male,25-29 years,25-29,737.0,250630.0,294.06
13990,Gonorrhea,280.0,Virginia,2004.0,Male,30-34 years,30-34,424.0,262300.0,161.65
13991,Gonorrhea,280.0,Virginia,2004.0,Male,35-39 years,35-39,288.0,277284.0,103.86
13992,Gonorrhea,280.0,Virginia,2004.0,Male,40+ years,40+,523.0,1563963.0,33.44
13993,Gonorrhea,280.0,Virginia,2004.0,Male,Unknown,99,9.0,,
13994,Gonorrhea,280.0,Virginia,2005.0,Male,0-14 years,0-14,18.0,770720.0,2.34
13995,Gonorrhea,280.0,Virginia,2005.0,Male,15-19 years,15-19,719.0,272171.0,264.17
13996,Gonorrhea,280.0,Virginia,2005.0,Male,20-24 years,20-24,1329.0,289785.0,458.62
13997,Gonorrhea,280.0,Virginia,2005.0,Male,25-29 years,25-29,707.0,256540.0,275.59
13998,Gonorrhea,280.0,Virginia,2005.0,Male,30-34 years,30-34,347.0,255899.0,135.6
13999,Gonorrhea,280.0,Virginia,2005.0,Male,35-39 years,35-39,259.0,275567.0,93.99
14000,Gonorrhea,280.0,Virginia,2005.0,Male,40+ years,40+,555.0,1602683.0,34.63
14001,Gonorrhea,280.0,Virginia,2005.0,Male,Unknown,99,5.0,,
14002,Gonorrhea,280.0,Virginia,2006.0,Male,0-14 years,0-14,20.0,761921.0,2.62
14003,Gonorrhea,280.0,Virginia,2006.0,Male,15-19 years,15-19,577.0,269599.0,214.02
14004,Gonorrhea,280.0,Virginia,2006.0,Male,20-24 years,20-24,1057.0,281376.0,375.65
14005,Gonorrhea,280.0,Virginia,2006.0,Male,25-29 years,25-29,617.0,267207.0,230.91
14006,Gonorrhea,280.0,Virginia,2006.0,Male,30-34 years,30-34,296.0,260432.0,113.66
14007,Gonorrhea,280.0,Virginia,2006.0,Male,35-39 years,35-39,236.0,284488.0,82.96
14008,Gonorrhea,280.0,Virginia,2006.0,Male,40+ years,40+,384.0,1631748.0,23.53
14009,Gonorrhea,280.0,Virginia,2007.0,Male,0-14 years,0-14,11.0,770256.0,1.43
14010,Gonorrhea,280.0,Virginia,2007.0,Male,15-19 years,15-19,574.0,270467.0,212.23
14011,Gonorrhea,280.0,Virginia,2007.0,Male,20-24 years,20-24,1007.0,285820.0,352.32
14012,Gonorrhea,280.0,Virginia,2007.0,Male,25-29 years,25-29,540.0,277086.0,194.88
14013,Gonorrhea,280.0,Virginia,2007.0,Male,30-34 years,30-34,257.0,257443.0,99.83
14014,Gonorrhea,280.0,Virginia,2007.0,Male,35-39 years,35-39,168.0,283954.0,59.16
14015,Gonorrhea,280.0,Virginia,2007.0,Male,40+ years,40+,336.0,1640013.0,20.49
14016,Gonorrhea,280.0,Virginia,2007.0,Male,Unknown,99,2.0,,
14017,Gonorrhea,280.0,Virginia,2008.0,Male,0-14 years,0-14,25.0,771088.0,3.24
14018,Gonorrhea,280.0,Virginia,2008.0,Male,15-19 years,15-19,871.0,272584.0,319.54
14019,Gonorrhea,280.0,Virginia,2008.0,Male,20-24 years,20-24,1521.0,286559.0,530.78
14020,Gonorrhea,280.0,Virginia,2008.0,Male,25-29 years,25-29,890.0,284156.0,313.21
14021,Gonorrhea,280.0,Virginia,2008.0,Male,30-34 years,30-34,413.0,258082.0,160.03
14022,Gonorrhea,280.0,Virginia,2008.0,Male,35-39 years,35-39,253.0,282341.0,89.61
14023,Gonorrhea,280.0,Virginia,2008.0,Male,40+ years,40+,483.0,1662232.0,29.06
14024,Gonorrhea,280.0,Virginia,2008.0,Male,Unknown,99,21.0,,
14025,Gonorrhea,280.0,Virginia,2009.0,Male,0-14 years,0-14,10.0,784686.0,1.27
14026,Gonorrhea,280.0,Virginia,2009.0,Male,15-19 years,15-19,700.0,276661.0,253.02
14027,Gonorrhea,280.0,Virginia,2009.0,Male,20-24 years,20-24,1249.0,304382.0,410.34
14028,Gonorrhea,280.0,Virginia,2009.0,Male,25-29 years,25-29,637.0,294827.0,216.06
14029,Gonorrhea,280.0,Virginia,2009.0,Male,30-34 years,30-34,328.0,258883.0,126.7
14030,Gonorrhea,280.0,Virginia,2009.0,Male,35-39 years,35-39,195.0,274474.0,71.05
14031,Gonorrhea,280.0,Virginia,2009.0,Male,40+ years,40+,340.0,1680952.0,20.23
14032,Gonorrhea,280.0,Virginia,2009.0,Male,Unknown,99,6.0,,
14033,Gonorrhea,280.0,Virginia,2010.0,Male,0-14 years,0-14,7.0,782280.0,0.89
14034,Gonorrhea,280.0,Virginia,2010.0,Male,15-19 years,15-19,635.0,281502.0,225.58
14035,Gonorrhea,280.0,Virginia,2010.0,Male,20-24 years,20-24,1117.0,294041.0,379.88
14036,Gonorrhea,280.0,Virginia,2010.0,Male,25-29 years,25-29,628.0,283970.0,221.15
14037,Gonorrhea,280.0,Virginia,2010.0,Male,30-34 years,30-34,337.0,261654.0,128.8
14038,Gonorrhea,280.0,Virginia,2010.0,Male,35-39 years,35-39,180.0,268137.0,67.13
14039,Gonorrhea,280.0,Virginia,2010.0,Male,40+ years,40+,340.0,1754399.0,19.38
14040,Gonorrhea,280.0,Virginia,2010.0,Male,Unknown,99,4.0,,
14041,Gonorrhea,280.0,Virginia,2011.0,Male,0-14 years,0-14,8.0,785291.0,1.02
14042,Gonorrhea,280.0,Virginia,2011.0,Male,15-19 years,15-19,516.0,278413.0,185.34
14043,Gonorrhea,280.0,Virginia,2011.0,Male,20-24 years,20-24,1075.0,301085.0,357.04
14044,Gonorrhea,280.0,Virginia,2011.0,Male,25-29 years,25-29,543.0,289839.0,187.34
14045,Gonorrhea,280.0,Virginia,2011.0,Male,30-34 years,30-34,294.0,272260.0,107.98
14046,Gonorrhea,280.0,Virginia,2011.0,Male,35-39 years,35-39,136.0,259812.0,52.35
14047,Gonorrhea,280.0,Virginia,2011.0,Male,40+ years,40+,240.0,1789465.0,13.41
14048,Gonorrhea,280.0,Virginia,2011.0,Male,Unknown,99,2.0,,
14049,Gonorrhea,280.0,Virginia,2012.0,Male,0-14 years,0-14,8.0,788280.0,1.01
14050,Gonorrhea,280.0,Virginia,2012.0,Male,15-19 years,15-19,495.0,276548.0,178.99
14051,Gonorrhea,280.0,Virginia,2012.0,Male,20-24 years,20-24,1164.0,305394.0,381.15
14052,Gonorrhea,280.0,Virginia,2012.0,Male,25-29 years,25-29,665.0,294725.0,225.63
14053,Gonorrhea,280.0,Virginia,2012.0,Male,30-34 years,30-34,308.0,281314.0,109.49
14054,Gonorrhea,280.0,Virginia,2012.0,Male,35-39 years,35-39,181.0,259296.0,69.8
14055,Gonorrhea,280.0,Virginia,2012.0,Male,40+ years,40+,323.0,1815968.0,17.79
14056,Gonorrhea,280.0,Virginia,2012.0,Male,Unknown,99,1.0,,
14057,Gonorrhea,280.0,Virginia,2013.0,Male,0-14 years,0-14,4.0,793352.0,0.5
14058,Gonorrhea,280.0,Virginia,2013.0,Male,15-19 years,15-19,481.0,273415.0,175.92
14059,Gonorrhea,280.0,Virginia,2013.0,Male,20-24 years,20-24,1139.0,310835.0,366.43
14060,Gonorrhea,280.0,Virginia,2013.0,Male,25-29 years,25-29,746.0,298231.0,250.14
14061,Gonorrhea,280.0,Virginia,2013.0,Male,30-34 years,30-34,367.0,288847.0,127.06
14062,Gonorrhea,280.0,Virginia,2013.0,Male,35-39 years,35-39,186.0,262322.0,70.91
14063,Gonorrhea,280.0,Virginia,2013.0,Male,40+ years,40+,341.0,1835200.0,18.58
14064,Gonorrhea,280.0,Virginia,2013.0,Male,Unknown,99,8.0,,
14065,Gonorrhea,280.0,Virginia,2014.0,Male,0-14 years,0-14,5.0,793352.0,0.63
14066,Gonorrhea,280.0,Virginia,2014.0,Male,15-19 years,15-19,556.0,273415.0,203.35
14067,Gonorrhea,280.0,Virginia,2014.0,Male,20-24 years,20-24,1372.0,310835.0,441.39
14068,Gonorrhea,280.0,Virginia,2014.0,Male,25-29 years,25-29,847.0,298231.0,284.01
14069,Gonorrhea,280.0,Virginia,2014.0,Male,30-34 years,30-34,467.0,288847.0,161.68
14070,Gonorrhea,280.0,Virginia,2014.0,Male,35-39 years,35-39,218.0,262322.0,83.1
14071,Gonorrhea,280.0,Virginia,2014.0,Male,40+ years,40+,413.0,1835200.0,22.5
14072,Gonorrhea,280.0,Virginia,2014.0,Male,Unknown,99,1.0,,
14073,Gonorrhea,280.0,Washington,1996.0,Male,0-14 years,0-14,42.0,620384.0,6.77
14074,Gonorrhea,280.0,Washington,1996.0,Male,15-19 years,15-19,135.0,200538.0,67.32
14075,Gonorrhea,280.0,Washington,1996.0,Male,20-24 years,20-24,308.0,181094.0,170.08
14076,Gonorrhea,280.0,Washington,1996.0,Male,25-29 years,25-29,224.0,203878.0,109.87
14077,Gonorrhea,280.0,Washington,1996.0,Male,30-34 years,30-34,167.0,237608.0,70.28
14078,Gonorrhea,280.0,Washington,1996.0,Male,35-39 years,35-39,89.0,249523.0,35.67
14079,Gonorrhea,280.0,Washington,1996.0,Male,40+ years,40+,126.0,1077244.0,11.7
14080,Gonorrhea,280.0,Washington,1997.0,Male,0-14 years,0-14,3.0,627485.0,0.48
14081,Gonorrhea,280.0,Washington,1997.0,Male,15-19 years,15-19,135.0,208404.0,64.78
14082,Gonorrhea,280.0,Washington,1997.0,Male,20-24 years,20-24,236.0,185724.0,127.07
14083,Gonorrhea,280.0,Washington,1997.0,Male,25-29 years,25-29,192.0,206008.0,93.2
14084,Gonorrhea,280.0,Washington,1997.0,Male,30-34 years,30-34,162.0,232611.0,69.64
14085,Gonorrhea,280.0,Washington,1997.0,Male,35-39 years,35-39,122.0,250792.0,48.65
14086,Gonorrhea,280.0,Washington,1997.0,Male,40+ years,40+,117.0,1112656.0,10.52
14087,Gonorrhea,280.0,Washington,1997.0,Male,Unknown,99,24.0,,
14088,Gonorrhea,280.0,Washington,1998.0,Male,0-14 years,0-14,2.0,635627.0,0.31
14089,Gonorrhea,280.0,Washington,1998.0,Male,15-19 years,15-19,114.0,215181.0,52.98
14090,Gonorrhea,280.0,Washington,1998.0,Male,20-24 years,20-24,209.0,190051.0,109.97
14091,Gonorrhea,280.0,Washington,1998.0,Male,25-29 years,25-29,288.0,206412.0,139.53
14092,Gonorrhea,280.0,Washington,1998.0,Male,30-34 years,30-34,180.0,227195.0,79.23
14093,Gonorrhea,280.0,Washington,1998.0,Male,35-39 years,35-39,135.0,250072.0,53.98
14094,Gonorrhea,280.0,Washington,1998.0,Male,40+ years,40+,132.0,1145451.0,11.52
14095,Gonorrhea,280.0,Washington,1998.0,Male,Unknown,99,25.0,,
14096,Gonorrhea,280.0,Washington,1999.0,Male,0-14 years,0-14,4.0,641149.0,0.62
14097,Gonorrhea,280.0,Washington,1999.0,Male,15-19 years,15-19,122.0,218772.0,55.77
14098,Gonorrhea,280.0,Washington,1999.0,Male,20-24 years,20-24,261.0,196007.0,133.16
14099,Gonorrhea,280.0,Washington,1999.0,Male,25-29 years,25-29,248.0,206230.0,120.25
14100,Gonorrhea,280.0,Washington,1999.0,Male,30-34 years,30-34,178.0,223757.0,79.55
14101,Gonorrhea,280.0,Washington,1999.0,Male,35-39 years,35-39,135.0,247606.0,54.52
14102,Gonorrhea,280.0,Washington,1999.0,Male,40+ years,40+,154.0,1174142.0,13.12
14103,Gonorrhea,280.0,Washington,1999.0,Male,Unknown,99,21.0,,
14104,Gonorrhea,280.0,Washington,2000.0,Male,0-14 years,0-14,4.0,642679.0,0.62
14105,Gonorrhea,280.0,Washington,2000.0,Male,15-19 years,15-19,139.0,221012.0,62.89
14106,Gonorrhea,280.0,Washington,2000.0,Male,20-24 years,20-24,302.0,202656.0,149.02
14107,Gonorrhea,280.0,Washington,2000.0,Male,25-29 years,25-29,216.0,205668.0,105.02
14108,Gonorrhea,280.0,Washington,2000.0,Male,30-34 years,30-34,230.0,224981.0,102.23
14109,Gonorrhea,280.0,Washington,2000.0,Male,35-39 years,35-39,184.0,243077.0,75.7
14110,Gonorrhea,280.0,Washington,2000.0,Male,40+ years,40+,253.0,1203396.0,21.02
14111,Gonorrhea,280.0,Washington,2000.0,Male,Unknown,99,12.0,,
14112,Gonorrhea,280.0,Washington,2001.0,Male,0-14 years,0-14,4.0,640459.0,0.62
14113,Gonorrhea,280.0,Washington,2001.0,Male,15-19 years,15-19,169.0,225155.0,75.06
14114,Gonorrhea,280.0,Washington,2001.0,Male,20-24 years,20-24,448.0,209029.0,214.32
14115,Gonorrhea,280.0,Washington,2001.0,Male,25-29 years,25-29,283.0,203506.0,139.06
14116,Gonorrhea,280.0,Washington,2001.0,Male,30-34 years,30-34,254.0,230825.0,110.04
14117,Gonorrhea,280.0,Washington,2001.0,Male,35-39 years,35-39,234.0,240538.0,97.28
14118,Gonorrhea,280.0,Washington,2001.0,Male,40+ years,40+,281.0,1234837.0,22.76
14119,Gonorrhea,280.0,Washington,2001.0,Male,Unknown,99,17.0,,
14120,Gonorrhea,280.0,Washington,2002.0,Male,0-14 years,0-14,1.0,641127.0,0.16
14121,Gonorrhea,280.0,Washington,2002.0,Male,15-19 years,15-19,182.0,226761.0,80.26
14122,Gonorrhea,280.0,Washington,2002.0,Male,20-24 years,20-24,429.0,215145.0,199.4
14123,Gonorrhea,280.0,Washington,2002.0,Male,25-29 years,25-29,288.0,202990.0,141.88
14124,Gonorrhea,280.0,Washington,2002.0,Male,30-34 years,30-34,290.0,234418.0,123.71
14125,Gonorrhea,280.0,Washington,2002.0,Male,35-39 years,35-39,227.0,236557.0,95.96
14126,Gonorrhea,280.0,Washington,2002.0,Male,40+ years,40+,301.0,1266058.0,23.77
14127,Gonorrhea,280.0,Washington,2002.0,Male,Unknown,99,10.0,,
14128,Gonorrhea,280.0,Washington,2003.0,Male,15-19 years,15-19,120.0,226947.0,52.88
14129,Gonorrhea,280.0,Washington,2003.0,Male,20-24 years,20-24,339.0,228693.0,148.23
14130,Gonorrhea,280.0,Washington,2003.0,Male,25-29 years,25-29,290.0,207296.0,139.9
14131,Gonorrhea,280.0,Washington,2003.0,Male,30-34 years,30-34,258.0,230507.0,111.93
14132,Gonorrhea,280.0,Washington,2003.0,Male,35-39 years,35-39,224.0,232382.0,96.39
14133,Gonorrhea,280.0,Washington,2003.0,Male,40+ years,40+,344.0,1297925.0,26.5
14134,Gonorrhea,280.0,Washington,2003.0,Male,Unknown,99,11.0,,
14135,Gonorrhea,280.0,Washington,2004.0,Male,0-14 years,0-14,8.0,627420.0,1.28
14136,Gonorrhea,280.0,Washington,2004.0,Male,15-19 years,15-19,127.0,228219.0,55.65
14137,Gonorrhea,280.0,Washington,2004.0,Male,20-24 years,20-24,375.0,236283.0,158.71
14138,Gonorrhea,280.0,Washington,2004.0,Male,25-29 years,25-29,254.0,212856.0,119.33
14139,Gonorrhea,280.0,Washington,2004.0,Male,30-34 years,30-34,231.0,227265.0,101.64
14140,Gonorrhea,280.0,Washington,2004.0,Male,35-39 years,35-39,228.0,232399.0,98.11
14141,Gonorrhea,280.0,Washington,2004.0,Male,40+ years,40+,352.0,1330029.0,26.47
14142,Gonorrhea,280.0,Washington,2004.0,Male,Unknown,99,6.0,,
14143,Gonorrhea,280.0,Washington,2005.0,Male,0-14 years,0-14,2.0,624037.0,0.32
14144,Gonorrhea,280.0,Washington,2005.0,Male,15-19 years,15-19,190.0,230290.0,82.5
14145,Gonorrhea,280.0,Washington,2005.0,Male,20-24 years,20-24,508.0,243496.0,208.63
14146,Gonorrhea,280.0,Washington,2005.0,Male,25-29 years,25-29,398.0,220266.0,180.69
14147,Gonorrhea,280.0,Washington,2005.0,Male,30-34 years,30-34,270.0,223168.0,120.98
14148,Gonorrhea,280.0,Washington,2005.0,Male,35-39 years,35-39,266.0,236205.0,112.61
14149,Gonorrhea,280.0,Washington,2005.0,Male,40+ years,40+,467.0,1361517.0,34.3
14150,Gonorrhea,280.0,Washington,2005.0,Male,Unknown,99,16.0,,
14151,Gonorrhea,280.0,Washington,2006.0,Male,0-14 years,0-14,4.0,641541.0,0.62
14152,Gonorrhea,280.0,Washington,2006.0,Male,15-19 years,15-19,223.0,227299.0,98.11
14153,Gonorrhea,280.0,Washington,2006.0,Male,20-24 years,20-24,533.0,231185.0,230.55
14154,Gonorrhea,280.0,Washington,2006.0,Male,25-29 years,25-29,452.0,236634.0,191.01
14155,Gonorrhea,280.0,Washington,2006.0,Male,30-34 years,30-34,290.0,219440.0,132.16
14156,Gonorrhea,280.0,Washington,2006.0,Male,35-39 years,35-39,249.0,236554.0,105.26
14157,Gonorrhea,280.0,Washington,2006.0,Male,40+ years,40+,522.0,1396977.0,37.37
14158,Gonorrhea,280.0,Washington,2006.0,Male,Unknown,99,20.0,,
14159,Gonorrhea,280.0,Washington,2007.0,Male,0-14 years,0-14,7.0,644838.0,1.09
14160,Gonorrhea,280.0,Washington,2007.0,Male,15-19 years,15-19,238.0,227632.0,104.56
14161,Gonorrhea,280.0,Washington,2007.0,Male,20-24 years,20-24,433.0,225778.0,191.78
14162,Gonorrhea,280.0,Washington,2007.0,Male,25-29 years,25-29,380.0,243285.0,156.19
14163,Gonorrhea,280.0,Washington,2007.0,Male,30-34 years,30-34,225.0,218719.0,102.87
14164,Gonorrhea,280.0,Washington,2007.0,Male,35-39 years,35-39,189.0,238054.0,79.39
14165,Gonorrhea,280.0,Washington,2007.0,Male,40+ years,40+,302.0,1424620.0,21.2
14166,Gonorrhea,280.0,Washington,2007.0,Male,Unknown,99,21.0,,
14167,Gonorrhea,280.0,Washington,2008.0,Male,0-14 years,0-14,5.0,649198.0,0.77
14168,Gonorrhea,280.0,Washington,2008.0,Male,15-19 years,15-19,176.0,228322.0,77.08
14169,Gonorrhea,280.0,Washington,2008.0,Male,20-24 years,20-24,436.0,231321.0,188.48
14170,Gonorrhea,280.0,Washington,2008.0,Male,25-29 years,25-29,320.0,251426.0,127.27
14171,Gonorrhea,280.0,Washington,2008.0,Male,30-34 years,30-34,183.0,224162.0,81.64
14172,Gonorrhea,280.0,Washington,2008.0,Male,35-39 years,35-39,162.0,236208.0,68.58
14173,Gonorrhea,280.0,Washington,2008.0,Male,40+ years,40+,313.0,1449288.0,21.6
14174,Gonorrhea,280.0,Washington,2008.0,Male,Unknown,99,5.0,,
14175,Gonorrhea,280.0,Washington,2009.0,Male,0-14 years,0-14,4.0,664840.0,0.6
14176,Gonorrhea,280.0,Washington,2009.0,Male,15-19 years,15-19,104.0,230108.0,45.2
14177,Gonorrhea,280.0,Washington,2009.0,Male,20-24 years,20-24,385.0,244970.0,157.16
14178,Gonorrhea,280.0,Washington,2009.0,Male,25-29 years,25-29,295.0,259929.0,113.49
14179,Gonorrhea,280.0,Washington,2009.0,Male,30-34 years,30-34,155.0,227201.0,68.22
14180,Gonorrhea,280.0,Washington,2009.0,Male,35-39 years,35-39,127.0,230874.0,55.01
14181,Gonorrhea,280.0,Washington,2009.0,Male,40+ years,40+,264.0,1471031.0,17.95
14182,Gonorrhea,280.0,Washington,2010.0,Male,0-14 years,0-14,3.0,669507.0,0.45
14183,Gonorrhea,280.0,Washington,2010.0,Male,15-19 years,15-19,128.0,237577.0,53.88
14184,Gonorrhea,280.0,Washington,2010.0,Male,20-24 years,20-24,403.0,238131.0,169.24
14185,Gonorrhea,280.0,Washington,2010.0,Male,25-29 years,25-29,353.0,245014.0,144.07
14186,Gonorrhea,280.0,Washington,2010.0,Male,30-34 years,30-34,287.0,229863.0,124.86
14187,Gonorrhea,280.0,Washington,2010.0,Male,35-39 years,35-39,166.0,226850.0,73.18
14188,Gonorrhea,280.0,Washington,2010.0,Male,40+ years,40+,478.0,1502765.0,31.81
14189,Gonorrhea,280.0,Washington,2011.0,Male,0-14 years,0-14,2.0,672608.0,0.3
14190,Gonorrhea,280.0,Washington,2011.0,Male,15-19 years,15-19,119.0,231343.0,51.44
14191,Gonorrhea,280.0,Washington,2011.0,Male,20-24 years,20-24,402.0,252277.0,159.35
14192,Gonorrhea,280.0,Washington,2011.0,Male,25-29 years,25-29,381.0,252927.0,150.64
14193,Gonorrhea,280.0,Washington,2011.0,Male,30-34 years,30-34,238.0,239655.0,99.31
14194,Gonorrhea,280.0,Washington,2011.0,Male,35-39 years,35-39,151.0,221931.0,68.04
14195,Gonorrhea,280.0,Washington,2011.0,Male,40+ years,40+,377.0,1538941.0,24.5
14196,Gonorrhea,280.0,Washington,2011.0,Male,Unknown,99,1.0,,
14197,Gonorrhea,280.0,Washington,2012.0,Male,0-14 years,0-14,1.0,675434.0,0.15
14198,Gonorrhea,280.0,Washington,2012.0,Male,15-19 years,15-19,133.0,227038.0,58.58
14199,Gonorrhea,280.0,Washington,2012.0,Male,20-24 years,20-24,502.0,255068.0,196.81
14200,Gonorrhea,280.0,Washington,2012.0,Male,25-29 years,25-29,444.0,253133.0,175.4
14201,Gonorrhea,280.0,Washington,2012.0,Male,30-34 years,30-34,302.0,246229.0,122.65
14202,Gonorrhea,280.0,Washington,2012.0,Male,35-39 years,35-39,213.0,222973.0,95.53
14203,Gonorrhea,280.0,Washington,2012.0,Male,40+ years,40+,411.0,1561675.0,26.32
14204,Gonorrhea,280.0,Washington,2012.0,Male,Unknown,99,2.0,,
14205,Gonorrhea,280.0,Washington,2013.0,Male,0-14 years,0-14,1.0,679650.0,0.15
14206,Gonorrhea,280.0,Washington,2013.0,Male,15-19 years,15-19,154.0,225592.0,68.26
14207,Gonorrhea,280.0,Washington,2013.0,Male,20-24 years,20-24,604.0,257907.0,234.19
14208,Gonorrhea,280.0,Washington,2013.0,Male,25-29 years,25-29,608.0,258128.0,235.54
14209,Gonorrhea,280.0,Washington,2013.0,Male,30-34 years,30-34,450.0,253891.0,177.24
14210,Gonorrhea,280.0,Washington,2013.0,Male,35-39 years,35-39,278.0,227129.0,122.4
14211,Gonorrhea,280.0,Washington,2013.0,Male,40+ years,40+,570.0,1580373.0,36.07
14212,Gonorrhea,280.0,Washington,2014.0,Male,0-14 years,0-14,1.0,679650.0,0.15
14213,Gonorrhea,280.0,Washington,2014.0,Male,15-19 years,15-19,258.0,225592.0,114.37
14214,Gonorrhea,280.0,Washington,2014.0,Male,20-24 years,20-24,860.0,257907.0,333.45
14215,Gonorrhea,280.0,Washington,2014.0,Male,25-29 years,25-29,850.0,258128.0,329.29
14216,Gonorrhea,280.0,Washington,2014.0,Male,30-34 years,30-34,636.0,253891.0,250.5
14217,Gonorrhea,280.0,Washington,2014.0,Male,35-39 years,35-39,377.0,227129.0,165.99
14218,Gonorrhea,280.0,Washington,2014.0,Male,40+ years,40+,735.0,1580373.0,46.51
14219,Gonorrhea,280.0,West Virginia,1996.0,Male,0-14 years,0-14,4.0,174782.0,2.29
14220,Gonorrhea,280.0,West Virginia,1996.0,Male,15-19 years,15-19,77.0,71748.0,107.32
14221,Gonorrhea,280.0,West Virginia,1996.0,Male,20-24 years,20-24,119.0,64001.0,185.94
14222,Gonorrhea,280.0,West Virginia,1996.0,Male,25-29 years,25-29,80.0,56850.0,140.72
14223,Gonorrhea,280.0,West Virginia,1996.0,Male,30-34 years,30-34,55.0,58580.0,93.89
14224,Gonorrhea,280.0,West Virginia,1996.0,Male,35-39 years,35-39,36.0,69872.0,51.52
14225,Gonorrhea,280.0,West Virginia,1996.0,Male,40+ years,40+,24.0,386558.0,6.21
14226,Gonorrhea,280.0,West Virginia,1996.0,Male,Unknown,99,7.0,,
14227,Gonorrhea,280.0,West Virginia,1997.0,Male,0-14 years,0-14,2.0,173096.0,1.16
14228,Gonorrhea,280.0,West Virginia,1997.0,Male,15-19 years,15-19,95.0,70471.0,134.81
14229,Gonorrhea,280.0,West Virginia,1997.0,Male,20-24 years,20-24,154.0,62743.0,245.45
14230,Gonorrhea,280.0,West Virginia,1997.0,Male,25-29 years,25-29,96.0,58055.0,165.36
14231,Gonorrhea,280.0,West Virginia,1997.0,Male,30-34 years,30-34,35.0,57105.0,61.29
14232,Gonorrhea,280.0,West Virginia,1997.0,Male,35-39 years,35-39,27.0,67901.0,39.76
14233,Gonorrhea,280.0,West Virginia,1997.0,Male,40+ years,40+,32.0,392215.0,8.16
14234,Gonorrhea,280.0,West Virginia,1998.0,Male,0-14 years,0-14,2.0,171800.0,1.16
14235,Gonorrhea,280.0,West Virginia,1998.0,Male,15-19 years,15-19,76.0,68878.0,110.34
14236,Gonorrhea,280.0,West Virginia,1998.0,Male,20-24 years,20-24,117.0,62046.0,188.57
14237,Gonorrhea,280.0,West Virginia,1998.0,Male,25-29 years,25-29,57.0,58277.0,97.81
14238,Gonorrhea,280.0,West Virginia,1998.0,Male,30-34 years,30-34,46.0,56327.0,81.67
14239,Gonorrhea,280.0,West Virginia,1998.0,Male,35-39 years,35-39,23.0,65960.0,34.87
14240,Gonorrhea,280.0,West Virginia,1998.0,Male,40+ years,40+,49.0,397297.0,12.33
14241,Gonorrhea,280.0,West Virginia,1999.0,Male,15-19 years,15-19,43.0,66483.0,64.68
14242,Gonorrhea,280.0,West Virginia,1999.0,Male,20-24 years,20-24,74.0,61462.0,120.4
14243,Gonorrhea,280.0,West Virginia,1999.0,Male,25-29 years,25-29,47.0,57723.0,81.42
14244,Gonorrhea,280.0,West Virginia,1999.0,Male,30-34 years,30-34,26.0,56534.0,45.99
14245,Gonorrhea,280.0,West Virginia,1999.0,Male,35-39 years,35-39,17.0,64505.0,26.35
14246,Gonorrhea,280.0,West Virginia,1999.0,Male,40+ years,40+,20.0,403052.0,4.96
14247,Gonorrhea,280.0,West Virginia,2000.0,Male,0-14 years,0-14,1.0,167584.0,0.6
14248,Gonorrhea,280.0,West Virginia,2000.0,Male,15-19 years,15-19,53.0,63951.0,82.88
14249,Gonorrhea,280.0,West Virginia,2000.0,Male,20-24 years,20-24,103.0,61390.0,167.78
14250,Gonorrhea,280.0,West Virginia,2000.0,Male,25-29 years,25-29,45.0,56469.0,79.69
14251,Gonorrhea,280.0,West Virginia,2000.0,Male,30-34 years,30-34,20.0,57663.0,34.68
14252,Gonorrhea,280.0,West Virginia,2000.0,Male,35-39 years,35-39,15.0,63030.0,23.8
14253,Gonorrhea,280.0,West Virginia,2000.0,Male,40+ years,40+,32.0,408725.0,7.83
14254,Gonorrhea,280.0,West Virginia,2001.0,Male,0-14 years,0-14,1.0,165158.0,0.61
14255,Gonorrhea,280.0,West Virginia,2001.0,Male,15-19 years,15-19,64.0,62245.0,102.82
14256,Gonorrhea,280.0,West Virginia,2001.0,Male,20-24 years,20-24,107.0,63325.0,168.97
14257,Gonorrhea,280.0,West Virginia,2001.0,Male,25-29 years,25-29,53.0,54833.0,96.66
14258,Gonorrhea,280.0,West Virginia,2001.0,Male,30-34 years,30-34,32.0,57516.0,55.64
14259,Gonorrhea,280.0,West Virginia,2001.0,Male,35-39 years,35-39,24.0,61517.0,39.01
14260,Gonorrhea,280.0,West Virginia,2001.0,Male,40+ years,40+,32.0,411522.0,7.78
14261,Gonorrhea,280.0,West Virginia,2002.0,Male,0-14 years,0-14,2.0,162899.0,1.23
14262,Gonorrhea,280.0,West Virginia,2002.0,Male,15-19 years,15-19,83.0,61268.0,135.47
14263,Gonorrhea,280.0,West Virginia,2002.0,Male,20-24 years,20-24,136.0,63799.0,213.17
14264,Gonorrhea,280.0,West Virginia,2002.0,Male,25-29 years,25-29,71.0,54453.0,130.39
14265,Gonorrhea,280.0,West Virginia,2002.0,Male,30-34 years,30-34,49.0,57827.0,84.74
14266,Gonorrhea,280.0,West Virginia,2002.0,Male,35-39 years,35-39,19.0,60114.0,31.61
14267,Gonorrhea,280.0,West Virginia,2002.0,Male,40+ years,40+,43.0,416643.0,10.32
14268,Gonorrhea,280.0,West Virginia,2002.0,Male,Unknown,99,3.0,,
14269,Gonorrhea,280.0,West Virginia,2003.0,Male,0-14 years,0-14,2.0,164040.0,1.22
14270,Gonorrhea,280.0,West Virginia,2003.0,Male,15-19 years,15-19,47.0,60596.0,77.56
14271,Gonorrhea,280.0,West Virginia,2003.0,Male,20-24 years,20-24,114.0,64737.0,176.1
14272,Gonorrhea,280.0,West Virginia,2003.0,Male,25-29 years,25-29,93.0,55712.0,166.93
14273,Gonorrhea,280.0,West Virginia,2003.0,Male,30-34 years,30-34,45.0,57161.0,78.72
14274,Gonorrhea,280.0,West Virginia,2003.0,Male,35-39 years,35-39,18.0,59174.0,30.42
14275,Gonorrhea,280.0,West Virginia,2003.0,Male,40+ years,40+,61.0,421470.0,14.47
14276,Gonorrhea,280.0,West Virginia,2004.0,Male,0-14 years,0-14,1.0,161227.0,0.62
14277,Gonorrhea,280.0,West Virginia,2004.0,Male,15-19 years,15-19,66.0,59989.0,110.02
14278,Gonorrhea,280.0,West Virginia,2004.0,Male,20-24 years,20-24,142.0,64028.0,221.78
14279,Gonorrhea,280.0,West Virginia,2004.0,Male,25-29 years,25-29,81.0,57679.0,140.43
14280,Gonorrhea,280.0,West Virginia,2004.0,Male,30-34 years,30-34,45.0,56692.0,79.38
14281,Gonorrhea,280.0,West Virginia,2004.0,Male,35-39 years,35-39,31.0,58504.0,52.99
14282,Gonorrhea,280.0,West Virginia,2004.0,Male,40+ years,40+,55.0,429183.0,12.81
14283,Gonorrhea,280.0,West Virginia,2005.0,Male,0-14 years,0-14,1.0,159694.0,0.63
14284,Gonorrhea,280.0,West Virginia,2005.0,Male,15-19 years,15-19,44.0,59837.0,73.53
14285,Gonorrhea,280.0,West Virginia,2005.0,Male,20-24 years,20-24,111.0,62098.0,178.75
14286,Gonorrhea,280.0,West Virginia,2005.0,Male,25-29 years,25-29,67.0,59800.0,112.04
14287,Gonorrhea,280.0,West Virginia,2005.0,Male,30-34 years,30-34,47.0,55706.0,84.37
14288,Gonorrhea,280.0,West Virginia,2005.0,Male,35-39 years,35-39,29.0,58158.0,49.86
14289,Gonorrhea,280.0,West Virginia,2005.0,Male,40+ years,40+,43.0,433948.0,9.91
14290,Gonorrhea,280.0,West Virginia,2005.0,Male,Unknown,99,1.0,,
14291,Gonorrhea,280.0,West Virginia,2006.0,Male,0-14 years,0-14,2.0,162917.0,1.23
14292,Gonorrhea,280.0,West Virginia,2006.0,Male,15-19 years,15-19,59.0,60868.0,96.93
14293,Gonorrhea,280.0,West Virginia,2006.0,Male,20-24 years,20-24,133.0,60110.0,221.26
14294,Gonorrhea,280.0,West Virginia,2006.0,Male,25-29 years,25-29,97.0,62304.0,155.69
14295,Gonorrhea,280.0,West Virginia,2006.0,Male,30-34 years,30-34,63.0,55594.0,113.32
14296,Gonorrhea,280.0,West Virginia,2006.0,Male,35-39 years,35-39,40.0,58825.0,68.0
14297,Gonorrhea,280.0,West Virginia,2006.0,Male,40+ years,40+,71.0,429970.0,16.51
14298,Gonorrhea,280.0,West Virginia,2007.0,Male,15-19 years,15-19,69.0,60261.0,114.5
14299,Gonorrhea,280.0,West Virginia,2007.0,Male,20-24 years,20-24,123.0,57720.0,213.1
14300,Gonorrhea,280.0,West Virginia,2007.0,Male,25-29 years,25-29,91.0,60677.0,149.97
14301,Gonorrhea,280.0,West Virginia,2007.0,Male,30-34 years,30-34,54.0,56158.0,96.16
14302,Gonorrhea,280.0,West Virginia,2007.0,Male,35-39 years,35-39,32.0,59011.0,54.23
14303,Gonorrhea,280.0,West Virginia,2007.0,Male,40+ years,40+,55.0,431234.0,12.75
14304,Gonorrhea,280.0,West Virginia,2007.0,Male,Unknown,99,2.0,,
14305,Gonorrhea,280.0,West Virginia,2008.0,Male,0-14 years,0-14,1.0,162162.0,0.62
14306,Gonorrhea,280.0,West Virginia,2008.0,Male,15-19 years,15-19,59.0,59999.0,98.33
14307,Gonorrhea,280.0,West Virginia,2008.0,Male,20-24 years,20-24,110.0,56699.0,194.01
14308,Gonorrhea,280.0,West Virginia,2008.0,Male,25-29 years,25-29,74.0,59689.0,123.98
14309,Gonorrhea,280.0,West Virginia,2008.0,Male,30-34 years,30-34,22.0,56588.0,38.88
14310,Gonorrhea,280.0,West Virginia,2008.0,Male,35-39 years,35-39,24.0,59104.0,40.61
14311,Gonorrhea,280.0,West Virginia,2008.0,Male,40+ years,40+,31.0,434455.0,7.14
14312,Gonorrhea,280.0,West Virginia,2009.0,Male,15-19 years,15-19,38.0,60880.0,62.42
14313,Gonorrhea,280.0,West Virginia,2009.0,Male,20-24 years,20-24,65.0,61494.0,105.7
14314,Gonorrhea,280.0,West Virginia,2009.0,Male,25-29 years,25-29,45.0,57979.0,77.61
14315,Gonorrhea,280.0,West Virginia,2009.0,Male,30-34 years,30-34,23.0,55696.0,41.3
14316,Gonorrhea,280.0,West Virginia,2009.0,Male,35-39 years,35-39,9.0,57757.0,15.58
14317,Gonorrhea,280.0,West Virginia,2009.0,Male,40+ years,40+,14.0,435548.0,3.21
14318,Gonorrhea,280.0,West Virginia,2010.0,Male,15-19 years,15-19,40.0,61859.0,64.66
14319,Gonorrhea,280.0,West Virginia,2010.0,Male,20-24 years,20-24,91.0,59925.0,151.86
14320,Gonorrhea,280.0,West Virginia,2010.0,Male,25-29 years,25-29,53.0,55073.0,96.24
14321,Gonorrhea,280.0,West Virginia,2010.0,Male,30-34 years,30-34,31.0,56821.0,54.56
14322,Gonorrhea,280.0,West Virginia,2010.0,Male,35-39 years,35-39,11.0,59112.0,18.61
14323,Gonorrhea,280.0,West Virginia,2010.0,Male,40+ years,40+,27.0,457523.0,5.9
14324,Gonorrhea,280.0,West Virginia,2011.0,Male,15-19 years,15-19,36.0,60540.0,59.46
14325,Gonorrhea,280.0,West Virginia,2011.0,Male,20-24 years,20-24,129.0,61957.0,208.21
14326,Gonorrhea,280.0,West Virginia,2011.0,Male,25-29 years,25-29,51.0,54324.0,93.88
14327,Gonorrhea,280.0,West Virginia,2011.0,Male,30-34 years,30-34,53.0,57503.0,92.17
14328,Gonorrhea,280.0,West Virginia,2011.0,Male,35-39 years,35-39,25.0,57074.0,43.8
14329,Gonorrhea,280.0,West Virginia,2011.0,Male,40+ years,40+,34.0,461397.0,7.37
14330,Gonorrhea,280.0,West Virginia,2011.0,Male,Unknown,99,1.0,,
14331,Gonorrhea,280.0,West Virginia,2012.0,Male,0-14 years,0-14,1.0,162515.0,0.62
14332,Gonorrhea,280.0,West Virginia,2012.0,Male,15-19 years,15-19,45.0,58593.0,76.8
14333,Gonorrhea,280.0,West Virginia,2012.0,Male,20-24 years,20-24,151.0,63029.0,239.57
14334,Gonorrhea,280.0,West Virginia,2012.0,Male,25-29 years,25-29,72.0,54391.0,132.38
14335,Gonorrhea,280.0,West Virginia,2012.0,Male,30-34 years,30-34,44.0,57342.0,76.73
14336,Gonorrhea,280.0,West Virginia,2012.0,Male,35-39 years,35-39,26.0,56181.0,46.28
14337,Gonorrhea,280.0,West Virginia,2012.0,Male,40+ years,40+,54.0,463354.0,11.65
14338,Gonorrhea,280.0,West Virginia,2013.0,Male,0-14 years,0-14,1.0,161553.0,0.62
14339,Gonorrhea,280.0,West Virginia,2013.0,Male,15-19 years,15-19,54.0,57955.0,93.18
14340,Gonorrhea,280.0,West Virginia,2013.0,Male,20-24 years,20-24,169.0,63670.0,265.43
14341,Gonorrhea,280.0,West Virginia,2013.0,Male,25-29 years,25-29,106.0,54527.0,194.4
14342,Gonorrhea,280.0,West Virginia,2013.0,Male,30-34 years,30-34,70.0,57149.0,122.49
14343,Gonorrhea,280.0,West Virginia,2013.0,Male,35-39 years,35-39,42.0,55877.0,75.17
14344,Gonorrhea,280.0,West Virginia,2013.0,Male,40+ years,40+,82.0,464845.0,17.64
14345,Gonorrhea,280.0,West Virginia,2014.0,Male,0-14 years,0-14,2.0,161553.0,1.24
14346,Gonorrhea,280.0,West Virginia,2014.0,Male,15-19 years,15-19,38.0,57955.0,65.57
14347,Gonorrhea,280.0,West Virginia,2014.0,Male,20-24 years,20-24,127.0,63670.0,199.47
14348,Gonorrhea,280.0,West Virginia,2014.0,Male,25-29 years,25-29,81.0,54527.0,148.55
14349,Gonorrhea,280.0,West Virginia,2014.0,Male,30-34 years,30-34,54.0,57149.0,94.49
14350,Gonorrhea,280.0,West Virginia,2014.0,Male,35-39 years,35-39,21.0,55877.0,37.58
14351,Gonorrhea,280.0,West Virginia,2014.0,Male,40+ years,40+,57.0,464845.0,12.26
14352,Gonorrhea,280.0,Wisconsin,1996.0,Male,0-14 years,0-14,26.0,571806.0,4.55
14353,Gonorrhea,280.0,Wisconsin,1996.0,Male,15-19 years,15-19,565.0,198820.0,284.18
14354,Gonorrhea,280.0,Wisconsin,1996.0,Male,20-24 years,20-24,628.0,170800.0,367.68
14355,Gonorrhea,280.0,Wisconsin,1996.0,Male,25-29 years,25-29,367.0,183535.0,199.96
14356,Gonorrhea,280.0,Wisconsin,1996.0,Male,30-34 years,30-34,241.0,203914.0,118.19
14357,Gonorrhea,280.0,Wisconsin,1996.0,Male,35-39 years,35-39,195.0,225968.0,86.3
14358,Gonorrhea,280.0,Wisconsin,1996.0,Male,40+ years,40+,221.0,1018584.0,21.7
14359,Gonorrhea,280.0,Wisconsin,1996.0,Male,Unknown,99,17.0,,
14360,Gonorrhea,280.0,Wisconsin,1997.0,Male,0-14 years,0-14,20.0,572044.0,3.5
14361,Gonorrhea,280.0,Wisconsin,1997.0,Male,15-19 years,15-19,414.0,203797.0,203.14
14362,Gonorrhea,280.0,Wisconsin,1997.0,Male,20-24 years,20-24,546.0,171788.0,317.83
14363,Gonorrhea,280.0,Wisconsin,1997.0,Male,25-29 years,25-29,349.0,180632.0,193.21
14364,Gonorrhea,280.0,Wisconsin,1997.0,Male,30-34 years,30-34,246.0,197729.0,124.41
14365,Gonorrhea,280.0,Wisconsin,1997.0,Male,35-39 years,35-39,190.0,225701.0,84.18
14366,Gonorrhea,280.0,Wisconsin,1997.0,Male,40+ years,40+,262.0,1041563.0,25.15
14367,Gonorrhea,280.0,Wisconsin,1997.0,Male,Unknown,99,5.0,,
14368,Gonorrhea,280.0,Wisconsin,1998.0,Male,0-14 years,0-14,41.0,573099.0,7.15
14369,Gonorrhea,280.0,Wisconsin,1998.0,Male,15-19 years,15-19,606.0,207574.0,291.94
14370,Gonorrhea,280.0,Wisconsin,1998.0,Male,20-24 years,20-24,679.0,174778.0,388.49
14371,Gonorrhea,280.0,Wisconsin,1998.0,Male,25-29 years,25-29,417.0,176236.0,236.62
14372,Gonorrhea,280.0,Wisconsin,1998.0,Male,30-34 years,30-34,288.0,192431.0,149.66
14373,Gonorrhea,280.0,Wisconsin,1998.0,Male,35-39 years,35-39,257.0,223362.0,115.06
14374,Gonorrhea,280.0,Wisconsin,1998.0,Male,40+ years,40+,333.0,1062921.0,31.33
14375,Gonorrhea,280.0,Wisconsin,1998.0,Male,Unknown,99,1.0,,
14376,Gonorrhea,280.0,Wisconsin,1999.0,Male,0-14 years,0-14,29.0,575462.0,5.04
14377,Gonorrhea,280.0,Wisconsin,1999.0,Male,15-19 years,15-19,644.0,208764.0,308.48
14378,Gonorrhea,280.0,Wisconsin,1999.0,Male,20-24 years,20-24,741.0,178876.0,414.25
14379,Gonorrhea,280.0,Wisconsin,1999.0,Male,25-29 years,25-29,446.0,172128.0,259.11
14380,Gonorrhea,280.0,Wisconsin,1999.0,Male,30-34 years,30-34,298.0,189086.0,157.6
14381,Gonorrhea,280.0,Wisconsin,1999.0,Male,35-39 years,35-39,267.0,220730.0,120.96
14382,Gonorrhea,280.0,Wisconsin,1999.0,Male,40+ years,40+,393.0,1086095.0,36.18
14383,Gonorrhea,280.0,Wisconsin,1999.0,Male,Unknown,99,9.0,,
14384,Gonorrhea,280.0,Wisconsin,2000.0,Male,0-14 years,0-14,27.0,572602.0,4.72
14385,Gonorrhea,280.0,Wisconsin,2000.0,Male,15-19 years,15-19,680.0,208585.0,326.01
14386,Gonorrhea,280.0,Wisconsin,2000.0,Male,20-24 years,20-24,786.0,185246.0,424.3
14387,Gonorrhea,280.0,Wisconsin,2000.0,Male,25-29 years,25-29,468.0,169059.0,276.83
14388,Gonorrhea,280.0,Wisconsin,2000.0,Male,30-34 years,30-34,292.0,188598.0,154.83
14389,Gonorrhea,280.0,Wisconsin,2000.0,Male,35-39 years,35-39,237.0,216750.0,109.34
14390,Gonorrhea,280.0,Wisconsin,2000.0,Male,40+ years,40+,327.0,1113932.0,29.36
14391,Gonorrhea,280.0,Wisconsin,2001.0,Male,0-14 years,0-14,24.0,567311.0,4.23
14392,Gonorrhea,280.0,Wisconsin,2001.0,Male,15-19 years,15-19,543.0,208367.0,260.6
14393,Gonorrhea,280.0,Wisconsin,2001.0,Male,20-24 years,20-24,640.0,193285.0,331.12
14394,Gonorrhea,280.0,Wisconsin,2001.0,Male,25-29 years,25-29,400.0,166520.0,240.21
14395,Gonorrhea,280.0,Wisconsin,2001.0,Male,30-34 years,30-34,261.0,186747.0,139.76
14396,Gonorrhea,280.0,Wisconsin,2001.0,Male,35-39 years,35-39,164.0,211932.0,77.38
14397,Gonorrhea,280.0,Wisconsin,2001.0,Male,40+ years,40+,290.0,1137424.0,25.5
14398,Gonorrhea,280.0,Wisconsin,2002.0,Male,0-14 years,0-14,18.0,559678.0,3.22
14399,Gonorrhea,280.0,Wisconsin,2002.0,Male,15-19 years,15-19,633.0,208790.0,303.18
14400,Gonorrhea,280.0,Wisconsin,2002.0,Male,20-24 years,20-24,759.0,200468.0,378.61
14401,Gonorrhea,280.0,Wisconsin,2002.0,Male,25-29 years,25-29,424.0,167916.0,252.51
14402,Gonorrhea,280.0,Wisconsin,2002.0,Male,30-34 years,30-34,290.0,185169.0,156.61
14403,Gonorrhea,280.0,Wisconsin,2002.0,Male,35-39 years,35-39,176.0,206928.0,85.05
14404,Gonorrhea,280.0,Wisconsin,2002.0,Male,40+ years,40+,312.0,1160808.0,26.88
14405,Gonorrhea,280.0,Wisconsin,2003.0,Male,0-14 years,0-14,8.0,557908.0,1.43
14406,Gonorrhea,280.0,Wisconsin,2003.0,Male,15-19 years,15-19,606.0,208566.0,290.56
14407,Gonorrhea,280.0,Wisconsin,2003.0,Male,20-24 years,20-24,712.0,205338.0,346.75
14408,Gonorrhea,280.0,Wisconsin,2003.0,Male,25-29 years,25-29,375.0,171856.0,218.21
14409,Gonorrhea,280.0,Wisconsin,2003.0,Male,30-34 years,30-34,210.0,179179.0,117.2
14410,Gonorrhea,280.0,Wisconsin,2003.0,Male,35-39 years,35-39,173.0,199974.0,86.51
14411,Gonorrhea,280.0,Wisconsin,2003.0,Male,40+ years,40+,257.0,1184743.0,21.69
14412,Gonorrhea,280.0,Wisconsin,2004.0,Male,0-14 years,0-14,17.0,546745.0,3.11
14413,Gonorrhea,280.0,Wisconsin,2004.0,Male,15-19 years,15-19,529.0,208337.0,253.92
14414,Gonorrhea,280.0,Wisconsin,2004.0,Male,20-24 years,20-24,630.0,208352.0,302.37
14415,Gonorrhea,280.0,Wisconsin,2004.0,Male,25-29 years,25-29,341.0,179571.0,189.9
14416,Gonorrhea,280.0,Wisconsin,2004.0,Male,30-34 years,30-34,186.0,176463.0,105.41
14417,Gonorrhea,280.0,Wisconsin,2004.0,Male,35-39 years,35-39,142.0,195983.0,72.46
14418,Gonorrhea,280.0,Wisconsin,2004.0,Male,40+ years,40+,242.0,1211541.0,19.97
14419,Gonorrhea,280.0,Wisconsin,2005.0,Male,0-14 years,0-14,19.0,540093.0,3.52
14420,Gonorrhea,280.0,Wisconsin,2005.0,Male,15-19 years,15-19,628.0,207690.0,302.37
14421,Gonorrhea,280.0,Wisconsin,2005.0,Male,20-24 years,20-24,708.0,208214.0,340.04
14422,Gonorrhea,280.0,Wisconsin,2005.0,Male,25-29 years,25-29,397.0,186973.0,212.33
14423,Gonorrhea,280.0,Wisconsin,2005.0,Male,30-34 years,30-34,244.0,172526.0,141.43
14424,Gonorrhea,280.0,Wisconsin,2005.0,Male,35-39 years,35-39,154.0,193440.0,79.61
14425,Gonorrhea,280.0,Wisconsin,2005.0,Male,40+ years,40+,281.0,1232919.0,22.79
14426,Gonorrhea,280.0,Wisconsin,2006.0,Male,0-14 years,0-14,23.0,546537.0,4.21
14427,Gonorrhea,280.0,Wisconsin,2006.0,Male,15-19 years,15-19,678.0,206351.0,328.57
14428,Gonorrhea,280.0,Wisconsin,2006.0,Male,20-24 years,20-24,830.0,207310.0,400.37
14429,Gonorrhea,280.0,Wisconsin,2006.0,Male,25-29 years,25-29,501.0,191945.0,261.01
14430,Gonorrhea,280.0,Wisconsin,2006.0,Male,30-34 years,30-34,271.0,171635.0,157.89
14431,Gonorrhea,280.0,Wisconsin,2006.0,Male,35-39 years,35-39,201.0,191910.0,104.74
14432,Gonorrhea,280.0,Wisconsin,2006.0,Male,40+ years,40+,365.0,1245254.0,29.31
14433,Gonorrhea,280.0,Wisconsin,2006.0,Male,Unknown,99,1.0,,
14434,Gonorrhea,280.0,Wisconsin,2007.0,Male,0-14 years,0-14,13.0,551229.0,2.36
14435,Gonorrhea,280.0,Wisconsin,2007.0,Male,15-19 years,15-19,704.0,205671.0,342.29
14436,Gonorrhea,280.0,Wisconsin,2007.0,Male,20-24 years,20-24,749.0,200807.0,373.0
14437,Gonorrhea,280.0,Wisconsin,2007.0,Male,25-29 years,25-29,490.0,195852.0,250.19
14438,Gonorrhea,280.0,Wisconsin,2007.0,Male,30-34 years,30-34,253.0,171659.0,147.38
14439,Gonorrhea,280.0,Wisconsin,2007.0,Male,35-39 years,35-39,189.0,189530.0,99.72
14440,Gonorrhea,280.0,Wisconsin,2007.0,Male,40+ years,40+,275.0,1269422.0,21.66
14441,Gonorrhea,280.0,Wisconsin,2008.0,Male,0-14 years,0-14,16.0,550302.0,2.91
14442,Gonorrhea,280.0,Wisconsin,2008.0,Male,15-19 years,15-19,604.0,204682.0,295.09
14443,Gonorrhea,280.0,Wisconsin,2008.0,Male,20-24 years,20-24,729.0,199896.0,364.69
14444,Gonorrhea,280.0,Wisconsin,2008.0,Male,25-29 years,25-29,437.0,197716.0,221.02
14445,Gonorrhea,280.0,Wisconsin,2008.0,Male,30-34 years,30-34,230.0,173972.0,132.21
14446,Gonorrhea,280.0,Wisconsin,2008.0,Male,35-39 years,35-39,133.0,185525.0,71.69
14447,Gonorrhea,280.0,Wisconsin,2008.0,Male,40+ years,40+,176.0,1285556.0,13.69
14448,Gonorrhea,280.0,Wisconsin,2008.0,Male,Unknown,99,7.0,,
14449,Gonorrhea,280.0,Wisconsin,2009.0,Male,0-14 years,0-14,13.0,550600.0,2.36
14450,Gonorrhea,280.0,Wisconsin,2009.0,Male,15-19 years,15-19,483.0,206999.0,233.33
14451,Gonorrhea,280.0,Wisconsin,2009.0,Male,20-24 years,20-24,707.0,212199.0,333.18
14452,Gonorrhea,280.0,Wisconsin,2009.0,Male,25-29 years,25-29,376.0,192646.0,195.18
14453,Gonorrhea,280.0,Wisconsin,2009.0,Male,30-34 years,30-34,188.0,171888.0,109.37
14454,Gonorrhea,280.0,Wisconsin,2009.0,Male,35-39 years,35-39,107.0,179258.0,59.69
14455,Gonorrhea,280.0,Wisconsin,2009.0,Male,40+ years,40+,182.0,1295476.0,14.05
14456,Gonorrhea,280.0,Wisconsin,2009.0,Male,Unknown,99,5.0,,
14457,Gonorrhea,280.0,Wisconsin,2010.0,Male,0-14 years,0-14,10.0,563909.0,1.77
14458,Gonorrhea,280.0,Wisconsin,2010.0,Male,15-19 years,15-19,482.0,204803.0,235.35
14459,Gonorrhea,280.0,Wisconsin,2010.0,Male,20-24 years,20-24,679.0,196897.0,344.85
14460,Gonorrhea,280.0,Wisconsin,2010.0,Male,25-29 years,25-29,323.0,189349.0,170.58
14461,Gonorrhea,280.0,Wisconsin,2010.0,Male,30-34 years,30-34,174.0,178120.0,97.69
14462,Gonorrhea,280.0,Wisconsin,2010.0,Male,35-39 years,35-39,94.0,174619.0,53.83
14463,Gonorrhea,280.0,Wisconsin,2010.0,Male,40+ years,40+,160.0,1314703.0,12.17
14464,Gonorrhea,280.0,Wisconsin,2010.0,Male,Unknown,99,4.0,,
14465,Gonorrhea,280.0,Wisconsin,2011.0,Male,0-14 years,0-14,9.0,559776.0,1.61
14466,Gonorrhea,280.0,Wisconsin,2011.0,Male,15-19 years,15-19,469.0,204123.0,229.76
14467,Gonorrhea,280.0,Wisconsin,2011.0,Male,20-24 years,20-24,629.0,198230.0,317.31
14468,Gonorrhea,280.0,Wisconsin,2011.0,Male,25-29 years,25-29,330.0,188531.0,175.04
14469,Gonorrhea,280.0,Wisconsin,2011.0,Male,30-34 years,30-34,148.0,183627.0,80.6
14470,Gonorrhea,280.0,Wisconsin,2011.0,Male,35-39 years,35-39,99.0,168412.0,58.78
14471,Gonorrhea,280.0,Wisconsin,2011.0,Male,40+ years,40+,192.0,1333393.0,14.4
14472,Gonorrhea,280.0,Wisconsin,2011.0,Male,Unknown,99,4.0,,
14473,Gonorrhea,280.0,Wisconsin,2012.0,Male,0-14 years,0-14,13.0,557621.0,2.33
14474,Gonorrhea,280.0,Wisconsin,2012.0,Male,15-19 years,15-19,415.0,199426.0,208.1
14475,Gonorrhea,280.0,Wisconsin,2012.0,Male,20-24 years,20-24,625.0,199232.0,313.7
14476,Gonorrhea,280.0,Wisconsin,2012.0,Male,25-29 years,25-29,412.0,187094.0,220.21
14477,Gonorrhea,280.0,Wisconsin,2012.0,Male,30-34 years,30-34,229.0,186699.0,122.66
14478,Gonorrhea,280.0,Wisconsin,2012.0,Male,35-39 years,35-39,134.0,167724.0,79.89
14479,Gonorrhea,280.0,Wisconsin,2012.0,Male,40+ years,40+,236.0,1345276.0,17.54
14480,Gonorrhea,280.0,Wisconsin,2013.0,Male,0-14 years,0-14,14.0,553701.0,2.53
14481,Gonorrhea,280.0,Wisconsin,2013.0,Male,15-19 years,15-19,361.0,196628.0,183.59
14482,Gonorrhea,280.0,Wisconsin,2013.0,Male,20-24 years,20-24,701.0,203040.0,345.25
14483,Gonorrhea,280.0,Wisconsin,2013.0,Male,25-29 years,25-29,447.0,183790.0,243.21
14484,Gonorrhea,280.0,Wisconsin,2013.0,Male,30-34 years,30-34,239.0,188753.0,126.62
14485,Gonorrhea,280.0,Wisconsin,2013.0,Male,35-39 years,35-39,128.0,170384.0,75.12
14486,Gonorrhea,280.0,Wisconsin,2013.0,Male,40+ years,40+,250.0,1355864.0,18.44
14487,Gonorrhea,280.0,Wisconsin,2014.0,Male,0-14 years,0-14,6.0,553701.0,1.08
14488,Gonorrhea,280.0,Wisconsin,2014.0,Male,15-19 years,15-19,375.0,196628.0,190.72
14489,Gonorrhea,280.0,Wisconsin,2014.0,Male,20-24 years,20-24,666.0,203040.0,328.01
14490,Gonorrhea,280.0,Wisconsin,2014.0,Male,25-29 years,25-29,433.0,183790.0,235.59
14491,Gonorrhea,280.0,Wisconsin,2014.0,Male,30-34 years,30-34,225.0,188753.0,119.2
14492,Gonorrhea,280.0,Wisconsin,2014.0,Male,35-39 years,35-39,124.0,170384.0,72.78
14493,Gonorrhea,280.0,Wisconsin,2014.0,Male,40+ years,40+,198.0,1355864.0,14.6
14494,Gonorrhea,280.0,Wyoming,1996.0,Male,15-19 years,15-19,3.0,21838.0,13.74
14495,Gonorrhea,280.0,Wyoming,1996.0,Male,20-24 years,20-24,4.0,16960.0,23.58
14496,Gonorrhea,280.0,Wyoming,1996.0,Male,25-29 years,25-29,3.0,14000.0,21.43
14497,Gonorrhea,280.0,Wyoming,1996.0,Male,30-34 years,30-34,2.0,16971.0,11.78
14498,Gonorrhea,280.0,Wyoming,1996.0,Male,35-39 years,35-39,1.0,21612.0,4.63
14499,Gonorrhea,280.0,Wyoming,1996.0,Male,40+ years,40+,1.0,97573.0,1.02
14500,Gonorrhea,280.0,Wyoming,1996.0,Male,Unknown,99,2.0,,
14501,Gonorrhea,280.0,Wyoming,1997.0,Male,15-19 years,15-19,7.0,22138.0,31.62
14502,Gonorrhea,280.0,Wyoming,1997.0,Male,20-24 years,20-24,8.0,17054.0,46.91
14503,Gonorrhea,280.0,Wyoming,1997.0,Male,25-29 years,25-29,2.0,14410.0,13.88
14504,Gonorrhea,280.0,Wyoming,1997.0,Male,30-34 years,30-34,2.0,15956.0,12.53
14505,Gonorrhea,280.0,Wyoming,1997.0,Male,35-39 years,35-39,4.0,20747.0,19.28
14506,Gonorrhea,280.0,Wyoming,1997.0,Male,40+ years,40+,1.0,100215.0,1.0
14507,Gonorrhea,280.0,Wyoming,1998.0,Male,15-19 years,15-19,2.0,22307.0,8.97
14508,Gonorrhea,280.0,Wyoming,1998.0,Male,20-24 years,20-24,5.0,17598.0,28.41
14509,Gonorrhea,280.0,Wyoming,1998.0,Male,25-29 years,25-29,2.0,15082.0,13.26
14510,Gonorrhea,280.0,Wyoming,1998.0,Male,30-34 years,30-34,2.0,15400.0,12.99
14511,Gonorrhea,280.0,Wyoming,1998.0,Male,35-39 years,35-39,1.0,19878.0,5.03
14512,Gonorrhea,280.0,Wyoming,1998.0,Male,40+ years,40+,1.0,102238.0,0.98
14513,Gonorrhea,280.0,Wyoming,1999.0,Male,15-19 years,15-19,6.0,22115.0,27.13
14514,Gonorrhea,280.0,Wyoming,1999.0,Male,20-24 years,20-24,6.0,17331.0,34.62
14515,Gonorrhea,280.0,Wyoming,1999.0,Male,25-29 years,25-29,1.0,15293.0,6.54
14516,Gonorrhea,280.0,Wyoming,1999.0,Male,30-34 years,30-34,2.0,14997.0,13.34
14517,Gonorrhea,280.0,Wyoming,1999.0,Male,40+ years,40+,2.0,104808.0,1.91
14518,Gonorrhea,280.0,Wyoming,2000.0,Male,15-19 years,15-19,3.0,21684.0,13.84
14519,Gonorrhea,280.0,Wyoming,2000.0,Male,20-24 years,20-24,6.0,17895.0,33.53
14520,Gonorrhea,280.0,Wyoming,2000.0,Male,25-29 years,25-29,2.0,15613.0,12.81
14521,Gonorrhea,280.0,Wyoming,2000.0,Male,30-34 years,30-34,3.0,15290.0,19.62
14522,Gonorrhea,280.0,Wyoming,2000.0,Male,35-39 years,35-39,5.0,17882.0,27.96
14523,Gonorrhea,280.0,Wyoming,2000.0,Male,40+ years,40+,3.0,108259.0,2.77
14524,Gonorrhea,280.0,Wyoming,2001.0,Male,15-19 years,15-19,4.0,21455.0,18.64
14525,Gonorrhea,280.0,Wyoming,2001.0,Male,20-24 years,20-24,12.0,18779.0,63.9
14526,Gonorrhea,280.0,Wyoming,2001.0,Male,25-29 years,25-29,8.0,15302.0,52.28
14527,Gonorrhea,280.0,Wyoming,2001.0,Male,30-34 years,30-34,4.0,15284.0,26.17
14528,Gonorrhea,280.0,Wyoming,2001.0,Male,35-39 years,35-39,3.0,16817.0,17.84
14529,Gonorrhea,280.0,Wyoming,2001.0,Male,40+ years,40+,3.0,109692.0,2.73
14530,Gonorrhea,280.0,Wyoming,2002.0,Male,15-19 years,15-19,4.0,21219.0,18.85
14531,Gonorrhea,280.0,Wyoming,2002.0,Male,20-24 years,20-24,8.0,19513.0,41.0
14532,Gonorrhea,280.0,Wyoming,2002.0,Male,25-29 years,25-29,4.0,15319.0,26.11
14533,Gonorrhea,280.0,Wyoming,2002.0,Male,30-34 years,30-34,5.0,15406.0,32.45
14534,Gonorrhea,280.0,Wyoming,2002.0,Male,35-39 years,35-39,2.0,16009.0,12.49
14535,Gonorrhea,280.0,Wyoming,2002.0,Male,40+ years,40+,4.0,112925.0,3.54
14536,Gonorrhea,280.0,Wyoming,2003.0,Male,0-14 years,0-14,1.0,50410.0,1.98
14537,Gonorrhea,280.0,Wyoming,2003.0,Male,15-19 years,15-19,3.0,20651.0,14.53
14538,Gonorrhea,280.0,Wyoming,2003.0,Male,20-24 years,20-24,8.0,20443.0,39.13
14539,Gonorrhea,280.0,Wyoming,2003.0,Male,25-29 years,25-29,1.0,15695.0,6.37
14540,Gonorrhea,280.0,Wyoming,2003.0,Male,30-34 years,30-34,1.0,15408.0,6.49
14541,Gonorrhea,280.0,Wyoming,2003.0,Male,35-39 years,35-39,2.0,15573.0,12.84
14542,Gonorrhea,280.0,Wyoming,2003.0,Male,40+ years,40+,1.0,114162.0,0.88
14543,Gonorrhea,280.0,Wyoming,2003.0,Male,Unknown,99,1.0,,
14544,Gonorrhea,280.0,Wyoming,2004.0,Male,15-19 years,15-19,1.0,20056.0,4.99
14545,Gonorrhea,280.0,Wyoming,2004.0,Male,20-24 years,20-24,7.0,21316.0,32.84
14546,Gonorrhea,280.0,Wyoming,2004.0,Male,25-29 years,25-29,7.0,16327.0,42.87
14547,Gonorrhea,280.0,Wyoming,2004.0,Male,30-34 years,30-34,2.0,15565.0,12.85
14548,Gonorrhea,280.0,Wyoming,2004.0,Male,40+ years,40+,3.0,117566.0,2.55
14549,Gonorrhea,280.0,Wyoming,2005.0,Male,15-19 years,15-19,4.0,19567.0,20.44
14550,Gonorrhea,280.0,Wyoming,2005.0,Male,20-24 years,20-24,11.0,21414.0,51.37
14551,Gonorrhea,280.0,Wyoming,2005.0,Male,25-29 years,25-29,10.0,17039.0,58.69
14552,Gonorrhea,280.0,Wyoming,2005.0,Male,30-34 years,30-34,2.0,15511.0,12.89
14553,Gonorrhea,280.0,Wyoming,2005.0,Male,35-39 years,35-39,1.0,15491.0,6.46
14554,Gonorrhea,280.0,Wyoming,2005.0,Male,40+ years,40+,5.0,119950.0,4.17
14555,Gonorrhea,280.0,Wyoming,2006.0,Male,15-19 years,15-19,8.0,19321.0,41.41
14556,Gonorrhea,280.0,Wyoming,2006.0,Male,20-24 years,20-24,12.0,21013.0,57.11
14557,Gonorrhea,280.0,Wyoming,2006.0,Male,25-29 years,25-29,10.0,19495.0,51.3
14558,Gonorrhea,280.0,Wyoming,2006.0,Male,30-34 years,30-34,8.0,15840.0,50.51
14559,Gonorrhea,280.0,Wyoming,2006.0,Male,35-39 years,35-39,4.0,16211.0,24.67
14560,Gonorrhea,280.0,Wyoming,2006.0,Male,40+ years,40+,3.0,118227.0,2.54
14561,Gonorrhea,280.0,Wyoming,2006.0,Male,Unknown,99,4.0,,
14562,Gonorrhea,280.0,Wyoming,2007.0,Male,15-19 years,15-19,3.0,19375.0,15.48
14563,Gonorrhea,280.0,Wyoming,2007.0,Male,20-24 years,20-24,19.0,20533.0,92.53
14564,Gonorrhea,280.0,Wyoming,2007.0,Male,25-29 years,25-29,8.0,20326.0,39.36
14565,Gonorrhea,280.0,Wyoming,2007.0,Male,30-34 years,30-34,4.0,15988.0,25.02
14566,Gonorrhea,280.0,Wyoming,2007.0,Male,35-39 years,35-39,4.0,16515.0,24.22
14567,Gonorrhea,280.0,Wyoming,2007.0,Male,40+ years,40+,2.0,119266.0,1.68
14568,Gonorrhea,280.0,Wyoming,2008.0,Male,15-19 years,15-19,11.0,19519.0,56.36
14569,Gonorrhea,280.0,Wyoming,2008.0,Male,20-24 years,20-24,21.0,20818.0,100.87
14570,Gonorrhea,280.0,Wyoming,2008.0,Male,25-29 years,25-29,9.0,20971.0,42.92
14571,Gonorrhea,280.0,Wyoming,2008.0,Male,30-34 years,30-34,5.0,16456.0,30.38
14572,Gonorrhea,280.0,Wyoming,2008.0,Male,35-39 years,35-39,1.0,16893.0,5.92
14573,Gonorrhea,280.0,Wyoming,2008.0,Male,40+ years,40+,6.0,120845.0,4.97
14574,Gonorrhea,280.0,Wyoming,2009.0,Male,15-19 years,15-19,4.0,20157.0,19.84
14575,Gonorrhea,280.0,Wyoming,2009.0,Male,20-24 years,20-24,10.0,23342.0,42.84
14576,Gonorrhea,280.0,Wyoming,2009.0,Male,25-29 years,25-29,9.0,22266.0,40.42
14577,Gonorrhea,280.0,Wyoming,2009.0,Male,30-34 years,30-34,3.0,16893.0,17.76
14578,Gonorrhea,280.0,Wyoming,2009.0,Male,35-39 years,35-39,3.0,16869.0,17.78
14579,Gonorrhea,280.0,Wyoming,2009.0,Male,40+ years,40+,1.0,120892.0,0.83
14580,Gonorrhea,280.0,Wyoming,2010.0,Male,15-19 years,15-19,2.0,19626.0,10.19
14581,Gonorrhea,280.0,Wyoming,2010.0,Male,20-24 years,20-24,6.0,21315.0,28.15
14582,Gonorrhea,280.0,Wyoming,2010.0,Male,25-29 years,25-29,9.0,21752.0,41.38
14583,Gonorrhea,280.0,Wyoming,2010.0,Male,30-34 years,30-34,2.0,18919.0,10.57
14584,Gonorrhea,280.0,Wyoming,2010.0,Male,40+ years,40+,2.0,129732.0,1.54
14585,Gonorrhea,280.0,Wyoming,2011.0,Male,20-24 years,20-24,6.0,21756.0,27.58
14586,Gonorrhea,280.0,Wyoming,2011.0,Male,25-29 years,25-29,6.0,21547.0,27.85
14587,Gonorrhea,280.0,Wyoming,2011.0,Male,30-34 years,30-34,5.0,19836.0,25.21
14588,Gonorrhea,280.0,Wyoming,2011.0,Male,35-39 years,35-39,3.0,17289.0,17.35
14589,Gonorrhea,280.0,Wyoming,2011.0,Male,40+ years,40+,1.0,131687.0,0.76
14590,Gonorrhea,280.0,Wyoming,2012.0,Male,15-19 years,15-19,3.0,19336.0,15.52
14591,Gonorrhea,280.0,Wyoming,2012.0,Male,20-24 years,20-24,9.0,22530.0,39.95
14592,Gonorrhea,280.0,Wyoming,2012.0,Male,25-29 years,25-29,4.0,21760.0,18.38
14593,Gonorrhea,280.0,Wyoming,2012.0,Male,30-34 years,30-34,3.0,20895.0,14.36
14594,Gonorrhea,280.0,Wyoming,2012.0,Male,35-39 years,35-39,2.0,17824.0,11.22
14595,Gonorrhea,280.0,Wyoming,2012.0,Male,40+ years,40+,4.0,133662.0,2.99
14596,Gonorrhea,280.0,Wyoming,2013.0,Male,15-19 years,15-19,1.0,19661.0,5.09
14597,Gonorrhea,280.0,Wyoming,2013.0,Male,20-24 years,20-24,11.0,22834.0,48.17
14598,Gonorrhea,280.0,Wyoming,2013.0,Male,25-29 years,25-29,6.0,21505.0,27.9
14599,Gonorrhea,280.0,Wyoming,2013.0,Male,30-34 years,30-34,2.0,21488.0,9.31
14600,Gonorrhea,280.0,Wyoming,2013.0,Male,35-39 years,35-39,2.0,18280.0,10.94
14601,Gonorrhea,280.0,Wyoming,2013.0,Male,40+ years,40+,5.0,134440.0,3.72
14602,Gonorrhea,280.0,Wyoming,2014.0,Male,15-19 years,15-19,8.0,19661.0,40.69
14603,Gonorrhea,280.0,Wyoming,2014.0,Male,20-24 years,20-24,14.0,22834.0,61.31
14604,Gonorrhea,280.0,Wyoming,2014.0,Male,25-29 years,25-29,16.0,21505.0,74.4
14605,Gonorrhea,280.0,Wyoming,2014.0,Male,30-34 years,30-34,8.0,21488.0,37.23
14606,Gonorrhea,280.0,Wyoming,2014.0,Male,35-39 years,35-39,2.0,18280.0,10.94
14607,Gonorrhea,280.0,Wyoming,2014.0,Male,40+ years,40+,7.0,134440.0,5.21
14608,Primary and Secondary Syphilis,310.0,Alabama,1996.0,Male,0-14 years,0-14,3.0,468394.0,0.64
14609,Primary and Secondary Syphilis,310.0,Alabama,1996.0,Male,15-19 years,15-19,15.0,165920.0,9.04
14610,Primary and Secondary Syphilis,310.0,Alabama,1996.0,Male,20-24 years,20-24,39.0,152848.0,25.52
14611,Primary and Secondary Syphilis,310.0,Alabama,1996.0,Male,25-29 years,25-29,41.0,152778.0,26.84
14612,Primary and Secondary Syphilis,310.0,Alabama,1996.0,Male,30-34 years,30-34,54.0,155850.0,34.65
14613,Primary and Secondary Syphilis,310.0,Alabama,1996.0,Male,35-39 years,35-39,51.0,168841.0,30.21
14614,Primary and Secondary Syphilis,310.0,Alabama,1996.0,Male,40+ years,40+,80.0,819248.0,9.77
14615,Primary and Secondary Syphilis,310.0,Alabama,1996.0,Male,Unknown,99,1.0,,
14616,Primary and Secondary Syphilis,310.0,Alabama,1997.0,Male,0-14 years,0-14,2.0,473016.0,0.42
14617,Primary and Secondary Syphilis,310.0,Alabama,1997.0,Male,15-19 years,15-19,12.0,167083.0,7.18
14618,Primary and Secondary Syphilis,310.0,Alabama,1997.0,Male,20-24 years,20-24,31.0,150783.0,20.56
14619,Primary and Secondary Syphilis,310.0,Alabama,1997.0,Male,25-29 years,25-29,34.0,154166.0,22.05
14620,Primary and Secondary Syphilis,310.0,Alabama,1997.0,Male,30-34 years,30-34,39.0,151932.0,25.67
14621,Primary and Secondary Syphilis,310.0,Alabama,1997.0,Male,35-39 years,35-39,44.0,168350.0,26.14
14622,Primary and Secondary Syphilis,310.0,Alabama,1997.0,Male,40+ years,40+,65.0,837795.0,7.76
14623,Primary and Secondary Syphilis,310.0,Alabama,1998.0,Male,15-19 years,15-19,11.0,167374.0,6.57
14624,Primary and Secondary Syphilis,310.0,Alabama,1998.0,Male,20-24 years,20-24,29.0,151228.0,19.18
14625,Primary and Secondary Syphilis,310.0,Alabama,1998.0,Male,25-29 years,25-29,26.0,154387.0,16.84
14626,Primary and Secondary Syphilis,310.0,Alabama,1998.0,Male,30-34 years,30-34,19.0,149654.0,12.7
14627,Primary and Secondary Syphilis,310.0,Alabama,1998.0,Male,35-39 years,35-39,23.0,168795.0,13.63
14628,Primary and Secondary Syphilis,310.0,Alabama,1998.0,Male,40+ years,40+,33.0,859032.0,3.84
14629,Primary and Secondary Syphilis,310.0,Alabama,1999.0,Male,0-14 years,0-14,1.0,475482.0,0.21
14630,Primary and Secondary Syphilis,310.0,Alabama,1999.0,Male,15-19 years,15-19,4.0,166099.0,2.41
14631,Primary and Secondary Syphilis,310.0,Alabama,1999.0,Male,20-24 years,20-24,25.0,151548.0,16.5
14632,Primary and Secondary Syphilis,310.0,Alabama,1999.0,Male,25-29 years,25-29,16.0,151877.0,10.53
14633,Primary and Secondary Syphilis,310.0,Alabama,1999.0,Male,30-34 years,30-34,11.0,148196.0,7.42
14634,Primary and Secondary Syphilis,310.0,Alabama,1999.0,Male,35-39 years,35-39,9.0,167921.0,5.36
14635,Primary and Secondary Syphilis,310.0,Alabama,1999.0,Male,40+ years,40+,34.0,875759.0,3.88
14636,Primary and Secondary Syphilis,310.0,Alabama,2000.0,Male,15-19 years,15-19,3.0,163376.0,1.84
14637,Primary and Secondary Syphilis,310.0,Alabama,2000.0,Male,20-24 years,20-24,12.0,153879.0,7.8
14638,Primary and Secondary Syphilis,310.0,Alabama,2000.0,Male,25-29 years,25-29,6.0,148829.0,4.03
14639,Primary and Secondary Syphilis,310.0,Alabama,2000.0,Male,30-34 years,30-34,10.0,149723.0,6.68
14640,Primary and Secondary Syphilis,310.0,Alabama,2000.0,Male,35-39 years,35-39,8.0,166434.0,4.81
14641,Primary and Secondary Syphilis,310.0,Alabama,2000.0,Male,40+ years,40+,21.0,895009.0,2.35
14642,Primary and Secondary Syphilis,310.0,Alabama,2001.0,Male,15-19 years,15-19,4.0,162233.0,2.47
14643,Primary and Secondary Syphilis,310.0,Alabama,2001.0,Male,20-24 years,20-24,16.0,157814.0,10.14
14644,Primary and Secondary Syphilis,310.0,Alabama,2001.0,Male,25-29 years,25-29,14.0,145674.0,9.61
14645,Primary and Secondary Syphilis,310.0,Alabama,2001.0,Male,30-34 years,30-34,10.0,150626.0,6.64
14646,Primary and Secondary Syphilis,310.0,Alabama,2001.0,Male,35-39 years,35-39,11.0,162717.0,6.76
14647,Primary and Secondary Syphilis,310.0,Alabama,2001.0,Male,40+ years,40+,20.0,907438.0,2.2
14648,Primary and Secondary Syphilis,310.0,Alabama,2002.0,Male,15-19 years,15-19,1.0,161966.0,0.62
14649,Primary and Secondary Syphilis,310.0,Alabama,2002.0,Male,20-24 years,20-24,14.0,161282.0,8.68
14650,Primary and Secondary Syphilis,310.0,Alabama,2002.0,Male,25-29 years,25-29,10.0,145240.0,6.89
14651,Primary and Secondary Syphilis,310.0,Alabama,2002.0,Male,30-34 years,30-34,12.0,153025.0,7.84
14652,Primary and Secondary Syphilis,310.0,Alabama,2002.0,Male,35-39 years,35-39,11.0,158412.0,6.94
14653,Primary and Secondary Syphilis,310.0,Alabama,2002.0,Male,40+ years,40+,38.0,919422.0,4.13
14654,Primary and Secondary Syphilis,310.0,Alabama,2003.0,Male,15-19 years,15-19,1.0,162722.0,0.61
14655,Primary and Secondary Syphilis,310.0,Alabama,2003.0,Male,20-24 years,20-24,7.0,163265.0,4.29
14656,Primary and Secondary Syphilis,310.0,Alabama,2003.0,Male,25-29 years,25-29,9.0,145088.0,6.2
14657,Primary and Secondary Syphilis,310.0,Alabama,2003.0,Male,30-34 years,30-34,11.0,150482.0,7.31
14658,Primary and Secondary Syphilis,310.0,Alabama,2003.0,Male,35-39 years,35-39,10.0,152679.0,6.55
14659,Primary and Secondary Syphilis,310.0,Alabama,2003.0,Male,40+ years,40+,27.0,935015.0,2.89
14660,Primary and Secondary Syphilis,310.0,Alabama,2004.0,Male,15-19 years,15-19,11.0,163267.0,6.74
14661,Primary and Secondary Syphilis,310.0,Alabama,2004.0,Male,20-24 years,20-24,14.0,164745.0,8.5
14662,Primary and Secondary Syphilis,310.0,Alabama,2004.0,Male,25-29 years,25-29,11.0,148879.0,7.39
14663,Primary and Secondary Syphilis,310.0,Alabama,2004.0,Male,30-34 years,30-34,15.0,149850.0,10.01
14664,Primary and Secondary Syphilis,310.0,Alabama,2004.0,Male,35-39 years,35-39,15.0,150310.0,9.98
14665,Primary and Secondary Syphilis,310.0,Alabama,2004.0,Male,40+ years,40+,47.0,956070.0,4.92
14666,Primary and Secondary Syphilis,310.0,Alabama,2005.0,Male,15-19 years,15-19,5.0,165142.0,3.03
14667,Primary and Secondary Syphilis,310.0,Alabama,2005.0,Male,20-24 years,20-24,11.0,164174.0,6.7
14668,Primary and Secondary Syphilis,310.0,Alabama,2005.0,Male,25-29 years,25-29,20.0,153371.0,13.04
14669,Primary and Secondary Syphilis,310.0,Alabama,2005.0,Male,30-34 years,30-34,13.0,147670.0,8.8
14670,Primary and Secondary Syphilis,310.0,Alabama,2005.0,Male,35-39 years,35-39,16.0,149840.0,10.68
14671,Primary and Secondary Syphilis,310.0,Alabama,2005.0,Male,40+ years,40+,35.0,972985.0,3.6
14672,Primary and Secondary Syphilis,310.0,Alabama,2006.0,Male,15-19 years,15-19,11.0,165849.0,6.63
14673,Primary and Secondary Syphilis,310.0,Alabama,2006.0,Male,20-24 years,20-24,26.0,162692.0,15.98
14674,Primary and Secondary Syphilis,310.0,Alabama,2006.0,Male,25-29 years,25-29,24.0,157856.0,15.2
14675,Primary and Secondary Syphilis,310.0,Alabama,2006.0,Male,30-34 years,30-34,24.0,142250.0,16.87
14676,Primary and Secondary Syphilis,310.0,Alabama,2006.0,Male,35-39 years,35-39,24.0,150682.0,15.93
14677,Primary and Secondary Syphilis,310.0,Alabama,2006.0,Male,40+ years,40+,94.0,982287.0,9.57
14678,Primary and Secondary Syphilis,310.0,Alabama,2007.0,Male,15-19 years,15-19,10.0,165712.0,6.03
14679,Primary and Secondary Syphilis,310.0,Alabama,2007.0,Male,20-24 years,20-24,32.0,159810.0,20.02
14680,Primary and Secondary Syphilis,310.0,Alabama,2007.0,Male,25-29 years,25-29,36.0,160889.0,22.38
14681,Primary and Secondary Syphilis,310.0,Alabama,2007.0,Male,30-34 years,30-34,29.0,141457.0,20.5
14682,Primary and Secondary Syphilis,310.0,Alabama,2007.0,Male,35-39 years,35-39,34.0,152090.0,22.36
14683,Primary and Secondary Syphilis,310.0,Alabama,2007.0,Male,40+ years,40+,96.0,989260.0,9.7
14684,Primary and Secondary Syphilis,310.0,Alabama,2008.0,Male,0-14 years,0-14,1.0,473529.0,0.21
14685,Primary and Secondary Syphilis,310.0,Alabama,2008.0,Male,15-19 years,15-19,14.0,166570.0,8.4
14686,Primary and Secondary Syphilis,310.0,Alabama,2008.0,Male,20-24 years,20-24,47.0,159612.0,29.45
14687,Primary and Secondary Syphilis,310.0,Alabama,2008.0,Male,25-29 years,25-29,40.0,161570.0,24.76
14688,Primary and Secondary Syphilis,310.0,Alabama,2008.0,Male,30-34 years,30-34,39.0,142221.0,27.42
14689,Primary and Secondary Syphilis,310.0,Alabama,2008.0,Male,35-39 years,35-39,37.0,152327.0,24.29
14690,Primary and Secondary Syphilis,310.0,Alabama,2008.0,Male,40+ years,40+,100.0,1002258.0,9.98
14691,Primary and Secondary Syphilis,310.0,Alabama,2009.0,Male,15-19 years,15-19,18.0,167091.0,10.77
14692,Primary and Secondary Syphilis,310.0,Alabama,2009.0,Male,20-24 years,20-24,66.0,166662.0,39.6
14693,Primary and Secondary Syphilis,310.0,Alabama,2009.0,Male,25-29 years,25-29,53.0,162536.0,32.61
14694,Primary and Secondary Syphilis,310.0,Alabama,2009.0,Male,30-34 years,30-34,39.0,145329.0,26.84
14695,Primary and Secondary Syphilis,310.0,Alabama,2009.0,Male,35-39 years,35-39,23.0,151296.0,15.2
14696,Primary and Secondary Syphilis,310.0,Alabama,2009.0,Male,40+ years,40+,81.0,1011526.0,8.01
14697,Primary and Secondary Syphilis,310.0,Alabama,2010.0,Male,15-19 years,15-19,11.0,175151.0,6.28
14698,Primary and Secondary Syphilis,310.0,Alabama,2010.0,Male,20-24 years,20-24,62.0,167520.0,37.01
14699,Primary and Secondary Syphilis,310.0,Alabama,2010.0,Male,25-29 years,25-29,37.0,153716.0,24.07
14700,Primary and Secondary Syphilis,310.0,Alabama,2010.0,Male,30-34 years,30-34,24.0,146424.0,16.39
14701,Primary and Secondary Syphilis,310.0,Alabama,2010.0,Male,35-39 years,35-39,10.0,151078.0,6.62
14702,Primary and Secondary Syphilis,310.0,Alabama,2010.0,Male,40+ years,40+,41.0,1050277.0,3.9
14703,Primary and Secondary Syphilis,310.0,Alabama,2011.0,Male,15-19 years,15-19,8.0,170749.0,4.69
14704,Primary and Secondary Syphilis,310.0,Alabama,2011.0,Male,20-24 years,20-24,37.0,173150.0,21.37
14705,Primary and Secondary Syphilis,310.0,Alabama,2011.0,Male,25-29 years,25-29,31.0,152969.0,20.27
14706,Primary and Secondary Syphilis,310.0,Alabama,2011.0,Male,30-34 years,30-34,30.0,149620.0,20.05
14707,Primary and Secondary Syphilis,310.0,Alabama,2011.0,Male,35-39 years,35-39,17.0,144329.0,11.78
14708,Primary and Secondary Syphilis,310.0,Alabama,2011.0,Male,40+ years,40+,51.0,1063796.0,4.79
14709,Primary and Secondary Syphilis,310.0,Alabama,2012.0,Male,15-19 years,15-19,11.0,165508.0,6.65
14710,Primary and Secondary Syphilis,310.0,Alabama,2012.0,Male,20-24 years,20-24,54.0,176160.0,30.65
14711,Primary and Secondary Syphilis,310.0,Alabama,2012.0,Male,25-29 years,25-29,31.0,153084.0,20.25
14712,Primary and Secondary Syphilis,310.0,Alabama,2012.0,Male,30-34 years,30-34,28.0,151045.0,18.54
14713,Primary and Secondary Syphilis,310.0,Alabama,2012.0,Male,35-39 years,35-39,15.0,142261.0,10.54
14714,Primary and Secondary Syphilis,310.0,Alabama,2012.0,Male,40+ years,40+,39.0,1074782.0,3.63
14715,Primary and Secondary Syphilis,310.0,Alabama,2013.0,Male,15-19 years,15-19,13.0,163751.0,7.94
14716,Primary and Secondary Syphilis,310.0,Alabama,2013.0,Male,20-24 years,20-24,46.0,178447.0,25.78
14717,Primary and Secondary Syphilis,310.0,Alabama,2013.0,Male,25-29 years,25-29,38.0,153647.0,24.73
14718,Primary and Secondary Syphilis,310.0,Alabama,2013.0,Male,30-34 years,30-34,16.0,152362.0,10.5
14719,Primary and Secondary Syphilis,310.0,Alabama,2013.0,Male,35-39 years,35-39,14.0,142291.0,9.84
14720,Primary and Secondary Syphilis,310.0,Alabama,2013.0,Male,40+ years,40+,34.0,1085009.0,3.13
14721,Primary and Secondary Syphilis,310.0,Alabama,2014.0,Male,0-14 years,0-14,1.0,469840.0,0.21
14722,Primary and Secondary Syphilis,310.0,Alabama,2014.0,Male,15-19 years,15-19,13.0,163751.0,7.94
14723,Primary and Secondary Syphilis,310.0,Alabama,2014.0,Male,20-24 years,20-24,42.0,178447.0,23.54
14724,Primary and Secondary Syphilis,310.0,Alabama,2014.0,Male,25-29 years,25-29,38.0,153647.0,24.73
14725,Primary and Secondary Syphilis,310.0,Alabama,2014.0,Male,30-34 years,30-34,13.0,152362.0,8.53
14726,Primary and Secondary Syphilis,310.0,Alabama,2014.0,Male,35-39 years,35-39,13.0,142291.0,9.14
14727,Primary and Secondary Syphilis,310.0,Alabama,2014.0,Male,40+ years,40+,24.0,1085009.0,2.21
14728,Primary and Secondary Syphilis,310.0,Alaska,1997.0,Male,25-29 years,25-29,1.0,20378.0,4.91
14729,Primary and Secondary Syphilis,310.0,Alaska,1998.0,Male,15-19 years,15-19,1.0,25684.0,3.89
14730,Primary and Secondary Syphilis,310.0,Alaska,1999.0,Male,35-39 years,35-39,1.0,29718.0,3.36
14731,Primary and Secondary Syphilis,310.0,Alaska,2003.0,Male,25-29 years,25-29,1.0,19935.0,5.02
14732,Primary and Secondary Syphilis,310.0,Alaska,2004.0,Male,25-29 years,25-29,1.0,19939.0,5.02
14733,Primary and Secondary Syphilis,310.0,Alaska,2004.0,Male,30-34 years,30-34,1.0,22183.0,4.51
14734,Primary and Secondary Syphilis,310.0,Alaska,2004.0,Male,35-39 years,35-39,3.0,24075.0,12.46
14735,Primary and Secondary Syphilis,310.0,Alaska,2004.0,Male,40+ years,40+,3.0,135468.0,2.21
14736,Primary and Secondary Syphilis,310.0,Alaska,2005.0,Male,25-29 years,25-29,1.0,19830.0,5.04
14737,Primary and Secondary Syphilis,310.0,Alaska,2005.0,Male,30-34 years,30-34,2.0,21501.0,9.3
14738,Primary and Secondary Syphilis,310.0,Alaska,2005.0,Male,35-39 years,35-39,1.0,23765.0,4.21
14739,Primary and Secondary Syphilis,310.0,Alaska,2005.0,Male,40+ years,40+,4.0,138802.0,2.88
14740,Primary and Secondary Syphilis,310.0,Alaska,2006.0,Male,20-24 years,20-24,1.0,29499.0,3.39
14741,Primary and Secondary Syphilis,310.0,Alaska,2006.0,Male,25-29 years,25-29,3.0,26580.0,11.29
14742,Primary and Secondary Syphilis,310.0,Alaska,2006.0,Male,30-34 years,30-34,2.0,23410.0,8.54
14743,Primary and Secondary Syphilis,310.0,Alaska,2006.0,Male,35-39 years,35-39,1.0,24189.0,4.13
14744,Primary and Secondary Syphilis,310.0,Alaska,2006.0,Male,40+ years,40+,2.0,138761.0,1.44
14745,Primary and Secondary Syphilis,310.0,Alaska,2007.0,Male,20-24 years,20-24,1.0,30975.0,3.23
14746,Primary and Secondary Syphilis,310.0,Alaska,2007.0,Male,25-29 years,25-29,1.0,29399.0,3.4
14747,Primary and Secondary Syphilis,310.0,Alaska,2007.0,Male,40+ years,40+,4.0,141633.0,2.82
14748,Primary and Secondary Syphilis,310.0,Alaska,2008.0,Male,20-24 years,20-24,1.0,32007.0,3.12
14749,Primary and Secondary Syphilis,310.0,Alaska,2010.0,Male,35-39 years,35-39,1.0,23731.0,4.21
14750,Primary and Secondary Syphilis,310.0,Alaska,2010.0,Male,40+ years,40+,2.0,154763.0,1.29
14751,Primary and Secondary Syphilis,310.0,Alaska,2011.0,Male,20-24 years,20-24,1.0,30617.0,3.27
14752,Primary and Secondary Syphilis,310.0,Alaska,2011.0,Male,35-39 years,35-39,1.0,23084.0,4.33
14753,Primary and Secondary Syphilis,310.0,Alaska,2011.0,Male,40+ years,40+,2.0,157962.0,1.27
14754,Primary and Secondary Syphilis,310.0,Alaska,2012.0,Male,20-24 years,20-24,3.0,33281.0,9.01
14755,Primary and Secondary Syphilis,310.0,Alaska,2012.0,Male,35-39 years,35-39,4.0,23325.0,17.15
14756,Primary and Secondary Syphilis,310.0,Alaska,2012.0,Male,40+ years,40+,3.0,158977.0,1.89
14757,Primary and Secondary Syphilis,310.0,Alaska,2013.0,Male,15-19 years,15-19,2.0,26096.0,7.66
14758,Primary and Secondary Syphilis,310.0,Alaska,2013.0,Male,20-24 years,20-24,4.0,36122.0,11.07
14759,Primary and Secondary Syphilis,310.0,Alaska,2013.0,Male,25-29 years,25-29,5.0,33138.0,15.09
14760,Primary and Secondary Syphilis,310.0,Alaska,2013.0,Male,30-34 years,30-34,2.0,28401.0,7.04
14761,Primary and Secondary Syphilis,310.0,Alaska,2013.0,Male,35-39 years,35-39,4.0,23548.0,16.99
14762,Primary and Secondary Syphilis,310.0,Alaska,2013.0,Male,40+ years,40+,4.0,156796.0,2.55
14763,Primary and Secondary Syphilis,310.0,Alaska,2014.0,Male,15-19 years,15-19,1.0,26096.0,3.83
14764,Primary and Secondary Syphilis,310.0,Alaska,2014.0,Male,20-24 years,20-24,2.0,36122.0,5.54
14765,Primary and Secondary Syphilis,310.0,Alaska,2014.0,Male,25-29 years,25-29,4.0,33138.0,12.07
14766,Primary and Secondary Syphilis,310.0,Alaska,2014.0,Male,30-34 years,30-34,2.0,28401.0,7.04
14767,Primary and Secondary Syphilis,310.0,Alaska,2014.0,Male,35-39 years,35-39,1.0,23548.0,4.25
14768,Primary and Secondary Syphilis,310.0,Alaska,2014.0,Male,40+ years,40+,4.0,156796.0,2.55
14769,Primary and Secondary Syphilis,310.0,Arizona,1996.0,Male,15-19 years,15-19,4.0,165283.0,2.42
14770,Primary and Secondary Syphilis,310.0,Arizona,1996.0,Male,20-24 years,20-24,8.0,164139.0,4.87
14771,Primary and Secondary Syphilis,310.0,Arizona,1996.0,Male,25-29 years,25-29,7.0,182395.0,3.84
14772,Primary and Secondary Syphilis,310.0,Arizona,1996.0,Male,30-34 years,30-34,10.0,193790.0,5.16
14773,Primary and Secondary Syphilis,310.0,Arizona,1996.0,Male,35-39 years,35-39,9.0,188255.0,4.78
14774,Primary and Secondary Syphilis,310.0,Arizona,1996.0,Male,40+ years,40+,21.0,862735.0,2.43
14775,Primary and Secondary Syphilis,310.0,Arizona,1997.0,Male,0-14 years,0-14,2.0,530746.0,0.38
14776,Primary and Secondary Syphilis,310.0,Arizona,1997.0,Male,20-24 years,20-24,9.0,170636.0,5.27
14777,Primary and Secondary Syphilis,310.0,Arizona,1997.0,Male,25-29 years,25-29,18.0,188648.0,9.54
14778,Primary and Secondary Syphilis,310.0,Arizona,1997.0,Male,30-34 years,30-34,7.0,193672.0,3.61
14779,Primary and Secondary Syphilis,310.0,Arizona,1997.0,Male,35-39 years,35-39,14.0,194774.0,7.19
14780,Primary and Secondary Syphilis,310.0,Arizona,1997.0,Male,40+ years,40+,45.0,906196.0,4.97
14781,Primary and Secondary Syphilis,310.0,Arizona,1998.0,Male,15-19 years,15-19,5.0,180618.0,2.77
14782,Primary and Secondary Syphilis,310.0,Arizona,1998.0,Male,20-24 years,20-24,10.0,176713.0,5.66
14783,Primary and Secondary Syphilis,310.0,Arizona,1998.0,Male,25-29 years,25-29,17.0,191134.0,8.89
14784,Primary and Secondary Syphilis,310.0,Arizona,1998.0,Male,30-34 years,30-34,17.0,190931.0,8.9
14785,Primary and Secondary Syphilis,310.0,Arizona,1998.0,Male,35-39 years,35-39,14.0,197762.0,7.08
14786,Primary and Secondary Syphilis,310.0,Arizona,1998.0,Male,40+ years,40+,55.0,943353.0,5.83
14787,Primary and Secondary Syphilis,310.0,Arizona,1999.0,Male,15-19 years,15-19,2.0,186468.0,1.07
14788,Primary and Secondary Syphilis,310.0,Arizona,1999.0,Male,20-24 years,20-24,23.0,184588.0,12.46
14789,Primary and Secondary Syphilis,310.0,Arizona,1999.0,Male,25-29 years,25-29,20.0,193387.0,10.34
14790,Primary and Secondary Syphilis,310.0,Arizona,1999.0,Male,30-34 years,30-34,25.0,190370.0,13.13
14791,Primary and Secondary Syphilis,310.0,Arizona,1999.0,Male,35-39 years,35-39,19.0,199784.0,9.51
14792,Primary and Secondary Syphilis,310.0,Arizona,1999.0,Male,40+ years,40+,57.0,977198.0,5.83
14793,Primary and Secondary Syphilis,310.0,Arizona,2000.0,Male,15-19 years,15-19,5.0,192286.0,2.6
14794,Primary and Secondary Syphilis,310.0,Arizona,2000.0,Male,20-24 years,20-24,13.0,190810.0,6.81
14795,Primary and Secondary Syphilis,310.0,Arizona,2000.0,Male,25-29 years,25-29,25.0,193040.0,12.95
14796,Primary and Secondary Syphilis,310.0,Arizona,2000.0,Male,30-34 years,30-34,17.0,191102.0,8.9
14797,Primary and Secondary Syphilis,310.0,Arizona,2000.0,Male,35-39 years,35-39,10.0,197053.0,5.07
14798,Primary and Secondary Syphilis,310.0,Arizona,2000.0,Male,40+ years,40+,39.0,1003548.0,3.89
14799,Primary and Secondary Syphilis,310.0,Arizona,2001.0,Male,15-19 years,15-19,5.0,193410.0,2.59
14800,Primary and Secondary Syphilis,310.0,Arizona,2001.0,Male,20-24 years,20-24,22.0,197951.0,11.11
14801,Primary and Secondary Syphilis,310.0,Arizona,2001.0,Male,25-29 years,25-29,19.0,196279.0,9.68
14802,Primary and Secondary Syphilis,310.0,Arizona,2001.0,Male,30-34 years,30-34,11.0,198925.0,5.53
14803,Primary and Secondary Syphilis,310.0,Arizona,2001.0,Male,35-39 years,35-39,21.0,198689.0,10.57
14804,Primary and Secondary Syphilis,310.0,Arizona,2001.0,Male,40+ years,40+,52.0,1044725.0,4.98
14805,Primary and Secondary Syphilis,310.0,Arizona,2002.0,Male,15-19 years,15-19,7.0,197443.0,3.55
14806,Primary and Secondary Syphilis,310.0,Arizona,2002.0,Male,20-24 years,20-24,15.0,204341.0,7.34
14807,Primary and Secondary Syphilis,310.0,Arizona,2002.0,Male,25-29 years,25-29,15.0,200324.0,7.49
14808,Primary and Secondary Syphilis,310.0,Arizona,2002.0,Male,30-34 years,30-34,13.0,205659.0,6.32
14809,Primary and Secondary Syphilis,310.0,Arizona,2002.0,Male,35-39 years,35-39,20.0,198578.0,10.07
14810,Primary and Secondary Syphilis,310.0,Arizona,2002.0,Male,40+ years,40+,56.0,1083239.0,5.17
14811,Primary and Secondary Syphilis,310.0,Arizona,2003.0,Male,15-19 years,15-19,4.0,200447.0,2.0
14812,Primary and Secondary Syphilis,310.0,Arizona,2003.0,Male,20-24 years,20-24,19.0,210017.0,9.05
14813,Primary and Secondary Syphilis,310.0,Arizona,2003.0,Male,25-29 years,25-29,16.0,209445.0,7.64
14814,Primary and Secondary Syphilis,310.0,Arizona,2003.0,Male,30-34 years,30-34,21.0,211342.0,9.94
14815,Primary and Secondary Syphilis,310.0,Arizona,2003.0,Male,35-39 years,35-39,22.0,198353.0,11.09
14816,Primary and Secondary Syphilis,310.0,Arizona,2003.0,Male,40+ years,40+,38.0,1106753.0,3.43
14817,Primary and Secondary Syphilis,310.0,Arizona,2004.0,Male,15-19 years,15-19,2.0,206355.0,0.97
14818,Primary and Secondary Syphilis,310.0,Arizona,2004.0,Male,20-24 years,20-24,14.0,215637.0,6.49
14819,Primary and Secondary Syphilis,310.0,Arizona,2004.0,Male,25-29 years,25-29,12.0,218615.0,5.49
14820,Primary and Secondary Syphilis,310.0,Arizona,2004.0,Male,30-34 years,30-34,18.0,216754.0,8.3
14821,Primary and Secondary Syphilis,310.0,Arizona,2004.0,Male,35-39 years,35-39,31.0,201880.0,15.36
14822,Primary and Secondary Syphilis,310.0,Arizona,2004.0,Male,40+ years,40+,38.0,1148319.0,3.31
14823,Primary and Secondary Syphilis,310.0,Arizona,2005.0,Male,15-19 years,15-19,2.0,214438.0,0.93
14824,Primary and Secondary Syphilis,310.0,Arizona,2005.0,Male,20-24 years,20-24,14.0,220672.0,6.34
14825,Primary and Secondary Syphilis,310.0,Arizona,2005.0,Male,25-29 years,25-29,26.0,229042.0,11.35
14826,Primary and Secondary Syphilis,310.0,Arizona,2005.0,Male,30-34 years,30-34,18.0,221271.0,8.13
14827,Primary and Secondary Syphilis,310.0,Arizona,2005.0,Male,35-39 years,35-39,25.0,209672.0,11.92
14828,Primary and Secondary Syphilis,310.0,Arizona,2005.0,Male,40+ years,40+,40.0,1200885.0,3.33
14829,Primary and Secondary Syphilis,310.0,Arizona,2006.0,Male,15-19 years,15-19,6.0,220506.0,2.72
14830,Primary and Secondary Syphilis,310.0,Arizona,2006.0,Male,20-24 years,20-24,18.0,225613.0,7.98
14831,Primary and Secondary Syphilis,310.0,Arizona,2006.0,Male,25-29 years,25-29,22.0,246323.0,8.93
14832,Primary and Secondary Syphilis,310.0,Arizona,2006.0,Male,30-34 years,30-34,26.0,223402.0,11.64
14833,Primary and Secondary Syphilis,310.0,Arizona,2006.0,Male,35-39 years,35-39,28.0,218563.0,12.81
14834,Primary and Secondary Syphilis,310.0,Arizona,2006.0,Male,40+ years,40+,66.0,1255305.0,5.26
14835,Primary and Secondary Syphilis,310.0,Arizona,2007.0,Male,15-19 years,15-19,7.0,225557.0,3.1
14836,Primary and Secondary Syphilis,310.0,Arizona,2007.0,Male,20-24 years,20-24,28.0,226577.0,12.36
14837,Primary and Secondary Syphilis,310.0,Arizona,2007.0,Male,25-29 years,25-29,37.0,252522.0,14.65
14838,Primary and Secondary Syphilis,310.0,Arizona,2007.0,Male,30-34 years,30-34,31.0,227206.0,13.64
14839,Primary and Secondary Syphilis,310.0,Arizona,2007.0,Male,35-39 years,35-39,33.0,225111.0,14.66
14840,Primary and Secondary Syphilis,310.0,Arizona,2007.0,Male,40+ years,40+,94.0,1302097.0,7.22
14841,Primary and Secondary Syphilis,310.0,Arizona,2008.0,Male,15-19 years,15-19,9.0,230027.0,3.91
14842,Primary and Secondary Syphilis,310.0,Arizona,2008.0,Male,20-24 years,20-24,21.0,227951.0,9.21
14843,Primary and Secondary Syphilis,310.0,Arizona,2008.0,Male,25-29 years,25-29,49.0,257204.0,19.05
14844,Primary and Secondary Syphilis,310.0,Arizona,2008.0,Male,30-34 years,30-34,33.0,232475.0,14.2
14845,Primary and Secondary Syphilis,310.0,Arizona,2008.0,Male,35-39 years,35-39,40.0,229823.0,17.4
14846,Primary and Secondary Syphilis,310.0,Arizona,2008.0,Male,40+ years,40+,109.0,1346870.0,8.09
14847,Primary and Secondary Syphilis,310.0,Arizona,2009.0,Male,15-19 years,15-19,8.0,230875.0,3.47
14848,Primary and Secondary Syphilis,310.0,Arizona,2009.0,Male,20-24 years,20-24,32.0,229988.0,13.91
14849,Primary and Secondary Syphilis,310.0,Arizona,2009.0,Male,25-29 years,25-29,39.0,259873.0,15.01
14850,Primary and Secondary Syphilis,310.0,Arizona,2009.0,Male,30-34 years,30-34,26.0,242786.0,10.71
14851,Primary and Secondary Syphilis,310.0,Arizona,2009.0,Male,35-39 years,35-39,22.0,231696.0,9.5
14852,Primary and Secondary Syphilis,310.0,Arizona,2009.0,Male,40+ years,40+,81.0,1366180.0,5.93
14853,Primary and Secondary Syphilis,310.0,Arizona,2010.0,Male,15-19 years,15-19,16.0,237280.0,6.74
14854,Primary and Secondary Syphilis,310.0,Arizona,2010.0,Male,20-24 years,20-24,38.0,229562.0,16.55
14855,Primary and Secondary Syphilis,310.0,Arizona,2010.0,Male,25-29 years,25-29,35.0,225608.0,15.51
14856,Primary and Secondary Syphilis,310.0,Arizona,2010.0,Male,30-34 years,30-34,26.0,212223.0,12.25
14857,Primary and Secondary Syphilis,310.0,Arizona,2010.0,Male,35-39 years,35-39,25.0,210224.0,11.89
14858,Primary and Secondary Syphilis,310.0,Arizona,2010.0,Male,40+ years,40+,70.0,1368123.0,5.12
14859,Primary and Secondary Syphilis,310.0,Arizona,2011.0,Male,15-19 years,15-19,15.0,232498.0,6.45
14860,Primary and Secondary Syphilis,310.0,Arizona,2011.0,Male,20-24 years,20-24,57.0,240563.0,23.69
14861,Primary and Secondary Syphilis,310.0,Arizona,2011.0,Male,25-29 years,25-29,51.0,229085.0,22.26
14862,Primary and Secondary Syphilis,310.0,Arizona,2011.0,Male,30-34 years,30-34,31.0,217891.0,14.23
14863,Primary and Secondary Syphilis,310.0,Arizona,2011.0,Male,35-39 years,35-39,29.0,205346.0,14.12
14864,Primary and Secondary Syphilis,310.0,Arizona,2011.0,Male,40+ years,40+,74.0,1406972.0,5.26
14865,Primary and Secondary Syphilis,310.0,Arizona,2012.0,Male,15-19 years,15-19,13.0,230837.0,5.63
14866,Primary and Secondary Syphilis,310.0,Arizona,2012.0,Male,20-24 years,20-24,41.0,245965.0,16.67
14867,Primary and Secondary Syphilis,310.0,Arizona,2012.0,Male,25-29 years,25-29,25.0,229751.0,10.88
14868,Primary and Secondary Syphilis,310.0,Arizona,2012.0,Male,30-34 years,30-34,31.0,221385.0,14.0
14869,Primary and Secondary Syphilis,310.0,Arizona,2012.0,Male,35-39 years,35-39,16.0,205084.0,7.8
14870,Primary and Secondary Syphilis,310.0,Arizona,2012.0,Male,40+ years,40+,60.0,1436024.0,4.18
14871,Primary and Secondary Syphilis,310.0,Arizona,2013.0,Male,15-19 years,15-19,9.0,232106.0,3.88
14872,Primary and Secondary Syphilis,310.0,Arizona,2013.0,Male,20-24 years,20-24,66.0,250911.0,26.3
14873,Primary and Secondary Syphilis,310.0,Arizona,2013.0,Male,25-29 years,25-29,42.0,229533.0,18.3
14874,Primary and Secondary Syphilis,310.0,Arizona,2013.0,Male,30-34 years,30-34,42.0,225293.0,18.64
14875,Primary and Secondary Syphilis,310.0,Arizona,2013.0,Male,35-39 years,35-39,19.0,206608.0,9.2
14876,Primary and Secondary Syphilis,310.0,Arizona,2013.0,Male,40+ years,40+,82.0,1463624.0,5.6
14877,Primary and Secondary Syphilis,310.0,Arizona,2014.0,Male,15-19 years,15-19,29.0,232106.0,12.49
14878,Primary and Secondary Syphilis,310.0,Arizona,2014.0,Male,20-24 years,20-24,120.0,250911.0,47.83
14879,Primary and Secondary Syphilis,310.0,Arizona,2014.0,Male,25-29 years,25-29,87.0,229533.0,37.9
14880,Primary and Secondary Syphilis,310.0,Arizona,2014.0,Male,30-34 years,30-34,72.0,225293.0,31.96
14881,Primary and Secondary Syphilis,310.0,Arizona,2014.0,Male,35-39 years,35-39,51.0,206608.0,24.68
14882,Primary and Secondary Syphilis,310.0,Arizona,2014.0,Male,40+ years,40+,168.0,1463624.0,11.48
14883,Primary and Secondary Syphilis,310.0,Arkansas,1996.0,Male,0-14 years,0-14,1.0,285807.0,0.35
14884,Primary and Secondary Syphilis,310.0,Arkansas,1996.0,Male,15-19 years,15-19,7.0,101112.0,6.92
14885,Primary and Secondary Syphilis,310.0,Arkansas,1996.0,Male,20-24 years,20-24,25.0,88383.0,28.29
14886,Primary and Secondary Syphilis,310.0,Arkansas,1996.0,Male,25-29 years,25-29,20.0,83923.0,23.83
14887,Primary and Secondary Syphilis,310.0,Arkansas,1996.0,Male,30-34 years,30-34,22.0,91818.0,23.96
14888,Primary and Secondary Syphilis,310.0,Arkansas,1996.0,Male,35-39 years,35-39,17.0,95861.0,17.73
14889,Primary and Secondary Syphilis,310.0,Arkansas,1996.0,Male,40+ years,40+,26.0,501502.0,5.18
14890,Primary and Secondary Syphilis,310.0,Arkansas,1997.0,Male,15-19 years,15-19,14.0,102168.0,13.7
14891,Primary and Secondary Syphilis,310.0,Arkansas,1997.0,Male,20-24 years,20-24,16.0,88949.0,17.99
14892,Primary and Secondary Syphilis,310.0,Arkansas,1997.0,Male,25-29 years,25-29,9.0,86025.0,10.46
14893,Primary and Secondary Syphilis,310.0,Arkansas,1997.0,Male,30-34 years,30-34,2.0,90022.0,2.22
14894,Primary and Secondary Syphilis,310.0,Arkansas,1997.0,Male,35-39 years,35-39,9.0,96909.0,9.29
14895,Primary and Secondary Syphilis,310.0,Arkansas,1997.0,Male,40+ years,40+,20.0,513615.0,3.89
14896,Primary and Secondary Syphilis,310.0,Arkansas,1998.0,Male,15-19 years,15-19,3.0,103032.0,2.91
14897,Primary and Secondary Syphilis,310.0,Arkansas,1998.0,Male,20-24 years,20-24,10.0,89645.0,11.16
14898,Primary and Secondary Syphilis,310.0,Arkansas,1998.0,Male,25-29 years,25-29,9.0,87477.0,10.29
14899,Primary and Secondary Syphilis,310.0,Arkansas,1998.0,Male,30-34 years,30-34,3.0,87967.0,3.41
14900,Primary and Secondary Syphilis,310.0,Arkansas,1998.0,Male,35-39 years,35-39,5.0,97811.0,5.11
14901,Primary and Secondary Syphilis,310.0,Arkansas,1998.0,Male,40+ years,40+,19.0,523698.0,3.63
14902,Primary and Secondary Syphilis,310.0,Arkansas,1999.0,Male,15-19 years,15-19,4.0,102853.0,3.89
14903,Primary and Secondary Syphilis,310.0,Arkansas,1999.0,Male,20-24 years,20-24,2.0,90577.0,2.21
14904,Primary and Secondary Syphilis,310.0,Arkansas,1999.0,Male,25-29 years,25-29,5.0,88654.0,5.64
14905,Primary and Secondary Syphilis,310.0,Arkansas,1999.0,Male,30-34 years,30-34,6.0,87395.0,6.87
14906,Primary and Secondary Syphilis,310.0,Arkansas,1999.0,Male,35-39 years,35-39,13.0,98967.0,13.14
14907,Primary and Secondary Syphilis,310.0,Arkansas,1999.0,Male,40+ years,40+,12.0,535725.0,2.24
14908,Primary and Secondary Syphilis,310.0,Arkansas,1999.0,Male,Unknown,99,1.0,,
14909,Primary and Secondary Syphilis,310.0,Arkansas,2000.0,Male,15-19 years,15-19,6.0,101828.0,5.89
14910,Primary and Secondary Syphilis,310.0,Arkansas,2000.0,Male,20-24 years,20-24,17.0,92668.0,18.35
14911,Primary and Secondary Syphilis,310.0,Arkansas,2000.0,Male,25-29 years,25-29,2.0,88575.0,2.26
14912,Primary and Secondary Syphilis,310.0,Arkansas,2000.0,Male,30-34 years,30-34,9.0,88595.0,10.16
14913,Primary and Secondary Syphilis,310.0,Arkansas,2000.0,Male,35-39 years,35-39,3.0,98820.0,3.04
14914,Primary and Secondary Syphilis,310.0,Arkansas,2000.0,Male,40+ years,40+,9.0,549005.0,1.64
14915,Primary and Secondary Syphilis,310.0,Arkansas,2001.0,Male,20-24 years,20-24,5.0,95375.0,5.24
14916,Primary and Secondary Syphilis,310.0,Arkansas,2001.0,Male,25-29 years,25-29,5.0,87513.0,5.71
14917,Primary and Secondary Syphilis,310.0,Arkansas,2001.0,Male,30-34 years,30-34,6.0,89488.0,6.7
14918,Primary and Secondary Syphilis,310.0,Arkansas,2001.0,Male,35-39 years,35-39,1.0,96955.0,1.03
14919,Primary and Secondary Syphilis,310.0,Arkansas,2001.0,Male,40+ years,40+,5.0,557624.0,0.9
14920,Primary and Secondary Syphilis,310.0,Arkansas,2002.0,Male,25-29 years,25-29,1.0,87625.0,1.14
14921,Primary and Secondary Syphilis,310.0,Arkansas,2002.0,Male,30-34 years,30-34,4.0,90788.0,4.41
14922,Primary and Secondary Syphilis,310.0,Arkansas,2002.0,Male,35-39 years,35-39,2.0,94536.0,2.12
14923,Primary and Secondary Syphilis,310.0,Arkansas,2002.0,Male,40+ years,40+,9.0,565973.0,1.59
14924,Primary and Secondary Syphilis,310.0,Arkansas,2003.0,Male,15-19 years,15-19,6.0,100655.0,5.96
14925,Primary and Secondary Syphilis,310.0,Arkansas,2003.0,Male,20-24 years,20-24,5.0,100766.0,4.96
14926,Primary and Secondary Syphilis,310.0,Arkansas,2003.0,Male,25-29 years,25-29,4.0,88532.0,4.52
14927,Primary and Secondary Syphilis,310.0,Arkansas,2003.0,Male,30-34 years,30-34,5.0,90157.0,5.55
14928,Primary and Secondary Syphilis,310.0,Arkansas,2003.0,Male,40+ years,40+,15.0,572955.0,2.62
14929,Primary and Secondary Syphilis,310.0,Arkansas,2004.0,Male,15-19 years,15-19,8.0,100540.0,7.96
14930,Primary and Secondary Syphilis,310.0,Arkansas,2004.0,Male,20-24 years,20-24,7.0,102915.0,6.8
14931,Primary and Secondary Syphilis,310.0,Arkansas,2004.0,Male,25-29 years,25-29,6.0,91020.0,6.59
14932,Primary and Secondary Syphilis,310.0,Arkansas,2004.0,Male,30-34 years,30-34,2.0,90882.0,2.2
14933,Primary and Secondary Syphilis,310.0,Arkansas,2004.0,Male,35-39 years,35-39,1.0,90579.0,1.1
14934,Primary and Secondary Syphilis,310.0,Arkansas,2004.0,Male,40+ years,40+,5.0,586483.0,0.85
14935,Primary and Secondary Syphilis,310.0,Arkansas,2005.0,Male,15-19 years,15-19,4.0,101202.0,3.95
14936,Primary and Secondary Syphilis,310.0,Arkansas,2005.0,Male,20-24 years,20-24,3.0,103081.0,2.91
14937,Primary and Secondary Syphilis,310.0,Arkansas,2005.0,Male,25-29 years,25-29,8.0,94429.0,8.47
14938,Primary and Secondary Syphilis,310.0,Arkansas,2005.0,Male,30-34 years,30-34,8.0,90621.0,8.83
14939,Primary and Secondary Syphilis,310.0,Arkansas,2005.0,Male,35-39 years,35-39,4.0,90717.0,4.41
14940,Primary and Secondary Syphilis,310.0,Arkansas,2005.0,Male,40+ years,40+,4.0,598057.0,0.67
14941,Primary and Secondary Syphilis,310.0,Arkansas,2006.0,Male,15-19 years,15-19,1.0,101082.0,0.99
14942,Primary and Secondary Syphilis,310.0,Arkansas,2006.0,Male,20-24 years,20-24,13.0,98977.0,13.13
14943,Primary and Secondary Syphilis,310.0,Arkansas,2006.0,Male,25-29 years,25-29,4.0,101868.0,3.93
14944,Primary and Secondary Syphilis,310.0,Arkansas,2006.0,Male,30-34 years,30-34,4.0,88713.0,4.51
14945,Primary and Secondary Syphilis,310.0,Arkansas,2006.0,Male,35-39 years,35-39,4.0,91410.0,4.38
14946,Primary and Secondary Syphilis,310.0,Arkansas,2006.0,Male,40+ years,40+,16.0,604687.0,2.65
14947,Primary and Secondary Syphilis,310.0,Arkansas,2007.0,Male,15-19 years,15-19,3.0,101445.0,2.96
14948,Primary and Secondary Syphilis,310.0,Arkansas,2007.0,Male,20-24 years,20-24,6.0,96323.0,6.23
14949,Primary and Secondary Syphilis,310.0,Arkansas,2007.0,Male,25-29 years,25-29,9.0,101819.0,8.84
14950,Primary and Secondary Syphilis,310.0,Arkansas,2007.0,Male,30-34 years,30-34,11.0,89367.0,12.31
14951,Primary and Secondary Syphilis,310.0,Arkansas,2007.0,Male,35-39 years,35-39,8.0,92109.0,8.69
14952,Primary and Secondary Syphilis,310.0,Arkansas,2007.0,Male,40+ years,40+,35.0,611924.0,5.72
14953,Primary and Secondary Syphilis,310.0,Arkansas,2008.0,Male,15-19 years,15-19,6.0,101179.0,5.93
14954,Primary and Secondary Syphilis,310.0,Arkansas,2008.0,Male,20-24 years,20-24,25.0,95458.0,26.19
14955,Primary and Secondary Syphilis,310.0,Arkansas,2008.0,Male,25-29 years,25-29,31.0,101970.0,30.4
14956,Primary and Secondary Syphilis,310.0,Arkansas,2008.0,Male,30-34 years,30-34,17.0,90333.0,18.82
14957,Primary and Secondary Syphilis,310.0,Arkansas,2008.0,Male,35-39 years,35-39,14.0,92312.0,15.17
14958,Primary and Secondary Syphilis,310.0,Arkansas,2008.0,Male,40+ years,40+,32.0,619629.0,5.16
14959,Primary and Secondary Syphilis,310.0,Arkansas,2009.0,Male,15-19 years,15-19,17.0,102166.0,16.64
14960,Primary and Secondary Syphilis,310.0,Arkansas,2009.0,Male,20-24 years,20-24,49.0,97847.0,50.08
14961,Primary and Secondary Syphilis,310.0,Arkansas,2009.0,Male,25-29 years,25-29,24.0,102880.0,23.33
14962,Primary and Secondary Syphilis,310.0,Arkansas,2009.0,Male,30-34 years,30-34,16.0,93406.0,17.13
14963,Primary and Secondary Syphilis,310.0,Arkansas,2009.0,Male,35-39 years,35-39,12.0,91511.0,13.11
14964,Primary and Secondary Syphilis,310.0,Arkansas,2009.0,Male,40+ years,40+,53.0,625422.0,8.47
14965,Primary and Secondary Syphilis,310.0,Arkansas,2010.0,Male,15-19 years,15-19,3.0,104178.0,2.88
14966,Primary and Secondary Syphilis,310.0,Arkansas,2010.0,Male,20-24 years,20-24,34.0,100801.0,33.73
14967,Primary and Secondary Syphilis,310.0,Arkansas,2010.0,Male,25-29 years,25-29,20.0,96155.0,20.8
14968,Primary and Secondary Syphilis,310.0,Arkansas,2010.0,Male,30-34 years,30-34,22.0,92277.0,23.84
14969,Primary and Secondary Syphilis,310.0,Arkansas,2010.0,Male,35-39 years,35-39,16.0,91484.0,17.49
14970,Primary and Secondary Syphilis,310.0,Arkansas,2010.0,Male,40+ years,40+,28.0,644025.0,4.35
14971,Primary and Secondary Syphilis,310.0,Arkansas,2011.0,Male,0-14 years,0-14,1.0,303213.0,0.33
14972,Primary and Secondary Syphilis,310.0,Arkansas,2011.0,Male,15-19 years,15-19,7.0,100864.0,6.94
14973,Primary and Secondary Syphilis,310.0,Arkansas,2011.0,Male,20-24 years,20-24,34.0,104010.0,32.69
14974,Primary and Secondary Syphilis,310.0,Arkansas,2011.0,Male,25-29 years,25-29,22.0,96715.0,22.75
14975,Primary and Secondary Syphilis,310.0,Arkansas,2011.0,Male,30-34 years,30-34,19.0,94869.0,20.03
14976,Primary and Secondary Syphilis,310.0,Arkansas,2011.0,Male,35-39 years,35-39,5.0,89262.0,5.6
14977,Primary and Secondary Syphilis,310.0,Arkansas,2011.0,Male,40+ years,40+,18.0,653846.0,2.75
14978,Primary and Secondary Syphilis,310.0,Arkansas,2012.0,Male,0-14 years,0-14,1.0,303619.0,0.33
14979,Primary and Secondary Syphilis,310.0,Arkansas,2012.0,Male,15-19 years,15-19,9.0,99959.0,9.0
14980,Primary and Secondary Syphilis,310.0,Arkansas,2012.0,Male,20-24 years,20-24,19.0,105588.0,17.99
14981,Primary and Secondary Syphilis,310.0,Arkansas,2012.0,Male,25-29 years,25-29,18.0,96993.0,18.56
14982,Primary and Secondary Syphilis,310.0,Arkansas,2012.0,Male,30-34 years,30-34,23.0,95895.0,23.98
14983,Primary and Secondary Syphilis,310.0,Arkansas,2012.0,Male,35-39 years,35-39,10.0,88746.0,11.27
14984,Primary and Secondary Syphilis,310.0,Arkansas,2012.0,Male,40+ years,40+,44.0,657690.0,6.69
14985,Primary and Secondary Syphilis,310.0,Arkansas,2013.0,Male,15-19 years,15-19,3.0,100073.0,3.0
14986,Primary and Secondary Syphilis,310.0,Arkansas,2013.0,Male,20-24 years,20-24,28.0,107189.0,26.12
14987,Primary and Secondary Syphilis,310.0,Arkansas,2013.0,Male,25-29 years,25-29,32.0,96140.0,33.28
14988,Primary and Secondary Syphilis,310.0,Arkansas,2013.0,Male,30-34 years,30-34,16.0,96986.0,16.5
14989,Primary and Secondary Syphilis,310.0,Arkansas,2013.0,Male,35-39 years,35-39,15.0,88929.0,16.87
14990,Primary and Secondary Syphilis,310.0,Arkansas,2013.0,Male,40+ years,40+,39.0,661992.0,5.89
14991,Primary and Secondary Syphilis,310.0,Arkansas,2014.0,Male,15-19 years,15-19,5.0,100073.0,5.0
14992,Primary and Secondary Syphilis,310.0,Arkansas,2014.0,Male,20-24 years,20-24,23.0,107189.0,21.46
14993,Primary and Secondary Syphilis,310.0,Arkansas,2014.0,Male,25-29 years,25-29,21.0,96140.0,21.84
14994,Primary and Secondary Syphilis,310.0,Arkansas,2014.0,Male,30-34 years,30-34,15.0,96986.0,15.47
14995,Primary and Secondary Syphilis,310.0,Arkansas,2014.0,Male,35-39 years,35-39,11.0,88929.0,12.37
14996,Primary and Secondary Syphilis,310.0,Arkansas,2014.0,Male,40+ years,40+,23.0,661992.0,3.47
14997,Primary and Secondary Syphilis,310.0,California,1996.0,Male,15-19 years,15-19,9.0,1131168.0,0.8
14998,Primary and Secondary Syphilis,310.0,California,1996.0,Male,20-24 years,20-24,27.0,1123757.0,2.4
14999,Primary and Secondary Syphilis,310.0,California,1996.0,Male,25-29 years,25-29,53.0,1360780.0,3.89
15000,Primary and Secondary Syphilis,310.0,California,1996.0,Male,30-34 years,30-34,63.0,1466798.0,4.3
15001,Primary and Secondary Syphilis,310.0,California,1996.0,Male,35-39 years,35-39,59.0,1398798.0,4.22
15002,Primary and Secondary Syphilis,310.0,California,1996.0,Male,40+ years,40+,108.0,5538373.0,1.95
15003,Primary and Secondary Syphilis,310.0,California,1996.0,Male,Unknown,99,4.0,,
15004,Primary and Secondary Syphilis,310.0,California,1997.0,Male,15-19 years,15-19,12.0,1170839.0,1.02
15005,Primary and Secondary Syphilis,310.0,California,1997.0,Male,20-24 years,20-24,36.0,1136292.0,3.17
15006,Primary and Secondary Syphilis,310.0,California,1997.0,Male,25-29 years,25-29,51.0,1351184.0,3.77
15007,Primary and Secondary Syphilis,310.0,California,1997.0,Male,30-34 years,30-34,40.0,1443593.0,2.77
15008,Primary and Secondary Syphilis,310.0,California,1997.0,Male,35-39 years,35-39,47.0,1416511.0,3.32
15009,Primary and Secondary Syphilis,310.0,California,1997.0,Male,40+ years,40+,82.0,5723615.0,1.43
15010,Primary and Secondary Syphilis,310.0,California,1998.0,Male,0-14 years,0-14,1.0,3961522.0,0.03
15011,Primary and Secondary Syphilis,310.0,California,1998.0,Male,15-19 years,15-19,6.0,1214096.0,0.49
15012,Primary and Secondary Syphilis,310.0,California,1998.0,Male,20-24 years,20-24,13.0,1162970.0,1.12
15013,Primary and Secondary Syphilis,310.0,California,1998.0,Male,25-29 years,25-29,34.0,1341572.0,2.53
15014,Primary and Secondary Syphilis,310.0,California,1998.0,Male,30-34 years,30-34,32.0,1417994.0,2.26
15015,Primary and Secondary Syphilis,310.0,California,1998.0,Male,35-39 years,35-39,41.0,1432570.0,2.86
15016,Primary and Secondary Syphilis,310.0,California,1998.0,Male,40+ years,40+,68.0,5924688.0,1.15
15017,Primary and Secondary Syphilis,310.0,California,1999.0,Male,0-14 years,0-14,1.0,3973646.0,0.03
15018,Primary and Secondary Syphilis,310.0,California,1999.0,Male,15-19 years,15-19,8.0,1248484.0,0.64
15019,Primary and Secondary Syphilis,310.0,California,1999.0,Male,20-24 years,20-24,21.0,1207242.0,1.74
15020,Primary and Secondary Syphilis,310.0,California,1999.0,Male,25-29 years,25-29,36.0,1322659.0,2.72
15021,Primary and Secondary Syphilis,310.0,California,1999.0,Male,30-34 years,30-34,46.0,1396298.0,3.29
15022,Primary and Secondary Syphilis,310.0,California,1999.0,Male,35-39 years,35-39,28.0,1438823.0,1.95
15023,Primary and Secondary Syphilis,310.0,California,1999.0,Male,40+ years,40+,67.0,6111891.0,1.1
15024,Primary and Secondary Syphilis,310.0,California,2000.0,Male,15-19 years,15-19,5.0,1275268.0,0.39
15025,Primary and Secondary Syphilis,310.0,California,2000.0,Male,20-24 years,20-24,20.0,1254378.0,1.59
15026,Primary and Secondary Syphilis,310.0,California,2000.0,Male,25-29 years,25-29,31.0,1308478.0,2.37
15027,Primary and Secondary Syphilis,310.0,California,2000.0,Male,30-34 years,30-34,62.0,1388823.0,4.46
15028,Primary and Secondary Syphilis,310.0,California,2000.0,Male,35-39 years,35-39,65.0,1426035.0,4.56
15029,Primary and Secondary Syphilis,310.0,California,2000.0,Male,40+ years,40+,89.0,6284318.0,1.42
15030,Primary and Secondary Syphilis,310.0,California,2001.0,Male,15-19 years,15-19,12.0,1285060.0,0.93
15031,Primary and Secondary Syphilis,310.0,California,2001.0,Male,20-24 years,20-24,38.0,1292119.0,2.94
15032,Primary and Secondary Syphilis,310.0,California,2001.0,Male,25-29 years,25-29,66.0,1318386.0,5.01
15033,Primary and Secondary Syphilis,310.0,California,2001.0,Male,30-34 years,30-34,102.0,1415922.0,7.2
15034,Primary and Secondary Syphilis,310.0,California,2001.0,Male,35-39 years,35-39,123.0,1426933.0,8.62
15035,Primary and Secondary Syphilis,310.0,California,2001.0,Male,40+ years,40+,160.0,6470266.0,2.47
15036,Primary and Secondary Syphilis,310.0,California,2002.0,Male,0-14 years,0-14,4.0,4066543.0,0.1
15037,Primary and Secondary Syphilis,310.0,California,2002.0,Male,15-19 years,15-19,10.0,1297505.0,0.77
15038,Primary and Secondary Syphilis,310.0,California,2002.0,Male,20-24 years,20-24,65.0,1332378.0,4.88
15039,Primary and Secondary Syphilis,310.0,California,2002.0,Male,25-29 years,25-29,105.0,1332068.0,7.88
15040,Primary and Secondary Syphilis,310.0,California,2002.0,Male,30-34 years,30-34,174.0,1435259.0,12.12
15041,Primary and Secondary Syphilis,310.0,California,2002.0,Male,35-39 years,35-39,263.0,1416069.0,18.57
15042,Primary and Secondary Syphilis,310.0,California,2002.0,Male,40+ years,40+,373.0,6636630.0,5.62
15043,Primary and Secondary Syphilis,310.0,California,2003.0,Male,0-14 years,0-14,1.0,4042942.0,0.02
15044,Primary and Secondary Syphilis,310.0,California,2003.0,Male,15-19 years,15-19,13.0,1299563.0,1.0
15045,Primary and Secondary Syphilis,310.0,California,2003.0,Male,20-24 years,20-24,90.0,1346312.0,6.68
15046,Primary and Secondary Syphilis,310.0,California,2003.0,Male,25-29 years,25-29,134.0,1317611.0,10.17
15047,Primary and Secondary Syphilis,310.0,California,2003.0,Male,30-34 years,30-34,227.0,1421707.0,15.97
15048,Primary and Secondary Syphilis,310.0,California,2003.0,Male,35-39 years,35-39,322.0,1412564.0,22.8
15049,Primary and Secondary Syphilis,310.0,California,2003.0,Male,40+ years,40+,455.0,6870495.0,6.62
15050,Primary and Secondary Syphilis,310.0,California,2003.0,Male,Unknown,99,3.0,,
15051,Primary and Secondary Syphilis,310.0,California,2004.0,Male,0-14 years,0-14,1.0,4109156.0,0.02
15052,Primary and Secondary Syphilis,310.0,California,2004.0,Male,15-19 years,15-19,12.0,1325890.0,0.91
15053,Primary and Secondary Syphilis,310.0,California,2004.0,Male,20-24 years,20-24,92.0,1350655.0,6.81
15054,Primary and Secondary Syphilis,310.0,California,2004.0,Male,25-29 years,25-29,165.0,1322985.0,12.47
15055,Primary and Secondary Syphilis,310.0,California,2004.0,Male,30-34 years,30-34,202.0,1398361.0,14.45
15056,Primary and Secondary Syphilis,310.0,California,2004.0,Male,35-39 years,35-39,282.0,1397707.0,20.18
15057,Primary and Secondary Syphilis,310.0,California,2004.0,Male,40+ years,40+,537.0,7008963.0,7.66
15058,Primary and Secondary Syphilis,310.0,California,2005.0,Male,15-19 years,15-19,22.0,1357650.0,1.62
15059,Primary and Secondary Syphilis,310.0,California,2005.0,Male,20-24 years,20-24,110.0,1342255.0,8.2
15060,Primary and Secondary Syphilis,310.0,California,2005.0,Male,25-29 years,25-29,169.0,1329658.0,12.71
15061,Primary and Secondary Syphilis,310.0,California,2005.0,Male,30-34 years,30-34,232.0,1359701.0,17.06
15062,Primary and Secondary Syphilis,310.0,California,2005.0,Male,35-39 years,35-39,301.0,1395799.0,21.56
15063,Primary and Secondary Syphilis,310.0,California,2005.0,Male,40+ years,40+,629.0,7130087.0,8.82
15064,Primary and Secondary Syphilis,310.0,California,2006.0,Male,0-14 years,0-14,1.0,4037516.0,0.02
15065,Primary and Secondary Syphilis,310.0,California,2006.0,Male,15-19 years,15-19,36.0,1398635.0,2.57
15066,Primary and Secondary Syphilis,310.0,California,2006.0,Male,20-24 years,20-24,148.0,1419807.0,10.42
15067,Primary and Secondary Syphilis,310.0,California,2006.0,Male,25-29 years,25-29,225.0,1380984.0,16.29
15068,Primary and Secondary Syphilis,310.0,California,2006.0,Male,30-34 years,30-34,212.0,1352018.0,15.68
15069,Primary and Secondary Syphilis,310.0,California,2006.0,Male,35-39 years,35-39,353.0,1409880.0,25.04
15070,Primary and Secondary Syphilis,310.0,California,2006.0,Male,40+ years,40+,725.0,7225604.0,10.03
15071,Primary and Secondary Syphilis,310.0,California,2006.0,Male,Unknown,99,6.0,,
15072,Primary and Secondary Syphilis,310.0,California,2007.0,Male,15-19 years,15-19,43.0,1420566.0,3.03
15073,Primary and Secondary Syphilis,310.0,California,2007.0,Male,20-24 years,20-24,228.0,1424714.0,16.0
15074,Primary and Secondary Syphilis,310.0,California,2007.0,Male,25-29 years,25-29,310.0,1401360.0,22.12
15075,Primary and Secondary Syphilis,310.0,California,2007.0,Male,30-34 years,30-34,234.0,1329514.0,17.6
15076,Primary and Secondary Syphilis,310.0,California,2007.0,Male,35-39 years,35-39,324.0,1399459.0,23.15
15077,Primary and Secondary Syphilis,310.0,California,2007.0,Male,40+ years,40+,780.0,7350764.0,10.61
15078,Primary and Secondary Syphilis,310.0,California,2007.0,Male,Unknown,99,2.0,,
15079,Primary and Secondary Syphilis,310.0,California,2008.0,Male,15-19 years,15-19,61.0,1421282.0,4.29
15080,Primary and Secondary Syphilis,310.0,California,2008.0,Male,20-24 years,20-24,258.0,1415664.0,18.22
15081,Primary and Secondary Syphilis,310.0,California,2008.0,Male,25-29 years,25-29,299.0,1425076.0,20.98
15082,Primary and Secondary Syphilis,310.0,California,2008.0,Male,30-34 years,30-34,309.0,1322554.0,23.36
15083,Primary and Secondary Syphilis,310.0,California,2008.0,Male,35-39 years,35-39,312.0,1379968.0,22.61
15084,Primary and Secondary Syphilis,310.0,California,2008.0,Male,40+ years,40+,853.0,7466590.0,11.42
15085,Primary and Secondary Syphilis,310.0,California,2009.0,Male,0-14 years,0-14,1.0,4006928.0,0.02
15086,Primary and Secondary Syphilis,310.0,California,2009.0,Male,15-19 years,15-19,60.0,1392398.0,4.31
15087,Primary and Secondary Syphilis,310.0,California,2009.0,Male,20-24 years,20-24,277.0,1386146.0,19.98
15088,Primary and Secondary Syphilis,310.0,California,2009.0,Male,25-29 years,25-29,289.0,1460862.0,19.78
15089,Primary and Secondary Syphilis,310.0,California,2009.0,Male,30-34 years,30-34,236.0,1349527.0,17.49
15090,Primary and Secondary Syphilis,310.0,California,2009.0,Male,35-39 years,35-39,228.0,1346991.0,16.93
15091,Primary and Secondary Syphilis,310.0,California,2009.0,Male,40+ years,40+,729.0,7562350.0,9.64
15092,Primary and Secondary Syphilis,310.0,California,2009.0,Male,Unknown,99,1.0,,
15093,Primary and Secondary Syphilis,310.0,California,2010.0,Male,0-14 years,0-14,2.0,3899534.0,0.05
15094,Primary and Secondary Syphilis,310.0,California,2010.0,Male,15-19 years,15-19,66.0,1455082.0,4.54
15095,Primary and Secondary Syphilis,310.0,California,2010.0,Male,20-24 years,20-24,268.0,1440785.0,18.6
15096,Primary and Secondary Syphilis,310.0,California,2010.0,Male,25-29 years,25-29,312.0,1408698.0,22.15
15097,Primary and Secondary Syphilis,310.0,California,2010.0,Male,30-34 years,30-34,304.0,1304347.0,23.31
15098,Primary and Secondary Syphilis,310.0,California,2010.0,Male,35-39 years,35-39,251.0,1291370.0,19.44
15099,Primary and Secondary Syphilis,310.0,California,2010.0,Male,40+ years,40+,785.0,7718014.0,10.17
15100,Primary and Secondary Syphilis,310.0,California,2010.0,Male,Unknown,99,2.0,,
15101,Primary and Secondary Syphilis,310.0,California,2011.0,Male,15-19 years,15-19,74.0,1420449.0,5.21
15102,Primary and Secondary Syphilis,310.0,California,2011.0,Male,20-24 years,20-24,342.0,1487215.0,23.0
15103,Primary and Secondary Syphilis,310.0,California,2011.0,Male,25-29 years,25-29,397.0,1432358.0,27.72
15104,Primary and Secondary Syphilis,310.0,California,2011.0,Male,30-34 years,30-34,310.0,1341241.0,23.11
15105,Primary and Secondary Syphilis,310.0,California,2011.0,Male,35-39 years,35-39,258.0,1267242.0,20.36
15106,Primary and Secondary Syphilis,310.0,California,2011.0,Male,40+ years,40+,945.0,7900155.0,11.96
15107,Primary and Secondary Syphilis,310.0,California,2011.0,Male,Unknown,99,1.0,,
15108,Primary and Secondary Syphilis,310.0,California,2012.0,Male,15-19 years,15-19,81.0,1394867.0,5.81
15109,Primary and Secondary Syphilis,310.0,California,2012.0,Male,20-24 years,20-24,434.0,1514586.0,28.65
15110,Primary and Secondary Syphilis,310.0,California,2012.0,Male,25-29 years,25-29,481.0,1444636.0,33.3
15111,Primary and Secondary Syphilis,310.0,California,2012.0,Male,30-34 years,30-34,406.0,1371011.0,29.61
15112,Primary and Secondary Syphilis,310.0,California,2012.0,Male,35-39 years,35-39,298.0,1264764.0,23.56
15113,Primary and Secondary Syphilis,310.0,California,2012.0,Male,40+ years,40+,1120.0,8030037.0,13.95
15114,Primary and Secondary Syphilis,310.0,California,2012.0,Male,Unknown,99,3.0,,
15115,Primary and Secondary Syphilis,310.0,California,2013.0,Male,0-14 years,0-14,4.0,3883364.0,0.1
15116,Primary and Secondary Syphilis,310.0,California,2013.0,Male,15-19 years,15-19,127.0,1365634.0,9.3
15117,Primary and Secondary Syphilis,310.0,California,2013.0,Male,20-24 years,20-24,550.0,1516006.0,36.28
15118,Primary and Secondary Syphilis,310.0,California,2013.0,Male,25-29 years,25-29,587.0,1472728.0,39.86
15119,Primary and Secondary Syphilis,310.0,California,2013.0,Male,30-34 years,30-34,468.0,1404116.0,33.33
15120,Primary and Secondary Syphilis,310.0,California,2013.0,Male,35-39 years,35-39,378.0,1272599.0,29.7
15121,Primary and Secondary Syphilis,310.0,California,2013.0,Male,40+ years,40+,1201.0,8149749.0,14.74
15122,Primary and Secondary Syphilis,310.0,California,2013.0,Male,Unknown,99,4.0,,
15123,Primary and Secondary Syphilis,310.0,California,2014.0,Male,15-19 years,15-19,120.0,1365634.0,8.79
15124,Primary and Secondary Syphilis,310.0,California,2014.0,Male,20-24 years,20-24,515.0,1516006.0,33.97
15125,Primary and Secondary Syphilis,310.0,California,2014.0,Male,25-29 years,25-29,631.0,1472728.0,42.85
15126,Primary and Secondary Syphilis,310.0,California,2014.0,Male,30-34 years,30-34,498.0,1404116.0,35.47
15127,Primary and Secondary Syphilis,310.0,California,2014.0,Male,35-39 years,35-39,378.0,1272599.0,29.7
15128,Primary and Secondary Syphilis,310.0,California,2014.0,Male,40+ years,40+,1370.0,8149749.0,16.81
15129,Primary and Secondary Syphilis,310.0,California,2014.0,Male,Unknown,99,3.0,,
15130,Primary and Secondary Syphilis,310.0,Colorado,1996.0,Male,15-19 years,15-19,1.0,139377.0,0.72
15131,Primary and Secondary Syphilis,310.0,Colorado,1996.0,Male,20-24 years,20-24,5.0,137054.0,3.65
15132,Primary and Secondary Syphilis,310.0,Colorado,1996.0,Male,25-29 years,25-29,2.0,157050.0,1.27
15133,Primary and Secondary Syphilis,310.0,Colorado,1996.0,Male,35-39 years,35-39,3.0,189140.0,1.59
15134,Primary and Secondary Syphilis,310.0,Colorado,1996.0,Male,40+ years,40+,5.0,730603.0,0.68
15135,Primary and Secondary Syphilis,310.0,Colorado,1997.0,Male,20-24 years,20-24,1.0,141363.0,0.71
15136,Primary and Secondary Syphilis,310.0,Colorado,1997.0,Male,30-34 years,30-34,1.0,172005.0,0.58
15137,Primary and Secondary Syphilis,310.0,Colorado,1997.0,Male,35-39 years,35-39,2.0,190183.0,1.05
15138,Primary and Secondary Syphilis,310.0,Colorado,1997.0,Male,40+ years,40+,6.0,759931.0,0.79
15139,Primary and Secondary Syphilis,310.0,Colorado,1998.0,Male,20-24 years,20-24,1.0,147549.0,0.68
15140,Primary and Secondary Syphilis,310.0,Colorado,1998.0,Male,25-29 years,25-29,1.0,167700.0,0.6
15141,Primary and Secondary Syphilis,310.0,Colorado,1998.0,Male,30-34 years,30-34,2.0,169133.0,1.18
15142,Primary and Secondary Syphilis,310.0,Colorado,1998.0,Male,35-39 years,35-39,1.0,189606.0,0.53
15143,Primary and Secondary Syphilis,310.0,Colorado,1998.0,Male,40+ years,40+,2.0,786942.0,0.25
15144,Primary and Secondary Syphilis,310.0,Colorado,1999.0,Male,40+ years,40+,2.0,817692.0,0.24
15145,Primary and Secondary Syphilis,310.0,Colorado,2000.0,Male,20-24 years,20-24,2.0,162545.0,1.23
15146,Primary and Secondary Syphilis,310.0,Colorado,2000.0,Male,30-34 years,30-34,1.0,173349.0,0.58
15147,Primary and Secondary Syphilis,310.0,Colorado,2000.0,Male,35-39 years,35-39,3.0,183511.0,1.63
15148,Primary and Secondary Syphilis,310.0,Colorado,2000.0,Male,40+ years,40+,4.0,842321.0,0.47
15149,Primary and Secondary Syphilis,310.0,Colorado,2001.0,Male,25-29 years,25-29,4.0,173429.0,2.31
15150,Primary and Secondary Syphilis,310.0,Colorado,2001.0,Male,30-34 years,30-34,3.0,181243.0,1.66
15151,Primary and Secondary Syphilis,310.0,Colorado,2001.0,Male,35-39 years,35-39,4.0,182099.0,2.2
15152,Primary and Secondary Syphilis,310.0,Colorado,2001.0,Male,40+ years,40+,7.0,879548.0,0.8
15153,Primary and Secondary Syphilis,310.0,Colorado,2002.0,Male,20-24 years,20-24,4.0,169866.0,2.35
15154,Primary and Secondary Syphilis,310.0,Colorado,2002.0,Male,25-29 years,25-29,4.0,173144.0,2.31
15155,Primary and Secondary Syphilis,310.0,Colorado,2002.0,Male,30-34 years,30-34,10.0,186470.0,5.36
15156,Primary and Secondary Syphilis,310.0,Colorado,2002.0,Male,35-39 years,35-39,19.0,178366.0,10.65
15157,Primary and Secondary Syphilis,310.0,Colorado,2002.0,Male,40+ years,40+,25.0,905798.0,2.76
15158,Primary and Secondary Syphilis,310.0,Colorado,2003.0,Male,20-24 years,20-24,2.0,174930.0,1.14
15159,Primary and Secondary Syphilis,310.0,Colorado,2003.0,Male,25-29 years,25-29,2.0,183388.0,1.09
15160,Primary and Secondary Syphilis,310.0,Colorado,2003.0,Male,30-34 years,30-34,9.0,194295.0,4.63
15161,Primary and Secondary Syphilis,310.0,Colorado,2003.0,Male,35-39 years,35-39,7.0,177382.0,3.95
15162,Primary and Secondary Syphilis,310.0,Colorado,2003.0,Male,40+ years,40+,14.0,909242.0,1.54
15163,Primary and Secondary Syphilis,310.0,Colorado,2004.0,Male,15-19 years,15-19,1.0,164492.0,0.61
15164,Primary and Secondary Syphilis,310.0,Colorado,2004.0,Male,20-24 years,20-24,6.0,174682.0,3.43
15165,Primary and Secondary Syphilis,310.0,Colorado,2004.0,Male,25-29 years,25-29,6.0,185080.0,3.24
15166,Primary and Secondary Syphilis,310.0,Colorado,2004.0,Male,30-34 years,30-34,12.0,194055.0,6.18
15167,Primary and Secondary Syphilis,310.0,Colorado,2004.0,Male,35-39 years,35-39,10.0,175896.0,5.69
15168,Primary and Secondary Syphilis,310.0,Colorado,2004.0,Male,40+ years,40+,21.0,922592.0,2.28
15169,Primary and Secondary Syphilis,310.0,Colorado,2005.0,Male,15-19 years,15-19,1.0,166002.0,0.6
15170,Primary and Secondary Syphilis,310.0,Colorado,2005.0,Male,20-24 years,20-24,4.0,177749.0,2.25
15171,Primary and Secondary Syphilis,310.0,Colorado,2005.0,Male,25-29 years,25-29,2.0,189969.0,1.05
15172,Primary and Secondary Syphilis,310.0,Colorado,2005.0,Male,30-34 years,30-34,8.0,194378.0,4.12
15173,Primary and Secondary Syphilis,310.0,Colorado,2005.0,Male,35-39 years,35-39,15.0,180585.0,8.31
15174,Primary and Secondary Syphilis,310.0,Colorado,2005.0,Male,40+ years,40+,14.0,942794.0,1.48
15175,Primary and Secondary Syphilis,310.0,Colorado,2006.0,Male,15-19 years,15-19,2.0,165018.0,1.21
15176,Primary and Secondary Syphilis,310.0,Colorado,2006.0,Male,20-24 years,20-24,13.0,177646.0,7.32
15177,Primary and Secondary Syphilis,310.0,Colorado,2006.0,Male,25-29 years,25-29,8.0,193521.0,4.13
15178,Primary and Secondary Syphilis,310.0,Colorado,2006.0,Male,30-34 years,30-34,8.0,182729.0,4.38
15179,Primary and Secondary Syphilis,310.0,Colorado,2006.0,Male,35-39 years,35-39,5.0,184210.0,2.71
15180,Primary and Secondary Syphilis,310.0,Colorado,2006.0,Male,40+ years,40+,28.0,991581.0,2.82
15181,Primary and Secondary Syphilis,310.0,Colorado,2007.0,Male,15-19 years,15-19,1.0,166265.0,0.6
15182,Primary and Secondary Syphilis,310.0,Colorado,2007.0,Male,20-24 years,20-24,9.0,179099.0,5.03
15183,Primary and Secondary Syphilis,310.0,Colorado,2007.0,Male,25-29 years,25-29,8.0,200607.0,3.99
15184,Primary and Secondary Syphilis,310.0,Colorado,2007.0,Male,30-34 years,30-34,8.0,184460.0,4.34
15185,Primary and Secondary Syphilis,310.0,Colorado,2007.0,Male,35-39 years,35-39,6.0,190355.0,3.15
15186,Primary and Secondary Syphilis,310.0,Colorado,2007.0,Male,40+ years,40+,23.0,1022078.0,2.25
15187,Primary and Secondary Syphilis,310.0,Colorado,2008.0,Male,15-19 years,15-19,4.0,167390.0,2.39
15188,Primary and Secondary Syphilis,310.0,Colorado,2008.0,Male,20-24 years,20-24,24.0,180496.0,13.3
15189,Primary and Secondary Syphilis,310.0,Colorado,2008.0,Male,25-29 years,25-29,23.0,203612.0,11.3
15190,Primary and Secondary Syphilis,310.0,Colorado,2008.0,Male,30-34 years,30-34,13.0,186967.0,6.95
15191,Primary and Secondary Syphilis,310.0,Colorado,2008.0,Male,35-39 years,35-39,19.0,191878.0,9.9
15192,Primary and Secondary Syphilis,310.0,Colorado,2008.0,Male,40+ years,40+,40.0,1044679.0,3.83
15193,Primary and Secondary Syphilis,310.0,Colorado,2008.0,Male,Unknown,99,2.0,,
15194,Primary and Secondary Syphilis,310.0,Colorado,2009.0,Male,15-19 years,15-19,2.0,173065.0,1.16
15195,Primary and Secondary Syphilis,310.0,Colorado,2009.0,Male,20-24 years,20-24,13.0,191035.0,6.81
15196,Primary and Secondary Syphilis,310.0,Colorado,2009.0,Male,25-29 years,25-29,12.0,198683.0,6.04
15197,Primary and Secondary Syphilis,310.0,Colorado,2009.0,Male,30-34 years,30-34,14.0,183735.0,7.62
15198,Primary and Secondary Syphilis,310.0,Colorado,2009.0,Male,35-39 years,35-39,17.0,190344.0,8.93
15199,Primary and Secondary Syphilis,310.0,Colorado,2009.0,Male,40+ years,40+,41.0,1066966.0,3.84
15200,Primary and Secondary Syphilis,310.0,Colorado,2010.0,Male,15-19 years,15-19,6.0,175730.0,3.41
15201,Primary and Secondary Syphilis,310.0,Colorado,2010.0,Male,20-24 years,20-24,17.0,181765.0,9.35
15202,Primary and Secondary Syphilis,310.0,Colorado,2010.0,Male,25-29 years,25-29,17.0,192007.0,8.85
15203,Primary and Secondary Syphilis,310.0,Colorado,2010.0,Male,30-34 years,30-34,19.0,181317.0,10.48
15204,Primary and Secondary Syphilis,310.0,Colorado,2010.0,Male,35-39 years,35-39,16.0,182350.0,8.77
15205,Primary and Secondary Syphilis,310.0,Colorado,2010.0,Male,40+ years,40+,61.0,1083158.0,5.63
15206,Primary and Secondary Syphilis,310.0,Colorado,2011.0,Male,15-19 years,15-19,1.0,176243.0,0.57
15207,Primary and Secondary Syphilis,310.0,Colorado,2011.0,Male,20-24 years,20-24,18.0,187764.0,9.59
15208,Primary and Secondary Syphilis,310.0,Colorado,2011.0,Male,25-29 years,25-29,28.0,196445.0,14.25
15209,Primary and Secondary Syphilis,310.0,Colorado,2011.0,Male,30-34 years,30-34,18.0,188335.0,9.56
15210,Primary and Secondary Syphilis,310.0,Colorado,2011.0,Male,35-39 years,35-39,16.0,178373.0,8.97
15211,Primary and Secondary Syphilis,310.0,Colorado,2011.0,Male,40+ years,40+,48.0,1112672.0,4.31
15212,Primary and Secondary Syphilis,310.0,Colorado,2012.0,Male,15-19 years,15-19,2.0,175945.0,1.14
15213,Primary and Secondary Syphilis,310.0,Colorado,2012.0,Male,20-24 years,20-24,25.0,190417.0,13.13
15214,Primary and Secondary Syphilis,310.0,Colorado,2012.0,Male,25-29 years,25-29,27.0,199981.0,13.5
15215,Primary and Secondary Syphilis,310.0,Colorado,2012.0,Male,30-34 years,30-34,37.0,193883.0,19.08
15216,Primary and Secondary Syphilis,310.0,Colorado,2012.0,Male,35-39 years,35-39,28.0,178123.0,15.72
15217,Primary and Secondary Syphilis,310.0,Colorado,2012.0,Male,40+ years,40+,86.0,1136466.0,7.57
15218,Primary and Secondary Syphilis,310.0,Colorado,2013.0,Male,15-19 years,15-19,1.0,175756.0,0.57
15219,Primary and Secondary Syphilis,310.0,Colorado,2013.0,Male,20-24 years,20-24,32.0,195885.0,16.34
15220,Primary and Secondary Syphilis,310.0,Colorado,2013.0,Male,25-29 years,25-29,25.0,204111.0,12.25
15221,Primary and Secondary Syphilis,310.0,Colorado,2013.0,Male,30-34 years,30-34,26.0,200185.0,12.99
15222,Primary and Secondary Syphilis,310.0,Colorado,2013.0,Male,35-39 years,35-39,17.0,181134.0,9.39
15223,Primary and Secondary Syphilis,310.0,Colorado,2013.0,Male,40+ years,40+,58.0,1157305.0,5.01
15224,Primary and Secondary Syphilis,310.0,Colorado,2014.0,Male,15-19 years,15-19,8.0,175756.0,4.55
15225,Primary and Secondary Syphilis,310.0,Colorado,2014.0,Male,20-24 years,20-24,44.0,195885.0,22.46
15226,Primary and Secondary Syphilis,310.0,Colorado,2014.0,Male,25-29 years,25-29,34.0,204111.0,16.66
15227,Primary and Secondary Syphilis,310.0,Colorado,2014.0,Male,30-34 years,30-34,29.0,200185.0,14.49
15228,Primary and Secondary Syphilis,310.0,Colorado,2014.0,Male,35-39 years,35-39,18.0,181134.0,9.94
15229,Primary and Secondary Syphilis,310.0,Colorado,2014.0,Male,40+ years,40+,47.0,1157305.0,4.06
15230,Primary and Secondary Syphilis,310.0,Connecticut,1996.0,Male,15-19 years,15-19,4.0,103778.0,3.85
15231,Primary and Secondary Syphilis,310.0,Connecticut,1996.0,Male,20-24 years,20-24,5.0,96246.0,5.2
15232,Primary and Secondary Syphilis,310.0,Connecticut,1996.0,Male,25-29 years,25-29,10.0,115373.0,8.67
15233,Primary and Secondary Syphilis,310.0,Connecticut,1996.0,Male,30-34 years,30-34,10.0,137764.0,7.26
15234,Primary and Secondary Syphilis,310.0,Connecticut,1996.0,Male,35-39 years,35-39,8.0,145684.0,5.49
15235,Primary and Secondary Syphilis,310.0,Connecticut,1996.0,Male,40+ years,40+,8.0,663770.0,1.21
15236,Primary and Secondary Syphilis,310.0,Connecticut,1997.0,Male,15-19 years,15-19,1.0,105613.0,0.95
15237,Primary and Secondary Syphilis,310.0,Connecticut,1997.0,Male,20-24 years,20-24,5.0,94469.0,5.29
15238,Primary and Secondary Syphilis,310.0,Connecticut,1997.0,Male,25-29 years,25-29,5.0,111914.0,4.47
15239,Primary and Secondary Syphilis,310.0,Connecticut,1997.0,Male,30-34 years,30-34,5.0,133706.0,3.74
15240,Primary and Secondary Syphilis,310.0,Connecticut,1997.0,Male,35-39 years,35-39,7.0,145932.0,4.8
15241,Primary and Secondary Syphilis,310.0,Connecticut,1997.0,Male,40+ years,40+,14.0,677046.0,2.07
15242,Primary and Secondary Syphilis,310.0,Connecticut,1998.0,Male,20-24 years,20-24,1.0,93560.0,1.07
15243,Primary and Secondary Syphilis,310.0,Connecticut,1998.0,Male,30-34 years,30-34,2.0,128840.0,1.55
15244,Primary and Secondary Syphilis,310.0,Connecticut,1998.0,Male,35-39 years,35-39,1.0,144639.0,0.69
15245,Primary and Secondary Syphilis,310.0,Connecticut,1998.0,Male,40+ years,40+,6.0,689107.0,0.87
15246,Primary and Secondary Syphilis,310.0,Connecticut,1999.0,Male,20-24 years,20-24,2.0,94211.0,2.12
15247,Primary and Secondary Syphilis,310.0,Connecticut,1999.0,Male,30-34 years,30-34,3.0,124842.0,2.4
15248,Primary and Secondary Syphilis,310.0,Connecticut,1999.0,Male,35-39 years,35-39,1.0,143763.0,0.7
15249,Primary and Secondary Syphilis,310.0,Connecticut,1999.0,Male,40+ years,40+,4.0,703365.0,0.57
15250,Primary and Secondary Syphilis,310.0,Connecticut,2000.0,Male,25-29 years,25-29,2.0,98034.0,2.04
15251,Primary and Secondary Syphilis,310.0,Connecticut,2000.0,Male,30-34 years,30-34,2.0,121417.0,1.65
15252,Primary and Secondary Syphilis,310.0,Connecticut,2000.0,Male,35-39 years,35-39,2.0,141064.0,1.42
15253,Primary and Secondary Syphilis,310.0,Connecticut,2000.0,Male,40+ years,40+,3.0,715099.0,0.42
15254,Primary and Secondary Syphilis,310.0,Connecticut,2001.0,Male,25-29 years,25-29,2.0,94686.0,2.11
15255,Primary and Secondary Syphilis,310.0,Connecticut,2001.0,Male,35-39 years,35-39,4.0,139378.0,2.87
15256,Primary and Secondary Syphilis,310.0,Connecticut,2001.0,Male,40+ years,40+,4.0,729762.0,0.55
15257,Primary and Secondary Syphilis,310.0,Connecticut,2002.0,Male,20-24 years,20-24,3.0,102098.0,2.94
15258,Primary and Secondary Syphilis,310.0,Connecticut,2002.0,Male,25-29 years,25-29,3.0,92724.0,3.24
15259,Primary and Secondary Syphilis,310.0,Connecticut,2002.0,Male,30-34 years,30-34,4.0,116533.0,3.43
15260,Primary and Secondary Syphilis,310.0,Connecticut,2002.0,Male,35-39 years,35-39,6.0,135850.0,4.42
15261,Primary and Secondary Syphilis,310.0,Connecticut,2002.0,Male,40+ years,40+,9.0,740825.0,1.21
15262,Primary and Secondary Syphilis,310.0,Connecticut,2003.0,Male,20-24 years,20-24,4.0,108175.0,3.7
15263,Primary and Secondary Syphilis,310.0,Connecticut,2003.0,Male,25-29 years,25-29,1.0,94169.0,1.06
15264,Primary and Secondary Syphilis,310.0,Connecticut,2003.0,Male,30-34 years,30-34,6.0,113263.0,5.3
15265,Primary and Secondary Syphilis,310.0,Connecticut,2003.0,Male,35-39 years,35-39,7.0,134724.0,5.2
15266,Primary and Secondary Syphilis,310.0,Connecticut,2003.0,Male,40+ years,40+,9.0,766408.0,1.17
15267,Primary and Secondary Syphilis,310.0,Connecticut,2004.0,Male,15-19 years,15-19,2.0,123570.0,1.62
15268,Primary and Secondary Syphilis,310.0,Connecticut,2004.0,Male,20-24 years,20-24,5.0,111041.0,4.5
15269,Primary and Secondary Syphilis,310.0,Connecticut,2004.0,Male,25-29 years,25-29,8.0,96084.0,8.33
15270,Primary and Secondary Syphilis,310.0,Connecticut,2004.0,Male,30-34 years,30-34,5.0,108569.0,4.61
15271,Primary and Secondary Syphilis,310.0,Connecticut,2004.0,Male,35-39 years,35-39,7.0,130230.0,5.38
15272,Primary and Secondary Syphilis,310.0,Connecticut,2004.0,Male,40+ years,40+,14.0,777041.0,1.8
15273,Primary and Secondary Syphilis,310.0,Connecticut,2004.0,Male,Unknown,99,1.0,,
15274,Primary and Secondary Syphilis,310.0,Connecticut,2005.0,Male,15-19 years,15-19,4.0,126648.0,3.16
15275,Primary and Secondary Syphilis,310.0,Connecticut,2005.0,Male,20-24 years,20-24,7.0,113220.0,6.18
15276,Primary and Secondary Syphilis,310.0,Connecticut,2005.0,Male,25-29 years,25-29,6.0,98305.0,6.1
15277,Primary and Secondary Syphilis,310.0,Connecticut,2005.0,Male,30-34 years,30-34,8.0,103665.0,7.72
15278,Primary and Secondary Syphilis,310.0,Connecticut,2005.0,Male,35-39 years,35-39,12.0,126574.0,9.48
15279,Primary and Secondary Syphilis,310.0,Connecticut,2005.0,Male,40+ years,40+,19.0,787538.0,2.41
15280,Primary and Secondary Syphilis,310.0,Connecticut,2006.0,Male,15-19 years,15-19,3.0,127815.0,2.35
15281,Primary and Secondary Syphilis,310.0,Connecticut,2006.0,Male,20-24 years,20-24,13.0,114136.0,11.39
15282,Primary and Secondary Syphilis,310.0,Connecticut,2006.0,Male,25-29 years,25-29,7.0,100678.0,6.95
15283,Primary and Secondary Syphilis,310.0,Connecticut,2006.0,Male,30-34 years,30-34,8.0,104663.0,7.64
15284,Primary and Secondary Syphilis,310.0,Connecticut,2006.0,Male,35-39 years,35-39,11.0,126026.0,8.73
15285,Primary and Secondary Syphilis,310.0,Connecticut,2006.0,Male,40+ years,40+,20.0,792285.0,2.52
15286,Primary and Secondary Syphilis,310.0,Connecticut,2007.0,Male,15-19 years,15-19,3.0,128376.0,2.34
15287,Primary and Secondary Syphilis,310.0,Connecticut,2007.0,Male,20-24 years,20-24,9.0,114765.0,7.84
15288,Primary and Secondary Syphilis,310.0,Connecticut,2007.0,Male,25-29 years,25-29,8.0,101462.0,7.88
15289,Primary and Secondary Syphilis,310.0,Connecticut,2007.0,Male,30-34 years,30-34,4.0,101353.0,3.95
15290,Primary and Secondary Syphilis,310.0,Connecticut,2007.0,Male,35-39 years,35-39,2.0,121785.0,1.64
15291,Primary and Secondary Syphilis,310.0,Connecticut,2007.0,Male,40+ years,40+,11.0,796824.0,1.38
15292,Primary and Secondary Syphilis,310.0,Connecticut,2008.0,Male,15-19 years,15-19,2.0,128031.0,1.56
15293,Primary and Secondary Syphilis,310.0,Connecticut,2008.0,Male,20-24 years,20-24,7.0,114956.0,6.09
15294,Primary and Secondary Syphilis,310.0,Connecticut,2008.0,Male,25-29 years,25-29,3.0,104409.0,2.87
15295,Primary and Secondary Syphilis,310.0,Connecticut,2008.0,Male,30-34 years,30-34,2.0,99997.0,2.0
15296,Primary and Secondary Syphilis,310.0,Connecticut,2008.0,Male,35-39 years,35-39,6.0,117676.0,5.1
15297,Primary and Secondary Syphilis,310.0,Connecticut,2008.0,Male,40+ years,40+,14.0,802740.0,1.74
15298,Primary and Secondary Syphilis,310.0,Connecticut,2009.0,Male,15-19 years,15-19,4.0,129987.0,3.08
15299,Primary and Secondary Syphilis,310.0,Connecticut,2009.0,Male,20-24 years,20-24,8.0,120397.0,6.64
15300,Primary and Secondary Syphilis,310.0,Connecticut,2009.0,Male,25-29 years,25-29,11.0,108247.0,10.16
15301,Primary and Secondary Syphilis,310.0,Connecticut,2009.0,Male,30-34 years,30-34,6.0,100680.0,5.96
15302,Primary and Secondary Syphilis,310.0,Connecticut,2009.0,Male,35-39 years,35-39,12.0,111733.0,10.74
15303,Primary and Secondary Syphilis,310.0,Connecticut,2009.0,Male,40+ years,40+,23.0,808421.0,2.85
15304,Primary and Secondary Syphilis,310.0,Connecticut,2010.0,Male,15-19 years,15-19,2.0,128949.0,1.55
15305,Primary and Secondary Syphilis,310.0,Connecticut,2010.0,Male,20-24 years,20-24,13.0,117117.0,11.1
15306,Primary and Secondary Syphilis,310.0,Connecticut,2010.0,Male,25-29 years,25-29,11.0,107986.0,10.19
15307,Primary and Secondary Syphilis,310.0,Connecticut,2010.0,Male,30-34 years,30-34,14.0,102038.0,13.72
15308,Primary and Secondary Syphilis,310.0,Connecticut,2010.0,Male,35-39 years,35-39,4.0,108637.0,3.68
15309,Primary and Secondary Syphilis,310.0,Connecticut,2010.0,Male,40+ years,40+,49.0,834725.0,5.87
15310,Primary and Secondary Syphilis,310.0,Connecticut,2011.0,Male,15-19 years,15-19,4.0,129724.0,3.08
15311,Primary and Secondary Syphilis,310.0,Connecticut,2011.0,Male,20-24 years,20-24,13.0,117219.0,11.09
15312,Primary and Secondary Syphilis,310.0,Connecticut,2011.0,Male,25-29 years,25-29,9.0,110443.0,8.15
15313,Primary and Secondary Syphilis,310.0,Connecticut,2011.0,Male,30-34 years,30-34,9.0,104109.0,8.64
15314,Primary and Secondary Syphilis,310.0,Connecticut,2011.0,Male,35-39 years,35-39,2.0,103709.0,1.93
15315,Primary and Secondary Syphilis,310.0,Connecticut,2011.0,Male,40+ years,40+,23.0,844927.0,2.72
15316,Primary and Secondary Syphilis,310.0,Connecticut,2012.0,Male,15-19 years,15-19,1.0,130690.0,0.77
15317,Primary and Secondary Syphilis,310.0,Connecticut,2012.0,Male,20-24 years,20-24,13.0,118759.0,10.95
15318,Primary and Secondary Syphilis,310.0,Connecticut,2012.0,Male,25-29 years,25-29,16.0,111730.0,14.32
15319,Primary and Secondary Syphilis,310.0,Connecticut,2012.0,Male,30-34 years,30-34,2.0,106094.0,1.89
15320,Primary and Secondary Syphilis,310.0,Connecticut,2012.0,Male,35-39 years,35-39,1.0,101879.0,0.98
15321,Primary and Secondary Syphilis,310.0,Connecticut,2012.0,Male,40+ years,40+,12.0,850560.0,1.41
15322,Primary and Secondary Syphilis,310.0,Connecticut,2012.0,Male,Unknown,99,1.0,,
15323,Primary and Secondary Syphilis,310.0,Connecticut,2013.0,Male,15-19 years,15-19,1.0,129674.0,0.77
15324,Primary and Secondary Syphilis,310.0,Connecticut,2013.0,Male,20-24 years,20-24,16.0,123082.0,13.0
15325,Primary and Secondary Syphilis,310.0,Connecticut,2013.0,Male,25-29 years,25-29,13.0,113116.0,11.49
15326,Primary and Secondary Syphilis,310.0,Connecticut,2013.0,Male,30-34 years,30-34,4.0,107673.0,3.71
15327,Primary and Secondary Syphilis,310.0,Connecticut,2013.0,Male,35-39 years,35-39,2.0,101767.0,1.97
15328,Primary and Secondary Syphilis,310.0,Connecticut,2013.0,Male,40+ years,40+,12.0,852305.0,1.41
15329,Primary and Secondary Syphilis,310.0,Connecticut,2014.0,Male,15-19 years,15-19,7.0,129674.0,5.4
15330,Primary and Secondary Syphilis,310.0,Connecticut,2014.0,Male,20-24 years,20-24,18.0,123082.0,14.62
15331,Primary and Secondary Syphilis,310.0,Connecticut,2014.0,Male,25-29 years,25-29,19.0,113116.0,16.8
15332,Primary and Secondary Syphilis,310.0,Connecticut,2014.0,Male,30-34 years,30-34,13.0,107673.0,12.07
15333,Primary and Secondary Syphilis,310.0,Connecticut,2014.0,Male,35-39 years,35-39,5.0,101767.0,4.91
15334,Primary and Secondary Syphilis,310.0,Connecticut,2014.0,Male,40+ years,40+,15.0,852305.0,1.76
15335,Primary and Secondary Syphilis,310.0,Connecticut,2014.0,Male,Unknown,99,2.0,,
15336,Primary and Secondary Syphilis,310.0,Delaware,1996.0,Male,15-19 years,15-19,1.0,25039.0,3.99
15337,Primary and Secondary Syphilis,310.0,Delaware,1996.0,Male,20-24 years,20-24,1.0,23631.0,4.23
15338,Primary and Secondary Syphilis,310.0,Delaware,1996.0,Male,25-29 years,25-29,2.0,28975.0,6.9
15339,Primary and Secondary Syphilis,310.0,Delaware,1996.0,Male,30-34 years,30-34,2.0,30367.0,6.59
15340,Primary and Secondary Syphilis,310.0,Delaware,1996.0,Male,35-39 years,35-39,5.0,31707.0,15.77
15341,Primary and Secondary Syphilis,310.0,Delaware,1996.0,Male,40+ years,40+,10.0,141074.0,7.09
15342,Primary and Secondary Syphilis,310.0,Delaware,1997.0,Male,30-34 years,30-34,3.0,29570.0,10.15
15343,Primary and Secondary Syphilis,310.0,Delaware,1997.0,Male,35-39 years,35-39,6.0,31947.0,18.78
15344,Primary and Secondary Syphilis,310.0,Delaware,1997.0,Male,40+ years,40+,3.0,145554.0,2.06
15345,Primary and Secondary Syphilis,310.0,Delaware,1998.0,Male,15-19 years,15-19,2.0,26829.0,7.45
15346,Primary and Secondary Syphilis,310.0,Delaware,1998.0,Male,30-34 years,30-34,1.0,28851.0,3.47
15347,Primary and Secondary Syphilis,310.0,Delaware,1998.0,Male,40+ years,40+,7.0,150166.0,4.66
15348,Primary and Secondary Syphilis,310.0,Delaware,1999.0,Male,15-19 years,15-19,1.0,27531.0,3.63
15349,Primary and Secondary Syphilis,310.0,Delaware,1999.0,Male,20-24 years,20-24,1.0,24823.0,4.03
15350,Primary and Secondary Syphilis,310.0,Delaware,1999.0,Male,25-29 years,25-29,1.0,26448.0,3.78
15351,Primary and Secondary Syphilis,310.0,Delaware,1999.0,Male,30-34 years,30-34,4.0,28492.0,14.04
15352,Primary and Secondary Syphilis,310.0,Delaware,1999.0,Male,35-39 years,35-39,2.0,31894.0,6.27
15353,Primary and Secondary Syphilis,310.0,Delaware,2000.0,Male,15-19 years,15-19,1.0,27684.0,3.61
15354,Primary and Secondary Syphilis,310.0,Delaware,2000.0,Male,20-24 years,20-24,1.0,26350.0,3.8
15355,Primary and Secondary Syphilis,310.0,Delaware,2000.0,Male,25-29 years,25-29,1.0,25498.0,3.92
15356,Primary and Secondary Syphilis,310.0,Delaware,2000.0,Male,30-34 years,30-34,1.0,28799.0,3.47
15357,Primary and Secondary Syphilis,310.0,Delaware,2000.0,Male,35-39 years,35-39,1.0,32055.0,3.12
15358,Primary and Secondary Syphilis,310.0,Delaware,2000.0,Male,40+ years,40+,3.0,160261.0,1.87
15359,Primary and Secondary Syphilis,310.0,Delaware,2001.0,Male,20-24 years,20-24,1.0,27637.0,3.62
15360,Primary and Secondary Syphilis,310.0,Delaware,2001.0,Male,25-29 years,25-29,1.0,25033.0,3.99
15361,Primary and Secondary Syphilis,310.0,Delaware,2001.0,Male,30-34 years,30-34,1.0,28905.0,3.46
15362,Primary and Secondary Syphilis,310.0,Delaware,2001.0,Male,35-39 years,35-39,3.0,32154.0,9.33
15363,Primary and Secondary Syphilis,310.0,Delaware,2001.0,Male,40+ years,40+,3.0,164004.0,1.83
15364,Primary and Secondary Syphilis,310.0,Delaware,2002.0,Male,20-24 years,20-24,1.0,28976.0,3.45
15365,Primary and Secondary Syphilis,310.0,Delaware,2002.0,Male,35-39 years,35-39,2.0,31886.0,6.27
15366,Primary and Secondary Syphilis,310.0,Delaware,2002.0,Male,40+ years,40+,4.0,168458.0,2.37
15367,Primary and Secondary Syphilis,310.0,Delaware,2003.0,Male,15-19 years,15-19,1.0,28492.0,3.51
15368,Primary and Secondary Syphilis,310.0,Delaware,2003.0,Male,20-24 years,20-24,1.0,29297.0,3.41
15369,Primary and Secondary Syphilis,310.0,Delaware,2003.0,Male,35-39 years,35-39,2.0,30216.0,6.62
15370,Primary and Secondary Syphilis,310.0,Delaware,2003.0,Male,40+ years,40+,1.0,171902.0,0.58
15371,Primary and Secondary Syphilis,310.0,Delaware,2004.0,Male,15-19 years,15-19,1.0,28649.0,3.49
15372,Primary and Secondary Syphilis,310.0,Delaware,2004.0,Male,20-24 years,20-24,1.0,30448.0,3.28
15373,Primary and Secondary Syphilis,310.0,Delaware,2004.0,Male,25-29 years,25-29,1.0,27018.0,3.7
15374,Primary and Secondary Syphilis,310.0,Delaware,2004.0,Male,30-34 years,30-34,1.0,27708.0,3.61
15375,Primary and Secondary Syphilis,310.0,Delaware,2004.0,Male,40+ years,40+,4.0,178567.0,2.24
15376,Primary and Secondary Syphilis,310.0,Delaware,2005.0,Male,15-19 years,15-19,2.0,29249.0,6.84
15377,Primary and Secondary Syphilis,310.0,Delaware,2005.0,Male,20-24 years,20-24,2.0,30466.0,6.56
15378,Primary and Secondary Syphilis,310.0,Delaware,2005.0,Male,25-29 years,25-29,2.0,28551.0,7.01
15379,Primary and Secondary Syphilis,310.0,Delaware,2005.0,Male,30-34 years,30-34,2.0,26928.0,7.43
15380,Primary and Secondary Syphilis,310.0,Delaware,2005.0,Male,40+ years,40+,1.0,183414.0,0.55
15381,Primary and Secondary Syphilis,310.0,Delaware,2006.0,Male,15-19 years,15-19,1.0,30747.0,3.25
15382,Primary and Secondary Syphilis,310.0,Delaware,2006.0,Male,20-24 years,20-24,3.0,29352.0,10.22
15383,Primary and Secondary Syphilis,310.0,Delaware,2006.0,Male,25-29 years,25-29,3.0,27656.0,10.85
15384,Primary and Secondary Syphilis,310.0,Delaware,2006.0,Male,35-39 years,35-39,4.0,30010.0,13.33
15385,Primary and Secondary Syphilis,310.0,Delaware,2006.0,Male,40+ years,40+,5.0,185250.0,2.7
15386,Primary and Secondary Syphilis,310.0,Delaware,2007.0,Male,20-24 years,20-24,3.0,30098.0,9.97
15387,Primary and Secondary Syphilis,310.0,Delaware,2007.0,Male,25-29 years,25-29,3.0,27224.0,11.02
15388,Primary and Secondary Syphilis,310.0,Delaware,2007.0,Male,30-34 years,30-34,3.0,25326.0,11.85
15389,Primary and Secondary Syphilis,310.0,Delaware,2007.0,Male,35-39 years,35-39,5.0,29605.0,16.89
15390,Primary and Secondary Syphilis,310.0,Delaware,2007.0,Male,40+ years,40+,3.0,189286.0,1.58
15391,Primary and Secondary Syphilis,310.0,Delaware,2008.0,Male,15-19 years,15-19,1.0,31251.0,3.2
15392,Primary and Secondary Syphilis,310.0,Delaware,2008.0,Male,20-24 years,20-24,1.0,29661.0,3.37
15393,Primary and Secondary Syphilis,310.0,Delaware,2008.0,Male,25-29 years,25-29,3.0,27647.0,10.85
15394,Primary and Secondary Syphilis,310.0,Delaware,2008.0,Male,30-34 years,30-34,3.0,25970.0,11.55
15395,Primary and Secondary Syphilis,310.0,Delaware,2008.0,Male,35-39 years,35-39,1.0,28958.0,3.45
15396,Primary and Secondary Syphilis,310.0,Delaware,2008.0,Male,40+ years,40+,1.0,192887.0,0.52
15397,Primary and Secondary Syphilis,310.0,Delaware,2009.0,Male,15-19 years,15-19,2.0,31110.0,6.43
15398,Primary and Secondary Syphilis,310.0,Delaware,2009.0,Male,20-24 years,20-24,6.0,29304.0,20.48
15399,Primary and Secondary Syphilis,310.0,Delaware,2009.0,Male,30-34 years,30-34,2.0,27247.0,7.34
15400,Primary and Secondary Syphilis,310.0,Delaware,2009.0,Male,35-39 years,35-39,2.0,27668.0,7.23
15401,Primary and Secondary Syphilis,310.0,Delaware,2009.0,Male,40+ years,40+,4.0,196487.0,2.04
15402,Primary and Secondary Syphilis,310.0,Delaware,2010.0,Male,15-19 years,15-19,1.0,32652.0,3.06
15403,Primary and Secondary Syphilis,310.0,Delaware,2010.0,Male,20-24 years,20-24,3.0,31493.0,9.53
15404,Primary and Secondary Syphilis,310.0,Delaware,2010.0,Male,25-29 years,25-29,2.0,28719.0,6.96
15405,Primary and Secondary Syphilis,310.0,Delaware,2010.0,Male,30-34 years,30-34,1.0,26409.0,3.79
15406,Primary and Secondary Syphilis,310.0,Delaware,2010.0,Male,40+ years,40+,1.0,202462.0,0.49
15407,Primary and Secondary Syphilis,310.0,Delaware,2011.0,Male,15-19 years,15-19,3.0,31485.0,9.53
15408,Primary and Secondary Syphilis,310.0,Delaware,2011.0,Male,20-24 years,20-24,3.0,32626.0,9.2
15409,Primary and Secondary Syphilis,310.0,Delaware,2011.0,Male,25-29 years,25-29,12.0,29392.0,40.83
15410,Primary and Secondary Syphilis,310.0,Delaware,2011.0,Male,30-34 years,30-34,1.0,27399.0,3.65
15411,Primary and Secondary Syphilis,310.0,Delaware,2011.0,Male,35-39 years,35-39,1.0,25835.0,3.87
15412,Primary and Secondary Syphilis,310.0,Delaware,2011.0,Male,40+ years,40+,6.0,206921.0,2.9
15413,Primary and Secondary Syphilis,310.0,Delaware,2012.0,Male,15-19 years,15-19,6.0,31197.0,19.23
15414,Primary and Secondary Syphilis,310.0,Delaware,2012.0,Male,20-24 years,20-24,12.0,33263.0,36.08
15415,Primary and Secondary Syphilis,310.0,Delaware,2012.0,Male,25-29 years,25-29,7.0,29785.0,23.5
15416,Primary and Secondary Syphilis,310.0,Delaware,2012.0,Male,30-34 years,30-34,2.0,28158.0,7.1
15417,Primary and Secondary Syphilis,310.0,Delaware,2012.0,Male,35-39 years,35-39,2.0,25405.0,7.87
15418,Primary and Secondary Syphilis,310.0,Delaware,2012.0,Male,40+ years,40+,7.0,209799.0,3.34
15419,Primary and Secondary Syphilis,310.0,Delaware,2013.0,Male,15-19 years,15-19,1.0,30197.0,3.31
15420,Primary and Secondary Syphilis,310.0,Delaware,2013.0,Male,20-24 years,20-24,14.0,32989.0,42.44
15421,Primary and Secondary Syphilis,310.0,Delaware,2013.0,Male,25-29 years,25-29,10.0,30739.0,32.53
15422,Primary and Secondary Syphilis,310.0,Delaware,2013.0,Male,30-34 years,30-34,5.0,28901.0,17.3
15423,Primary and Secondary Syphilis,310.0,Delaware,2013.0,Male,35-39 years,35-39,6.0,25501.0,23.53
15424,Primary and Secondary Syphilis,310.0,Delaware,2013.0,Male,40+ years,40+,13.0,213128.0,6.1
15425,Primary and Secondary Syphilis,310.0,Delaware,2014.0,Male,15-19 years,15-19,1.0,30197.0,3.31
15426,Primary and Secondary Syphilis,310.0,Delaware,2014.0,Male,20-24 years,20-24,10.0,32989.0,30.31
15427,Primary and Secondary Syphilis,310.0,Delaware,2014.0,Male,25-29 years,25-29,10.0,30739.0,32.53
15428,Primary and Secondary Syphilis,310.0,Delaware,2014.0,Male,30-34 years,30-34,5.0,28901.0,17.3
15429,Primary and Secondary Syphilis,310.0,Delaware,2014.0,Male,35-39 years,35-39,2.0,25501.0,7.84
15430,Primary and Secondary Syphilis,310.0,Delaware,2014.0,Male,40+ years,40+,17.0,213128.0,7.98
15431,Primary and Secondary Syphilis,310.0,District of Columbia,1996.0,Male,15-19 years,15-19,3.0,15939.0,18.82
15432,Primary and Secondary Syphilis,310.0,District of Columbia,1996.0,Male,20-24 years,20-24,5.0,20895.0,23.93
15433,Primary and Secondary Syphilis,310.0,District of Columbia,1996.0,Male,25-29 years,25-29,9.0,30335.0,29.67
15434,Primary and Secondary Syphilis,310.0,District of Columbia,1996.0,Male,30-34 years,30-34,13.0,26666.0,48.75
15435,Primary and Secondary Syphilis,310.0,District of Columbia,1996.0,Male,35-39 years,35-39,11.0,23463.0,46.88
15436,Primary and Secondary Syphilis,310.0,District of Columbia,1996.0,Male,40+ years,40+,18.0,98787.0,18.22
15437,Primary and Secondary Syphilis,310.0,District of Columbia,1997.0,Male,15-19 years,15-19,5.0,16386.0,30.51
15438,Primary and Secondary Syphilis,310.0,District of Columbia,1997.0,Male,20-24 years,20-24,2.0,20098.0,9.95
15439,Primary and Secondary Syphilis,310.0,District of Columbia,1997.0,Male,25-29 years,25-29,6.0,30110.0,19.93
15440,Primary and Secondary Syphilis,310.0,District of Columbia,1997.0,Male,30-34 years,30-34,12.0,26008.0,46.14
15441,Primary and Secondary Syphilis,310.0,District of Columbia,1997.0,Male,35-39 years,35-39,13.0,23403.0,55.55
15442,Primary and Secondary Syphilis,310.0,District of Columbia,1997.0,Male,40+ years,40+,21.0,99473.0,21.11
15443,Primary and Secondary Syphilis,310.0,District of Columbia,1998.0,Male,15-19 years,15-19,1.0,16779.0,5.96
15444,Primary and Secondary Syphilis,310.0,District of Columbia,1998.0,Male,20-24 years,20-24,6.0,20730.0,28.94
15445,Primary and Secondary Syphilis,310.0,District of Columbia,1998.0,Male,25-29 years,25-29,5.0,28997.0,17.24
15446,Primary and Secondary Syphilis,310.0,District of Columbia,1998.0,Male,30-34 years,30-34,7.0,25302.0,27.67
15447,Primary and Secondary Syphilis,310.0,District of Columbia,1998.0,Male,35-39 years,35-39,14.0,23522.0,59.52
15448,Primary and Secondary Syphilis,310.0,District of Columbia,1998.0,Male,40+ years,40+,14.0,101502.0,13.79
15449,Primary and Secondary Syphilis,310.0,District of Columbia,1999.0,Male,15-19 years,15-19,1.0,17504.0,5.71
15450,Primary and Secondary Syphilis,310.0,District of Columbia,1999.0,Male,20-24 years,20-24,1.0,22206.0,4.5
15451,Primary and Secondary Syphilis,310.0,District of Columbia,1999.0,Male,25-29 years,25-29,3.0,27159.0,11.05
15452,Primary and Secondary Syphilis,310.0,District of Columbia,1999.0,Male,30-34 years,30-34,2.0,24779.0,8.07
15453,Primary and Secondary Syphilis,310.0,District of Columbia,1999.0,Male,35-39 years,35-39,5.0,23599.0,21.19
15454,Primary and Secondary Syphilis,310.0,District of Columbia,1999.0,Male,40+ years,40+,9.0,103740.0,8.68
15455,Primary and Secondary Syphilis,310.0,District of Columbia,2000.0,Male,15-19 years,15-19,1.0,17070.0,5.86
15456,Primary and Secondary Syphilis,310.0,District of Columbia,2000.0,Male,20-24 years,20-24,1.0,24223.0,4.13
15457,Primary and Secondary Syphilis,310.0,District of Columbia,2000.0,Male,25-29 years,25-29,5.0,25560.0,19.56
15458,Primary and Secondary Syphilis,310.0,District of Columbia,2000.0,Male,30-34 years,30-34,6.0,25042.0,23.96
15459,Primary and Secondary Syphilis,310.0,District of Columbia,2000.0,Male,35-39 years,35-39,5.0,23628.0,21.16
15460,Primary and Secondary Syphilis,310.0,District of Columbia,2000.0,Male,40+ years,40+,9.0,106580.0,8.44
15461,Primary and Secondary Syphilis,310.0,District of Columbia,2001.0,Male,15-19 years,15-19,1.0,14836.0,6.74
15462,Primary and Secondary Syphilis,310.0,District of Columbia,2001.0,Male,20-24 years,20-24,5.0,25009.0,19.99
15463,Primary and Secondary Syphilis,310.0,District of Columbia,2001.0,Male,25-29 years,25-29,5.0,25328.0,19.74
15464,Primary and Secondary Syphilis,310.0,District of Columbia,2001.0,Male,30-34 years,30-34,6.0,25435.0,23.59
15465,Primary and Secondary Syphilis,310.0,District of Columbia,2001.0,Male,35-39 years,35-39,6.0,23449.0,25.59
15466,Primary and Secondary Syphilis,310.0,District of Columbia,2001.0,Male,40+ years,40+,12.0,107917.0,11.12
15467,Primary and Secondary Syphilis,310.0,District of Columbia,2002.0,Male,15-19 years,15-19,2.0,13816.0,14.48
15468,Primary and Secondary Syphilis,310.0,District of Columbia,2002.0,Male,20-24 years,20-24,6.0,24918.0,24.08
15469,Primary and Secondary Syphilis,310.0,District of Columbia,2002.0,Male,25-29 years,25-29,7.0,25109.0,27.88
15470,Primary and Secondary Syphilis,310.0,District of Columbia,2002.0,Male,30-34 years,30-34,8.0,25707.0,31.12
15471,Primary and Secondary Syphilis,310.0,District of Columbia,2002.0,Male,35-39 years,35-39,9.0,23033.0,39.07
15472,Primary and Secondary Syphilis,310.0,District of Columbia,2002.0,Male,40+ years,40+,17.0,108365.0,15.69
15473,Primary and Secondary Syphilis,310.0,District of Columbia,2003.0,Male,15-19 years,15-19,2.0,13275.0,15.07
15474,Primary and Secondary Syphilis,310.0,District of Columbia,2003.0,Male,20-24 years,20-24,6.0,24403.0,24.59
15475,Primary and Secondary Syphilis,310.0,District of Columbia,2003.0,Male,25-29 years,25-29,5.0,26098.0,19.16
15476,Primary and Secondary Syphilis,310.0,District of Columbia,2003.0,Male,30-34 years,30-34,6.0,25463.0,23.56
15477,Primary and Secondary Syphilis,310.0,District of Columbia,2003.0,Male,35-39 years,35-39,12.0,22104.0,54.29
15478,Primary and Secondary Syphilis,310.0,District of Columbia,2003.0,Male,40+ years,40+,14.0,107537.0,13.02
15479,Primary and Secondary Syphilis,310.0,District of Columbia,2004.0,Male,15-19 years,15-19,1.0,13192.0,7.58
15480,Primary and Secondary Syphilis,310.0,District of Columbia,2004.0,Male,20-24 years,20-24,2.0,22339.0,8.95
15481,Primary and Secondary Syphilis,310.0,District of Columbia,2004.0,Male,25-29 years,25-29,15.0,26358.0,56.91
15482,Primary and Secondary Syphilis,310.0,District of Columbia,2004.0,Male,30-34 years,30-34,14.0,24420.0,57.33
15483,Primary and Secondary Syphilis,310.0,District of Columbia,2004.0,Male,35-39 years,35-39,13.0,21263.0,61.14
15484,Primary and Secondary Syphilis,310.0,District of Columbia,2004.0,Male,40+ years,40+,20.0,106536.0,18.77
15485,Primary and Secondary Syphilis,310.0,District of Columbia,2005.0,Male,15-19 years,15-19,3.0,13751.0,21.82
15486,Primary and Secondary Syphilis,310.0,District of Columbia,2005.0,Male,20-24 years,20-24,6.0,19966.0,30.05
15487,Primary and Secondary Syphilis,310.0,District of Columbia,2005.0,Male,25-29 years,25-29,16.0,27347.0,58.51
15488,Primary and Secondary Syphilis,310.0,District of Columbia,2005.0,Male,30-34 years,30-34,19.0,23246.0,81.73
15489,Primary and Secondary Syphilis,310.0,District of Columbia,2005.0,Male,35-39 years,35-39,22.0,21071.0,104.41
15490,Primary and Secondary Syphilis,310.0,District of Columbia,2005.0,Male,40+ years,40+,37.0,106978.0,34.59
15491,Primary and Secondary Syphilis,310.0,District of Columbia,2006.0,Male,15-19 years,15-19,6.0,18658.0,32.16
15492,Primary and Secondary Syphilis,310.0,District of Columbia,2006.0,Male,20-24 years,20-24,13.0,23426.0,55.49
15493,Primary and Secondary Syphilis,310.0,District of Columbia,2006.0,Male,25-29 years,25-29,17.0,25867.0,65.72
15494,Primary and Secondary Syphilis,310.0,District of Columbia,2006.0,Male,30-34 years,30-34,17.0,23375.0,72.73
15495,Primary and Secondary Syphilis,310.0,District of Columbia,2006.0,Male,35-39 years,35-39,15.0,21851.0,68.65
15496,Primary and Secondary Syphilis,310.0,District of Columbia,2006.0,Male,40+ years,40+,42.0,111096.0,37.81
15497,Primary and Secondary Syphilis,310.0,District of Columbia,2007.0,Male,15-19 years,15-19,6.0,19240.0,31.18
15498,Primary and Secondary Syphilis,310.0,District of Columbia,2007.0,Male,20-24 years,20-24,20.0,24471.0,81.73
15499,Primary and Secondary Syphilis,310.0,District of Columbia,2007.0,Male,25-29 years,25-29,27.0,28387.0,95.11
15500,Primary and Secondary Syphilis,310.0,District of Columbia,2007.0,Male,30-34 years,30-34,31.0,23823.0,130.13
15501,Primary and Secondary Syphilis,310.0,District of Columbia,2007.0,Male,35-39 years,35-39,27.0,22229.0,121.46
15502,Primary and Secondary Syphilis,310.0,District of Columbia,2007.0,Male,40+ years,40+,62.0,111942.0,55.39
15503,Primary and Secondary Syphilis,310.0,District of Columbia,2008.0,Male,15-19 years,15-19,6.0,19539.0,30.71
15504,Primary and Secondary Syphilis,310.0,District of Columbia,2008.0,Male,20-24 years,20-24,20.0,24801.0,80.64
15505,Primary and Secondary Syphilis,310.0,District of Columbia,2008.0,Male,25-29 years,25-29,18.0,29061.0,61.94
15506,Primary and Secondary Syphilis,310.0,District of Columbia,2008.0,Male,30-34 years,30-34,17.0,23479.0,72.41
15507,Primary and Secondary Syphilis,310.0,District of Columbia,2008.0,Male,35-39 years,35-39,28.0,22324.0,125.43
15508,Primary and Secondary Syphilis,310.0,District of Columbia,2008.0,Male,40+ years,40+,50.0,113199.0,44.17
15509,Primary and Secondary Syphilis,310.0,District of Columbia,2009.0,Male,15-19 years,15-19,8.0,19715.0,40.58
15510,Primary and Secondary Syphilis,310.0,District of Columbia,2009.0,Male,20-24 years,20-24,21.0,22833.0,91.97
15511,Primary and Secondary Syphilis,310.0,District of Columbia,2009.0,Male,25-29 years,25-29,28.0,28405.0,98.57
15512,Primary and Secondary Syphilis,310.0,District of Columbia,2009.0,Male,30-34 years,30-34,25.0,25239.0,99.05
15513,Primary and Secondary Syphilis,310.0,District of Columbia,2009.0,Male,35-39 years,35-39,23.0,22334.0,102.98
15514,Primary and Secondary Syphilis,310.0,District of Columbia,2009.0,Male,40+ years,40+,48.0,115837.0,41.44
15515,Primary and Secondary Syphilis,310.0,District of Columbia,2010.0,Male,15-19 years,15-19,6.0,18951.0,31.66
15516,Primary and Secondary Syphilis,310.0,District of Columbia,2010.0,Male,20-24 years,20-24,20.0,28801.0,69.44
15517,Primary and Secondary Syphilis,310.0,District of Columbia,2010.0,Male,25-29 years,25-29,24.0,32167.0,74.61
15518,Primary and Secondary Syphilis,310.0,District of Columbia,2010.0,Male,30-34 years,30-34,21.0,26617.0,78.9
15519,Primary and Secondary Syphilis,310.0,District of Columbia,2010.0,Male,35-39 years,35-39,16.0,21447.0,74.6
15520,Primary and Secondary Syphilis,310.0,District of Columbia,2010.0,Male,40+ years,40+,45.0,113867.0,39.52
15521,Primary and Secondary Syphilis,310.0,District of Columbia,2011.0,Male,15-19 years,15-19,8.0,18654.0,42.89
15522,Primary and Secondary Syphilis,310.0,District of Columbia,2011.0,Male,20-24 years,20-24,22.0,27531.0,79.91
15523,Primary and Secondary Syphilis,310.0,District of Columbia,2011.0,Male,25-29 years,25-29,35.0,33817.0,103.5
15524,Primary and Secondary Syphilis,310.0,District of Columbia,2011.0,Male,30-34 years,30-34,27.0,28833.0,93.64
15525,Primary and Secondary Syphilis,310.0,District of Columbia,2011.0,Male,35-39 years,35-39,14.0,21636.0,64.71
15526,Primary and Secondary Syphilis,310.0,District of Columbia,2011.0,Male,40+ years,40+,52.0,116646.0,44.58
15527,Primary and Secondary Syphilis,310.0,District of Columbia,2012.0,Male,15-19 years,15-19,5.0,18409.0,27.16
15528,Primary and Secondary Syphilis,310.0,District of Columbia,2012.0,Male,20-24 years,20-24,25.0,27114.0,92.2
15529,Primary and Secondary Syphilis,310.0,District of Columbia,2012.0,Male,25-29 years,25-29,29.0,34790.0,83.36
15530,Primary and Secondary Syphilis,310.0,District of Columbia,2012.0,Male,30-34 years,30-34,33.0,30830.0,107.04
15531,Primary and Secondary Syphilis,310.0,District of Columbia,2012.0,Male,35-39 years,35-39,15.0,22337.0,67.15
15532,Primary and Secondary Syphilis,310.0,District of Columbia,2012.0,Male,40+ years,40+,52.0,118311.0,43.95
15533,Primary and Secondary Syphilis,310.0,District of Columbia,2013.0,Male,20-24 years,20-24,18.0,27109.0,66.4
15534,Primary and Secondary Syphilis,310.0,District of Columbia,2013.0,Male,25-29 years,25-29,22.0,35179.0,62.54
15535,Primary and Secondary Syphilis,310.0,District of Columbia,2013.0,Male,30-34 years,30-34,34.0,33116.0,102.67
15536,Primary and Secondary Syphilis,310.0,District of Columbia,2013.0,Male,35-39 years,35-39,17.0,23711.0,71.7
15537,Primary and Secondary Syphilis,310.0,District of Columbia,2013.0,Male,40+ years,40+,58.0,120751.0,48.03
15538,Primary and Secondary Syphilis,310.0,District of Columbia,2014.0,Male,15-19 years,15-19,3.0,17750.0,16.9
15539,Primary and Secondary Syphilis,310.0,District of Columbia,2014.0,Male,20-24 years,20-24,11.0,27109.0,40.58
15540,Primary and Secondary Syphilis,310.0,District of Columbia,2014.0,Male,25-29 years,25-29,19.0,35179.0,54.01
15541,Primary and Secondary Syphilis,310.0,District of Columbia,2014.0,Male,30-34 years,30-34,15.0,33116.0,45.3
15542,Primary and Secondary Syphilis,310.0,District of Columbia,2014.0,Male,35-39 years,35-39,10.0,23711.0,42.17
15543,Primary and Secondary Syphilis,310.0,District of Columbia,2014.0,Male,40+ years,40+,48.0,120751.0,39.75
15544,Primary and Secondary Syphilis,310.0,Florida,1996.0,Male,15-19 years,15-19,8.0,459035.0,1.74
15545,Primary and Secondary Syphilis,310.0,Florida,1996.0,Male,20-24 years,20-24,23.0,439682.0,5.23
15546,Primary and Secondary Syphilis,310.0,Florida,1996.0,Male,25-29 years,25-29,22.0,492711.0,4.47
15547,Primary and Secondary Syphilis,310.0,Florida,1996.0,Male,30-34 years,30-34,33.0,593562.0,5.56
15548,Primary and Secondary Syphilis,310.0,Florida,1996.0,Male,35-39 years,35-39,43.0,598891.0,7.18
15549,Primary and Secondary Syphilis,310.0,Florida,1996.0,Male,40+ years,40+,65.0,3164880.0,2.05
15550,Primary and Secondary Syphilis,310.0,Florida,1997.0,Male,15-19 years,15-19,4.0,478026.0,0.84
15551,Primary and Secondary Syphilis,310.0,Florida,1997.0,Male,20-24 years,20-24,14.0,445516.0,3.14
15552,Primary and Secondary Syphilis,310.0,Florida,1997.0,Male,25-29 years,25-29,23.0,497938.0,4.62
15553,Primary and Secondary Syphilis,310.0,Florida,1997.0,Male,30-34 years,30-34,28.0,583711.0,4.8
15554,Primary and Secondary Syphilis,310.0,Florida,1997.0,Male,35-39 years,35-39,31.0,613941.0,5.05
15555,Primary and Secondary Syphilis,310.0,Florida,1997.0,Male,40+ years,40+,64.0,3276399.0,1.95
15556,Primary and Secondary Syphilis,310.0,Florida,1998.0,Male,15-19 years,15-19,2.0,495968.0,0.4
15557,Primary and Secondary Syphilis,310.0,Florida,1998.0,Male,20-24 years,20-24,23.0,453338.0,5.07
15558,Primary and Secondary Syphilis,310.0,Florida,1998.0,Male,25-29 years,25-29,16.0,501893.0,3.19
15559,Primary and Secondary Syphilis,310.0,Florida,1998.0,Male,30-34 years,30-34,19.0,567408.0,3.35
15560,Primary and Secondary Syphilis,310.0,Florida,1998.0,Male,35-39 years,35-39,35.0,624739.0,5.6
15561,Primary and Secondary Syphilis,310.0,Florida,1998.0,Male,40+ years,40+,83.0,3382194.0,2.45
15562,Primary and Secondary Syphilis,310.0,Florida,1999.0,Male,15-19 years,15-19,12.0,510367.0,2.35
15563,Primary and Secondary Syphilis,310.0,Florida,1999.0,Male,20-24 years,20-24,27.0,464440.0,5.81
15564,Primary and Secondary Syphilis,310.0,Florida,1999.0,Male,25-29 years,25-29,25.0,503190.0,4.97
15565,Primary and Secondary Syphilis,310.0,Florida,1999.0,Male,30-34 years,30-34,24.0,553436.0,4.34
15566,Primary and Secondary Syphilis,310.0,Florida,1999.0,Male,35-39 years,35-39,35.0,630922.0,5.55
15567,Primary and Secondary Syphilis,310.0,Florida,1999.0,Male,40+ years,40+,76.0,3479987.0,2.18
15568,Primary and Secondary Syphilis,310.0,Florida,2000.0,Male,15-19 years,15-19,5.0,527293.0,0.95
15569,Primary and Secondary Syphilis,310.0,Florida,2000.0,Male,20-24 years,20-24,24.0,475474.0,5.05
15570,Primary and Secondary Syphilis,310.0,Florida,2000.0,Male,25-29 years,25-29,39.0,496454.0,7.86
15571,Primary and Secondary Syphilis,310.0,Florida,2000.0,Male,30-34 years,30-34,45.0,544997.0,8.26
15572,Primary and Secondary Syphilis,310.0,Florida,2000.0,Male,35-39 years,35-39,37.0,622887.0,5.94
15573,Primary and Secondary Syphilis,310.0,Florida,2000.0,Male,40+ years,40+,100.0,3558846.0,2.81
15574,Primary and Secondary Syphilis,310.0,Florida,2001.0,Male,15-19 years,15-19,10.0,539073.0,1.86
15575,Primary and Secondary Syphilis,310.0,Florida,2001.0,Male,20-24 years,20-24,42.0,498024.0,8.43
15576,Primary and Secondary Syphilis,310.0,Florida,2001.0,Male,25-29 years,25-29,31.0,496091.0,6.25
15577,Primary and Secondary Syphilis,310.0,Florida,2001.0,Male,30-34 years,30-34,49.0,554699.0,8.83
15578,Primary and Secondary Syphilis,310.0,Florida,2001.0,Male,35-39 years,35-39,73.0,623123.0,11.72
15579,Primary and Secondary Syphilis,310.0,Florida,2001.0,Male,40+ years,40+,144.0,3671873.0,3.92
15580,Primary and Secondary Syphilis,310.0,Florida,2002.0,Male,15-19 years,15-19,13.0,552095.0,2.35
15581,Primary and Secondary Syphilis,310.0,Florida,2002.0,Male,20-24 years,20-24,49.0,507354.0,9.66
15582,Primary and Secondary Syphilis,310.0,Florida,2002.0,Male,25-29 years,25-29,52.0,492839.0,10.55
15583,Primary and Secondary Syphilis,310.0,Florida,2002.0,Male,30-34 years,30-34,77.0,561027.0,13.72
15584,Primary and Secondary Syphilis,310.0,Florida,2002.0,Male,35-39 years,35-39,123.0,613681.0,20.04
15585,Primary and Secondary Syphilis,310.0,Florida,2002.0,Male,40+ years,40+,195.0,3793095.0,5.14
15586,Primary and Secondary Syphilis,310.0,Florida,2003.0,Male,15-19 years,15-19,15.0,565167.0,2.65
15587,Primary and Secondary Syphilis,310.0,Florida,2003.0,Male,20-24 years,20-24,42.0,547373.0,7.67
15588,Primary and Secondary Syphilis,310.0,Florida,2003.0,Male,25-29 years,25-29,57.0,507465.0,11.23
15589,Primary and Secondary Syphilis,310.0,Florida,2003.0,Male,30-34 years,30-34,94.0,565289.0,16.63
15590,Primary and Secondary Syphilis,310.0,Florida,2003.0,Male,35-39 years,35-39,141.0,604553.0,23.32
15591,Primary and Secondary Syphilis,310.0,Florida,2003.0,Male,40+ years,40+,235.0,3877527.0,6.06
15592,Primary and Secondary Syphilis,310.0,Florida,2003.0,Male,Unknown,99,1.0,,
15593,Primary and Secondary Syphilis,310.0,Florida,2004.0,Male,15-19 years,15-19,14.0,582885.0,2.4
15594,Primary and Secondary Syphilis,310.0,Florida,2004.0,Male,20-24 years,20-24,61.0,569227.0,10.72
15595,Primary and Secondary Syphilis,310.0,Florida,2004.0,Male,25-29 years,25-29,80.0,523708.0,15.28
15596,Primary and Secondary Syphilis,310.0,Florida,2004.0,Male,30-34 years,30-34,103.0,565863.0,18.2
15597,Primary and Secondary Syphilis,310.0,Florida,2004.0,Male,35-39 years,35-39,121.0,597112.0,20.26
15598,Primary and Secondary Syphilis,310.0,Florida,2004.0,Male,40+ years,40+,250.0,3989317.0,6.27
15599,Primary and Secondary Syphilis,310.0,Florida,2004.0,Male,Unknown,99,1.0,,
15600,Primary and Secondary Syphilis,310.0,Florida,2005.0,Male,15-19 years,15-19,18.0,599827.0,3.0
15601,Primary and Secondary Syphilis,310.0,Florida,2005.0,Male,20-24 years,20-24,78.0,586927.0,13.29
15602,Primary and Secondary Syphilis,310.0,Florida,2005.0,Male,25-29 years,25-29,65.0,544282.0,11.94
15603,Primary and Secondary Syphilis,310.0,Florida,2005.0,Male,30-34 years,30-34,91.0,559232.0,16.27
15604,Primary and Secondary Syphilis,310.0,Florida,2005.0,Male,35-39 years,35-39,134.0,598711.0,22.38
15605,Primary and Secondary Syphilis,310.0,Florida,2005.0,Male,40+ years,40+,238.0,4120460.0,5.78
15606,Primary and Secondary Syphilis,310.0,Florida,2006.0,Male,0-14 years,0-14,1.0,1691164.0,0.06
15607,Primary and Secondary Syphilis,310.0,Florida,2006.0,Male,15-19 years,15-19,37.0,593183.0,6.24
15608,Primary and Secondary Syphilis,310.0,Florida,2006.0,Male,20-24 years,20-24,76.0,599289.0,12.68
15609,Primary and Secondary Syphilis,310.0,Florida,2006.0,Male,25-29 years,25-29,88.0,604260.0,14.56
15610,Primary and Secondary Syphilis,310.0,Florida,2006.0,Male,30-34 years,30-34,77.0,567692.0,13.56
15611,Primary and Secondary Syphilis,310.0,Florida,2006.0,Male,35-39 years,35-39,99.0,621938.0,15.92
15612,Primary and Secondary Syphilis,310.0,Florida,2006.0,Male,40+ years,40+,243.0,4206609.0,5.78
15613,Primary and Secondary Syphilis,310.0,Florida,2007.0,Male,0-14 years,0-14,1.0,1703747.0,0.06
15614,Primary and Secondary Syphilis,310.0,Florida,2007.0,Male,15-19 years,15-19,48.0,599015.0,8.01
15615,Primary and Secondary Syphilis,310.0,Florida,2007.0,Male,20-24 years,20-24,140.0,596665.0,23.46
15616,Primary and Secondary Syphilis,310.0,Florida,2007.0,Male,25-29 years,25-29,125.0,614817.0,20.33
15617,Primary and Secondary Syphilis,310.0,Florida,2007.0,Male,30-34 years,30-34,92.0,561008.0,16.4
15618,Primary and Secondary Syphilis,310.0,Florida,2007.0,Male,35-39 years,35-39,101.0,618047.0,16.34
15619,Primary and Secondary Syphilis,310.0,Florida,2007.0,Male,40+ years,40+,253.0,4275544.0,5.92
15620,Primary and Secondary Syphilis,310.0,Florida,2008.0,Male,15-19 years,15-19,48.0,596666.0,8.04
15621,Primary and Secondary Syphilis,310.0,Florida,2008.0,Male,20-24 years,20-24,136.0,593823.0,22.9
15622,Primary and Secondary Syphilis,310.0,Florida,2008.0,Male,25-29 years,25-29,134.0,621668.0,21.55
15623,Primary and Secondary Syphilis,310.0,Florida,2008.0,Male,30-34 years,30-34,106.0,560509.0,18.91
15624,Primary and Secondary Syphilis,310.0,Florida,2008.0,Male,35-39 years,35-39,108.0,610211.0,17.7
15625,Primary and Secondary Syphilis,310.0,Florida,2008.0,Male,40+ years,40+,318.0,4330184.0,7.34
15626,Primary and Secondary Syphilis,310.0,Florida,2009.0,Male,0-14 years,0-14,1.0,1723356.0,0.06
15627,Primary and Secondary Syphilis,310.0,Florida,2009.0,Male,15-19 years,15-19,59.0,601592.0,9.81
15628,Primary and Secondary Syphilis,310.0,Florida,2009.0,Male,20-24 years,20-24,139.0,619809.0,22.43
15629,Primary and Secondary Syphilis,310.0,Florida,2009.0,Male,25-29 years,25-29,112.0,641524.0,17.46
15630,Primary and Secondary Syphilis,310.0,Florida,2009.0,Male,30-34 years,30-34,124.0,577296.0,21.48
15631,Primary and Secondary Syphilis,310.0,Florida,2009.0,Male,35-39 years,35-39,116.0,603038.0,19.24
15632,Primary and Secondary Syphilis,310.0,Florida,2009.0,Male,40+ years,40+,343.0,4357311.0,7.87
15633,Primary and Secondary Syphilis,310.0,Florida,2010.0,Male,15-19 years,15-19,59.0,631287.0,9.35
15634,Primary and Secondary Syphilis,310.0,Florida,2010.0,Male,20-24 years,20-24,174.0,627063.0,27.75
15635,Primary and Secondary Syphilis,310.0,Florida,2010.0,Male,25-29 years,25-29,150.0,594897.0,25.21
15636,Primary and Secondary Syphilis,310.0,Florida,2010.0,Male,30-34 years,30-34,116.0,555239.0,20.89
15637,Primary and Secondary Syphilis,310.0,Florida,2010.0,Male,35-39 years,35-39,124.0,585141.0,21.19
15638,Primary and Secondary Syphilis,310.0,Florida,2010.0,Male,40+ years,40+,414.0,4518001.0,9.16
15639,Primary and Secondary Syphilis,310.0,Florida,2011.0,Male,0-14 years,0-14,1.0,1678660.0,0.06
15640,Primary and Secondary Syphilis,310.0,Florida,2011.0,Male,15-19 years,15-19,46.0,616167.0,7.47
15641,Primary and Secondary Syphilis,310.0,Florida,2011.0,Male,20-24 years,20-24,187.0,655862.0,28.51
15642,Primary and Secondary Syphilis,310.0,Florida,2011.0,Male,25-29 years,25-29,165.0,610109.0,27.04
15643,Primary and Secondary Syphilis,310.0,Florida,2011.0,Male,30-34 years,30-34,140.0,571595.0,24.49
15644,Primary and Secondary Syphilis,310.0,Florida,2011.0,Male,35-39 years,35-39,133.0,569235.0,23.36
15645,Primary and Secondary Syphilis,310.0,Florida,2011.0,Male,40+ years,40+,451.0,4619748.0,9.76
15646,Primary and Secondary Syphilis,310.0,Florida,2012.0,Male,0-14 years,0-14,2.0,1685045.0,0.12
15647,Primary and Secondary Syphilis,310.0,Florida,2012.0,Male,15-19 years,15-19,56.0,606461.0,9.23
15648,Primary and Secondary Syphilis,310.0,Florida,2012.0,Male,20-24 years,20-24,250.0,671588.0,37.23
15649,Primary and Secondary Syphilis,310.0,Florida,2012.0,Male,25-29 years,25-29,205.0,623251.0,32.89
15650,Primary and Secondary Syphilis,310.0,Florida,2012.0,Male,30-34 years,30-34,168.0,589227.0,28.51
15651,Primary and Secondary Syphilis,310.0,Florida,2012.0,Male,35-39 years,35-39,127.0,565615.0,22.45
15652,Primary and Secondary Syphilis,310.0,Florida,2012.0,Male,40+ years,40+,427.0,4706640.0,9.07
15653,Primary and Secondary Syphilis,310.0,Florida,2013.0,Male,0-14 years,0-14,3.0,1698005.0,0.18
15654,Primary and Secondary Syphilis,310.0,Florida,2013.0,Male,15-19 years,15-19,71.0,603097.0,11.77
15655,Primary and Secondary Syphilis,310.0,Florida,2013.0,Male,20-24 years,20-24,287.0,670977.0,42.77
15656,Primary and Secondary Syphilis,310.0,Florida,2013.0,Male,25-29 years,25-29,228.0,639542.0,35.65
15657,Primary and Secondary Syphilis,310.0,Florida,2013.0,Male,30-34 years,30-34,172.0,602539.0,28.55
15658,Primary and Secondary Syphilis,310.0,Florida,2013.0,Male,35-39 years,35-39,148.0,566486.0,26.13
15659,Primary and Secondary Syphilis,310.0,Florida,2013.0,Male,40+ years,40+,467.0,4782001.0,9.77
15660,Primary and Secondary Syphilis,310.0,Florida,2014.0,Male,15-19 years,15-19,69.0,603097.0,11.44
15661,Primary and Secondary Syphilis,310.0,Florida,2014.0,Male,20-24 years,20-24,290.0,670977.0,43.22
15662,Primary and Secondary Syphilis,310.0,Florida,2014.0,Male,25-29 years,25-29,316.0,639542.0,49.41
15663,Primary and Secondary Syphilis,310.0,Florida,2014.0,Male,30-34 years,30-34,220.0,602539.0,36.51
15664,Primary and Secondary Syphilis,310.0,Florida,2014.0,Male,35-39 years,35-39,178.0,566486.0,31.42
15665,Primary and Secondary Syphilis,310.0,Florida,2014.0,Male,40+ years,40+,529.0,4782001.0,11.06
15666,Primary and Secondary Syphilis,310.0,Georgia,1996.0,Male,15-19 years,15-19,17.0,281532.0,6.04
15667,Primary and Secondary Syphilis,310.0,Georgia,1996.0,Male,20-24 years,20-24,55.0,273930.0,20.08
15668,Primary and Secondary Syphilis,310.0,Georgia,1996.0,Male,25-29 years,25-29,65.0,303383.0,21.43
15669,Primary and Secondary Syphilis,310.0,Georgia,1996.0,Male,30-34 years,30-34,74.0,334743.0,22.11
15670,Primary and Secondary Syphilis,310.0,Georgia,1996.0,Male,35-39 years,35-39,74.0,323687.0,22.86
15671,Primary and Secondary Syphilis,310.0,Georgia,1996.0,Male,40+ years,40+,120.0,1296445.0,9.26
15672,Primary and Secondary Syphilis,310.0,Georgia,1997.0,Male,15-19 years,15-19,10.0,291375.0,3.43
15673,Primary and Secondary Syphilis,310.0,Georgia,1997.0,Male,20-24 years,20-24,39.0,278365.0,14.01
15674,Primary and Secondary Syphilis,310.0,Georgia,1997.0,Male,25-29 years,25-29,44.0,311875.0,14.11
15675,Primary and Secondary Syphilis,310.0,Georgia,1997.0,Male,30-34 years,30-34,50.0,334089.0,14.97
15676,Primary and Secondary Syphilis,310.0,Georgia,1997.0,Male,35-39 years,35-39,65.0,331518.0,19.61
15677,Primary and Secondary Syphilis,310.0,Georgia,1997.0,Male,40+ years,40+,115.0,1346503.0,8.54
15678,Primary and Secondary Syphilis,310.0,Georgia,1998.0,Male,15-19 years,15-19,8.0,299780.0,2.67
15679,Primary and Secondary Syphilis,310.0,Georgia,1998.0,Male,20-24 years,20-24,16.0,285325.0,5.61
15680,Primary and Secondary Syphilis,310.0,Georgia,1998.0,Male,25-29 years,25-29,30.0,318274.0,9.43
15681,Primary and Secondary Syphilis,310.0,Georgia,1998.0,Male,30-34 years,30-34,38.0,331081.0,11.48
15682,Primary and Secondary Syphilis,310.0,Georgia,1998.0,Male,35-39 years,35-39,43.0,338231.0,12.71
15683,Primary and Secondary Syphilis,310.0,Georgia,1998.0,Male,40+ years,40+,68.0,1393308.0,4.88
15684,Primary and Secondary Syphilis,310.0,Georgia,1999.0,Male,15-19 years,15-19,11.0,305823.0,3.6
15685,Primary and Secondary Syphilis,310.0,Georgia,1999.0,Male,20-24 years,20-24,20.0,295859.0,6.76
15686,Primary and Secondary Syphilis,310.0,Georgia,1999.0,Male,25-29 years,25-29,33.0,322683.0,10.23
15687,Primary and Secondary Syphilis,310.0,Georgia,1999.0,Male,30-34 years,30-34,40.0,328935.0,12.16
15688,Primary and Secondary Syphilis,310.0,Georgia,1999.0,Male,35-39 years,35-39,50.0,344452.0,14.52
15689,Primary and Secondary Syphilis,310.0,Georgia,1999.0,Male,40+ years,40+,116.0,1440107.0,8.05
15690,Primary and Secondary Syphilis,310.0,Georgia,2000.0,Male,15-19 years,15-19,14.0,310574.0,4.51
15691,Primary and Secondary Syphilis,310.0,Georgia,2000.0,Male,20-24 years,20-24,23.0,308289.0,7.46
15692,Primary and Secondary Syphilis,310.0,Georgia,2000.0,Male,25-29 years,25-29,31.0,323529.0,9.58
15693,Primary and Secondary Syphilis,310.0,Georgia,2000.0,Male,30-34 years,30-34,31.0,332819.0,9.31
15694,Primary and Secondary Syphilis,310.0,Georgia,2000.0,Male,35-39 years,35-39,43.0,347535.0,12.37
15695,Primary and Secondary Syphilis,310.0,Georgia,2000.0,Male,40+ years,40+,101.0,1486057.0,6.8
15696,Primary and Secondary Syphilis,310.0,Georgia,2001.0,Male,15-19 years,15-19,7.0,311455.0,2.25
15697,Primary and Secondary Syphilis,310.0,Georgia,2001.0,Male,20-24 years,20-24,17.0,317785.0,5.35
15698,Primary and Secondary Syphilis,310.0,Georgia,2001.0,Male,25-29 years,25-29,40.0,321995.0,12.42
15699,Primary and Secondary Syphilis,310.0,Georgia,2001.0,Male,30-34 years,30-34,44.0,344239.0,12.78
15700,Primary and Secondary Syphilis,310.0,Georgia,2001.0,Male,35-39 years,35-39,61.0,351534.0,17.35
15701,Primary and Secondary Syphilis,310.0,Georgia,2001.0,Male,40+ years,40+,116.0,1536586.0,7.55
15702,Primary and Secondary Syphilis,310.0,Georgia,2002.0,Male,15-19 years,15-19,6.0,313228.0,1.92
15703,Primary and Secondary Syphilis,310.0,Georgia,2002.0,Male,20-24 years,20-24,30.0,326936.0,9.18
15704,Primary and Secondary Syphilis,310.0,Georgia,2002.0,Male,25-29 years,25-29,48.0,320968.0,14.95
15705,Primary and Secondary Syphilis,310.0,Georgia,2002.0,Male,30-34 years,30-34,69.0,353958.0,19.49
15706,Primary and Secondary Syphilis,310.0,Georgia,2002.0,Male,35-39 years,35-39,80.0,351336.0,22.77
15707,Primary and Secondary Syphilis,310.0,Georgia,2002.0,Male,40+ years,40+,107.0,1578207.0,6.78
15708,Primary and Secondary Syphilis,310.0,Georgia,2003.0,Male,15-19 years,15-19,9.0,316638.0,2.84
15709,Primary and Secondary Syphilis,310.0,Georgia,2003.0,Male,20-24 years,20-24,53.0,338418.0,15.66
15710,Primary and Secondary Syphilis,310.0,Georgia,2003.0,Male,25-29 years,25-29,73.0,328679.0,22.21
15711,Primary and Secondary Syphilis,310.0,Georgia,2003.0,Male,30-34 years,30-34,119.0,357539.0,33.28
15712,Primary and Secondary Syphilis,310.0,Georgia,2003.0,Male,35-39 years,35-39,114.0,346422.0,32.91
15713,Primary and Secondary Syphilis,310.0,Georgia,2003.0,Male,40+ years,40+,149.0,1614136.0,9.23
15714,Primary and Secondary Syphilis,310.0,Georgia,2004.0,Male,15-19 years,15-19,13.0,322540.0,4.03
15715,Primary and Secondary Syphilis,310.0,Georgia,2004.0,Male,20-24 years,20-24,50.0,343146.0,14.57
15716,Primary and Secondary Syphilis,310.0,Georgia,2004.0,Male,25-29 years,25-29,70.0,336499.0,20.8
15717,Primary and Secondary Syphilis,310.0,Georgia,2004.0,Male,30-34 years,30-34,97.0,359460.0,26.98
15718,Primary and Secondary Syphilis,310.0,Georgia,2004.0,Male,35-39 years,35-39,117.0,344056.0,34.01
15719,Primary and Secondary Syphilis,310.0,Georgia,2004.0,Male,40+ years,40+,157.0,1660834.0,9.45
15720,Primary and Secondary Syphilis,310.0,Georgia,2005.0,Male,15-19 years,15-19,11.0,332684.0,3.31
15721,Primary and Secondary Syphilis,310.0,Georgia,2005.0,Male,20-24 years,20-24,55.0,350197.0,15.71
15722,Primary and Secondary Syphilis,310.0,Georgia,2005.0,Male,25-29 years,25-29,93.0,352514.0,26.38
15723,Primary and Secondary Syphilis,310.0,Georgia,2005.0,Male,30-34 years,30-34,109.0,362326.0,30.08
15724,Primary and Secondary Syphilis,310.0,Georgia,2005.0,Male,35-39 years,35-39,136.0,353816.0,38.44
15725,Primary and Secondary Syphilis,310.0,Georgia,2005.0,Male,40+ years,40+,193.0,1729673.0,11.16
15726,Primary and Secondary Syphilis,310.0,Georgia,2005.0,Male,Unknown,99,1.0,,
15727,Primary and Secondary Syphilis,310.0,Georgia,2006.0,Male,15-19 years,15-19,18.0,350406.0,5.14
15728,Primary and Secondary Syphilis,310.0,Georgia,2006.0,Male,20-24 years,20-24,81.0,341396.0,23.73
15729,Primary and Secondary Syphilis,310.0,Georgia,2006.0,Male,25-29 years,25-29,99.0,352756.0,28.06
15730,Primary and Secondary Syphilis,310.0,Georgia,2006.0,Male,30-34 years,30-34,74.0,341764.0,21.65
15731,Primary and Secondary Syphilis,310.0,Georgia,2006.0,Male,35-39 years,35-39,103.0,361110.0,28.52
15732,Primary and Secondary Syphilis,310.0,Georgia,2006.0,Male,40+ years,40+,164.0,1825013.0,8.99
15733,Primary and Secondary Syphilis,310.0,Georgia,2006.0,Male,Unknown,99,1.0,,
15734,Primary and Secondary Syphilis,310.0,Georgia,2007.0,Male,15-19 years,15-19,25.0,349806.0,7.15
15735,Primary and Secondary Syphilis,310.0,Georgia,2007.0,Male,20-24 years,20-24,111.0,334983.0,33.14
15736,Primary and Secondary Syphilis,310.0,Georgia,2007.0,Male,25-29 years,25-29,137.0,358038.0,38.26
15737,Primary and Secondary Syphilis,310.0,Georgia,2007.0,Male,30-34 years,30-34,84.0,336701.0,24.95
15738,Primary and Secondary Syphilis,310.0,Georgia,2007.0,Male,35-39 years,35-39,118.0,365623.0,32.27
15739,Primary and Secondary Syphilis,310.0,Georgia,2007.0,Male,40+ years,40+,150.0,1869353.0,8.02
15740,Primary and Secondary Syphilis,310.0,Georgia,2007.0,Male,Unknown,99,1.0,,
15741,Primary and Secondary Syphilis,310.0,Georgia,2008.0,Male,0-14 years,0-14,1.0,1088818.0,0.09
15742,Primary and Secondary Syphilis,310.0,Georgia,2008.0,Male,15-19 years,15-19,42.0,354429.0,11.85
15743,Primary and Secondary Syphilis,310.0,Georgia,2008.0,Male,20-24 years,20-24,193.0,338117.0,57.08
15744,Primary and Secondary Syphilis,310.0,Georgia,2008.0,Male,25-29 years,25-29,158.0,362019.0,43.64
15745,Primary and Secondary Syphilis,310.0,Georgia,2008.0,Male,30-34 years,30-34,126.0,335808.0,37.52
15746,Primary and Secondary Syphilis,310.0,Georgia,2008.0,Male,35-39 years,35-39,99.0,367753.0,26.92
15747,Primary and Secondary Syphilis,310.0,Georgia,2008.0,Male,40+ years,40+,197.0,1918031.0,10.27
15748,Primary and Secondary Syphilis,310.0,Georgia,2008.0,Male,Unknown,99,2.0,,
15749,Primary and Secondary Syphilis,310.0,Georgia,2009.0,Male,15-19 years,15-19,26.0,363865.0,7.15
15750,Primary and Secondary Syphilis,310.0,Georgia,2009.0,Male,20-24 years,20-24,176.0,360377.0,48.84
15751,Primary and Secondary Syphilis,310.0,Georgia,2009.0,Male,25-29 years,25-29,181.0,364290.0,49.69
15752,Primary and Secondary Syphilis,310.0,Georgia,2009.0,Male,30-34 years,30-34,114.0,337358.0,33.79
15753,Primary and Secondary Syphilis,310.0,Georgia,2009.0,Male,35-39 years,35-39,117.0,361251.0,32.39
15754,Primary and Secondary Syphilis,310.0,Georgia,2009.0,Male,40+ years,40+,238.0,1941275.0,12.26
15755,Primary and Secondary Syphilis,310.0,Georgia,2010.0,Male,15-19 years,15-19,34.0,362934.0,9.37
15756,Primary and Secondary Syphilis,310.0,Georgia,2010.0,Male,20-24 years,20-24,163.0,344477.0,47.32
15757,Primary and Secondary Syphilis,310.0,Georgia,2010.0,Male,25-29 years,25-29,158.0,333831.0,47.33
15758,Primary and Secondary Syphilis,310.0,Georgia,2010.0,Male,30-34 years,30-34,106.0,324379.0,32.68
15759,Primary and Secondary Syphilis,310.0,Georgia,2010.0,Male,35-39 years,35-39,72.0,340454.0,21.15
15760,Primary and Secondary Syphilis,310.0,Georgia,2010.0,Male,40+ years,40+,180.0,1965937.0,9.16
15761,Primary and Secondary Syphilis,310.0,Georgia,2011.0,Male,15-19 years,15-19,20.0,360536.0,5.55
15762,Primary and Secondary Syphilis,310.0,Georgia,2011.0,Male,20-24 years,20-24,145.0,360352.0,40.24
15763,Primary and Secondary Syphilis,310.0,Georgia,2011.0,Male,25-29 years,25-29,117.0,341044.0,34.31
15764,Primary and Secondary Syphilis,310.0,Georgia,2011.0,Male,30-34 years,30-34,91.0,333754.0,27.27
15765,Primary and Secondary Syphilis,310.0,Georgia,2011.0,Male,35-39 years,35-39,65.0,329688.0,19.72
15766,Primary and Secondary Syphilis,310.0,Georgia,2011.0,Male,40+ years,40+,182.0,2016750.0,9.02
15767,Primary and Secondary Syphilis,310.0,Georgia,2012.0,Male,0-14 years,0-14,1.0,1060980.0,0.09
15768,Primary and Secondary Syphilis,310.0,Georgia,2012.0,Male,15-19 years,15-19,42.0,359440.0,11.68
15769,Primary and Secondary Syphilis,310.0,Georgia,2012.0,Male,20-24 years,20-24,213.0,371453.0,57.34
15770,Primary and Secondary Syphilis,310.0,Georgia,2012.0,Male,25-29 years,25-29,188.0,342401.0,54.91
15771,Primary and Secondary Syphilis,310.0,Georgia,2012.0,Male,30-34 years,30-34,143.0,336746.0,42.47
15772,Primary and Secondary Syphilis,310.0,Georgia,2012.0,Male,35-39 years,35-39,70.0,323486.0,21.64
15773,Primary and Secondary Syphilis,310.0,Georgia,2012.0,Male,40+ years,40+,213.0,2056518.0,10.36
15774,Primary and Secondary Syphilis,310.0,Georgia,2013.0,Male,0-14 years,0-14,1.0,1059672.0,0.09
15775,Primary and Secondary Syphilis,310.0,Georgia,2013.0,Male,15-19 years,15-19,34.0,356788.0,9.53
15776,Primary and Secondary Syphilis,310.0,Georgia,2013.0,Male,20-24 years,20-24,180.0,375475.0,47.94
15777,Primary and Secondary Syphilis,310.0,Georgia,2013.0,Male,25-29 years,25-29,198.0,340451.0,58.16
15778,Primary and Secondary Syphilis,310.0,Georgia,2013.0,Male,30-34 years,30-34,158.0,335923.0,47.03
15779,Primary and Secondary Syphilis,310.0,Georgia,2013.0,Male,35-39 years,35-39,115.0,319837.0,35.96
15780,Primary and Secondary Syphilis,310.0,Georgia,2013.0,Male,40+ years,40+,244.0,2093215.0,11.66
15781,Primary and Secondary Syphilis,310.0,Georgia,2014.0,Male,15-19 years,15-19,42.0,356788.0,11.77
15782,Primary and Secondary Syphilis,310.0,Georgia,2014.0,Male,20-24 years,20-24,258.0,375475.0,68.71
15783,Primary and Secondary Syphilis,310.0,Georgia,2014.0,Male,25-29 years,25-29,285.0,340451.0,83.71
15784,Primary and Secondary Syphilis,310.0,Georgia,2014.0,Male,30-34 years,30-34,188.0,335923.0,55.97
15785,Primary and Secondary Syphilis,310.0,Georgia,2014.0,Male,35-39 years,35-39,109.0,319837.0,34.08
15786,Primary and Secondary Syphilis,310.0,Georgia,2014.0,Male,40+ years,40+,256.0,2093215.0,12.23
15787,Primary and Secondary Syphilis,310.0,Hawaii,1996.0,Male,30-34 years,30-34,2.0,52489.0,3.81
15788,Primary and Secondary Syphilis,310.0,Hawaii,1996.0,Male,40+ years,40+,1.0,236731.0,0.42
15789,Primary and Secondary Syphilis,310.0,Hawaii,1997.0,Male,35-39 years,35-39,1.0,51048.0,1.96
15790,Primary and Secondary Syphilis,310.0,Hawaii,1998.0,Male,15-19 years,15-19,1.0,42709.0,2.34
15791,Primary and Secondary Syphilis,310.0,Hawaii,1998.0,Male,20-24 years,20-24,1.0,45675.0,2.19
15792,Primary and Secondary Syphilis,310.0,Hawaii,1998.0,Male,30-34 years,30-34,1.0,49059.0,2.04
15793,Primary and Secondary Syphilis,310.0,Hawaii,1998.0,Male,40+ years,40+,1.0,248672.0,0.4
15794,Primary and Secondary Syphilis,310.0,Hawaii,1999.0,Male,40+ years,40+,1.0,252932.0,0.4
15795,Primary and Secondary Syphilis,310.0,Hawaii,2000.0,Male,30-34 years,30-34,1.0,44496.0,2.25
15796,Primary and Secondary Syphilis,310.0,Hawaii,2001.0,Male,15-19 years,15-19,1.0,43918.0,2.28
15797,Primary and Secondary Syphilis,310.0,Hawaii,2001.0,Male,25-29 years,25-29,1.0,42663.0,2.34
15798,Primary and Secondary Syphilis,310.0,Hawaii,2001.0,Male,35-39 years,35-39,2.0,47603.0,4.2
15799,Primary and Secondary Syphilis,310.0,Hawaii,2001.0,Male,40+ years,40+,8.0,264814.0,3.02
15800,Primary and Secondary Syphilis,310.0,Hawaii,2002.0,Male,25-29 years,25-29,1.0,42721.0,2.34
15801,Primary and Secondary Syphilis,310.0,Hawaii,2002.0,Male,30-34 years,30-34,1.0,44504.0,2.25
15802,Primary and Secondary Syphilis,310.0,Hawaii,2002.0,Male,35-39 years,35-39,1.0,46764.0,2.14
15803,Primary and Secondary Syphilis,310.0,Hawaii,2002.0,Male,40+ years,40+,6.0,271041.0,2.21
15804,Primary and Secondary Syphilis,310.0,Hawaii,2003.0,Male,25-29 years,25-29,1.0,42446.0,2.36
15805,Primary and Secondary Syphilis,310.0,Hawaii,2003.0,Male,30-34 years,30-34,1.0,43326.0,2.31
15806,Primary and Secondary Syphilis,310.0,Hawaii,2003.0,Male,35-39 years,35-39,4.0,44714.0,8.95
15807,Primary and Secondary Syphilis,310.0,Hawaii,2003.0,Male,40+ years,40+,8.0,278453.0,2.87
15808,Primary and Secondary Syphilis,310.0,Hawaii,2004.0,Male,20-24 years,20-24,1.0,49912.0,2.0
15809,Primary and Secondary Syphilis,310.0,Hawaii,2004.0,Male,35-39 years,35-39,1.0,43240.0,2.31
15810,Primary and Secondary Syphilis,310.0,Hawaii,2004.0,Male,40+ years,40+,6.0,279328.0,2.15
15811,Primary and Secondary Syphilis,310.0,Hawaii,2005.0,Male,15-19 years,15-19,1.0,45142.0,2.22
15812,Primary and Secondary Syphilis,310.0,Hawaii,2005.0,Male,30-34 years,30-34,1.0,41096.0,2.43
15813,Primary and Secondary Syphilis,310.0,Hawaii,2005.0,Male,35-39 years,35-39,2.0,42991.0,4.65
15814,Primary and Secondary Syphilis,310.0,Hawaii,2005.0,Male,40+ years,40+,7.0,284701.0,2.46
15815,Primary and Secondary Syphilis,310.0,Hawaii,2006.0,Male,25-29 years,25-29,1.0,48311.0,2.07
15816,Primary and Secondary Syphilis,310.0,Hawaii,2006.0,Male,30-34 years,30-34,3.0,43423.0,6.91
15817,Primary and Secondary Syphilis,310.0,Hawaii,2006.0,Male,40+ years,40+,13.0,283710.0,4.58
15818,Primary and Secondary Syphilis,310.0,Hawaii,2007.0,Male,20-24 years,20-24,1.0,50716.0,1.97
15819,Primary and Secondary Syphilis,310.0,Hawaii,2007.0,Male,25-29 years,25-29,2.0,50747.0,3.94
15820,Primary and Secondary Syphilis,310.0,Hawaii,2007.0,Male,30-34 years,30-34,2.0,44071.0,4.54
15821,Primary and Secondary Syphilis,310.0,Hawaii,2007.0,Male,35-39 years,35-39,1.0,45958.0,2.18
15822,Primary and Secondary Syphilis,310.0,Hawaii,2007.0,Male,40+ years,40+,2.0,289076.0,0.69
15823,Primary and Secondary Syphilis,310.0,Hawaii,2008.0,Male,20-24 years,20-24,4.0,50655.0,7.9
15824,Primary and Secondary Syphilis,310.0,Hawaii,2008.0,Male,25-29 years,25-29,2.0,52954.0,3.78
15825,Primary and Secondary Syphilis,310.0,Hawaii,2008.0,Male,30-34 years,30-34,5.0,44974.0,11.12
15826,Primary and Secondary Syphilis,310.0,Hawaii,2008.0,Male,35-39 years,35-39,5.0,45650.0,10.95
15827,Primary and Secondary Syphilis,310.0,Hawaii,2008.0,Male,40+ years,40+,6.0,289633.0,2.07
15828,Primary and Secondary Syphilis,310.0,Hawaii,2009.0,Male,20-24 years,20-24,2.0,52104.0,3.84
15829,Primary and Secondary Syphilis,310.0,Hawaii,2009.0,Male,25-29 years,25-29,10.0,55958.0,17.87
15830,Primary and Secondary Syphilis,310.0,Hawaii,2009.0,Male,30-34 years,30-34,4.0,46559.0,8.59
15831,Primary and Secondary Syphilis,310.0,Hawaii,2009.0,Male,35-39 years,35-39,2.0,44463.0,4.5
15832,Primary and Secondary Syphilis,310.0,Hawaii,2009.0,Male,40+ years,40+,9.0,287260.0,3.13
15833,Primary and Secondary Syphilis,310.0,Hawaii,2010.0,Male,20-24 years,20-24,3.0,51981.0,5.77
15834,Primary and Secondary Syphilis,310.0,Hawaii,2010.0,Male,25-29 years,25-29,1.0,50683.0,1.97
15835,Primary and Secondary Syphilis,310.0,Hawaii,2010.0,Male,30-34 years,30-34,3.0,44921.0,6.68
15836,Primary and Secondary Syphilis,310.0,Hawaii,2010.0,Male,35-39 years,35-39,4.0,43994.0,9.09
15837,Primary and Secondary Syphilis,310.0,Hawaii,2010.0,Male,40+ years,40+,17.0,315509.0,5.39
15838,Primary and Secondary Syphilis,310.0,Hawaii,2011.0,Male,15-19 years,15-19,1.0,43554.0,2.3
15839,Primary and Secondary Syphilis,310.0,Hawaii,2011.0,Male,20-24 years,20-24,2.0,53744.0,3.72
15840,Primary and Secondary Syphilis,310.0,Hawaii,2011.0,Male,25-29 years,25-29,2.0,53012.0,3.77
15841,Primary and Secondary Syphilis,310.0,Hawaii,2011.0,Male,30-34 years,30-34,1.0,46949.0,2.13
15842,Primary and Secondary Syphilis,310.0,Hawaii,2011.0,Male,35-39 years,35-39,2.0,43135.0,4.64
15843,Primary and Secondary Syphilis,310.0,Hawaii,2011.0,Male,40+ years,40+,6.0,318535.0,1.88
15844,Primary and Secondary Syphilis,310.0,Hawaii,2012.0,Male,20-24 years,20-24,3.0,57662.0,5.2
15845,Primary and Secondary Syphilis,310.0,Hawaii,2012.0,Male,25-29 years,25-29,6.0,56054.0,10.7
15846,Primary and Secondary Syphilis,310.0,Hawaii,2012.0,Male,30-34 years,30-34,4.0,49521.0,8.08
15847,Primary and Secondary Syphilis,310.0,Hawaii,2012.0,Male,35-39 years,35-39,2.0,43759.0,4.57
15848,Primary and Secondary Syphilis,310.0,Hawaii,2012.0,Male,40+ years,40+,6.0,321581.0,1.87
15849,Primary and Secondary Syphilis,310.0,Hawaii,2013.0,Male,15-19 years,15-19,7.0,41458.0,16.88
15850,Primary and Secondary Syphilis,310.0,Hawaii,2013.0,Male,20-24 years,20-24,10.0,58750.0,17.02
15851,Primary and Secondary Syphilis,310.0,Hawaii,2013.0,Male,25-29 years,25-29,10.0,58519.0,17.09
15852,Primary and Secondary Syphilis,310.0,Hawaii,2013.0,Male,30-34 years,30-34,8.0,51521.0,15.53
15853,Primary and Secondary Syphilis,310.0,Hawaii,2013.0,Male,35-39 years,35-39,4.0,45050.0,8.88
15854,Primary and Secondary Syphilis,310.0,Hawaii,2013.0,Male,40+ years,40+,7.0,320939.0,2.18
15855,Primary and Secondary Syphilis,310.0,Hawaii,2014.0,Male,15-19 years,15-19,3.0,41458.0,7.24
15856,Primary and Secondary Syphilis,310.0,Hawaii,2014.0,Male,20-24 years,20-24,14.0,58750.0,23.83
15857,Primary and Secondary Syphilis,310.0,Hawaii,2014.0,Male,25-29 years,25-29,18.0,58519.0,30.76
15858,Primary and Secondary Syphilis,310.0,Hawaii,2014.0,Male,30-34 years,30-34,10.0,51521.0,19.41
15859,Primary and Secondary Syphilis,310.0,Hawaii,2014.0,Male,35-39 years,35-39,2.0,45050.0,4.44
15860,Primary and Secondary Syphilis,310.0,Hawaii,2014.0,Male,40+ years,40+,19.0,320939.0,5.92
15861,Primary and Secondary Syphilis,310.0,Idaho,1996.0,Male,15-19 years,15-19,1.0,54614.0,1.83
15862,Primary and Secondary Syphilis,310.0,Idaho,1997.0,Male,40+ years,40+,1.0,233325.0,0.43
15863,Primary and Secondary Syphilis,310.0,Idaho,1998.0,Male,30-34 years,30-34,1.0,41312.0,2.42
15864,Primary and Secondary Syphilis,310.0,Idaho,1998.0,Male,40+ years,40+,1.0,240240.0,0.42
15865,Primary and Secondary Syphilis,310.0,Idaho,1999.0,Male,35-39 years,35-39,1.0,48458.0,2.06
15866,Primary and Secondary Syphilis,310.0,Idaho,2000.0,Male,15-19 years,15-19,1.0,56179.0,1.78
15867,Primary and Secondary Syphilis,310.0,Idaho,2001.0,Male,40+ years,40+,1.0,262227.0,0.38
15868,Primary and Secondary Syphilis,310.0,Idaho,2002.0,Male,15-19 years,15-19,1.0,56431.0,1.77
15869,Primary and Secondary Syphilis,310.0,Idaho,2002.0,Male,20-24 years,20-24,1.0,52531.0,1.9
15870,Primary and Secondary Syphilis,310.0,Idaho,2002.0,Male,25-29 years,25-29,1.0,45555.0,2.2
15871,Primary and Secondary Syphilis,310.0,Idaho,2002.0,Male,40+ years,40+,1.0,269573.0,0.37
15872,Primary and Secondary Syphilis,310.0,Idaho,2003.0,Male,15-19 years,15-19,1.0,56134.0,1.78
15873,Primary and Secondary Syphilis,310.0,Idaho,2003.0,Male,20-24 years,20-24,3.0,54307.0,5.52
15874,Primary and Secondary Syphilis,310.0,Idaho,2003.0,Male,25-29 years,25-29,1.0,47640.0,2.1
15875,Primary and Secondary Syphilis,310.0,Idaho,2003.0,Male,30-34 years,30-34,3.0,45682.0,6.57
15876,Primary and Secondary Syphilis,310.0,Idaho,2003.0,Male,40+ years,40+,2.0,277722.0,0.72
15877,Primary and Secondary Syphilis,310.0,Idaho,2004.0,Male,20-24 years,20-24,6.0,56078.0,10.7
15878,Primary and Secondary Syphilis,310.0,Idaho,2004.0,Male,25-29 years,25-29,4.0,49925.0,8.01
15879,Primary and Secondary Syphilis,310.0,Idaho,2004.0,Male,30-34 years,30-34,2.0,46635.0,4.29
15880,Primary and Secondary Syphilis,310.0,Idaho,2004.0,Male,35-39 years,35-39,1.0,46008.0,2.17
15881,Primary and Secondary Syphilis,310.0,Idaho,2005.0,Male,15-19 years,15-19,2.0,56325.0,3.55
15882,Primary and Secondary Syphilis,310.0,Idaho,2005.0,Male,20-24 years,20-24,6.0,58222.0,10.31
15883,Primary and Secondary Syphilis,310.0,Idaho,2005.0,Male,25-29 years,25-29,2.0,51598.0,3.88
15884,Primary and Secondary Syphilis,310.0,Idaho,2005.0,Male,30-34 years,30-34,2.0,47769.0,4.19
15885,Primary and Secondary Syphilis,310.0,Idaho,2005.0,Male,40+ years,40+,2.0,297104.0,0.67
15886,Primary and Secondary Syphilis,310.0,Idaho,2006.0,Male,40+ years,40+,1.0,304097.0,0.33
15887,Primary and Secondary Syphilis,310.0,Idaho,2008.0,Male,20-24 years,20-24,1.0,55562.0,1.8
15888,Primary and Secondary Syphilis,310.0,Idaho,2008.0,Male,25-29 years,25-29,1.0,59845.0,1.67
15889,Primary and Secondary Syphilis,310.0,Idaho,2008.0,Male,35-39 years,35-39,2.0,49841.0,4.01
15890,Primary and Secondary Syphilis,310.0,Idaho,2008.0,Male,40+ years,40+,2.0,318117.0,0.63
15891,Primary and Secondary Syphilis,310.0,Idaho,2009.0,Male,25-29 years,25-29,1.0,57133.0,1.75
15892,Primary and Secondary Syphilis,310.0,Idaho,2009.0,Male,40+ years,40+,2.0,320905.0,0.62
15893,Primary and Secondary Syphilis,310.0,Idaho,2010.0,Male,20-24 years,20-24,2.0,54782.0,3.65
15894,Primary and Secondary Syphilis,310.0,Idaho,2010.0,Male,30-34 years,30-34,2.0,52206.0,3.83
15895,Primary and Secondary Syphilis,310.0,Idaho,2010.0,Male,40+ years,40+,2.0,330974.0,0.6
15896,Primary and Secondary Syphilis,310.0,Idaho,2011.0,Male,15-19 years,15-19,2.0,59001.0,3.39
15897,Primary and Secondary Syphilis,310.0,Idaho,2011.0,Male,25-29 years,25-29,2.0,54147.0,3.69
15898,Primary and Secondary Syphilis,310.0,Idaho,2011.0,Male,30-34 years,30-34,1.0,53353.0,1.87
15899,Primary and Secondary Syphilis,310.0,Idaho,2011.0,Male,35-39 years,35-39,1.0,48417.0,2.07
15900,Primary and Secondary Syphilis,310.0,Idaho,2011.0,Male,40+ years,40+,6.0,338822.0,1.77
15901,Primary and Secondary Syphilis,310.0,Idaho,2012.0,Male,20-24 years,20-24,4.0,57033.0,7.01
15902,Primary and Secondary Syphilis,310.0,Idaho,2012.0,Male,25-29 years,25-29,8.0,53260.0,15.02
15903,Primary and Secondary Syphilis,310.0,Idaho,2012.0,Male,30-34 years,30-34,3.0,53911.0,5.56
15904,Primary and Secondary Syphilis,310.0,Idaho,2012.0,Male,35-39 years,35-39,1.0,49098.0,2.04
15905,Primary and Secondary Syphilis,310.0,Idaho,2012.0,Male,40+ years,40+,8.0,344038.0,2.33
15906,Primary and Secondary Syphilis,310.0,Idaho,2013.0,Male,15-19 years,15-19,2.0,58229.0,3.43
15907,Primary and Secondary Syphilis,310.0,Idaho,2013.0,Male,20-24 years,20-24,5.0,57755.0,8.66
15908,Primary and Secondary Syphilis,310.0,Idaho,2013.0,Male,25-29 years,25-29,4.0,53081.0,7.54
15909,Primary and Secondary Syphilis,310.0,Idaho,2013.0,Male,30-34 years,30-34,1.0,54382.0,1.84
15910,Primary and Secondary Syphilis,310.0,Idaho,2013.0,Male,40+ years,40+,3.0,350109.0,0.86
15911,Primary and Secondary Syphilis,310.0,Idaho,2014.0,Male,20-24 years,20-24,2.0,57755.0,3.46
15912,Primary and Secondary Syphilis,310.0,Idaho,2014.0,Male,25-29 years,25-29,3.0,53081.0,5.65
15913,Primary and Secondary Syphilis,310.0,Idaho,2014.0,Male,30-34 years,30-34,3.0,54382.0,5.52
15914,Primary and Secondary Syphilis,310.0,Idaho,2014.0,Male,35-39 years,35-39,2.0,50352.0,3.97
15915,Primary and Secondary Syphilis,310.0,Idaho,2014.0,Male,40+ years,40+,2.0,350109.0,0.57
15916,Primary and Secondary Syphilis,310.0,Illinois,1996.0,Male,0-14 years,0-14,1.0,1364999.0,0.07
15917,Primary and Secondary Syphilis,310.0,Illinois,1996.0,Male,15-19 years,15-19,14.0,444118.0,3.15
15918,Primary and Secondary Syphilis,310.0,Illinois,1996.0,Male,20-24 years,20-24,35.0,413506.0,8.46
15919,Primary and Secondary Syphilis,310.0,Illinois,1996.0,Male,25-29 years,25-29,46.0,454893.0,10.11
15920,Primary and Secondary Syphilis,310.0,Illinois,1996.0,Male,30-34 years,30-34,44.0,504894.0,8.71
15921,Primary and Secondary Syphilis,310.0,Illinois,1996.0,Male,35-39 years,35-39,53.0,509617.0,10.4
15922,Primary and Secondary Syphilis,310.0,Illinois,1996.0,Male,40+ years,40+,72.0,2216331.0,3.25
15923,Primary and Secondary Syphilis,310.0,Illinois,1997.0,Male,0-14 years,0-14,1.0,1373877.0,0.07
15924,Primary and Secondary Syphilis,310.0,Illinois,1997.0,Male,15-19 years,15-19,10.0,452411.0,2.21
15925,Primary and Secondary Syphilis,310.0,Illinois,1997.0,Male,20-24 years,20-24,25.0,412553.0,6.06
15926,Primary and Secondary Syphilis,310.0,Illinois,1997.0,Male,25-29 years,25-29,57.0,454846.0,12.53
15927,Primary and Secondary Syphilis,310.0,Illinois,1997.0,Male,30-34 years,30-34,41.0,490423.0,8.36
15928,Primary and Secondary Syphilis,310.0,Illinois,1997.0,Male,35-39 years,35-39,38.0,509366.0,7.46
15929,Primary and Secondary Syphilis,310.0,Illinois,1997.0,Male,40+ years,40+,69.0,2258990.0,3.05
15930,Primary and Secondary Syphilis,310.0,Illinois,1998.0,Male,15-19 years,15-19,9.0,459980.0,1.96
15931,Primary and Secondary Syphilis,310.0,Illinois,1998.0,Male,20-24 years,20-24,24.0,417756.0,5.74
15932,Primary and Secondary Syphilis,310.0,Illinois,1998.0,Male,25-29 years,25-29,41.0,455476.0,9.0
15933,Primary and Secondary Syphilis,310.0,Illinois,1998.0,Male,30-34 years,30-34,44.0,477665.0,9.21
15934,Primary and Secondary Syphilis,310.0,Illinois,1998.0,Male,35-39 years,35-39,46.0,507279.0,9.07
15935,Primary and Secondary Syphilis,310.0,Illinois,1998.0,Male,40+ years,40+,88.0,2306031.0,3.82
15936,Primary and Secondary Syphilis,310.0,Illinois,1998.0,Male,Unknown,99,1.0,,
15937,Primary and Secondary Syphilis,310.0,Illinois,1999.0,Male,15-19 years,15-19,11.0,462476.0,2.38
15938,Primary and Secondary Syphilis,310.0,Illinois,1999.0,Male,20-24 years,20-24,37.0,425667.0,8.69
15939,Primary and Secondary Syphilis,310.0,Illinois,1999.0,Male,25-29 years,25-29,29.0,452885.0,6.4
15940,Primary and Secondary Syphilis,310.0,Illinois,1999.0,Male,30-34 years,30-34,39.0,466410.0,8.36
15941,Primary and Secondary Syphilis,310.0,Illinois,1999.0,Male,35-39 years,35-39,40.0,502699.0,7.96
15942,Primary and Secondary Syphilis,310.0,Illinois,1999.0,Male,40+ years,40+,86.0,2351522.0,3.66
15943,Primary and Secondary Syphilis,310.0,Illinois,2000.0,Male,15-19 years,15-19,7.0,461362.0,1.52
15944,Primary and Secondary Syphilis,310.0,Illinois,2000.0,Male,20-24 years,20-24,30.0,438056.0,6.85
15945,Primary and Secondary Syphilis,310.0,Illinois,2000.0,Male,25-29 years,25-29,30.0,449609.0,6.67
15946,Primary and Secondary Syphilis,310.0,Illinois,2000.0,Male,30-34 years,30-34,44.0,466120.0,9.44
15947,Primary and Secondary Syphilis,310.0,Illinois,2000.0,Male,35-39 years,35-39,39.0,495093.0,7.88
15948,Primary and Secondary Syphilis,310.0,Illinois,2000.0,Male,40+ years,40+,81.0,2400622.0,3.37
15949,Primary and Secondary Syphilis,310.0,Illinois,2001.0,Male,15-19 years,15-19,8.0,457397.0,1.75
15950,Primary and Secondary Syphilis,310.0,Illinois,2001.0,Male,20-24 years,20-24,25.0,443986.0,5.63
15951,Primary and Secondary Syphilis,310.0,Illinois,2001.0,Male,25-29 years,25-29,56.0,442916.0,12.64
15952,Primary and Secondary Syphilis,310.0,Illinois,2001.0,Male,30-34 years,30-34,59.0,470650.0,12.54
15953,Primary and Secondary Syphilis,310.0,Illinois,2001.0,Male,35-39 years,35-39,74.0,486416.0,15.21
15954,Primary and Secondary Syphilis,310.0,Illinois,2001.0,Male,40+ years,40+,96.0,2443794.0,3.93
15955,Primary and Secondary Syphilis,310.0,Illinois,2002.0,Male,15-19 years,15-19,4.0,454323.0,0.88
15956,Primary and Secondary Syphilis,310.0,Illinois,2002.0,Male,20-24 years,20-24,33.0,450774.0,7.32
15957,Primary and Secondary Syphilis,310.0,Illinois,2002.0,Male,25-29 years,25-29,53.0,438738.0,12.08
15958,Primary and Secondary Syphilis,310.0,Illinois,2002.0,Male,30-34 years,30-34,89.0,476246.0,18.69
15959,Primary and Secondary Syphilis,310.0,Illinois,2002.0,Male,35-39 years,35-39,93.0,477750.0,19.47
15960,Primary and Secondary Syphilis,310.0,Illinois,2002.0,Male,40+ years,40+,126.0,2487799.0,5.06
15961,Primary and Secondary Syphilis,310.0,Illinois,2003.0,Male,15-19 years,15-19,3.0,453944.0,0.66
15962,Primary and Secondary Syphilis,310.0,Illinois,2003.0,Male,20-24 years,20-24,28.0,465158.0,6.02
15963,Primary and Secondary Syphilis,310.0,Illinois,2003.0,Male,25-29 years,25-29,53.0,442099.0,11.99
15964,Primary and Secondary Syphilis,310.0,Illinois,2003.0,Male,30-34 years,30-34,53.0,473172.0,11.2
15965,Primary and Secondary Syphilis,310.0,Illinois,2003.0,Male,35-39 years,35-39,73.0,467344.0,15.62
15966,Primary and Secondary Syphilis,310.0,Illinois,2003.0,Male,40+ years,40+,116.0,2528340.0,4.59
15967,Primary and Secondary Syphilis,310.0,Illinois,2004.0,Male,15-19 years,15-19,5.0,457163.0,1.09
15968,Primary and Secondary Syphilis,310.0,Illinois,2004.0,Male,20-24 years,20-24,35.0,468164.0,7.48
15969,Primary and Secondary Syphilis,310.0,Illinois,2004.0,Male,25-29 years,25-29,55.0,446006.0,12.33
15970,Primary and Secondary Syphilis,310.0,Illinois,2004.0,Male,30-34 years,30-34,41.0,467435.0,8.77
15971,Primary and Secondary Syphilis,310.0,Illinois,2004.0,Male,35-39 years,35-39,69.0,459526.0,15.02
15972,Primary and Secondary Syphilis,310.0,Illinois,2004.0,Male,40+ years,40+,126.0,2565382.0,4.91
15973,Primary and Secondary Syphilis,310.0,Illinois,2005.0,Male,15-19 years,15-19,15.0,460939.0,3.25
15974,Primary and Secondary Syphilis,310.0,Illinois,2005.0,Male,20-24 years,20-24,36.0,465100.0,7.74
15975,Primary and Secondary Syphilis,310.0,Illinois,2005.0,Male,25-29 years,25-29,71.0,452987.0,15.67
15976,Primary and Secondary Syphilis,310.0,Illinois,2005.0,Male,30-34 years,30-34,91.0,458221.0,19.86
15977,Primary and Secondary Syphilis,310.0,Illinois,2005.0,Male,35-39 years,35-39,94.0,458519.0,20.5
15978,Primary and Secondary Syphilis,310.0,Illinois,2005.0,Male,40+ years,40+,171.0,2600974.0,6.57
15979,Primary and Secondary Syphilis,310.0,Illinois,2006.0,Male,15-19 years,15-19,18.0,474558.0,3.79
15980,Primary and Secondary Syphilis,310.0,Illinois,2006.0,Male,20-24 years,20-24,52.0,469839.0,11.07
15981,Primary and Secondary Syphilis,310.0,Illinois,2006.0,Male,25-29 years,25-29,81.0,465877.0,17.39
15982,Primary and Secondary Syphilis,310.0,Illinois,2006.0,Male,30-34 years,30-34,57.0,449753.0,12.67
15983,Primary and Secondary Syphilis,310.0,Illinois,2006.0,Male,35-39 years,35-39,50.0,459792.0,10.87
15984,Primary and Secondary Syphilis,310.0,Illinois,2006.0,Male,40+ years,40+,136.0,2638292.0,5.15
15985,Primary and Secondary Syphilis,310.0,Illinois,2007.0,Male,15-19 years,15-19,6.0,478565.0,1.25
15986,Primary and Secondary Syphilis,310.0,Illinois,2007.0,Male,20-24 years,20-24,55.0,471335.0,11.67
15987,Primary and Secondary Syphilis,310.0,Illinois,2007.0,Male,25-29 years,25-29,59.0,463049.0,12.74
15988,Primary and Secondary Syphilis,310.0,Illinois,2007.0,Male,30-34 years,30-34,61.0,445802.0,13.68
15989,Primary and Secondary Syphilis,310.0,Illinois,2007.0,Male,35-39 years,35-39,71.0,460076.0,15.43
15990,Primary and Secondary Syphilis,310.0,Illinois,2007.0,Male,40+ years,40+,173.0,2662281.0,6.5
15991,Primary and Secondary Syphilis,310.0,Illinois,2008.0,Male,15-19 years,15-19,22.0,482589.0,4.56
15992,Primary and Secondary Syphilis,310.0,Illinois,2008.0,Male,20-24 years,20-24,87.0,471233.0,18.46
15993,Primary and Secondary Syphilis,310.0,Illinois,2008.0,Male,25-29 years,25-29,92.0,469049.0,19.61
15994,Primary and Secondary Syphilis,310.0,Illinois,2008.0,Male,30-34 years,30-34,66.0,444662.0,14.84
15995,Primary and Secondary Syphilis,310.0,Illinois,2008.0,Male,35-39 years,35-39,69.0,455294.0,15.15
15996,Primary and Secondary Syphilis,310.0,Illinois,2008.0,Male,40+ years,40+,180.0,2691188.0,6.69
15997,Primary and Secondary Syphilis,310.0,Illinois,2009.0,Male,15-19 years,15-19,39.0,473426.0,8.24
15998,Primary and Secondary Syphilis,310.0,Illinois,2009.0,Male,20-24 years,20-24,140.0,469033.0,29.85
15999,Primary and Secondary Syphilis,310.0,Illinois,2009.0,Male,25-29 years,25-29,115.0,472010.0,24.36
16000,Primary and Secondary Syphilis,310.0,Illinois,2009.0,Male,30-34 years,30-34,102.0,435227.0,23.44
16001,Primary and Secondary Syphilis,310.0,Illinois,2009.0,Male,35-39 years,35-39,82.0,443395.0,18.49
16002,Primary and Secondary Syphilis,310.0,Illinois,2009.0,Male,40+ years,40+,217.0,2719844.0,7.98
16003,Primary and Secondary Syphilis,310.0,Illinois,2010.0,Male,0-14 years,0-14,1.0,1313609.0,0.08
16004,Primary and Secondary Syphilis,310.0,Illinois,2010.0,Male,15-19 years,15-19,33.0,473736.0,6.97
16005,Primary and Secondary Syphilis,310.0,Illinois,2010.0,Male,20-24 years,20-24,149.0,447513.0,33.3
16006,Primary and Secondary Syphilis,310.0,Illinois,2010.0,Male,25-29 years,25-29,148.0,456887.0,32.39
16007,Primary and Secondary Syphilis,310.0,Illinois,2010.0,Male,30-34 years,30-34,111.0,433782.0,25.59
16008,Primary and Secondary Syphilis,310.0,Illinois,2010.0,Male,35-39 years,35-39,88.0,426476.0,20.63
16009,Primary and Secondary Syphilis,310.0,Illinois,2010.0,Male,40+ years,40+,270.0,2740273.0,9.85
16010,Primary and Secondary Syphilis,310.0,Illinois,2011.0,Male,0-14 years,0-14,3.0,1302599.0,0.23
16011,Primary and Secondary Syphilis,310.0,Illinois,2011.0,Male,15-19 years,15-19,38.0,467166.0,8.13
16012,Primary and Secondary Syphilis,310.0,Illinois,2011.0,Male,20-24 years,20-24,168.0,449936.0,37.34
16013,Primary and Secondary Syphilis,310.0,Illinois,2011.0,Male,25-29 years,25-29,154.0,455853.0,33.78
16014,Primary and Secondary Syphilis,310.0,Illinois,2011.0,Male,30-34 years,30-34,113.0,441942.0,25.57
16015,Primary and Secondary Syphilis,310.0,Illinois,2011.0,Male,35-39 years,35-39,81.0,414907.0,19.52
16016,Primary and Secondary Syphilis,310.0,Illinois,2011.0,Male,40+ years,40+,243.0,2781791.0,8.74
16017,Primary and Secondary Syphilis,310.0,Illinois,2012.0,Male,0-14 years,0-14,2.0,1290760.0,0.15
16018,Primary and Secondary Syphilis,310.0,Illinois,2012.0,Male,15-19 years,15-19,45.0,458318.0,9.82
16019,Primary and Secondary Syphilis,310.0,Illinois,2012.0,Male,20-24 years,20-24,148.0,456016.0,32.45
16020,Primary and Secondary Syphilis,310.0,Illinois,2012.0,Male,25-29 years,25-29,157.0,450935.0,34.82
16021,Primary and Secondary Syphilis,310.0,Illinois,2012.0,Male,30-34 years,30-34,106.0,446070.0,23.76
16022,Primary and Secondary Syphilis,310.0,Illinois,2012.0,Male,35-39 years,35-39,76.0,411342.0,18.48
16023,Primary and Secondary Syphilis,310.0,Illinois,2012.0,Male,40+ years,40+,197.0,2806014.0,7.02
16024,Primary and Secondary Syphilis,310.0,Illinois,2013.0,Male,0-14 years,0-14,1.0,1274959.0,0.08
16025,Primary and Secondary Syphilis,310.0,Illinois,2013.0,Male,15-19 years,15-19,27.0,449966.0,6.0
16026,Primary and Secondary Syphilis,310.0,Illinois,2013.0,Male,20-24 years,20-24,154.0,462041.0,33.33
16027,Primary and Secondary Syphilis,310.0,Illinois,2013.0,Male,25-29 years,25-29,135.0,448154.0,30.12
16028,Primary and Secondary Syphilis,310.0,Illinois,2013.0,Male,30-34 years,30-34,119.0,449080.0,26.5
16029,Primary and Secondary Syphilis,310.0,Illinois,2013.0,Male,35-39 years,35-39,79.0,412840.0,19.14
16030,Primary and Secondary Syphilis,310.0,Illinois,2013.0,Male,40+ years,40+,216.0,2829443.0,7.63
16031,Primary and Secondary Syphilis,310.0,Illinois,2014.0,Male,15-19 years,15-19,24.0,449966.0,5.33
16032,Primary and Secondary Syphilis,310.0,Illinois,2014.0,Male,20-24 years,20-24,142.0,462041.0,30.73
16033,Primary and Secondary Syphilis,310.0,Illinois,2014.0,Male,25-29 years,25-29,177.0,448154.0,39.5
16034,Primary and Secondary Syphilis,310.0,Illinois,2014.0,Male,30-34 years,30-34,119.0,449080.0,26.5
16035,Primary and Secondary Syphilis,310.0,Illinois,2014.0,Male,35-39 years,35-39,75.0,412840.0,18.17
16036,Primary and Secondary Syphilis,310.0,Illinois,2014.0,Male,40+ years,40+,245.0,2829443.0,8.66
16037,Primary and Secondary Syphilis,310.0,Indiana,1996.0,Male,15-19 years,15-19,7.0,226918.0,3.08
16038,Primary and Secondary Syphilis,310.0,Indiana,1996.0,Male,20-24 years,20-24,14.0,209892.0,6.67
16039,Primary and Secondary Syphilis,310.0,Indiana,1996.0,Male,25-29 years,25-29,14.0,214234.0,6.53
16040,Primary and Secondary Syphilis,310.0,Indiana,1996.0,Male,30-34 years,30-34,13.0,224196.0,5.8
16041,Primary and Secondary Syphilis,310.0,Indiana,1996.0,Male,35-39 years,35-39,19.0,245227.0,7.75
16042,Primary and Secondary Syphilis,310.0,Indiana,1996.0,Male,40+ years,40+,23.0,1119447.0,2.05
16043,Primary and Secondary Syphilis,310.0,Indiana,1996.0,Male,Unknown,99,2.0,,
16044,Primary and Secondary Syphilis,310.0,Indiana,1997.0,Male,15-19 years,15-19,7.0,230892.0,3.03
16045,Primary and Secondary Syphilis,310.0,Indiana,1997.0,Male,20-24 years,20-24,7.0,208325.0,3.36
16046,Primary and Secondary Syphilis,310.0,Indiana,1997.0,Male,25-29 years,25-29,14.0,215969.0,6.48
16047,Primary and Secondary Syphilis,310.0,Indiana,1997.0,Male,30-34 years,30-34,11.0,217428.0,5.06
16048,Primary and Secondary Syphilis,310.0,Indiana,1997.0,Male,35-39 years,35-39,12.0,244131.0,4.92
16049,Primary and Secondary Syphilis,310.0,Indiana,1997.0,Male,40+ years,40+,18.0,1141954.0,1.58
16050,Primary and Secondary Syphilis,310.0,Indiana,1998.0,Male,15-19 years,15-19,7.0,233476.0,3.0
16051,Primary and Secondary Syphilis,310.0,Indiana,1998.0,Male,20-24 years,20-24,9.0,210240.0,4.28
16052,Primary and Secondary Syphilis,310.0,Indiana,1998.0,Male,25-29 years,25-29,12.0,213984.0,5.61
16053,Primary and Secondary Syphilis,310.0,Indiana,1998.0,Male,30-34 years,30-34,15.0,212604.0,7.06
16054,Primary and Secondary Syphilis,310.0,Indiana,1998.0,Male,35-39 years,35-39,18.0,242050.0,7.44
16055,Primary and Secondary Syphilis,310.0,Indiana,1998.0,Male,40+ years,40+,40.0,1163168.0,3.44
16056,Primary and Secondary Syphilis,310.0,Indiana,1999.0,Male,15-19 years,15-19,16.0,233591.0,6.85
16057,Primary and Secondary Syphilis,310.0,Indiana,1999.0,Male,20-24 years,20-24,39.0,213638.0,18.26
16058,Primary and Secondary Syphilis,310.0,Indiana,1999.0,Male,25-29 years,25-29,30.0,210370.0,14.26
16059,Primary and Secondary Syphilis,310.0,Indiana,1999.0,Male,30-34 years,30-34,33.0,210971.0,15.64
16060,Primary and Secondary Syphilis,310.0,Indiana,1999.0,Male,35-39 years,35-39,38.0,240503.0,15.8
16061,Primary and Secondary Syphilis,310.0,Indiana,1999.0,Male,40+ years,40+,69.0,1185944.0,5.82
16062,Primary and Secondary Syphilis,310.0,Indiana,2000.0,Male,15-19 years,15-19,14.0,231724.0,6.04
16063,Primary and Secondary Syphilis,310.0,Indiana,2000.0,Male,20-24 years,20-24,33.0,218558.0,15.1
16064,Primary and Secondary Syphilis,310.0,Indiana,2000.0,Male,25-29 years,25-29,32.0,204649.0,15.64
16065,Primary and Secondary Syphilis,310.0,Indiana,2000.0,Male,30-34 years,30-34,17.0,212975.0,7.98
16066,Primary and Secondary Syphilis,310.0,Indiana,2000.0,Male,35-39 years,35-39,12.0,236247.0,5.08
16067,Primary and Secondary Syphilis,310.0,Indiana,2000.0,Male,40+ years,40+,47.0,1208068.0,3.89
16068,Primary and Secondary Syphilis,310.0,Indiana,2001.0,Male,15-19 years,15-19,1.0,227077.0,0.44
16069,Primary and Secondary Syphilis,310.0,Indiana,2001.0,Male,20-24 years,20-24,8.0,226690.0,3.53
16070,Primary and Secondary Syphilis,310.0,Indiana,2001.0,Male,25-29 years,25-29,10.0,200370.0,4.99
16071,Primary and Secondary Syphilis,310.0,Indiana,2001.0,Male,30-34 years,30-34,19.0,214861.0,8.84
16072,Primary and Secondary Syphilis,310.0,Indiana,2001.0,Male,35-39 years,35-39,12.0,231550.0,5.18
16073,Primary and Secondary Syphilis,310.0,Indiana,2001.0,Male,40+ years,40+,30.0,1229603.0,2.44
16074,Primary and Secondary Syphilis,310.0,Indiana,2002.0,Male,15-19 years,15-19,1.0,225316.0,0.44
16075,Primary and Secondary Syphilis,310.0,Indiana,2002.0,Male,20-24 years,20-24,5.0,231374.0,2.16
16076,Primary and Secondary Syphilis,310.0,Indiana,2002.0,Male,25-29 years,25-29,4.0,199689.0,2.0
16077,Primary and Secondary Syphilis,310.0,Indiana,2002.0,Male,30-34 years,30-34,7.0,216039.0,3.24
16078,Primary and Secondary Syphilis,310.0,Indiana,2002.0,Male,35-39 years,35-39,5.0,226135.0,2.21
16079,Primary and Secondary Syphilis,310.0,Indiana,2002.0,Male,40+ years,40+,22.0,1246182.0,1.77
16080,Primary and Secondary Syphilis,310.0,Indiana,2003.0,Male,20-24 years,20-24,5.0,234221.0,2.13
16081,Primary and Secondary Syphilis,310.0,Indiana,2003.0,Male,25-29 years,25-29,6.0,203333.0,2.95
16082,Primary and Secondary Syphilis,310.0,Indiana,2003.0,Male,30-34 years,30-34,8.0,211789.0,3.78
16083,Primary and Secondary Syphilis,310.0,Indiana,2003.0,Male,35-39 years,35-39,3.0,219051.0,1.37
16084,Primary and Secondary Syphilis,310.0,Indiana,2003.0,Male,40+ years,40+,12.0,1267508.0,0.95
16085,Primary and Secondary Syphilis,310.0,Indiana,2004.0,Male,15-19 years,15-19,2.0,227843.0,0.88
16086,Primary and Secondary Syphilis,310.0,Indiana,2004.0,Male,20-24 years,20-24,8.0,232844.0,3.44
16087,Primary and Secondary Syphilis,310.0,Indiana,2004.0,Male,25-29 years,25-29,4.0,210626.0,1.9
16088,Primary and Secondary Syphilis,310.0,Indiana,2004.0,Male,30-34 years,30-34,13.0,209583.0,6.2
16089,Primary and Secondary Syphilis,310.0,Indiana,2004.0,Male,35-39 years,35-39,7.0,214867.0,3.26
16090,Primary and Secondary Syphilis,310.0,Indiana,2004.0,Male,40+ years,40+,20.0,1291499.0,1.55
16091,Primary and Secondary Syphilis,310.0,Indiana,2005.0,Male,15-19 years,15-19,1.0,230428.0,0.43
16092,Primary and Secondary Syphilis,310.0,Indiana,2005.0,Male,20-24 years,20-24,8.0,228563.0,3.5
16093,Primary and Secondary Syphilis,310.0,Indiana,2005.0,Male,25-29 years,25-29,3.0,219753.0,1.37
16094,Primary and Secondary Syphilis,310.0,Indiana,2005.0,Male,30-34 years,30-34,7.0,205356.0,3.41
16095,Primary and Secondary Syphilis,310.0,Indiana,2005.0,Male,35-39 years,35-39,12.0,213601.0,5.62
16096,Primary and Secondary Syphilis,310.0,Indiana,2005.0,Male,40+ years,40+,21.0,1311265.0,1.6
16097,Primary and Secondary Syphilis,310.0,Indiana,2006.0,Male,15-19 years,15-19,6.0,231270.0,2.59
16098,Primary and Secondary Syphilis,310.0,Indiana,2006.0,Male,20-24 years,20-24,13.0,227992.0,5.7
16099,Primary and Secondary Syphilis,310.0,Indiana,2006.0,Male,25-29 years,25-29,12.0,225955.0,5.31
16100,Primary and Secondary Syphilis,310.0,Indiana,2006.0,Male,30-34 years,30-34,5.0,205375.0,2.43
16101,Primary and Secondary Syphilis,310.0,Indiana,2006.0,Male,35-39 years,35-39,12.0,216109.0,5.55
16102,Primary and Secondary Syphilis,310.0,Indiana,2006.0,Male,40+ years,40+,35.0,1337022.0,2.62
16103,Primary and Secondary Syphilis,310.0,Indiana,2007.0,Male,15-19 years,15-19,1.0,232554.0,0.43
16104,Primary and Secondary Syphilis,310.0,Indiana,2007.0,Male,20-24 years,20-24,5.0,219579.0,2.28
16105,Primary and Secondary Syphilis,310.0,Indiana,2007.0,Male,25-29 years,25-29,8.0,226856.0,3.53
16106,Primary and Secondary Syphilis,310.0,Indiana,2007.0,Male,30-34 years,30-34,6.0,206075.0,2.91
16107,Primary and Secondary Syphilis,310.0,Indiana,2007.0,Male,35-39 years,35-39,3.0,217225.0,1.38
16108,Primary and Secondary Syphilis,310.0,Indiana,2007.0,Male,40+ years,40+,23.0,1353828.0,1.7
16109,Primary and Secondary Syphilis,310.0,Indiana,2008.0,Male,15-19 years,15-19,7.0,232023.0,3.02
16110,Primary and Secondary Syphilis,310.0,Indiana,2008.0,Male,20-24 years,20-24,25.0,218170.0,11.46
16111,Primary and Secondary Syphilis,310.0,Indiana,2008.0,Male,25-29 years,25-29,23.0,225735.0,10.19
16112,Primary and Secondary Syphilis,310.0,Indiana,2008.0,Male,30-34 years,30-34,13.0,207531.0,6.26
16113,Primary and Secondary Syphilis,310.0,Indiana,2008.0,Male,35-39 years,35-39,15.0,217163.0,6.91
16114,Primary and Secondary Syphilis,310.0,Indiana,2008.0,Male,40+ years,40+,41.0,1370784.0,2.99
16115,Primary and Secondary Syphilis,310.0,Indiana,2009.0,Male,15-19 years,15-19,3.0,236756.0,1.27
16116,Primary and Secondary Syphilis,310.0,Indiana,2009.0,Male,20-24 years,20-24,27.0,231379.0,11.67
16117,Primary and Secondary Syphilis,310.0,Indiana,2009.0,Male,25-29 years,25-29,28.0,220497.0,12.7
16118,Primary and Secondary Syphilis,310.0,Indiana,2009.0,Male,30-34 years,30-34,15.0,204417.0,7.34
16119,Primary and Secondary Syphilis,310.0,Indiana,2009.0,Male,35-39 years,35-39,24.0,212876.0,11.27
16120,Primary and Secondary Syphilis,310.0,Indiana,2009.0,Male,40+ years,40+,48.0,1385108.0,3.47
16121,Primary and Secondary Syphilis,310.0,Indiana,2010.0,Male,15-19 years,15-19,14.0,243490.0,5.75
16122,Primary and Secondary Syphilis,310.0,Indiana,2010.0,Male,20-24 years,20-24,47.0,228268.0,20.59
16123,Primary and Secondary Syphilis,310.0,Indiana,2010.0,Male,25-29 years,25-29,30.0,210811.0,14.23
16124,Primary and Secondary Syphilis,310.0,Indiana,2010.0,Male,30-34 years,30-34,22.0,204713.0,10.75
16125,Primary and Secondary Syphilis,310.0,Indiana,2010.0,Male,35-39 years,35-39,10.0,208907.0,4.79
16126,Primary and Secondary Syphilis,310.0,Indiana,2010.0,Male,40+ years,40+,32.0,1413033.0,2.26
16127,Primary and Secondary Syphilis,310.0,Indiana,2011.0,Male,15-19 years,15-19,13.0,241180.0,5.39
16128,Primary and Secondary Syphilis,310.0,Indiana,2011.0,Male,20-24 years,20-24,39.0,233320.0,16.72
16129,Primary and Secondary Syphilis,310.0,Indiana,2011.0,Male,25-29 years,25-29,38.0,209382.0,18.15
16130,Primary and Secondary Syphilis,310.0,Indiana,2011.0,Male,30-34 years,30-34,19.0,209649.0,9.06
16131,Primary and Secondary Syphilis,310.0,Indiana,2011.0,Male,35-39 years,35-39,16.0,201210.0,7.95
16132,Primary and Secondary Syphilis,310.0,Indiana,2011.0,Male,40+ years,40+,35.0,1435946.0,2.44
16133,Primary and Secondary Syphilis,310.0,Indiana,2012.0,Male,15-19 years,15-19,23.0,235235.0,9.78
16134,Primary and Secondary Syphilis,310.0,Indiana,2012.0,Male,20-24 years,20-24,46.0,240409.0,19.13
16135,Primary and Secondary Syphilis,310.0,Indiana,2012.0,Male,25-29 years,25-29,43.0,207869.0,20.69
16136,Primary and Secondary Syphilis,310.0,Indiana,2012.0,Male,30-34 years,30-34,19.0,211573.0,8.98
16137,Primary and Secondary Syphilis,310.0,Indiana,2012.0,Male,35-39 years,35-39,14.0,198820.0,7.04
16138,Primary and Secondary Syphilis,310.0,Indiana,2012.0,Male,40+ years,40+,57.0,1449233.0,3.93
16139,Primary and Secondary Syphilis,310.0,Indiana,2013.0,Male,15-19 years,15-19,10.0,233474.0,4.28
16140,Primary and Secondary Syphilis,310.0,Indiana,2013.0,Male,20-24 years,20-24,59.0,243647.0,24.22
16141,Primary and Secondary Syphilis,310.0,Indiana,2013.0,Male,25-29 years,25-29,37.0,209775.0,17.64
16142,Primary and Secondary Syphilis,310.0,Indiana,2013.0,Male,30-34 years,30-34,30.0,212754.0,14.1
16143,Primary and Secondary Syphilis,310.0,Indiana,2013.0,Male,35-39 years,35-39,17.0,200128.0,8.49
16144,Primary and Secondary Syphilis,310.0,Indiana,2013.0,Male,40+ years,40+,44.0,1463593.0,3.01
16145,Primary and Secondary Syphilis,310.0,Indiana,2014.0,Male,15-19 years,15-19,3.0,233474.0,1.28
16146,Primary and Secondary Syphilis,310.0,Indiana,2014.0,Male,20-24 years,20-24,46.0,243647.0,18.88
16147,Primary and Secondary Syphilis,310.0,Indiana,2014.0,Male,25-29 years,25-29,33.0,209775.0,15.73
16148,Primary and Secondary Syphilis,310.0,Indiana,2014.0,Male,30-34 years,30-34,18.0,212754.0,8.46
16149,Primary and Secondary Syphilis,310.0,Indiana,2014.0,Male,35-39 years,35-39,20.0,200128.0,9.99
16150,Primary and Secondary Syphilis,310.0,Indiana,2014.0,Male,40+ years,40+,37.0,1463593.0,2.53
16151,Primary and Secondary Syphilis,310.0,Iowa,1996.0,Male,15-19 years,15-19,1.0,113471.0,0.88
16152,Primary and Secondary Syphilis,310.0,Iowa,1996.0,Male,20-24 years,20-24,2.0,96850.0,2.07
16153,Primary and Secondary Syphilis,310.0,Iowa,1996.0,Male,25-29 years,25-29,1.0,97464.0,1.03
16154,Primary and Secondary Syphilis,310.0,Iowa,1996.0,Male,40+ years,40+,1.0,577835.0,0.17
16155,Primary and Secondary Syphilis,310.0,Iowa,1997.0,Male,20-24 years,20-24,1.0,96916.0,1.03
16156,Primary and Secondary Syphilis,310.0,Iowa,1997.0,Male,30-34 years,30-34,2.0,96012.0,2.08
16157,Primary and Secondary Syphilis,310.0,Iowa,1998.0,Male,15-19 years,15-19,1.0,116908.0,0.86
16158,Primary and Secondary Syphilis,310.0,Iowa,1998.0,Male,20-24 years,20-24,1.0,99075.0,1.01
16159,Primary and Secondary Syphilis,310.0,Iowa,1998.0,Male,30-34 years,30-34,2.0,93923.0,2.13
16160,Primary and Secondary Syphilis,310.0,Iowa,1998.0,Male,40+ years,40+,1.0,596585.0,0.17
16161,Primary and Secondary Syphilis,310.0,Iowa,1999.0,Male,15-19 years,15-19,1.0,116770.0,0.86
16162,Primary and Secondary Syphilis,310.0,Iowa,1999.0,Male,20-24 years,20-24,1.0,101863.0,0.98
16163,Primary and Secondary Syphilis,310.0,Iowa,1999.0,Male,30-34 years,30-34,1.0,93587.0,1.07
16164,Primary and Secondary Syphilis,310.0,Iowa,2000.0,Male,25-29 years,25-29,2.0,90526.0,2.21
16165,Primary and Secondary Syphilis,310.0,Iowa,2000.0,Male,35-39 years,35-39,2.0,108823.0,1.84
16166,Primary and Secondary Syphilis,310.0,Iowa,2000.0,Male,40+ years,40+,1.0,620231.0,0.16
16167,Primary and Secondary Syphilis,310.0,Iowa,2001.0,Male,20-24 years,20-24,1.0,111112.0,0.9
16168,Primary and Secondary Syphilis,310.0,Iowa,2001.0,Male,30-34 years,30-34,2.0,94802.0,2.11
16169,Primary and Secondary Syphilis,310.0,Iowa,2001.0,Male,35-39 years,35-39,1.0,105124.0,0.95
16170,Primary and Secondary Syphilis,310.0,Iowa,2002.0,Male,20-24 years,20-24,2.0,115013.0,1.74
16171,Primary and Secondary Syphilis,310.0,Iowa,2002.0,Male,25-29 years,25-29,2.0,90547.0,2.21
16172,Primary and Secondary Syphilis,310.0,Iowa,2003.0,Male,20-24 years,20-24,1.0,116323.0,0.86
16173,Primary and Secondary Syphilis,310.0,Iowa,2003.0,Male,25-29 years,25-29,1.0,93591.0,1.07
16174,Primary and Secondary Syphilis,310.0,Iowa,2003.0,Male,30-34 years,30-34,1.0,91840.0,1.09
16175,Primary and Secondary Syphilis,310.0,Iowa,2003.0,Male,35-39 years,35-39,1.0,98501.0,1.02
16176,Primary and Secondary Syphilis,310.0,Iowa,2003.0,Male,40+ years,40+,6.0,646943.0,0.93
16177,Primary and Secondary Syphilis,310.0,Iowa,2004.0,Male,25-29 years,25-29,1.0,98647.0,1.01
16178,Primary and Secondary Syphilis,310.0,Iowa,2004.0,Male,30-34 years,30-34,2.0,90529.0,2.21
16179,Primary and Secondary Syphilis,310.0,Iowa,2005.0,Male,15-19 years,15-19,1.0,107275.0,0.93
16180,Primary and Secondary Syphilis,310.0,Iowa,2005.0,Male,20-24 years,20-24,1.0,114115.0,0.88
16181,Primary and Secondary Syphilis,310.0,Iowa,2005.0,Male,25-29 years,25-29,1.0,103947.0,0.96
16182,Primary and Secondary Syphilis,310.0,Iowa,2005.0,Male,30-34 years,30-34,2.0,89276.0,2.24
16183,Primary and Secondary Syphilis,310.0,Iowa,2005.0,Male,35-39 years,35-39,1.0,96624.0,1.03
16184,Primary and Secondary Syphilis,310.0,Iowa,2005.0,Male,40+ years,40+,2.0,668897.0,0.3
16185,Primary and Secondary Syphilis,310.0,Iowa,2006.0,Male,20-24 years,20-24,4.0,115702.0,3.46
16186,Primary and Secondary Syphilis,310.0,Iowa,2006.0,Male,30-34 years,30-34,3.0,87860.0,3.41
16187,Primary and Secondary Syphilis,310.0,Iowa,2006.0,Male,35-39 years,35-39,1.0,96029.0,1.04
16188,Primary and Secondary Syphilis,310.0,Iowa,2006.0,Male,40+ years,40+,5.0,667330.0,0.75
16189,Primary and Secondary Syphilis,310.0,Iowa,2007.0,Male,20-24 years,20-24,4.0,110891.0,3.61
16190,Primary and Secondary Syphilis,310.0,Iowa,2007.0,Male,25-29 years,25-29,3.0,98836.0,3.04
16191,Primary and Secondary Syphilis,310.0,Iowa,2007.0,Male,35-39 years,35-39,3.0,95484.0,3.14
16192,Primary and Secondary Syphilis,310.0,Iowa,2007.0,Male,40+ years,40+,8.0,671622.0,1.19
16193,Primary and Secondary Syphilis,310.0,Iowa,2008.0,Male,15-19 years,15-19,1.0,110714.0,0.9
16194,Primary and Secondary Syphilis,310.0,Iowa,2008.0,Male,20-24 years,20-24,1.0,110424.0,0.91
16195,Primary and Secondary Syphilis,310.0,Iowa,2008.0,Male,25-29 years,25-29,1.0,100166.0,1.0
16196,Primary and Secondary Syphilis,310.0,Iowa,2008.0,Male,30-34 years,30-34,2.0,89067.0,2.25
16197,Primary and Secondary Syphilis,310.0,Iowa,2008.0,Male,35-39 years,35-39,2.0,94014.0,2.13
16198,Primary and Secondary Syphilis,310.0,Iowa,2008.0,Male,40+ years,40+,6.0,678090.0,0.88
16199,Primary and Secondary Syphilis,310.0,Iowa,2009.0,Male,20-24 years,20-24,2.0,116381.0,1.72
16200,Primary and Secondary Syphilis,310.0,Iowa,2009.0,Male,30-34 years,30-34,2.0,87431.0,2.29
16201,Primary and Secondary Syphilis,310.0,Iowa,2009.0,Male,35-39 years,35-39,3.0,90830.0,3.3
16202,Primary and Secondary Syphilis,310.0,Iowa,2009.0,Male,40+ years,40+,10.0,677982.0,1.47
16203,Primary and Secondary Syphilis,310.0,Iowa,2010.0,Male,15-19 years,15-19,1.0,111239.0,0.9
16204,Primary and Secondary Syphilis,310.0,Iowa,2010.0,Male,20-24 years,20-24,2.0,109467.0,1.83
16205,Primary and Secondary Syphilis,310.0,Iowa,2010.0,Male,25-29 years,25-29,2.0,101509.0,1.97
16206,Primary and Secondary Syphilis,310.0,Iowa,2010.0,Male,30-34 years,30-34,3.0,94027.0,3.19
16207,Primary and Secondary Syphilis,310.0,Iowa,2010.0,Male,35-39 years,35-39,1.0,89574.0,1.12
16208,Primary and Secondary Syphilis,310.0,Iowa,2010.0,Male,40+ years,40+,7.0,693106.0,1.01
16209,Primary and Secondary Syphilis,310.0,Iowa,2011.0,Male,15-19 years,15-19,2.0,110601.0,1.81
16210,Primary and Secondary Syphilis,310.0,Iowa,2011.0,Male,20-24 years,20-24,4.0,111837.0,3.58
16211,Primary and Secondary Syphilis,310.0,Iowa,2011.0,Male,25-29 years,25-29,4.0,101092.0,3.96
16212,Primary and Secondary Syphilis,310.0,Iowa,2011.0,Male,30-34 years,30-34,3.0,97452.0,3.08
16213,Primary and Secondary Syphilis,310.0,Iowa,2011.0,Male,40+ years,40+,2.0,700887.0,0.29
16214,Primary and Secondary Syphilis,310.0,Iowa,2012.0,Male,15-19 years,15-19,1.0,109642.0,0.91
16215,Primary and Secondary Syphilis,310.0,Iowa,2012.0,Male,20-24 years,20-24,12.0,114449.0,10.48
16216,Primary and Secondary Syphilis,310.0,Iowa,2012.0,Male,25-29 years,25-29,5.0,99577.0,5.02
16217,Primary and Secondary Syphilis,310.0,Iowa,2012.0,Male,30-34 years,30-34,8.0,99870.0,8.01
16218,Primary and Secondary Syphilis,310.0,Iowa,2012.0,Male,35-39 years,35-39,5.0,87706.0,5.7
16219,Primary and Secondary Syphilis,310.0,Iowa,2012.0,Male,40+ years,40+,32.0,705620.0,4.54
16220,Primary and Secondary Syphilis,310.0,Iowa,2013.0,Male,15-19 years,15-19,5.0,109050.0,4.59
16221,Primary and Secondary Syphilis,310.0,Iowa,2013.0,Male,20-24 years,20-24,11.0,116707.0,9.43
16222,Primary and Secondary Syphilis,310.0,Iowa,2013.0,Male,25-29 years,25-29,17.0,98017.0,17.34
16223,Primary and Secondary Syphilis,310.0,Iowa,2013.0,Male,30-34 years,30-34,10.0,101586.0,9.84
16224,Primary and Secondary Syphilis,310.0,Iowa,2013.0,Male,35-39 years,35-39,18.0,90340.0,19.92
16225,Primary and Secondary Syphilis,310.0,Iowa,2013.0,Male,40+ years,40+,35.0,709912.0,4.93
16226,Primary and Secondary Syphilis,310.0,Iowa,2014.0,Male,15-19 years,15-19,4.0,109050.0,3.67
16227,Primary and Secondary Syphilis,310.0,Iowa,2014.0,Male,20-24 years,20-24,17.0,116707.0,14.57
16228,Primary and Secondary Syphilis,310.0,Iowa,2014.0,Male,25-29 years,25-29,7.0,98017.0,7.14
16229,Primary and Secondary Syphilis,310.0,Iowa,2014.0,Male,30-34 years,30-34,5.0,101586.0,4.92
16230,Primary and Secondary Syphilis,310.0,Iowa,2014.0,Male,35-39 years,35-39,8.0,90340.0,8.86
16231,Primary and Secondary Syphilis,310.0,Iowa,2014.0,Male,40+ years,40+,25.0,709912.0,3.52
16232,Primary and Secondary Syphilis,310.0,Kansas,1996.0,Male,15-19 years,15-19,3.0,101041.0,2.97
16233,Primary and Secondary Syphilis,310.0,Kansas,1996.0,Male,20-24 years,20-24,4.0,89591.0,4.46
16234,Primary and Secondary Syphilis,310.0,Kansas,1996.0,Male,25-29 years,25-29,2.0,92228.0,2.17
16235,Primary and Secondary Syphilis,310.0,Kansas,1996.0,Male,30-34 years,30-34,3.0,98757.0,3.04
16236,Primary and Secondary Syphilis,310.0,Kansas,1996.0,Male,35-39 years,35-39,3.0,109502.0,2.74
16237,Primary and Secondary Syphilis,310.0,Kansas,1996.0,Male,40+ years,40+,3.0,499483.0,0.6
16238,Primary and Secondary Syphilis,310.0,Kansas,1997.0,Male,20-24 years,20-24,1.0,90865.0,1.1
16239,Primary and Secondary Syphilis,310.0,Kansas,1997.0,Male,25-29 years,25-29,3.0,91836.0,3.27
16240,Primary and Secondary Syphilis,310.0,Kansas,1997.0,Male,30-34 years,30-34,6.0,94561.0,6.35
16241,Primary and Secondary Syphilis,310.0,Kansas,1997.0,Male,35-39 years,35-39,5.0,108656.0,4.6
16242,Primary and Secondary Syphilis,310.0,Kansas,1997.0,Male,40+ years,40+,5.0,509677.0,0.98
16243,Primary and Secondary Syphilis,310.0,Kansas,1998.0,Male,20-24 years,20-24,2.0,93507.0,2.14
16244,Primary and Secondary Syphilis,310.0,Kansas,1998.0,Male,25-29 years,25-29,2.0,91232.0,2.19
16245,Primary and Secondary Syphilis,310.0,Kansas,1998.0,Male,40+ years,40+,4.0,520065.0,0.77
16246,Primary and Secondary Syphilis,310.0,Kansas,1999.0,Male,15-19 years,15-19,1.0,108196.0,0.92
16247,Primary and Secondary Syphilis,310.0,Kansas,1999.0,Male,20-24 years,20-24,2.0,96502.0,2.07
16248,Primary and Secondary Syphilis,310.0,Kansas,1999.0,Male,30-34 years,30-34,1.0,89812.0,1.11
16249,Primary and Secondary Syphilis,310.0,Kansas,1999.0,Male,35-39 years,35-39,1.0,106159.0,0.94
16250,Primary and Secondary Syphilis,310.0,Kansas,1999.0,Male,40+ years,40+,1.0,529480.0,0.19
16251,Primary and Secondary Syphilis,310.0,Kansas,2000.0,Male,20-24 years,20-24,2.0,100585.0,1.99
16252,Primary and Secondary Syphilis,310.0,Kansas,2000.0,Male,25-29 years,25-29,1.0,89191.0,1.12
16253,Primary and Secondary Syphilis,310.0,Kansas,2000.0,Male,40+ years,40+,2.0,541550.0,0.37
16254,Primary and Secondary Syphilis,310.0,Kansas,2001.0,Male,15-19 years,15-19,1.0,106755.0,0.94
16255,Primary and Secondary Syphilis,310.0,Kansas,2001.0,Male,20-24 years,20-24,2.0,104238.0,1.92
16256,Primary and Secondary Syphilis,310.0,Kansas,2001.0,Male,25-29 years,25-29,2.0,88748.0,2.25
16257,Primary and Secondary Syphilis,310.0,Kansas,2001.0,Male,35-39 years,35-39,7.0,100086.0,6.99
16258,Primary and Secondary Syphilis,310.0,Kansas,2001.0,Male,40+ years,40+,2.0,549050.0,0.36
16259,Primary and Secondary Syphilis,310.0,Kansas,2002.0,Male,15-19 years,15-19,3.0,106202.0,2.82
16260,Primary and Secondary Syphilis,310.0,Kansas,2002.0,Male,20-24 years,20-24,2.0,107605.0,1.86
16261,Primary and Secondary Syphilis,310.0,Kansas,2002.0,Male,25-29 years,25-29,2.0,89954.0,2.22
16262,Primary and Secondary Syphilis,310.0,Kansas,2002.0,Male,30-34 years,30-34,1.0,90959.0,1.1
16263,Primary and Secondary Syphilis,310.0,Kansas,2002.0,Male,40+ years,40+,6.0,557833.0,1.08
16264,Primary and Secondary Syphilis,310.0,Kansas,2003.0,Male,20-24 years,20-24,2.0,110145.0,1.82
16265,Primary and Secondary Syphilis,310.0,Kansas,2003.0,Male,25-29 years,25-29,3.0,91930.0,3.26
16266,Primary and Secondary Syphilis,310.0,Kansas,2003.0,Male,35-39 years,35-39,1.0,92175.0,1.08
16267,Primary and Secondary Syphilis,310.0,Kansas,2003.0,Male,40+ years,40+,6.0,565291.0,1.06
16268,Primary and Secondary Syphilis,310.0,Kansas,2004.0,Male,15-19 years,15-19,3.0,104758.0,2.86
16269,Primary and Secondary Syphilis,310.0,Kansas,2004.0,Male,20-24 years,20-24,7.0,111602.0,6.27
16270,Primary and Secondary Syphilis,310.0,Kansas,2004.0,Male,30-34 years,30-34,2.0,89263.0,2.24
16271,Primary and Secondary Syphilis,310.0,Kansas,2004.0,Male,35-39 years,35-39,1.0,90116.0,1.11
16272,Primary and Secondary Syphilis,310.0,Kansas,2004.0,Male,40+ years,40+,4.0,575897.0,0.69
16273,Primary and Secondary Syphilis,310.0,Kansas,2005.0,Male,15-19 years,15-19,1.0,104072.0,0.96
16274,Primary and Secondary Syphilis,310.0,Kansas,2005.0,Male,20-24 years,20-24,2.0,110873.0,1.8
16275,Primary and Secondary Syphilis,310.0,Kansas,2005.0,Male,25-29 years,25-29,2.0,99758.0,2.0
16276,Primary and Secondary Syphilis,310.0,Kansas,2005.0,Male,30-34 years,30-34,3.0,88221.0,3.4
16277,Primary and Secondary Syphilis,310.0,Kansas,2005.0,Male,35-39 years,35-39,3.0,89756.0,3.34
16278,Primary and Secondary Syphilis,310.0,Kansas,2005.0,Male,40+ years,40+,6.0,584601.0,1.03
16279,Primary and Secondary Syphilis,310.0,Kansas,2006.0,Male,15-19 years,15-19,2.0,104616.0,1.91
16280,Primary and Secondary Syphilis,310.0,Kansas,2006.0,Male,20-24 years,20-24,2.0,110204.0,1.81
16281,Primary and Secondary Syphilis,310.0,Kansas,2006.0,Male,25-29 years,25-29,2.0,95727.0,2.09
16282,Primary and Secondary Syphilis,310.0,Kansas,2006.0,Male,30-34 years,30-34,1.0,87243.0,1.15
16283,Primary and Secondary Syphilis,310.0,Kansas,2006.0,Male,35-39 years,35-39,4.0,89889.0,4.45
16284,Primary and Secondary Syphilis,310.0,Kansas,2006.0,Male,40+ years,40+,14.0,589491.0,2.37
16285,Primary and Secondary Syphilis,310.0,Kansas,2007.0,Male,15-19 years,15-19,3.0,104118.0,2.88
16286,Primary and Secondary Syphilis,310.0,Kansas,2007.0,Male,20-24 years,20-24,4.0,108999.0,3.67
16287,Primary and Secondary Syphilis,310.0,Kansas,2007.0,Male,25-29 years,25-29,1.0,99116.0,1.01
16288,Primary and Secondary Syphilis,310.0,Kansas,2007.0,Male,30-34 years,30-34,1.0,86517.0,1.16
16289,Primary and Secondary Syphilis,310.0,Kansas,2007.0,Male,35-39 years,35-39,3.0,90611.0,3.31
16290,Primary and Secondary Syphilis,310.0,Kansas,2007.0,Male,40+ years,40+,10.0,592369.0,1.69
16291,Primary and Secondary Syphilis,310.0,Kansas,2008.0,Male,20-24 years,20-24,4.0,110820.0,3.61
16292,Primary and Secondary Syphilis,310.0,Kansas,2008.0,Male,25-29 years,25-29,4.0,101659.0,3.93
16293,Primary and Secondary Syphilis,310.0,Kansas,2008.0,Male,30-34 years,30-34,2.0,88188.0,2.27
16294,Primary and Secondary Syphilis,310.0,Kansas,2008.0,Male,35-39 years,35-39,4.0,90669.0,4.41
16295,Primary and Secondary Syphilis,310.0,Kansas,2008.0,Male,40+ years,40+,11.0,598997.0,1.84
16296,Primary and Secondary Syphilis,310.0,Kansas,2009.0,Male,15-19 years,15-19,1.0,104047.0,0.96
16297,Primary and Secondary Syphilis,310.0,Kansas,2009.0,Male,20-24 years,20-24,6.0,116509.0,5.15
16298,Primary and Secondary Syphilis,310.0,Kansas,2009.0,Male,25-29 years,25-29,4.0,103194.0,3.88
16299,Primary and Secondary Syphilis,310.0,Kansas,2009.0,Male,30-34 years,30-34,2.0,86135.0,2.32
16300,Primary and Secondary Syphilis,310.0,Kansas,2009.0,Male,35-39 years,35-39,4.0,89246.0,4.48
16301,Primary and Secondary Syphilis,310.0,Kansas,2009.0,Male,40+ years,40+,6.0,599963.0,1.0
16302,Primary and Secondary Syphilis,310.0,Kansas,2010.0,Male,15-19 years,15-19,3.0,105362.0,2.85
16303,Primary and Secondary Syphilis,310.0,Kansas,2010.0,Male,20-24 years,20-24,7.0,105450.0,6.64
16304,Primary and Secondary Syphilis,310.0,Kansas,2010.0,Male,25-29 years,25-29,4.0,101077.0,3.96
16305,Primary and Secondary Syphilis,310.0,Kansas,2010.0,Male,30-34 years,30-34,1.0,91335.0,1.09
16306,Primary and Secondary Syphilis,310.0,Kansas,2010.0,Male,35-39 years,35-39,1.0,87100.0,1.15
16307,Primary and Secondary Syphilis,310.0,Kansas,2010.0,Male,40+ years,40+,2.0,614619.0,0.33
16308,Primary and Secondary Syphilis,310.0,Kansas,2011.0,Male,20-24 years,20-24,7.0,107593.0,6.51
16309,Primary and Secondary Syphilis,310.0,Kansas,2011.0,Male,25-29 years,25-29,2.0,100758.0,1.98
16310,Primary and Secondary Syphilis,310.0,Kansas,2011.0,Male,30-34 years,30-34,4.0,94508.0,4.23
16311,Primary and Secondary Syphilis,310.0,Kansas,2011.0,Male,35-39 years,35-39,2.0,85150.0,2.35
16312,Primary and Secondary Syphilis,310.0,Kansas,2011.0,Male,40+ years,40+,9.0,622411.0,1.45
16313,Primary and Secondary Syphilis,310.0,Kansas,2012.0,Male,20-24 years,20-24,7.0,111726.0,6.27
16314,Primary and Secondary Syphilis,310.0,Kansas,2012.0,Male,25-29 years,25-29,3.0,101027.0,2.97
16315,Primary and Secondary Syphilis,310.0,Kansas,2012.0,Male,30-34 years,30-34,3.0,97348.0,3.08
16316,Primary and Secondary Syphilis,310.0,Kansas,2012.0,Male,35-39 years,35-39,4.0,85477.0,4.68
16317,Primary and Secondary Syphilis,310.0,Kansas,2012.0,Male,40+ years,40+,5.0,625579.0,0.8
16318,Primary and Secondary Syphilis,310.0,Kansas,2013.0,Male,15-19 years,15-19,2.0,103520.0,1.93
16319,Primary and Secondary Syphilis,310.0,Kansas,2013.0,Male,20-24 years,20-24,12.0,115205.0,10.42
16320,Primary and Secondary Syphilis,310.0,Kansas,2013.0,Male,25-29 years,25-29,10.0,99213.0,10.08
16321,Primary and Secondary Syphilis,310.0,Kansas,2013.0,Male,30-34 years,30-34,5.0,99483.0,5.03
16322,Primary and Secondary Syphilis,310.0,Kansas,2013.0,Male,35-39 years,35-39,5.0,86855.0,5.76
16323,Primary and Secondary Syphilis,310.0,Kansas,2013.0,Male,40+ years,40+,12.0,627457.0,1.91
16324,Primary and Secondary Syphilis,310.0,Kansas,2013.0,Male,Unknown,99,1.0,,
16325,Primary and Secondary Syphilis,310.0,Kansas,2014.0,Male,15-19 years,15-19,3.0,103520.0,2.9
16326,Primary and Secondary Syphilis,310.0,Kansas,2014.0,Male,20-24 years,20-24,7.0,115205.0,6.08
16327,Primary and Secondary Syphilis,310.0,Kansas,2014.0,Male,25-29 years,25-29,7.0,99213.0,7.06
16328,Primary and Secondary Syphilis,310.0,Kansas,2014.0,Male,30-34 years,30-34,7.0,99483.0,7.04
16329,Primary and Secondary Syphilis,310.0,Kansas,2014.0,Male,35-39 years,35-39,7.0,86855.0,8.06
16330,Primary and Secondary Syphilis,310.0,Kansas,2014.0,Male,40+ years,40+,15.0,627457.0,2.39
16331,Primary and Secondary Syphilis,310.0,Kentucky,1996.0,Male,15-19 years,15-19,8.0,151592.0,5.28
16332,Primary and Secondary Syphilis,310.0,Kentucky,1996.0,Male,20-24 years,20-24,16.0,139746.0,11.45
16333,Primary and Secondary Syphilis,310.0,Kentucky,1996.0,Male,25-29 years,25-29,11.0,139598.0,7.88
16334,Primary and Secondary Syphilis,310.0,Kentucky,1996.0,Male,30-34 years,30-34,15.0,151349.0,9.91
16335,Primary and Secondary Syphilis,310.0,Kentucky,1996.0,Male,35-39 years,35-39,12.0,159644.0,7.52
16336,Primary and Secondary Syphilis,310.0,Kentucky,1996.0,Male,40+ years,40+,11.0,748874.0,1.47
16337,Primary and Secondary Syphilis,310.0,Kentucky,1997.0,Male,15-19 years,15-19,2.0,152344.0,1.31
16338,Primary and Secondary Syphilis,310.0,Kentucky,1997.0,Male,20-24 years,20-24,10.0,138421.0,7.22
16339,Primary and Secondary Syphilis,310.0,Kentucky,1997.0,Male,25-29 years,25-29,11.0,140970.0,7.8
16340,Primary and Secondary Syphilis,310.0,Kentucky,1997.0,Male,30-34 years,30-34,7.0,147171.0,4.76
16341,Primary and Secondary Syphilis,310.0,Kentucky,1997.0,Male,35-39 years,35-39,7.0,159100.0,4.4
16342,Primary and Secondary Syphilis,310.0,Kentucky,1997.0,Male,40+ years,40+,32.0,763747.0,4.19
16343,Primary and Secondary Syphilis,310.0,Kentucky,1998.0,Male,15-19 years,15-19,3.0,151900.0,1.97
16344,Primary and Secondary Syphilis,310.0,Kentucky,1998.0,Male,20-24 years,20-24,12.0,139926.0,8.58
16345,Primary and Secondary Syphilis,310.0,Kentucky,1998.0,Male,25-29 years,25-29,4.0,141912.0,2.82
16346,Primary and Secondary Syphilis,310.0,Kentucky,1998.0,Male,30-34 years,30-34,10.0,144453.0,6.92
16347,Primary and Secondary Syphilis,310.0,Kentucky,1998.0,Male,35-39 years,35-39,8.0,159399.0,5.02
16348,Primary and Secondary Syphilis,310.0,Kentucky,1998.0,Male,40+ years,40+,20.0,783222.0,2.55
16349,Primary and Secondary Syphilis,310.0,Kentucky,1999.0,Male,15-19 years,15-19,1.0,149899.0,0.67
16350,Primary and Secondary Syphilis,310.0,Kentucky,1999.0,Male,20-24 years,20-24,6.0,142302.0,4.22
16351,Primary and Secondary Syphilis,310.0,Kentucky,1999.0,Male,25-29 years,25-29,6.0,142296.0,4.22
16352,Primary and Secondary Syphilis,310.0,Kentucky,1999.0,Male,30-34 years,30-34,10.0,143057.0,6.99
16353,Primary and Secondary Syphilis,310.0,Kentucky,1999.0,Male,35-39 years,35-39,12.0,159867.0,7.51
16354,Primary and Secondary Syphilis,310.0,Kentucky,1999.0,Male,40+ years,40+,21.0,801022.0,2.62
16355,Primary and Secondary Syphilis,310.0,Kentucky,2000.0,Male,15-19 years,15-19,2.0,146297.0,1.37
16356,Primary and Secondary Syphilis,310.0,Kentucky,2000.0,Male,20-24 years,20-24,6.0,147165.0,4.08
16357,Primary and Secondary Syphilis,310.0,Kentucky,2000.0,Male,25-29 years,25-29,4.0,142773.0,2.8
16358,Primary and Secondary Syphilis,310.0,Kentucky,2000.0,Male,30-34 years,30-34,7.0,146029.0,4.79
16359,Primary and Secondary Syphilis,310.0,Kentucky,2000.0,Male,35-39 years,35-39,9.0,160997.0,5.59
16360,Primary and Secondary Syphilis,310.0,Kentucky,2000.0,Male,40+ years,40+,15.0,828987.0,1.81
16361,Primary and Secondary Syphilis,310.0,Kentucky,2001.0,Male,15-19 years,15-19,3.0,145078.0,2.07
16362,Primary and Secondary Syphilis,310.0,Kentucky,2001.0,Male,20-24 years,20-24,7.0,150194.0,4.66
16363,Primary and Secondary Syphilis,310.0,Kentucky,2001.0,Male,25-29 years,25-29,2.0,139573.0,1.43
16364,Primary and Secondary Syphilis,310.0,Kentucky,2001.0,Male,30-34 years,30-34,2.0,146791.0,1.36
16365,Primary and Secondary Syphilis,310.0,Kentucky,2001.0,Male,35-39 years,35-39,3.0,158253.0,1.9
16366,Primary and Secondary Syphilis,310.0,Kentucky,2001.0,Male,40+ years,40+,14.0,843330.0,1.66
16367,Primary and Secondary Syphilis,310.0,Kentucky,2002.0,Male,15-19 years,15-19,3.0,143739.0,2.09
16368,Primary and Secondary Syphilis,310.0,Kentucky,2002.0,Male,20-24 years,20-24,5.0,153502.0,3.26
16369,Primary and Secondary Syphilis,310.0,Kentucky,2002.0,Male,25-29 years,25-29,6.0,139714.0,4.29
16370,Primary and Secondary Syphilis,310.0,Kentucky,2002.0,Male,30-34 years,30-34,7.0,149565.0,4.68
16371,Primary and Secondary Syphilis,310.0,Kentucky,2002.0,Male,35-39 years,35-39,11.0,156531.0,7.03
16372,Primary and Secondary Syphilis,310.0,Kentucky,2002.0,Male,40+ years,40+,13.0,863366.0,1.51
16373,Primary and Secondary Syphilis,310.0,Kentucky,2003.0,Male,20-24 years,20-24,3.0,152538.0,1.97
16374,Primary and Secondary Syphilis,310.0,Kentucky,2003.0,Male,25-29 years,25-29,3.0,138588.0,2.16
16375,Primary and Secondary Syphilis,310.0,Kentucky,2003.0,Male,30-34 years,30-34,2.0,145175.0,1.38
16376,Primary and Secondary Syphilis,310.0,Kentucky,2003.0,Male,35-39 years,35-39,3.0,149170.0,2.01
16377,Primary and Secondary Syphilis,310.0,Kentucky,2003.0,Male,40+ years,40+,8.0,863243.0,0.93
16378,Primary and Secondary Syphilis,310.0,Kentucky,2004.0,Male,15-19 years,15-19,1.0,144782.0,0.69
16379,Primary and Secondary Syphilis,310.0,Kentucky,2004.0,Male,20-24 years,20-24,4.0,153159.0,2.61
16380,Primary and Secondary Syphilis,310.0,Kentucky,2004.0,Male,25-29 years,25-29,7.0,142263.0,4.92
16381,Primary and Secondary Syphilis,310.0,Kentucky,2004.0,Male,30-34 years,30-34,5.0,144856.0,3.45
16382,Primary and Secondary Syphilis,310.0,Kentucky,2004.0,Male,35-39 years,35-39,7.0,147082.0,4.76
16383,Primary and Secondary Syphilis,310.0,Kentucky,2004.0,Male,40+ years,40+,17.0,884684.0,1.92
16384,Primary and Secondary Syphilis,310.0,Kentucky,2005.0,Male,20-24 years,20-24,2.0,152017.0,1.32
16385,Primary and Secondary Syphilis,310.0,Kentucky,2005.0,Male,25-29 years,25-29,5.0,146383.0,3.42
16386,Primary and Secondary Syphilis,310.0,Kentucky,2005.0,Male,30-34 years,30-34,10.0,142969.0,6.99
16387,Primary and Secondary Syphilis,310.0,Kentucky,2005.0,Male,35-39 years,35-39,16.0,146257.0,10.94
16388,Primary and Secondary Syphilis,310.0,Kentucky,2005.0,Male,40+ years,40+,15.0,901388.0,1.66
16389,Primary and Secondary Syphilis,310.0,Kentucky,2005.0,Male,Unknown,99,1.0,,
16390,Primary and Secondary Syphilis,310.0,Kentucky,2006.0,Male,15-19 years,15-19,1.0,144964.0,0.69
16391,Primary and Secondary Syphilis,310.0,Kentucky,2006.0,Male,20-24 years,20-24,8.0,142479.0,5.61
16392,Primary and Secondary Syphilis,310.0,Kentucky,2006.0,Male,25-29 years,25-29,16.0,156937.0,10.2
16393,Primary and Secondary Syphilis,310.0,Kentucky,2006.0,Male,30-34 years,30-34,8.0,138055.0,5.79
16394,Primary and Secondary Syphilis,310.0,Kentucky,2006.0,Male,35-39 years,35-39,11.0,146128.0,7.53
16395,Primary and Secondary Syphilis,310.0,Kentucky,2006.0,Male,40+ years,40+,21.0,910344.0,2.31
16396,Primary and Secondary Syphilis,310.0,Kentucky,2006.0,Male,Unknown,99,1.0,,
16397,Primary and Secondary Syphilis,310.0,Kentucky,2007.0,Male,15-19 years,15-19,1.0,145139.0,0.69
16398,Primary and Secondary Syphilis,310.0,Kentucky,2007.0,Male,20-24 years,20-24,12.0,142180.0,8.44
16399,Primary and Secondary Syphilis,310.0,Kentucky,2007.0,Male,25-29 years,25-29,2.0,158563.0,1.26
16400,Primary and Secondary Syphilis,310.0,Kentucky,2007.0,Male,30-34 years,30-34,8.0,138105.0,5.79
16401,Primary and Secondary Syphilis,310.0,Kentucky,2007.0,Male,35-39 years,35-39,7.0,147645.0,4.74
16402,Primary and Secondary Syphilis,310.0,Kentucky,2007.0,Male,40+ years,40+,17.0,923080.0,1.84
16403,Primary and Secondary Syphilis,310.0,Kentucky,2008.0,Male,15-19 years,15-19,2.0,145189.0,1.38
16404,Primary and Secondary Syphilis,310.0,Kentucky,2008.0,Male,20-24 years,20-24,18.0,138742.0,12.97
16405,Primary and Secondary Syphilis,310.0,Kentucky,2008.0,Male,25-29 years,25-29,13.0,154819.0,8.4
16406,Primary and Secondary Syphilis,310.0,Kentucky,2008.0,Male,30-34 years,30-34,9.0,139573.0,6.45
16407,Primary and Secondary Syphilis,310.0,Kentucky,2008.0,Male,35-39 years,35-39,15.0,146027.0,10.27
16408,Primary and Secondary Syphilis,310.0,Kentucky,2008.0,Male,40+ years,40+,22.0,937335.0,2.35
16409,Primary and Secondary Syphilis,310.0,Kentucky,2009.0,Male,15-19 years,15-19,6.0,149179.0,4.02
16410,Primary and Secondary Syphilis,310.0,Kentucky,2009.0,Male,20-24 years,20-24,12.0,154740.0,7.75
16411,Primary and Secondary Syphilis,310.0,Kentucky,2009.0,Male,25-29 years,25-29,9.0,153989.0,5.84
16412,Primary and Secondary Syphilis,310.0,Kentucky,2009.0,Male,30-34 years,30-34,21.0,138909.0,15.12
16413,Primary and Secondary Syphilis,310.0,Kentucky,2009.0,Male,35-39 years,35-39,11.0,144904.0,7.59
16414,Primary and Secondary Syphilis,310.0,Kentucky,2009.0,Male,40+ years,40+,29.0,945531.0,3.07
16415,Primary and Secondary Syphilis,310.0,Kentucky,2010.0,Male,15-19 years,15-19,7.0,152107.0,4.6
16416,Primary and Secondary Syphilis,310.0,Kentucky,2010.0,Male,20-24 years,20-24,37.0,147432.0,25.1
16417,Primary and Secondary Syphilis,310.0,Kentucky,2010.0,Male,25-29 years,25-29,23.0,143707.0,16.0
16418,Primary and Secondary Syphilis,310.0,Kentucky,2010.0,Male,30-34 years,30-34,11.0,142068.0,7.74
16419,Primary and Secondary Syphilis,310.0,Kentucky,2010.0,Male,35-39 years,35-39,15.0,143758.0,10.43
16420,Primary and Secondary Syphilis,310.0,Kentucky,2010.0,Male,40+ years,40+,38.0,971029.0,3.91
16421,Primary and Secondary Syphilis,310.0,Kentucky,2011.0,Male,15-19 years,15-19,4.0,149098.0,2.68
16422,Primary and Secondary Syphilis,310.0,Kentucky,2011.0,Male,20-24 years,20-24,39.0,152805.0,25.52
16423,Primary and Secondary Syphilis,310.0,Kentucky,2011.0,Male,25-29 years,25-29,20.0,142430.0,14.04
16424,Primary and Secondary Syphilis,310.0,Kentucky,2011.0,Male,30-34 years,30-34,13.0,144726.0,8.98
16425,Primary and Secondary Syphilis,310.0,Kentucky,2011.0,Male,35-39 years,35-39,5.0,138805.0,3.6
16426,Primary and Secondary Syphilis,310.0,Kentucky,2011.0,Male,40+ years,40+,29.0,987681.0,2.94
16427,Primary and Secondary Syphilis,310.0,Kentucky,2012.0,Male,15-19 years,15-19,7.0,145804.0,4.8
16428,Primary and Secondary Syphilis,310.0,Kentucky,2012.0,Male,20-24 years,20-24,33.0,158024.0,20.88
16429,Primary and Secondary Syphilis,310.0,Kentucky,2012.0,Male,25-29 years,25-29,22.0,142055.0,15.49
16430,Primary and Secondary Syphilis,310.0,Kentucky,2012.0,Male,30-34 years,30-34,9.0,144907.0,6.21
16431,Primary and Secondary Syphilis,310.0,Kentucky,2012.0,Male,35-39 years,35-39,18.0,136932.0,13.15
16432,Primary and Secondary Syphilis,310.0,Kentucky,2012.0,Male,40+ years,40+,48.0,995249.0,4.82
16433,Primary and Secondary Syphilis,310.0,Kentucky,2013.0,Male,15-19 years,15-19,4.0,145635.0,2.75
16434,Primary and Secondary Syphilis,310.0,Kentucky,2013.0,Male,20-24 years,20-24,21.0,159848.0,13.14
16435,Primary and Secondary Syphilis,310.0,Kentucky,2013.0,Male,25-29 years,25-29,26.0,140534.0,18.5
16436,Primary and Secondary Syphilis,310.0,Kentucky,2013.0,Male,30-34 years,30-34,12.0,143407.0,8.37
16437,Primary and Secondary Syphilis,310.0,Kentucky,2013.0,Male,35-39 years,35-39,8.0,136693.0,5.85
16438,Primary and Secondary Syphilis,310.0,Kentucky,2013.0,Male,40+ years,40+,34.0,1004805.0,3.38
16439,Primary and Secondary Syphilis,310.0,Kentucky,2014.0,Male,15-19 years,15-19,2.0,145635.0,1.37
16440,Primary and Secondary Syphilis,310.0,Kentucky,2014.0,Male,20-24 years,20-24,30.0,159848.0,18.77
16441,Primary and Secondary Syphilis,310.0,Kentucky,2014.0,Male,25-29 years,25-29,19.0,140534.0,13.52
16442,Primary and Secondary Syphilis,310.0,Kentucky,2014.0,Male,30-34 years,30-34,21.0,143407.0,14.64
16443,Primary and Secondary Syphilis,310.0,Kentucky,2014.0,Male,35-39 years,35-39,15.0,136693.0,10.97
16444,Primary and Secondary Syphilis,310.0,Kentucky,2014.0,Male,40+ years,40+,49.0,1004805.0,4.88
16445,Primary and Secondary Syphilis,310.0,Louisiana,1996.0,Male,15-19 years,15-19,35.0,182094.0,19.22
16446,Primary and Secondary Syphilis,310.0,Louisiana,1996.0,Male,20-24 years,20-24,49.0,154812.0,31.65
16447,Primary and Secondary Syphilis,310.0,Louisiana,1996.0,Male,25-29 years,25-29,40.0,151493.0,26.4
16448,Primary and Secondary Syphilis,310.0,Louisiana,1996.0,Male,30-34 years,30-34,34.0,162309.0,20.95
16449,Primary and Secondary Syphilis,310.0,Louisiana,1996.0,Male,35-39 years,35-39,42.0,175147.0,23.98
16450,Primary and Secondary Syphilis,310.0,Louisiana,1996.0,Male,40+ years,40+,62.0,775492.0,7.99
16451,Primary and Secondary Syphilis,310.0,Louisiana,1997.0,Male,0-14 years,0-14,1.0,518684.0,0.19
16452,Primary and Secondary Syphilis,310.0,Louisiana,1997.0,Male,15-19 years,15-19,16.0,184770.0,8.66
16453,Primary and Secondary Syphilis,310.0,Louisiana,1997.0,Male,20-24 years,20-24,35.0,155281.0,22.54
16454,Primary and Secondary Syphilis,310.0,Louisiana,1997.0,Male,25-29 years,25-29,24.0,151092.0,15.88
16455,Primary and Secondary Syphilis,310.0,Louisiana,1997.0,Male,30-34 years,30-34,35.0,157793.0,22.18
16456,Primary and Secondary Syphilis,310.0,Louisiana,1997.0,Male,35-39 years,35-39,31.0,173716.0,17.85
16457,Primary and Secondary Syphilis,310.0,Louisiana,1997.0,Male,40+ years,40+,33.0,794597.0,4.15
16458,Primary and Secondary Syphilis,310.0,Louisiana,1997.0,Male,Unknown,99,1.0,,
16459,Primary and Secondary Syphilis,310.0,Louisiana,1998.0,Male,0-14 years,0-14,3.0,515933.0,0.58
16460,Primary and Secondary Syphilis,310.0,Louisiana,1998.0,Male,15-19 years,15-19,18.0,186562.0,9.65
16461,Primary and Secondary Syphilis,310.0,Louisiana,1998.0,Male,20-24 years,20-24,41.0,156794.0,26.15
16462,Primary and Secondary Syphilis,310.0,Louisiana,1998.0,Male,25-29 years,25-29,28.0,149514.0,18.73
16463,Primary and Secondary Syphilis,310.0,Louisiana,1998.0,Male,30-34 years,30-34,40.0,153603.0,26.04
16464,Primary and Secondary Syphilis,310.0,Louisiana,1998.0,Male,35-39 years,35-39,37.0,171570.0,21.57
16465,Primary and Secondary Syphilis,310.0,Louisiana,1998.0,Male,40+ years,40+,68.0,812968.0,8.36
16466,Primary and Secondary Syphilis,310.0,Louisiana,1999.0,Male,0-14 years,0-14,1.0,514658.0,0.19
16467,Primary and Secondary Syphilis,310.0,Louisiana,1999.0,Male,15-19 years,15-19,10.0,186103.0,5.37
16468,Primary and Secondary Syphilis,310.0,Louisiana,1999.0,Male,20-24 years,20-24,29.0,159347.0,18.2
16469,Primary and Secondary Syphilis,310.0,Louisiana,1999.0,Male,25-29 years,25-29,21.0,147403.0,14.25
16470,Primary and Secondary Syphilis,310.0,Louisiana,1999.0,Male,30-34 years,30-34,22.0,150688.0,14.6
16471,Primary and Secondary Syphilis,310.0,Louisiana,1999.0,Male,35-39 years,35-39,24.0,169274.0,14.18
16472,Primary and Secondary Syphilis,310.0,Louisiana,1999.0,Male,40+ years,40+,44.0,830594.0,5.3
16473,Primary and Secondary Syphilis,310.0,Louisiana,2000.0,Male,0-14 years,0-14,3.0,503831.0,0.6
16474,Primary and Secondary Syphilis,310.0,Louisiana,2000.0,Male,15-19 years,15-19,10.0,183323.0,5.45
16475,Primary and Secondary Syphilis,310.0,Louisiana,2000.0,Male,20-24 years,20-24,15.0,163746.0,9.16
16476,Primary and Secondary Syphilis,310.0,Louisiana,2000.0,Male,25-29 years,25-29,20.0,145307.0,13.76
16477,Primary and Secondary Syphilis,310.0,Louisiana,2000.0,Male,30-34 years,30-34,16.0,149972.0,10.67
16478,Primary and Secondary Syphilis,310.0,Louisiana,2000.0,Male,35-39 years,35-39,20.0,166107.0,12.04
16479,Primary and Secondary Syphilis,310.0,Louisiana,2000.0,Male,40+ years,40+,28.0,850840.0,3.29
16480,Primary and Secondary Syphilis,310.0,Louisiana,2001.0,Male,15-19 years,15-19,10.0,181928.0,5.5
16481,Primary and Secondary Syphilis,310.0,Louisiana,2001.0,Male,20-24 years,20-24,20.0,168598.0,11.86
16482,Primary and Secondary Syphilis,310.0,Louisiana,2001.0,Male,25-29 years,25-29,17.0,142948.0,11.89
16483,Primary and Secondary Syphilis,310.0,Louisiana,2001.0,Male,30-34 years,30-34,14.0,147211.0,9.51
16484,Primary and Secondary Syphilis,310.0,Louisiana,2001.0,Male,35-39 years,35-39,8.0,160117.0,5.0
16485,Primary and Secondary Syphilis,310.0,Louisiana,2001.0,Male,40+ years,40+,21.0,859670.0,2.44
16486,Primary and Secondary Syphilis,310.0,Louisiana,2002.0,Male,15-19 years,15-19,5.0,180111.0,2.78
16487,Primary and Secondary Syphilis,310.0,Louisiana,2002.0,Male,20-24 years,20-24,15.0,174452.0,8.6
16488,Primary and Secondary Syphilis,310.0,Louisiana,2002.0,Male,25-29 years,25-29,11.0,143902.0,7.64
16489,Primary and Secondary Syphilis,310.0,Louisiana,2002.0,Male,30-34 years,30-34,8.0,146848.0,5.45
16490,Primary and Secondary Syphilis,310.0,Louisiana,2002.0,Male,35-39 years,35-39,12.0,155199.0,7.73
16491,Primary and Secondary Syphilis,310.0,Louisiana,2002.0,Male,40+ years,40+,25.0,872771.0,2.86
16492,Primary and Secondary Syphilis,310.0,Louisiana,2003.0,Male,15-19 years,15-19,9.0,177243.0,5.08
16493,Primary and Secondary Syphilis,310.0,Louisiana,2003.0,Male,20-24 years,20-24,22.0,179075.0,12.29
16494,Primary and Secondary Syphilis,310.0,Louisiana,2003.0,Male,25-29 years,25-29,16.0,147409.0,10.85
16495,Primary and Secondary Syphilis,310.0,Louisiana,2003.0,Male,30-34 years,30-34,14.0,144325.0,9.7
16496,Primary and Secondary Syphilis,310.0,Louisiana,2003.0,Male,35-39 years,35-39,15.0,150892.0,9.94
16497,Primary and Secondary Syphilis,310.0,Louisiana,2003.0,Male,40+ years,40+,28.0,886241.0,3.16
16498,Primary and Secondary Syphilis,310.0,Louisiana,2004.0,Male,0-14 years,0-14,1.0,492104.0,0.2
16499,Primary and Secondary Syphilis,310.0,Louisiana,2004.0,Male,15-19 years,15-19,16.0,175428.0,9.12
16500,Primary and Secondary Syphilis,310.0,Louisiana,2004.0,Male,20-24 years,20-24,41.0,181821.0,22.55
16501,Primary and Secondary Syphilis,310.0,Louisiana,2004.0,Male,25-29 years,25-29,33.0,152544.0,21.63
16502,Primary and Secondary Syphilis,310.0,Louisiana,2004.0,Male,30-34 years,30-34,29.0,142363.0,20.37
16503,Primary and Secondary Syphilis,310.0,Louisiana,2004.0,Male,35-39 years,35-39,27.0,147564.0,18.3
16504,Primary and Secondary Syphilis,310.0,Louisiana,2004.0,Male,40+ years,40+,62.0,902159.0,6.87
16505,Primary and Secondary Syphilis,310.0,Louisiana,2005.0,Male,15-19 years,15-19,15.0,173577.0,8.64
16506,Primary and Secondary Syphilis,310.0,Louisiana,2005.0,Male,20-24 years,20-24,36.0,181852.0,19.8
16507,Primary and Secondary Syphilis,310.0,Louisiana,2005.0,Male,25-29 years,25-29,34.0,158595.0,21.44
16508,Primary and Secondary Syphilis,310.0,Louisiana,2005.0,Male,30-34 years,30-34,29.0,140071.0,20.7
16509,Primary and Secondary Syphilis,310.0,Louisiana,2005.0,Male,35-39 years,35-39,14.0,145467.0,9.62
16510,Primary and Secondary Syphilis,310.0,Louisiana,2005.0,Male,40+ years,40+,38.0,916581.0,4.15
16511,Primary and Secondary Syphilis,310.0,Louisiana,2006.0,Male,15-19 years,15-19,12.0,162835.0,7.37
16512,Primary and Secondary Syphilis,310.0,Louisiana,2006.0,Male,20-24 years,20-24,48.0,164492.0,29.18
16513,Primary and Secondary Syphilis,310.0,Louisiana,2006.0,Male,25-29 years,25-29,45.0,154805.0,29.07
16514,Primary and Secondary Syphilis,310.0,Louisiana,2006.0,Male,30-34 years,30-34,29.0,125200.0,23.16
16515,Primary and Secondary Syphilis,310.0,Louisiana,2006.0,Male,35-39 years,35-39,19.0,135564.0,14.02
16516,Primary and Secondary Syphilis,310.0,Louisiana,2006.0,Male,40+ years,40+,66.0,884138.0,7.46
16517,Primary and Secondary Syphilis,310.0,Louisiana,2007.0,Male,15-19 years,15-19,30.0,162541.0,18.46
16518,Primary and Secondary Syphilis,310.0,Louisiana,2007.0,Male,20-24 years,20-24,61.0,168060.0,36.3
16519,Primary and Secondary Syphilis,310.0,Louisiana,2007.0,Male,25-29 years,25-29,53.0,158541.0,33.43
16520,Primary and Secondary Syphilis,310.0,Louisiana,2007.0,Male,30-34 years,30-34,37.0,125557.0,29.47
16521,Primary and Secondary Syphilis,310.0,Louisiana,2007.0,Male,35-39 years,35-39,37.0,134295.0,27.55
16522,Primary and Secondary Syphilis,310.0,Louisiana,2007.0,Male,40+ years,40+,106.0,882625.0,12.01
16523,Primary and Secondary Syphilis,310.0,Louisiana,2008.0,Male,15-19 years,15-19,34.0,165690.0,20.52
16524,Primary and Secondary Syphilis,310.0,Louisiana,2008.0,Male,20-24 years,20-24,86.0,167780.0,51.26
16525,Primary and Secondary Syphilis,310.0,Louisiana,2008.0,Male,25-29 years,25-29,65.0,164834.0,39.43
16526,Primary and Secondary Syphilis,310.0,Louisiana,2008.0,Male,30-34 years,30-34,40.0,131280.0,30.47
16527,Primary and Secondary Syphilis,310.0,Louisiana,2008.0,Male,35-39 years,35-39,42.0,134598.0,31.2
16528,Primary and Secondary Syphilis,310.0,Louisiana,2008.0,Male,40+ years,40+,133.0,908894.0,14.63
16529,Primary and Secondary Syphilis,310.0,Louisiana,2009.0,Male,0-14 years,0-14,1.0,476373.0,0.21
16530,Primary and Secondary Syphilis,310.0,Louisiana,2009.0,Male,15-19 years,15-19,31.0,165201.0,18.77
16531,Primary and Secondary Syphilis,310.0,Louisiana,2009.0,Male,20-24 years,20-24,95.0,174082.0,54.57
16532,Primary and Secondary Syphilis,310.0,Louisiana,2009.0,Male,25-29 years,25-29,86.0,171183.0,50.24
16533,Primary and Secondary Syphilis,310.0,Louisiana,2009.0,Male,30-34 years,30-34,48.0,140137.0,34.25
16534,Primary and Secondary Syphilis,310.0,Louisiana,2009.0,Male,35-39 years,35-39,35.0,134145.0,26.09
16535,Primary and Secondary Syphilis,310.0,Louisiana,2009.0,Male,40+ years,40+,96.0,924014.0,10.39
16536,Primary and Secondary Syphilis,310.0,Louisiana,2010.0,Male,15-19 years,15-19,30.0,165747.0,18.1
16537,Primary and Secondary Syphilis,310.0,Louisiana,2010.0,Male,20-24 years,20-24,88.0,169290.0,51.98
16538,Primary and Secondary Syphilis,310.0,Louisiana,2010.0,Male,25-29 years,25-29,53.0,166926.0,31.75
16539,Primary and Secondary Syphilis,310.0,Louisiana,2010.0,Male,30-34 years,30-34,35.0,148120.0,23.63
16540,Primary and Secondary Syphilis,310.0,Louisiana,2010.0,Male,35-39 years,35-39,21.0,137544.0,15.27
16541,Primary and Secondary Syphilis,310.0,Louisiana,2010.0,Male,40+ years,40+,57.0,958271.0,5.95
16542,Primary and Secondary Syphilis,310.0,Louisiana,2011.0,Male,15-19 years,15-19,28.0,160239.0,17.47
16543,Primary and Secondary Syphilis,310.0,Louisiana,2011.0,Male,20-24 years,20-24,68.0,172775.0,39.36
16544,Primary and Secondary Syphilis,310.0,Louisiana,2011.0,Male,25-29 years,25-29,65.0,166977.0,38.93
16545,Primary and Secondary Syphilis,310.0,Louisiana,2011.0,Male,30-34 years,30-34,32.0,154295.0,20.74
16546,Primary and Secondary Syphilis,310.0,Louisiana,2011.0,Male,35-39 years,35-39,16.0,135163.0,11.84
16547,Primary and Secondary Syphilis,310.0,Louisiana,2011.0,Male,40+ years,40+,58.0,972409.0,5.96
16548,Primary and Secondary Syphilis,310.0,Louisiana,2011.0,Male,Unknown,99,1.0,,
16549,Primary and Secondary Syphilis,310.0,Louisiana,2012.0,Male,15-19 years,15-19,20.0,155895.0,12.83
16550,Primary and Secondary Syphilis,310.0,Louisiana,2012.0,Male,20-24 years,20-24,66.0,175778.0,37.55
16551,Primary and Secondary Syphilis,310.0,Louisiana,2012.0,Male,25-29 years,25-29,51.0,168504.0,30.27
16552,Primary and Secondary Syphilis,310.0,Louisiana,2012.0,Male,30-34 years,30-34,25.0,158925.0,15.73
16553,Primary and Secondary Syphilis,310.0,Louisiana,2012.0,Male,35-39 years,35-39,13.0,135415.0,9.6
16554,Primary and Secondary Syphilis,310.0,Louisiana,2012.0,Male,40+ years,40+,37.0,980012.0,3.78
16555,Primary and Secondary Syphilis,310.0,Louisiana,2013.0,Male,0-14 years,0-14,2.0,474938.0,0.42
16556,Primary and Secondary Syphilis,310.0,Louisiana,2013.0,Male,15-19 years,15-19,31.0,154191.0,20.1
16557,Primary and Secondary Syphilis,310.0,Louisiana,2013.0,Male,20-24 years,20-24,76.0,177105.0,42.91
16558,Primary and Secondary Syphilis,310.0,Louisiana,2013.0,Male,25-29 years,25-29,60.0,168859.0,35.53
16559,Primary and Secondary Syphilis,310.0,Louisiana,2013.0,Male,30-34 years,30-34,47.0,162784.0,28.87
16560,Primary and Secondary Syphilis,310.0,Louisiana,2013.0,Male,35-39 years,35-39,22.0,138567.0,15.88
16561,Primary and Secondary Syphilis,310.0,Louisiana,2013.0,Male,40+ years,40+,70.0,987489.0,7.09
16562,Primary and Secondary Syphilis,310.0,Louisiana,2014.0,Male,15-19 years,15-19,31.0,154191.0,20.1
16563,Primary and Secondary Syphilis,310.0,Louisiana,2014.0,Male,20-24 years,20-24,122.0,177105.0,68.89
16564,Primary and Secondary Syphilis,310.0,Louisiana,2014.0,Male,25-29 years,25-29,98.0,168859.0,58.04
16565,Primary and Secondary Syphilis,310.0,Louisiana,2014.0,Male,30-34 years,30-34,58.0,162784.0,35.63
16566,Primary and Secondary Syphilis,310.0,Louisiana,2014.0,Male,35-39 years,35-39,35.0,138567.0,25.26
16567,Primary and Secondary Syphilis,310.0,Louisiana,2014.0,Male,40+ years,40+,99.0,987489.0,10.03
16568,Primary and Secondary Syphilis,310.0,Maine,1996.0,Male,15-19 years,15-19,1.0,44243.0,2.26
16569,Primary and Secondary Syphilis,310.0,Maine,1997.0,Male,30-34 years,30-34,1.0,44598.0,2.24
16570,Primary and Secondary Syphilis,310.0,Maine,1998.0,Male,15-19 years,15-19,1.0,45428.0,2.2
16571,Primary and Secondary Syphilis,310.0,Maine,2000.0,Male,35-39 years,35-39,1.0,51182.0,1.95
16572,Primary and Secondary Syphilis,310.0,Maine,2001.0,Male,30-34 years,30-34,1.0,42062.0,2.38
16573,Primary and Secondary Syphilis,310.0,Maine,2002.0,Male,25-29 years,25-29,2.0,33550.0,5.96
16574,Primary and Secondary Syphilis,310.0,Maine,2003.0,Male,25-29 years,25-29,1.0,32765.0,3.05
16575,Primary and Secondary Syphilis,310.0,Maine,2003.0,Male,35-39 years,35-39,2.0,46793.0,4.27
16576,Primary and Secondary Syphilis,310.0,Maine,2003.0,Male,40+ years,40+,5.0,308869.0,1.62
16577,Primary and Secondary Syphilis,310.0,Maine,2004.0,Male,35-39 years,35-39,1.0,45579.0,2.19
16578,Primary and Secondary Syphilis,310.0,Maine,2004.0,Male,40+ years,40+,1.0,316912.0,0.32
16579,Primary and Secondary Syphilis,310.0,Maine,2005.0,Male,35-39 years,35-39,1.0,44653.0,2.24
16580,Primary and Secondary Syphilis,310.0,Maine,2006.0,Male,20-24 years,20-24,2.0,41888.0,4.77
16581,Primary and Secondary Syphilis,310.0,Maine,2006.0,Male,25-29 years,25-29,1.0,38362.0,2.61
16582,Primary and Secondary Syphilis,310.0,Maine,2006.0,Male,35-39 years,35-39,3.0,44475.0,6.75
16583,Primary and Secondary Syphilis,310.0,Maine,2006.0,Male,40+ years,40+,1.0,323013.0,0.31
16584,Primary and Secondary Syphilis,310.0,Maine,2007.0,Male,20-24 years,20-24,1.0,40164.0,2.49
16585,Primary and Secondary Syphilis,310.0,Maine,2007.0,Male,25-29 years,25-29,3.0,37729.0,7.95
16586,Primary and Secondary Syphilis,310.0,Maine,2007.0,Male,30-34 years,30-34,1.0,35813.0,2.79
16587,Primary and Secondary Syphilis,310.0,Maine,2007.0,Male,35-39 years,35-39,1.0,43342.0,2.31
16588,Primary and Secondary Syphilis,310.0,Maine,2007.0,Male,40+ years,40+,3.0,325231.0,0.92
16589,Primary and Secondary Syphilis,310.0,Maine,2008.0,Male,25-29 years,25-29,1.0,38166.0,2.62
16590,Primary and Secondary Syphilis,310.0,Maine,2008.0,Male,30-34 years,30-34,3.0,35562.0,8.44
16591,Primary and Secondary Syphilis,310.0,Maine,2008.0,Male,40+ years,40+,6.0,328239.0,1.83
16592,Primary and Secondary Syphilis,310.0,Maine,2009.0,Male,20-24 years,20-24,1.0,42213.0,2.37
16593,Primary and Secondary Syphilis,310.0,Maine,2009.0,Male,40+ years,40+,3.0,329548.0,0.91
16594,Primary and Secondary Syphilis,310.0,Maine,2010.0,Male,15-19 years,15-19,1.0,45541.0,2.2
16595,Primary and Secondary Syphilis,310.0,Maine,2010.0,Male,20-24 years,20-24,6.0,40426.0,14.84
16596,Primary and Secondary Syphilis,310.0,Maine,2010.0,Male,25-29 years,25-29,8.0,36145.0,22.13
16597,Primary and Secondary Syphilis,310.0,Maine,2010.0,Male,30-34 years,30-34,3.0,35662.0,8.41
16598,Primary and Secondary Syphilis,310.0,Maine,2010.0,Male,35-39 years,35-39,3.0,39302.0,7.63
16599,Primary and Secondary Syphilis,310.0,Maine,2010.0,Male,40+ years,40+,11.0,338637.0,3.25
16600,Primary and Secondary Syphilis,310.0,Maine,2011.0,Male,20-24 years,20-24,2.0,40601.0,4.93
16601,Primary and Secondary Syphilis,310.0,Maine,2011.0,Male,25-29 years,25-29,3.0,36509.0,8.22
16602,Primary and Secondary Syphilis,310.0,Maine,2011.0,Male,30-34 years,30-34,1.0,36210.0,2.76
16603,Primary and Secondary Syphilis,310.0,Maine,2011.0,Male,35-39 years,35-39,1.0,36950.0,2.71
16604,Primary and Secondary Syphilis,310.0,Maine,2011.0,Male,40+ years,40+,5.0,342916.0,1.46
16605,Primary and Secondary Syphilis,310.0,Maine,2012.0,Male,20-24 years,20-24,4.0,40618.0,9.85
16606,Primary and Secondary Syphilis,310.0,Maine,2012.0,Male,30-34 years,30-34,5.0,36418.0,13.73
16607,Primary and Secondary Syphilis,310.0,Maine,2012.0,Male,35-39 years,35-39,3.0,35873.0,8.36
16608,Primary and Secondary Syphilis,310.0,Maine,2012.0,Male,40+ years,40+,3.0,345418.0,0.87
16609,Primary and Secondary Syphilis,310.0,Maine,2013.0,Male,30-34 years,30-34,4.0,36716.0,10.89
16610,Primary and Secondary Syphilis,310.0,Maine,2013.0,Male,35-39 years,35-39,1.0,35505.0,2.82
16611,Primary and Secondary Syphilis,310.0,Maine,2013.0,Male,40+ years,40+,4.0,347535.0,1.15
16612,Primary and Secondary Syphilis,310.0,Maine,2014.0,Male,20-24 years,20-24,2.0,40364.0,4.95
16613,Primary and Secondary Syphilis,310.0,Maine,2014.0,Male,25-29 years,25-29,2.0,38230.0,5.23
16614,Primary and Secondary Syphilis,310.0,Maine,2014.0,Male,30-34 years,30-34,2.0,36716.0,5.45
16615,Primary and Secondary Syphilis,310.0,Maine,2014.0,Male,40+ years,40+,7.0,347535.0,2.01
16616,Primary and Secondary Syphilis,310.0,Maryland,1996.0,Male,0-14 years,0-14,1.0,564510.0,0.18
16617,Primary and Secondary Syphilis,310.0,Maryland,1996.0,Male,15-19 years,15-19,18.0,164786.0,10.92
16618,Primary and Secondary Syphilis,310.0,Maryland,1996.0,Male,20-24 years,20-24,37.0,151881.0,24.36
16619,Primary and Secondary Syphilis,310.0,Maryland,1996.0,Male,25-29 years,25-29,45.0,181380.0,24.81
16620,Primary and Secondary Syphilis,310.0,Maryland,1996.0,Male,30-34 years,30-34,81.0,227031.0,35.68
16621,Primary and Secondary Syphilis,310.0,Maryland,1996.0,Male,35-39 years,35-39,70.0,225830.0,31.0
16622,Primary and Secondary Syphilis,310.0,Maryland,1996.0,Male,40+ years,40+,150.0,956745.0,15.68
16623,Primary and Secondary Syphilis,310.0,Maryland,1997.0,Male,15-19 years,15-19,31.0,169886.0,18.25
16624,Primary and Secondary Syphilis,310.0,Maryland,1997.0,Male,20-24 years,20-24,50.0,150329.0,33.26
16625,Primary and Secondary Syphilis,310.0,Maryland,1997.0,Male,25-29 years,25-29,62.0,176656.0,35.1
16626,Primary and Secondary Syphilis,310.0,Maryland,1997.0,Male,30-34 years,30-34,85.0,219389.0,38.74
16627,Primary and Secondary Syphilis,310.0,Maryland,1997.0,Male,35-39 years,35-39,70.0,226845.0,30.86
16628,Primary and Secondary Syphilis,310.0,Maryland,1997.0,Male,40+ years,40+,193.0,979738.0,19.7
16629,Primary and Secondary Syphilis,310.0,Maryland,1998.0,Male,15-19 years,15-19,16.0,175124.0,9.14
16630,Primary and Secondary Syphilis,310.0,Maryland,1998.0,Male,20-24 years,20-24,30.0,150450.0,19.94
16631,Primary and Secondary Syphilis,310.0,Maryland,1998.0,Male,25-29 years,25-29,36.0,172443.0,20.88
16632,Primary and Secondary Syphilis,310.0,Maryland,1998.0,Male,30-34 years,30-34,54.0,210317.0,25.68
16633,Primary and Secondary Syphilis,310.0,Maryland,1998.0,Male,35-39 years,35-39,68.0,226566.0,30.01
16634,Primary and Secondary Syphilis,310.0,Maryland,1998.0,Male,40+ years,40+,142.0,1002766.0,14.16
16635,Primary and Secondary Syphilis,310.0,Maryland,1999.0,Male,15-19 years,15-19,5.0,179020.0,2.79
16636,Primary and Secondary Syphilis,310.0,Maryland,1999.0,Male,20-24 years,20-24,21.0,153412.0,13.69
16637,Primary and Secondary Syphilis,310.0,Maryland,1999.0,Male,25-29 years,25-29,18.0,168821.0,10.66
16638,Primary and Secondary Syphilis,310.0,Maryland,1999.0,Male,30-34 years,30-34,32.0,201665.0,15.87
16639,Primary and Secondary Syphilis,310.0,Maryland,1999.0,Male,35-39 years,35-39,22.0,226678.0,9.71
16640,Primary and Secondary Syphilis,310.0,Maryland,1999.0,Male,40+ years,40+,81.0,1029155.0,7.87
16641,Primary and Secondary Syphilis,310.0,Maryland,2000.0,Male,0-14 years,0-14,1.0,582646.0,0.17
16642,Primary and Secondary Syphilis,310.0,Maryland,2000.0,Male,15-19 years,15-19,10.0,182935.0,5.47
16643,Primary and Secondary Syphilis,310.0,Maryland,2000.0,Male,20-24 years,20-24,20.0,157648.0,12.69
16644,Primary and Secondary Syphilis,310.0,Maryland,2000.0,Male,25-29 years,25-29,17.0,165000.0,10.3
16645,Primary and Secondary Syphilis,310.0,Maryland,2000.0,Male,30-34 years,30-34,26.0,196478.0,13.23
16646,Primary and Secondary Syphilis,310.0,Maryland,2000.0,Male,35-39 years,35-39,35.0,224643.0,15.58
16647,Primary and Secondary Syphilis,310.0,Maryland,2000.0,Male,40+ years,40+,76.0,1056687.0,7.19
16648,Primary and Secondary Syphilis,310.0,Maryland,2001.0,Male,15-19 years,15-19,11.0,188848.0,5.82
16649,Primary and Secondary Syphilis,310.0,Maryland,2001.0,Male,20-24 years,20-24,20.0,162891.0,12.28
16650,Primary and Secondary Syphilis,310.0,Maryland,2001.0,Male,25-29 years,25-29,18.0,161439.0,11.15
16651,Primary and Secondary Syphilis,310.0,Maryland,2001.0,Male,30-34 years,30-34,23.0,197120.0,11.67
16652,Primary and Secondary Syphilis,310.0,Maryland,2001.0,Male,35-39 years,35-39,27.0,223213.0,12.1
16653,Primary and Secondary Syphilis,310.0,Maryland,2001.0,Male,40+ years,40+,54.0,1084574.0,4.98
16654,Primary and Secondary Syphilis,310.0,Maryland,2002.0,Male,0-14 years,0-14,1.0,587296.0,0.17
16655,Primary and Secondary Syphilis,310.0,Maryland,2002.0,Male,15-19 years,15-19,12.0,194369.0,6.17
16656,Primary and Secondary Syphilis,310.0,Maryland,2002.0,Male,20-24 years,20-24,34.0,171714.0,19.8
16657,Primary and Secondary Syphilis,310.0,Maryland,2002.0,Male,25-29 years,25-29,17.0,160656.0,10.58
16658,Primary and Secondary Syphilis,310.0,Maryland,2002.0,Male,30-34 years,30-34,29.0,197077.0,14.72
16659,Primary and Secondary Syphilis,310.0,Maryland,2002.0,Male,35-39 years,35-39,31.0,220337.0,14.07
16660,Primary and Secondary Syphilis,310.0,Maryland,2002.0,Male,40+ years,40+,51.0,1107591.0,4.6
16661,Primary and Secondary Syphilis,310.0,Maryland,2003.0,Male,15-19 years,15-19,12.0,198571.0,6.04
16662,Primary and Secondary Syphilis,310.0,Maryland,2003.0,Male,20-24 years,20-24,35.0,181013.0,19.34
16663,Primary and Secondary Syphilis,310.0,Maryland,2003.0,Male,25-29 years,25-29,26.0,161213.0,16.13
16664,Primary and Secondary Syphilis,310.0,Maryland,2003.0,Male,30-34 years,30-34,39.0,189767.0,20.55
16665,Primary and Secondary Syphilis,310.0,Maryland,2003.0,Male,35-39 years,35-39,52.0,212551.0,24.46
16666,Primary and Secondary Syphilis,310.0,Maryland,2003.0,Male,40+ years,40+,74.0,1138524.0,6.5
16667,Primary and Secondary Syphilis,310.0,Maryland,2004.0,Male,15-19 years,15-19,15.0,203110.0,7.39
16668,Primary and Secondary Syphilis,310.0,Maryland,2004.0,Male,20-24 years,20-24,36.0,187657.0,19.18
16669,Primary and Secondary Syphilis,310.0,Maryland,2004.0,Male,25-29 years,25-29,38.0,164012.0,23.17
16670,Primary and Secondary Syphilis,310.0,Maryland,2004.0,Male,30-34 years,30-34,40.0,183125.0,21.84
16671,Primary and Secondary Syphilis,310.0,Maryland,2004.0,Male,35-39 years,35-39,57.0,204950.0,27.81
16672,Primary and Secondary Syphilis,310.0,Maryland,2004.0,Male,40+ years,40+,102.0,1159119.0,8.8
16673,Primary and Secondary Syphilis,310.0,Maryland,2005.0,Male,15-19 years,15-19,9.0,208015.0,4.33
16674,Primary and Secondary Syphilis,310.0,Maryland,2005.0,Male,20-24 years,20-24,45.0,193792.0,23.22
16675,Primary and Secondary Syphilis,310.0,Maryland,2005.0,Male,25-29 years,25-29,36.0,168694.0,21.34
16676,Primary and Secondary Syphilis,310.0,Maryland,2005.0,Male,30-34 years,30-34,27.0,175896.0,15.35
16677,Primary and Secondary Syphilis,310.0,Maryland,2005.0,Male,35-39 years,35-39,27.0,200264.0,13.48
16678,Primary and Secondary Syphilis,310.0,Maryland,2005.0,Male,40+ years,40+,81.0,1178099.0,6.88
16679,Primary and Secondary Syphilis,310.0,Maryland,2006.0,Male,15-19 years,15-19,17.0,207165.0,8.21
16680,Primary and Secondary Syphilis,310.0,Maryland,2006.0,Male,20-24 years,20-24,37.0,189423.0,19.53
16681,Primary and Secondary Syphilis,310.0,Maryland,2006.0,Male,25-29 years,25-29,35.0,182972.0,19.13
16682,Primary and Secondary Syphilis,310.0,Maryland,2006.0,Male,30-34 years,30-34,24.0,175523.0,13.67
16683,Primary and Secondary Syphilis,310.0,Maryland,2006.0,Male,35-39 years,35-39,33.0,200207.0,16.48
16684,Primary and Secondary Syphilis,310.0,Maryland,2006.0,Male,40+ years,40+,93.0,1193385.0,7.79
16685,Primary and Secondary Syphilis,310.0,Maryland,2007.0,Male,15-19 years,15-19,14.0,208096.0,6.73
16686,Primary and Secondary Syphilis,310.0,Maryland,2007.0,Male,20-24 years,20-24,57.0,191140.0,29.82
16687,Primary and Secondary Syphilis,310.0,Maryland,2007.0,Male,25-29 years,25-29,44.0,184290.0,23.88
16688,Primary and Secondary Syphilis,310.0,Maryland,2007.0,Male,30-34 years,30-34,36.0,171674.0,20.97
16689,Primary and Secondary Syphilis,310.0,Maryland,2007.0,Male,35-39 years,35-39,48.0,196169.0,24.47
16690,Primary and Secondary Syphilis,310.0,Maryland,2007.0,Male,40+ years,40+,99.0,1199800.0,8.25
16691,Primary and Secondary Syphilis,310.0,Maryland,2008.0,Male,0-14 years,0-14,1.0,561402.0,0.18
16692,Primary and Secondary Syphilis,310.0,Maryland,2008.0,Male,15-19 years,15-19,12.0,207513.0,5.78
16693,Primary and Secondary Syphilis,310.0,Maryland,2008.0,Male,20-24 years,20-24,65.0,190447.0,34.13
16694,Primary and Secondary Syphilis,310.0,Maryland,2008.0,Male,25-29 years,25-29,56.0,189727.0,29.52
16695,Primary and Secondary Syphilis,310.0,Maryland,2008.0,Male,30-34 years,30-34,41.0,172042.0,23.83
16696,Primary and Secondary Syphilis,310.0,Maryland,2008.0,Male,35-39 years,35-39,39.0,191321.0,20.38
16697,Primary and Secondary Syphilis,310.0,Maryland,2008.0,Male,40+ years,40+,87.0,1214871.0,7.16
16698,Primary and Secondary Syphilis,310.0,Maryland,2009.0,Male,15-19 years,15-19,18.0,205292.0,8.77
16699,Primary and Secondary Syphilis,310.0,Maryland,2009.0,Male,20-24 years,20-24,60.0,193978.0,30.93
16700,Primary and Secondary Syphilis,310.0,Maryland,2009.0,Male,25-29 years,25-29,47.0,198241.0,23.71
16701,Primary and Secondary Syphilis,310.0,Maryland,2009.0,Male,30-34 years,30-34,44.0,179439.0,24.52
16702,Primary and Secondary Syphilis,310.0,Maryland,2009.0,Male,35-39 years,35-39,29.0,185771.0,15.61
16703,Primary and Secondary Syphilis,310.0,Maryland,2009.0,Male,40+ years,40+,74.0,1231415.0,6.01
16704,Primary and Secondary Syphilis,310.0,Maryland,2010.0,Male,15-19 years,15-19,21.0,208249.0,10.08
16705,Primary and Secondary Syphilis,310.0,Maryland,2010.0,Male,20-24 years,20-24,79.0,199923.0,39.52
16706,Primary and Secondary Syphilis,310.0,Maryland,2010.0,Male,25-29 years,25-29,53.0,194223.0,27.29
16707,Primary and Secondary Syphilis,310.0,Maryland,2010.0,Male,30-34 years,30-34,49.0,179279.0,27.33
16708,Primary and Secondary Syphilis,310.0,Maryland,2010.0,Male,35-39 years,35-39,23.0,181543.0,12.67
16709,Primary and Secondary Syphilis,310.0,Maryland,2010.0,Male,40+ years,40+,77.0,1262696.0,6.1
16710,Primary and Secondary Syphilis,310.0,Maryland,2011.0,Male,0-14 years,0-14,1.0,566185.0,0.18
16711,Primary and Secondary Syphilis,310.0,Maryland,2011.0,Male,15-19 years,15-19,17.0,204111.0,8.33
16712,Primary and Secondary Syphilis,310.0,Maryland,2011.0,Male,20-24 years,20-24,110.0,203471.0,54.06
16713,Primary and Secondary Syphilis,310.0,Maryland,2011.0,Male,25-29 years,25-29,86.0,198945.0,43.23
16714,Primary and Secondary Syphilis,310.0,Maryland,2011.0,Male,30-34 years,30-34,51.0,186440.0,27.35
16715,Primary and Secondary Syphilis,310.0,Maryland,2011.0,Male,35-39 years,35-39,40.0,175524.0,22.79
16716,Primary and Secondary Syphilis,310.0,Maryland,2011.0,Male,40+ years,40+,98.0,1285898.0,7.62
16717,Primary and Secondary Syphilis,310.0,Maryland,2012.0,Male,15-19 years,15-19,13.0,202817.0,6.41
16718,Primary and Secondary Syphilis,310.0,Maryland,2012.0,Male,20-24 years,20-24,86.0,206137.0,41.72
16719,Primary and Secondary Syphilis,310.0,Maryland,2012.0,Male,25-29 years,25-29,105.0,202940.0,51.74
16720,Primary and Secondary Syphilis,310.0,Maryland,2012.0,Male,30-34 years,30-34,54.0,192815.0,28.01
16721,Primary and Secondary Syphilis,310.0,Maryland,2012.0,Male,35-39 years,35-39,38.0,175442.0,21.66
16722,Primary and Secondary Syphilis,310.0,Maryland,2012.0,Male,40+ years,40+,90.0,1303165.0,6.91
16723,Primary and Secondary Syphilis,310.0,Maryland,2013.0,Male,15-19 years,15-19,25.0,199051.0,12.56
16724,Primary and Secondary Syphilis,310.0,Maryland,2013.0,Male,20-24 years,20-24,93.0,206441.0,45.05
16725,Primary and Secondary Syphilis,310.0,Maryland,2013.0,Male,25-29 years,25-29,76.0,206700.0,36.77
16726,Primary and Secondary Syphilis,310.0,Maryland,2013.0,Male,30-34 years,30-34,70.0,198556.0,35.25
16727,Primary and Secondary Syphilis,310.0,Maryland,2013.0,Male,35-39 years,35-39,44.0,178876.0,24.6
16728,Primary and Secondary Syphilis,310.0,Maryland,2013.0,Male,40+ years,40+,87.0,1316050.0,6.61
16729,Primary and Secondary Syphilis,310.0,Maryland,2014.0,Male,15-19 years,15-19,15.0,199051.0,7.54
16730,Primary and Secondary Syphilis,310.0,Maryland,2014.0,Male,20-24 years,20-24,73.0,206441.0,35.36
16731,Primary and Secondary Syphilis,310.0,Maryland,2014.0,Male,25-29 years,25-29,96.0,206700.0,46.44
16732,Primary and Secondary Syphilis,310.0,Maryland,2014.0,Male,30-34 years,30-34,69.0,198556.0,34.75
16733,Primary and Secondary Syphilis,310.0,Maryland,2014.0,Male,35-39 years,35-39,34.0,178876.0,19.01
16734,Primary and Secondary Syphilis,310.0,Maryland,2014.0,Male,40+ years,40+,113.0,1316050.0,8.59
16735,Primary and Secondary Syphilis,310.0,Massachusetts,1996.0,Male,20-24 years,20-24,3.0,194621.0,1.54
16736,Primary and Secondary Syphilis,310.0,Massachusetts,1996.0,Male,25-29 years,25-29,8.0,253138.0,3.16
16737,Primary and Secondary Syphilis,310.0,Massachusetts,1996.0,Male,30-34 years,30-34,11.0,263620.0,4.17
16738,Primary and Secondary Syphilis,310.0,Massachusetts,1996.0,Male,35-39 years,35-39,11.0,262903.0,4.18
16739,Primary and Secondary Syphilis,310.0,Massachusetts,1996.0,Male,40+ years,40+,22.0,1170654.0,1.88
16740,Primary and Secondary Syphilis,310.0,Massachusetts,1997.0,Male,15-19 years,15-19,1.0,196448.0,0.51
16741,Primary and Secondary Syphilis,310.0,Massachusetts,1997.0,Male,20-24 years,20-24,2.0,189134.0,1.06
16742,Primary and Secondary Syphilis,310.0,Massachusetts,1997.0,Male,25-29 years,25-29,6.0,248128.0,2.42
16743,Primary and Secondary Syphilis,310.0,Massachusetts,1997.0,Male,30-34 years,30-34,13.0,257449.0,5.05
16744,Primary and Secondary Syphilis,310.0,Massachusetts,1997.0,Male,35-39 years,35-39,3.0,265696.0,1.13
16745,Primary and Secondary Syphilis,310.0,Massachusetts,1997.0,Male,40+ years,40+,16.0,1199509.0,1.33
16746,Primary and Secondary Syphilis,310.0,Massachusetts,1997.0,Male,Unknown,99,1.0,,
16747,Primary and Secondary Syphilis,310.0,Massachusetts,1998.0,Male,15-19 years,15-19,1.0,202569.0,0.49
16748,Primary and Secondary Syphilis,310.0,Massachusetts,1998.0,Male,20-24 years,20-24,1.0,190376.0,0.53
16749,Primary and Secondary Syphilis,310.0,Massachusetts,1998.0,Male,25-29 years,25-29,3.0,236837.0,1.27
16750,Primary and Secondary Syphilis,310.0,Massachusetts,1998.0,Male,30-34 years,30-34,7.0,250862.0,2.79
16751,Primary and Secondary Syphilis,310.0,Massachusetts,1998.0,Male,35-39 years,35-39,4.0,266465.0,1.5
16752,Primary and Secondary Syphilis,310.0,Massachusetts,1998.0,Male,40+ years,40+,15.0,1226958.0,1.22
16753,Primary and Secondary Syphilis,310.0,Massachusetts,1999.0,Male,20-24 years,20-24,4.0,195021.0,2.05
16754,Primary and Secondary Syphilis,310.0,Massachusetts,1999.0,Male,30-34 years,30-34,3.0,245815.0,1.22
16755,Primary and Secondary Syphilis,310.0,Massachusetts,1999.0,Male,35-39 years,35-39,3.0,267509.0,1.12
16756,Primary and Secondary Syphilis,310.0,Massachusetts,1999.0,Male,40+ years,40+,12.0,1258631.0,0.95
16757,Primary and Secondary Syphilis,310.0,Massachusetts,2000.0,Male,15-19 years,15-19,2.0,208691.0,0.96
16758,Primary and Secondary Syphilis,310.0,Massachusetts,2000.0,Male,20-24 years,20-24,5.0,202466.0,2.47
16759,Primary and Secondary Syphilis,310.0,Massachusetts,2000.0,Male,25-29 years,25-29,6.0,213640.0,2.81
16760,Primary and Secondary Syphilis,310.0,Massachusetts,2000.0,Male,30-34 years,30-34,6.0,244417.0,2.45
16761,Primary and Secondary Syphilis,310.0,Massachusetts,2000.0,Male,35-39 years,35-39,13.0,268132.0,4.85
16762,Primary and Secondary Syphilis,310.0,Massachusetts,2000.0,Male,40+ years,40+,12.0,1297537.0,0.92
16763,Primary and Secondary Syphilis,310.0,Massachusetts,2001.0,Male,20-24 years,20-24,1.0,208349.0,0.48
16764,Primary and Secondary Syphilis,310.0,Massachusetts,2001.0,Male,25-29 years,25-29,4.0,208997.0,1.91
16765,Primary and Secondary Syphilis,310.0,Massachusetts,2001.0,Male,30-34 years,30-34,6.0,242150.0,2.48
16766,Primary and Secondary Syphilis,310.0,Massachusetts,2001.0,Male,35-39 years,35-39,12.0,265016.0,4.53
16767,Primary and Secondary Syphilis,310.0,Massachusetts,2001.0,Male,40+ years,40+,19.0,1324196.0,1.43
16768,Primary and Secondary Syphilis,310.0,Massachusetts,2002.0,Male,15-19 years,15-19,1.0,209397.0,0.48
16769,Primary and Secondary Syphilis,310.0,Massachusetts,2002.0,Male,20-24 years,20-24,6.0,215009.0,2.79
16770,Primary and Secondary Syphilis,310.0,Massachusetts,2002.0,Male,25-29 years,25-29,10.0,206444.0,4.84
16771,Primary and Secondary Syphilis,310.0,Massachusetts,2002.0,Male,30-34 years,30-34,14.0,240156.0,5.83
16772,Primary and Secondary Syphilis,310.0,Massachusetts,2002.0,Male,35-39 years,35-39,26.0,260492.0,9.98
16773,Primary and Secondary Syphilis,310.0,Massachusetts,2002.0,Male,40+ years,40+,30.0,1347921.0,2.23
16774,Primary and Secondary Syphilis,310.0,Massachusetts,2003.0,Male,15-19 years,15-19,1.0,213116.0,0.47
16775,Primary and Secondary Syphilis,310.0,Massachusetts,2003.0,Male,20-24 years,20-24,10.0,216052.0,4.63
16776,Primary and Secondary Syphilis,310.0,Massachusetts,2003.0,Male,25-29 years,25-29,20.0,205573.0,9.73
16777,Primary and Secondary Syphilis,310.0,Massachusetts,2003.0,Male,30-34 years,30-34,22.0,232072.0,9.48
16778,Primary and Secondary Syphilis,310.0,Massachusetts,2003.0,Male,35-39 years,35-39,26.0,252237.0,10.31
16779,Primary and Secondary Syphilis,310.0,Massachusetts,2003.0,Male,40+ years,40+,50.0,1359262.0,3.68
16780,Primary and Secondary Syphilis,310.0,Massachusetts,2004.0,Male,15-19 years,15-19,2.0,215100.0,0.93
16781,Primary and Secondary Syphilis,310.0,Massachusetts,2004.0,Male,20-24 years,20-24,4.0,216215.0,1.85
16782,Primary and Secondary Syphilis,310.0,Massachusetts,2004.0,Male,25-29 years,25-29,11.0,208478.0,5.28
16783,Primary and Secondary Syphilis,310.0,Massachusetts,2004.0,Male,30-34 years,30-34,23.0,225505.0,10.2
16784,Primary and Secondary Syphilis,310.0,Massachusetts,2004.0,Male,35-39 years,35-39,26.0,244741.0,10.62
16785,Primary and Secondary Syphilis,310.0,Massachusetts,2004.0,Male,40+ years,40+,43.0,1376118.0,3.12
16786,Primary and Secondary Syphilis,310.0,Massachusetts,2005.0,Male,15-19 years,15-19,4.0,218193.0,1.83
16787,Primary and Secondary Syphilis,310.0,Massachusetts,2005.0,Male,20-24 years,20-24,9.0,214222.0,4.2
16788,Primary and Secondary Syphilis,310.0,Massachusetts,2005.0,Male,25-29 years,25-29,16.0,212389.0,7.53
16789,Primary and Secondary Syphilis,310.0,Massachusetts,2005.0,Male,30-34 years,30-34,15.0,216167.0,6.94
16790,Primary and Secondary Syphilis,310.0,Massachusetts,2005.0,Male,35-39 years,35-39,21.0,238669.0,8.8
16791,Primary and Secondary Syphilis,310.0,Massachusetts,2005.0,Male,40+ years,40+,56.0,1387561.0,4.04
16792,Primary and Secondary Syphilis,310.0,Massachusetts,2006.0,Male,15-19 years,15-19,3.0,225473.0,1.33
16793,Primary and Secondary Syphilis,310.0,Massachusetts,2006.0,Male,20-24 years,20-24,5.0,223697.0,2.24
16794,Primary and Secondary Syphilis,310.0,Massachusetts,2006.0,Male,25-29 years,25-29,11.0,208183.0,5.28
16795,Primary and Secondary Syphilis,310.0,Massachusetts,2006.0,Male,30-34 years,30-34,14.0,206636.0,6.78
16796,Primary and Secondary Syphilis,310.0,Massachusetts,2006.0,Male,35-39 years,35-39,24.0,233466.0,10.28
16797,Primary and Secondary Syphilis,310.0,Massachusetts,2006.0,Male,40+ years,40+,60.0,1413339.0,4.25
16798,Primary and Secondary Syphilis,310.0,Massachusetts,2007.0,Male,0-14 years,0-14,1.0,596642.0,0.17
16799,Primary and Secondary Syphilis,310.0,Massachusetts,2007.0,Male,15-19 years,15-19,3.0,228981.0,1.31
16800,Primary and Secondary Syphilis,310.0,Massachusetts,2007.0,Male,20-24 years,20-24,10.0,224868.0,4.45
16801,Primary and Secondary Syphilis,310.0,Massachusetts,2007.0,Male,25-29 years,25-29,23.0,210654.0,10.92
16802,Primary and Secondary Syphilis,310.0,Massachusetts,2007.0,Male,30-34 years,30-34,14.0,202336.0,6.92
16803,Primary and Secondary Syphilis,310.0,Massachusetts,2007.0,Male,35-39 years,35-39,24.0,228811.0,10.49
16804,Primary and Secondary Syphilis,310.0,Massachusetts,2007.0,Male,40+ years,40+,70.0,1434201.0,4.88
16805,Primary and Secondary Syphilis,310.0,Massachusetts,2008.0,Male,15-19 years,15-19,9.0,232123.0,3.88
16806,Primary and Secondary Syphilis,310.0,Massachusetts,2008.0,Male,20-24 years,20-24,22.0,230694.0,9.54
16807,Primary and Secondary Syphilis,310.0,Massachusetts,2008.0,Male,25-29 years,25-29,27.0,215870.0,12.51
16808,Primary and Secondary Syphilis,310.0,Massachusetts,2008.0,Male,30-34 years,30-34,26.0,202595.0,12.83
16809,Primary and Secondary Syphilis,310.0,Massachusetts,2008.0,Male,35-39 years,35-39,36.0,223293.0,16.12
16810,Primary and Secondary Syphilis,310.0,Massachusetts,2008.0,Male,40+ years,40+,89.0,1452456.0,6.13
16811,Primary and Secondary Syphilis,310.0,Massachusetts,2008.0,Male,Unknown,99,1.0,,
16812,Primary and Secondary Syphilis,310.0,Massachusetts,2009.0,Male,15-19 years,15-19,9.0,234200.0,3.84
16813,Primary and Secondary Syphilis,310.0,Massachusetts,2009.0,Male,20-24 years,20-24,31.0,230811.0,13.43
16814,Primary and Secondary Syphilis,310.0,Massachusetts,2009.0,Male,25-29 years,25-29,32.0,222663.0,14.37
16815,Primary and Secondary Syphilis,310.0,Massachusetts,2009.0,Male,30-34 years,30-34,37.0,208249.0,17.77
16816,Primary and Secondary Syphilis,310.0,Massachusetts,2009.0,Male,35-39 years,35-39,28.0,218204.0,12.83
16817,Primary and Secondary Syphilis,310.0,Massachusetts,2009.0,Male,40+ years,40+,96.0,1490230.0,6.44
16818,Primary and Secondary Syphilis,310.0,Massachusetts,2010.0,Male,15-19 years,15-19,10.0,234880.0,4.26
16819,Primary and Secondary Syphilis,310.0,Massachusetts,2010.0,Male,20-24 years,20-24,45.0,236256.0,19.05
16820,Primary and Secondary Syphilis,310.0,Massachusetts,2010.0,Male,25-29 years,25-29,34.0,218255.0,15.58
16821,Primary and Secondary Syphilis,310.0,Massachusetts,2010.0,Male,30-34 years,30-34,32.0,198338.0,16.13
16822,Primary and Secondary Syphilis,310.0,Massachusetts,2010.0,Male,35-39 years,35-39,38.0,203757.0,18.65
16823,Primary and Secondary Syphilis,310.0,Massachusetts,2010.0,Male,40+ years,40+,110.0,1483571.0,7.41
16824,Primary and Secondary Syphilis,310.0,Massachusetts,2011.0,Male,15-19 years,15-19,7.0,233085.0,3.0
16825,Primary and Secondary Syphilis,310.0,Massachusetts,2011.0,Male,20-24 years,20-24,41.0,237131.0,17.29
16826,Primary and Secondary Syphilis,310.0,Massachusetts,2011.0,Male,25-29 years,25-29,33.0,225189.0,14.65
16827,Primary and Secondary Syphilis,310.0,Massachusetts,2011.0,Male,30-34 years,30-34,40.0,204050.0,19.6
16828,Primary and Secondary Syphilis,310.0,Massachusetts,2011.0,Male,35-39 years,35-39,25.0,196462.0,12.73
16829,Primary and Secondary Syphilis,310.0,Massachusetts,2011.0,Male,40+ years,40+,97.0,1506784.0,6.44
16830,Primary and Secondary Syphilis,310.0,Massachusetts,2012.0,Male,15-19 years,15-19,14.0,233906.0,5.99
16831,Primary and Secondary Syphilis,310.0,Massachusetts,2012.0,Male,20-24 years,20-24,61.0,238846.0,25.54
16832,Primary and Secondary Syphilis,310.0,Massachusetts,2012.0,Male,25-29 years,25-29,48.0,230696.0,20.81
16833,Primary and Secondary Syphilis,310.0,Massachusetts,2012.0,Male,30-34 years,30-34,39.0,210394.0,18.54
16834,Primary and Secondary Syphilis,310.0,Massachusetts,2012.0,Male,35-39 years,35-39,34.0,194644.0,17.47
16835,Primary and Secondary Syphilis,310.0,Massachusetts,2012.0,Male,40+ years,40+,105.0,1525663.0,6.88
16836,Primary and Secondary Syphilis,310.0,Massachusetts,2013.0,Male,15-19 years,15-19,11.0,230452.0,4.77
16837,Primary and Secondary Syphilis,310.0,Massachusetts,2013.0,Male,20-24 years,20-24,44.0,242361.0,18.15
16838,Primary and Secondary Syphilis,310.0,Massachusetts,2013.0,Male,25-29 years,25-29,54.0,236056.0,22.88
16839,Primary and Secondary Syphilis,310.0,Massachusetts,2013.0,Male,30-34 years,30-34,62.0,216477.0,28.64
16840,Primary and Secondary Syphilis,310.0,Massachusetts,2013.0,Male,35-39 years,35-39,37.0,195728.0,18.9
16841,Primary and Secondary Syphilis,310.0,Massachusetts,2013.0,Male,40+ years,40+,135.0,1539248.0,8.77
16842,Primary and Secondary Syphilis,310.0,Massachusetts,2014.0,Male,15-19 years,15-19,8.0,230452.0,3.47
16843,Primary and Secondary Syphilis,310.0,Massachusetts,2014.0,Male,20-24 years,20-24,47.0,242361.0,19.39
16844,Primary and Secondary Syphilis,310.0,Massachusetts,2014.0,Male,25-29 years,25-29,52.0,236056.0,22.03
16845,Primary and Secondary Syphilis,310.0,Massachusetts,2014.0,Male,30-34 years,30-34,33.0,216477.0,15.24
16846,Primary and Secondary Syphilis,310.0,Massachusetts,2014.0,Male,35-39 years,35-39,32.0,195728.0,16.35
16847,Primary and Secondary Syphilis,310.0,Massachusetts,2014.0,Male,40+ years,40+,104.0,1539248.0,6.76
16848,Primary and Secondary Syphilis,310.0,Massachusetts,2014.0,Male,Unknown,99,1.0,,
16849,Primary and Secondary Syphilis,310.0,Michigan,1996.0,Male,15-19 years,15-19,3.0,359486.0,0.83
16850,Primary and Secondary Syphilis,310.0,Michigan,1996.0,Male,20-24 years,20-24,19.0,324133.0,5.86
16851,Primary and Secondary Syphilis,310.0,Michigan,1996.0,Male,25-29 years,25-29,16.0,346314.0,4.62
16852,Primary and Secondary Syphilis,310.0,Michigan,1996.0,Male,30-34 years,30-34,19.0,380255.0,5.0
16853,Primary and Secondary Syphilis,310.0,Michigan,1996.0,Male,35-39 years,35-39,14.0,410431.0,3.41
16854,Primary and Secondary Syphilis,310.0,Michigan,1996.0,Male,40+ years,40+,30.0,1850566.0,1.62
16855,Primary and Secondary Syphilis,310.0,Michigan,1997.0,Male,15-19 years,15-19,7.0,364872.0,1.92
16856,Primary and Secondary Syphilis,310.0,Michigan,1997.0,Male,20-24 years,20-24,15.0,319482.0,4.7
16857,Primary and Secondary Syphilis,310.0,Michigan,1997.0,Male,25-29 years,25-29,13.0,344843.0,3.77
16858,Primary and Secondary Syphilis,310.0,Michigan,1997.0,Male,30-34 years,30-34,15.0,370354.0,4.05
16859,Primary and Secondary Syphilis,310.0,Michigan,1997.0,Male,35-39 years,35-39,11.0,406853.0,2.7
16860,Primary and Secondary Syphilis,310.0,Michigan,1997.0,Male,40+ years,40+,24.0,1890067.0,1.27
16861,Primary and Secondary Syphilis,310.0,Michigan,1998.0,Male,15-19 years,15-19,4.0,368492.0,1.09
16862,Primary and Secondary Syphilis,310.0,Michigan,1998.0,Male,20-24 years,20-24,20.0,318518.0,6.28
16863,Primary and Secondary Syphilis,310.0,Michigan,1998.0,Male,25-29 years,25-29,17.0,340235.0,5.0
16864,Primary and Secondary Syphilis,310.0,Michigan,1998.0,Male,30-34 years,30-34,17.0,361583.0,4.7
16865,Primary and Secondary Syphilis,310.0,Michigan,1998.0,Male,35-39 years,35-39,17.0,401269.0,4.24
16866,Primary and Secondary Syphilis,310.0,Michigan,1998.0,Male,40+ years,40+,50.0,1925950.0,2.6
16867,Primary and Secondary Syphilis,310.0,Michigan,1999.0,Male,15-19 years,15-19,7.0,368555.0,1.9
16868,Primary and Secondary Syphilis,310.0,Michigan,1999.0,Male,20-24 years,20-24,24.0,321467.0,7.47
16869,Primary and Secondary Syphilis,310.0,Michigan,1999.0,Male,25-29 years,25-29,15.0,333847.0,4.49
16870,Primary and Secondary Syphilis,310.0,Michigan,1999.0,Male,30-34 years,30-34,21.0,355445.0,5.91
16871,Primary and Secondary Syphilis,310.0,Michigan,1999.0,Male,35-39 years,35-39,23.0,396757.0,5.8
16872,Primary and Secondary Syphilis,310.0,Michigan,1999.0,Male,40+ years,40+,64.0,1965476.0,3.26
16873,Primary and Secondary Syphilis,310.0,Michigan,2000.0,Male,15-19 years,15-19,3.0,368174.0,0.81
16874,Primary and Secondary Syphilis,310.0,Michigan,2000.0,Male,20-24 years,20-24,18.0,328927.0,5.47
16875,Primary and Secondary Syphilis,310.0,Michigan,2000.0,Male,25-29 years,25-29,36.0,325577.0,11.06
16876,Primary and Secondary Syphilis,310.0,Michigan,2000.0,Male,30-34 years,30-34,28.0,356819.0,7.85
16877,Primary and Secondary Syphilis,310.0,Michigan,2000.0,Male,35-39 years,35-39,27.0,391321.0,6.9
16878,Primary and Secondary Syphilis,310.0,Michigan,2000.0,Male,40+ years,40+,77.0,2012229.0,3.83
16879,Primary and Secondary Syphilis,310.0,Michigan,2001.0,Male,15-19 years,15-19,13.0,369371.0,3.52
16880,Primary and Secondary Syphilis,310.0,Michigan,2001.0,Male,20-24 years,20-24,39.0,339330.0,11.49
16881,Primary and Secondary Syphilis,310.0,Michigan,2001.0,Male,25-29 years,25-29,42.0,315417.0,13.32
16882,Primary and Secondary Syphilis,310.0,Michigan,2001.0,Male,30-34 years,30-34,38.0,357905.0,10.62
16883,Primary and Secondary Syphilis,310.0,Michigan,2001.0,Male,35-39 years,35-39,42.0,385002.0,10.91
16884,Primary and Secondary Syphilis,310.0,Michigan,2001.0,Male,40+ years,40+,93.0,2047581.0,4.54
16885,Primary and Secondary Syphilis,310.0,Michigan,2002.0,Male,15-19 years,15-19,10.0,370738.0,2.7
16886,Primary and Secondary Syphilis,310.0,Michigan,2002.0,Male,20-24 years,20-24,42.0,346962.0,12.11
16887,Primary and Secondary Syphilis,310.0,Michigan,2002.0,Male,25-29 years,25-29,45.0,310409.0,14.5
16888,Primary and Secondary Syphilis,310.0,Michigan,2002.0,Male,30-34 years,30-34,28.0,357440.0,7.83
16889,Primary and Secondary Syphilis,310.0,Michigan,2002.0,Male,35-39 years,35-39,37.0,376449.0,9.83
16890,Primary and Secondary Syphilis,310.0,Michigan,2002.0,Male,40+ years,40+,132.0,2080854.0,6.34
16891,Primary and Secondary Syphilis,310.0,Michigan,2003.0,Male,15-19 years,15-19,7.0,373450.0,1.87
16892,Primary and Secondary Syphilis,310.0,Michigan,2003.0,Male,20-24 years,20-24,14.0,356942.0,3.92
16893,Primary and Secondary Syphilis,310.0,Michigan,2003.0,Male,25-29 years,25-29,26.0,312738.0,8.31
16894,Primary and Secondary Syphilis,310.0,Michigan,2003.0,Male,30-34 years,30-34,17.0,348173.0,4.88
16895,Primary and Secondary Syphilis,310.0,Michigan,2003.0,Male,35-39 years,35-39,21.0,367840.0,5.71
16896,Primary and Secondary Syphilis,310.0,Michigan,2003.0,Male,40+ years,40+,71.0,2117327.0,3.35
16897,Primary and Secondary Syphilis,310.0,Michigan,2004.0,Male,0-14 years,0-14,1.0,1070220.0,0.09
16898,Primary and Secondary Syphilis,310.0,Michigan,2004.0,Male,15-19 years,15-19,6.0,376963.0,1.59
16899,Primary and Secondary Syphilis,310.0,Michigan,2004.0,Male,20-24 years,20-24,21.0,358623.0,5.86
16900,Primary and Secondary Syphilis,310.0,Michigan,2004.0,Male,25-29 years,25-29,17.0,318695.0,5.33
16901,Primary and Secondary Syphilis,310.0,Michigan,2004.0,Male,30-34 years,30-34,22.0,339160.0,6.49
16902,Primary and Secondary Syphilis,310.0,Michigan,2004.0,Male,35-39 years,35-39,25.0,359711.0,6.95
16903,Primary and Secondary Syphilis,310.0,Michigan,2004.0,Male,40+ years,40+,39.0,2145291.0,1.82
16904,Primary and Secondary Syphilis,310.0,Michigan,2005.0,Male,20-24 years,20-24,6.0,357902.0,1.68
16905,Primary and Secondary Syphilis,310.0,Michigan,2005.0,Male,25-29 years,25-29,11.0,325931.0,3.37
16906,Primary and Secondary Syphilis,310.0,Michigan,2005.0,Male,30-34 years,30-34,15.0,326585.0,4.59
16907,Primary and Secondary Syphilis,310.0,Michigan,2005.0,Male,35-39 years,35-39,10.0,356201.0,2.81
16908,Primary and Secondary Syphilis,310.0,Michigan,2005.0,Male,40+ years,40+,43.0,2168623.0,1.98
16909,Primary and Secondary Syphilis,310.0,Michigan,2006.0,Male,15-19 years,15-19,7.0,381382.0,1.84
16910,Primary and Secondary Syphilis,310.0,Michigan,2006.0,Male,20-24 years,20-24,14.0,356799.0,3.92
16911,Primary and Secondary Syphilis,310.0,Michigan,2006.0,Male,25-29 years,25-29,12.0,329782.0,3.64
16912,Primary and Secondary Syphilis,310.0,Michigan,2006.0,Male,30-34 years,30-34,9.0,314285.0,2.86
16913,Primary and Secondary Syphilis,310.0,Michigan,2006.0,Male,35-39 years,35-39,13.0,351780.0,3.7
16914,Primary and Secondary Syphilis,310.0,Michigan,2006.0,Male,40+ years,40+,37.0,2201678.0,1.68
16915,Primary and Secondary Syphilis,310.0,Michigan,2007.0,Male,15-19 years,15-19,4.0,382287.0,1.05
16916,Primary and Secondary Syphilis,310.0,Michigan,2007.0,Male,20-24 years,20-24,8.0,349484.0,2.29
16917,Primary and Secondary Syphilis,310.0,Michigan,2007.0,Male,25-29 years,25-29,11.0,333245.0,3.3
16918,Primary and Secondary Syphilis,310.0,Michigan,2007.0,Male,30-34 years,30-34,19.0,305638.0,6.22
16919,Primary and Secondary Syphilis,310.0,Michigan,2007.0,Male,35-39 years,35-39,16.0,347051.0,4.61
16920,Primary and Secondary Syphilis,310.0,Michigan,2007.0,Male,40+ years,40+,38.0,2224752.0,1.71
16921,Primary and Secondary Syphilis,310.0,Michigan,2008.0,Male,15-19 years,15-19,11.0,378145.0,2.91
16922,Primary and Secondary Syphilis,310.0,Michigan,2008.0,Male,20-24 years,20-24,27.0,345067.0,7.82
16923,Primary and Secondary Syphilis,310.0,Michigan,2008.0,Male,25-29 years,25-29,17.0,328677.0,5.17
16924,Primary and Secondary Syphilis,310.0,Michigan,2008.0,Male,30-34 years,30-34,16.0,301768.0,5.3
16925,Primary and Secondary Syphilis,310.0,Michigan,2008.0,Male,35-39 years,35-39,17.0,335829.0,5.06
16926,Primary and Secondary Syphilis,310.0,Michigan,2008.0,Male,40+ years,40+,62.0,2238737.0,2.77
16927,Primary and Secondary Syphilis,310.0,Michigan,2009.0,Male,15-19 years,15-19,14.0,374838.0,3.73
16928,Primary and Secondary Syphilis,310.0,Michigan,2009.0,Male,20-24 years,20-24,34.0,352269.0,9.65
16929,Primary and Secondary Syphilis,310.0,Michigan,2009.0,Male,25-29 years,25-29,39.0,316563.0,12.32
16930,Primary and Secondary Syphilis,310.0,Michigan,2009.0,Male,30-34 years,30-34,23.0,292112.0,7.87
16931,Primary and Secondary Syphilis,310.0,Michigan,2009.0,Male,35-39 years,35-39,22.0,320849.0,6.86
16932,Primary and Secondary Syphilis,310.0,Michigan,2009.0,Male,40+ years,40+,58.0,2264767.0,2.56
16933,Primary and Secondary Syphilis,310.0,Michigan,2010.0,Male,15-19 years,15-19,7.0,379477.0,1.84
16934,Primary and Secondary Syphilis,310.0,Michigan,2010.0,Male,20-24 years,20-24,38.0,338569.0,11.22
16935,Primary and Secondary Syphilis,310.0,Michigan,2010.0,Male,25-29 years,25-29,49.0,295323.0,16.59
16936,Primary and Secondary Syphilis,310.0,Michigan,2010.0,Male,30-34 years,30-34,30.0,285510.0,10.51
16937,Primary and Secondary Syphilis,310.0,Michigan,2010.0,Male,35-39 years,35-39,32.0,302902.0,10.56
16938,Primary and Secondary Syphilis,310.0,Michigan,2010.0,Male,40+ years,40+,56.0,2270043.0,2.47
16939,Primary and Secondary Syphilis,310.0,Michigan,2011.0,Male,15-19 years,15-19,13.0,367461.0,3.54
16940,Primary and Secondary Syphilis,310.0,Michigan,2011.0,Male,20-24 years,20-24,62.0,353712.0,17.53
16941,Primary and Secondary Syphilis,310.0,Michigan,2011.0,Male,25-29 years,25-29,41.0,294686.0,13.91
16942,Primary and Secondary Syphilis,310.0,Michigan,2011.0,Male,30-34 years,30-34,30.0,289758.0,10.35
16943,Primary and Secondary Syphilis,310.0,Michigan,2011.0,Male,35-39 years,35-39,39.0,286916.0,13.59
16944,Primary and Secondary Syphilis,310.0,Michigan,2011.0,Male,40+ years,40+,75.0,2294839.0,3.27
16945,Primary and Secondary Syphilis,310.0,Michigan,2012.0,Male,15-19 years,15-19,11.0,357978.0,3.07
16946,Primary and Secondary Syphilis,310.0,Michigan,2012.0,Male,20-24 years,20-24,82.0,361626.0,22.68
16947,Primary and Secondary Syphilis,310.0,Michigan,2012.0,Male,25-29 years,25-29,58.0,296508.0,19.56
16948,Primary and Secondary Syphilis,310.0,Michigan,2012.0,Male,30-34 years,30-34,30.0,292488.0,10.26
16949,Primary and Secondary Syphilis,310.0,Michigan,2012.0,Male,35-39 years,35-39,25.0,280987.0,8.9
16950,Primary and Secondary Syphilis,310.0,Michigan,2012.0,Male,40+ years,40+,59.0,2312573.0,2.55
16951,Primary and Secondary Syphilis,310.0,Michigan,2013.0,Male,15-19 years,15-19,35.0,351366.0,9.96
16952,Primary and Secondary Syphilis,310.0,Michigan,2013.0,Male,20-24 years,20-24,145.0,368008.0,39.4
16953,Primary and Secondary Syphilis,310.0,Michigan,2013.0,Male,25-29 years,25-29,95.0,300226.0,31.64
16954,Primary and Secondary Syphilis,310.0,Michigan,2013.0,Male,30-34 years,30-34,60.0,294158.0,20.4
16955,Primary and Secondary Syphilis,310.0,Michigan,2013.0,Male,35-39 years,35-39,43.0,278989.0,15.41
16956,Primary and Secondary Syphilis,310.0,Michigan,2013.0,Male,40+ years,40+,80.0,2325871.0,3.44
16957,Primary and Secondary Syphilis,310.0,Michigan,2014.0,Male,15-19 years,15-19,21.0,351366.0,5.98
16958,Primary and Secondary Syphilis,310.0,Michigan,2014.0,Male,20-24 years,20-24,114.0,368008.0,30.98
16959,Primary and Secondary Syphilis,310.0,Michigan,2014.0,Male,25-29 years,25-29,83.0,300226.0,27.65
16960,Primary and Secondary Syphilis,310.0,Michigan,2014.0,Male,30-34 years,30-34,51.0,294158.0,17.34
16961,Primary and Secondary Syphilis,310.0,Michigan,2014.0,Male,35-39 years,35-39,34.0,278989.0,12.19
16962,Primary and Secondary Syphilis,310.0,Michigan,2014.0,Male,40+ years,40+,87.0,2325871.0,3.74
16963,Primary and Secondary Syphilis,310.0,Minnesota,1996.0,Male,20-24 years,20-24,1.0,147041.0,0.68
16964,Primary and Secondary Syphilis,310.0,Minnesota,1996.0,Male,25-29 years,25-29,2.0,165441.0,1.21
16965,Primary and Secondary Syphilis,310.0,Minnesota,1996.0,Male,30-34 years,30-34,3.0,199083.0,1.51
16966,Primary and Secondary Syphilis,310.0,Minnesota,1996.0,Male,35-39 years,35-39,2.0,213148.0,0.94
16967,Primary and Secondary Syphilis,310.0,Minnesota,1997.0,Male,20-24 years,20-24,2.0,149021.0,1.34
16968,Primary and Secondary Syphilis,310.0,Minnesota,1997.0,Male,25-29 years,25-29,3.0,164451.0,1.82
16969,Primary and Secondary Syphilis,310.0,Minnesota,1997.0,Male,30-34 years,30-34,1.0,191325.0,0.52
16970,Primary and Secondary Syphilis,310.0,Minnesota,1997.0,Male,35-39 years,35-39,1.0,214084.0,0.47
16971,Primary and Secondary Syphilis,310.0,Minnesota,1997.0,Male,40+ years,40+,5.0,915079.0,0.55
16972,Primary and Secondary Syphilis,310.0,Minnesota,1998.0,Male,20-24 years,20-24,2.0,153110.0,1.31
16973,Primary and Secondary Syphilis,310.0,Minnesota,1998.0,Male,25-29 years,25-29,2.0,163085.0,1.23
16974,Primary and Secondary Syphilis,310.0,Minnesota,1998.0,Male,30-34 years,30-34,1.0,183726.0,0.54
16975,Primary and Secondary Syphilis,310.0,Minnesota,1999.0,Male,25-29 years,25-29,2.0,162285.0,1.23
16976,Primary and Secondary Syphilis,310.0,Minnesota,1999.0,Male,35-39 years,35-39,3.0,211214.0,1.42
16977,Primary and Secondary Syphilis,310.0,Minnesota,2000.0,Male,15-19 years,15-19,1.0,191586.0,0.52
16978,Primary and Secondary Syphilis,310.0,Minnesota,2000.0,Male,20-24 years,20-24,1.0,166660.0,0.6
16979,Primary and Secondary Syphilis,310.0,Minnesota,2000.0,Male,25-29 years,25-29,2.0,161964.0,1.23
16980,Primary and Secondary Syphilis,310.0,Minnesota,2000.0,Male,30-34 years,30-34,2.0,179873.0,1.11
16981,Primary and Secondary Syphilis,310.0,Minnesota,2000.0,Male,40+ years,40+,5.0,998432.0,0.5
16982,Primary and Secondary Syphilis,310.0,Minnesota,2001.0,Male,20-24 years,20-24,4.0,173112.0,2.31
16983,Primary and Secondary Syphilis,310.0,Minnesota,2001.0,Male,25-29 years,25-29,1.0,160122.0,0.62
16984,Primary and Secondary Syphilis,310.0,Minnesota,2001.0,Male,30-34 years,30-34,2.0,181174.0,1.1
16985,Primary and Secondary Syphilis,310.0,Minnesota,2001.0,Male,35-39 years,35-39,6.0,202683.0,2.96
16986,Primary and Secondary Syphilis,310.0,Minnesota,2001.0,Male,40+ years,40+,4.0,1026723.0,0.39
16987,Primary and Secondary Syphilis,310.0,Minnesota,2002.0,Male,20-24 years,20-24,3.0,180782.0,1.66
16988,Primary and Secondary Syphilis,310.0,Minnesota,2002.0,Male,25-29 years,25-29,4.0,160379.0,2.49
16989,Primary and Secondary Syphilis,310.0,Minnesota,2002.0,Male,30-34 years,30-34,9.0,181108.0,4.97
16990,Primary and Secondary Syphilis,310.0,Minnesota,2002.0,Male,35-39 years,35-39,16.0,196567.0,8.14
16991,Primary and Secondary Syphilis,310.0,Minnesota,2002.0,Male,40+ years,40+,23.0,1049131.0,2.19
16992,Primary and Secondary Syphilis,310.0,Minnesota,2003.0,Male,15-19 years,15-19,1.0,193023.0,0.52
16993,Primary and Secondary Syphilis,310.0,Minnesota,2003.0,Male,20-24 years,20-24,4.0,188099.0,2.13
16994,Primary and Secondary Syphilis,310.0,Minnesota,2003.0,Male,25-29 years,25-29,1.0,163650.0,0.61
16995,Primary and Secondary Syphilis,310.0,Minnesota,2003.0,Male,30-34 years,30-34,9.0,178572.0,5.04
16996,Primary and Secondary Syphilis,310.0,Minnesota,2003.0,Male,35-39 years,35-39,13.0,190366.0,6.83
16997,Primary and Secondary Syphilis,310.0,Minnesota,2003.0,Male,40+ years,40+,15.0,1070196.0,1.4
16998,Primary and Secondary Syphilis,310.0,Minnesota,2004.0,Male,20-24 years,20-24,1.0,192535.0,0.52
16999,Primary and Secondary Syphilis,310.0,Minnesota,2004.0,Male,25-29 years,25-29,4.0,169580.0,2.36
17000,Primary and Secondary Syphilis,310.0,Minnesota,2004.0,Male,30-34 years,30-34,3.0,175731.0,1.71
17001,Primary and Secondary Syphilis,310.0,Minnesota,2004.0,Male,35-39 years,35-39,6.0,186402.0,3.22
17002,Primary and Secondary Syphilis,310.0,Minnesota,2004.0,Male,40+ years,40+,10.0,1093181.0,0.91
17003,Primary and Secondary Syphilis,310.0,Minnesota,2005.0,Male,20-24 years,20-24,7.0,194603.0,3.6
17004,Primary and Secondary Syphilis,310.0,Minnesota,2005.0,Male,25-29 years,25-29,9.0,176076.0,5.11
17005,Primary and Secondary Syphilis,310.0,Minnesota,2005.0,Male,30-34 years,30-34,9.0,172623.0,5.21
17006,Primary and Secondary Syphilis,310.0,Minnesota,2005.0,Male,35-39 years,35-39,14.0,185052.0,7.57
17007,Primary and Secondary Syphilis,310.0,Minnesota,2005.0,Male,40+ years,40+,29.0,1112084.0,2.61
17008,Primary and Secondary Syphilis,310.0,Minnesota,2006.0,Male,20-24 years,20-24,5.0,190657.0,2.62
17009,Primary and Secondary Syphilis,310.0,Minnesota,2006.0,Male,25-29 years,25-29,10.0,182491.0,5.48
17010,Primary and Secondary Syphilis,310.0,Minnesota,2006.0,Male,30-34 years,30-34,6.0,165112.0,3.63
17011,Primary and Secondary Syphilis,310.0,Minnesota,2006.0,Male,35-39 years,35-39,8.0,181521.0,4.41
17012,Primary and Secondary Syphilis,310.0,Minnesota,2006.0,Male,40+ years,40+,14.0,1131683.0,1.24
17013,Primary and Secondary Syphilis,310.0,Minnesota,2007.0,Male,15-19 years,15-19,2.0,189793.0,1.05
17014,Primary and Secondary Syphilis,310.0,Minnesota,2007.0,Male,20-24 years,20-24,5.0,183401.0,2.73
17015,Primary and Secondary Syphilis,310.0,Minnesota,2007.0,Male,25-29 years,25-29,8.0,188522.0,4.24
17016,Primary and Secondary Syphilis,310.0,Minnesota,2007.0,Male,30-34 years,30-34,13.0,165838.0,7.84
17017,Primary and Secondary Syphilis,310.0,Minnesota,2007.0,Male,35-39 years,35-39,9.0,180434.0,4.99
17018,Primary and Secondary Syphilis,310.0,Minnesota,2007.0,Male,40+ years,40+,21.0,1150114.0,1.83
17019,Primary and Secondary Syphilis,310.0,Minnesota,2008.0,Male,15-19 years,15-19,3.0,187196.0,1.6
17020,Primary and Secondary Syphilis,310.0,Minnesota,2008.0,Male,20-24 years,20-24,22.0,182290.0,12.07
17021,Primary and Secondary Syphilis,310.0,Minnesota,2008.0,Male,25-29 years,25-29,15.0,191716.0,7.82
17022,Primary and Secondary Syphilis,310.0,Minnesota,2008.0,Male,30-34 years,30-34,19.0,167764.0,11.33
17023,Primary and Secondary Syphilis,310.0,Minnesota,2008.0,Male,35-39 years,35-39,11.0,176796.0,6.22
17024,Primary and Secondary Syphilis,310.0,Minnesota,2008.0,Male,40+ years,40+,41.0,1164236.0,3.52
17025,Primary and Secondary Syphilis,310.0,Minnesota,2009.0,Male,15-19 years,15-19,2.0,187411.0,1.07
17026,Primary and Secondary Syphilis,310.0,Minnesota,2009.0,Male,20-24 years,20-24,12.0,188154.0,6.38
17027,Primary and Secondary Syphilis,310.0,Minnesota,2009.0,Male,25-29 years,25-29,11.0,191579.0,5.74
17028,Primary and Secondary Syphilis,310.0,Minnesota,2009.0,Male,30-34 years,30-34,8.0,169415.0,4.72
17029,Primary and Secondary Syphilis,310.0,Minnesota,2009.0,Male,35-39 years,35-39,12.0,170556.0,7.04
17030,Primary and Secondary Syphilis,310.0,Minnesota,2009.0,Male,40+ years,40+,26.0,1179093.0,2.21
17031,Primary and Secondary Syphilis,310.0,Minnesota,2010.0,Male,15-19 years,15-19,5.0,188594.0,2.65
17032,Primary and Secondary Syphilis,310.0,Minnesota,2010.0,Male,20-24 years,20-24,33.0,180725.0,18.26
17033,Primary and Secondary Syphilis,310.0,Minnesota,2010.0,Male,25-29 years,25-29,17.0,187562.0,9.06
17034,Primary and Secondary Syphilis,310.0,Minnesota,2010.0,Male,30-34 years,30-34,27.0,174549.0,15.47
17035,Primary and Secondary Syphilis,310.0,Minnesota,2010.0,Male,35-39 years,35-39,13.0,165815.0,7.84
17036,Primary and Secondary Syphilis,310.0,Minnesota,2010.0,Male,40+ years,40+,45.0,1191575.0,3.78
17037,Primary and Secondary Syphilis,310.0,Minnesota,2011.0,Male,15-19 years,15-19,3.0,187755.0,1.6
17038,Primary and Secondary Syphilis,310.0,Minnesota,2011.0,Male,20-24 years,20-24,25.0,181081.0,13.81
17039,Primary and Secondary Syphilis,310.0,Minnesota,2011.0,Male,25-29 years,25-29,25.0,188078.0,13.29
17040,Primary and Secondary Syphilis,310.0,Minnesota,2011.0,Male,30-34 years,30-34,15.0,181316.0,8.27
17041,Primary and Secondary Syphilis,310.0,Minnesota,2011.0,Male,35-39 years,35-39,19.0,161045.0,11.8
17042,Primary and Secondary Syphilis,310.0,Minnesota,2011.0,Male,40+ years,40+,47.0,1213363.0,3.87
17043,Primary and Secondary Syphilis,310.0,Minnesota,2012.0,Male,15-19 years,15-19,4.0,185116.0,2.16
17044,Primary and Secondary Syphilis,310.0,Minnesota,2012.0,Male,20-24 years,20-24,13.0,183069.0,7.1
17045,Primary and Secondary Syphilis,310.0,Minnesota,2012.0,Male,25-29 years,25-29,18.0,186454.0,9.65
17046,Primary and Secondary Syphilis,310.0,Minnesota,2012.0,Male,30-34 years,30-34,18.0,186611.0,9.65
17047,Primary and Secondary Syphilis,310.0,Minnesota,2012.0,Male,35-39 years,35-39,14.0,161818.0,8.65
17048,Primary and Secondary Syphilis,310.0,Minnesota,2012.0,Male,40+ years,40+,44.0,1226450.0,3.59
17049,Primary and Secondary Syphilis,310.0,Minnesota,2013.0,Male,15-19 years,15-19,2.0,182826.0,1.09
17050,Primary and Secondary Syphilis,310.0,Minnesota,2013.0,Male,20-24 years,20-24,30.0,183607.0,16.34
17051,Primary and Secondary Syphilis,310.0,Minnesota,2013.0,Male,25-29 years,25-29,35.0,185675.0,18.85
17052,Primary and Secondary Syphilis,310.0,Minnesota,2013.0,Male,30-34 years,30-34,26.0,190981.0,13.61
17053,Primary and Secondary Syphilis,310.0,Minnesota,2013.0,Male,35-39 years,35-39,22.0,165686.0,13.28
17054,Primary and Secondary Syphilis,310.0,Minnesota,2013.0,Male,40+ years,40+,63.0,1239560.0,5.08
17055,Primary and Secondary Syphilis,310.0,Minnesota,2014.0,Male,15-19 years,15-19,8.0,182826.0,4.38
17056,Primary and Secondary Syphilis,310.0,Minnesota,2014.0,Male,20-24 years,20-24,50.0,183607.0,27.23
17057,Primary and Secondary Syphilis,310.0,Minnesota,2014.0,Male,25-29 years,25-29,44.0,185675.0,23.7
17058,Primary and Secondary Syphilis,310.0,Minnesota,2014.0,Male,30-34 years,30-34,29.0,190981.0,15.18
17059,Primary and Secondary Syphilis,310.0,Minnesota,2014.0,Male,35-39 years,35-39,25.0,165686.0,15.09
17060,Primary and Secondary Syphilis,310.0,Minnesota,2014.0,Male,40+ years,40+,79.0,1239560.0,6.37
17061,Primary and Secondary Syphilis,310.0,Mississippi,1996.0,Male,15-19 years,15-19,26.0,118348.0,21.97
17062,Primary and Secondary Syphilis,310.0,Mississippi,1996.0,Male,20-24 years,20-24,83.0,105305.0,78.82
17063,Primary and Secondary Syphilis,310.0,Mississippi,1996.0,Male,25-29 years,25-29,58.0,93729.0,61.88
17064,Primary and Secondary Syphilis,310.0,Mississippi,1996.0,Male,30-34 years,30-34,63.0,94044.0,66.99
17065,Primary and Secondary Syphilis,310.0,Mississippi,1996.0,Male,35-39 years,35-39,57.0,102924.0,55.38
17066,Primary and Secondary Syphilis,310.0,Mississippi,1996.0,Male,40+ years,40+,104.0,485740.0,21.41
17067,Primary and Secondary Syphilis,310.0,Mississippi,1997.0,Male,0-14 years,0-14,2.0,323341.0,0.62
17068,Primary and Secondary Syphilis,310.0,Mississippi,1997.0,Male,15-19 years,15-19,15.0,119972.0,12.5
17069,Primary and Secondary Syphilis,310.0,Mississippi,1997.0,Male,20-24 years,20-24,38.0,104195.0,36.47
17070,Primary and Secondary Syphilis,310.0,Mississippi,1997.0,Male,25-29 years,25-29,33.0,96111.0,34.34
17071,Primary and Secondary Syphilis,310.0,Mississippi,1997.0,Male,30-34 years,30-34,29.0,91891.0,31.56
17072,Primary and Secondary Syphilis,310.0,Mississippi,1997.0,Male,35-39 years,35-39,26.0,103077.0,25.22
17073,Primary and Secondary Syphilis,310.0,Mississippi,1997.0,Male,40+ years,40+,46.0,498023.0,9.24
17074,Primary and Secondary Syphilis,310.0,Mississippi,1998.0,Male,15-19 years,15-19,11.0,120775.0,9.11
17075,Primary and Secondary Syphilis,310.0,Mississippi,1998.0,Male,20-24 years,20-24,11.0,104822.0,10.49
17076,Primary and Secondary Syphilis,310.0,Mississippi,1998.0,Male,25-29 years,25-29,14.0,96733.0,14.47
17077,Primary and Secondary Syphilis,310.0,Mississippi,1998.0,Male,30-34 years,30-34,25.0,90831.0,27.52
17078,Primary and Secondary Syphilis,310.0,Mississippi,1998.0,Male,35-39 years,35-39,24.0,103560.0,23.18
17079,Primary and Secondary Syphilis,310.0,Mississippi,1998.0,Male,40+ years,40+,47.0,510461.0,9.21
17080,Primary and Secondary Syphilis,310.0,Mississippi,1999.0,Male,15-19 years,15-19,7.0,120077.0,5.83
17081,Primary and Secondary Syphilis,310.0,Mississippi,1999.0,Male,20-24 years,20-24,13.0,105623.0,12.31
17082,Primary and Secondary Syphilis,310.0,Mississippi,1999.0,Male,25-29 years,25-29,21.0,95608.0,21.96
17083,Primary and Secondary Syphilis,310.0,Mississippi,1999.0,Male,30-34 years,30-34,15.0,90793.0,16.52
17084,Primary and Secondary Syphilis,310.0,Mississippi,1999.0,Male,35-39 years,35-39,15.0,103572.0,14.48
17085,Primary and Secondary Syphilis,310.0,Mississippi,1999.0,Male,40+ years,40+,28.0,522319.0,5.36
17086,Primary and Secondary Syphilis,310.0,Mississippi,2000.0,Male,15-19 years,15-19,4.0,117570.0,3.4
17087,Primary and Secondary Syphilis,310.0,Mississippi,2000.0,Male,20-24 years,20-24,7.0,109026.0,6.42
17088,Primary and Secondary Syphilis,310.0,Mississippi,2000.0,Male,25-29 years,25-29,8.0,94181.0,8.49
17089,Primary and Secondary Syphilis,310.0,Mississippi,2000.0,Male,30-34 years,30-34,10.0,93166.0,10.73
17090,Primary and Secondary Syphilis,310.0,Mississippi,2000.0,Male,35-39 years,35-39,14.0,103155.0,13.57
17091,Primary and Secondary Syphilis,310.0,Mississippi,2000.0,Male,40+ years,40+,23.0,537140.0,4.28
17092,Primary and Secondary Syphilis,310.0,Mississippi,2000.0,Male,Unknown,99,1.0,,
17093,Primary and Secondary Syphilis,310.0,Mississippi,2001.0,Male,0-14 years,0-14,1.0,322954.0,0.31
17094,Primary and Secondary Syphilis,310.0,Mississippi,2001.0,Male,20-24 years,20-24,13.0,114039.0,11.4
17095,Primary and Secondary Syphilis,310.0,Mississippi,2001.0,Male,25-29 years,25-29,9.0,93228.0,9.65
17096,Primary and Secondary Syphilis,310.0,Mississippi,2001.0,Male,30-34 years,30-34,5.0,93039.0,5.37
17097,Primary and Secondary Syphilis,310.0,Mississippi,2001.0,Male,35-39 years,35-39,13.0,100506.0,12.93
17098,Primary and Secondary Syphilis,310.0,Mississippi,2001.0,Male,40+ years,40+,30.0,544078.0,5.51
17099,Primary and Secondary Syphilis,310.0,Mississippi,2002.0,Male,15-19 years,15-19,1.0,112347.0,0.89
17100,Primary and Secondary Syphilis,310.0,Mississippi,2002.0,Male,20-24 years,20-24,3.0,117366.0,2.56
17101,Primary and Secondary Syphilis,310.0,Mississippi,2002.0,Male,25-29 years,25-29,4.0,93795.0,4.26
17102,Primary and Secondary Syphilis,310.0,Mississippi,2002.0,Male,30-34 years,30-34,4.0,93885.0,4.26
17103,Primary and Secondary Syphilis,310.0,Mississippi,2002.0,Male,35-39 years,35-39,3.0,97608.0,3.07
17104,Primary and Secondary Syphilis,310.0,Mississippi,2002.0,Male,40+ years,40+,3.0,551766.0,0.54
17105,Primary and Secondary Syphilis,310.0,Mississippi,2003.0,Male,15-19 years,15-19,2.0,110788.0,1.81
17106,Primary and Secondary Syphilis,310.0,Mississippi,2003.0,Male,20-24 years,20-24,4.0,119050.0,3.36
17107,Primary and Secondary Syphilis,310.0,Mississippi,2003.0,Male,25-29 years,25-29,2.0,95860.0,2.09
17108,Primary and Secondary Syphilis,310.0,Mississippi,2003.0,Male,30-34 years,30-34,8.0,92387.0,8.66
17109,Primary and Secondary Syphilis,310.0,Mississippi,2003.0,Male,35-39 years,35-39,1.0,94200.0,1.06
17110,Primary and Secondary Syphilis,310.0,Mississippi,2003.0,Male,40+ years,40+,3.0,560702.0,0.54
17111,Primary and Secondary Syphilis,310.0,Mississippi,2004.0,Male,15-19 years,15-19,1.0,110551.0,0.9
17112,Primary and Secondary Syphilis,310.0,Mississippi,2004.0,Male,20-24 years,20-24,7.0,119775.0,5.84
17113,Primary and Secondary Syphilis,310.0,Mississippi,2004.0,Male,25-29 years,25-29,7.0,100216.0,6.98
17114,Primary and Secondary Syphilis,310.0,Mississippi,2004.0,Male,30-34 years,30-34,8.0,92647.0,8.63
17115,Primary and Secondary Syphilis,310.0,Mississippi,2004.0,Male,35-39 years,35-39,5.0,92903.0,5.38
17116,Primary and Secondary Syphilis,310.0,Mississippi,2004.0,Male,40+ years,40+,12.0,574953.0,2.09
17117,Primary and Secondary Syphilis,310.0,Mississippi,2005.0,Male,15-19 years,15-19,4.0,110590.0,3.62
17118,Primary and Secondary Syphilis,310.0,Mississippi,2005.0,Male,20-24 years,20-24,5.0,117168.0,4.27
17119,Primary and Secondary Syphilis,310.0,Mississippi,2005.0,Male,25-29 years,25-29,7.0,104918.0,6.67
17120,Primary and Secondary Syphilis,310.0,Mississippi,2005.0,Male,30-34 years,30-34,8.0,91627.0,8.73
17121,Primary and Secondary Syphilis,310.0,Mississippi,2005.0,Male,35-39 years,35-39,6.0,92249.0,6.5
17122,Primary and Secondary Syphilis,310.0,Mississippi,2005.0,Male,40+ years,40+,7.0,585972.0,1.19
17123,Primary and Secondary Syphilis,310.0,Mississippi,2006.0,Male,15-19 years,15-19,10.0,112574.0,8.88
17124,Primary and Secondary Syphilis,310.0,Mississippi,2006.0,Male,20-24 years,20-24,12.0,111249.0,10.79
17125,Primary and Secondary Syphilis,310.0,Mississippi,2006.0,Male,25-29 years,25-29,11.0,99764.0,11.03
17126,Primary and Secondary Syphilis,310.0,Mississippi,2006.0,Male,30-34 years,30-34,4.0,87933.0,4.55
17127,Primary and Secondary Syphilis,310.0,Mississippi,2006.0,Male,35-39 years,35-39,3.0,90928.0,3.3
17128,Primary and Secondary Syphilis,310.0,Mississippi,2006.0,Male,40+ years,40+,10.0,587813.0,1.7
17129,Primary and Secondary Syphilis,310.0,Mississippi,2007.0,Male,15-19 years,15-19,9.0,112916.0,7.97
17130,Primary and Secondary Syphilis,310.0,Mississippi,2007.0,Male,20-24 years,20-24,31.0,110376.0,28.09
17131,Primary and Secondary Syphilis,310.0,Mississippi,2007.0,Male,25-29 years,25-29,16.0,101517.0,15.76
17132,Primary and Secondary Syphilis,310.0,Mississippi,2007.0,Male,30-34 years,30-34,14.0,86463.0,16.19
17133,Primary and Secondary Syphilis,310.0,Mississippi,2007.0,Male,35-39 years,35-39,7.0,90910.0,7.7
17134,Primary and Secondary Syphilis,310.0,Mississippi,2007.0,Male,40+ years,40+,20.0,586618.0,3.41
17135,Primary and Secondary Syphilis,310.0,Mississippi,2007.0,Male,Unknown,99,1.0,,
17136,Primary and Secondary Syphilis,310.0,Mississippi,2008.0,Male,0-14 years,0-14,2.0,324602.0,0.62
17137,Primary and Secondary Syphilis,310.0,Mississippi,2008.0,Male,15-19 years,15-19,10.0,114386.0,8.74
17138,Primary and Secondary Syphilis,310.0,Mississippi,2008.0,Male,20-24 years,20-24,26.0,109943.0,23.65
17139,Primary and Secondary Syphilis,310.0,Mississippi,2008.0,Male,25-29 years,25-29,19.0,102788.0,18.48
17140,Primary and Secondary Syphilis,310.0,Mississippi,2008.0,Male,30-34 years,30-34,14.0,87788.0,15.95
17141,Primary and Secondary Syphilis,310.0,Mississippi,2008.0,Male,35-39 years,35-39,13.0,91164.0,14.26
17142,Primary and Secondary Syphilis,310.0,Mississippi,2008.0,Male,40+ years,40+,34.0,593170.0,5.73
17143,Primary and Secondary Syphilis,310.0,Mississippi,2009.0,Male,15-19 years,15-19,15.0,113525.0,13.21
17144,Primary and Secondary Syphilis,310.0,Mississippi,2009.0,Male,20-24 years,20-24,44.0,114343.0,38.48
17145,Primary and Secondary Syphilis,310.0,Mississippi,2009.0,Male,25-29 years,25-29,34.0,105291.0,32.29
17146,Primary and Secondary Syphilis,310.0,Mississippi,2009.0,Male,30-34 years,30-34,18.0,89199.0,20.18
17147,Primary and Secondary Syphilis,310.0,Mississippi,2009.0,Male,35-39 years,35-39,13.0,89155.0,14.58
17148,Primary and Secondary Syphilis,310.0,Mississippi,2009.0,Male,40+ years,40+,40.0,593240.0,6.74
17149,Primary and Secondary Syphilis,310.0,Mississippi,2010.0,Male,15-19 years,15-19,8.0,114145.0,7.01
17150,Primary and Secondary Syphilis,310.0,Mississippi,2010.0,Male,20-24 years,20-24,54.0,105433.0,51.22
17151,Primary and Secondary Syphilis,310.0,Mississippi,2010.0,Male,25-29 years,25-29,41.0,98610.0,41.58
17152,Primary and Secondary Syphilis,310.0,Mississippi,2010.0,Male,30-34 years,30-34,15.0,92461.0,16.22
17153,Primary and Secondary Syphilis,310.0,Mississippi,2010.0,Male,35-39 years,35-39,12.0,91364.0,13.13
17154,Primary and Secondary Syphilis,310.0,Mississippi,2010.0,Male,40+ years,40+,29.0,620114.0,4.68
17155,Primary and Secondary Syphilis,310.0,Mississippi,2011.0,Male,15-19 years,15-19,7.0,110900.0,6.31
17156,Primary and Secondary Syphilis,310.0,Mississippi,2011.0,Male,20-24 years,20-24,47.0,109367.0,42.97
17157,Primary and Secondary Syphilis,310.0,Mississippi,2011.0,Male,25-29 years,25-29,30.0,97036.0,30.92
17158,Primary and Secondary Syphilis,310.0,Mississippi,2011.0,Male,30-34 years,30-34,18.0,94892.0,18.97
17159,Primary and Secondary Syphilis,310.0,Mississippi,2011.0,Male,35-39 years,35-39,11.0,88379.0,12.45
17160,Primary and Secondary Syphilis,310.0,Mississippi,2011.0,Male,40+ years,40+,33.0,627102.0,5.26
17161,Primary and Secondary Syphilis,310.0,Mississippi,2012.0,Male,15-19 years,15-19,10.0,108000.0,9.26
17162,Primary and Secondary Syphilis,310.0,Mississippi,2012.0,Male,20-24 years,20-24,38.0,112035.0,33.92
17163,Primary and Secondary Syphilis,310.0,Mississippi,2012.0,Male,25-29 years,25-29,22.0,95517.0,23.03
17164,Primary and Secondary Syphilis,310.0,Mississippi,2012.0,Male,30-34 years,30-34,10.0,95908.0,10.43
17165,Primary and Secondary Syphilis,310.0,Mississippi,2012.0,Male,35-39 years,35-39,8.0,87794.0,9.11
17166,Primary and Secondary Syphilis,310.0,Mississippi,2012.0,Male,40+ years,40+,27.0,632443.0,4.27
17167,Primary and Secondary Syphilis,310.0,Mississippi,2012.0,Male,Unknown,99,1.0,,
17168,Primary and Secondary Syphilis,310.0,Mississippi,2013.0,Male,15-19 years,15-19,3.0,106111.0,2.83
17169,Primary and Secondary Syphilis,310.0,Mississippi,2013.0,Male,20-24 years,20-24,22.0,115730.0,19.01
17170,Primary and Secondary Syphilis,310.0,Mississippi,2013.0,Male,25-29 years,25-29,11.0,95907.0,11.47
17171,Primary and Secondary Syphilis,310.0,Mississippi,2013.0,Male,30-34 years,30-34,10.0,96807.0,10.33
17172,Primary and Secondary Syphilis,310.0,Mississippi,2013.0,Male,35-39 years,35-39,2.0,87982.0,2.27
17173,Primary and Secondary Syphilis,310.0,Mississippi,2013.0,Male,40+ years,40+,11.0,637654.0,1.73
17174,Primary and Secondary Syphilis,310.0,Mississippi,2014.0,Male,15-19 years,15-19,20.0,106111.0,18.85
17175,Primary and Secondary Syphilis,310.0,Mississippi,2014.0,Male,20-24 years,20-24,64.0,115730.0,55.3
17176,Primary and Secondary Syphilis,310.0,Mississippi,2014.0,Male,25-29 years,25-29,40.0,95907.0,41.71
17177,Primary and Secondary Syphilis,310.0,Mississippi,2014.0,Male,30-34 years,30-34,17.0,96807.0,17.56
17178,Primary and Secondary Syphilis,310.0,Mississippi,2014.0,Male,35-39 years,35-39,12.0,87982.0,13.64
17179,Primary and Secondary Syphilis,310.0,Mississippi,2014.0,Male,40+ years,40+,19.0,637654.0,2.98
17180,Primary and Secondary Syphilis,310.0,Missouri,1996.0,Male,15-19 years,15-19,8.0,201603.0,3.97
17181,Primary and Secondary Syphilis,310.0,Missouri,1996.0,Male,20-24 years,20-24,22.0,174753.0,12.59
17182,Primary and Secondary Syphilis,310.0,Missouri,1996.0,Male,25-29 years,25-29,18.0,182989.0,9.84
17183,Primary and Secondary Syphilis,310.0,Missouri,1996.0,Male,30-34 years,30-34,13.0,208497.0,6.24
17184,Primary and Secondary Syphilis,310.0,Missouri,1996.0,Male,35-39 years,35-39,19.0,223643.0,8.5
17185,Primary and Secondary Syphilis,310.0,Missouri,1996.0,Male,40+ years,40+,38.0,1042778.0,3.64
17186,Primary and Secondary Syphilis,310.0,Missouri,1997.0,Male,15-19 years,15-19,1.0,206485.0,0.48
17187,Primary and Secondary Syphilis,310.0,Missouri,1997.0,Male,20-24 years,20-24,12.0,174652.0,6.87
17188,Primary and Secondary Syphilis,310.0,Missouri,1997.0,Male,25-29 years,25-29,8.0,184022.0,4.35
17189,Primary and Secondary Syphilis,310.0,Missouri,1997.0,Male,30-34 years,30-34,9.0,200678.0,4.48
17190,Primary and Secondary Syphilis,310.0,Missouri,1997.0,Male,35-39 years,35-39,6.0,224763.0,2.67
17191,Primary and Secondary Syphilis,310.0,Missouri,1997.0,Male,40+ years,40+,19.0,1066971.0,1.78
17192,Primary and Secondary Syphilis,310.0,Missouri,1998.0,Male,0-14 years,0-14,2.0,604341.0,0.33
17193,Primary and Secondary Syphilis,310.0,Missouri,1998.0,Male,15-19 years,15-19,5.0,210208.0,2.38
17194,Primary and Secondary Syphilis,310.0,Missouri,1998.0,Male,20-24 years,20-24,10.0,176569.0,5.66
17195,Primary and Secondary Syphilis,310.0,Missouri,1998.0,Male,25-29 years,25-29,13.0,182852.0,7.11
17196,Primary and Secondary Syphilis,310.0,Missouri,1998.0,Male,30-34 years,30-34,4.0,192703.0,2.08
17197,Primary and Secondary Syphilis,310.0,Missouri,1998.0,Male,35-39 years,35-39,10.0,223762.0,4.47
17198,Primary and Secondary Syphilis,310.0,Missouri,1998.0,Male,40+ years,40+,15.0,1088710.0,1.38
17199,Primary and Secondary Syphilis,310.0,Missouri,1999.0,Male,15-19 years,15-19,8.0,211004.0,3.79
17200,Primary and Secondary Syphilis,310.0,Missouri,1999.0,Male,20-24 years,20-24,11.0,181080.0,6.07
17201,Primary and Secondary Syphilis,310.0,Missouri,1999.0,Male,25-29 years,25-29,1.0,181569.0,0.55
17202,Primary and Secondary Syphilis,310.0,Missouri,1999.0,Male,30-34 years,30-34,4.0,188090.0,2.13
17203,Primary and Secondary Syphilis,310.0,Missouri,1999.0,Male,35-39 years,35-39,9.0,222669.0,4.04
17204,Primary and Secondary Syphilis,310.0,Missouri,1999.0,Male,40+ years,40+,14.0,1112628.0,1.26
17205,Primary and Secondary Syphilis,310.0,Missouri,2000.0,Male,15-19 years,15-19,1.0,210264.0,0.48
17206,Primary and Secondary Syphilis,310.0,Missouri,2000.0,Male,20-24 years,20-24,4.0,187802.0,2.13
17207,Primary and Secondary Syphilis,310.0,Missouri,2000.0,Male,25-29 years,25-29,1.0,179959.0,0.56
17208,Primary and Secondary Syphilis,310.0,Missouri,2000.0,Male,30-34 years,30-34,3.0,189134.0,1.59
17209,Primary and Secondary Syphilis,310.0,Missouri,2000.0,Male,35-39 years,35-39,5.0,219469.0,2.28
17210,Primary and Secondary Syphilis,310.0,Missouri,2000.0,Male,40+ years,40+,4.0,1142399.0,0.35
17211,Primary and Secondary Syphilis,310.0,Missouri,2001.0,Male,15-19 years,15-19,1.0,211104.0,0.47
17212,Primary and Secondary Syphilis,310.0,Missouri,2001.0,Male,20-24 years,20-24,3.0,194833.0,1.54
17213,Primary and Secondary Syphilis,310.0,Missouri,2001.0,Male,25-29 years,25-29,3.0,176550.0,1.7
17214,Primary and Secondary Syphilis,310.0,Missouri,2001.0,Male,30-34 years,30-34,3.0,190770.0,1.57
17215,Primary and Secondary Syphilis,310.0,Missouri,2001.0,Male,35-39 years,35-39,2.0,213263.0,0.94
17216,Primary and Secondary Syphilis,310.0,Missouri,2001.0,Male,40+ years,40+,6.0,1162480.0,0.52
17217,Primary and Secondary Syphilis,310.0,Missouri,2002.0,Male,20-24 years,20-24,4.0,201795.0,1.98
17218,Primary and Secondary Syphilis,310.0,Missouri,2002.0,Male,25-29 years,25-29,3.0,176489.0,1.7
17219,Primary and Secondary Syphilis,310.0,Missouri,2002.0,Male,30-34 years,30-34,5.0,192921.0,2.59
17220,Primary and Secondary Syphilis,310.0,Missouri,2002.0,Male,35-39 years,35-39,5.0,206420.0,2.42
17221,Primary and Secondary Syphilis,310.0,Missouri,2002.0,Male,40+ years,40+,7.0,1183796.0,0.59
17222,Primary and Secondary Syphilis,310.0,Missouri,2003.0,Male,15-19 years,15-19,1.0,211807.0,0.47
17223,Primary and Secondary Syphilis,310.0,Missouri,2003.0,Male,20-24 years,20-24,6.0,208171.0,2.88
17224,Primary and Secondary Syphilis,310.0,Missouri,2003.0,Male,25-29 years,25-29,4.0,178775.0,2.24
17225,Primary and Secondary Syphilis,310.0,Missouri,2003.0,Male,30-34 years,30-34,6.0,189628.0,3.16
17226,Primary and Secondary Syphilis,310.0,Missouri,2003.0,Male,35-39 years,35-39,4.0,197378.0,2.03
17227,Primary and Secondary Syphilis,310.0,Missouri,2003.0,Male,40+ years,40+,26.0,1202721.0,2.16
17228,Primary and Secondary Syphilis,310.0,Missouri,2004.0,Male,15-19 years,15-19,3.0,212370.0,1.41
17229,Primary and Secondary Syphilis,310.0,Missouri,2004.0,Male,20-24 years,20-24,7.0,213564.0,3.28
17230,Primary and Secondary Syphilis,310.0,Missouri,2004.0,Male,25-29 years,25-29,11.0,186104.0,5.91
17231,Primary and Secondary Syphilis,310.0,Missouri,2004.0,Male,30-34 years,30-34,22.0,189157.0,11.63
17232,Primary and Secondary Syphilis,310.0,Missouri,2004.0,Male,35-39 years,35-39,12.0,193924.0,6.19
17233,Primary and Secondary Syphilis,310.0,Missouri,2004.0,Male,40+ years,40+,27.0,1232663.0,2.19
17234,Primary and Secondary Syphilis,310.0,Missouri,2005.0,Male,15-19 years,15-19,6.0,213361.0,2.81
17235,Primary and Secondary Syphilis,310.0,Missouri,2005.0,Male,20-24 years,20-24,14.0,215428.0,6.5
17236,Primary and Secondary Syphilis,310.0,Missouri,2005.0,Male,25-29 years,25-29,20.0,193449.0,10.34
17237,Primary and Secondary Syphilis,310.0,Missouri,2005.0,Male,30-34 years,30-34,20.0,186000.0,10.75
17238,Primary and Secondary Syphilis,310.0,Missouri,2005.0,Male,35-39 years,35-39,18.0,192968.0,9.33
17239,Primary and Secondary Syphilis,310.0,Missouri,2005.0,Male,40+ years,40+,57.0,1256736.0,4.54
17240,Primary and Secondary Syphilis,310.0,Missouri,2006.0,Male,15-19 years,15-19,17.0,211533.0,8.04
17241,Primary and Secondary Syphilis,310.0,Missouri,2006.0,Male,20-24 years,20-24,25.0,210101.0,11.9
17242,Primary and Secondary Syphilis,310.0,Missouri,2006.0,Male,25-29 years,25-29,25.0,204191.0,12.24
17243,Primary and Secondary Syphilis,310.0,Missouri,2006.0,Male,30-34 years,30-34,18.0,179215.0,10.04
17244,Primary and Secondary Syphilis,310.0,Missouri,2006.0,Male,35-39 years,35-39,17.0,193109.0,8.8
17245,Primary and Secondary Syphilis,310.0,Missouri,2006.0,Male,40+ years,40+,47.0,1262457.0,3.72
17246,Primary and Secondary Syphilis,310.0,Missouri,2007.0,Male,0-14 years,0-14,2.0,597573.0,0.33
17247,Primary and Secondary Syphilis,310.0,Missouri,2007.0,Male,15-19 years,15-19,16.0,212101.0,7.54
17248,Primary and Secondary Syphilis,310.0,Missouri,2007.0,Male,20-24 years,20-24,39.0,203660.0,19.15
17249,Primary and Secondary Syphilis,310.0,Missouri,2007.0,Male,25-29 years,25-29,34.0,207935.0,16.35
17250,Primary and Secondary Syphilis,310.0,Missouri,2007.0,Male,30-34 years,30-34,32.0,179594.0,17.82
17251,Primary and Secondary Syphilis,310.0,Missouri,2007.0,Male,35-39 years,35-39,26.0,193173.0,13.46
17252,Primary and Secondary Syphilis,310.0,Missouri,2007.0,Male,40+ years,40+,63.0,1276986.0,4.93
17253,Primary and Secondary Syphilis,310.0,Missouri,2008.0,Male,0-14 years,0-14,1.0,597852.0,0.17
17254,Primary and Secondary Syphilis,310.0,Missouri,2008.0,Male,15-19 years,15-19,9.0,211227.0,4.26
17255,Primary and Secondary Syphilis,310.0,Missouri,2008.0,Male,20-24 years,20-24,30.0,202936.0,14.78
17256,Primary and Secondary Syphilis,310.0,Missouri,2008.0,Male,25-29 years,25-29,48.0,209880.0,22.87
17257,Primary and Secondary Syphilis,310.0,Missouri,2008.0,Male,30-34 years,30-34,25.0,181471.0,13.78
17258,Primary and Secondary Syphilis,310.0,Missouri,2008.0,Male,35-39 years,35-39,27.0,192122.0,14.05
17259,Primary and Secondary Syphilis,310.0,Missouri,2008.0,Male,40+ years,40+,55.0,1292419.0,4.26
17260,Primary and Secondary Syphilis,310.0,Missouri,2009.0,Male,15-19 years,15-19,15.0,214121.0,7.01
17261,Primary and Secondary Syphilis,310.0,Missouri,2009.0,Male,20-24 years,20-24,25.0,215088.0,11.62
17262,Primary and Secondary Syphilis,310.0,Missouri,2009.0,Male,25-29 years,25-29,21.0,210371.0,9.98
17263,Primary and Secondary Syphilis,310.0,Missouri,2009.0,Male,30-34 years,30-34,20.0,182955.0,10.93
17264,Primary and Secondary Syphilis,310.0,Missouri,2009.0,Male,35-39 years,35-39,21.0,188846.0,11.12
17265,Primary and Secondary Syphilis,310.0,Missouri,2009.0,Male,40+ years,40+,56.0,1310616.0,4.27
17266,Primary and Secondary Syphilis,310.0,Missouri,2010.0,Male,15-19 years,15-19,10.0,216939.0,4.61
17267,Primary and Secondary Syphilis,310.0,Missouri,2010.0,Male,20-24 years,20-24,37.0,207793.0,17.81
17268,Primary and Secondary Syphilis,310.0,Missouri,2010.0,Male,25-29 years,25-29,21.0,201438.0,10.43
17269,Primary and Secondary Syphilis,310.0,Missouri,2010.0,Male,30-34 years,30-34,18.0,186306.0,9.66
17270,Primary and Secondary Syphilis,310.0,Missouri,2010.0,Male,35-39 years,35-39,16.0,183144.0,8.74
17271,Primary and Secondary Syphilis,310.0,Missouri,2010.0,Male,40+ years,40+,47.0,1335525.0,3.52
17272,Primary and Secondary Syphilis,310.0,Missouri,2011.0,Male,0-14 years,0-14,1.0,598090.0,0.17
17273,Primary and Secondary Syphilis,310.0,Missouri,2011.0,Male,15-19 years,15-19,9.0,212356.0,4.24
17274,Primary and Secondary Syphilis,310.0,Missouri,2011.0,Male,20-24 years,20-24,26.0,211028.0,12.32
17275,Primary and Secondary Syphilis,310.0,Missouri,2011.0,Male,25-29 years,25-29,26.0,201833.0,12.88
17276,Primary and Secondary Syphilis,310.0,Missouri,2011.0,Male,30-34 years,30-34,18.0,192147.0,9.37
17277,Primary and Secondary Syphilis,310.0,Missouri,2011.0,Male,35-39 years,35-39,11.0,176073.0,6.25
17278,Primary and Secondary Syphilis,310.0,Missouri,2011.0,Male,40+ years,40+,39.0,1352907.0,2.88
17279,Primary and Secondary Syphilis,310.0,Missouri,2012.0,Male,15-19 years,15-19,6.0,207196.0,2.9
17280,Primary and Secondary Syphilis,310.0,Missouri,2012.0,Male,20-24 years,20-24,43.0,215892.0,19.92
17281,Primary and Secondary Syphilis,310.0,Missouri,2012.0,Male,25-29 years,25-29,23.0,200562.0,11.47
17282,Primary and Secondary Syphilis,310.0,Missouri,2012.0,Male,30-34 years,30-34,18.0,194995.0,9.23
17283,Primary and Secondary Syphilis,310.0,Missouri,2012.0,Male,35-39 years,35-39,12.0,174932.0,6.86
17284,Primary and Secondary Syphilis,310.0,Missouri,2012.0,Male,40+ years,40+,43.0,1361631.0,3.16
17285,Primary and Secondary Syphilis,310.0,Missouri,2013.0,Male,15-19 years,15-19,13.0,204558.0,6.36
17286,Primary and Secondary Syphilis,310.0,Missouri,2013.0,Male,20-24 years,20-24,50.0,219196.0,22.81
17287,Primary and Secondary Syphilis,310.0,Missouri,2013.0,Male,25-29 years,25-29,50.0,199456.0,25.07
17288,Primary and Secondary Syphilis,310.0,Missouri,2013.0,Male,30-34 years,30-34,29.0,199102.0,14.57
17289,Primary and Secondary Syphilis,310.0,Missouri,2013.0,Male,35-39 years,35-39,18.0,176826.0,10.18
17290,Primary and Secondary Syphilis,310.0,Missouri,2013.0,Male,40+ years,40+,72.0,1370937.0,5.25
17291,Primary and Secondary Syphilis,310.0,Missouri,2014.0,Male,15-19 years,15-19,8.0,204558.0,3.91
17292,Primary and Secondary Syphilis,310.0,Missouri,2014.0,Male,20-24 years,20-24,53.0,219196.0,24.18
17293,Primary and Secondary Syphilis,310.0,Missouri,2014.0,Male,25-29 years,25-29,48.0,199456.0,24.07
17294,Primary and Secondary Syphilis,310.0,Missouri,2014.0,Male,30-34 years,30-34,61.0,199102.0,30.64
17295,Primary and Secondary Syphilis,310.0,Missouri,2014.0,Male,35-39 years,35-39,45.0,176826.0,25.45
17296,Primary and Secondary Syphilis,310.0,Missouri,2014.0,Male,40+ years,40+,103.0,1370937.0,7.51
17297,Primary and Secondary Syphilis,310.0,Montana,2004.0,Male,20-24 years,20-24,1.0,36063.0,2.77
17298,Primary and Secondary Syphilis,310.0,Montana,2004.0,Male,30-34 years,30-34,1.0,26389.0,3.79
17299,Primary and Secondary Syphilis,310.0,Montana,2004.0,Male,40+ years,40+,1.0,221122.0,0.45
17300,Primary and Secondary Syphilis,310.0,Montana,2005.0,Male,30-34 years,30-34,2.0,26426.0,7.57
17301,Primary and Secondary Syphilis,310.0,Montana,2005.0,Male,35-39 years,35-39,1.0,27394.0,3.65
17302,Primary and Secondary Syphilis,310.0,Montana,2005.0,Male,40+ years,40+,3.0,225859.0,1.33
17303,Primary and Secondary Syphilis,310.0,Montana,2006.0,Male,25-29 years,25-29,1.0,31845.0,3.14
17304,Primary and Secondary Syphilis,310.0,Montana,2007.0,Male,35-39 years,35-39,4.0,28086.0,14.24
17305,Primary and Secondary Syphilis,310.0,Montana,2007.0,Male,40+ years,40+,2.0,228352.0,0.88
17306,Primary and Secondary Syphilis,310.0,Montana,2008.0,Male,20-24 years,20-24,1.0,36860.0,2.71
17307,Primary and Secondary Syphilis,310.0,Montana,2008.0,Male,25-29 years,25-29,1.0,34524.0,2.9
17308,Primary and Secondary Syphilis,310.0,Montana,2008.0,Male,30-34 years,30-34,1.0,27245.0,3.67
17309,Primary and Secondary Syphilis,310.0,Montana,2008.0,Male,35-39 years,35-39,1.0,28253.0,3.54
17310,Primary and Secondary Syphilis,310.0,Montana,2008.0,Male,40+ years,40+,2.0,230835.0,0.87
17311,Primary and Secondary Syphilis,310.0,Montana,2009.0,Male,20-24 years,20-24,1.0,39820.0,2.51
17312,Primary and Secondary Syphilis,310.0,Montana,2009.0,Male,25-29 years,25-29,1.0,34341.0,2.91
17313,Primary and Secondary Syphilis,310.0,Montana,2009.0,Male,30-34 years,30-34,1.0,27547.0,3.63
17314,Primary and Secondary Syphilis,310.0,Montana,2009.0,Male,35-39 years,35-39,1.0,27887.0,3.59
17315,Primary and Secondary Syphilis,310.0,Montana,2010.0,Male,20-24 years,20-24,1.0,34939.0,2.86
17316,Primary and Secondary Syphilis,310.0,Montana,2010.0,Male,25-29 years,25-29,1.0,33135.0,3.02
17317,Primary and Secondary Syphilis,310.0,Montana,2010.0,Male,40+ years,40+,1.0,240833.0,0.42
17318,Primary and Secondary Syphilis,310.0,Montana,2011.0,Male,15-19 years,15-19,2.0,34847.0,5.74
17319,Primary and Secondary Syphilis,310.0,Montana,2011.0,Male,20-24 years,20-24,1.0,35874.0,2.79
17320,Primary and Secondary Syphilis,310.0,Montana,2011.0,Male,35-39 years,35-39,1.0,27838.0,3.59
17321,Primary and Secondary Syphilis,310.0,Montana,2011.0,Male,40+ years,40+,2.0,244218.0,0.82
17322,Primary and Secondary Syphilis,310.0,Montana,2012.0,Male,20-24 years,20-24,2.0,37300.0,5.36
17323,Primary and Secondary Syphilis,310.0,Montana,2013.0,Male,20-24 years,20-24,2.0,38600.0,5.18
17324,Primary and Secondary Syphilis,310.0,Montana,2013.0,Male,35-39 years,35-39,1.0,29211.0,3.42
17325,Primary and Secondary Syphilis,310.0,Montana,2013.0,Male,40+ years,40+,1.0,247795.0,0.4
17326,Primary and Secondary Syphilis,310.0,Montana,2014.0,Male,15-19 years,15-19,2.0,33630.0,5.95
17327,Primary and Secondary Syphilis,310.0,Montana,2014.0,Male,25-29 years,25-29,1.0,32233.0,3.1
17328,Primary and Secondary Syphilis,310.0,Montana,2014.0,Male,30-34 years,30-34,1.0,33168.0,3.01
17329,Primary and Secondary Syphilis,310.0,Montana,2014.0,Male,40+ years,40+,2.0,247795.0,0.81
17330,Primary and Secondary Syphilis,310.0,Nebraska,1996.0,Male,15-19 years,15-19,1.0,65768.0,1.52
17331,Primary and Secondary Syphilis,310.0,Nebraska,1996.0,Male,40+ years,40+,1.0,321966.0,0.31
17332,Primary and Secondary Syphilis,310.0,Nebraska,1997.0,Male,15-19 years,15-19,1.0,67616.0,1.48
17333,Primary and Secondary Syphilis,310.0,Nebraska,1997.0,Male,30-34 years,30-34,1.0,60566.0,1.65
17334,Primary and Secondary Syphilis,310.0,Nebraska,1997.0,Male,40+ years,40+,1.0,328399.0,0.3
17335,Primary and Secondary Syphilis,310.0,Nebraska,1998.0,Male,20-24 years,20-24,1.0,58927.0,1.7
17336,Primary and Secondary Syphilis,310.0,Nebraska,1998.0,Male,25-29 years,25-29,1.0,56979.0,1.76
17337,Primary and Secondary Syphilis,310.0,Nebraska,1998.0,Male,30-34 years,30-34,1.0,58166.0,1.72
17338,Primary and Secondary Syphilis,310.0,Nebraska,1998.0,Male,40+ years,40+,2.0,333858.0,0.6
17339,Primary and Secondary Syphilis,310.0,Nebraska,1999.0,Male,20-24 years,20-24,1.0,60146.0,1.66
17340,Primary and Secondary Syphilis,310.0,Nebraska,1999.0,Male,25-29 years,25-29,1.0,57088.0,1.75
17341,Primary and Secondary Syphilis,310.0,Nebraska,1999.0,Male,40+ years,40+,1.0,340004.0,0.29
17342,Primary and Secondary Syphilis,310.0,Nebraska,2000.0,Male,40+ years,40+,1.0,347598.0,0.29
17343,Primary and Secondary Syphilis,310.0,Nebraska,2001.0,Male,35-39 years,35-39,1.0,62816.0,1.59
17344,Primary and Secondary Syphilis,310.0,Nebraska,2001.0,Male,40+ years,40+,1.0,352974.0,0.28
17345,Primary and Secondary Syphilis,310.0,Nebraska,2002.0,Male,15-19 years,15-19,1.0,67875.0,1.47
17346,Primary and Secondary Syphilis,310.0,Nebraska,2002.0,Male,20-24 years,20-24,2.0,66595.0,3.0
17347,Primary and Secondary Syphilis,310.0,Nebraska,2002.0,Male,30-34 years,30-34,1.0,57712.0,1.73
17348,Primary and Secondary Syphilis,310.0,Nebraska,2003.0,Male,30-34 years,30-34,3.0,56928.0,5.27
17349,Primary and Secondary Syphilis,310.0,Nebraska,2003.0,Male,35-39 years,35-39,2.0,58069.0,3.44
17350,Primary and Secondary Syphilis,310.0,Nebraska,2003.0,Male,40+ years,40+,4.0,363604.0,1.1
17351,Primary and Secondary Syphilis,310.0,Nebraska,2004.0,Male,20-24 years,20-24,1.0,70109.0,1.43
17352,Primary and Secondary Syphilis,310.0,Nebraska,2004.0,Male,30-34 years,30-34,1.0,57005.0,1.75
17353,Primary and Secondary Syphilis,310.0,Nebraska,2004.0,Male,40+ years,40+,1.0,369226.0,0.27
17354,Primary and Secondary Syphilis,310.0,Nebraska,2005.0,Male,20-24 years,20-24,1.0,70846.0,1.41
17355,Primary and Secondary Syphilis,310.0,Nebraska,2005.0,Male,30-34 years,30-34,1.0,56926.0,1.76
17356,Primary and Secondary Syphilis,310.0,Nebraska,2005.0,Male,40+ years,40+,2.0,375044.0,0.53
17357,Primary and Secondary Syphilis,310.0,Nebraska,2006.0,Male,25-29 years,25-29,1.0,60705.0,1.65
17358,Primary and Secondary Syphilis,310.0,Nebraska,2006.0,Male,35-39 years,35-39,3.0,57303.0,5.24
17359,Primary and Secondary Syphilis,310.0,Nebraska,2006.0,Male,40+ years,40+,2.0,377981.0,0.53
17360,Primary and Secondary Syphilis,310.0,Nebraska,2007.0,Male,30-34 years,30-34,2.0,55104.0,3.63
17361,Primary and Secondary Syphilis,310.0,Nebraska,2007.0,Male,40+ years,40+,2.0,379912.0,0.53
17362,Primary and Secondary Syphilis,310.0,Nebraska,2008.0,Male,20-24 years,20-24,1.0,68007.0,1.47
17363,Primary and Secondary Syphilis,310.0,Nebraska,2008.0,Male,25-29 years,25-29,1.0,64128.0,1.56
17364,Primary and Secondary Syphilis,310.0,Nebraska,2008.0,Male,30-34 years,30-34,4.0,55916.0,7.15
17365,Primary and Secondary Syphilis,310.0,Nebraska,2008.0,Male,35-39 years,35-39,2.0,56953.0,3.51
17366,Primary and Secondary Syphilis,310.0,Nebraska,2008.0,Male,40+ years,40+,4.0,383166.0,1.04
17367,Primary and Secondary Syphilis,310.0,Nebraska,2009.0,Male,20-24 years,20-24,1.0,71932.0,1.39
17368,Primary and Secondary Syphilis,310.0,Nebraska,2009.0,Male,30-34 years,30-34,1.0,54222.0,1.84
17369,Primary and Secondary Syphilis,310.0,Nebraska,2009.0,Male,35-39 years,35-39,1.0,56202.0,1.78
17370,Primary and Secondary Syphilis,310.0,Nebraska,2009.0,Male,40+ years,40+,2.0,384201.0,0.52
17371,Primary and Secondary Syphilis,310.0,Nebraska,2010.0,Male,15-19 years,15-19,1.0,66033.0,1.51
17372,Primary and Secondary Syphilis,310.0,Nebraska,2010.0,Male,35-39 years,35-39,2.0,56043.0,3.57
17373,Primary and Secondary Syphilis,310.0,Nebraska,2010.0,Male,40+ years,40+,6.0,396808.0,1.51
17374,Primary and Secondary Syphilis,310.0,Nebraska,2011.0,Male,20-24 years,20-24,3.0,66146.0,4.54
17375,Primary and Secondary Syphilis,310.0,Nebraska,2011.0,Male,25-29 years,25-29,1.0,65682.0,1.52
17376,Primary and Secondary Syphilis,310.0,Nebraska,2011.0,Male,30-34 years,30-34,1.0,61635.0,1.62
17377,Primary and Secondary Syphilis,310.0,Nebraska,2011.0,Male,35-39 years,35-39,1.0,55356.0,1.81
17378,Primary and Secondary Syphilis,310.0,Nebraska,2011.0,Male,40+ years,40+,3.0,402453.0,0.75
17379,Primary and Secondary Syphilis,310.0,Nebraska,2012.0,Male,25-29 years,25-29,1.0,65323.0,1.53
17380,Primary and Secondary Syphilis,310.0,Nebraska,2012.0,Male,30-34 years,30-34,2.0,63357.0,3.16
17381,Primary and Secondary Syphilis,310.0,Nebraska,2012.0,Male,40+ years,40+,4.0,405775.0,0.99
17382,Primary and Secondary Syphilis,310.0,Nebraska,2013.0,Male,15-19 years,15-19,1.0,65134.0,1.54
17383,Primary and Secondary Syphilis,310.0,Nebraska,2013.0,Male,20-24 years,20-24,9.0,69410.0,12.97
17384,Primary and Secondary Syphilis,310.0,Nebraska,2013.0,Male,25-29 years,25-29,13.0,64231.0,20.24
17385,Primary and Secondary Syphilis,310.0,Nebraska,2013.0,Male,30-34 years,30-34,8.0,65074.0,12.29
17386,Primary and Secondary Syphilis,310.0,Nebraska,2013.0,Male,35-39 years,35-39,2.0,57025.0,3.51
17387,Primary and Secondary Syphilis,310.0,Nebraska,2013.0,Male,40+ years,40+,4.0,409090.0,0.98
17388,Primary and Secondary Syphilis,310.0,Nebraska,2014.0,Male,20-24 years,20-24,11.0,69410.0,15.85
17389,Primary and Secondary Syphilis,310.0,Nebraska,2014.0,Male,25-29 years,25-29,10.0,64231.0,15.57
17390,Primary and Secondary Syphilis,310.0,Nebraska,2014.0,Male,30-34 years,30-34,6.0,65074.0,9.22
17391,Primary and Secondary Syphilis,310.0,Nebraska,2014.0,Male,35-39 years,35-39,4.0,57025.0,7.01
17392,Primary and Secondary Syphilis,310.0,Nebraska,2014.0,Male,40+ years,40+,15.0,409090.0,3.67
17393,Primary and Secondary Syphilis,310.0,Nevada,1996.0,Male,20-24 years,20-24,1.0,52565.0,1.9
17394,Primary and Secondary Syphilis,310.0,Nevada,1996.0,Male,30-34 years,30-34,3.0,81733.0,3.67
17395,Primary and Secondary Syphilis,310.0,Nevada,1996.0,Male,35-39 years,35-39,2.0,75693.0,2.64
17396,Primary and Secondary Syphilis,310.0,Nevada,1996.0,Male,40+ years,40+,4.0,334875.0,1.19
17397,Primary and Secondary Syphilis,310.0,Nevada,1997.0,Male,25-29 years,25-29,2.0,69761.0,2.87
17398,Primary and Secondary Syphilis,310.0,Nevada,1997.0,Male,30-34 years,30-34,2.0,83638.0,2.39
17399,Primary and Secondary Syphilis,310.0,Nevada,1997.0,Male,40+ years,40+,1.0,358143.0,0.28
17400,Primary and Secondary Syphilis,310.0,Nevada,1998.0,Male,15-19 years,15-19,1.0,60418.0,1.66
17401,Primary and Secondary Syphilis,310.0,Nevada,1998.0,Male,35-39 years,35-39,4.0,83226.0,4.81
17402,Primary and Secondary Syphilis,310.0,Nevada,1998.0,Male,40+ years,40+,7.0,379236.0,1.85
17403,Primary and Secondary Syphilis,310.0,Nevada,1999.0,Male,25-29 years,25-29,1.0,74785.0,1.34
17404,Primary and Secondary Syphilis,310.0,Nevada,1999.0,Male,40+ years,40+,1.0,398620.0,0.25
17405,Primary and Secondary Syphilis,310.0,Nevada,2000.0,Male,25-29 years,25-29,1.0,76017.0,1.32
17406,Primary and Secondary Syphilis,310.0,Nevada,2000.0,Male,30-34 years,30-34,1.0,82620.0,1.21
17407,Primary and Secondary Syphilis,310.0,Nevada,2000.0,Male,40+ years,40+,1.0,412451.0,0.24
17408,Primary and Secondary Syphilis,310.0,Nevada,2001.0,Male,20-24 years,20-24,1.0,68829.0,1.45
17409,Primary and Secondary Syphilis,310.0,Nevada,2001.0,Male,25-29 years,25-29,1.0,78618.0,1.27
17410,Primary and Secondary Syphilis,310.0,Nevada,2001.0,Male,35-39 years,35-39,4.0,88383.0,4.53
17411,Primary and Secondary Syphilis,310.0,Nevada,2001.0,Male,40+ years,40+,1.0,434969.0,0.23
17412,Primary and Secondary Syphilis,310.0,Nevada,2002.0,Male,20-24 years,20-24,1.0,69641.0,1.44
17413,Primary and Secondary Syphilis,310.0,Nevada,2002.0,Male,25-29 years,25-29,3.0,80219.0,3.74
17414,Primary and Secondary Syphilis,310.0,Nevada,2002.0,Male,30-34 years,30-34,2.0,90611.0,2.21
17415,Primary and Secondary Syphilis,310.0,Nevada,2002.0,Male,35-39 years,35-39,3.0,89207.0,3.36
17416,Primary and Secondary Syphilis,310.0,Nevada,2002.0,Male,40+ years,40+,5.0,455510.0,1.1
17417,Primary and Secondary Syphilis,310.0,Nevada,2003.0,Male,20-24 years,20-24,1.0,74868.0,1.34
17418,Primary and Secondary Syphilis,310.0,Nevada,2003.0,Male,30-34 years,30-34,2.0,94181.0,2.12
17419,Primary and Secondary Syphilis,310.0,Nevada,2003.0,Male,35-39 years,35-39,4.0,90848.0,4.4
17420,Primary and Secondary Syphilis,310.0,Nevada,2003.0,Male,40+ years,40+,2.0,469437.0,0.43
17421,Primary and Secondary Syphilis,310.0,Nevada,2004.0,Male,15-19 years,15-19,5.0,78952.0,6.33
17422,Primary and Secondary Syphilis,310.0,Nevada,2004.0,Male,20-24 years,20-24,4.0,78747.0,5.08
17423,Primary and Secondary Syphilis,310.0,Nevada,2004.0,Male,25-29 years,25-29,6.0,88499.0,6.78
17424,Primary and Secondary Syphilis,310.0,Nevada,2004.0,Male,30-34 years,30-34,5.0,96706.0,5.17
17425,Primary and Secondary Syphilis,310.0,Nevada,2004.0,Male,35-39 years,35-39,1.0,93215.0,1.07
17426,Primary and Secondary Syphilis,310.0,Nevada,2004.0,Male,40+ years,40+,11.0,491312.0,2.24
17427,Primary and Secondary Syphilis,310.0,Nevada,2005.0,Male,15-19 years,15-19,7.0,82998.0,8.43
17428,Primary and Secondary Syphilis,310.0,Nevada,2005.0,Male,20-24 years,20-24,11.0,82107.0,13.4
17429,Primary and Secondary Syphilis,310.0,Nevada,2005.0,Male,25-29 years,25-29,12.0,91145.0,13.17
17430,Primary and Secondary Syphilis,310.0,Nevada,2005.0,Male,30-34 years,30-34,11.0,97508.0,11.28
17431,Primary and Secondary Syphilis,310.0,Nevada,2005.0,Male,35-39 years,35-39,11.0,96103.0,11.45
17432,Primary and Secondary Syphilis,310.0,Nevada,2005.0,Male,40+ years,40+,33.0,511993.0,6.45
17433,Primary and Secondary Syphilis,310.0,Nevada,2006.0,Male,15-19 years,15-19,3.0,81720.0,3.67
17434,Primary and Secondary Syphilis,310.0,Nevada,2006.0,Male,20-24 years,20-24,13.0,83474.0,15.57
17435,Primary and Secondary Syphilis,310.0,Nevada,2006.0,Male,25-29 years,25-29,15.0,103059.0,14.55
17436,Primary and Secondary Syphilis,310.0,Nevada,2006.0,Male,30-34 years,30-34,16.0,94509.0,16.93
17437,Primary and Secondary Syphilis,310.0,Nevada,2006.0,Male,35-39 years,35-39,21.0,99293.0,21.15
17438,Primary and Secondary Syphilis,310.0,Nevada,2006.0,Male,40+ years,40+,35.0,535461.0,6.54
17439,Primary and Secondary Syphilis,310.0,Nevada,2007.0,Male,15-19 years,15-19,2.0,84202.0,2.38
17440,Primary and Secondary Syphilis,310.0,Nevada,2007.0,Male,20-24 years,20-24,19.0,81396.0,23.34
17441,Primary and Secondary Syphilis,310.0,Nevada,2007.0,Male,25-29 years,25-29,18.0,104497.0,17.23
17442,Primary and Secondary Syphilis,310.0,Nevada,2007.0,Male,30-34 years,30-34,14.0,96711.0,14.48
17443,Primary and Secondary Syphilis,310.0,Nevada,2007.0,Male,35-39 years,35-39,14.0,102004.0,13.72
17444,Primary and Secondary Syphilis,310.0,Nevada,2007.0,Male,40+ years,40+,32.0,554220.0,5.77
17445,Primary and Secondary Syphilis,310.0,Nevada,2008.0,Male,15-19 years,15-19,2.0,85185.0,2.35
17446,Primary and Secondary Syphilis,310.0,Nevada,2008.0,Male,20-24 years,20-24,8.0,80944.0,9.88
17447,Primary and Secondary Syphilis,310.0,Nevada,2008.0,Male,25-29 years,25-29,12.0,105090.0,11.42
17448,Primary and Secondary Syphilis,310.0,Nevada,2008.0,Male,30-34 years,30-34,8.0,98636.0,8.11
17449,Primary and Secondary Syphilis,310.0,Nevada,2008.0,Male,35-39 years,35-39,10.0,101711.0,9.83
17450,Primary and Secondary Syphilis,310.0,Nevada,2008.0,Male,40+ years,40+,23.0,565075.0,4.07
17451,Primary and Secondary Syphilis,310.0,Nevada,2009.0,Male,15-19 years,15-19,4.0,89318.0,4.48
17452,Primary and Secondary Syphilis,310.0,Nevada,2009.0,Male,20-24 years,20-24,17.0,86024.0,19.76
17453,Primary and Secondary Syphilis,310.0,Nevada,2009.0,Male,25-29 years,25-29,17.0,106110.0,16.02
17454,Primary and Secondary Syphilis,310.0,Nevada,2009.0,Male,30-34 years,30-34,12.0,100108.0,11.99
17455,Primary and Secondary Syphilis,310.0,Nevada,2009.0,Male,35-39 years,35-39,4.0,99951.0,4.0
17456,Primary and Secondary Syphilis,310.0,Nevada,2009.0,Male,40+ years,40+,30.0,570552.0,5.26
17457,Primary and Secondary Syphilis,310.0,Nevada,2010.0,Male,15-19 years,15-19,5.0,94073.0,5.32
17458,Primary and Secondary Syphilis,310.0,Nevada,2010.0,Male,20-24 years,20-24,25.0,91148.0,27.43
17459,Primary and Secondary Syphilis,310.0,Nevada,2010.0,Male,25-29 years,25-29,25.0,100301.0,24.93
17460,Primary and Secondary Syphilis,310.0,Nevada,2010.0,Male,30-34 years,30-34,19.0,97802.0,19.43
17461,Primary and Secondary Syphilis,310.0,Nevada,2010.0,Male,35-39 years,35-39,15.0,97965.0,15.31
17462,Primary and Secondary Syphilis,310.0,Nevada,2010.0,Male,40+ years,40+,34.0,599110.0,5.68
17463,Primary and Secondary Syphilis,310.0,Nevada,2011.0,Male,0-14 years,0-14,1.0,282998.0,0.35
17464,Primary and Secondary Syphilis,310.0,Nevada,2011.0,Male,15-19 years,15-19,6.0,91525.0,6.56
17465,Primary and Secondary Syphilis,310.0,Nevada,2011.0,Male,20-24 years,20-24,26.0,94530.0,27.5
17466,Primary and Secondary Syphilis,310.0,Nevada,2011.0,Male,25-29 years,25-29,26.0,99953.0,26.01
17467,Primary and Secondary Syphilis,310.0,Nevada,2011.0,Male,30-34 years,30-34,18.0,99354.0,18.12
17468,Primary and Secondary Syphilis,310.0,Nevada,2011.0,Male,35-39 years,35-39,12.0,94209.0,12.74
17469,Primary and Secondary Syphilis,310.0,Nevada,2011.0,Male,40+ years,40+,40.0,611989.0,6.54
17470,Primary and Secondary Syphilis,310.0,Nevada,2012.0,Male,15-19 years,15-19,3.0,91864.0,3.27
17471,Primary and Secondary Syphilis,310.0,Nevada,2012.0,Male,20-24 years,20-24,18.0,96553.0,18.64
17472,Primary and Secondary Syphilis,310.0,Nevada,2012.0,Male,25-29 years,25-29,23.0,100762.0,22.83
17473,Primary and Secondary Syphilis,310.0,Nevada,2012.0,Male,30-34 years,30-34,15.0,100540.0,14.92
17474,Primary and Secondary Syphilis,310.0,Nevada,2012.0,Male,35-39 years,35-39,15.0,93849.0,15.98
17475,Primary and Secondary Syphilis,310.0,Nevada,2012.0,Male,40+ years,40+,35.0,625554.0,5.6
17476,Primary and Secondary Syphilis,310.0,Nevada,2013.0,Male,15-19 years,15-19,7.0,91316.0,7.67
17477,Primary and Secondary Syphilis,310.0,Nevada,2013.0,Male,20-24 years,20-24,44.0,96729.0,45.49
17478,Primary and Secondary Syphilis,310.0,Nevada,2013.0,Male,25-29 years,25-29,43.0,102072.0,42.13
17479,Primary and Secondary Syphilis,310.0,Nevada,2013.0,Male,30-34 years,30-34,22.0,101905.0,21.59
17480,Primary and Secondary Syphilis,310.0,Nevada,2013.0,Male,35-39 years,35-39,20.0,93537.0,21.38
17481,Primary and Secondary Syphilis,310.0,Nevada,2013.0,Male,40+ years,40+,55.0,638344.0,8.62
17482,Primary and Secondary Syphilis,310.0,Nevada,2014.0,Male,15-19 years,15-19,13.0,91316.0,14.24
17483,Primary and Secondary Syphilis,310.0,Nevada,2014.0,Male,20-24 years,20-24,72.0,96729.0,74.43
17484,Primary and Secondary Syphilis,310.0,Nevada,2014.0,Male,25-29 years,25-29,64.0,102072.0,62.7
17485,Primary and Secondary Syphilis,310.0,Nevada,2014.0,Male,30-34 years,30-34,54.0,101905.0,52.99
17486,Primary and Secondary Syphilis,310.0,Nevada,2014.0,Male,35-39 years,35-39,36.0,93537.0,38.49
17487,Primary and Secondary Syphilis,310.0,Nevada,2014.0,Male,40+ years,40+,95.0,638344.0,14.88
17488,Primary and Secondary Syphilis,310.0,New Hampshire,1996.0,Male,25-29 years,25-29,1.0,38919.0,2.57
17489,Primary and Secondary Syphilis,310.0,New Hampshire,1998.0,Male,30-34 years,30-34,1.0,44892.0,2.23
17490,Primary and Secondary Syphilis,310.0,New Hampshire,2000.0,Male,25-29 years,25-29,1.0,35040.0,2.85
17491,Primary and Secondary Syphilis,310.0,New Hampshire,2000.0,Male,40+ years,40+,1.0,266169.0,0.38
17492,Primary and Secondary Syphilis,310.0,New Hampshire,2001.0,Male,40+ years,40+,1.0,274641.0,0.36
17493,Primary and Secondary Syphilis,310.0,New Hampshire,2002.0,Male,25-29 years,25-29,2.0,33502.0,5.97
17494,Primary and Secondary Syphilis,310.0,New Hampshire,2002.0,Male,30-34 years,30-34,1.0,44375.0,2.25
17495,Primary and Secondary Syphilis,310.0,New Hampshire,2002.0,Male,35-39 years,35-39,2.0,52374.0,3.82
17496,Primary and Secondary Syphilis,310.0,New Hampshire,2002.0,Male,40+ years,40+,3.0,281910.0,1.06
17497,Primary and Secondary Syphilis,310.0,New Hampshire,2003.0,Male,20-24 years,20-24,2.0,41721.0,4.79
17498,Primary and Secondary Syphilis,310.0,New Hampshire,2003.0,Male,25-29 years,25-29,4.0,33261.0,12.03
17499,Primary and Secondary Syphilis,310.0,New Hampshire,2003.0,Male,30-34 years,30-34,3.0,41596.0,7.21
17500,Primary and Secondary Syphilis,310.0,New Hampshire,2003.0,Male,35-39 years,35-39,2.0,50586.0,3.95
17501,Primary and Secondary Syphilis,310.0,New Hampshire,2003.0,Male,40+ years,40+,8.0,292030.0,2.74
17502,Primary and Secondary Syphilis,310.0,New Hampshire,2004.0,Male,30-34 years,30-34,2.0,40160.0,4.98
17503,Primary and Secondary Syphilis,310.0,New Hampshire,2004.0,Male,35-39 years,35-39,2.0,49158.0,4.07
17504,Primary and Secondary Syphilis,310.0,New Hampshire,2004.0,Male,40+ years,40+,1.0,299142.0,0.33
17505,Primary and Secondary Syphilis,310.0,New Hampshire,2005.0,Male,20-24 years,20-24,1.0,43561.0,2.3
17506,Primary and Secondary Syphilis,310.0,New Hampshire,2005.0,Male,30-34 years,30-34,1.0,38277.0,2.61
17507,Primary and Secondary Syphilis,310.0,New Hampshire,2005.0,Male,35-39 years,35-39,6.0,47864.0,12.54
17508,Primary and Secondary Syphilis,310.0,New Hampshire,2005.0,Male,40+ years,40+,8.0,305485.0,2.62
17509,Primary and Secondary Syphilis,310.0,New Hampshire,2006.0,Male,25-29 years,25-29,1.0,39101.0,2.56
17510,Primary and Secondary Syphilis,310.0,New Hampshire,2006.0,Male,30-34 years,30-34,3.0,39006.0,7.69
17511,Primary and Secondary Syphilis,310.0,New Hampshire,2006.0,Male,35-39 years,35-39,3.0,47486.0,6.32
17512,Primary and Secondary Syphilis,310.0,New Hampshire,2006.0,Male,40+ years,40+,6.0,309604.0,1.94
17513,Primary and Secondary Syphilis,310.0,New Hampshire,2007.0,Male,15-19 years,15-19,1.0,47658.0,2.1
17514,Primary and Secondary Syphilis,310.0,New Hampshire,2007.0,Male,30-34 years,30-34,2.0,37539.0,5.33
17515,Primary and Secondary Syphilis,310.0,New Hampshire,2007.0,Male,35-39 years,35-39,5.0,46428.0,10.77
17516,Primary and Secondary Syphilis,310.0,New Hampshire,2007.0,Male,40+ years,40+,22.0,313779.0,7.01
17517,Primary and Secondary Syphilis,310.0,New Hampshire,2008.0,Male,15-19 years,15-19,1.0,47055.0,2.13
17518,Primary and Secondary Syphilis,310.0,New Hampshire,2008.0,Male,25-29 years,25-29,1.0,39229.0,2.55
17519,Primary and Secondary Syphilis,310.0,New Hampshire,2008.0,Male,30-34 years,30-34,1.0,36676.0,2.73
17520,Primary and Secondary Syphilis,310.0,New Hampshire,2008.0,Male,35-39 years,35-39,4.0,44881.0,8.91
17521,Primary and Secondary Syphilis,310.0,New Hampshire,2008.0,Male,40+ years,40+,13.0,317802.0,4.09
17522,Primary and Secondary Syphilis,310.0,New Hampshire,2009.0,Male,20-24 years,20-24,4.0,45309.0,8.83
17523,Primary and Secondary Syphilis,310.0,New Hampshire,2009.0,Male,25-29 years,25-29,1.0,39515.0,2.53
17524,Primary and Secondary Syphilis,310.0,New Hampshire,2009.0,Male,35-39 years,35-39,2.0,42447.0,4.71
17525,Primary and Secondary Syphilis,310.0,New Hampshire,2009.0,Male,40+ years,40+,7.0,321612.0,2.18
17526,Primary and Secondary Syphilis,310.0,New Hampshire,2010.0,Male,20-24 years,20-24,7.0,43098.0,16.24
17527,Primary and Secondary Syphilis,310.0,New Hampshire,2010.0,Male,25-29 years,25-29,2.0,36938.0,5.41
17528,Primary and Secondary Syphilis,310.0,New Hampshire,2010.0,Male,30-34 years,30-34,2.0,35301.0,5.67
17529,Primary and Secondary Syphilis,310.0,New Hampshire,2010.0,Male,35-39 years,35-39,1.0,40556.0,2.47
17530,Primary and Secondary Syphilis,310.0,New Hampshire,2010.0,Male,40+ years,40+,9.0,327009.0,2.75
17531,Primary and Secondary Syphilis,310.0,New Hampshire,2011.0,Male,20-24 years,20-24,6.0,43731.0,13.72
17532,Primary and Secondary Syphilis,310.0,New Hampshire,2011.0,Male,25-29 years,25-29,1.0,37891.0,2.64
17533,Primary and Secondary Syphilis,310.0,New Hampshire,2011.0,Male,30-34 years,30-34,2.0,36128.0,5.54
17534,Primary and Secondary Syphilis,310.0,New Hampshire,2011.0,Male,35-39 years,35-39,1.0,38006.0,2.63
17535,Primary and Secondary Syphilis,310.0,New Hampshire,2011.0,Male,40+ years,40+,7.0,332036.0,2.11
17536,Primary and Secondary Syphilis,310.0,New Hampshire,2012.0,Male,20-24 years,20-24,5.0,44016.0,11.36
17537,Primary and Secondary Syphilis,310.0,New Hampshire,2012.0,Male,25-29 years,25-29,7.0,38657.0,18.11
17538,Primary and Secondary Syphilis,310.0,New Hampshire,2012.0,Male,30-34 years,30-34,3.0,36907.0,8.13
17539,Primary and Secondary Syphilis,310.0,New Hampshire,2012.0,Male,35-39 years,35-39,2.0,36565.0,5.47
17540,Primary and Secondary Syphilis,310.0,New Hampshire,2012.0,Male,40+ years,40+,19.0,335614.0,5.66
17541,Primary and Secondary Syphilis,310.0,New Hampshire,2013.0,Male,15-19 years,15-19,1.0,46139.0,2.17
17542,Primary and Secondary Syphilis,310.0,New Hampshire,2013.0,Male,20-24 years,20-24,3.0,45047.0,6.66
17543,Primary and Secondary Syphilis,310.0,New Hampshire,2013.0,Male,25-29 years,25-29,5.0,39264.0,12.73
17544,Primary and Secondary Syphilis,310.0,New Hampshire,2013.0,Male,30-34 years,30-34,5.0,37758.0,13.24
17545,Primary and Secondary Syphilis,310.0,New Hampshire,2013.0,Male,35-39 years,35-39,2.0,35771.0,5.59
17546,Primary and Secondary Syphilis,310.0,New Hampshire,2013.0,Male,40+ years,40+,11.0,337909.0,3.26
17547,Primary and Secondary Syphilis,310.0,New Hampshire,2014.0,Male,15-19 years,15-19,1.0,46139.0,2.17
17548,Primary and Secondary Syphilis,310.0,New Hampshire,2014.0,Male,20-24 years,20-24,5.0,45047.0,11.1
17549,Primary and Secondary Syphilis,310.0,New Hampshire,2014.0,Male,25-29 years,25-29,2.0,39264.0,5.09
17550,Primary and Secondary Syphilis,310.0,New Hampshire,2014.0,Male,30-34 years,30-34,6.0,37758.0,15.89
17551,Primary and Secondary Syphilis,310.0,New Hampshire,2014.0,Male,35-39 years,35-39,2.0,35771.0,5.59
17552,Primary and Secondary Syphilis,310.0,New Hampshire,2014.0,Male,40+ years,40+,16.0,337909.0,4.74
17553,Primary and Secondary Syphilis,310.0,New Jersey,1996.0,Male,15-19 years,15-19,2.0,261599.0,0.76
17554,Primary and Secondary Syphilis,310.0,New Jersey,1996.0,Male,20-24 years,20-24,10.0,242227.0,4.13
17555,Primary and Secondary Syphilis,310.0,New Jersey,1996.0,Male,25-29 years,25-29,13.0,282318.0,4.6
17556,Primary and Secondary Syphilis,310.0,New Jersey,1996.0,Male,30-34 years,30-34,19.0,350436.0,5.42
17557,Primary and Secondary Syphilis,310.0,New Jersey,1996.0,Male,35-39 years,35-39,17.0,358164.0,4.75
17558,Primary and Secondary Syphilis,310.0,New Jersey,1996.0,Male,40+ years,40+,35.0,1582775.0,2.21
17559,Primary and Secondary Syphilis,310.0,New Jersey,1997.0,Male,15-19 years,15-19,4.0,264428.0,1.51
17560,Primary and Secondary Syphilis,310.0,New Jersey,1997.0,Male,20-24 years,20-24,12.0,241636.0,4.97
17561,Primary and Secondary Syphilis,310.0,New Jersey,1997.0,Male,25-29 years,25-29,17.0,278306.0,6.11
17562,Primary and Secondary Syphilis,310.0,New Jersey,1997.0,Male,30-34 years,30-34,18.0,344012.0,5.23
17563,Primary and Secondary Syphilis,310.0,New Jersey,1997.0,Male,35-39 years,35-39,13.0,362091.0,3.59
17564,Primary and Secondary Syphilis,310.0,New Jersey,1997.0,Male,40+ years,40+,27.0,1617950.0,1.67
17565,Primary and Secondary Syphilis,310.0,New Jersey,1998.0,Male,15-19 years,15-19,7.0,267577.0,2.62
17566,Primary and Secondary Syphilis,310.0,New Jersey,1998.0,Male,20-24 years,20-24,11.0,241812.0,4.55
17567,Primary and Secondary Syphilis,310.0,New Jersey,1998.0,Male,25-29 years,25-29,11.0,276266.0,3.98
17568,Primary and Secondary Syphilis,310.0,New Jersey,1998.0,Male,30-34 years,30-34,15.0,335211.0,4.47
17569,Primary and Secondary Syphilis,310.0,New Jersey,1998.0,Male,35-39 years,35-39,10.0,363391.0,2.75
17570,Primary and Secondary Syphilis,310.0,New Jersey,1998.0,Male,40+ years,40+,16.0,1653243.0,0.97
17571,Primary and Secondary Syphilis,310.0,New Jersey,1999.0,Male,15-19 years,15-19,2.0,269267.0,0.74
17572,Primary and Secondary Syphilis,310.0,New Jersey,1999.0,Male,20-24 years,20-24,9.0,243493.0,3.7
17573,Primary and Secondary Syphilis,310.0,New Jersey,1999.0,Male,25-29 years,25-29,2.0,274458.0,0.73
17574,Primary and Secondary Syphilis,310.0,New Jersey,1999.0,Male,30-34 years,30-34,10.0,325341.0,3.07
17575,Primary and Secondary Syphilis,310.0,New Jersey,1999.0,Male,35-39 years,35-39,3.0,362946.0,0.83
17576,Primary and Secondary Syphilis,310.0,New Jersey,1999.0,Male,40+ years,40+,10.0,1688163.0,0.59
17577,Primary and Secondary Syphilis,310.0,New Jersey,2000.0,Male,15-19 years,15-19,1.0,273583.0,0.37
17578,Primary and Secondary Syphilis,310.0,New Jersey,2000.0,Male,20-24 years,20-24,3.0,244381.0,1.23
17579,Primary and Secondary Syphilis,310.0,New Jersey,2000.0,Male,25-29 years,25-29,4.0,269655.0,1.48
17580,Primary and Secondary Syphilis,310.0,New Jersey,2000.0,Male,30-34 years,30-34,11.0,318387.0,3.45
17581,Primary and Secondary Syphilis,310.0,New Jersey,2000.0,Male,35-39 years,35-39,7.0,359431.0,1.95
17582,Primary and Secondary Syphilis,310.0,New Jersey,2000.0,Male,40+ years,40+,21.0,1723356.0,1.22
17583,Primary and Secondary Syphilis,310.0,New Jersey,2000.0,Male,Unknown,99,1.0,,
17584,Primary and Secondary Syphilis,310.0,New Jersey,2001.0,Male,15-19 years,15-19,1.0,282297.0,0.35
17585,Primary and Secondary Syphilis,310.0,New Jersey,2001.0,Male,20-24 years,20-24,10.0,244899.0,4.08
17586,Primary and Secondary Syphilis,310.0,New Jersey,2001.0,Male,25-29 years,25-29,12.0,261887.0,4.58
17587,Primary and Secondary Syphilis,310.0,New Jersey,2001.0,Male,30-34 years,30-34,18.0,315917.0,5.7
17588,Primary and Secondary Syphilis,310.0,New Jersey,2001.0,Male,35-39 years,35-39,18.0,357935.0,5.03
17589,Primary and Secondary Syphilis,310.0,New Jersey,2001.0,Male,40+ years,40+,34.0,1763427.0,1.93
17590,Primary and Secondary Syphilis,310.0,New Jersey,2002.0,Male,15-19 years,15-19,1.0,287607.0,0.35
17591,Primary and Secondary Syphilis,310.0,New Jersey,2002.0,Male,20-24 years,20-24,16.0,244649.0,6.54
17592,Primary and Secondary Syphilis,310.0,New Jersey,2002.0,Male,25-29 years,25-29,13.0,254769.0,5.1
17593,Primary and Secondary Syphilis,310.0,New Jersey,2002.0,Male,30-34 years,30-34,27.0,312626.0,8.64
17594,Primary and Secondary Syphilis,310.0,New Jersey,2002.0,Male,35-39 years,35-39,26.0,352593.0,7.37
17595,Primary and Secondary Syphilis,310.0,New Jersey,2002.0,Male,40+ years,40+,38.0,1809973.0,2.1
17596,Primary and Secondary Syphilis,310.0,New Jersey,2003.0,Male,15-19 years,15-19,6.0,293461.0,2.04
17597,Primary and Secondary Syphilis,310.0,New Jersey,2003.0,Male,20-24 years,20-24,17.0,260058.0,6.54
17598,Primary and Secondary Syphilis,310.0,New Jersey,2003.0,Male,25-29 years,25-29,16.0,255688.0,6.26
17599,Primary and Secondary Syphilis,310.0,New Jersey,2003.0,Male,30-34 years,30-34,15.0,305586.0,4.91
17600,Primary and Secondary Syphilis,310.0,New Jersey,2003.0,Male,35-39 years,35-39,22.0,343980.0,6.4
17601,Primary and Secondary Syphilis,310.0,New Jersey,2003.0,Male,40+ years,40+,45.0,1835002.0,2.45
17602,Primary and Secondary Syphilis,310.0,New Jersey,2004.0,Male,15-19 years,15-19,2.0,301084.0,0.66
17603,Primary and Secondary Syphilis,310.0,New Jersey,2004.0,Male,20-24 years,20-24,14.0,267042.0,5.24
17604,Primary and Secondary Syphilis,310.0,New Jersey,2004.0,Male,25-29 years,25-29,17.0,254862.0,6.67
17605,Primary and Secondary Syphilis,310.0,New Jersey,2004.0,Male,30-34 years,30-34,23.0,297477.0,7.73
17606,Primary and Secondary Syphilis,310.0,New Jersey,2004.0,Male,35-39 years,35-39,22.0,335439.0,6.56
17607,Primary and Secondary Syphilis,310.0,New Jersey,2004.0,Male,40+ years,40+,34.0,1863539.0,1.82
17608,Primary and Secondary Syphilis,310.0,New Jersey,2005.0,Male,15-19 years,15-19,4.0,308623.0,1.3
17609,Primary and Secondary Syphilis,310.0,New Jersey,2005.0,Male,20-24 years,20-24,21.0,272301.0,7.71
17610,Primary and Secondary Syphilis,310.0,New Jersey,2005.0,Male,25-29 years,25-29,13.0,253343.0,5.13
17611,Primary and Secondary Syphilis,310.0,New Jersey,2005.0,Male,30-34 years,30-34,22.0,286207.0,7.69
17612,Primary and Secondary Syphilis,310.0,New Jersey,2005.0,Male,35-39 years,35-39,15.0,328240.0,4.57
17613,Primary and Secondary Syphilis,310.0,New Jersey,2005.0,Male,40+ years,40+,41.0,1887477.0,2.17
17614,Primary and Secondary Syphilis,310.0,New Jersey,2006.0,Male,15-19 years,15-19,3.0,305564.0,0.98
17615,Primary and Secondary Syphilis,310.0,New Jersey,2006.0,Male,20-24 years,20-24,20.0,280459.0,7.13
17616,Primary and Secondary Syphilis,310.0,New Jersey,2006.0,Male,25-29 years,25-29,33.0,262823.0,12.56
17617,Primary and Secondary Syphilis,310.0,New Jersey,2006.0,Male,30-34 years,30-34,17.0,288107.0,5.9
17618,Primary and Secondary Syphilis,310.0,New Jersey,2006.0,Male,35-39 years,35-39,38.0,328971.0,11.55
17619,Primary and Secondary Syphilis,310.0,New Jersey,2006.0,Male,40+ years,40+,50.0,1918831.0,2.61
17620,Primary and Secondary Syphilis,310.0,New Jersey,2007.0,Male,15-19 years,15-19,5.0,305734.0,1.64
17621,Primary and Secondary Syphilis,310.0,New Jersey,2007.0,Male,20-24 years,20-24,22.0,277403.0,7.93
17622,Primary and Secondary Syphilis,310.0,New Jersey,2007.0,Male,25-29 years,25-29,36.0,264987.0,13.59
17623,Primary and Secondary Syphilis,310.0,New Jersey,2007.0,Male,30-34 years,30-34,34.0,280055.0,12.14
17624,Primary and Secondary Syphilis,310.0,New Jersey,2007.0,Male,35-39 years,35-39,42.0,321895.0,13.05
17625,Primary and Secondary Syphilis,310.0,New Jersey,2007.0,Male,40+ years,40+,72.0,1930749.0,3.73
17626,Primary and Secondary Syphilis,310.0,New Jersey,2008.0,Male,15-19 years,15-19,14.0,303978.0,4.61
17627,Primary and Secondary Syphilis,310.0,New Jersey,2008.0,Male,20-24 years,20-24,32.0,276388.0,11.58
17628,Primary and Secondary Syphilis,310.0,New Jersey,2008.0,Male,25-29 years,25-29,39.0,269372.0,14.48
17629,Primary and Secondary Syphilis,310.0,New Jersey,2008.0,Male,30-34 years,30-34,27.0,275989.0,9.78
17630,Primary and Secondary Syphilis,310.0,New Jersey,2008.0,Male,35-39 years,35-39,33.0,313818.0,10.52
17631,Primary and Secondary Syphilis,310.0,New Jersey,2008.0,Male,40+ years,40+,60.0,1948178.0,3.08
17632,Primary and Secondary Syphilis,310.0,New Jersey,2009.0,Male,15-19 years,15-19,5.0,298109.0,1.68
17633,Primary and Secondary Syphilis,310.0,New Jersey,2009.0,Male,20-24 years,20-24,24.0,271983.0,8.82
17634,Primary and Secondary Syphilis,310.0,New Jersey,2009.0,Male,25-29 years,25-29,40.0,286769.0,13.95
17635,Primary and Secondary Syphilis,310.0,New Jersey,2009.0,Male,30-34 years,30-34,28.0,283292.0,9.88
17636,Primary and Secondary Syphilis,310.0,New Jersey,2009.0,Male,35-39 years,35-39,22.0,300902.0,7.31
17637,Primary and Secondary Syphilis,310.0,New Jersey,2009.0,Male,40+ years,40+,67.0,1962349.0,3.41
17638,Primary and Secondary Syphilis,310.0,New Jersey,2010.0,Male,15-19 years,15-19,9.0,309344.0,2.91
17639,Primary and Secondary Syphilis,310.0,New Jersey,2010.0,Male,20-24 years,20-24,39.0,279430.0,13.96
17640,Primary and Secondary Syphilis,310.0,New Jersey,2010.0,Male,25-29 years,25-29,45.0,277775.0,16.2
17641,Primary and Secondary Syphilis,310.0,New Jersey,2010.0,Male,30-34 years,30-34,26.0,275366.0,9.44
17642,Primary and Secondary Syphilis,310.0,New Jersey,2010.0,Male,35-39 years,35-39,25.0,289398.0,8.64
17643,Primary and Secondary Syphilis,310.0,New Jersey,2010.0,Male,40+ years,40+,84.0,1983081.0,4.24
17644,Primary and Secondary Syphilis,310.0,New Jersey,2011.0,Male,15-19 years,15-19,10.0,305437.0,3.27
17645,Primary and Secondary Syphilis,310.0,New Jersey,2011.0,Male,20-24 years,20-24,34.0,282734.0,12.03
17646,Primary and Secondary Syphilis,310.0,New Jersey,2011.0,Male,25-29 years,25-29,43.0,282229.0,15.24
17647,Primary and Secondary Syphilis,310.0,New Jersey,2011.0,Male,30-34 years,30-34,23.0,280355.0,8.2
17648,Primary and Secondary Syphilis,310.0,New Jersey,2011.0,Male,35-39 years,35-39,26.0,280292.0,9.28
17649,Primary and Secondary Syphilis,310.0,New Jersey,2011.0,Male,40+ years,40+,83.0,2011063.0,4.13
17650,Primary and Secondary Syphilis,310.0,New Jersey,2012.0,Male,15-19 years,15-19,5.0,303503.0,1.65
17651,Primary and Secondary Syphilis,310.0,New Jersey,2012.0,Male,20-24 years,20-24,32.0,287345.0,11.14
17652,Primary and Secondary Syphilis,310.0,New Jersey,2012.0,Male,25-29 years,25-29,25.0,285420.0,8.76
17653,Primary and Secondary Syphilis,310.0,New Jersey,2012.0,Male,30-34 years,30-34,32.0,284221.0,11.26
17654,Primary and Secondary Syphilis,310.0,New Jersey,2012.0,Male,35-39 years,35-39,33.0,278267.0,11.86
17655,Primary and Secondary Syphilis,310.0,New Jersey,2012.0,Male,40+ years,40+,72.0,2033089.0,3.54
17656,Primary and Secondary Syphilis,310.0,New Jersey,2012.0,Male,Unknown,99,11.0,,
17657,Primary and Secondary Syphilis,310.0,New Jersey,2013.0,Male,0-14 years,0-14,1.0,851654.0,0.12
17658,Primary and Secondary Syphilis,310.0,New Jersey,2013.0,Male,15-19 years,15-19,6.0,298956.0,2.01
17659,Primary and Secondary Syphilis,310.0,New Jersey,2013.0,Male,20-24 years,20-24,32.0,292001.0,10.96
17660,Primary and Secondary Syphilis,310.0,New Jersey,2013.0,Male,25-29 years,25-29,41.0,287957.0,14.24
17661,Primary and Secondary Syphilis,310.0,New Jersey,2013.0,Male,30-34 years,30-34,35.0,286864.0,12.2
17662,Primary and Secondary Syphilis,310.0,New Jersey,2013.0,Male,35-39 years,35-39,28.0,278509.0,10.05
17663,Primary and Secondary Syphilis,310.0,New Jersey,2013.0,Male,40+ years,40+,77.0,2048024.0,3.76
17664,Primary and Secondary Syphilis,310.0,New Jersey,2014.0,Male,15-19 years,15-19,1.0,298956.0,0.33
17665,Primary and Secondary Syphilis,310.0,New Jersey,2014.0,Male,20-24 years,20-24,61.0,292001.0,20.89
17666,Primary and Secondary Syphilis,310.0,New Jersey,2014.0,Male,25-29 years,25-29,52.0,287957.0,18.06
17667,Primary and Secondary Syphilis,310.0,New Jersey,2014.0,Male,30-34 years,30-34,37.0,286864.0,12.9
17668,Primary and Secondary Syphilis,310.0,New Jersey,2014.0,Male,35-39 years,35-39,31.0,278509.0,11.13
17669,Primary and Secondary Syphilis,310.0,New Jersey,2014.0,Male,40+ years,40+,99.0,2048024.0,4.83
17670,Primary and Secondary Syphilis,310.0,New Mexico,1996.0,Male,40+ years,40+,1.0,321257.0,0.31
17671,Primary and Secondary Syphilis,310.0,New Mexico,1997.0,Male,15-19 years,15-19,2.0,73101.0,2.74
17672,Primary and Secondary Syphilis,310.0,New Mexico,1997.0,Male,20-24 years,20-24,1.0,59985.0,1.67
17673,Primary and Secondary Syphilis,310.0,New Mexico,1997.0,Male,30-34 years,30-34,1.0,64695.0,1.55
17674,Primary and Secondary Syphilis,310.0,New Mexico,1997.0,Male,35-39 years,35-39,1.0,72197.0,1.39
17675,Primary and Secondary Syphilis,310.0,New Mexico,1998.0,Male,20-24 years,20-24,1.0,60279.0,1.66
17676,Primary and Secondary Syphilis,310.0,New Mexico,1998.0,Male,30-34 years,30-34,2.0,62063.0,3.22
17677,Primary and Secondary Syphilis,310.0,New Mexico,1998.0,Male,35-39 years,35-39,3.0,71882.0,4.17
17678,Primary and Secondary Syphilis,310.0,New Mexico,1998.0,Male,40+ years,40+,2.0,341921.0,0.58
17679,Primary and Secondary Syphilis,310.0,New Mexico,1999.0,Male,20-24 years,20-24,2.0,60797.0,3.29
17680,Primary and Secondary Syphilis,310.0,New Mexico,1999.0,Male,30-34 years,30-34,3.0,59891.0,5.01
17681,Primary and Secondary Syphilis,310.0,New Mexico,1999.0,Male,35-39 years,35-39,1.0,70875.0,1.41
17682,Primary and Secondary Syphilis,310.0,New Mexico,1999.0,Male,40+ years,40+,3.0,351254.0,0.85
17683,Primary and Secondary Syphilis,310.0,New Mexico,2000.0,Male,20-24 years,20-24,1.0,62192.0,1.61
17684,Primary and Secondary Syphilis,310.0,New Mexico,2000.0,Male,25-29 years,25-29,1.0,57547.0,1.74
17685,Primary and Secondary Syphilis,310.0,New Mexico,2000.0,Male,30-34 years,30-34,1.0,59416.0,1.68
17686,Primary and Secondary Syphilis,310.0,New Mexico,2000.0,Male,35-39 years,35-39,2.0,69082.0,2.9
17687,Primary and Secondary Syphilis,310.0,New Mexico,2000.0,Male,40+ years,40+,6.0,362242.0,1.66
17688,Primary and Secondary Syphilis,310.0,New Mexico,2001.0,Male,20-24 years,20-24,1.0,64175.0,1.56
17689,Primary and Secondary Syphilis,310.0,New Mexico,2001.0,Male,25-29 years,25-29,1.0,56312.0,1.78
17690,Primary and Secondary Syphilis,310.0,New Mexico,2001.0,Male,30-34 years,30-34,2.0,59066.0,3.39
17691,Primary and Secondary Syphilis,310.0,New Mexico,2001.0,Male,35-39 years,35-39,3.0,66391.0,4.52
17692,Primary and Secondary Syphilis,310.0,New Mexico,2001.0,Male,40+ years,40+,6.0,368986.0,1.63
17693,Primary and Secondary Syphilis,310.0,New Mexico,2002.0,Male,15-19 years,15-19,1.0,76356.0,1.31
17694,Primary and Secondary Syphilis,310.0,New Mexico,2002.0,Male,20-24 years,20-24,6.0,67182.0,8.93
17695,Primary and Secondary Syphilis,310.0,New Mexico,2002.0,Male,25-29 years,25-29,3.0,56796.0,5.28
17696,Primary and Secondary Syphilis,310.0,New Mexico,2002.0,Male,30-34 years,30-34,2.0,59596.0,3.36
17697,Primary and Secondary Syphilis,310.0,New Mexico,2002.0,Male,35-39 years,35-39,3.0,64222.0,4.67
17698,Primary and Secondary Syphilis,310.0,New Mexico,2002.0,Male,40+ years,40+,12.0,379010.0,3.17
17699,Primary and Secondary Syphilis,310.0,New Mexico,2003.0,Male,15-19 years,15-19,2.0,76312.0,2.62
17700,Primary and Secondary Syphilis,310.0,New Mexico,2003.0,Male,20-24 years,20-24,6.0,71113.0,8.44
17701,Primary and Secondary Syphilis,310.0,New Mexico,2003.0,Male,25-29 years,25-29,6.0,57569.0,10.42
17702,Primary and Secondary Syphilis,310.0,New Mexico,2003.0,Male,30-34 years,30-34,11.0,58340.0,18.86
17703,Primary and Secondary Syphilis,310.0,New Mexico,2003.0,Male,35-39 years,35-39,6.0,60898.0,9.85
17704,Primary and Secondary Syphilis,310.0,New Mexico,2003.0,Male,40+ years,40+,17.0,388496.0,4.38
17705,Primary and Secondary Syphilis,310.0,New Mexico,2004.0,Male,15-19 years,15-19,2.0,75993.0,2.63
17706,Primary and Secondary Syphilis,310.0,New Mexico,2004.0,Male,20-24 years,20-24,7.0,74964.0,9.34
17707,Primary and Secondary Syphilis,310.0,New Mexico,2004.0,Male,25-29 years,25-29,5.0,59849.0,8.35
17708,Primary and Secondary Syphilis,310.0,New Mexico,2004.0,Male,30-34 years,30-34,6.0,58689.0,10.22
17709,Primary and Secondary Syphilis,310.0,New Mexico,2004.0,Male,35-39 years,35-39,9.0,60166.0,14.96
17710,Primary and Secondary Syphilis,310.0,New Mexico,2004.0,Male,40+ years,40+,17.0,401129.0,4.24
17711,Primary and Secondary Syphilis,310.0,New Mexico,2005.0,Male,15-19 years,15-19,1.0,76092.0,1.31
17712,Primary and Secondary Syphilis,310.0,New Mexico,2005.0,Male,20-24 years,20-24,9.0,76822.0,11.72
17713,Primary and Secondary Syphilis,310.0,New Mexico,2005.0,Male,25-29 years,25-29,5.0,62255.0,8.03
17714,Primary and Secondary Syphilis,310.0,New Mexico,2005.0,Male,30-34 years,30-34,4.0,57875.0,6.91
17715,Primary and Secondary Syphilis,310.0,New Mexico,2005.0,Male,35-39 years,35-39,5.0,59811.0,8.36
17716,Primary and Secondary Syphilis,310.0,New Mexico,2005.0,Male,40+ years,40+,16.0,412019.0,3.88
17717,Primary and Secondary Syphilis,310.0,New Mexico,2006.0,Male,20-24 years,20-24,9.0,75859.0,11.86
17718,Primary and Secondary Syphilis,310.0,New Mexico,2006.0,Male,25-29 years,25-29,11.0,69712.0,15.78
17719,Primary and Secondary Syphilis,310.0,New Mexico,2006.0,Male,30-34 years,30-34,6.0,60780.0,9.87
17720,Primary and Secondary Syphilis,310.0,New Mexico,2006.0,Male,35-39 years,35-39,8.0,61105.0,13.09
17721,Primary and Secondary Syphilis,310.0,New Mexico,2006.0,Male,40+ years,40+,23.0,408355.0,5.63
17722,Primary and Secondary Syphilis,310.0,New Mexico,2007.0,Male,15-19 years,15-19,1.0,74350.0,1.34
17723,Primary and Secondary Syphilis,310.0,New Mexico,2007.0,Male,20-24 years,20-24,3.0,76016.0,3.95
17724,Primary and Secondary Syphilis,310.0,New Mexico,2007.0,Male,25-29 years,25-29,3.0,72662.0,4.13
17725,Primary and Secondary Syphilis,310.0,New Mexico,2007.0,Male,30-34 years,30-34,4.0,62066.0,6.44
17726,Primary and Secondary Syphilis,310.0,New Mexico,2007.0,Male,35-39 years,35-39,4.0,61507.0,6.5
17727,Primary and Secondary Syphilis,310.0,New Mexico,2007.0,Male,40+ years,40+,16.0,415375.0,3.85
17728,Primary and Secondary Syphilis,310.0,New Mexico,2008.0,Male,15-19 years,15-19,1.0,73607.0,1.36
17729,Primary and Secondary Syphilis,310.0,New Mexico,2008.0,Male,20-24 years,20-24,6.0,74093.0,8.1
17730,Primary and Secondary Syphilis,310.0,New Mexico,2008.0,Male,25-29 years,25-29,5.0,74149.0,6.74
17731,Primary and Secondary Syphilis,310.0,New Mexico,2008.0,Male,30-34 years,30-34,10.0,63003.0,15.87
17732,Primary and Secondary Syphilis,310.0,New Mexico,2008.0,Male,35-39 years,35-39,6.0,61181.0,9.81
17733,Primary and Secondary Syphilis,310.0,New Mexico,2008.0,Male,40+ years,40+,10.0,420267.0,2.38
17734,Primary and Secondary Syphilis,310.0,New Mexico,2009.0,Male,15-19 years,15-19,3.0,73205.0,4.1
17735,Primary and Secondary Syphilis,310.0,New Mexico,2009.0,Male,20-24 years,20-24,13.0,74336.0,17.49
17736,Primary and Secondary Syphilis,310.0,New Mexico,2009.0,Male,25-29 years,25-29,9.0,77934.0,11.55
17737,Primary and Secondary Syphilis,310.0,New Mexico,2009.0,Male,30-34 years,30-34,12.0,66028.0,18.17
17738,Primary and Secondary Syphilis,310.0,New Mexico,2009.0,Male,35-39 years,35-39,3.0,61870.0,4.85
17739,Primary and Secondary Syphilis,310.0,New Mexico,2009.0,Male,40+ years,40+,15.0,424502.0,3.53
17740,Primary and Secondary Syphilis,310.0,New Mexico,2010.0,Male,15-19 years,15-19,2.0,76792.0,2.6
17741,Primary and Secondary Syphilis,310.0,New Mexico,2010.0,Male,20-24 years,20-24,17.0,72974.0,23.3
17742,Primary and Secondary Syphilis,310.0,New Mexico,2010.0,Male,25-29 years,25-29,9.0,71419.0,12.6
17743,Primary and Secondary Syphilis,310.0,New Mexico,2010.0,Male,30-34 years,30-34,6.0,64586.0,9.29
17744,Primary and Secondary Syphilis,310.0,New Mexico,2010.0,Male,35-39 years,35-39,5.0,61392.0,8.14
17745,Primary and Secondary Syphilis,310.0,New Mexico,2010.0,Male,40+ years,40+,11.0,451423.0,2.44
17746,Primary and Secondary Syphilis,310.0,New Mexico,2011.0,Male,15-19 years,15-19,6.0,74722.0,8.03
17747,Primary and Secondary Syphilis,310.0,New Mexico,2011.0,Male,20-24 years,20-24,13.0,76018.0,17.1
17748,Primary and Secondary Syphilis,310.0,New Mexico,2011.0,Male,25-29 years,25-29,16.0,73235.0,21.85
17749,Primary and Secondary Syphilis,310.0,New Mexico,2011.0,Male,30-34 years,30-34,8.0,66863.0,11.96
17750,Primary and Secondary Syphilis,310.0,New Mexico,2011.0,Male,35-39 years,35-39,7.0,60462.0,11.58
17751,Primary and Secondary Syphilis,310.0,New Mexico,2011.0,Male,40+ years,40+,19.0,458352.0,4.15
17752,Primary and Secondary Syphilis,310.0,New Mexico,2012.0,Male,15-19 years,15-19,7.0,72966.0,9.59
17753,Primary and Secondary Syphilis,310.0,New Mexico,2012.0,Male,20-24 years,20-24,27.0,77505.0,34.84
17754,Primary and Secondary Syphilis,310.0,New Mexico,2012.0,Male,25-29 years,25-29,23.0,73650.0,31.23
17755,Primary and Secondary Syphilis,310.0,New Mexico,2012.0,Male,30-34 years,30-34,14.0,68362.0,20.48
17756,Primary and Secondary Syphilis,310.0,New Mexico,2012.0,Male,35-39 years,35-39,7.0,60357.0,11.6
17757,Primary and Secondary Syphilis,310.0,New Mexico,2012.0,Male,40+ years,40+,14.0,460756.0,3.04
17758,Primary and Secondary Syphilis,310.0,New Mexico,2013.0,Male,15-19 years,15-19,7.0,71966.0,9.73
17759,Primary and Secondary Syphilis,310.0,New Mexico,2013.0,Male,20-24 years,20-24,12.0,79698.0,15.06
17760,Primary and Secondary Syphilis,310.0,New Mexico,2013.0,Male,25-29 years,25-29,10.0,73045.0,13.69
17761,Primary and Secondary Syphilis,310.0,New Mexico,2013.0,Male,30-34 years,30-34,5.0,70263.0,7.12
17762,Primary and Secondary Syphilis,310.0,New Mexico,2013.0,Male,35-39 years,35-39,3.0,60978.0,4.92
17763,Primary and Secondary Syphilis,310.0,New Mexico,2013.0,Male,40+ years,40+,21.0,461525.0,4.55
17764,Primary and Secondary Syphilis,310.0,New Mexico,2014.0,Male,15-19 years,15-19,7.0,71966.0,9.73
17765,Primary and Secondary Syphilis,310.0,New Mexico,2014.0,Male,20-24 years,20-24,23.0,79698.0,28.86
17766,Primary and Secondary Syphilis,310.0,New Mexico,2014.0,Male,25-29 years,25-29,22.0,73045.0,30.12
17767,Primary and Secondary Syphilis,310.0,New Mexico,2014.0,Male,30-34 years,30-34,14.0,70263.0,19.93
17768,Primary and Secondary Syphilis,310.0,New Mexico,2014.0,Male,35-39 years,35-39,13.0,60978.0,21.32
17769,Primary and Secondary Syphilis,310.0,New Mexico,2014.0,Male,40+ years,40+,33.0,461525.0,7.15
17770,Primary and Secondary Syphilis,310.0,New York,1996.0,Male,15-19 years,15-19,5.0,631162.0,0.79
17771,Primary and Secondary Syphilis,310.0,New York,1996.0,Male,20-24 years,20-24,9.0,601214.0,1.5
17772,Primary and Secondary Syphilis,310.0,New York,1996.0,Male,25-29 years,25-29,22.0,700706.0,3.14
17773,Primary and Secondary Syphilis,310.0,New York,1996.0,Male,30-34 years,30-34,25.0,770215.0,3.25
17774,Primary and Secondary Syphilis,310.0,New York,1996.0,Male,35-39 years,35-39,22.0,770301.0,2.86
17775,Primary and Secondary Syphilis,310.0,New York,1996.0,Male,40+ years,40+,39.0,3467518.0,1.12
17776,Primary and Secondary Syphilis,310.0,New York,1997.0,Male,15-19 years,15-19,1.0,639128.0,0.16
17777,Primary and Secondary Syphilis,310.0,New York,1997.0,Male,20-24 years,20-24,7.0,598405.0,1.17
17778,Primary and Secondary Syphilis,310.0,New York,1997.0,Male,25-29 years,25-29,14.0,689732.0,2.03
17779,Primary and Secondary Syphilis,310.0,New York,1997.0,Male,30-34 years,30-34,15.0,752731.0,1.99
17780,Primary and Secondary Syphilis,310.0,New York,1997.0,Male,35-39 years,35-39,16.0,774687.0,2.07
17781,Primary and Secondary Syphilis,310.0,New York,1997.0,Male,40+ years,40+,29.0,3526508.0,0.82
17782,Primary and Secondary Syphilis,310.0,New York,1998.0,Male,15-19 years,15-19,1.0,648398.0,0.15
17783,Primary and Secondary Syphilis,310.0,New York,1998.0,Male,20-24 years,20-24,7.0,606078.0,1.15
17784,Primary and Secondary Syphilis,310.0,New York,1998.0,Male,25-29 years,25-29,16.0,676009.0,2.37
17785,Primary and Secondary Syphilis,310.0,New York,1998.0,Male,30-34 years,30-34,19.0,736378.0,2.58
17786,Primary and Secondary Syphilis,310.0,New York,1998.0,Male,35-39 years,35-39,15.0,778296.0,1.93
17787,Primary and Secondary Syphilis,310.0,New York,1998.0,Male,40+ years,40+,33.0,3607093.0,0.91
17788,Primary and Secondary Syphilis,310.0,New York,1999.0,Male,15-19 years,15-19,8.0,655454.0,1.22
17789,Primary and Secondary Syphilis,310.0,New York,1999.0,Male,20-24 years,20-24,8.0,616619.0,1.3
17790,Primary and Secondary Syphilis,310.0,New York,1999.0,Male,25-29 years,25-29,21.0,655814.0,3.2
17791,Primary and Secondary Syphilis,310.0,New York,1999.0,Male,30-34 years,30-34,28.0,722719.0,3.87
17792,Primary and Secondary Syphilis,310.0,New York,1999.0,Male,35-39 years,35-39,19.0,776315.0,2.45
17793,Primary and Secondary Syphilis,310.0,New York,1999.0,Male,40+ years,40+,32.0,3676060.0,0.87
17794,Primary and Secondary Syphilis,310.0,New York,2000.0,Male,0-14 years,0-14,1.0,1974830.0,0.05
17795,Primary and Secondary Syphilis,310.0,New York,2000.0,Male,15-19 years,15-19,4.0,658218.0,0.61
17796,Primary and Secondary Syphilis,310.0,New York,2000.0,Male,20-24 years,20-24,13.0,630265.0,2.06
17797,Primary and Secondary Syphilis,310.0,New York,2000.0,Male,25-29 years,25-29,13.0,639011.0,2.03
17798,Primary and Secondary Syphilis,310.0,New York,2000.0,Male,30-34 years,30-34,30.0,719759.0,4.17
17799,Primary and Secondary Syphilis,310.0,New York,2000.0,Male,35-39 years,35-39,25.0,772897.0,3.23
17800,Primary and Secondary Syphilis,310.0,New York,2000.0,Male,40+ years,40+,34.0,3762654.0,0.9
17801,Primary and Secondary Syphilis,310.0,New York,2001.0,Male,15-19 years,15-19,9.0,655365.0,1.37
17802,Primary and Secondary Syphilis,310.0,New York,2001.0,Male,20-24 years,20-24,27.0,643795.0,4.19
17803,Primary and Secondary Syphilis,310.0,New York,2001.0,Male,25-29 years,25-29,46.0,625133.0,7.36
17804,Primary and Secondary Syphilis,310.0,New York,2001.0,Male,30-34 years,30-34,61.0,714660.0,8.54
17805,Primary and Secondary Syphilis,310.0,New York,2001.0,Male,35-39 years,35-39,74.0,764194.0,9.68
17806,Primary and Secondary Syphilis,310.0,New York,2001.0,Male,40+ years,40+,62.0,3824725.0,1.62
17807,Primary and Secondary Syphilis,310.0,New York,2002.0,Male,15-19 years,15-19,12.0,655532.0,1.83
17808,Primary and Secondary Syphilis,310.0,New York,2002.0,Male,20-24 years,20-24,33.0,661308.0,4.99
17809,Primary and Secondary Syphilis,310.0,New York,2002.0,Male,25-29 years,25-29,67.0,624111.0,10.74
17810,Primary and Secondary Syphilis,310.0,New York,2002.0,Male,30-34 years,30-34,100.0,709868.0,14.09
17811,Primary and Secondary Syphilis,310.0,New York,2002.0,Male,35-39 years,35-39,101.0,752262.0,13.43
17812,Primary and Secondary Syphilis,310.0,New York,2002.0,Male,40+ years,40+,138.0,3880842.0,3.56
17813,Primary and Secondary Syphilis,310.0,New York,2002.0,Male,Unknown,99,1.0,,
17814,Primary and Secondary Syphilis,310.0,New York,2003.0,Male,0-14 years,0-14,1.0,1926481.0,0.05
17815,Primary and Secondary Syphilis,310.0,New York,2003.0,Male,15-19 years,15-19,16.0,655465.0,2.44
17816,Primary and Secondary Syphilis,310.0,New York,2003.0,Male,20-24 years,20-24,48.0,671255.0,7.15
17817,Primary and Secondary Syphilis,310.0,New York,2003.0,Male,25-29 years,25-29,78.0,629577.0,12.39
17818,Primary and Secondary Syphilis,310.0,New York,2003.0,Male,30-34 years,30-34,99.0,690283.0,14.34
17819,Primary and Secondary Syphilis,310.0,New York,2003.0,Male,35-39 years,35-39,128.0,734446.0,17.43
17820,Primary and Secondary Syphilis,310.0,New York,2003.0,Male,40+ years,40+,188.0,3968918.0,4.74
17821,Primary and Secondary Syphilis,310.0,New York,2004.0,Male,15-19 years,15-19,19.0,664360.0,2.86
17822,Primary and Secondary Syphilis,310.0,New York,2004.0,Male,20-24 years,20-24,70.0,670501.0,10.44
17823,Primary and Secondary Syphilis,310.0,New York,2004.0,Male,25-29 years,25-29,96.0,636938.0,15.07
17824,Primary and Secondary Syphilis,310.0,New York,2004.0,Male,30-34 years,30-34,130.0,668332.0,19.45
17825,Primary and Secondary Syphilis,310.0,New York,2004.0,Male,35-39 years,35-39,149.0,714323.0,20.86
17826,Primary and Secondary Syphilis,310.0,New York,2004.0,Male,40+ years,40+,231.0,4011645.0,5.76
17827,Primary and Secondary Syphilis,310.0,New York,2005.0,Male,15-19 years,15-19,26.0,675057.0,3.85
17828,Primary and Secondary Syphilis,310.0,New York,2005.0,Male,20-24 years,20-24,75.0,667871.0,11.23
17829,Primary and Secondary Syphilis,310.0,New York,2005.0,Male,25-29 years,25-29,83.0,649403.0,12.78
17830,Primary and Secondary Syphilis,310.0,New York,2005.0,Male,30-34 years,30-34,121.0,644682.0,18.77
17831,Primary and Secondary Syphilis,310.0,New York,2005.0,Male,35-39 years,35-39,151.0,703907.0,21.45
17832,Primary and Secondary Syphilis,310.0,New York,2005.0,Male,40+ years,40+,221.0,4071924.0,5.43
17833,Primary and Secondary Syphilis,310.0,New York,2006.0,Male,15-19 years,15-19,20.0,707373.0,2.83
17834,Primary and Secondary Syphilis,310.0,New York,2006.0,Male,20-24 years,20-24,77.0,690803.0,11.15
17835,Primary and Secondary Syphilis,310.0,New York,2006.0,Male,25-29 years,25-29,127.0,630719.0,20.14
17836,Primary and Secondary Syphilis,310.0,New York,2006.0,Male,30-34 years,30-34,114.0,627122.0,18.18
17837,Primary and Secondary Syphilis,310.0,New York,2006.0,Male,35-39 years,35-39,157.0,691684.0,22.7
17838,Primary and Secondary Syphilis,310.0,New York,2006.0,Male,40+ years,40+,212.0,4115461.0,5.15
17839,Primary and Secondary Syphilis,310.0,New York,2007.0,Male,15-19 years,15-19,41.0,713045.0,5.75
17840,Primary and Secondary Syphilis,310.0,New York,2007.0,Male,20-24 years,20-24,121.0,701347.0,17.25
17841,Primary and Secondary Syphilis,310.0,New York,2007.0,Male,25-29 years,25-29,163.0,639170.0,25.5
17842,Primary and Secondary Syphilis,310.0,New York,2007.0,Male,30-34 years,30-34,177.0,622951.0,28.41
17843,Primary and Secondary Syphilis,310.0,New York,2007.0,Male,35-39 years,35-39,195.0,681063.0,28.63
17844,Primary and Secondary Syphilis,310.0,New York,2007.0,Male,40+ years,40+,339.0,4163647.0,8.14
17845,Primary and Secondary Syphilis,310.0,New York,2008.0,Male,0-14 years,0-14,1.0,1842879.0,0.05
17846,Primary and Secondary Syphilis,310.0,New York,2008.0,Male,15-19 years,15-19,63.0,716555.0,8.79
17847,Primary and Secondary Syphilis,310.0,New York,2008.0,Male,20-24 years,20-24,159.0,702779.0,22.62
17848,Primary and Secondary Syphilis,310.0,New York,2008.0,Male,25-29 years,25-29,178.0,657760.0,27.06
17849,Primary and Secondary Syphilis,310.0,New York,2008.0,Male,30-34 years,30-34,161.0,625588.0,25.74
17850,Primary and Secondary Syphilis,310.0,New York,2008.0,Male,35-39 years,35-39,212.0,668728.0,31.7
17851,Primary and Secondary Syphilis,310.0,New York,2008.0,Male,40+ years,40+,391.0,4247774.0,9.2
17852,Primary and Secondary Syphilis,310.0,New York,2009.0,Male,15-19 years,15-19,58.0,698165.0,8.31
17853,Primary and Secondary Syphilis,310.0,New York,2009.0,Male,20-24 years,20-24,186.0,679531.0,27.37
17854,Primary and Secondary Syphilis,310.0,New York,2009.0,Male,25-29 years,25-29,179.0,687176.0,26.05
17855,Primary and Secondary Syphilis,310.0,New York,2009.0,Male,30-34 years,30-34,165.0,644614.0,25.6
17856,Primary and Secondary Syphilis,310.0,New York,2009.0,Male,35-39 years,35-39,168.0,643602.0,26.1
17857,Primary and Secondary Syphilis,310.0,New York,2009.0,Male,40+ years,40+,371.0,4289625.0,8.65
17858,Primary and Secondary Syphilis,310.0,New York,2010.0,Male,15-19 years,15-19,37.0,699548.0,5.29
17859,Primary and Secondary Syphilis,310.0,New York,2010.0,Male,20-24 years,20-24,176.0,712002.0,24.72
17860,Primary and Secondary Syphilis,310.0,New York,2010.0,Male,25-29 years,25-29,186.0,680203.0,27.34
17861,Primary and Secondary Syphilis,310.0,New York,2010.0,Male,30-34 years,30-34,127.0,629759.0,20.17
17862,Primary and Secondary Syphilis,310.0,New York,2010.0,Male,35-39 years,35-39,147.0,613775.0,23.95
17863,Primary and Secondary Syphilis,310.0,New York,2010.0,Male,40+ years,40+,378.0,4237376.0,8.92
17864,Primary and Secondary Syphilis,310.0,New York,2011.0,Male,15-19 years,15-19,37.0,677542.0,5.46
17865,Primary and Secondary Syphilis,310.0,New York,2011.0,Male,20-24 years,20-24,185.0,724065.0,25.55
17866,Primary and Secondary Syphilis,310.0,New York,2011.0,Male,25-29 years,25-29,195.0,696240.0,28.01
17867,Primary and Secondary Syphilis,310.0,New York,2011.0,Male,30-34 years,30-34,171.0,646373.0,26.46
17868,Primary and Secondary Syphilis,310.0,New York,2011.0,Male,35-39 years,35-39,119.0,596031.0,19.97
17869,Primary and Secondary Syphilis,310.0,New York,2011.0,Male,40+ years,40+,338.0,4294856.0,7.87
17870,Primary and Secondary Syphilis,310.0,New York,2012.0,Male,15-19 years,15-19,51.0,667161.0,7.64
17871,Primary and Secondary Syphilis,310.0,New York,2012.0,Male,20-24 years,20-24,205.0,731544.0,28.02
17872,Primary and Secondary Syphilis,310.0,New York,2012.0,Male,25-29 years,25-29,225.0,707447.0,31.8
17873,Primary and Secondary Syphilis,310.0,New York,2012.0,Male,30-34 years,30-34,194.0,658803.0,29.45
17874,Primary and Secondary Syphilis,310.0,New York,2012.0,Male,35-39 years,35-39,144.0,595048.0,24.2
17875,Primary and Secondary Syphilis,310.0,New York,2012.0,Male,40+ years,40+,356.0,4335191.0,8.21
17876,Primary and Secondary Syphilis,310.0,New York,2013.0,Male,0-14 years,0-14,1.0,1790801.0,0.06
17877,Primary and Secondary Syphilis,310.0,New York,2013.0,Male,15-19 years,15-19,45.0,651942.0,6.9
17878,Primary and Secondary Syphilis,310.0,New York,2013.0,Male,20-24 years,20-24,226.0,727273.0,31.07
17879,Primary and Secondary Syphilis,310.0,New York,2013.0,Male,25-29 years,25-29,287.0,721591.0,39.77
17880,Primary and Secondary Syphilis,310.0,New York,2013.0,Male,30-34 years,30-34,235.0,671410.0,35.0
17881,Primary and Secondary Syphilis,310.0,New York,2013.0,Male,35-39 years,35-39,173.0,602638.0,28.71
17882,Primary and Secondary Syphilis,310.0,New York,2013.0,Male,40+ years,40+,440.0,4370538.0,10.07
17883,Primary and Secondary Syphilis,310.0,New York,2013.0,Male,Unknown,99,1.0,,
17884,Primary and Secondary Syphilis,310.0,New York,2014.0,Male,0-14 years,0-14,1.0,1790801.0,0.06
17885,Primary and Secondary Syphilis,310.0,New York,2014.0,Male,15-19 years,15-19,60.0,651942.0,9.2
17886,Primary and Secondary Syphilis,310.0,New York,2014.0,Male,20-24 years,20-24,269.0,727273.0,36.99
17887,Primary and Secondary Syphilis,310.0,New York,2014.0,Male,25-29 years,25-29,335.0,721591.0,46.43
17888,Primary and Secondary Syphilis,310.0,New York,2014.0,Male,30-34 years,30-34,286.0,671410.0,42.6
17889,Primary and Secondary Syphilis,310.0,New York,2014.0,Male,35-39 years,35-39,228.0,602638.0,37.83
17890,Primary and Secondary Syphilis,310.0,New York,2014.0,Male,40+ years,40+,496.0,4370538.0,11.35
17891,Primary and Secondary Syphilis,310.0,North Carolina,1996.0,Male,15-19 years,15-19,35.0,258155.0,13.56
17892,Primary and Secondary Syphilis,310.0,North Carolina,1996.0,Male,20-24 years,20-24,78.0,280439.0,27.81
17893,Primary and Secondary Syphilis,310.0,North Carolina,1996.0,Male,25-29 years,25-29,100.0,309518.0,32.31
17894,Primary and Secondary Syphilis,310.0,North Carolina,1996.0,Male,30-34 years,30-34,91.0,304104.0,29.92
17895,Primary and Secondary Syphilis,310.0,North Carolina,1996.0,Male,35-39 years,35-39,99.0,310962.0,31.84
17896,Primary and Secondary Syphilis,310.0,North Carolina,1996.0,Male,40+ years,40+,164.0,1406889.0,11.66
17897,Primary and Secondary Syphilis,310.0,North Carolina,1996.0,Male,Unknown,99,1.0,,
17898,Primary and Secondary Syphilis,310.0,North Carolina,1997.0,Male,15-19 years,15-19,15.0,264644.0,5.67
17899,Primary and Secondary Syphilis,310.0,North Carolina,1997.0,Male,20-24 years,20-24,50.0,280994.0,17.79
17900,Primary and Secondary Syphilis,310.0,North Carolina,1997.0,Male,25-29 years,25-29,48.0,315894.0,15.2
17901,Primary and Secondary Syphilis,310.0,North Carolina,1997.0,Male,30-34 years,30-34,57.0,302437.0,18.85
17902,Primary and Secondary Syphilis,310.0,North Carolina,1997.0,Male,35-39 years,35-39,59.0,316849.0,18.62
17903,Primary and Secondary Syphilis,310.0,North Carolina,1997.0,Male,40+ years,40+,129.0,1453083.0,8.88
17904,Primary and Secondary Syphilis,310.0,North Carolina,1997.0,Male,Unknown,99,5.0,,
17905,Primary and Secondary Syphilis,310.0,North Carolina,1998.0,Male,0-14 years,0-14,1.0,813042.0,0.12
17906,Primary and Secondary Syphilis,310.0,North Carolina,1998.0,Male,15-19 years,15-19,16.0,270543.0,5.91
17907,Primary and Secondary Syphilis,310.0,North Carolina,1998.0,Male,20-24 years,20-24,59.0,287881.0,20.49
17908,Primary and Secondary Syphilis,310.0,North Carolina,1998.0,Male,25-29 years,25-29,47.0,315791.0,14.88
17909,Primary and Secondary Syphilis,310.0,North Carolina,1998.0,Male,30-34 years,30-34,67.0,302391.0,22.16
17910,Primary and Secondary Syphilis,310.0,North Carolina,1998.0,Male,35-39 years,35-39,63.0,322245.0,19.55
17911,Primary and Secondary Syphilis,310.0,North Carolina,1998.0,Male,40+ years,40+,119.0,1497977.0,7.94
17912,Primary and Secondary Syphilis,310.0,North Carolina,1998.0,Male,Unknown,99,4.0,,
17913,Primary and Secondary Syphilis,310.0,North Carolina,1999.0,Male,0-14 years,0-14,1.0,831232.0,0.12
17914,Primary and Secondary Syphilis,310.0,North Carolina,1999.0,Male,15-19 years,15-19,16.0,274424.0,5.83
17915,Primary and Secondary Syphilis,310.0,North Carolina,1999.0,Male,20-24 years,20-24,39.0,296133.0,13.17
17916,Primary and Secondary Syphilis,310.0,North Carolina,1999.0,Male,25-29 years,25-29,35.0,312134.0,11.21
17917,Primary and Secondary Syphilis,310.0,North Carolina,1999.0,Male,30-34 years,30-34,41.0,305226.0,13.43
17918,Primary and Secondary Syphilis,310.0,North Carolina,1999.0,Male,35-39 years,35-39,41.0,326156.0,12.57
17919,Primary and Secondary Syphilis,310.0,North Carolina,1999.0,Male,40+ years,40+,81.0,1541346.0,5.26
17920,Primary and Secondary Syphilis,310.0,North Carolina,1999.0,Male,Unknown,99,8.0,,
17921,Primary and Secondary Syphilis,310.0,North Carolina,2000.0,Male,15-19 years,15-19,9.0,278219.0,3.23
17922,Primary and Secondary Syphilis,310.0,North Carolina,2000.0,Male,20-24 years,20-24,28.0,304404.0,9.2
17923,Primary and Secondary Syphilis,310.0,North Carolina,2000.0,Male,25-29 years,25-29,52.0,303643.0,17.13
17924,Primary and Secondary Syphilis,310.0,North Carolina,2000.0,Male,30-34 years,30-34,26.0,309754.0,8.39
17925,Primary and Secondary Syphilis,310.0,North Carolina,2000.0,Male,35-39 years,35-39,48.0,324209.0,14.81
17926,Primary and Secondary Syphilis,310.0,North Carolina,2000.0,Male,40+ years,40+,86.0,1576689.0,5.45
17927,Primary and Secondary Syphilis,310.0,North Carolina,2001.0,Male,15-19 years,15-19,8.0,277638.0,2.88
17928,Primary and Secondary Syphilis,310.0,North Carolina,2001.0,Male,20-24 years,20-24,28.0,310809.0,9.01
17929,Primary and Secondary Syphilis,310.0,North Carolina,2001.0,Male,25-29 years,25-29,34.0,298745.0,11.38
17930,Primary and Secondary Syphilis,310.0,North Carolina,2001.0,Male,30-34 years,30-34,41.0,316808.0,12.94
17931,Primary and Secondary Syphilis,310.0,North Carolina,2001.0,Male,35-39 years,35-39,47.0,323991.0,14.51
17932,Primary and Secondary Syphilis,310.0,North Carolina,2001.0,Male,40+ years,40+,96.0,1620543.0,5.92
17933,Primary and Secondary Syphilis,310.0,North Carolina,2002.0,Male,0-14 years,0-14,1.0,889226.0,0.11
17934,Primary and Secondary Syphilis,310.0,North Carolina,2002.0,Male,15-19 years,15-19,7.0,281361.0,2.49
17935,Primary and Secondary Syphilis,310.0,North Carolina,2002.0,Male,20-24 years,20-24,18.0,315178.0,5.71
17936,Primary and Secondary Syphilis,310.0,North Carolina,2002.0,Male,25-29 years,25-29,22.0,296885.0,7.41
17937,Primary and Secondary Syphilis,310.0,North Carolina,2002.0,Male,30-34 years,30-34,19.0,322545.0,5.89
17938,Primary and Secondary Syphilis,310.0,North Carolina,2002.0,Male,35-39 years,35-39,31.0,320814.0,9.66
17939,Primary and Secondary Syphilis,310.0,North Carolina,2002.0,Male,40+ years,40+,66.0,1655511.0,3.99
17940,Primary and Secondary Syphilis,310.0,North Carolina,2003.0,Male,15-19 years,15-19,3.0,285985.0,1.05
17941,Primary and Secondary Syphilis,310.0,North Carolina,2003.0,Male,20-24 years,20-24,18.0,319229.0,5.64
17942,Primary and Secondary Syphilis,310.0,North Carolina,2003.0,Male,25-29 years,25-29,14.0,306318.0,4.57
17943,Primary and Secondary Syphilis,310.0,North Carolina,2003.0,Male,30-34 years,30-34,13.0,322641.0,4.03
17944,Primary and Secondary Syphilis,310.0,North Carolina,2003.0,Male,35-39 years,35-39,15.0,315832.0,4.75
17945,Primary and Secondary Syphilis,310.0,North Carolina,2003.0,Male,40+ years,40+,42.0,1684936.0,2.49
17946,Primary and Secondary Syphilis,310.0,North Carolina,2004.0,Male,15-19 years,15-19,4.0,294227.0,1.36
17947,Primary and Secondary Syphilis,310.0,North Carolina,2004.0,Male,20-24 years,20-24,19.0,316644.0,6.0
17948,Primary and Secondary Syphilis,310.0,North Carolina,2004.0,Male,25-29 years,25-29,25.0,315086.0,7.93
17949,Primary and Secondary Syphilis,310.0,North Carolina,2004.0,Male,30-34 years,30-34,19.0,322598.0,5.89
17950,Primary and Secondary Syphilis,310.0,North Carolina,2004.0,Male,35-39 years,35-39,30.0,315347.0,9.51
17951,Primary and Secondary Syphilis,310.0,North Carolina,2004.0,Male,40+ years,40+,47.0,1728952.0,2.72
17952,Primary and Secondary Syphilis,310.0,North Carolina,2005.0,Male,0-14 years,0-14,1.0,910582.0,0.11
17953,Primary and Secondary Syphilis,310.0,North Carolina,2005.0,Male,15-19 years,15-19,9.0,302351.0,2.98
17954,Primary and Secondary Syphilis,310.0,North Carolina,2005.0,Male,20-24 years,20-24,31.0,315120.0,9.84
17955,Primary and Secondary Syphilis,310.0,North Carolina,2005.0,Male,25-29 years,25-29,28.0,326351.0,8.58
17956,Primary and Secondary Syphilis,310.0,North Carolina,2005.0,Male,30-34 years,30-34,29.0,319467.0,9.08
17957,Primary and Secondary Syphilis,310.0,North Carolina,2005.0,Male,35-39 years,35-39,25.0,320731.0,7.79
17958,Primary and Secondary Syphilis,310.0,North Carolina,2005.0,Male,40+ years,40+,93.0,1776967.0,5.23
17959,Primary and Secondary Syphilis,310.0,North Carolina,2006.0,Male,15-19 years,15-19,12.0,313853.0,3.82
17960,Primary and Secondary Syphilis,310.0,North Carolina,2006.0,Male,20-24 years,20-24,29.0,312051.0,9.29
17961,Primary and Secondary Syphilis,310.0,North Carolina,2006.0,Male,25-29 years,25-29,39.0,303006.0,12.87
17962,Primary and Secondary Syphilis,310.0,North Carolina,2006.0,Male,30-34 years,30-34,34.0,309479.0,10.99
17963,Primary and Secondary Syphilis,310.0,North Carolina,2006.0,Male,35-39 years,35-39,44.0,328954.0,13.38
17964,Primary and Secondary Syphilis,310.0,North Carolina,2006.0,Male,40+ years,40+,84.0,1857557.0,4.52
17965,Primary and Secondary Syphilis,310.0,North Carolina,2007.0,Male,15-19 years,15-19,17.0,317612.0,5.35
17966,Primary and Secondary Syphilis,310.0,North Carolina,2007.0,Male,20-24 years,20-24,47.0,319575.0,14.71
17967,Primary and Secondary Syphilis,310.0,North Carolina,2007.0,Male,25-29 years,25-29,50.0,301496.0,16.58
17968,Primary and Secondary Syphilis,310.0,North Carolina,2007.0,Male,30-34 years,30-34,32.0,304170.0,10.52
17969,Primary and Secondary Syphilis,310.0,North Carolina,2007.0,Male,35-39 years,35-39,33.0,335149.0,9.85
17970,Primary and Secondary Syphilis,310.0,North Carolina,2007.0,Male,40+ years,40+,84.0,1906756.0,4.41
17971,Primary and Secondary Syphilis,310.0,North Carolina,2008.0,Male,15-19 years,15-19,21.0,322815.0,6.51
17972,Primary and Secondary Syphilis,310.0,North Carolina,2008.0,Male,20-24 years,20-24,52.0,332226.0,15.65
17973,Primary and Secondary Syphilis,310.0,North Carolina,2008.0,Male,25-29 years,25-29,31.0,310456.0,9.99
17974,Primary and Secondary Syphilis,310.0,North Carolina,2008.0,Male,30-34 years,30-34,19.0,306253.0,6.2
17975,Primary and Secondary Syphilis,310.0,North Carolina,2008.0,Male,35-39 years,35-39,39.0,338088.0,11.54
17976,Primary and Secondary Syphilis,310.0,North Carolina,2008.0,Male,40+ years,40+,81.0,1949345.0,4.16
17977,Primary and Secondary Syphilis,310.0,North Carolina,2009.0,Male,15-19 years,15-19,29.0,331810.0,8.74
17978,Primary and Secondary Syphilis,310.0,North Carolina,2009.0,Male,20-24 years,20-24,104.0,352186.0,29.53
17979,Primary and Secondary Syphilis,310.0,North Carolina,2009.0,Male,25-29 years,25-29,87.0,318747.0,27.29
17980,Primary and Secondary Syphilis,310.0,North Carolina,2009.0,Male,30-34 years,30-34,52.0,297877.0,17.46
17981,Primary and Secondary Syphilis,310.0,North Carolina,2009.0,Male,35-39 years,35-39,50.0,329377.0,15.18
17982,Primary and Secondary Syphilis,310.0,North Carolina,2009.0,Male,40+ years,40+,149.0,1984440.0,7.51
17983,Primary and Secondary Syphilis,310.0,North Carolina,2010.0,Male,15-19 years,15-19,25.0,338271.0,7.39
17984,Primary and Secondary Syphilis,310.0,North Carolina,2010.0,Male,20-24 years,20-24,85.0,336648.0,25.25
17985,Primary and Secondary Syphilis,310.0,North Carolina,2010.0,Male,25-29 years,25-29,79.0,311499.0,25.36
17986,Primary and Secondary Syphilis,310.0,North Carolina,2010.0,Male,30-34 years,30-34,45.0,304807.0,14.76
17987,Primary and Secondary Syphilis,310.0,North Carolina,2010.0,Male,35-39 years,35-39,25.0,324681.0,7.7
17988,Primary and Secondary Syphilis,310.0,North Carolina,2010.0,Male,40+ years,40+,82.0,2059020.0,3.98
17989,Primary and Secondary Syphilis,310.0,North Carolina,2011.0,Male,15-19 years,15-19,32.0,336066.0,9.52
17990,Primary and Secondary Syphilis,310.0,North Carolina,2011.0,Male,20-24 years,20-24,128.0,344767.0,37.13
17991,Primary and Secondary Syphilis,310.0,North Carolina,2011.0,Male,25-29 years,25-29,78.0,313234.0,24.9
17992,Primary and Secondary Syphilis,310.0,North Carolina,2011.0,Male,30-34 years,30-34,40.0,311058.0,12.86
17993,Primary and Secondary Syphilis,310.0,North Carolina,2011.0,Male,35-39 years,35-39,29.0,312361.0,9.28
17994,Primary and Secondary Syphilis,310.0,North Carolina,2011.0,Male,40+ years,40+,93.0,2110693.0,4.41
17995,Primary and Secondary Syphilis,310.0,North Carolina,2012.0,Male,15-19 years,15-19,13.0,333894.0,3.89
17996,Primary and Secondary Syphilis,310.0,North Carolina,2012.0,Male,20-24 years,20-24,90.0,358340.0,25.12
17997,Primary and Secondary Syphilis,310.0,North Carolina,2012.0,Male,25-29 years,25-29,60.0,314920.0,19.05
17998,Primary and Secondary Syphilis,310.0,North Carolina,2012.0,Male,30-34 years,30-34,35.0,312161.0,11.21
17999,Primary and Secondary Syphilis,310.0,North Carolina,2012.0,Male,35-39 years,35-39,32.0,307521.0,10.41
18000,Primary and Secondary Syphilis,310.0,North Carolina,2012.0,Male,40+ years,40+,80.0,2150131.0,3.72
18001,Primary and Secondary Syphilis,310.0,North Carolina,2013.0,Male,0-14 years,0-14,1.0,974057.0,0.1
18002,Primary and Secondary Syphilis,310.0,North Carolina,2013.0,Male,15-19 years,15-19,12.0,334329.0,3.59
18003,Primary and Secondary Syphilis,310.0,North Carolina,2013.0,Male,20-24 years,20-24,100.0,369732.0,27.05
18004,Primary and Secondary Syphilis,310.0,North Carolina,2013.0,Male,25-29 years,25-29,85.0,317926.0,26.74
18005,Primary and Secondary Syphilis,310.0,North Carolina,2013.0,Male,30-34 years,30-34,43.0,311610.0,13.8
18006,Primary and Secondary Syphilis,310.0,North Carolina,2013.0,Male,35-39 years,35-39,33.0,305385.0,10.81
18007,Primary and Secondary Syphilis,310.0,North Carolina,2013.0,Male,40+ years,40+,94.0,2187573.0,4.3
18008,Primary and Secondary Syphilis,310.0,North Carolina,2014.0,Male,15-19 years,15-19,39.0,334329.0,11.67
18009,Primary and Secondary Syphilis,310.0,North Carolina,2014.0,Male,20-24 years,20-24,160.0,369732.0,43.27
18010,Primary and Secondary Syphilis,310.0,North Carolina,2014.0,Male,25-29 years,25-29,151.0,317926.0,47.5
18011,Primary and Secondary Syphilis,310.0,North Carolina,2014.0,Male,30-34 years,30-34,85.0,311610.0,27.28
18012,Primary and Secondary Syphilis,310.0,North Carolina,2014.0,Male,35-39 years,35-39,64.0,305385.0,20.96
18013,Primary and Secondary Syphilis,310.0,North Carolina,2014.0,Male,40+ years,40+,166.0,2187573.0,7.59
18014,Primary and Secondary Syphilis,310.0,North Dakota,2003.0,Male,40+ years,40+,2.0,140853.0,1.42
18015,Primary and Secondary Syphilis,310.0,North Dakota,2005.0,Male,25-29 years,25-29,1.0,25373.0,3.94
18016,Primary and Secondary Syphilis,310.0,North Dakota,2006.0,Male,30-34 years,30-34,1.0,17916.0,5.58
18017,Primary and Secondary Syphilis,310.0,North Dakota,2007.0,Male,15-19 years,15-19,1.0,25589.0,3.91
18018,Primary and Secondary Syphilis,310.0,North Dakota,2009.0,Male,15-19 years,15-19,1.0,25383.0,3.94
18019,Primary and Secondary Syphilis,310.0,North Dakota,2009.0,Male,30-34 years,30-34,1.0,18189.0,5.5
18020,Primary and Secondary Syphilis,310.0,North Dakota,2009.0,Male,40+ years,40+,1.0,142488.0,0.7
18021,Primary and Secondary Syphilis,310.0,North Dakota,2010.0,Male,20-24 years,20-24,1.0,31530.0,3.17
18022,Primary and Secondary Syphilis,310.0,North Dakota,2010.0,Male,40+ years,40+,1.0,152745.0,0.65
18023,Primary and Secondary Syphilis,310.0,North Dakota,2011.0,Male,40+ years,40+,1.0,154638.0,0.65
18024,Primary and Secondary Syphilis,310.0,North Dakota,2012.0,Male,20-24 years,20-24,1.0,35047.0,2.85
18025,Primary and Secondary Syphilis,310.0,North Dakota,2012.0,Male,25-29 years,25-29,1.0,28110.0,3.56
18026,Primary and Secondary Syphilis,310.0,North Dakota,2012.0,Male,35-39 years,35-39,1.0,20154.0,4.96
18027,Primary and Secondary Syphilis,310.0,North Dakota,2012.0,Male,40+ years,40+,1.0,156510.0,0.64
18028,Primary and Secondary Syphilis,310.0,North Dakota,2013.0,Male,15-19 years,15-19,1.0,25534.0,3.92
18029,Primary and Secondary Syphilis,310.0,North Dakota,2013.0,Male,20-24 years,20-24,2.0,37919.0,5.27
18030,Primary and Secondary Syphilis,310.0,North Dakota,2013.0,Male,25-29 years,25-29,3.0,29371.0,10.21
18031,Primary and Secondary Syphilis,310.0,North Dakota,2013.0,Male,30-34 years,30-34,1.0,26595.0,3.76
18032,Primary and Secondary Syphilis,310.0,North Dakota,2013.0,Male,40+ years,40+,4.0,158794.0,2.52
18033,Primary and Secondary Syphilis,310.0,North Dakota,2014.0,Male,15-19 years,15-19,1.0,25534.0,3.92
18034,Primary and Secondary Syphilis,310.0,North Dakota,2014.0,Male,20-24 years,20-24,1.0,37919.0,2.64
18035,Primary and Secondary Syphilis,310.0,North Dakota,2014.0,Male,25-29 years,25-29,3.0,29371.0,10.21
18036,Primary and Secondary Syphilis,310.0,North Dakota,2014.0,Male,35-39 years,35-39,1.0,21641.0,4.62
18037,Primary and Secondary Syphilis,310.0,North Dakota,2014.0,Male,40+ years,40+,2.0,158794.0,1.26
18038,Primary and Secondary Syphilis,310.0,Ohio,1996.0,Male,15-19 years,15-19,27.0,410577.0,6.58
18039,Primary and Secondary Syphilis,310.0,Ohio,1996.0,Male,20-24 years,20-24,41.0,364821.0,11.24
18040,Primary and Secondary Syphilis,310.0,Ohio,1996.0,Male,25-29 years,25-29,51.0,389670.0,13.09
18041,Primary and Secondary Syphilis,310.0,Ohio,1996.0,Male,30-34 years,30-34,58.0,423311.0,13.7
18042,Primary and Secondary Syphilis,310.0,Ohio,1996.0,Male,35-39 years,35-39,40.0,464418.0,8.61
18043,Primary and Secondary Syphilis,310.0,Ohio,1996.0,Male,40+ years,40+,80.0,2168304.0,3.69
18044,Primary and Secondary Syphilis,310.0,Ohio,1997.0,Male,15-19 years,15-19,6.0,416552.0,1.44
18045,Primary and Secondary Syphilis,310.0,Ohio,1997.0,Male,20-24 years,20-24,22.0,359116.0,6.13
18046,Primary and Secondary Syphilis,310.0,Ohio,1997.0,Male,25-29 years,25-29,17.0,387714.0,4.38
18047,Primary and Secondary Syphilis,310.0,Ohio,1997.0,Male,30-34 years,30-34,18.0,409507.0,4.4
18048,Primary and Secondary Syphilis,310.0,Ohio,1997.0,Male,35-39 years,35-39,17.0,458431.0,3.71
18049,Primary and Secondary Syphilis,310.0,Ohio,1997.0,Male,40+ years,40+,37.0,2206771.0,1.68
18050,Primary and Secondary Syphilis,310.0,Ohio,1998.0,Male,15-19 years,15-19,7.0,420187.0,1.67
18051,Primary and Secondary Syphilis,310.0,Ohio,1998.0,Male,20-24 years,20-24,17.0,358901.0,4.74
18052,Primary and Secondary Syphilis,310.0,Ohio,1998.0,Male,25-29 years,25-29,6.0,381979.0,1.57
18053,Primary and Secondary Syphilis,310.0,Ohio,1998.0,Male,30-34 years,30-34,9.0,399032.0,2.26
18054,Primary and Secondary Syphilis,310.0,Ohio,1998.0,Male,35-39 years,35-39,7.0,450009.0,1.56
18055,Primary and Secondary Syphilis,310.0,Ohio,1998.0,Male,40+ years,40+,15.0,2246454.0,0.67
18056,Primary and Secondary Syphilis,310.0,Ohio,1998.0,Male,Unknown,99,1.0,,
18057,Primary and Secondary Syphilis,310.0,Ohio,1999.0,Male,15-19 years,15-19,2.0,418316.0,0.48
18058,Primary and Secondary Syphilis,310.0,Ohio,1999.0,Male,20-24 years,20-24,7.0,361284.0,1.94
18059,Primary and Secondary Syphilis,310.0,Ohio,1999.0,Male,25-29 years,25-29,9.0,373666.0,2.41
18060,Primary and Secondary Syphilis,310.0,Ohio,1999.0,Male,30-34 years,30-34,5.0,392019.0,1.28
18061,Primary and Secondary Syphilis,310.0,Ohio,1999.0,Male,35-39 years,35-39,12.0,442769.0,2.71
18062,Primary and Secondary Syphilis,310.0,Ohio,1999.0,Male,40+ years,40+,14.0,2283960.0,0.61
18063,Primary and Secondary Syphilis,310.0,Ohio,2000.0,Male,15-19 years,15-19,3.0,415181.0,0.72
18064,Primary and Secondary Syphilis,310.0,Ohio,2000.0,Male,20-24 years,20-24,2.0,367827.0,0.54
18065,Primary and Secondary Syphilis,310.0,Ohio,2000.0,Male,25-29 years,25-29,9.0,363502.0,2.48
18066,Primary and Secondary Syphilis,310.0,Ohio,2000.0,Male,30-34 years,30-34,6.0,392283.0,1.53
18067,Primary and Secondary Syphilis,310.0,Ohio,2000.0,Male,35-39 years,35-39,7.0,433637.0,1.61
18068,Primary and Secondary Syphilis,310.0,Ohio,2000.0,Male,40+ years,40+,16.0,2324813.0,0.69
18069,Primary and Secondary Syphilis,310.0,Ohio,2001.0,Male,20-24 years,20-24,8.0,379247.0,2.11
18070,Primary and Secondary Syphilis,310.0,Ohio,2001.0,Male,25-29 years,25-29,14.0,352615.0,3.97
18071,Primary and Secondary Syphilis,310.0,Ohio,2001.0,Male,30-34 years,30-34,10.0,392661.0,2.55
18072,Primary and Secondary Syphilis,310.0,Ohio,2001.0,Male,35-39 years,35-39,12.0,422019.0,2.84
18073,Primary and Secondary Syphilis,310.0,Ohio,2001.0,Male,40+ years,40+,11.0,2353112.0,0.47
18074,Primary and Secondary Syphilis,310.0,Ohio,2002.0,Male,15-19 years,15-19,4.0,414919.0,0.96
18075,Primary and Secondary Syphilis,310.0,Ohio,2002.0,Male,20-24 years,20-24,14.0,390231.0,3.59
18076,Primary and Secondary Syphilis,310.0,Ohio,2002.0,Male,25-29 years,25-29,20.0,347558.0,5.75
18077,Primary and Secondary Syphilis,310.0,Ohio,2002.0,Male,30-34 years,30-34,27.0,392431.0,6.88
18078,Primary and Secondary Syphilis,310.0,Ohio,2002.0,Male,35-39 years,35-39,26.0,410093.0,6.34
18079,Primary and Secondary Syphilis,310.0,Ohio,2002.0,Male,40+ years,40+,41.0,2378227.0,1.72
18080,Primary and Secondary Syphilis,310.0,Ohio,2003.0,Male,15-19 years,15-19,2.0,415476.0,0.48
18081,Primary and Secondary Syphilis,310.0,Ohio,2003.0,Male,20-24 years,20-24,19.0,401238.0,4.74
18082,Primary and Secondary Syphilis,310.0,Ohio,2003.0,Male,25-29 years,25-29,21.0,349156.0,6.01
18083,Primary and Secondary Syphilis,310.0,Ohio,2003.0,Male,30-34 years,30-34,21.0,383195.0,5.48
18084,Primary and Secondary Syphilis,310.0,Ohio,2003.0,Male,35-39 years,35-39,40.0,400927.0,9.98
18085,Primary and Secondary Syphilis,310.0,Ohio,2003.0,Male,40+ years,40+,54.0,2427806.0,2.22
18086,Primary and Secondary Syphilis,310.0,Ohio,2004.0,Male,0-14 years,0-14,2.0,1169546.0,0.17
18087,Primary and Secondary Syphilis,310.0,Ohio,2004.0,Male,15-19 years,15-19,4.0,417286.0,0.96
18088,Primary and Secondary Syphilis,310.0,Ohio,2004.0,Male,20-24 years,20-24,18.0,405006.0,4.44
18089,Primary and Secondary Syphilis,310.0,Ohio,2004.0,Male,25-29 years,25-29,32.0,357140.0,8.96
18090,Primary and Secondary Syphilis,310.0,Ohio,2004.0,Male,30-34 years,30-34,30.0,375110.0,8.0
18091,Primary and Secondary Syphilis,310.0,Ohio,2004.0,Male,35-39 years,35-39,31.0,393247.0,7.88
18092,Primary and Secondary Syphilis,310.0,Ohio,2004.0,Male,40+ years,40+,59.0,2463300.0,2.4
18093,Primary and Secondary Syphilis,310.0,Ohio,2005.0,Male,15-19 years,15-19,7.0,418770.0,1.67
18094,Primary and Secondary Syphilis,310.0,Ohio,2005.0,Male,20-24 years,20-24,31.0,404792.0,7.66
18095,Primary and Secondary Syphilis,310.0,Ohio,2005.0,Male,25-29 years,25-29,23.0,366111.0,6.28
18096,Primary and Secondary Syphilis,310.0,Ohio,2005.0,Male,30-34 years,30-34,32.0,363304.0,8.81
18097,Primary and Secondary Syphilis,310.0,Ohio,2005.0,Male,35-39 years,35-39,35.0,390265.0,8.97
18098,Primary and Secondary Syphilis,310.0,Ohio,2005.0,Male,40+ years,40+,43.0,2488981.0,1.73
18099,Primary and Secondary Syphilis,310.0,Ohio,2006.0,Male,15-19 years,15-19,3.0,416341.0,0.72
18100,Primary and Secondary Syphilis,310.0,Ohio,2006.0,Male,20-24 years,20-24,13.0,399665.0,3.25
18101,Primary and Secondary Syphilis,310.0,Ohio,2006.0,Male,25-29 years,25-29,21.0,381599.0,5.5
18102,Primary and Secondary Syphilis,310.0,Ohio,2006.0,Male,30-34 years,30-34,18.0,348022.0,5.17
18103,Primary and Secondary Syphilis,310.0,Ohio,2006.0,Male,35-39 years,35-39,24.0,386384.0,6.21
18104,Primary and Secondary Syphilis,310.0,Ohio,2006.0,Male,40+ years,40+,62.0,2506317.0,2.47
18105,Primary and Secondary Syphilis,310.0,Ohio,2007.0,Male,0-14 years,0-14,1.0,1151280.0,0.09
18106,Primary and Secondary Syphilis,310.0,Ohio,2007.0,Male,15-19 years,15-19,5.0,415686.0,1.2
18107,Primary and Secondary Syphilis,310.0,Ohio,2007.0,Male,20-24 years,20-24,33.0,385753.0,8.55
18108,Primary and Secondary Syphilis,310.0,Ohio,2007.0,Male,25-29 years,25-29,29.0,388151.0,7.47
18109,Primary and Secondary Syphilis,310.0,Ohio,2007.0,Male,30-34 years,30-34,22.0,342461.0,6.42
18110,Primary and Secondary Syphilis,310.0,Ohio,2007.0,Male,35-39 years,35-39,28.0,383634.0,7.3
18111,Primary and Secondary Syphilis,310.0,Ohio,2007.0,Male,40+ years,40+,48.0,2524196.0,1.9
18112,Primary and Secondary Syphilis,310.0,Ohio,2008.0,Male,0-14 years,0-14,1.0,1144933.0,0.09
18113,Primary and Secondary Syphilis,310.0,Ohio,2008.0,Male,15-19 years,15-19,19.0,414010.0,4.59
18114,Primary and Secondary Syphilis,310.0,Ohio,2008.0,Male,20-24 years,20-24,55.0,386135.0,14.24
18115,Primary and Secondary Syphilis,310.0,Ohio,2008.0,Male,25-29 years,25-29,48.0,388804.0,12.35
18116,Primary and Secondary Syphilis,310.0,Ohio,2008.0,Male,30-34 years,30-34,34.0,344391.0,9.87
18117,Primary and Secondary Syphilis,310.0,Ohio,2008.0,Male,35-39 years,35-39,47.0,376928.0,12.47
18118,Primary and Secondary Syphilis,310.0,Ohio,2008.0,Male,40+ years,40+,84.0,2548567.0,3.3
18119,Primary and Secondary Syphilis,310.0,Ohio,2009.0,Male,0-14 years,0-14,1.0,1141417.0,0.09
18120,Primary and Secondary Syphilis,310.0,Ohio,2009.0,Male,15-19 years,15-19,27.0,413211.0,6.53
18121,Primary and Secondary Syphilis,310.0,Ohio,2009.0,Male,20-24 years,20-24,64.0,382328.0,16.74
18122,Primary and Secondary Syphilis,310.0,Ohio,2009.0,Male,25-29 years,25-29,45.0,385543.0,11.67
18123,Primary and Secondary Syphilis,310.0,Ohio,2009.0,Male,30-34 years,30-34,38.0,356942.0,10.65
18124,Primary and Secondary Syphilis,310.0,Ohio,2009.0,Male,35-39 years,35-39,41.0,367638.0,11.15
18125,Primary and Secondary Syphilis,310.0,Ohio,2009.0,Male,40+ years,40+,81.0,2586324.0,3.13
18126,Primary and Secondary Syphilis,310.0,Ohio,2010.0,Male,0-14 years,0-14,2.0,1146272.0,0.17
18127,Primary and Secondary Syphilis,310.0,Ohio,2010.0,Male,15-19 years,15-19,33.0,420975.0,7.84
18128,Primary and Secondary Syphilis,310.0,Ohio,2010.0,Male,20-24 years,20-24,93.0,384202.0,24.21
18129,Primary and Secondary Syphilis,310.0,Ohio,2010.0,Male,25-29 years,25-29,73.0,357837.0,20.4
18130,Primary and Secondary Syphilis,310.0,Ohio,2010.0,Male,30-34 years,30-34,55.0,344087.0,15.98
18131,Primary and Secondary Syphilis,310.0,Ohio,2010.0,Male,35-39 years,35-39,33.0,356420.0,9.26
18132,Primary and Secondary Syphilis,310.0,Ohio,2010.0,Male,40+ years,40+,106.0,2622363.0,4.04
18133,Primary and Secondary Syphilis,310.0,Ohio,2010.0,Male,Unknown,99,1.0,,
18134,Primary and Secondary Syphilis,310.0,Ohio,2011.0,Male,15-19 years,15-19,32.0,411083.0,7.78
18135,Primary and Secondary Syphilis,310.0,Ohio,2011.0,Male,20-24 years,20-24,87.0,390763.0,22.26
18136,Primary and Secondary Syphilis,310.0,Ohio,2011.0,Male,25-29 years,25-29,59.0,359006.0,16.43
18137,Primary and Secondary Syphilis,310.0,Ohio,2011.0,Male,30-34 years,30-34,44.0,351892.0,12.5
18138,Primary and Secondary Syphilis,310.0,Ohio,2011.0,Male,35-39 years,35-39,31.0,339749.0,9.12
18139,Primary and Secondary Syphilis,310.0,Ohio,2011.0,Male,40+ years,40+,80.0,2654378.0,3.01
18140,Primary and Secondary Syphilis,310.0,Ohio,2012.0,Male,15-19 years,15-19,15.0,402878.0,3.72
18141,Primary and Secondary Syphilis,310.0,Ohio,2012.0,Male,20-24 years,20-24,64.0,397803.0,16.09
18142,Primary and Secondary Syphilis,310.0,Ohio,2012.0,Male,25-29 years,25-29,67.0,359935.0,18.61
18143,Primary and Secondary Syphilis,310.0,Ohio,2012.0,Male,30-34 years,30-34,52.0,355794.0,14.62
18144,Primary and Secondary Syphilis,310.0,Ohio,2012.0,Male,35-39 years,35-39,31.0,333404.0,9.3
18145,Primary and Secondary Syphilis,310.0,Ohio,2012.0,Male,40+ years,40+,111.0,2670177.0,4.16
18146,Primary and Secondary Syphilis,310.0,Ohio,2013.0,Male,15-19 years,15-19,21.0,399167.0,5.26
18147,Primary and Secondary Syphilis,310.0,Ohio,2013.0,Male,20-24 years,20-24,96.0,399872.0,24.01
18148,Primary and Secondary Syphilis,310.0,Ohio,2013.0,Male,25-29 years,25-29,75.0,367681.0,20.4
18149,Primary and Secondary Syphilis,310.0,Ohio,2013.0,Male,30-34 years,30-34,43.0,358323.0,12.0
18150,Primary and Secondary Syphilis,310.0,Ohio,2013.0,Male,35-39 years,35-39,39.0,333538.0,11.69
18151,Primary and Secondary Syphilis,310.0,Ohio,2013.0,Male,40+ years,40+,99.0,2683942.0,3.69
18152,Primary and Secondary Syphilis,310.0,Ohio,2014.0,Male,15-19 years,15-19,17.0,399167.0,4.26
18153,Primary and Secondary Syphilis,310.0,Ohio,2014.0,Male,20-24 years,20-24,109.0,399872.0,27.26
18154,Primary and Secondary Syphilis,310.0,Ohio,2014.0,Male,25-29 years,25-29,127.0,367681.0,34.54
18155,Primary and Secondary Syphilis,310.0,Ohio,2014.0,Male,30-34 years,30-34,77.0,358323.0,21.49
18156,Primary and Secondary Syphilis,310.0,Ohio,2014.0,Male,35-39 years,35-39,44.0,333538.0,13.19
18157,Primary and Secondary Syphilis,310.0,Ohio,2014.0,Male,40+ years,40+,118.0,2683942.0,4.4
18158,Primary and Secondary Syphilis,310.0,Oklahoma,1996.0,Male,15-19 years,15-19,8.0,131774.0,6.07
18159,Primary and Secondary Syphilis,310.0,Oklahoma,1996.0,Male,20-24 years,20-24,8.0,120796.0,6.62
18160,Primary and Secondary Syphilis,310.0,Oklahoma,1996.0,Male,25-29 years,25-29,20.0,113783.0,17.58
18161,Primary and Secondary Syphilis,310.0,Oklahoma,1996.0,Male,30-34 years,30-34,11.0,121894.0,9.02
18162,Primary and Secondary Syphilis,310.0,Oklahoma,1996.0,Male,35-39 years,35-39,22.0,133636.0,16.46
18163,Primary and Secondary Syphilis,310.0,Oklahoma,1996.0,Male,40+ years,40+,30.0,639161.0,4.69
18164,Primary and Secondary Syphilis,310.0,Oklahoma,1997.0,Male,15-19 years,15-19,4.0,135157.0,2.96
18165,Primary and Secondary Syphilis,310.0,Oklahoma,1997.0,Male,20-24 years,20-24,7.0,121404.0,5.77
18166,Primary and Secondary Syphilis,310.0,Oklahoma,1997.0,Male,25-29 years,25-29,10.0,115904.0,8.63
18167,Primary and Secondary Syphilis,310.0,Oklahoma,1997.0,Male,30-34 years,30-34,7.0,117200.0,5.97
18168,Primary and Secondary Syphilis,310.0,Oklahoma,1997.0,Male,35-39 years,35-39,15.0,133607.0,11.23
18169,Primary and Secondary Syphilis,310.0,Oklahoma,1997.0,Male,40+ years,40+,21.0,653895.0,3.21
18170,Primary and Secondary Syphilis,310.0,Oklahoma,1998.0,Male,20-24 years,20-24,2.0,122834.0,1.63
18171,Primary and Secondary Syphilis,310.0,Oklahoma,1998.0,Male,25-29 years,25-29,6.0,117051.0,5.13
18172,Primary and Secondary Syphilis,310.0,Oklahoma,1998.0,Male,30-34 years,30-34,12.0,113411.0,10.58
18173,Primary and Secondary Syphilis,310.0,Oklahoma,1998.0,Male,35-39 years,35-39,6.0,133053.0,4.51
18174,Primary and Secondary Syphilis,310.0,Oklahoma,1998.0,Male,40+ years,40+,27.0,667579.0,4.04
18175,Primary and Secondary Syphilis,310.0,Oklahoma,1999.0,Male,15-19 years,15-19,4.0,139723.0,2.86
18176,Primary and Secondary Syphilis,310.0,Oklahoma,1999.0,Male,20-24 years,20-24,14.0,126379.0,11.08
18177,Primary and Secondary Syphilis,310.0,Oklahoma,1999.0,Male,25-29 years,25-29,13.0,117519.0,11.06
18178,Primary and Secondary Syphilis,310.0,Oklahoma,1999.0,Male,30-34 years,30-34,19.0,112330.0,16.91
18179,Primary and Secondary Syphilis,310.0,Oklahoma,1999.0,Male,35-39 years,35-39,27.0,132216.0,20.42
18180,Primary and Secondary Syphilis,310.0,Oklahoma,1999.0,Male,40+ years,40+,33.0,683779.0,4.83
18181,Primary and Secondary Syphilis,310.0,Oklahoma,2000.0,Male,15-19 years,15-19,1.0,138336.0,0.72
18182,Primary and Secondary Syphilis,310.0,Oklahoma,2000.0,Male,20-24 years,20-24,5.0,129744.0,3.85
18183,Primary and Secondary Syphilis,310.0,Oklahoma,2000.0,Male,25-29 years,25-29,16.0,117050.0,13.67
18184,Primary and Secondary Syphilis,310.0,Oklahoma,2000.0,Male,30-34 years,30-34,3.0,113361.0,2.65
18185,Primary and Secondary Syphilis,310.0,Oklahoma,2000.0,Male,35-39 years,35-39,11.0,128691.0,8.55
18186,Primary and Secondary Syphilis,310.0,Oklahoma,2000.0,Male,40+ years,40+,26.0,700101.0,3.71
18187,Primary and Secondary Syphilis,310.0,Oklahoma,2001.0,Male,20-24 years,20-24,6.0,134545.0,4.46
18188,Primary and Secondary Syphilis,310.0,Oklahoma,2001.0,Male,25-29 years,25-29,4.0,116719.0,3.43
18189,Primary and Secondary Syphilis,310.0,Oklahoma,2001.0,Male,30-34 years,30-34,6.0,114516.0,5.24
18190,Primary and Secondary Syphilis,310.0,Oklahoma,2001.0,Male,35-39 years,35-39,5.0,123681.0,4.04
18191,Primary and Secondary Syphilis,310.0,Oklahoma,2001.0,Male,40+ years,40+,11.0,710728.0,1.55
18192,Primary and Secondary Syphilis,310.0,Oklahoma,2002.0,Male,25-29 years,25-29,5.0,118112.0,4.23
18193,Primary and Secondary Syphilis,310.0,Oklahoma,2002.0,Male,30-34 years,30-34,10.0,116143.0,8.61
18194,Primary and Secondary Syphilis,310.0,Oklahoma,2002.0,Male,35-39 years,35-39,10.0,118927.0,8.41
18195,Primary and Secondary Syphilis,310.0,Oklahoma,2002.0,Male,40+ years,40+,27.0,723628.0,3.73
18196,Primary and Secondary Syphilis,310.0,Oklahoma,2003.0,Male,20-24 years,20-24,9.0,143030.0,6.29
18197,Primary and Secondary Syphilis,310.0,Oklahoma,2003.0,Male,25-29 years,25-29,4.0,120744.0,3.31
18198,Primary and Secondary Syphilis,310.0,Oklahoma,2003.0,Male,30-34 years,30-34,5.0,115775.0,4.32
18199,Primary and Secondary Syphilis,310.0,Oklahoma,2003.0,Male,35-39 years,35-39,5.0,114944.0,4.35
18200,Primary and Secondary Syphilis,310.0,Oklahoma,2003.0,Male,40+ years,40+,21.0,731634.0,2.87
18201,Primary and Secondary Syphilis,310.0,Oklahoma,2004.0,Male,20-24 years,20-24,5.0,145604.0,3.43
18202,Primary and Secondary Syphilis,310.0,Oklahoma,2004.0,Male,25-29 years,25-29,1.0,124739.0,0.8
18203,Primary and Secondary Syphilis,310.0,Oklahoma,2004.0,Male,30-34 years,30-34,2.0,116126.0,1.72
18204,Primary and Secondary Syphilis,310.0,Oklahoma,2004.0,Male,35-39 years,35-39,4.0,113191.0,3.53
18205,Primary and Secondary Syphilis,310.0,Oklahoma,2004.0,Male,40+ years,40+,4.0,744946.0,0.54
18206,Primary and Secondary Syphilis,310.0,Oklahoma,2005.0,Male,15-19 years,15-19,1.0,129453.0,0.77
18207,Primary and Secondary Syphilis,310.0,Oklahoma,2005.0,Male,20-24 years,20-24,3.0,144631.0,2.07
18208,Primary and Secondary Syphilis,310.0,Oklahoma,2005.0,Male,25-29 years,25-29,3.0,129518.0,2.32
18209,Primary and Secondary Syphilis,310.0,Oklahoma,2005.0,Male,30-34 years,30-34,6.0,116113.0,5.17
18210,Primary and Secondary Syphilis,310.0,Oklahoma,2005.0,Male,35-39 years,35-39,2.0,113412.0,1.76
18211,Primary and Secondary Syphilis,310.0,Oklahoma,2005.0,Male,40+ years,40+,12.0,758107.0,1.58
18212,Primary and Secondary Syphilis,310.0,Oklahoma,2006.0,Male,20-24 years,20-24,8.0,142305.0,5.62
18213,Primary and Secondary Syphilis,310.0,Oklahoma,2006.0,Male,25-29 years,25-29,6.0,132206.0,4.54
18214,Primary and Secondary Syphilis,310.0,Oklahoma,2006.0,Male,30-34 years,30-34,7.0,111571.0,6.27
18215,Primary and Secondary Syphilis,310.0,Oklahoma,2006.0,Male,35-39 years,35-39,7.0,114393.0,6.12
18216,Primary and Secondary Syphilis,310.0,Oklahoma,2006.0,Male,40+ years,40+,23.0,755195.0,3.05
18217,Primary and Secondary Syphilis,310.0,Oklahoma,2007.0,Male,15-19 years,15-19,1.0,131171.0,0.76
18218,Primary and Secondary Syphilis,310.0,Oklahoma,2007.0,Male,20-24 years,20-24,7.0,144077.0,4.86
18219,Primary and Secondary Syphilis,310.0,Oklahoma,2007.0,Male,25-29 years,25-29,9.0,139631.0,6.45
18220,Primary and Secondary Syphilis,310.0,Oklahoma,2007.0,Male,30-34 years,30-34,5.0,112292.0,4.45
18221,Primary and Secondary Syphilis,310.0,Oklahoma,2007.0,Male,35-39 years,35-39,5.0,115763.0,4.32
18222,Primary and Secondary Syphilis,310.0,Oklahoma,2007.0,Male,40+ years,40+,14.0,762095.0,1.84
18223,Primary and Secondary Syphilis,310.0,Oklahoma,2008.0,Male,15-19 years,15-19,1.0,130238.0,0.77
18224,Primary and Secondary Syphilis,310.0,Oklahoma,2008.0,Male,20-24 years,20-24,14.0,141925.0,9.86
18225,Primary and Secondary Syphilis,310.0,Oklahoma,2008.0,Male,25-29 years,25-29,10.0,140754.0,7.1
18226,Primary and Secondary Syphilis,310.0,Oklahoma,2008.0,Male,30-34 years,30-34,11.0,113910.0,9.66
18227,Primary and Secondary Syphilis,310.0,Oklahoma,2008.0,Male,35-39 years,35-39,4.0,115554.0,3.46
18228,Primary and Secondary Syphilis,310.0,Oklahoma,2008.0,Male,40+ years,40+,21.0,769431.0,2.73
18229,Primary and Secondary Syphilis,310.0,Oklahoma,2009.0,Male,15-19 years,15-19,6.0,132771.0,4.52
18230,Primary and Secondary Syphilis,310.0,Oklahoma,2009.0,Male,20-24 years,20-24,17.0,146464.0,11.61
18231,Primary and Secondary Syphilis,310.0,Oklahoma,2009.0,Male,25-29 years,25-29,9.0,141717.0,6.35
18232,Primary and Secondary Syphilis,310.0,Oklahoma,2009.0,Male,30-34 years,30-34,11.0,117434.0,9.37
18233,Primary and Secondary Syphilis,310.0,Oklahoma,2009.0,Male,35-39 years,35-39,10.0,115329.0,8.67
18234,Primary and Secondary Syphilis,310.0,Oklahoma,2009.0,Male,40+ years,40+,20.0,774524.0,2.58
18235,Primary and Secondary Syphilis,310.0,Oklahoma,2010.0,Male,15-19 years,15-19,2.0,135644.0,1.47
18236,Primary and Secondary Syphilis,310.0,Oklahoma,2010.0,Male,20-24 years,20-24,17.0,137934.0,12.32
18237,Primary and Secondary Syphilis,310.0,Oklahoma,2010.0,Male,25-29 years,25-29,11.0,135908.0,8.09
18238,Primary and Secondary Syphilis,310.0,Oklahoma,2010.0,Male,30-34 years,30-34,13.0,122914.0,10.58
18239,Primary and Secondary Syphilis,310.0,Oklahoma,2010.0,Male,35-39 years,35-39,13.0,117446.0,11.07
18240,Primary and Secondary Syphilis,310.0,Oklahoma,2010.0,Male,40+ years,40+,20.0,809253.0,2.47
18241,Primary and Secondary Syphilis,310.0,Oklahoma,2011.0,Male,15-19 years,15-19,10.0,134353.0,7.44
18242,Primary and Secondary Syphilis,310.0,Oklahoma,2011.0,Male,20-24 years,20-24,12.0,143154.0,8.38
18243,Primary and Secondary Syphilis,310.0,Oklahoma,2011.0,Male,25-29 years,25-29,12.0,136048.0,8.82
18244,Primary and Secondary Syphilis,310.0,Oklahoma,2011.0,Male,30-34 years,30-34,8.0,126858.0,6.31
18245,Primary and Secondary Syphilis,310.0,Oklahoma,2011.0,Male,35-39 years,35-39,8.0,115004.0,6.96
18246,Primary and Secondary Syphilis,310.0,Oklahoma,2011.0,Male,40+ years,40+,22.0,820706.0,2.68
18247,Primary and Secondary Syphilis,310.0,Oklahoma,2012.0,Male,15-19 years,15-19,3.0,132020.0,2.27
18248,Primary and Secondary Syphilis,310.0,Oklahoma,2012.0,Male,20-24 years,20-24,18.0,147338.0,12.22
18249,Primary and Secondary Syphilis,310.0,Oklahoma,2012.0,Male,25-29 years,25-29,19.0,134969.0,14.08
18250,Primary and Secondary Syphilis,310.0,Oklahoma,2012.0,Male,30-34 years,30-34,11.0,130283.0,8.44
18251,Primary and Secondary Syphilis,310.0,Oklahoma,2012.0,Male,35-39 years,35-39,7.0,115449.0,6.06
18252,Primary and Secondary Syphilis,310.0,Oklahoma,2012.0,Male,40+ years,40+,19.0,827160.0,2.3
18253,Primary and Secondary Syphilis,310.0,Oklahoma,2013.0,Male,15-19 years,15-19,5.0,132478.0,3.77
18254,Primary and Secondary Syphilis,310.0,Oklahoma,2013.0,Male,20-24 years,20-24,28.0,149002.0,18.79
18255,Primary and Secondary Syphilis,310.0,Oklahoma,2013.0,Male,25-29 years,25-29,8.0,133494.0,5.99
18256,Primary and Secondary Syphilis,310.0,Oklahoma,2013.0,Male,30-34 years,30-34,14.0,133619.0,10.48
18257,Primary and Secondary Syphilis,310.0,Oklahoma,2013.0,Male,35-39 years,35-39,7.0,117558.0,5.95
18258,Primary and Secondary Syphilis,310.0,Oklahoma,2013.0,Male,40+ years,40+,43.0,834558.0,5.15
18259,Primary and Secondary Syphilis,310.0,Oklahoma,2014.0,Male,15-19 years,15-19,4.0,132478.0,3.02
18260,Primary and Secondary Syphilis,310.0,Oklahoma,2014.0,Male,20-24 years,20-24,24.0,149002.0,16.11
18261,Primary and Secondary Syphilis,310.0,Oklahoma,2014.0,Male,25-29 years,25-29,36.0,133494.0,26.97
18262,Primary and Secondary Syphilis,310.0,Oklahoma,2014.0,Male,30-34 years,30-34,17.0,133619.0,12.72
18263,Primary and Secondary Syphilis,310.0,Oklahoma,2014.0,Male,35-39 years,35-39,21.0,117558.0,17.86
18264,Primary and Secondary Syphilis,310.0,Oklahoma,2014.0,Male,40+ years,40+,34.0,834558.0,4.07
18265,Primary and Secondary Syphilis,310.0,Oregon,1996.0,Male,15-19 years,15-19,2.0,119137.0,1.68
18266,Primary and Secondary Syphilis,310.0,Oregon,1996.0,Male,20-24 years,20-24,2.0,104300.0,1.92
18267,Primary and Secondary Syphilis,310.0,Oregon,1996.0,Male,40+ years,40+,2.0,663805.0,0.3
18268,Primary and Secondary Syphilis,310.0,Oregon,1997.0,Male,20-24 years,20-24,1.0,107655.0,0.93
18269,Primary and Secondary Syphilis,310.0,Oregon,1997.0,Male,25-29 years,25-29,4.0,116712.0,3.43
18270,Primary and Secondary Syphilis,310.0,Oregon,1997.0,Male,30-34 years,30-34,1.0,120842.0,0.83
18271,Primary and Secondary Syphilis,310.0,Oregon,1997.0,Male,35-39 years,35-39,1.0,134408.0,0.74
18272,Primary and Secondary Syphilis,310.0,Oregon,1997.0,Male,40+ years,40+,1.0,682028.0,0.15
18273,Primary and Secondary Syphilis,310.0,Oregon,1998.0,Male,20-24 years,20-24,1.0,111357.0,0.9
18274,Primary and Secondary Syphilis,310.0,Oregon,1998.0,Male,30-34 years,30-34,1.0,119632.0,0.84
18275,Primary and Secondary Syphilis,310.0,Oregon,1998.0,Male,35-39 years,35-39,1.0,133087.0,0.75
18276,Primary and Secondary Syphilis,310.0,Oregon,1998.0,Male,40+ years,40+,1.0,697948.0,0.14
18277,Primary and Secondary Syphilis,310.0,Oregon,1999.0,Male,15-19 years,15-19,1.0,125591.0,0.8
18278,Primary and Secondary Syphilis,310.0,Oregon,1999.0,Male,20-24 years,20-24,1.0,115432.0,0.87
18279,Primary and Secondary Syphilis,310.0,Oregon,1999.0,Male,25-29 years,25-29,1.0,120080.0,0.83
18280,Primary and Secondary Syphilis,310.0,Oregon,2000.0,Male,20-24 years,20-24,5.0,118213.0,4.23
18281,Primary and Secondary Syphilis,310.0,Oregon,2000.0,Male,25-29 years,25-29,1.0,120262.0,0.83
18282,Primary and Secondary Syphilis,310.0,Oregon,2000.0,Male,35-39 years,35-39,1.0,127986.0,0.78
18283,Primary and Secondary Syphilis,310.0,Oregon,2000.0,Male,40+ years,40+,1.0,724407.0,0.14
18284,Primary and Secondary Syphilis,310.0,Oregon,2001.0,Male,20-24 years,20-24,2.0,120112.0,1.67
18285,Primary and Secondary Syphilis,310.0,Oregon,2001.0,Male,25-29 years,25-29,1.0,120349.0,0.83
18286,Primary and Secondary Syphilis,310.0,Oregon,2001.0,Male,30-34 years,30-34,2.0,127282.0,1.57
18287,Primary and Secondary Syphilis,310.0,Oregon,2001.0,Male,35-39 years,35-39,2.0,126632.0,1.58
18288,Primary and Secondary Syphilis,310.0,Oregon,2001.0,Male,40+ years,40+,4.0,741519.0,0.54
18289,Primary and Secondary Syphilis,310.0,Oregon,2002.0,Male,25-29 years,25-29,3.0,120871.0,2.48
18290,Primary and Secondary Syphilis,310.0,Oregon,2002.0,Male,30-34 years,30-34,4.0,131289.0,3.05
18291,Primary and Secondary Syphilis,310.0,Oregon,2002.0,Male,35-39 years,35-39,5.0,125982.0,3.97
18292,Primary and Secondary Syphilis,310.0,Oregon,2002.0,Male,40+ years,40+,8.0,758788.0,1.05
18293,Primary and Secondary Syphilis,310.0,Oregon,2003.0,Male,15-19 years,15-19,2.0,125308.0,1.6
18294,Primary and Secondary Syphilis,310.0,Oregon,2003.0,Male,20-24 years,20-24,4.0,127629.0,3.13
18295,Primary and Secondary Syphilis,310.0,Oregon,2003.0,Male,25-29 years,25-29,5.0,125937.0,3.97
18296,Primary and Secondary Syphilis,310.0,Oregon,2003.0,Male,30-34 years,30-34,10.0,133131.0,7.51
18297,Primary and Secondary Syphilis,310.0,Oregon,2003.0,Male,35-39 years,35-39,4.0,125118.0,3.2
18298,Primary and Secondary Syphilis,310.0,Oregon,2003.0,Male,40+ years,40+,20.0,771518.0,2.59
18299,Primary and Secondary Syphilis,310.0,Oregon,2004.0,Male,20-24 years,20-24,3.0,129111.0,2.32
18300,Primary and Secondary Syphilis,310.0,Oregon,2004.0,Male,25-29 years,25-29,6.0,128800.0,4.66
18301,Primary and Secondary Syphilis,310.0,Oregon,2004.0,Male,30-34 years,30-34,1.0,133212.0,0.75
18302,Primary and Secondary Syphilis,310.0,Oregon,2004.0,Male,35-39 years,35-39,9.0,125974.0,7.14
18303,Primary and Secondary Syphilis,310.0,Oregon,2004.0,Male,40+ years,40+,9.0,783101.0,1.15
18304,Primary and Secondary Syphilis,310.0,Oregon,2005.0,Male,15-19 years,15-19,1.0,127351.0,0.79
18305,Primary and Secondary Syphilis,310.0,Oregon,2005.0,Male,20-24 years,20-24,6.0,130464.0,4.6
18306,Primary and Secondary Syphilis,310.0,Oregon,2005.0,Male,25-29 years,25-29,3.0,132438.0,2.27
18307,Primary and Secondary Syphilis,310.0,Oregon,2005.0,Male,30-34 years,30-34,6.0,133110.0,4.51
18308,Primary and Secondary Syphilis,310.0,Oregon,2005.0,Male,35-39 years,35-39,6.0,129970.0,4.62
18309,Primary and Secondary Syphilis,310.0,Oregon,2005.0,Male,40+ years,40+,17.0,799747.0,2.13
18310,Primary and Secondary Syphilis,310.0,Oregon,2006.0,Male,20-24 years,20-24,4.0,127846.0,3.13
18311,Primary and Secondary Syphilis,310.0,Oregon,2006.0,Male,25-29 years,25-29,6.0,140173.0,4.28
18312,Primary and Secondary Syphilis,310.0,Oregon,2006.0,Male,30-34 years,30-34,3.0,127636.0,2.35
18313,Primary and Secondary Syphilis,310.0,Oregon,2006.0,Male,35-39 years,35-39,5.0,130221.0,3.84
18314,Primary and Secondary Syphilis,310.0,Oregon,2006.0,Male,40+ years,40+,11.0,828181.0,1.33
18315,Primary and Secondary Syphilis,310.0,Oregon,2007.0,Male,20-24 years,20-24,1.0,124329.0,0.8
18316,Primary and Secondary Syphilis,310.0,Oregon,2007.0,Male,25-29 years,25-29,2.0,142206.0,1.41
18317,Primary and Secondary Syphilis,310.0,Oregon,2007.0,Male,35-39 years,35-39,3.0,132558.0,2.26
18318,Primary and Secondary Syphilis,310.0,Oregon,2007.0,Male,40+ years,40+,10.0,844459.0,1.18
18319,Primary and Secondary Syphilis,310.0,Oregon,2008.0,Male,20-24 years,20-24,2.0,123929.0,1.61
18320,Primary and Secondary Syphilis,310.0,Oregon,2008.0,Male,25-29 years,25-29,10.0,142171.0,7.03
18321,Primary and Secondary Syphilis,310.0,Oregon,2008.0,Male,30-34 years,30-34,7.0,131876.0,5.31
18322,Primary and Secondary Syphilis,310.0,Oregon,2008.0,Male,35-39 years,35-39,2.0,132705.0,1.51
18323,Primary and Secondary Syphilis,310.0,Oregon,2008.0,Male,40+ years,40+,3.0,858840.0,0.35
18324,Primary and Secondary Syphilis,310.0,Oregon,2009.0,Male,20-24 years,20-24,6.0,133140.0,4.51
18325,Primary and Secondary Syphilis,310.0,Oregon,2009.0,Male,25-29 years,25-29,4.0,137821.0,2.9
18326,Primary and Secondary Syphilis,310.0,Oregon,2009.0,Male,30-34 years,30-34,6.0,129275.0,4.64
18327,Primary and Secondary Syphilis,310.0,Oregon,2009.0,Male,35-39 years,35-39,10.0,131303.0,7.62
18328,Primary and Secondary Syphilis,310.0,Oregon,2009.0,Male,40+ years,40+,30.0,866812.0,3.46
18329,Primary and Secondary Syphilis,310.0,Oregon,2010.0,Male,15-19 years,15-19,2.0,130677.0,1.53
18330,Primary and Secondary Syphilis,310.0,Oregon,2010.0,Male,20-24 years,20-24,12.0,128461.0,9.34
18331,Primary and Secondary Syphilis,310.0,Oregon,2010.0,Male,25-29 years,25-29,10.0,133636.0,7.48
18332,Primary and Secondary Syphilis,310.0,Oregon,2010.0,Male,30-34 years,30-34,9.0,131139.0,6.86
18333,Primary and Secondary Syphilis,310.0,Oregon,2010.0,Male,35-39 years,35-39,8.0,127827.0,6.26
18334,Primary and Secondary Syphilis,310.0,Oregon,2010.0,Male,40+ years,40+,29.0,877157.0,3.31
18335,Primary and Secondary Syphilis,310.0,Oregon,2011.0,Male,15-19 years,15-19,3.0,128252.0,2.34
18336,Primary and Secondary Syphilis,310.0,Oregon,2011.0,Male,20-24 years,20-24,10.0,133005.0,7.52
18337,Primary and Secondary Syphilis,310.0,Oregon,2011.0,Male,25-29 years,25-29,14.0,133775.0,10.47
18338,Primary and Secondary Syphilis,310.0,Oregon,2011.0,Male,30-34 years,30-34,14.0,134386.0,10.42
18339,Primary and Secondary Syphilis,310.0,Oregon,2011.0,Male,35-39 years,35-39,11.0,125396.0,8.77
18340,Primary and Secondary Syphilis,310.0,Oregon,2011.0,Male,40+ years,40+,45.0,895481.0,5.03
18341,Primary and Secondary Syphilis,310.0,Oregon,2012.0,Male,15-19 years,15-19,2.0,126677.0,1.58
18342,Primary and Secondary Syphilis,310.0,Oregon,2012.0,Male,20-24 years,20-24,22.0,135209.0,16.27
18343,Primary and Secondary Syphilis,310.0,Oregon,2012.0,Male,25-29 years,25-29,26.0,132643.0,19.6
18344,Primary and Secondary Syphilis,310.0,Oregon,2012.0,Male,30-34 years,30-34,29.0,136689.0,21.22
18345,Primary and Secondary Syphilis,310.0,Oregon,2012.0,Male,35-39 years,35-39,24.0,125932.0,19.06
18346,Primary and Secondary Syphilis,310.0,Oregon,2012.0,Male,40+ years,40+,103.0,908882.0,11.33
18347,Primary and Secondary Syphilis,310.0,Oregon,2013.0,Male,15-19 years,15-19,11.0,126014.0,8.73
18348,Primary and Secondary Syphilis,310.0,Oregon,2013.0,Male,20-24 years,20-24,27.0,135855.0,19.87
18349,Primary and Secondary Syphilis,310.0,Oregon,2013.0,Male,25-29 years,25-29,41.0,132385.0,30.97
18350,Primary and Secondary Syphilis,310.0,Oregon,2013.0,Male,30-34 years,30-34,33.0,137957.0,23.92
18351,Primary and Secondary Syphilis,310.0,Oregon,2013.0,Male,35-39 years,35-39,32.0,128329.0,24.94
18352,Primary and Secondary Syphilis,310.0,Oregon,2013.0,Male,40+ years,40+,111.0,920482.0,12.06
18353,Primary and Secondary Syphilis,310.0,Oregon,2014.0,Male,15-19 years,15-19,9.0,126014.0,7.14
18354,Primary and Secondary Syphilis,310.0,Oregon,2014.0,Male,20-24 years,20-24,34.0,135855.0,25.03
18355,Primary and Secondary Syphilis,310.0,Oregon,2014.0,Male,25-29 years,25-29,36.0,132385.0,27.19
18356,Primary and Secondary Syphilis,310.0,Oregon,2014.0,Male,30-34 years,30-34,39.0,137957.0,28.27
18357,Primary and Secondary Syphilis,310.0,Oregon,2014.0,Male,35-39 years,35-39,36.0,128329.0,28.05
18358,Primary and Secondary Syphilis,310.0,Oregon,2014.0,Male,40+ years,40+,96.0,920482.0,10.43
18359,Primary and Secondary Syphilis,310.0,Pennsylvania,1996.0,Male,15-19 years,15-19,3.0,416367.0,0.72
18360,Primary and Secondary Syphilis,310.0,Pennsylvania,1996.0,Male,20-24 years,20-24,9.0,377990.0,2.38
18361,Primary and Secondary Syphilis,310.0,Pennsylvania,1996.0,Male,25-29 years,25-29,20.0,413961.0,4.83
18362,Primary and Secondary Syphilis,310.0,Pennsylvania,1996.0,Male,30-34 years,30-34,16.0,439391.0,3.64
18363,Primary and Secondary Syphilis,310.0,Pennsylvania,1996.0,Male,35-39 years,35-39,22.0,500290.0,4.4
18364,Primary and Secondary Syphilis,310.0,Pennsylvania,1996.0,Male,40+ years,40+,32.0,2480926.0,1.29
18365,Primary and Secondary Syphilis,310.0,Pennsylvania,1997.0,Male,15-19 years,15-19,2.0,423810.0,0.47
18366,Primary and Secondary Syphilis,310.0,Pennsylvania,1997.0,Male,20-24 years,20-24,11.0,368791.0,2.98
18367,Primary and Secondary Syphilis,310.0,Pennsylvania,1997.0,Male,25-29 years,25-29,12.0,408601.0,2.94
18368,Primary and Secondary Syphilis,310.0,Pennsylvania,1997.0,Male,30-34 years,30-34,12.0,424424.0,2.83
18369,Primary and Secondary Syphilis,310.0,Pennsylvania,1997.0,Male,35-39 years,35-39,10.0,493401.0,2.03
18370,Primary and Secondary Syphilis,310.0,Pennsylvania,1997.0,Male,40+ years,40+,24.0,2519755.0,0.95
18371,Primary and Secondary Syphilis,310.0,Pennsylvania,1998.0,Male,15-19 years,15-19,2.0,430741.0,0.46
18372,Primary and Secondary Syphilis,310.0,Pennsylvania,1998.0,Male,20-24 years,20-24,13.0,367237.0,3.54
18373,Primary and Secondary Syphilis,310.0,Pennsylvania,1998.0,Male,25-29 years,25-29,5.0,396005.0,1.26
18374,Primary and Secondary Syphilis,310.0,Pennsylvania,1998.0,Male,30-34 years,30-34,10.0,414692.0,2.41
18375,Primary and Secondary Syphilis,310.0,Pennsylvania,1998.0,Male,35-39 years,35-39,15.0,483658.0,3.1
18376,Primary and Secondary Syphilis,310.0,Pennsylvania,1998.0,Male,40+ years,40+,22.0,2559702.0,0.86
18377,Primary and Secondary Syphilis,310.0,Pennsylvania,1999.0,Male,15-19 years,15-19,1.0,432782.0,0.23
18378,Primary and Secondary Syphilis,310.0,Pennsylvania,1999.0,Male,20-24 years,20-24,5.0,370200.0,1.35
18379,Primary and Secondary Syphilis,310.0,Pennsylvania,1999.0,Male,25-29 years,25-29,6.0,379539.0,1.58
18380,Primary and Secondary Syphilis,310.0,Pennsylvania,1999.0,Male,30-34 years,30-34,6.0,410711.0,1.46
18381,Primary and Secondary Syphilis,310.0,Pennsylvania,1999.0,Male,35-39 years,35-39,13.0,475797.0,2.73
18382,Primary and Secondary Syphilis,310.0,Pennsylvania,1999.0,Male,40+ years,40+,26.0,2603632.0,1.0
18383,Primary and Secondary Syphilis,310.0,Pennsylvania,2000.0,Male,15-19 years,15-19,3.0,431995.0,0.69
18384,Primary and Secondary Syphilis,310.0,Pennsylvania,2000.0,Male,20-24 years,20-24,4.0,379103.0,1.06
18385,Primary and Secondary Syphilis,310.0,Pennsylvania,2000.0,Male,25-29 years,25-29,2.0,363012.0,0.55
18386,Primary and Secondary Syphilis,310.0,Pennsylvania,2000.0,Male,30-34 years,30-34,6.0,411228.0,1.46
18387,Primary and Secondary Syphilis,310.0,Pennsylvania,2000.0,Male,35-39 years,35-39,7.0,467100.0,1.5
18388,Primary and Secondary Syphilis,310.0,Pennsylvania,2000.0,Male,40+ years,40+,25.0,2652641.0,0.94
18389,Primary and Secondary Syphilis,310.0,Pennsylvania,2001.0,Male,0-14 years,0-14,1.0,1216586.0,0.08
18390,Primary and Secondary Syphilis,310.0,Pennsylvania,2001.0,Male,20-24 years,20-24,6.0,396478.0,1.51
18391,Primary and Secondary Syphilis,310.0,Pennsylvania,2001.0,Male,25-29 years,25-29,5.0,350603.0,1.43
18392,Primary and Secondary Syphilis,310.0,Pennsylvania,2001.0,Male,30-34 years,30-34,10.0,407656.0,2.45
18393,Primary and Secondary Syphilis,310.0,Pennsylvania,2001.0,Male,35-39 years,35-39,13.0,455742.0,2.85
18394,Primary and Secondary Syphilis,310.0,Pennsylvania,2001.0,Male,40+ years,40+,36.0,2687533.0,1.34
18395,Primary and Secondary Syphilis,310.0,Pennsylvania,2002.0,Male,15-19 years,15-19,1.0,432959.0,0.23
18396,Primary and Secondary Syphilis,310.0,Pennsylvania,2002.0,Male,20-24 years,20-24,6.0,409585.0,1.46
18397,Primary and Secondary Syphilis,310.0,Pennsylvania,2002.0,Male,25-29 years,25-29,9.0,345082.0,2.61
18398,Primary and Secondary Syphilis,310.0,Pennsylvania,2002.0,Male,30-34 years,30-34,15.0,404473.0,3.71
18399,Primary and Secondary Syphilis,310.0,Pennsylvania,2002.0,Male,35-39 years,35-39,12.0,445307.0,2.69
18400,Primary and Secondary Syphilis,310.0,Pennsylvania,2002.0,Male,40+ years,40+,40.0,2724766.0,1.47
18401,Primary and Secondary Syphilis,310.0,Pennsylvania,2003.0,Male,15-19 years,15-19,6.0,436859.0,1.37
18402,Primary and Secondary Syphilis,310.0,Pennsylvania,2003.0,Male,20-24 years,20-24,10.0,423750.0,2.36
18403,Primary and Secondary Syphilis,310.0,Pennsylvania,2003.0,Male,25-29 years,25-29,13.0,349823.0,3.72
18404,Primary and Secondary Syphilis,310.0,Pennsylvania,2003.0,Male,30-34 years,30-34,26.0,389941.0,6.67
18405,Primary and Secondary Syphilis,310.0,Pennsylvania,2003.0,Male,35-39 years,35-39,22.0,433141.0,5.08
18406,Primary and Secondary Syphilis,310.0,Pennsylvania,2003.0,Male,40+ years,40+,49.0,2769437.0,1.77
18407,Primary and Secondary Syphilis,310.0,Pennsylvania,2004.0,Male,15-19 years,15-19,1.0,442251.0,0.23
18408,Primary and Secondary Syphilis,310.0,Pennsylvania,2004.0,Male,20-24 years,20-24,8.0,426098.0,1.88
18409,Primary and Secondary Syphilis,310.0,Pennsylvania,2004.0,Male,25-29 years,25-29,12.0,360977.0,3.32
18410,Primary and Secondary Syphilis,310.0,Pennsylvania,2004.0,Male,30-34 years,30-34,16.0,376997.0,4.24
18411,Primary and Secondary Syphilis,310.0,Pennsylvania,2004.0,Male,35-39 years,35-39,18.0,421064.0,4.27
18412,Primary and Secondary Syphilis,310.0,Pennsylvania,2004.0,Male,40+ years,40+,47.0,2801525.0,1.68
18413,Primary and Secondary Syphilis,310.0,Pennsylvania,2005.0,Male,15-19 years,15-19,4.0,447139.0,0.89
18414,Primary and Secondary Syphilis,310.0,Pennsylvania,2005.0,Male,20-24 years,20-24,25.0,425071.0,5.88
18415,Primary and Secondary Syphilis,310.0,Pennsylvania,2005.0,Male,25-29 years,25-29,21.0,375573.0,5.59
18416,Primary and Secondary Syphilis,310.0,Pennsylvania,2005.0,Male,30-34 years,30-34,23.0,363012.0,6.34
18417,Primary and Secondary Syphilis,310.0,Pennsylvania,2005.0,Male,35-39 years,35-39,32.0,414466.0,7.72
18418,Primary and Secondary Syphilis,310.0,Pennsylvania,2005.0,Male,40+ years,40+,60.0,2835138.0,2.12
18419,Primary and Secondary Syphilis,310.0,Pennsylvania,2006.0,Male,15-19 years,15-19,13.0,457309.0,2.84
18420,Primary and Secondary Syphilis,310.0,Pennsylvania,2006.0,Male,20-24 years,20-24,26.0,428586.0,6.07
18421,Primary and Secondary Syphilis,310.0,Pennsylvania,2006.0,Male,25-29 years,25-29,37.0,372673.0,9.93
18422,Primary and Secondary Syphilis,310.0,Pennsylvania,2006.0,Male,30-34 years,30-34,25.0,362961.0,6.89
18423,Primary and Secondary Syphilis,310.0,Pennsylvania,2006.0,Male,35-39 years,35-39,39.0,416697.0,9.36
18424,Primary and Secondary Syphilis,310.0,Pennsylvania,2006.0,Male,40+ years,40+,90.0,2847766.0,3.16
18425,Primary and Secondary Syphilis,310.0,Pennsylvania,2007.0,Male,0-14 years,0-14,1.0,1154937.0,0.09
18426,Primary and Secondary Syphilis,310.0,Pennsylvania,2007.0,Male,15-19 years,15-19,10.0,456963.0,2.19
18427,Primary and Secondary Syphilis,310.0,Pennsylvania,2007.0,Male,20-24 years,20-24,46.0,422774.0,10.88
18428,Primary and Secondary Syphilis,310.0,Pennsylvania,2007.0,Male,25-29 years,25-29,37.0,376114.0,9.84
18429,Primary and Secondary Syphilis,310.0,Pennsylvania,2007.0,Male,30-34 years,30-34,26.0,358707.0,7.25
18430,Primary and Secondary Syphilis,310.0,Pennsylvania,2007.0,Male,35-39 years,35-39,28.0,412521.0,6.79
18431,Primary and Secondary Syphilis,310.0,Pennsylvania,2007.0,Male,40+ years,40+,81.0,2866973.0,2.83
18432,Primary and Secondary Syphilis,310.0,Pennsylvania,2008.0,Male,15-19 years,15-19,21.0,454057.0,4.62
18433,Primary and Secondary Syphilis,310.0,Pennsylvania,2008.0,Male,20-24 years,20-24,41.0,422312.0,9.71
18434,Primary and Secondary Syphilis,310.0,Pennsylvania,2008.0,Male,25-29 years,25-29,36.0,384602.0,9.36
18435,Primary and Secondary Syphilis,310.0,Pennsylvania,2008.0,Male,30-34 years,30-34,37.0,357044.0,10.36
18436,Primary and Secondary Syphilis,310.0,Pennsylvania,2008.0,Male,35-39 years,35-39,28.0,404553.0,6.92
18437,Primary and Secondary Syphilis,310.0,Pennsylvania,2008.0,Male,40+ years,40+,88.0,2889821.0,3.05
18438,Primary and Secondary Syphilis,310.0,Pennsylvania,2009.0,Male,15-19 years,15-19,18.0,453831.0,3.97
18439,Primary and Secondary Syphilis,310.0,Pennsylvania,2009.0,Male,20-24 years,20-24,62.0,425285.0,14.58
18440,Primary and Secondary Syphilis,310.0,Pennsylvania,2009.0,Male,25-29 years,25-29,60.0,405493.0,14.8
18441,Primary and Secondary Syphilis,310.0,Pennsylvania,2009.0,Male,30-34 years,30-34,42.0,374311.0,11.22
18442,Primary and Secondary Syphilis,310.0,Pennsylvania,2009.0,Male,35-39 years,35-39,36.0,393349.0,9.15
18443,Primary and Secondary Syphilis,310.0,Pennsylvania,2009.0,Male,40+ years,40+,81.0,2929475.0,2.77
18444,Primary and Secondary Syphilis,310.0,Pennsylvania,2010.0,Male,15-19 years,15-19,23.0,462465.0,4.97
18445,Primary and Secondary Syphilis,310.0,Pennsylvania,2010.0,Male,20-24 years,20-24,78.0,441886.0,17.65
18446,Primary and Secondary Syphilis,310.0,Pennsylvania,2010.0,Male,25-29 years,25-29,49.0,392569.0,12.48
18447,Primary and Secondary Syphilis,310.0,Pennsylvania,2010.0,Male,30-34 years,30-34,50.0,364681.0,13.71
18448,Primary and Secondary Syphilis,310.0,Pennsylvania,2010.0,Male,35-39 years,35-39,34.0,380172.0,8.94
18449,Primary and Secondary Syphilis,310.0,Pennsylvania,2010.0,Male,40+ years,40+,99.0,2985788.0,3.32
18450,Primary and Secondary Syphilis,310.0,Pennsylvania,2011.0,Male,0-14 years,0-14,1.0,1152753.0,0.09
18451,Primary and Secondary Syphilis,310.0,Pennsylvania,2011.0,Male,15-19 years,15-19,17.0,452844.0,3.75
18452,Primary and Secondary Syphilis,310.0,Pennsylvania,2011.0,Male,20-24 years,20-24,80.0,447862.0,17.86
18453,Primary and Secondary Syphilis,310.0,Pennsylvania,2011.0,Male,25-29 years,25-29,74.0,401399.0,18.44
18454,Primary and Secondary Syphilis,310.0,Pennsylvania,2011.0,Male,30-34 years,30-34,43.0,375133.0,11.46
18455,Primary and Secondary Syphilis,310.0,Pennsylvania,2011.0,Male,35-39 years,35-39,22.0,363500.0,6.05
18456,Primary and Secondary Syphilis,310.0,Pennsylvania,2011.0,Male,40+ years,40+,102.0,3021071.0,3.38
18457,Primary and Secondary Syphilis,310.0,Pennsylvania,2012.0,Male,15-19 years,15-19,20.0,441841.0,4.53
18458,Primary and Secondary Syphilis,310.0,Pennsylvania,2012.0,Male,20-24 years,20-24,87.0,450597.0,19.31
18459,Primary and Secondary Syphilis,310.0,Pennsylvania,2012.0,Male,25-29 years,25-29,92.0,408934.0,22.5
18460,Primary and Secondary Syphilis,310.0,Pennsylvania,2012.0,Male,30-34 years,30-34,66.0,384456.0,17.17
18461,Primary and Secondary Syphilis,310.0,Pennsylvania,2012.0,Male,35-39 years,35-39,46.0,356965.0,12.89
18462,Primary and Secondary Syphilis,310.0,Pennsylvania,2012.0,Male,40+ years,40+,149.0,3038728.0,4.9
18463,Primary and Secondary Syphilis,310.0,Pennsylvania,2013.0,Male,0-14 years,0-14,1.0,1142049.0,0.09
18464,Primary and Secondary Syphilis,310.0,Pennsylvania,2013.0,Male,15-19 years,15-19,15.0,432225.0,3.47
18465,Primary and Secondary Syphilis,310.0,Pennsylvania,2013.0,Male,20-24 years,20-24,85.0,445889.0,19.06
18466,Primary and Secondary Syphilis,310.0,Pennsylvania,2013.0,Male,25-29 years,25-29,94.0,420113.0,22.37
18467,Primary and Secondary Syphilis,310.0,Pennsylvania,2013.0,Male,30-34 years,30-34,60.0,393112.0,15.26
18468,Primary and Secondary Syphilis,310.0,Pennsylvania,2013.0,Male,35-39 years,35-39,45.0,357654.0,12.58
18469,Primary and Secondary Syphilis,310.0,Pennsylvania,2013.0,Male,40+ years,40+,145.0,3051298.0,4.75
18470,Primary and Secondary Syphilis,310.0,Pennsylvania,2014.0,Male,0-14 years,0-14,1.0,1142049.0,0.09
18471,Primary and Secondary Syphilis,310.0,Pennsylvania,2014.0,Male,15-19 years,15-19,32.0,432225.0,7.4
18472,Primary and Secondary Syphilis,310.0,Pennsylvania,2014.0,Male,20-24 years,20-24,117.0,445889.0,26.24
18473,Primary and Secondary Syphilis,310.0,Pennsylvania,2014.0,Male,25-29 years,25-29,124.0,420113.0,29.52
18474,Primary and Secondary Syphilis,310.0,Pennsylvania,2014.0,Male,30-34 years,30-34,60.0,393112.0,15.26
18475,Primary and Secondary Syphilis,310.0,Pennsylvania,2014.0,Male,35-39 years,35-39,27.0,357654.0,7.55
18476,Primary and Secondary Syphilis,310.0,Pennsylvania,2014.0,Male,40+ years,40+,124.0,3051298.0,4.06
18477,Primary and Secondary Syphilis,310.0,Rhode Island,1996.0,Male,20-24 years,20-24,1.0,34258.0,2.92
18478,Primary and Secondary Syphilis,310.0,Rhode Island,1996.0,Male,30-34 years,30-34,1.0,38476.0,2.6
18479,Primary and Secondary Syphilis,310.0,Rhode Island,1996.0,Male,40+ years,40+,1.0,196794.0,0.51
18480,Primary and Secondary Syphilis,310.0,Rhode Island,1997.0,Male,35-39 years,35-39,1.0,42747.0,2.34
18481,Primary and Secondary Syphilis,310.0,Rhode Island,1999.0,Male,25-29 years,25-29,1.0,33907.0,2.95
18482,Primary and Secondary Syphilis,310.0,Rhode Island,1999.0,Male,30-34 years,30-34,1.0,36384.0,2.75
18483,Primary and Secondary Syphilis,310.0,Rhode Island,2000.0,Male,15-19 years,15-19,1.0,37527.0,2.66
18484,Primary and Secondary Syphilis,310.0,Rhode Island,2000.0,Male,40+ years,40+,1.0,215448.0,0.46
18485,Primary and Secondary Syphilis,310.0,Rhode Island,2001.0,Male,30-34 years,30-34,2.0,36411.0,5.49
18486,Primary and Secondary Syphilis,310.0,Rhode Island,2001.0,Male,35-39 years,35-39,2.0,41667.0,4.8
18487,Primary and Secondary Syphilis,310.0,Rhode Island,2001.0,Male,40+ years,40+,5.0,220291.0,2.27
18488,Primary and Secondary Syphilis,310.0,Rhode Island,2002.0,Male,15-19 years,15-19,1.0,35657.0,2.8
18489,Primary and Secondary Syphilis,310.0,Rhode Island,2002.0,Male,20-24 years,20-24,3.0,42548.0,7.05
18490,Primary and Secondary Syphilis,310.0,Rhode Island,2002.0,Male,30-34 years,30-34,2.0,36388.0,5.5
18491,Primary and Secondary Syphilis,310.0,Rhode Island,2002.0,Male,35-39 years,35-39,1.0,41052.0,2.44
18492,Primary and Secondary Syphilis,310.0,Rhode Island,2002.0,Male,40+ years,40+,4.0,225807.0,1.77
18493,Primary and Secondary Syphilis,310.0,Rhode Island,2003.0,Male,20-24 years,20-24,3.0,42629.0,7.04
18494,Primary and Secondary Syphilis,310.0,Rhode Island,2003.0,Male,25-29 years,25-29,3.0,32930.0,9.11
18495,Primary and Secondary Syphilis,310.0,Rhode Island,2003.0,Male,30-34 years,30-34,2.0,34384.0,5.82
18496,Primary and Secondary Syphilis,310.0,Rhode Island,2003.0,Male,35-39 years,35-39,3.0,39708.0,7.56
18497,Primary and Secondary Syphilis,310.0,Rhode Island,2003.0,Male,40+ years,40+,14.0,229176.0,6.11
18498,Primary and Secondary Syphilis,310.0,Rhode Island,2004.0,Male,15-19 years,15-19,1.0,37205.0,2.69
18499,Primary and Secondary Syphilis,310.0,Rhode Island,2004.0,Male,20-24 years,20-24,1.0,42089.0,2.38
18500,Primary and Secondary Syphilis,310.0,Rhode Island,2004.0,Male,25-29 years,25-29,2.0,35310.0,5.66
18501,Primary and Secondary Syphilis,310.0,Rhode Island,2004.0,Male,30-34 years,30-34,3.0,33214.0,9.03
18502,Primary and Secondary Syphilis,310.0,Rhode Island,2004.0,Male,35-39 years,35-39,3.0,38467.0,7.8
18503,Primary and Secondary Syphilis,310.0,Rhode Island,2004.0,Male,40+ years,40+,6.0,232615.0,2.58
18504,Primary and Secondary Syphilis,310.0,Rhode Island,2005.0,Male,20-24 years,20-24,5.0,39916.0,12.53
18505,Primary and Secondary Syphilis,310.0,Rhode Island,2005.0,Male,25-29 years,25-29,1.0,37640.0,2.66
18506,Primary and Secondary Syphilis,310.0,Rhode Island,2005.0,Male,35-39 years,35-39,3.0,37088.0,8.09
18507,Primary and Secondary Syphilis,310.0,Rhode Island,2005.0,Male,40+ years,40+,9.0,233490.0,3.85
18508,Primary and Secondary Syphilis,310.0,Rhode Island,2006.0,Male,15-19 years,15-19,1.0,41076.0,2.43
18509,Primary and Secondary Syphilis,310.0,Rhode Island,2006.0,Male,20-24 years,20-24,1.0,39675.0,2.52
18510,Primary and Secondary Syphilis,310.0,Rhode Island,2006.0,Male,25-29 years,25-29,1.0,33848.0,2.95
18511,Primary and Secondary Syphilis,310.0,Rhode Island,2006.0,Male,30-34 years,30-34,3.0,31902.0,9.4
18512,Primary and Secondary Syphilis,310.0,Rhode Island,2006.0,Male,35-39 years,35-39,4.0,36823.0,10.86
18513,Primary and Secondary Syphilis,310.0,Rhode Island,2006.0,Male,40+ years,40+,4.0,233908.0,1.71
18514,Primary and Secondary Syphilis,310.0,Rhode Island,2007.0,Male,15-19 years,15-19,2.0,40550.0,4.93
18515,Primary and Secondary Syphilis,310.0,Rhode Island,2007.0,Male,20-24 years,20-24,3.0,39468.0,7.6
18516,Primary and Secondary Syphilis,310.0,Rhode Island,2007.0,Male,25-29 years,25-29,2.0,34026.0,5.88
18517,Primary and Secondary Syphilis,310.0,Rhode Island,2007.0,Male,30-34 years,30-34,5.0,30953.0,16.15
18518,Primary and Secondary Syphilis,310.0,Rhode Island,2007.0,Male,35-39 years,35-39,4.0,36200.0,11.05
18519,Primary and Secondary Syphilis,310.0,Rhode Island,2007.0,Male,40+ years,40+,18.0,233986.0,7.69
18520,Primary and Secondary Syphilis,310.0,Rhode Island,2008.0,Male,20-24 years,20-24,3.0,39041.0,7.68
18521,Primary and Secondary Syphilis,310.0,Rhode Island,2008.0,Male,25-29 years,25-29,3.0,33814.0,8.87
18522,Primary and Secondary Syphilis,310.0,Rhode Island,2008.0,Male,30-34 years,30-34,4.0,31334.0,12.77
18523,Primary and Secondary Syphilis,310.0,Rhode Island,2008.0,Male,35-39 years,35-39,1.0,34514.0,2.9
18524,Primary and Secondary Syphilis,310.0,Rhode Island,2008.0,Male,40+ years,40+,7.0,234653.0,2.98
18525,Primary and Secondary Syphilis,310.0,Rhode Island,2009.0,Male,15-19 years,15-19,1.0,39994.0,2.5
18526,Primary and Secondary Syphilis,310.0,Rhode Island,2009.0,Male,20-24 years,20-24,2.0,38065.0,5.25
18527,Primary and Secondary Syphilis,310.0,Rhode Island,2009.0,Male,25-29 years,25-29,5.0,34518.0,14.49
18528,Primary and Secondary Syphilis,310.0,Rhode Island,2009.0,Male,30-34 years,30-34,1.0,32527.0,3.07
18529,Primary and Secondary Syphilis,310.0,Rhode Island,2009.0,Male,35-39 years,35-39,1.0,33331.0,3.0
18530,Primary and Secondary Syphilis,310.0,Rhode Island,2009.0,Male,40+ years,40+,9.0,238205.0,3.78
18531,Primary and Secondary Syphilis,310.0,Rhode Island,2010.0,Male,15-19 years,15-19,1.0,40157.0,2.49
18532,Primary and Secondary Syphilis,310.0,Rhode Island,2010.0,Male,20-24 years,20-24,6.0,41229.0,14.55
18533,Primary and Secondary Syphilis,310.0,Rhode Island,2010.0,Male,25-29 years,25-29,4.0,33126.0,12.08
18534,Primary and Secondary Syphilis,310.0,Rhode Island,2010.0,Male,30-34 years,30-34,7.0,30056.0,23.29
18535,Primary and Secondary Syphilis,310.0,Rhode Island,2010.0,Male,35-39 years,35-39,4.0,31185.0,12.83
18536,Primary and Secondary Syphilis,310.0,Rhode Island,2010.0,Male,40+ years,40+,17.0,239527.0,7.1
18537,Primary and Secondary Syphilis,310.0,Rhode Island,2011.0,Male,15-19 years,15-19,1.0,39106.0,2.56
18538,Primary and Secondary Syphilis,310.0,Rhode Island,2011.0,Male,20-24 years,20-24,3.0,42184.0,7.11
18539,Primary and Secondary Syphilis,310.0,Rhode Island,2011.0,Male,25-29 years,25-29,4.0,33263.0,12.03
18540,Primary and Secondary Syphilis,310.0,Rhode Island,2011.0,Male,30-34 years,30-34,10.0,30954.0,32.31
18541,Primary and Secondary Syphilis,310.0,Rhode Island,2011.0,Male,35-39 years,35-39,5.0,29732.0,16.82
18542,Primary and Secondary Syphilis,310.0,Rhode Island,2011.0,Male,40+ years,40+,20.0,241340.0,8.29
18543,Primary and Secondary Syphilis,310.0,Rhode Island,2012.0,Male,15-19 years,15-19,2.0,38344.0,5.22
18544,Primary and Secondary Syphilis,310.0,Rhode Island,2012.0,Male,20-24 years,20-24,8.0,42155.0,18.98
18545,Primary and Secondary Syphilis,310.0,Rhode Island,2012.0,Male,25-29 years,25-29,6.0,34085.0,17.6
18546,Primary and Secondary Syphilis,310.0,Rhode Island,2012.0,Male,30-34 years,30-34,4.0,31671.0,12.63
18547,Primary and Secondary Syphilis,310.0,Rhode Island,2012.0,Male,35-39 years,35-39,6.0,28996.0,20.69
18548,Primary and Secondary Syphilis,310.0,Rhode Island,2012.0,Male,40+ years,40+,17.0,242429.0,7.01
18549,Primary and Secondary Syphilis,310.0,Rhode Island,2013.0,Male,15-19 years,15-19,1.0,37437.0,2.67
18550,Primary and Secondary Syphilis,310.0,Rhode Island,2013.0,Male,20-24 years,20-24,4.0,41362.0,9.67
18551,Primary and Secondary Syphilis,310.0,Rhode Island,2013.0,Male,25-29 years,25-29,6.0,35839.0,16.74
18552,Primary and Secondary Syphilis,310.0,Rhode Island,2013.0,Male,30-34 years,30-34,5.0,32435.0,15.42
18553,Primary and Secondary Syphilis,310.0,Rhode Island,2013.0,Male,35-39 years,35-39,5.0,29150.0,17.15
18554,Primary and Secondary Syphilis,310.0,Rhode Island,2013.0,Male,40+ years,40+,23.0,243436.0,9.45
18555,Primary and Secondary Syphilis,310.0,Rhode Island,2014.0,Male,15-19 years,15-19,1.0,37437.0,2.67
18556,Primary and Secondary Syphilis,310.0,Rhode Island,2014.0,Male,20-24 years,20-24,14.0,41362.0,33.85
18557,Primary and Secondary Syphilis,310.0,Rhode Island,2014.0,Male,25-29 years,25-29,15.0,35839.0,41.85
18558,Primary and Secondary Syphilis,310.0,Rhode Island,2014.0,Male,30-34 years,30-34,11.0,32435.0,33.91
18559,Primary and Secondary Syphilis,310.0,Rhode Island,2014.0,Male,35-39 years,35-39,4.0,29150.0,13.72
18560,Primary and Secondary Syphilis,310.0,Rhode Island,2014.0,Male,40+ years,40+,21.0,243436.0,8.63
18561,Primary and Secondary Syphilis,310.0,South Carolina,1996.0,Male,0-14 years,0-14,3.0,418292.0,0.72
18562,Primary and Secondary Syphilis,310.0,South Carolina,1996.0,Male,15-19 years,15-19,8.0,144036.0,5.55
18563,Primary and Secondary Syphilis,310.0,South Carolina,1996.0,Male,20-24 years,20-24,41.0,136856.0,29.96
18564,Primary and Secondary Syphilis,310.0,South Carolina,1996.0,Male,25-29 years,25-29,22.0,139250.0,15.8
18565,Primary and Secondary Syphilis,310.0,South Carolina,1996.0,Male,30-34 years,30-34,45.0,144521.0,31.14
18566,Primary and Secondary Syphilis,310.0,South Carolina,1996.0,Male,35-39 years,35-39,45.0,149455.0,30.11
18567,Primary and Secondary Syphilis,310.0,South Carolina,1996.0,Male,40+ years,40+,56.0,703298.0,7.96
18568,Primary and Secondary Syphilis,310.0,South Carolina,1997.0,Male,15-19 years,15-19,7.0,147090.0,4.76
18569,Primary and Secondary Syphilis,310.0,South Carolina,1997.0,Male,20-24 years,20-24,21.0,135721.0,15.47
18570,Primary and Secondary Syphilis,310.0,South Carolina,1997.0,Male,25-29 years,25-29,21.0,140874.0,14.91
18571,Primary and Secondary Syphilis,310.0,South Carolina,1997.0,Male,30-34 years,30-34,30.0,141702.0,21.17
18572,Primary and Secondary Syphilis,310.0,South Carolina,1997.0,Male,35-39 years,35-39,45.0,150638.0,29.87
18573,Primary and Secondary Syphilis,310.0,South Carolina,1997.0,Male,40+ years,40+,83.0,727419.0,11.41
18574,Primary and Secondary Syphilis,310.0,South Carolina,1998.0,Male,15-19 years,15-19,4.0,149584.0,2.67
18575,Primary and Secondary Syphilis,310.0,South Carolina,1998.0,Male,20-24 years,20-24,18.0,137160.0,13.12
18576,Primary and Secondary Syphilis,310.0,South Carolina,1998.0,Male,25-29 years,25-29,16.0,141096.0,11.34
18577,Primary and Secondary Syphilis,310.0,South Carolina,1998.0,Male,30-34 years,30-34,20.0,139776.0,14.31
18578,Primary and Secondary Syphilis,310.0,South Carolina,1998.0,Male,35-39 years,35-39,33.0,152295.0,21.67
18579,Primary and Secondary Syphilis,310.0,South Carolina,1998.0,Male,40+ years,40+,48.0,751576.0,6.39
18580,Primary and Secondary Syphilis,310.0,South Carolina,1998.0,Male,Unknown,99,1.0,,
18581,Primary and Secondary Syphilis,310.0,South Carolina,1999.0,Male,15-19 years,15-19,8.0,150604.0,5.31
18582,Primary and Secondary Syphilis,310.0,South Carolina,1999.0,Male,20-24 years,20-24,21.0,141107.0,14.88
18583,Primary and Secondary Syphilis,310.0,South Carolina,1999.0,Male,25-29 years,25-29,24.0,140445.0,17.09
18584,Primary and Secondary Syphilis,310.0,South Carolina,1999.0,Male,30-34 years,30-34,17.0,139623.0,12.18
18585,Primary and Secondary Syphilis,310.0,South Carolina,1999.0,Male,35-39 years,35-39,29.0,154810.0,18.73
18586,Primary and Secondary Syphilis,310.0,South Carolina,1999.0,Male,40+ years,40+,53.0,774447.0,6.84
18587,Primary and Secondary Syphilis,310.0,South Carolina,2000.0,Male,15-19 years,15-19,8.0,149210.0,5.36
18588,Primary and Secondary Syphilis,310.0,South Carolina,2000.0,Male,20-24 years,20-24,21.0,146859.0,14.3
18589,Primary and Secondary Syphilis,310.0,South Carolina,2000.0,Male,25-29 years,25-29,21.0,138631.0,15.15
18590,Primary and Secondary Syphilis,310.0,South Carolina,2000.0,Male,30-34 years,30-34,22.0,142493.0,15.44
18591,Primary and Secondary Syphilis,310.0,South Carolina,2000.0,Male,35-39 years,35-39,18.0,156012.0,11.54
18592,Primary and Secondary Syphilis,310.0,South Carolina,2000.0,Male,40+ years,40+,43.0,803055.0,5.35
18593,Primary and Secondary Syphilis,310.0,South Carolina,2001.0,Male,15-19 years,15-19,7.0,146435.0,4.78
18594,Primary and Secondary Syphilis,310.0,South Carolina,2001.0,Male,20-24 years,20-24,15.0,154162.0,9.73
18595,Primary and Secondary Syphilis,310.0,South Carolina,2001.0,Male,25-29 years,25-29,23.0,136139.0,16.89
18596,Primary and Secondary Syphilis,310.0,South Carolina,2001.0,Male,30-34 years,30-34,15.0,143476.0,10.45
18597,Primary and Secondary Syphilis,310.0,South Carolina,2001.0,Male,35-39 years,35-39,16.0,153791.0,10.4
18598,Primary and Secondary Syphilis,310.0,South Carolina,2001.0,Male,40+ years,40+,58.0,819914.0,7.07
18599,Primary and Secondary Syphilis,310.0,South Carolina,2002.0,Male,15-19 years,15-19,3.0,145478.0,2.06
18600,Primary and Secondary Syphilis,310.0,South Carolina,2002.0,Male,20-24 years,20-24,13.0,159311.0,8.16
18601,Primary and Secondary Syphilis,310.0,South Carolina,2002.0,Male,25-29 years,25-29,14.0,136786.0,10.23
18602,Primary and Secondary Syphilis,310.0,South Carolina,2002.0,Male,30-34 years,30-34,6.0,145825.0,4.11
18603,Primary and Secondary Syphilis,310.0,South Carolina,2002.0,Male,35-39 years,35-39,16.0,151614.0,10.55
18604,Primary and Secondary Syphilis,310.0,South Carolina,2002.0,Male,40+ years,40+,24.0,841003.0,2.85
18605,Primary and Secondary Syphilis,310.0,South Carolina,2003.0,Male,15-19 years,15-19,2.0,148012.0,1.35
18606,Primary and Secondary Syphilis,310.0,South Carolina,2003.0,Male,20-24 years,20-24,9.0,160204.0,5.62
18607,Primary and Secondary Syphilis,310.0,South Carolina,2003.0,Male,25-29 years,25-29,13.0,137354.0,9.46
18608,Primary and Secondary Syphilis,310.0,South Carolina,2003.0,Male,30-34 years,30-34,5.0,142427.0,3.51
18609,Primary and Secondary Syphilis,310.0,South Carolina,2003.0,Male,35-39 years,35-39,13.0,145688.0,8.92
18610,Primary and Secondary Syphilis,310.0,South Carolina,2003.0,Male,40+ years,40+,28.0,849908.0,3.29
18611,Primary and Secondary Syphilis,310.0,South Carolina,2004.0,Male,15-19 years,15-19,2.0,150475.0,1.33
18612,Primary and Secondary Syphilis,310.0,South Carolina,2004.0,Male,20-24 years,20-24,14.0,160905.0,8.7
18613,Primary and Secondary Syphilis,310.0,South Carolina,2004.0,Male,25-29 years,25-29,10.0,142287.0,7.03
18614,Primary and Secondary Syphilis,310.0,South Carolina,2004.0,Male,30-34 years,30-34,10.0,142025.0,7.04
18615,Primary and Secondary Syphilis,310.0,South Carolina,2004.0,Male,35-39 years,35-39,17.0,143535.0,11.84
18616,Primary and Secondary Syphilis,310.0,South Carolina,2004.0,Male,40+ years,40+,38.0,872060.0,4.36
18617,Primary and Secondary Syphilis,310.0,South Carolina,2005.0,Male,15-19 years,15-19,4.0,153678.0,2.6
18618,Primary and Secondary Syphilis,310.0,South Carolina,2005.0,Male,20-24 years,20-24,9.0,159679.0,5.64
18619,Primary and Secondary Syphilis,310.0,South Carolina,2005.0,Male,25-29 years,25-29,10.0,149259.0,6.7
18620,Primary and Secondary Syphilis,310.0,South Carolina,2005.0,Male,30-34 years,30-34,16.0,139934.0,11.43
18621,Primary and Secondary Syphilis,310.0,South Carolina,2005.0,Male,35-39 years,35-39,12.0,143735.0,8.35
18622,Primary and Secondary Syphilis,310.0,South Carolina,2005.0,Male,40+ years,40+,16.0,896003.0,1.79
18623,Primary and Secondary Syphilis,310.0,South Carolina,2006.0,Male,15-19 years,15-19,2.0,160696.0,1.24
18624,Primary and Secondary Syphilis,310.0,South Carolina,2006.0,Male,20-24 years,20-24,14.0,152828.0,9.16
18625,Primary and Secondary Syphilis,310.0,South Carolina,2006.0,Male,25-29 years,25-29,11.0,146692.0,7.5
18626,Primary and Secondary Syphilis,310.0,South Carolina,2006.0,Male,30-34 years,30-34,4.0,137590.0,2.91
18627,Primary and Secondary Syphilis,310.0,South Carolina,2006.0,Male,35-39 years,35-39,9.0,146479.0,6.14
18628,Primary and Secondary Syphilis,310.0,South Carolina,2006.0,Male,40+ years,40+,15.0,923948.0,1.62
18629,Primary and Secondary Syphilis,310.0,South Carolina,2007.0,Male,15-19 years,15-19,9.0,162953.0,5.52
18630,Primary and Secondary Syphilis,310.0,South Carolina,2007.0,Male,20-24 years,20-24,14.0,157606.0,8.88
18631,Primary and Secondary Syphilis,310.0,South Carolina,2007.0,Male,25-29 years,25-29,11.0,147845.0,7.44
18632,Primary and Secondary Syphilis,310.0,South Carolina,2007.0,Male,30-34 years,30-34,11.0,137844.0,7.98
18633,Primary and Secondary Syphilis,310.0,South Carolina,2007.0,Male,35-39 years,35-39,6.0,149294.0,4.02
18634,Primary and Secondary Syphilis,310.0,South Carolina,2007.0,Male,40+ years,40+,30.0,945430.0,3.17
18635,Primary and Secondary Syphilis,310.0,South Carolina,2008.0,Male,15-19 years,15-19,5.0,164322.0,3.04
18636,Primary and Secondary Syphilis,310.0,South Carolina,2008.0,Male,20-24 years,20-24,20.0,157801.0,12.67
18637,Primary and Secondary Syphilis,310.0,South Carolina,2008.0,Male,25-29 years,25-29,14.0,151438.0,9.24
18638,Primary and Secondary Syphilis,310.0,South Carolina,2008.0,Male,30-34 years,30-34,6.0,139014.0,4.32
18639,Primary and Secondary Syphilis,310.0,South Carolina,2008.0,Male,35-39 years,35-39,10.0,150229.0,6.66
18640,Primary and Secondary Syphilis,310.0,South Carolina,2008.0,Male,40+ years,40+,31.0,967969.0,3.2
18641,Primary and Secondary Syphilis,310.0,South Carolina,2009.0,Male,15-19 years,15-19,13.0,165454.0,7.86
18642,Primary and Secondary Syphilis,310.0,South Carolina,2009.0,Male,20-24 years,20-24,27.0,163991.0,16.46
18643,Primary and Secondary Syphilis,310.0,South Carolina,2009.0,Male,25-29 years,25-29,23.0,157109.0,14.64
18644,Primary and Secondary Syphilis,310.0,South Carolina,2009.0,Male,30-34 years,30-34,16.0,141049.0,11.34
18645,Primary and Secondary Syphilis,310.0,South Carolina,2009.0,Male,35-39 years,35-39,10.0,147373.0,6.79
18646,Primary and Secondary Syphilis,310.0,South Carolina,2009.0,Male,40+ years,40+,24.0,986761.0,2.43
18647,Primary and Secondary Syphilis,310.0,South Carolina,2010.0,Male,0-14 years,0-14,1.0,455899.0,0.22
18648,Primary and Secondary Syphilis,310.0,South Carolina,2010.0,Male,15-19 years,15-19,20.0,168250.0,11.89
18649,Primary and Secondary Syphilis,310.0,South Carolina,2010.0,Male,20-24 years,20-24,39.0,168546.0,23.14
18650,Primary and Secondary Syphilis,310.0,South Carolina,2010.0,Male,25-29 years,25-29,36.0,151620.0,23.74
18651,Primary and Secondary Syphilis,310.0,South Carolina,2010.0,Male,30-34 years,30-34,15.0,142881.0,10.5
18652,Primary and Secondary Syphilis,310.0,South Carolina,2010.0,Male,35-39 years,35-39,9.0,145905.0,6.17
18653,Primary and Secondary Syphilis,310.0,South Carolina,2010.0,Male,40+ years,40+,26.0,1017000.0,2.56
18654,Primary and Secondary Syphilis,310.0,South Carolina,2011.0,Male,15-19 years,15-19,16.0,163850.0,9.77
18655,Primary and Secondary Syphilis,310.0,South Carolina,2011.0,Male,20-24 years,20-24,70.0,173590.0,40.32
18656,Primary and Secondary Syphilis,310.0,South Carolina,2011.0,Male,25-29 years,25-29,48.0,152558.0,31.46
18657,Primary and Secondary Syphilis,310.0,South Carolina,2011.0,Male,30-34 years,30-34,20.0,146131.0,13.69
18658,Primary and Secondary Syphilis,310.0,South Carolina,2011.0,Male,35-39 years,35-39,13.0,140800.0,9.23
18659,Primary and Secondary Syphilis,310.0,South Carolina,2011.0,Male,40+ years,40+,30.0,1041059.0,2.88
18660,Primary and Secondary Syphilis,310.0,South Carolina,2012.0,Male,15-19 years,15-19,17.0,161684.0,10.51
18661,Primary and Secondary Syphilis,310.0,South Carolina,2012.0,Male,20-24 years,20-24,46.0,177244.0,25.95
18662,Primary and Secondary Syphilis,310.0,South Carolina,2012.0,Male,25-29 years,25-29,38.0,153669.0,24.73
18663,Primary and Secondary Syphilis,310.0,South Carolina,2012.0,Male,30-34 years,30-34,21.0,147872.0,14.2
18664,Primary and Secondary Syphilis,310.0,South Carolina,2012.0,Male,35-39 years,35-39,20.0,139527.0,14.33
18665,Primary and Secondary Syphilis,310.0,South Carolina,2012.0,Male,40+ years,40+,49.0,1058355.0,4.63
18666,Primary and Secondary Syphilis,310.0,South Carolina,2013.0,Male,15-19 years,15-19,9.0,160713.0,5.6
18667,Primary and Secondary Syphilis,310.0,South Carolina,2013.0,Male,20-24 years,20-24,76.0,182092.0,41.74
18668,Primary and Secondary Syphilis,310.0,South Carolina,2013.0,Male,25-29 years,25-29,49.0,154959.0,31.62
18669,Primary and Secondary Syphilis,310.0,South Carolina,2013.0,Male,30-34 years,30-34,28.0,149320.0,18.75
18670,Primary and Secondary Syphilis,310.0,South Carolina,2013.0,Male,35-39 years,35-39,13.0,139794.0,9.3
18671,Primary and Secondary Syphilis,310.0,South Carolina,2013.0,Male,40+ years,40+,56.0,1077635.0,5.2
18672,Primary and Secondary Syphilis,310.0,South Carolina,2013.0,Male,Unknown,99,1.0,,
18673,Primary and Secondary Syphilis,310.0,South Carolina,2014.0,Male,15-19 years,15-19,7.0,160713.0,4.36
18674,Primary and Secondary Syphilis,310.0,South Carolina,2014.0,Male,20-24 years,20-24,64.0,182092.0,35.15
18675,Primary and Secondary Syphilis,310.0,South Carolina,2014.0,Male,25-29 years,25-29,61.0,154959.0,39.37
18676,Primary and Secondary Syphilis,310.0,South Carolina,2014.0,Male,30-34 years,30-34,30.0,149320.0,20.09
18677,Primary and Secondary Syphilis,310.0,South Carolina,2014.0,Male,35-39 years,35-39,12.0,139794.0,8.58
18678,Primary and Secondary Syphilis,310.0,South Carolina,2014.0,Male,40+ years,40+,53.0,1077635.0,4.92
18679,Primary and Secondary Syphilis,310.0,South Dakota,1997.0,Male,40+ years,40+,1.0,147154.0,0.68
18680,Primary and Secondary Syphilis,310.0,South Dakota,2001.0,Male,20-24 years,20-24,1.0,28848.0,3.47
18681,Primary and Secondary Syphilis,310.0,South Dakota,2003.0,Male,30-34 years,30-34,1.0,22621.0,4.42
18682,Primary and Secondary Syphilis,310.0,South Dakota,2003.0,Male,35-39 years,35-39,1.0,24483.0,4.08
18683,Primary and Secondary Syphilis,310.0,South Dakota,2005.0,Male,35-39 years,35-39,2.0,23788.0,8.41
18684,Primary and Secondary Syphilis,310.0,South Dakota,2006.0,Male,20-24 years,20-24,1.0,31628.0,3.16
18685,Primary and Secondary Syphilis,310.0,South Dakota,2006.0,Male,25-29 years,25-29,2.0,26881.0,7.44
18686,Primary and Secondary Syphilis,310.0,South Dakota,2006.0,Male,30-34 years,30-34,1.0,22528.0,4.44
18687,Primary and Secondary Syphilis,310.0,South Dakota,2006.0,Male,35-39 years,35-39,2.0,23646.0,8.46
18688,Primary and Secondary Syphilis,310.0,South Dakota,2006.0,Male,40+ years,40+,2.0,174406.0,1.15
18689,Primary and Secondary Syphilis,310.0,South Dakota,2007.0,Male,20-24 years,20-24,1.0,30815.0,3.25
18690,Primary and Secondary Syphilis,310.0,South Dakota,2007.0,Male,25-29 years,25-29,1.0,28132.0,3.55
18691,Primary and Secondary Syphilis,310.0,South Dakota,2007.0,Male,40+ years,40+,3.0,178387.0,1.68
18692,Primary and Secondary Syphilis,310.0,South Dakota,2010.0,Male,20-24 years,20-24,2.0,29663.0,6.74
18693,Primary and Secondary Syphilis,310.0,South Dakota,2010.0,Male,40+ years,40+,2.0,183420.0,1.09
18694,Primary and Secondary Syphilis,310.0,South Dakota,2012.0,Male,25-29 years,25-29,4.0,29233.0,13.68
18695,Primary and Secondary Syphilis,310.0,South Dakota,2012.0,Male,30-34 years,30-34,2.0,27819.0,7.19
18696,Primary and Secondary Syphilis,310.0,South Dakota,2012.0,Male,35-39 years,35-39,1.0,23942.0,4.18
18697,Primary and Secondary Syphilis,310.0,South Dakota,2012.0,Male,40+ years,40+,10.0,189066.0,5.29
18698,Primary and Secondary Syphilis,310.0,South Dakota,2013.0,Male,20-24 years,20-24,5.0,31708.0,15.77
18699,Primary and Secondary Syphilis,310.0,South Dakota,2013.0,Male,25-29 years,25-29,4.0,29119.0,13.74
18700,Primary and Secondary Syphilis,310.0,South Dakota,2013.0,Male,30-34 years,30-34,3.0,28646.0,10.47
18701,Primary and Secondary Syphilis,310.0,South Dakota,2013.0,Male,35-39 years,35-39,3.0,24498.0,12.25
18702,Primary and Secondary Syphilis,310.0,South Dakota,2013.0,Male,40+ years,40+,14.0,191132.0,7.32
18703,Primary and Secondary Syphilis,310.0,South Dakota,2014.0,Male,15-19 years,15-19,1.0,29480.0,3.39
18704,Primary and Secondary Syphilis,310.0,South Dakota,2014.0,Male,20-24 years,20-24,7.0,31708.0,22.08
18705,Primary and Secondary Syphilis,310.0,South Dakota,2014.0,Male,25-29 years,25-29,3.0,29119.0,10.3
18706,Primary and Secondary Syphilis,310.0,South Dakota,2014.0,Male,30-34 years,30-34,2.0,28646.0,6.98
18707,Primary and Secondary Syphilis,310.0,South Dakota,2014.0,Male,40+ years,40+,6.0,191132.0,3.14
18708,Primary and Secondary Syphilis,310.0,Tennessee,1996.0,Male,15-19 years,15-19,29.0,197199.0,14.71
18709,Primary and Secondary Syphilis,310.0,Tennessee,1996.0,Male,20-24 years,20-24,74.0,186990.0,39.57
18710,Primary and Secondary Syphilis,310.0,Tennessee,1996.0,Male,25-29 years,25-29,69.0,199058.0,34.66
18711,Primary and Secondary Syphilis,310.0,Tennessee,1996.0,Male,30-34 years,30-34,61.0,213576.0,28.56
18712,Primary and Secondary Syphilis,310.0,Tennessee,1996.0,Male,35-39 years,35-39,69.0,217799.0,31.68
18713,Primary and Secondary Syphilis,310.0,Tennessee,1996.0,Male,40+ years,40+,126.0,1037293.0,12.15
18714,Primary and Secondary Syphilis,310.0,Tennessee,1997.0,Male,15-19 years,15-19,24.0,200388.0,11.98
18715,Primary and Secondary Syphilis,310.0,Tennessee,1997.0,Male,20-24 years,20-24,50.0,185938.0,26.89
18716,Primary and Secondary Syphilis,310.0,Tennessee,1997.0,Male,25-29 years,25-29,56.0,202417.0,27.67
18717,Primary and Secondary Syphilis,310.0,Tennessee,1997.0,Male,30-34 years,30-34,67.0,210600.0,31.81
18718,Primary and Secondary Syphilis,310.0,Tennessee,1997.0,Male,35-39 years,35-39,70.0,219464.0,31.9
18719,Primary and Secondary Syphilis,310.0,Tennessee,1997.0,Male,40+ years,40+,110.0,1069105.0,10.29
18720,Primary and Secondary Syphilis,310.0,Tennessee,1998.0,Male,15-19 years,15-19,21.0,202612.0,10.36
18721,Primary and Secondary Syphilis,310.0,Tennessee,1998.0,Male,20-24 years,20-24,43.0,188131.0,22.86
18722,Primary and Secondary Syphilis,310.0,Tennessee,1998.0,Male,25-29 years,25-29,37.0,204470.0,18.1
18723,Primary and Secondary Syphilis,310.0,Tennessee,1998.0,Male,30-34 years,30-34,36.0,207208.0,17.37
18724,Primary and Secondary Syphilis,310.0,Tennessee,1998.0,Male,35-39 years,35-39,43.0,221252.0,19.43
18725,Primary and Secondary Syphilis,310.0,Tennessee,1998.0,Male,40+ years,40+,103.0,1095805.0,9.4
18726,Primary and Secondary Syphilis,310.0,Tennessee,1999.0,Male,0-14 years,0-14,1.0,591847.0,0.17
18727,Primary and Secondary Syphilis,310.0,Tennessee,1999.0,Male,15-19 years,15-19,15.0,202798.0,7.4
18728,Primary and Secondary Syphilis,310.0,Tennessee,1999.0,Male,20-24 years,20-24,44.0,191577.0,22.97
18729,Primary and Secondary Syphilis,310.0,Tennessee,1999.0,Male,25-29 years,25-29,45.0,204416.0,22.01
18730,Primary and Secondary Syphilis,310.0,Tennessee,1999.0,Male,30-34 years,30-34,42.0,205247.0,20.46
18731,Primary and Secondary Syphilis,310.0,Tennessee,1999.0,Male,35-39 years,35-39,81.0,223180.0,36.29
18732,Primary and Secondary Syphilis,310.0,Tennessee,1999.0,Male,40+ years,40+,130.0,1122175.0,11.58
18733,Primary and Secondary Syphilis,310.0,Tennessee,2000.0,Male,15-19 years,15-19,16.0,201787.0,7.93
18734,Primary and Secondary Syphilis,310.0,Tennessee,2000.0,Male,20-24 years,20-24,38.0,196811.0,19.31
18735,Primary and Secondary Syphilis,310.0,Tennessee,2000.0,Male,25-29 years,25-29,43.0,202090.0,21.28
18736,Primary and Secondary Syphilis,310.0,Tennessee,2000.0,Male,30-34 years,30-34,45.0,207520.0,21.68
18737,Primary and Secondary Syphilis,310.0,Tennessee,2000.0,Male,35-39 years,35-39,45.0,223160.0,20.16
18738,Primary and Secondary Syphilis,310.0,Tennessee,2000.0,Male,40+ years,40+,98.0,1150746.0,8.52
18739,Primary and Secondary Syphilis,310.0,Tennessee,2001.0,Male,15-19 years,15-19,9.0,200769.0,4.48
18740,Primary and Secondary Syphilis,310.0,Tennessee,2001.0,Male,20-24 years,20-24,28.0,201226.0,13.91
18741,Primary and Secondary Syphilis,310.0,Tennessee,2001.0,Male,25-29 years,25-29,30.0,197825.0,15.16
18742,Primary and Secondary Syphilis,310.0,Tennessee,2001.0,Male,30-34 years,30-34,13.0,211028.0,6.16
18743,Primary and Secondary Syphilis,310.0,Tennessee,2001.0,Male,35-39 years,35-39,21.0,221326.0,9.49
18744,Primary and Secondary Syphilis,310.0,Tennessee,2001.0,Male,40+ years,40+,72.0,1172151.0,6.14
18745,Primary and Secondary Syphilis,310.0,Tennessee,2002.0,Male,0-14 years,0-14,1.0,600292.0,0.17
18746,Primary and Secondary Syphilis,310.0,Tennessee,2002.0,Male,15-19 years,15-19,2.0,200449.0,1.0
18747,Primary and Secondary Syphilis,310.0,Tennessee,2002.0,Male,20-24 years,20-24,10.0,201387.0,4.97
18748,Primary and Secondary Syphilis,310.0,Tennessee,2002.0,Male,25-29 years,25-29,16.0,194527.0,8.23
18749,Primary and Secondary Syphilis,310.0,Tennessee,2002.0,Male,30-34 years,30-34,11.0,214008.0,5.14
18750,Primary and Secondary Syphilis,310.0,Tennessee,2002.0,Male,35-39 years,35-39,8.0,217635.0,3.68
18751,Primary and Secondary Syphilis,310.0,Tennessee,2002.0,Male,40+ years,40+,38.0,1197918.0,3.17
18752,Primary and Secondary Syphilis,310.0,Tennessee,2003.0,Male,15-19 years,15-19,6.0,201703.0,2.97
18753,Primary and Secondary Syphilis,310.0,Tennessee,2003.0,Male,20-24 years,20-24,12.0,209931.0,5.72
18754,Primary and Secondary Syphilis,310.0,Tennessee,2003.0,Male,25-29 years,25-29,16.0,198975.0,8.04
18755,Primary and Secondary Syphilis,310.0,Tennessee,2003.0,Male,30-34 years,30-34,14.0,214367.0,6.53
18756,Primary and Secondary Syphilis,310.0,Tennessee,2003.0,Male,35-39 years,35-39,17.0,213276.0,7.97
18757,Primary and Secondary Syphilis,310.0,Tennessee,2003.0,Male,40+ years,40+,30.0,1218989.0,2.46
18758,Primary and Secondary Syphilis,310.0,Tennessee,2004.0,Male,15-19 years,15-19,6.0,203823.0,2.94
18759,Primary and Secondary Syphilis,310.0,Tennessee,2004.0,Male,20-24 years,20-24,18.0,212124.0,8.49
18760,Primary and Secondary Syphilis,310.0,Tennessee,2004.0,Male,25-29 years,25-29,18.0,202904.0,8.87
18761,Primary and Secondary Syphilis,310.0,Tennessee,2004.0,Male,30-34 years,30-34,12.0,214567.0,5.59
18762,Primary and Secondary Syphilis,310.0,Tennessee,2004.0,Male,35-39 years,35-39,13.0,210900.0,6.16
18763,Primary and Secondary Syphilis,310.0,Tennessee,2004.0,Male,40+ years,40+,29.0,1249655.0,2.32
18764,Primary and Secondary Syphilis,310.0,Tennessee,2005.0,Male,15-19 years,15-19,7.0,207284.0,3.38
18765,Primary and Secondary Syphilis,310.0,Tennessee,2005.0,Male,20-24 years,20-24,22.0,213059.0,10.33
18766,Primary and Secondary Syphilis,310.0,Tennessee,2005.0,Male,25-29 years,25-29,24.0,209140.0,11.48
18767,Primary and Secondary Syphilis,310.0,Tennessee,2005.0,Male,30-34 years,30-34,25.0,211526.0,11.82
18768,Primary and Secondary Syphilis,310.0,Tennessee,2005.0,Male,35-39 years,35-39,19.0,212923.0,8.92
18769,Primary and Secondary Syphilis,310.0,Tennessee,2005.0,Male,40+ years,40+,56.0,1278017.0,4.38
18770,Primary and Secondary Syphilis,310.0,Tennessee,2006.0,Male,0-14 years,0-14,1.0,607517.0,0.16
18771,Primary and Secondary Syphilis,310.0,Tennessee,2006.0,Male,15-19 years,15-19,5.0,208220.0,2.4
18772,Primary and Secondary Syphilis,310.0,Tennessee,2006.0,Male,20-24 years,20-24,18.0,202161.0,8.9
18773,Primary and Secondary Syphilis,310.0,Tennessee,2006.0,Male,25-29 years,25-29,39.0,221759.0,17.59
18774,Primary and Secondary Syphilis,310.0,Tennessee,2006.0,Male,30-34 years,30-34,24.0,200193.0,11.99
18775,Primary and Secondary Syphilis,310.0,Tennessee,2006.0,Male,35-39 years,35-39,26.0,212927.0,12.21
18776,Primary and Secondary Syphilis,310.0,Tennessee,2006.0,Male,40+ years,40+,63.0,1298113.0,4.85
18777,Primary and Secondary Syphilis,310.0,Tennessee,2007.0,Male,15-19 years,15-19,14.0,211783.0,6.61
18778,Primary and Secondary Syphilis,310.0,Tennessee,2007.0,Male,20-24 years,20-24,36.0,201055.0,17.91
18779,Primary and Secondary Syphilis,310.0,Tennessee,2007.0,Male,25-29 years,25-29,43.0,224250.0,19.18
18780,Primary and Secondary Syphilis,310.0,Tennessee,2007.0,Male,30-34 years,30-34,24.0,200388.0,11.98
18781,Primary and Secondary Syphilis,310.0,Tennessee,2007.0,Male,35-39 years,35-39,34.0,217341.0,15.64
18782,Primary and Secondary Syphilis,310.0,Tennessee,2007.0,Male,40+ years,40+,103.0,1331026.0,7.74
18783,Primary and Secondary Syphilis,310.0,Tennessee,2008.0,Male,15-19 years,15-19,20.0,211885.0,9.44
18784,Primary and Secondary Syphilis,310.0,Tennessee,2008.0,Male,20-24 years,20-24,59.0,197198.0,29.92
18785,Primary and Secondary Syphilis,310.0,Tennessee,2008.0,Male,25-29 years,25-29,53.0,220186.0,24.07
18786,Primary and Secondary Syphilis,310.0,Tennessee,2008.0,Male,30-34 years,30-34,31.0,201523.0,15.38
18787,Primary and Secondary Syphilis,310.0,Tennessee,2008.0,Male,35-39 years,35-39,36.0,216838.0,16.6
18788,Primary and Secondary Syphilis,310.0,Tennessee,2008.0,Male,40+ years,40+,95.0,1356970.0,7.0
18789,Primary and Secondary Syphilis,310.0,Tennessee,2009.0,Male,15-19 years,15-19,13.0,215901.0,6.02
18790,Primary and Secondary Syphilis,310.0,Tennessee,2009.0,Male,20-24 years,20-24,59.0,211181.0,27.94
18791,Primary and Secondary Syphilis,310.0,Tennessee,2009.0,Male,25-29 years,25-29,49.0,219779.0,22.3
18792,Primary and Secondary Syphilis,310.0,Tennessee,2009.0,Male,30-34 years,30-34,34.0,203108.0,16.74
18793,Primary and Secondary Syphilis,310.0,Tennessee,2009.0,Male,35-39 years,35-39,36.0,214109.0,16.81
18794,Primary and Secondary Syphilis,310.0,Tennessee,2009.0,Male,40+ years,40+,90.0,1372780.0,6.56
18795,Primary and Secondary Syphilis,310.0,Tennessee,2010.0,Male,15-19 years,15-19,14.0,223002.0,6.28
18796,Primary and Secondary Syphilis,310.0,Tennessee,2010.0,Male,20-24 years,20-24,47.0,212905.0,22.08
18797,Primary and Secondary Syphilis,310.0,Tennessee,2010.0,Male,25-29 years,25-29,54.0,206997.0,26.09
18798,Primary and Secondary Syphilis,310.0,Tennessee,2010.0,Male,30-34 years,30-34,25.0,201529.0,12.41
18799,Primary and Secondary Syphilis,310.0,Tennessee,2010.0,Male,35-39 years,35-39,25.0,209760.0,11.92
18800,Primary and Secondary Syphilis,310.0,Tennessee,2010.0,Male,40+ years,40+,63.0,1406063.0,4.48
18801,Primary and Secondary Syphilis,310.0,Tennessee,2011.0,Male,0-14 years,0-14,2.0,631738.0,0.32
18802,Primary and Secondary Syphilis,310.0,Tennessee,2011.0,Male,15-19 years,15-19,14.0,218830.0,6.4
18803,Primary and Secondary Syphilis,310.0,Tennessee,2011.0,Male,20-24 years,20-24,66.0,220523.0,29.93
18804,Primary and Secondary Syphilis,310.0,Tennessee,2011.0,Male,25-29 years,25-29,49.0,207528.0,23.61
18805,Primary and Secondary Syphilis,310.0,Tennessee,2011.0,Male,30-34 years,30-34,26.0,205885.0,12.63
18806,Primary and Secondary Syphilis,310.0,Tennessee,2011.0,Male,35-39 years,35-39,22.0,201894.0,10.9
18807,Primary and Secondary Syphilis,310.0,Tennessee,2011.0,Male,40+ years,40+,65.0,1434533.0,4.53
18808,Primary and Secondary Syphilis,310.0,Tennessee,2012.0,Male,15-19 years,15-19,21.0,216142.0,9.72
18809,Primary and Secondary Syphilis,310.0,Tennessee,2012.0,Male,20-24 years,20-24,63.0,228298.0,27.6
18810,Primary and Secondary Syphilis,310.0,Tennessee,2012.0,Male,25-29 years,25-29,41.0,209386.0,19.58
18811,Primary and Secondary Syphilis,310.0,Tennessee,2012.0,Male,30-34 years,30-34,25.0,208738.0,11.98
18812,Primary and Secondary Syphilis,310.0,Tennessee,2012.0,Male,35-39 years,35-39,21.0,199750.0,10.51
18813,Primary and Secondary Syphilis,310.0,Tennessee,2012.0,Male,40+ years,40+,64.0,1452572.0,4.41
18814,Primary and Secondary Syphilis,310.0,Tennessee,2013.0,Male,15-19 years,15-19,9.0,214445.0,4.2
18815,Primary and Secondary Syphilis,310.0,Tennessee,2013.0,Male,20-24 years,20-24,64.0,232538.0,27.52
18816,Primary and Secondary Syphilis,310.0,Tennessee,2013.0,Male,25-29 years,25-29,37.0,208739.0,17.73
18817,Primary and Secondary Syphilis,310.0,Tennessee,2013.0,Male,30-34 years,30-34,24.0,209870.0,11.44
18818,Primary and Secondary Syphilis,310.0,Tennessee,2013.0,Male,35-39 years,35-39,18.0,199117.0,9.04
18819,Primary and Secondary Syphilis,310.0,Tennessee,2013.0,Male,40+ years,40+,40.0,1469859.0,2.72
18820,Primary and Secondary Syphilis,310.0,Tennessee,2014.0,Male,15-19 years,15-19,19.0,214445.0,8.86
18821,Primary and Secondary Syphilis,310.0,Tennessee,2014.0,Male,20-24 years,20-24,53.0,232538.0,22.79
18822,Primary and Secondary Syphilis,310.0,Tennessee,2014.0,Male,25-29 years,25-29,41.0,208739.0,19.64
18823,Primary and Secondary Syphilis,310.0,Tennessee,2014.0,Male,30-34 years,30-34,21.0,209870.0,10.01
18824,Primary and Secondary Syphilis,310.0,Tennessee,2014.0,Male,35-39 years,35-39,22.0,199117.0,11.05
18825,Primary and Secondary Syphilis,310.0,Tennessee,2014.0,Male,40+ years,40+,47.0,1469859.0,3.2
18826,Primary and Secondary Syphilis,310.0,Texas,1996.0,Male,15-19 years,15-19,45.0,764188.0,5.89
18827,Primary and Secondary Syphilis,310.0,Texas,1996.0,Male,20-24 years,20-24,89.0,720645.0,12.35
18828,Primary and Secondary Syphilis,310.0,Texas,1996.0,Male,25-29 years,25-29,72.0,757590.0,9.5
18829,Primary and Secondary Syphilis,310.0,Texas,1996.0,Male,30-34 years,30-34,63.0,837085.0,7.53
18830,Primary and Secondary Syphilis,310.0,Texas,1996.0,Male,35-39 years,35-39,68.0,832034.0,8.17
18831,Primary and Secondary Syphilis,310.0,Texas,1996.0,Male,40+ years,40+,117.0,3282846.0,3.56
18832,Primary and Secondary Syphilis,310.0,Texas,1997.0,Male,0-14 years,0-14,1.0,2408950.0,0.04
18833,Primary and Secondary Syphilis,310.0,Texas,1997.0,Male,15-19 years,15-19,31.0,792240.0,3.91
18834,Primary and Secondary Syphilis,310.0,Texas,1997.0,Male,20-24 years,20-24,55.0,732849.0,7.5
18835,Primary and Secondary Syphilis,310.0,Texas,1997.0,Male,25-29 years,25-29,65.0,773088.0,8.41
18836,Primary and Secondary Syphilis,310.0,Texas,1997.0,Male,30-34 years,30-34,59.0,821721.0,7.18
18837,Primary and Secondary Syphilis,310.0,Texas,1997.0,Male,35-39 years,35-39,50.0,842390.0,5.94
18838,Primary and Secondary Syphilis,310.0,Texas,1997.0,Male,40+ years,40+,95.0,3402777.0,2.79
18839,Primary and Secondary Syphilis,310.0,Texas,1997.0,Male,Unknown,99,5.0,,
18840,Primary and Secondary Syphilis,310.0,Texas,1998.0,Male,15-19 years,15-19,13.0,820789.0,1.58
18841,Primary and Secondary Syphilis,310.0,Texas,1998.0,Male,20-24 years,20-24,48.0,749459.0,6.4
18842,Primary and Secondary Syphilis,310.0,Texas,1998.0,Male,25-29 years,25-29,32.0,787384.0,4.06
18843,Primary and Secondary Syphilis,310.0,Texas,1998.0,Male,30-34 years,30-34,38.0,804959.0,4.72
18844,Primary and Secondary Syphilis,310.0,Texas,1998.0,Male,35-39 years,35-39,42.0,849722.0,4.94
18845,Primary and Secondary Syphilis,310.0,Texas,1998.0,Male,40+ years,40+,86.0,3522974.0,2.44
18846,Primary and Secondary Syphilis,310.0,Texas,1998.0,Male,Unknown,99,1.0,,
18847,Primary and Secondary Syphilis,310.0,Texas,1999.0,Male,15-19 years,15-19,14.0,838475.0,1.67
18848,Primary and Secondary Syphilis,310.0,Texas,1999.0,Male,20-24 years,20-24,38.0,773252.0,4.91
18849,Primary and Secondary Syphilis,310.0,Texas,1999.0,Male,25-29 years,25-29,30.0,800999.0,3.75
18850,Primary and Secondary Syphilis,310.0,Texas,1999.0,Male,30-34 years,30-34,41.0,795710.0,5.15
18851,Primary and Secondary Syphilis,310.0,Texas,1999.0,Male,35-39 years,35-39,52.0,853450.0,6.09
18852,Primary and Secondary Syphilis,310.0,Texas,1999.0,Male,40+ years,40+,113.0,3646832.0,3.1
18853,Primary and Secondary Syphilis,310.0,Texas,1999.0,Male,Unknown,99,1.0,,
18854,Primary and Secondary Syphilis,310.0,Texas,2000.0,Male,15-19 years,15-19,16.0,850561.0,1.88
18855,Primary and Secondary Syphilis,310.0,Texas,2000.0,Male,20-24 years,20-24,33.0,797448.0,4.14
18856,Primary and Secondary Syphilis,310.0,Texas,2000.0,Male,25-29 years,25-29,34.0,805324.0,4.22
18857,Primary and Secondary Syphilis,310.0,Texas,2000.0,Male,30-34 years,30-34,36.0,799247.0,4.5
18858,Primary and Secondary Syphilis,310.0,Texas,2000.0,Male,35-39 years,35-39,50.0,842068.0,5.94
18859,Primary and Secondary Syphilis,310.0,Texas,2000.0,Male,40+ years,40+,75.0,3759945.0,1.99
18860,Primary and Secondary Syphilis,310.0,Texas,2001.0,Male,0-14 years,0-14,2.0,2575530.0,0.08
18861,Primary and Secondary Syphilis,310.0,Texas,2001.0,Male,15-19 years,15-19,19.0,854929.0,2.22
18862,Primary and Secondary Syphilis,310.0,Texas,2001.0,Male,20-24 years,20-24,46.0,823298.0,5.59
18863,Primary and Secondary Syphilis,310.0,Texas,2001.0,Male,25-29 years,25-29,40.0,810700.0,4.93
18864,Primary and Secondary Syphilis,310.0,Texas,2001.0,Male,30-34 years,30-34,49.0,819004.0,5.98
18865,Primary and Secondary Syphilis,310.0,Texas,2001.0,Male,35-39 years,35-39,51.0,836106.0,6.1
18866,Primary and Secondary Syphilis,310.0,Texas,2001.0,Male,40+ years,40+,102.0,3898248.0,2.62
18867,Primary and Secondary Syphilis,310.0,Texas,2002.0,Male,15-19 years,15-19,18.0,858284.0,2.1
18868,Primary and Secondary Syphilis,310.0,Texas,2002.0,Male,20-24 years,20-24,54.0,841790.0,6.41
18869,Primary and Secondary Syphilis,310.0,Texas,2002.0,Male,25-29 years,25-29,54.0,809886.0,6.67
18870,Primary and Secondary Syphilis,310.0,Texas,2002.0,Male,30-34 years,30-34,53.0,837256.0,6.33
18871,Primary and Secondary Syphilis,310.0,Texas,2002.0,Male,35-39 years,35-39,72.0,825030.0,8.73
18872,Primary and Secondary Syphilis,310.0,Texas,2002.0,Male,40+ years,40+,146.0,4047793.0,3.61
18873,Primary and Secondary Syphilis,310.0,Texas,2003.0,Male,15-19 years,15-19,13.0,856501.0,1.52
18874,Primary and Secondary Syphilis,310.0,Texas,2003.0,Male,20-24 years,20-24,78.0,880006.0,8.86
18875,Primary and Secondary Syphilis,310.0,Texas,2003.0,Male,25-29 years,25-29,77.0,825570.0,9.33
18876,Primary and Secondary Syphilis,310.0,Texas,2003.0,Male,30-34 years,30-34,78.0,853475.0,9.14
18877,Primary and Secondary Syphilis,310.0,Texas,2003.0,Male,35-39 years,35-39,98.0,817709.0,11.98
18878,Primary and Secondary Syphilis,310.0,Texas,2003.0,Male,40+ years,40+,148.0,4101589.0,3.61
18879,Primary and Secondary Syphilis,310.0,Texas,2004.0,Male,15-19 years,15-19,21.0,862207.0,2.44
18880,Primary and Secondary Syphilis,310.0,Texas,2004.0,Male,20-24 years,20-24,89.0,900128.0,9.89
18881,Primary and Secondary Syphilis,310.0,Texas,2004.0,Male,25-29 years,25-29,108.0,844117.0,12.79
18882,Primary and Secondary Syphilis,310.0,Texas,2004.0,Male,30-34 years,30-34,118.0,863812.0,13.66
18883,Primary and Secondary Syphilis,310.0,Texas,2004.0,Male,35-39 years,35-39,97.0,819061.0,11.84
18884,Primary and Secondary Syphilis,310.0,Texas,2004.0,Male,40+ years,40+,215.0,4226149.0,5.09
18885,Primary and Secondary Syphilis,310.0,Texas,2005.0,Male,0-14 years,0-14,2.0,2705692.0,0.07
18886,Primary and Secondary Syphilis,310.0,Texas,2005.0,Male,15-19 years,15-19,40.0,872287.0,4.59
18887,Primary and Secondary Syphilis,310.0,Texas,2005.0,Male,20-24 years,20-24,115.0,907035.0,12.68
18888,Primary and Secondary Syphilis,310.0,Texas,2005.0,Male,25-29 years,25-29,101.0,864704.0,11.68
18889,Primary and Secondary Syphilis,310.0,Texas,2005.0,Male,30-34 years,30-34,95.0,864368.0,10.99
18890,Primary and Secondary Syphilis,310.0,Texas,2005.0,Male,35-39 years,35-39,100.0,830387.0,12.04
18891,Primary and Secondary Syphilis,310.0,Texas,2005.0,Male,40+ years,40+,177.0,4343706.0,4.07
18892,Primary and Secondary Syphilis,310.0,Texas,2006.0,Male,15-19 years,15-19,42.0,894499.0,4.7
18893,Primary and Secondary Syphilis,310.0,Texas,2006.0,Male,20-24 years,20-24,160.0,928636.0,17.23
18894,Primary and Secondary Syphilis,310.0,Texas,2006.0,Male,25-29 years,25-29,155.0,919993.0,16.85
18895,Primary and Secondary Syphilis,310.0,Texas,2006.0,Male,30-34 years,30-34,90.0,866453.0,10.39
18896,Primary and Secondary Syphilis,310.0,Texas,2006.0,Male,35-39 years,35-39,103.0,859504.0,11.98
18897,Primary and Secondary Syphilis,310.0,Texas,2006.0,Male,40+ years,40+,253.0,4470509.0,5.66
18898,Primary and Secondary Syphilis,310.0,Texas,2007.0,Male,0-14 years,0-14,1.0,2840480.0,0.04
18899,Primary and Secondary Syphilis,310.0,Texas,2007.0,Male,15-19 years,15-19,51.0,900227.0,5.67
18900,Primary and Secondary Syphilis,310.0,Texas,2007.0,Male,20-24 years,20-24,166.0,920288.0,18.04
18901,Primary and Secondary Syphilis,310.0,Texas,2007.0,Male,25-29 years,25-29,138.0,950651.0,14.52
18902,Primary and Secondary Syphilis,310.0,Texas,2007.0,Male,30-34 years,30-34,118.0,868294.0,13.59
18903,Primary and Secondary Syphilis,310.0,Texas,2007.0,Male,35-39 years,35-39,122.0,877897.0,13.9
18904,Primary and Secondary Syphilis,310.0,Texas,2007.0,Male,40+ years,40+,267.0,4568027.0,5.84
18905,Primary and Secondary Syphilis,310.0,Texas,2008.0,Male,15-19 years,15-19,67.0,908464.0,7.38
18906,Primary and Secondary Syphilis,310.0,Texas,2008.0,Male,20-24 years,20-24,191.0,917289.0,20.82
18907,Primary and Secondary Syphilis,310.0,Texas,2008.0,Male,25-29 years,25-29,178.0,972519.0,18.3
18908,Primary and Secondary Syphilis,310.0,Texas,2008.0,Male,30-34 years,30-34,127.0,878532.0,14.46
18909,Primary and Secondary Syphilis,310.0,Texas,2008.0,Male,35-39 years,35-39,109.0,890986.0,12.23
18910,Primary and Secondary Syphilis,310.0,Texas,2008.0,Male,40+ years,40+,283.0,4681981.0,6.04
18911,Primary and Secondary Syphilis,310.0,Texas,2009.0,Male,15-19 years,15-19,97.0,923299.0,10.51
18912,Primary and Secondary Syphilis,310.0,Texas,2009.0,Male,20-24 years,20-24,281.0,937671.0,29.97
18913,Primary and Secondary Syphilis,310.0,Texas,2009.0,Male,25-29 years,25-29,221.0,988574.0,22.36
18914,Primary and Secondary Syphilis,310.0,Texas,2009.0,Male,30-34 years,30-34,138.0,896508.0,15.39
18915,Primary and Secondary Syphilis,310.0,Texas,2009.0,Male,35-39 years,35-39,102.0,892360.0,11.43
18916,Primary and Secondary Syphilis,310.0,Texas,2009.0,Male,40+ years,40+,315.0,4760473.0,6.62
18917,Primary and Secondary Syphilis,310.0,Texas,2010.0,Male,0-14 years,0-14,1.0,2930829.0,0.03
18918,Primary and Secondary Syphilis,310.0,Texas,2010.0,Male,15-19 years,15-19,69.0,968686.0,7.12
18919,Primary and Secondary Syphilis,310.0,Texas,2010.0,Male,20-24 years,20-24,251.0,932353.0,26.92
18920,Primary and Secondary Syphilis,310.0,Texas,2010.0,Male,25-29 years,25-29,180.0,938966.0,19.17
18921,Primary and Secondary Syphilis,310.0,Texas,2010.0,Male,30-34 years,30-34,111.0,882887.0,12.57
18922,Primary and Secondary Syphilis,310.0,Texas,2010.0,Male,35-39 years,35-39,82.0,876139.0,9.36
18923,Primary and Secondary Syphilis,310.0,Texas,2010.0,Male,40+ years,40+,202.0,4942420.0,4.09
18924,Primary and Secondary Syphilis,310.0,Texas,2011.0,Male,0-14 years,0-14,1.0,2979721.0,0.03
18925,Primary and Secondary Syphilis,310.0,Texas,2011.0,Male,15-19 years,15-19,71.0,971258.0,7.31
18926,Primary and Secondary Syphilis,310.0,Texas,2011.0,Male,20-24 years,20-24,261.0,961071.0,27.16
18927,Primary and Secondary Syphilis,310.0,Texas,2011.0,Male,25-29 years,25-29,169.0,953115.0,17.73
18928,Primary and Secondary Syphilis,310.0,Texas,2011.0,Male,30-34 years,30-34,110.0,912904.0,12.05
18929,Primary and Secondary Syphilis,310.0,Texas,2011.0,Male,35-39 years,35-39,76.0,869841.0,8.74
18930,Primary and Secondary Syphilis,310.0,Texas,2011.0,Male,40+ years,40+,226.0,5094532.0,4.44
18931,Primary and Secondary Syphilis,310.0,Texas,2012.0,Male,15-19 years,15-19,76.0,968997.0,7.84
18932,Primary and Secondary Syphilis,310.0,Texas,2012.0,Male,20-24 years,20-24,309.0,996549.0,31.01
18933,Primary and Secondary Syphilis,310.0,Texas,2012.0,Male,25-29 years,25-29,263.0,968573.0,27.15
18934,Primary and Secondary Syphilis,310.0,Texas,2012.0,Male,30-34 years,30-34,192.0,939923.0,20.43
18935,Primary and Secondary Syphilis,310.0,Texas,2012.0,Male,35-39 years,35-39,134.0,875457.0,15.31
18936,Primary and Secondary Syphilis,310.0,Texas,2012.0,Male,40+ years,40+,383.0,5208516.0,7.35
18937,Primary and Secondary Syphilis,310.0,Texas,2012.0,Male,Unknown,99,1.0,,
18938,Primary and Secondary Syphilis,310.0,Texas,2013.0,Male,0-14 years,0-14,1.0,3012501.0,0.03
18939,Primary and Secondary Syphilis,310.0,Texas,2013.0,Male,15-19 years,15-19,69.0,971607.0,7.1
18940,Primary and Secondary Syphilis,310.0,Texas,2013.0,Male,20-24 years,20-24,286.0,1016417.0,28.14
18941,Primary and Secondary Syphilis,310.0,Texas,2013.0,Male,25-29 years,25-29,278.0,981243.0,28.33
18942,Primary and Secondary Syphilis,310.0,Texas,2013.0,Male,30-34 years,30-34,174.0,966044.0,18.01
18943,Primary and Secondary Syphilis,310.0,Texas,2013.0,Male,35-39 years,35-39,124.0,884541.0,14.02
18944,Primary and Secondary Syphilis,310.0,Texas,2013.0,Male,40+ years,40+,364.0,5314649.0,6.85
18945,Primary and Secondary Syphilis,310.0,Texas,2014.0,Male,0-14 years,0-14,1.0,3012501.0,0.03
18946,Primary and Secondary Syphilis,310.0,Texas,2014.0,Male,15-19 years,15-19,67.0,971607.0,6.9
18947,Primary and Secondary Syphilis,310.0,Texas,2014.0,Male,20-24 years,20-24,340.0,1016417.0,33.45
18948,Primary and Secondary Syphilis,310.0,Texas,2014.0,Male,25-29 years,25-29,318.0,981243.0,32.41
18949,Primary and Secondary Syphilis,310.0,Texas,2014.0,Male,30-34 years,30-34,199.0,966044.0,20.6
18950,Primary and Secondary Syphilis,310.0,Texas,2014.0,Male,35-39 years,35-39,132.0,884541.0,14.92
18951,Primary and Secondary Syphilis,310.0,Texas,2014.0,Male,40+ years,40+,337.0,5314649.0,6.34
18952,Primary and Secondary Syphilis,310.0,Utah,1996.0,Male,20-24 years,20-24,1.0,91669.0,1.09
18953,Primary and Secondary Syphilis,310.0,Utah,1996.0,Male,30-34 years,30-34,2.0,76462.0,2.62
18954,Primary and Secondary Syphilis,310.0,Utah,1997.0,Male,25-29 years,25-29,1.0,85333.0,1.17
18955,Primary and Secondary Syphilis,310.0,Utah,1997.0,Male,35-39 years,35-39,1.0,77535.0,1.29
18956,Primary and Secondary Syphilis,310.0,Utah,1997.0,Male,40+ years,40+,1.0,320250.0,0.31
18957,Primary and Secondary Syphilis,310.0,Utah,1998.0,Male,25-29 years,25-29,2.0,87247.0,2.29
18958,Primary and Secondary Syphilis,310.0,Utah,1998.0,Male,30-34 years,30-34,1.0,76373.0,1.31
18959,Primary and Secondary Syphilis,310.0,Utah,1998.0,Male,40+ years,40+,1.0,330012.0,0.3
18960,Primary and Secondary Syphilis,310.0,Utah,1999.0,Male,25-29 years,25-29,1.0,89850.0,1.11
18961,Primary and Secondary Syphilis,310.0,Utah,1999.0,Male,40+ years,40+,1.0,339169.0,0.29
18962,Primary and Secondary Syphilis,310.0,Utah,2000.0,Male,40+ years,40+,1.0,351228.0,0.28
18963,Primary and Secondary Syphilis,310.0,Utah,2001.0,Male,20-24 years,20-24,1.0,112579.0,0.89
18964,Primary and Secondary Syphilis,310.0,Utah,2001.0,Male,25-29 years,25-29,1.0,101393.0,0.99
18965,Primary and Secondary Syphilis,310.0,Utah,2001.0,Male,30-34 years,30-34,2.0,80491.0,2.48
18966,Primary and Secondary Syphilis,310.0,Utah,2001.0,Male,35-39 years,35-39,3.0,74608.0,4.02
18967,Primary and Secondary Syphilis,310.0,Utah,2001.0,Male,40+ years,40+,2.0,360299.0,0.56
18968,Primary and Secondary Syphilis,310.0,Utah,2002.0,Male,20-24 years,20-24,1.0,112783.0,0.89
18969,Primary and Secondary Syphilis,310.0,Utah,2002.0,Male,30-34 years,30-34,2.0,83567.0,2.39
18970,Primary and Secondary Syphilis,310.0,Utah,2002.0,Male,35-39 years,35-39,1.0,73669.0,1.36
18971,Primary and Secondary Syphilis,310.0,Utah,2002.0,Male,40+ years,40+,3.0,371201.0,0.81
18972,Primary and Secondary Syphilis,310.0,Utah,2003.0,Male,20-24 years,20-24,1.0,110528.0,0.9
18973,Primary and Secondary Syphilis,310.0,Utah,2003.0,Male,30-34 years,30-34,2.0,83507.0,2.4
18974,Primary and Secondary Syphilis,310.0,Utah,2003.0,Male,35-39 years,35-39,3.0,72207.0,4.15
18975,Primary and Secondary Syphilis,310.0,Utah,2003.0,Male,40+ years,40+,5.0,374695.0,1.33
18976,Primary and Secondary Syphilis,310.0,Utah,2004.0,Male,20-24 years,20-24,2.0,111618.0,1.79
18977,Primary and Secondary Syphilis,310.0,Utah,2004.0,Male,25-29 years,25-29,1.0,120654.0,0.83
18978,Primary and Secondary Syphilis,310.0,Utah,2004.0,Male,30-34 years,30-34,2.0,87149.0,2.29
18979,Primary and Secondary Syphilis,310.0,Utah,2004.0,Male,35-39 years,35-39,1.0,73071.0,1.37
18980,Primary and Secondary Syphilis,310.0,Utah,2004.0,Male,40+ years,40+,4.0,384995.0,1.04
18981,Primary and Secondary Syphilis,310.0,Utah,2005.0,Male,25-29 years,25-29,4.0,122439.0,3.27
18982,Primary and Secondary Syphilis,310.0,Utah,2005.0,Male,30-34 years,30-34,1.0,93374.0,1.07
18983,Primary and Secondary Syphilis,310.0,Utah,2005.0,Male,35-39 years,35-39,1.0,77367.0,1.29
18984,Primary and Secondary Syphilis,310.0,Utah,2005.0,Male,40+ years,40+,3.0,404794.0,0.74
18985,Primary and Secondary Syphilis,310.0,Utah,2006.0,Male,20-24 years,20-24,2.0,125060.0,1.6
18986,Primary and Secondary Syphilis,310.0,Utah,2006.0,Male,25-29 years,25-29,3.0,122727.0,2.44
18987,Primary and Secondary Syphilis,310.0,Utah,2006.0,Male,30-34 years,30-34,5.0,85809.0,5.83
18988,Primary and Secondary Syphilis,310.0,Utah,2006.0,Male,35-39 years,35-39,1.0,80924.0,1.24
18989,Primary and Secondary Syphilis,310.0,Utah,2006.0,Male,40+ years,40+,7.0,422883.0,1.66
18990,Primary and Secondary Syphilis,310.0,Utah,2007.0,Male,20-24 years,20-24,4.0,129698.0,3.08
18991,Primary and Secondary Syphilis,310.0,Utah,2007.0,Male,25-29 years,25-29,4.0,131999.0,3.03
18992,Primary and Secondary Syphilis,310.0,Utah,2007.0,Male,30-34 years,30-34,5.0,89153.0,5.61
18993,Primary and Secondary Syphilis,310.0,Utah,2007.0,Male,35-39 years,35-39,2.0,84791.0,2.36
18994,Primary and Secondary Syphilis,310.0,Utah,2007.0,Male,40+ years,40+,5.0,439337.0,1.14
18995,Primary and Secondary Syphilis,310.0,Utah,2008.0,Male,15-19 years,15-19,1.0,106503.0,0.94
18996,Primary and Secondary Syphilis,310.0,Utah,2008.0,Male,20-24 years,20-24,3.0,128696.0,2.33
18997,Primary and Secondary Syphilis,310.0,Utah,2008.0,Male,25-29 years,25-29,5.0,135032.0,3.7
18998,Primary and Secondary Syphilis,310.0,Utah,2008.0,Male,30-34 years,30-34,2.0,95017.0,2.1
18999,Primary and Secondary Syphilis,310.0,Utah,2008.0,Male,35-39 years,35-39,1.0,87257.0,1.15
19000,Primary and Secondary Syphilis,310.0,Utah,2008.0,Male,40+ years,40+,12.0,456981.0,2.63
19001,Primary and Secondary Syphilis,310.0,Utah,2009.0,Male,15-19 years,15-19,1.0,108736.0,0.92
19002,Primary and Secondary Syphilis,310.0,Utah,2009.0,Male,20-24 years,20-24,3.0,128425.0,2.34
19003,Primary and Secondary Syphilis,310.0,Utah,2009.0,Male,25-29 years,25-29,8.0,119844.0,6.68
19004,Primary and Secondary Syphilis,310.0,Utah,2009.0,Male,30-34 years,30-34,10.0,104900.0,9.53
19005,Primary and Secondary Syphilis,310.0,Utah,2009.0,Male,35-39 years,35-39,5.0,92870.0,5.38
19006,Primary and Secondary Syphilis,310.0,Utah,2009.0,Male,40+ years,40+,4.0,464198.0,0.86
19007,Primary and Secondary Syphilis,310.0,Utah,2010.0,Male,20-24 years,20-24,11.0,113607.0,9.68
19008,Primary and Secondary Syphilis,310.0,Utah,2010.0,Male,25-29 years,25-29,11.0,118426.0,9.29
19009,Primary and Secondary Syphilis,310.0,Utah,2010.0,Male,30-34 years,30-34,8.0,110492.0,7.24
19010,Primary and Secondary Syphilis,310.0,Utah,2010.0,Male,35-39 years,35-39,11.0,90812.0,12.11
19011,Primary and Secondary Syphilis,310.0,Utah,2010.0,Male,40+ years,40+,22.0,462881.0,4.75
19012,Primary and Secondary Syphilis,310.0,Utah,2011.0,Male,20-24 years,20-24,2.0,120475.0,1.66
19013,Primary and Secondary Syphilis,310.0,Utah,2011.0,Male,25-29 years,25-29,1.0,113690.0,0.88
19014,Primary and Secondary Syphilis,310.0,Utah,2011.0,Male,30-34 years,30-34,3.0,114340.0,2.62
19015,Primary and Secondary Syphilis,310.0,Utah,2011.0,Male,35-39 years,35-39,3.0,93067.0,3.22
19016,Primary and Secondary Syphilis,310.0,Utah,2011.0,Male,40+ years,40+,5.0,477929.0,1.05
19017,Primary and Secondary Syphilis,310.0,Utah,2012.0,Male,20-24 years,20-24,6.0,122525.0,4.9
19018,Primary and Secondary Syphilis,310.0,Utah,2012.0,Male,25-29 years,25-29,10.0,110818.0,9.02
19019,Primary and Secondary Syphilis,310.0,Utah,2012.0,Male,30-34 years,30-34,9.0,115856.0,7.77
19020,Primary and Secondary Syphilis,310.0,Utah,2012.0,Male,35-39 years,35-39,5.0,97588.0,5.12
19021,Primary and Secondary Syphilis,310.0,Utah,2012.0,Male,40+ years,40+,12.0,490289.0,2.45
19022,Primary and Secondary Syphilis,310.0,Utah,2013.0,Male,20-24 years,20-24,10.0,125048.0,8.0
19023,Primary and Secondary Syphilis,310.0,Utah,2013.0,Male,25-29 years,25-29,12.0,107529.0,11.16
19024,Primary and Secondary Syphilis,310.0,Utah,2013.0,Male,30-34 years,30-34,10.0,116376.0,8.59
19025,Primary and Secondary Syphilis,310.0,Utah,2013.0,Male,35-39 years,35-39,12.0,102751.0,11.68
19026,Primary and Secondary Syphilis,310.0,Utah,2013.0,Male,40+ years,40+,27.0,503411.0,5.36
19027,Primary and Secondary Syphilis,310.0,Utah,2013.0,Male,Unknown,99,1.0,,
19028,Primary and Secondary Syphilis,310.0,Utah,2014.0,Male,15-19 years,15-19,1.0,114156.0,0.88
19029,Primary and Secondary Syphilis,310.0,Utah,2014.0,Male,20-24 years,20-24,5.0,125048.0,4.0
19030,Primary and Secondary Syphilis,310.0,Utah,2014.0,Male,25-29 years,25-29,6.0,107529.0,5.58
19031,Primary and Secondary Syphilis,310.0,Utah,2014.0,Male,30-34 years,30-34,12.0,116376.0,10.31
19032,Primary and Secondary Syphilis,310.0,Utah,2014.0,Male,35-39 years,35-39,6.0,102751.0,5.84
19033,Primary and Secondary Syphilis,310.0,Utah,2014.0,Male,40+ years,40+,16.0,503411.0,3.18
19034,Primary and Secondary Syphilis,310.0,Vermont,1998.0,Male,35-39 years,35-39,3.0,24815.0,12.09
19035,Primary and Secondary Syphilis,310.0,Vermont,1999.0,Male,35-39 years,35-39,1.0,24429.0,4.09
19036,Primary and Secondary Syphilis,310.0,Vermont,2001.0,Male,20-24 years,20-24,1.0,21741.0,4.6
19037,Primary and Secondary Syphilis,310.0,Vermont,2001.0,Male,25-29 years,25-29,1.0,16460.0,6.08
19038,Primary and Secondary Syphilis,310.0,Vermont,2001.0,Male,30-34 years,30-34,1.0,19614.0,5.1
19039,Primary and Secondary Syphilis,310.0,Vermont,2002.0,Male,25-29 years,25-29,1.0,16465.0,6.07
19040,Primary and Secondary Syphilis,310.0,Vermont,2002.0,Male,40+ years,40+,1.0,139914.0,0.71
19041,Primary and Secondary Syphilis,310.0,Vermont,2003.0,Male,40+ years,40+,1.0,143634.0,0.7
19042,Primary and Secondary Syphilis,310.0,Vermont,2004.0,Male,40+ years,40+,1.0,148612.0,0.67
19043,Primary and Secondary Syphilis,310.0,Vermont,2005.0,Male,40+ years,40+,1.0,149036.0,0.67
19044,Primary and Secondary Syphilis,310.0,Vermont,2006.0,Male,20-24 years,20-24,2.0,22280.0,8.98
19045,Primary and Secondary Syphilis,310.0,Vermont,2006.0,Male,40+ years,40+,1.0,149953.0,0.67
19046,Primary and Secondary Syphilis,310.0,Vermont,2007.0,Male,35-39 years,35-39,4.0,20069.0,19.93
19047,Primary and Secondary Syphilis,310.0,Vermont,2007.0,Male,40+ years,40+,6.0,151466.0,3.96
19048,Primary and Secondary Syphilis,310.0,Vermont,2008.0,Male,15-19 years,15-19,1.0,23071.0,4.33
19049,Primary and Secondary Syphilis,310.0,Vermont,2008.0,Male,25-29 years,25-29,1.0,18498.0,5.41
19050,Primary and Secondary Syphilis,310.0,Vermont,2008.0,Male,30-34 years,30-34,1.0,17057.0,5.86
19051,Primary and Secondary Syphilis,310.0,Vermont,2008.0,Male,35-39 years,35-39,1.0,19635.0,5.09
19052,Primary and Secondary Syphilis,310.0,Vermont,2008.0,Male,40+ years,40+,7.0,152785.0,4.58
19053,Primary and Secondary Syphilis,310.0,Vermont,2010.0,Male,25-29 years,25-29,1.0,17713.0,5.65
19054,Primary and Secondary Syphilis,310.0,Vermont,2010.0,Male,40+ years,40+,1.0,155718.0,0.64
19055,Primary and Secondary Syphilis,310.0,Vermont,2011.0,Male,20-24 years,20-24,1.0,22988.0,4.35
19056,Primary and Secondary Syphilis,310.0,Vermont,2011.0,Male,25-29 years,25-29,1.0,17815.0,5.61
19057,Primary and Secondary Syphilis,310.0,Vermont,2011.0,Male,30-34 years,30-34,1.0,17320.0,5.77
19058,Primary and Secondary Syphilis,310.0,Vermont,2011.0,Male,35-39 years,35-39,1.0,17146.0,5.83
19059,Primary and Secondary Syphilis,310.0,Vermont,2011.0,Male,40+ years,40+,5.0,157627.0,3.17
19060,Primary and Secondary Syphilis,310.0,Vermont,2012.0,Male,20-24 years,20-24,1.0,22992.0,4.35
19061,Primary and Secondary Syphilis,310.0,Vermont,2012.0,Male,25-29 years,25-29,2.0,17897.0,11.18
19062,Primary and Secondary Syphilis,310.0,Vermont,2012.0,Male,40+ years,40+,3.0,158346.0,1.89
19063,Primary and Secondary Syphilis,310.0,Vermont,2013.0,Male,40+ years,40+,3.0,158579.0,1.89
19064,Primary and Secondary Syphilis,310.0,Vermont,2014.0,Male,20-24 years,20-24,1.0,23530.0,4.25
19065,Primary and Secondary Syphilis,310.0,Vermont,2014.0,Male,25-29 years,25-29,2.0,18181.0,11.0
19066,Primary and Secondary Syphilis,310.0,Vermont,2014.0,Male,40+ years,40+,2.0,158579.0,1.26
19067,Primary and Secondary Syphilis,310.0,Virginia,1996.0,Male,15-19 years,15-19,17.0,230194.0,7.39
19068,Primary and Secondary Syphilis,310.0,Virginia,1996.0,Male,20-24 years,20-24,31.0,240682.0,12.88
19069,Primary and Secondary Syphilis,310.0,Virginia,1996.0,Male,25-29 years,25-29,25.0,265274.0,9.42
19070,Primary and Secondary Syphilis,310.0,Virginia,1996.0,Male,30-34 years,30-34,29.0,294293.0,9.85
19071,Primary and Secondary Syphilis,310.0,Virginia,1996.0,Male,35-39 years,35-39,24.0,296723.0,8.09
19072,Primary and Secondary Syphilis,310.0,Virginia,1996.0,Male,40+ years,40+,63.0,1267943.0,4.97
19073,Primary and Secondary Syphilis,310.0,Virginia,1997.0,Male,15-19 years,15-19,5.0,235826.0,2.12
19074,Primary and Secondary Syphilis,310.0,Virginia,1997.0,Male,20-24 years,20-24,20.0,237588.0,8.42
19075,Primary and Secondary Syphilis,310.0,Virginia,1997.0,Male,25-29 years,25-29,18.0,262758.0,6.85
19076,Primary and Secondary Syphilis,310.0,Virginia,1997.0,Male,30-34 years,30-34,24.0,286634.0,8.37
19077,Primary and Secondary Syphilis,310.0,Virginia,1997.0,Male,35-39 years,35-39,19.0,298819.0,6.36
19078,Primary and Secondary Syphilis,310.0,Virginia,1997.0,Male,40+ years,40+,39.0,1304188.0,2.99
19079,Primary and Secondary Syphilis,310.0,Virginia,1998.0,Male,15-19 years,15-19,3.0,241148.0,1.24
19080,Primary and Secondary Syphilis,310.0,Virginia,1998.0,Male,20-24 years,20-24,5.0,237897.0,2.1
19081,Primary and Secondary Syphilis,310.0,Virginia,1998.0,Male,25-29 years,25-29,11.0,258212.0,4.26
19082,Primary and Secondary Syphilis,310.0,Virginia,1998.0,Male,30-34 years,30-34,17.0,277116.0,6.13
19083,Primary and Secondary Syphilis,310.0,Virginia,1998.0,Male,35-39 years,35-39,21.0,299814.0,7.0
19084,Primary and Secondary Syphilis,310.0,Virginia,1998.0,Male,40+ years,40+,31.0,1337136.0,2.32
19085,Primary and Secondary Syphilis,310.0,Virginia,1999.0,Male,15-19 years,15-19,1.0,245429.0,0.41
19086,Primary and Secondary Syphilis,310.0,Virginia,1999.0,Male,20-24 years,20-24,9.0,243571.0,3.7
19087,Primary and Secondary Syphilis,310.0,Virginia,1999.0,Male,25-29 years,25-29,11.0,254441.0,4.32
19088,Primary and Secondary Syphilis,310.0,Virginia,1999.0,Male,30-34 years,30-34,12.0,271589.0,4.42
19089,Primary and Secondary Syphilis,310.0,Virginia,1999.0,Male,35-39 years,35-39,17.0,303024.0,5.61
19090,Primary and Secondary Syphilis,310.0,Virginia,1999.0,Male,40+ years,40+,32.0,1376652.0,2.32
19091,Primary and Secondary Syphilis,310.0,Virginia,2000.0,Male,15-19 years,15-19,3.0,249307.0,1.2
19092,Primary and Secondary Syphilis,310.0,Virginia,2000.0,Male,20-24 years,20-24,5.0,251706.0,1.99
19093,Primary and Secondary Syphilis,310.0,Virginia,2000.0,Male,25-29 years,25-29,15.0,249774.0,6.01
19094,Primary and Secondary Syphilis,310.0,Virginia,2000.0,Male,30-34 years,30-34,8.0,270586.0,2.96
19095,Primary and Secondary Syphilis,310.0,Virginia,2000.0,Male,35-39 years,35-39,16.0,302360.0,5.29
19096,Primary and Secondary Syphilis,310.0,Virginia,2000.0,Male,40+ years,40+,35.0,1415638.0,2.47
19097,Primary and Secondary Syphilis,310.0,Virginia,2001.0,Male,20-24 years,20-24,6.0,258509.0,2.32
19098,Primary and Secondary Syphilis,310.0,Virginia,2001.0,Male,25-29 years,25-29,6.0,245566.0,2.44
19099,Primary and Secondary Syphilis,310.0,Virginia,2001.0,Male,30-34 years,30-34,7.0,272349.0,2.57
19100,Primary and Secondary Syphilis,310.0,Virginia,2001.0,Male,35-39 years,35-39,15.0,298519.0,5.02
19101,Primary and Secondary Syphilis,310.0,Virginia,2001.0,Male,40+ years,40+,25.0,1449760.0,1.72
19102,Primary and Secondary Syphilis,310.0,Virginia,2002.0,Male,15-19 years,15-19,3.0,259735.0,1.16
19103,Primary and Secondary Syphilis,310.0,Virginia,2002.0,Male,20-24 years,20-24,8.0,269646.0,2.97
19104,Primary and Secondary Syphilis,310.0,Virginia,2002.0,Male,25-29 years,25-29,7.0,245682.0,2.85
19105,Primary and Secondary Syphilis,310.0,Virginia,2002.0,Male,30-34 years,30-34,11.0,274619.0,4.01
19106,Primary and Secondary Syphilis,310.0,Virginia,2002.0,Male,35-39 years,35-39,8.0,293148.0,2.73
19107,Primary and Secondary Syphilis,310.0,Virginia,2002.0,Male,40+ years,40+,17.0,1481023.0,1.15
19108,Primary and Secondary Syphilis,310.0,Virginia,2003.0,Male,15-19 years,15-19,1.0,263623.0,0.38
19109,Primary and Secondary Syphilis,310.0,Virginia,2003.0,Male,20-24 years,20-24,9.0,279062.0,3.23
19110,Primary and Secondary Syphilis,310.0,Virginia,2003.0,Male,25-29 years,25-29,9.0,245612.0,3.66
19111,Primary and Secondary Syphilis,310.0,Virginia,2003.0,Male,30-34 years,30-34,8.0,267350.0,2.99
19112,Primary and Secondary Syphilis,310.0,Virginia,2003.0,Male,35-39 years,35-39,22.0,284075.0,7.74
19113,Primary and Secondary Syphilis,310.0,Virginia,2003.0,Male,40+ years,40+,26.0,1527749.0,1.7
19114,Primary and Secondary Syphilis,310.0,Virginia,2004.0,Male,15-19 years,15-19,4.0,267752.0,1.49
19115,Primary and Secondary Syphilis,310.0,Virginia,2004.0,Male,20-24 years,20-24,12.0,284320.0,4.22
19116,Primary and Secondary Syphilis,310.0,Virginia,2004.0,Male,25-29 years,25-29,14.0,250630.0,5.59
19117,Primary and Secondary Syphilis,310.0,Virginia,2004.0,Male,30-34 years,30-34,18.0,262300.0,6.86
19118,Primary and Secondary Syphilis,310.0,Virginia,2004.0,Male,35-39 years,35-39,22.0,277284.0,7.93
19119,Primary and Secondary Syphilis,310.0,Virginia,2004.0,Male,40+ years,40+,40.0,1563963.0,2.56
19120,Primary and Secondary Syphilis,310.0,Virginia,2005.0,Male,15-19 years,15-19,3.0,272171.0,1.1
19121,Primary and Secondary Syphilis,310.0,Virginia,2005.0,Male,20-24 years,20-24,18.0,289785.0,6.21
19122,Primary and Secondary Syphilis,310.0,Virginia,2005.0,Male,25-29 years,25-29,22.0,256540.0,8.58
19123,Primary and Secondary Syphilis,310.0,Virginia,2005.0,Male,30-34 years,30-34,16.0,255899.0,6.25
19124,Primary and Secondary Syphilis,310.0,Virginia,2005.0,Male,35-39 years,35-39,19.0,275567.0,6.89
19125,Primary and Secondary Syphilis,310.0,Virginia,2005.0,Male,40+ years,40+,46.0,1602683.0,2.87
19126,Primary and Secondary Syphilis,310.0,Virginia,2006.0,Male,15-19 years,15-19,5.0,269599.0,1.85
19127,Primary and Secondary Syphilis,310.0,Virginia,2006.0,Male,20-24 years,20-24,28.0,281376.0,9.95
19128,Primary and Secondary Syphilis,310.0,Virginia,2006.0,Male,25-29 years,25-29,33.0,267207.0,12.35
19129,Primary and Secondary Syphilis,310.0,Virginia,2006.0,Male,30-34 years,30-34,16.0,260432.0,6.14
19130,Primary and Secondary Syphilis,310.0,Virginia,2006.0,Male,35-39 years,35-39,33.0,284488.0,11.6
19131,Primary and Secondary Syphilis,310.0,Virginia,2006.0,Male,40+ years,40+,52.0,1631748.0,3.19
19132,Primary and Secondary Syphilis,310.0,Virginia,2007.0,Male,15-19 years,15-19,16.0,270467.0,5.92
19133,Primary and Secondary Syphilis,310.0,Virginia,2007.0,Male,20-24 years,20-24,34.0,285820.0,11.9
19134,Primary and Secondary Syphilis,310.0,Virginia,2007.0,Male,25-29 years,25-29,36.0,277086.0,12.99
19135,Primary and Secondary Syphilis,310.0,Virginia,2007.0,Male,30-34 years,30-34,21.0,257443.0,8.16
19136,Primary and Secondary Syphilis,310.0,Virginia,2007.0,Male,35-39 years,35-39,36.0,283954.0,12.68
19137,Primary and Secondary Syphilis,310.0,Virginia,2007.0,Male,40+ years,40+,71.0,1640013.0,4.33
19138,Primary and Secondary Syphilis,310.0,Virginia,2008.0,Male,15-19 years,15-19,30.0,272584.0,11.01
19139,Primary and Secondary Syphilis,310.0,Virginia,2008.0,Male,20-24 years,20-24,51.0,286559.0,17.8
19140,Primary and Secondary Syphilis,310.0,Virginia,2008.0,Male,25-29 years,25-29,51.0,284156.0,17.95
19141,Primary and Secondary Syphilis,310.0,Virginia,2008.0,Male,30-34 years,30-34,20.0,258082.0,7.75
19142,Primary and Secondary Syphilis,310.0,Virginia,2008.0,Male,35-39 years,35-39,31.0,282341.0,10.98
19143,Primary and Secondary Syphilis,310.0,Virginia,2008.0,Male,40+ years,40+,58.0,1662232.0,3.49
19144,Primary and Secondary Syphilis,310.0,Virginia,2009.0,Male,15-19 years,15-19,28.0,276661.0,10.12
19145,Primary and Secondary Syphilis,310.0,Virginia,2009.0,Male,20-24 years,20-24,69.0,304382.0,22.67
19146,Primary and Secondary Syphilis,310.0,Virginia,2009.0,Male,25-29 years,25-29,60.0,294827.0,20.35
19147,Primary and Secondary Syphilis,310.0,Virginia,2009.0,Male,30-34 years,30-34,26.0,258883.0,10.04
19148,Primary and Secondary Syphilis,310.0,Virginia,2009.0,Male,35-39 years,35-39,22.0,274474.0,8.02
19149,Primary and Secondary Syphilis,310.0,Virginia,2009.0,Male,40+ years,40+,72.0,1680952.0,4.28
19150,Primary and Secondary Syphilis,310.0,Virginia,2010.0,Male,15-19 years,15-19,15.0,281502.0,5.33
19151,Primary and Secondary Syphilis,310.0,Virginia,2010.0,Male,20-24 years,20-24,67.0,294041.0,22.79
19152,Primary and Secondary Syphilis,310.0,Virginia,2010.0,Male,25-29 years,25-29,61.0,283970.0,21.48
19153,Primary and Secondary Syphilis,310.0,Virginia,2010.0,Male,30-34 years,30-34,26.0,261654.0,9.94
19154,Primary and Secondary Syphilis,310.0,Virginia,2010.0,Male,35-39 years,35-39,19.0,268137.0,7.09
19155,Primary and Secondary Syphilis,310.0,Virginia,2010.0,Male,40+ years,40+,71.0,1754399.0,4.05
19156,Primary and Secondary Syphilis,310.0,Virginia,2011.0,Male,15-19 years,15-19,6.0,278413.0,2.16
19157,Primary and Secondary Syphilis,310.0,Virginia,2011.0,Male,20-24 years,20-24,52.0,301085.0,17.27
19158,Primary and Secondary Syphilis,310.0,Virginia,2011.0,Male,25-29 years,25-29,36.0,289839.0,12.42
19159,Primary and Secondary Syphilis,310.0,Virginia,2011.0,Male,30-34 years,30-34,25.0,272260.0,9.18
19160,Primary and Secondary Syphilis,310.0,Virginia,2011.0,Male,35-39 years,35-39,20.0,259812.0,7.7
19161,Primary and Secondary Syphilis,310.0,Virginia,2011.0,Male,40+ years,40+,56.0,1789465.0,3.13
19162,Primary and Secondary Syphilis,310.0,Virginia,2012.0,Male,15-19 years,15-19,15.0,276548.0,5.42
19163,Primary and Secondary Syphilis,310.0,Virginia,2012.0,Male,20-24 years,20-24,64.0,305394.0,20.96
19164,Primary and Secondary Syphilis,310.0,Virginia,2012.0,Male,25-29 years,25-29,51.0,294725.0,17.3
19165,Primary and Secondary Syphilis,310.0,Virginia,2012.0,Male,30-34 years,30-34,42.0,281314.0,14.93
19166,Primary and Secondary Syphilis,310.0,Virginia,2012.0,Male,35-39 years,35-39,17.0,259296.0,6.56
19167,Primary and Secondary Syphilis,310.0,Virginia,2012.0,Male,40+ years,40+,75.0,1815968.0,4.13
19168,Primary and Secondary Syphilis,310.0,Virginia,2013.0,Male,15-19 years,15-19,19.0,273415.0,6.95
19169,Primary and Secondary Syphilis,310.0,Virginia,2013.0,Male,20-24 years,20-24,64.0,310835.0,20.59
19170,Primary and Secondary Syphilis,310.0,Virginia,2013.0,Male,25-29 years,25-29,63.0,298231.0,21.12
19171,Primary and Secondary Syphilis,310.0,Virginia,2013.0,Male,30-34 years,30-34,35.0,288847.0,12.12
19172,Primary and Secondary Syphilis,310.0,Virginia,2013.0,Male,35-39 years,35-39,25.0,262322.0,9.53
19173,Primary and Secondary Syphilis,310.0,Virginia,2013.0,Male,40+ years,40+,92.0,1835200.0,5.01
19174,Primary and Secondary Syphilis,310.0,Virginia,2014.0,Male,15-19 years,15-19,11.0,273415.0,4.02
19175,Primary and Secondary Syphilis,310.0,Virginia,2014.0,Male,20-24 years,20-24,56.0,310835.0,18.02
19176,Primary and Secondary Syphilis,310.0,Virginia,2014.0,Male,25-29 years,25-29,54.0,298231.0,18.11
19177,Primary and Secondary Syphilis,310.0,Virginia,2014.0,Male,30-34 years,30-34,42.0,288847.0,14.54
19178,Primary and Secondary Syphilis,310.0,Virginia,2014.0,Male,35-39 years,35-39,23.0,262322.0,8.77
19179,Primary and Secondary Syphilis,310.0,Virginia,2014.0,Male,40+ years,40+,86.0,1835200.0,4.69
19180,Primary and Secondary Syphilis,310.0,Washington,1996.0,Male,15-19 years,15-19,1.0,200538.0,0.5
19181,Primary and Secondary Syphilis,310.0,Washington,1996.0,Male,20-24 years,20-24,1.0,181094.0,0.55
19182,Primary and Secondary Syphilis,310.0,Washington,1996.0,Male,25-29 years,25-29,2.0,203878.0,0.98
19183,Primary and Secondary Syphilis,310.0,Washington,1996.0,Male,30-34 years,30-34,1.0,237608.0,0.42
19184,Primary and Secondary Syphilis,310.0,Washington,1996.0,Male,35-39 years,35-39,1.0,249523.0,0.4
19185,Primary and Secondary Syphilis,310.0,Washington,1996.0,Male,40+ years,40+,1.0,1077244.0,0.09
19186,Primary and Secondary Syphilis,310.0,Washington,1997.0,Male,15-19 years,15-19,1.0,208404.0,0.48
19187,Primary and Secondary Syphilis,310.0,Washington,1997.0,Male,20-24 years,20-24,3.0,185724.0,1.62
19188,Primary and Secondary Syphilis,310.0,Washington,1997.0,Male,35-39 years,35-39,1.0,250792.0,0.4
19189,Primary and Secondary Syphilis,310.0,Washington,1997.0,Male,40+ years,40+,4.0,1112656.0,0.36
19190,Primary and Secondary Syphilis,310.0,Washington,1998.0,Male,15-19 years,15-19,1.0,215181.0,0.46
19191,Primary and Secondary Syphilis,310.0,Washington,1998.0,Male,20-24 years,20-24,3.0,190051.0,1.58
19192,Primary and Secondary Syphilis,310.0,Washington,1998.0,Male,25-29 years,25-29,5.0,206412.0,2.42
19193,Primary and Secondary Syphilis,310.0,Washington,1998.0,Male,30-34 years,30-34,10.0,227195.0,4.4
19194,Primary and Secondary Syphilis,310.0,Washington,1998.0,Male,35-39 years,35-39,6.0,250072.0,2.4
19195,Primary and Secondary Syphilis,310.0,Washington,1998.0,Male,40+ years,40+,12.0,1145451.0,1.05
19196,Primary and Secondary Syphilis,310.0,Washington,1999.0,Male,15-19 years,15-19,1.0,218772.0,0.46
19197,Primary and Secondary Syphilis,310.0,Washington,1999.0,Male,20-24 years,20-24,2.0,196007.0,1.02
19198,Primary and Secondary Syphilis,310.0,Washington,1999.0,Male,25-29 years,25-29,15.0,206230.0,7.27
19199,Primary and Secondary Syphilis,310.0,Washington,1999.0,Male,30-34 years,30-34,18.0,223757.0,8.04
19200,Primary and Secondary Syphilis,310.0,Washington,1999.0,Male,35-39 years,35-39,18.0,247606.0,7.27
19201,Primary and Secondary Syphilis,310.0,Washington,1999.0,Male,40+ years,40+,20.0,1174142.0,1.7
19202,Primary and Secondary Syphilis,310.0,Washington,2000.0,Male,15-19 years,15-19,1.0,221012.0,0.45
19203,Primary and Secondary Syphilis,310.0,Washington,2000.0,Male,20-24 years,20-24,4.0,202656.0,1.97
19204,Primary and Secondary Syphilis,310.0,Washington,2000.0,Male,25-29 years,25-29,9.0,205668.0,4.38
19205,Primary and Secondary Syphilis,310.0,Washington,2000.0,Male,30-34 years,30-34,14.0,224981.0,6.22
19206,Primary and Secondary Syphilis,310.0,Washington,2000.0,Male,35-39 years,35-39,10.0,243077.0,4.11
19207,Primary and Secondary Syphilis,310.0,Washington,2000.0,Male,40+ years,40+,20.0,1203396.0,1.66
19208,Primary and Secondary Syphilis,310.0,Washington,2001.0,Male,15-19 years,15-19,1.0,225155.0,0.44
19209,Primary and Secondary Syphilis,310.0,Washington,2001.0,Male,20-24 years,20-24,4.0,209029.0,1.91
19210,Primary and Secondary Syphilis,310.0,Washington,2001.0,Male,25-29 years,25-29,9.0,203506.0,4.42
19211,Primary and Secondary Syphilis,310.0,Washington,2001.0,Male,30-34 years,30-34,14.0,230825.0,6.07
19212,Primary and Secondary Syphilis,310.0,Washington,2001.0,Male,35-39 years,35-39,10.0,240538.0,4.16
19213,Primary and Secondary Syphilis,310.0,Washington,2001.0,Male,40+ years,40+,12.0,1234837.0,0.97
19214,Primary and Secondary Syphilis,310.0,Washington,2002.0,Male,15-19 years,15-19,1.0,226761.0,0.44
19215,Primary and Secondary Syphilis,310.0,Washington,2002.0,Male,20-24 years,20-24,3.0,215145.0,1.39
19216,Primary and Secondary Syphilis,310.0,Washington,2002.0,Male,25-29 years,25-29,11.0,202990.0,5.42
19217,Primary and Secondary Syphilis,310.0,Washington,2002.0,Male,30-34 years,30-34,10.0,234418.0,4.27
19218,Primary and Secondary Syphilis,310.0,Washington,2002.0,Male,35-39 years,35-39,18.0,236557.0,7.61
19219,Primary and Secondary Syphilis,310.0,Washington,2002.0,Male,40+ years,40+,26.0,1266058.0,2.05
19220,Primary and Secondary Syphilis,310.0,Washington,2003.0,Male,15-19 years,15-19,3.0,226947.0,1.32
19221,Primary and Secondary Syphilis,310.0,Washington,2003.0,Male,20-24 years,20-24,6.0,228693.0,2.62
19222,Primary and Secondary Syphilis,310.0,Washington,2003.0,Male,25-29 years,25-29,12.0,207296.0,5.79
19223,Primary and Secondary Syphilis,310.0,Washington,2003.0,Male,30-34 years,30-34,20.0,230507.0,8.68
19224,Primary and Secondary Syphilis,310.0,Washington,2003.0,Male,35-39 years,35-39,21.0,232382.0,9.04
19225,Primary and Secondary Syphilis,310.0,Washington,2003.0,Male,40+ years,40+,16.0,1297925.0,1.23
19226,Primary and Secondary Syphilis,310.0,Washington,2004.0,Male,20-24 years,20-24,18.0,236283.0,7.62
19227,Primary and Secondary Syphilis,310.0,Washington,2004.0,Male,25-29 years,25-29,18.0,212856.0,8.46
19228,Primary and Secondary Syphilis,310.0,Washington,2004.0,Male,30-34 years,30-34,31.0,227265.0,13.64
19229,Primary and Secondary Syphilis,310.0,Washington,2004.0,Male,35-39 years,35-39,34.0,232399.0,14.63
19230,Primary and Secondary Syphilis,310.0,Washington,2004.0,Male,40+ years,40+,43.0,1330029.0,3.23
19231,Primary and Secondary Syphilis,310.0,Washington,2005.0,Male,15-19 years,15-19,5.0,230290.0,2.17
19232,Primary and Secondary Syphilis,310.0,Washington,2005.0,Male,20-24 years,20-24,19.0,243496.0,7.8
19233,Primary and Secondary Syphilis,310.0,Washington,2005.0,Male,25-29 years,25-29,18.0,220266.0,8.17
19234,Primary and Secondary Syphilis,310.0,Washington,2005.0,Male,30-34 years,30-34,16.0,223168.0,7.17
19235,Primary and Secondary Syphilis,310.0,Washington,2005.0,Male,35-39 years,35-39,39.0,236205.0,16.51
19236,Primary and Secondary Syphilis,310.0,Washington,2005.0,Male,40+ years,40+,50.0,1361517.0,3.67
19237,Primary and Secondary Syphilis,310.0,Washington,2006.0,Male,15-19 years,15-19,5.0,227299.0,2.2
19238,Primary and Secondary Syphilis,310.0,Washington,2006.0,Male,20-24 years,20-24,13.0,231185.0,5.62
19239,Primary and Secondary Syphilis,310.0,Washington,2006.0,Male,25-29 years,25-29,18.0,236634.0,7.61
19240,Primary and Secondary Syphilis,310.0,Washington,2006.0,Male,30-34 years,30-34,25.0,219440.0,11.39
19241,Primary and Secondary Syphilis,310.0,Washington,2006.0,Male,35-39 years,35-39,37.0,236554.0,15.64
19242,Primary and Secondary Syphilis,310.0,Washington,2006.0,Male,40+ years,40+,80.0,1396977.0,5.73
19243,Primary and Secondary Syphilis,310.0,Washington,2007.0,Male,15-19 years,15-19,2.0,227632.0,0.88
19244,Primary and Secondary Syphilis,310.0,Washington,2007.0,Male,20-24 years,20-24,14.0,225778.0,6.2
19245,Primary and Secondary Syphilis,310.0,Washington,2007.0,Male,25-29 years,25-29,15.0,243285.0,6.17
19246,Primary and Secondary Syphilis,310.0,Washington,2007.0,Male,30-34 years,30-34,24.0,218719.0,10.97
19247,Primary and Secondary Syphilis,310.0,Washington,2007.0,Male,35-39 years,35-39,33.0,238054.0,13.86
19248,Primary and Secondary Syphilis,310.0,Washington,2007.0,Male,40+ years,40+,60.0,1424620.0,4.21
19249,Primary and Secondary Syphilis,310.0,Washington,2008.0,Male,15-19 years,15-19,4.0,228322.0,1.75
19250,Primary and Secondary Syphilis,310.0,Washington,2008.0,Male,20-24 years,20-24,18.0,231321.0,7.78
19251,Primary and Secondary Syphilis,310.0,Washington,2008.0,Male,25-29 years,25-29,21.0,251426.0,8.35
19252,Primary and Secondary Syphilis,310.0,Washington,2008.0,Male,30-34 years,30-34,26.0,224162.0,11.6
19253,Primary and Secondary Syphilis,310.0,Washington,2008.0,Male,35-39 years,35-39,24.0,236208.0,10.16
19254,Primary and Secondary Syphilis,310.0,Washington,2008.0,Male,40+ years,40+,83.0,1449288.0,5.73
19255,Primary and Secondary Syphilis,310.0,Washington,2009.0,Male,20-24 years,20-24,15.0,244970.0,6.12
19256,Primary and Secondary Syphilis,310.0,Washington,2009.0,Male,25-29 years,25-29,15.0,259929.0,5.77
19257,Primary and Secondary Syphilis,310.0,Washington,2009.0,Male,30-34 years,30-34,25.0,227201.0,11.0
19258,Primary and Secondary Syphilis,310.0,Washington,2009.0,Male,35-39 years,35-39,17.0,230874.0,7.36
19259,Primary and Secondary Syphilis,310.0,Washington,2009.0,Male,40+ years,40+,61.0,1471031.0,4.15
19260,Primary and Secondary Syphilis,310.0,Washington,2010.0,Male,15-19 years,15-19,2.0,237577.0,0.84
19261,Primary and Secondary Syphilis,310.0,Washington,2010.0,Male,20-24 years,20-24,19.0,238131.0,7.98
19262,Primary and Secondary Syphilis,310.0,Washington,2010.0,Male,25-29 years,25-29,39.0,245014.0,15.92
19263,Primary and Secondary Syphilis,310.0,Washington,2010.0,Male,30-34 years,30-34,33.0,229863.0,14.36
19264,Primary and Secondary Syphilis,310.0,Washington,2010.0,Male,35-39 years,35-39,37.0,226850.0,16.31
19265,Primary and Secondary Syphilis,310.0,Washington,2010.0,Male,40+ years,40+,131.0,1502765.0,8.72
19266,Primary and Secondary Syphilis,310.0,Washington,2011.0,Male,15-19 years,15-19,5.0,231343.0,2.16
19267,Primary and Secondary Syphilis,310.0,Washington,2011.0,Male,20-24 years,20-24,29.0,252277.0,11.5
19268,Primary and Secondary Syphilis,310.0,Washington,2011.0,Male,25-29 years,25-29,41.0,252927.0,16.21
19269,Primary and Secondary Syphilis,310.0,Washington,2011.0,Male,30-34 years,30-34,51.0,239655.0,21.28
19270,Primary and Secondary Syphilis,310.0,Washington,2011.0,Male,35-39 years,35-39,42.0,221931.0,18.92
19271,Primary and Secondary Syphilis,310.0,Washington,2011.0,Male,40+ years,40+,154.0,1538941.0,10.01
19272,Primary and Secondary Syphilis,310.0,Washington,2012.0,Male,15-19 years,15-19,5.0,227038.0,2.2
19273,Primary and Secondary Syphilis,310.0,Washington,2012.0,Male,20-24 years,20-24,34.0,255068.0,13.33
19274,Primary and Secondary Syphilis,310.0,Washington,2012.0,Male,25-29 years,25-29,44.0,253133.0,17.38
19275,Primary and Secondary Syphilis,310.0,Washington,2012.0,Male,30-34 years,30-34,35.0,246229.0,14.21
19276,Primary and Secondary Syphilis,310.0,Washington,2012.0,Male,35-39 years,35-39,41.0,222973.0,18.39
19277,Primary and Secondary Syphilis,310.0,Washington,2012.0,Male,40+ years,40+,134.0,1561675.0,8.58
19278,Primary and Secondary Syphilis,310.0,Washington,2013.0,Male,15-19 years,15-19,14.0,225592.0,6.21
19279,Primary and Secondary Syphilis,310.0,Washington,2013.0,Male,20-24 years,20-24,37.0,257907.0,14.35
19280,Primary and Secondary Syphilis,310.0,Washington,2013.0,Male,25-29 years,25-29,45.0,258128.0,17.43
19281,Primary and Secondary Syphilis,310.0,Washington,2013.0,Male,30-34 years,30-34,37.0,253891.0,14.57
19282,Primary and Secondary Syphilis,310.0,Washington,2013.0,Male,35-39 years,35-39,30.0,227129.0,13.21
19283,Primary and Secondary Syphilis,310.0,Washington,2013.0,Male,40+ years,40+,108.0,1580373.0,6.83
19284,Primary and Secondary Syphilis,310.0,Washington,2014.0,Male,15-19 years,15-19,13.0,225592.0,5.76
19285,Primary and Secondary Syphilis,310.0,Washington,2014.0,Male,20-24 years,20-24,62.0,257907.0,24.04
19286,Primary and Secondary Syphilis,310.0,Washington,2014.0,Male,25-29 years,25-29,44.0,258128.0,17.05
19287,Primary and Secondary Syphilis,310.0,Washington,2014.0,Male,30-34 years,30-34,49.0,253891.0,19.3
19288,Primary and Secondary Syphilis,310.0,Washington,2014.0,Male,35-39 years,35-39,32.0,227129.0,14.09
19289,Primary and Secondary Syphilis,310.0,Washington,2014.0,Male,40+ years,40+,126.0,1580373.0,7.97
19290,Primary and Secondary Syphilis,310.0,West Virginia,1996.0,Male,30-34 years,30-34,1.0,58580.0,1.71
19291,Primary and Secondary Syphilis,310.0,West Virginia,1996.0,Male,40+ years,40+,1.0,386558.0,0.26
19292,Primary and Secondary Syphilis,310.0,West Virginia,1997.0,Male,15-19 years,15-19,2.0,70471.0,2.84
19293,Primary and Secondary Syphilis,310.0,West Virginia,1998.0,Male,25-29 years,25-29,1.0,58277.0,1.72
19294,Primary and Secondary Syphilis,310.0,West Virginia,1999.0,Male,20-24 years,20-24,1.0,61462.0,1.63
19295,Primary and Secondary Syphilis,310.0,West Virginia,1999.0,Male,30-34 years,30-34,1.0,56534.0,1.77
19296,Primary and Secondary Syphilis,310.0,West Virginia,2000.0,Male,20-24 years,20-24,1.0,61390.0,1.63
19297,Primary and Secondary Syphilis,310.0,West Virginia,2000.0,Male,40+ years,40+,1.0,408725.0,0.24
19298,Primary and Secondary Syphilis,310.0,West Virginia,2001.0,Male,20-24 years,20-24,1.0,63325.0,1.58
19299,Primary and Secondary Syphilis,310.0,West Virginia,2001.0,Male,35-39 years,35-39,2.0,61517.0,3.25
19300,Primary and Secondary Syphilis,310.0,West Virginia,2001.0,Male,40+ years,40+,1.0,411522.0,0.24
19301,Primary and Secondary Syphilis,310.0,West Virginia,2002.0,Male,25-29 years,25-29,1.0,54453.0,1.84
19302,Primary and Secondary Syphilis,310.0,West Virginia,2004.0,Male,40+ years,40+,2.0,429183.0,0.47
19303,Primary and Secondary Syphilis,310.0,West Virginia,2005.0,Male,20-24 years,20-24,2.0,62098.0,3.22
19304,Primary and Secondary Syphilis,310.0,West Virginia,2005.0,Male,30-34 years,30-34,1.0,55706.0,1.8
19305,Primary and Secondary Syphilis,310.0,West Virginia,2006.0,Male,20-24 years,20-24,3.0,60110.0,4.99
19306,Primary and Secondary Syphilis,310.0,West Virginia,2006.0,Male,35-39 years,35-39,3.0,58825.0,5.1
19307,Primary and Secondary Syphilis,310.0,West Virginia,2006.0,Male,40+ years,40+,4.0,429970.0,0.93
19308,Primary and Secondary Syphilis,310.0,West Virginia,2007.0,Male,20-24 years,20-24,1.0,57720.0,1.73
19309,Primary and Secondary Syphilis,310.0,West Virginia,2007.0,Male,35-39 years,35-39,2.0,59011.0,3.39
19310,Primary and Secondary Syphilis,310.0,West Virginia,2007.0,Male,40+ years,40+,1.0,431234.0,0.23
19311,Primary and Secondary Syphilis,310.0,West Virginia,2008.0,Male,20-24 years,20-24,2.0,56699.0,3.53
19312,Primary and Secondary Syphilis,310.0,West Virginia,2008.0,Male,25-29 years,25-29,1.0,59689.0,1.68
19313,Primary and Secondary Syphilis,310.0,West Virginia,2008.0,Male,30-34 years,30-34,1.0,56588.0,1.77
19314,Primary and Secondary Syphilis,310.0,West Virginia,2008.0,Male,35-39 years,35-39,1.0,59104.0,1.69
19315,Primary and Secondary Syphilis,310.0,West Virginia,2008.0,Male,40+ years,40+,4.0,434455.0,0.92
19316,Primary and Secondary Syphilis,310.0,West Virginia,2009.0,Male,25-29 years,25-29,1.0,57979.0,1.72
19317,Primary and Secondary Syphilis,310.0,West Virginia,2009.0,Male,30-34 years,30-34,2.0,55696.0,3.59
19318,Primary and Secondary Syphilis,310.0,West Virginia,2009.0,Male,35-39 years,35-39,1.0,57757.0,1.73
19319,Primary and Secondary Syphilis,310.0,West Virginia,2009.0,Male,40+ years,40+,2.0,435548.0,0.46
19320,Primary and Secondary Syphilis,310.0,West Virginia,2010.0,Male,20-24 years,20-24,1.0,59925.0,1.67
19321,Primary and Secondary Syphilis,310.0,West Virginia,2010.0,Male,35-39 years,35-39,2.0,59112.0,3.38
19322,Primary and Secondary Syphilis,310.0,West Virginia,2010.0,Male,40+ years,40+,3.0,457523.0,0.66
19323,Primary and Secondary Syphilis,310.0,West Virginia,2011.0,Male,15-19 years,15-19,1.0,60540.0,1.65
19324,Primary and Secondary Syphilis,310.0,West Virginia,2011.0,Male,40+ years,40+,3.0,461397.0,0.65
19325,Primary and Secondary Syphilis,310.0,West Virginia,2012.0,Male,20-24 years,20-24,2.0,63029.0,3.17
19326,Primary and Secondary Syphilis,310.0,West Virginia,2012.0,Male,25-29 years,25-29,2.0,54391.0,3.68
19327,Primary and Secondary Syphilis,310.0,West Virginia,2012.0,Male,40+ years,40+,2.0,463354.0,0.43
19328,Primary and Secondary Syphilis,310.0,West Virginia,2013.0,Male,20-24 years,20-24,4.0,63670.0,6.28
19329,Primary and Secondary Syphilis,310.0,West Virginia,2013.0,Male,25-29 years,25-29,2.0,54527.0,3.67
19330,Primary and Secondary Syphilis,310.0,West Virginia,2013.0,Male,35-39 years,35-39,1.0,55877.0,1.79
19331,Primary and Secondary Syphilis,310.0,West Virginia,2013.0,Male,40+ years,40+,4.0,464845.0,0.86
19332,Primary and Secondary Syphilis,310.0,West Virginia,2014.0,Male,15-19 years,15-19,1.0,57955.0,1.73
19333,Primary and Secondary Syphilis,310.0,West Virginia,2014.0,Male,20-24 years,20-24,6.0,63670.0,9.42
19334,Primary and Secondary Syphilis,310.0,West Virginia,2014.0,Male,25-29 years,25-29,5.0,54527.0,9.17
19335,Primary and Secondary Syphilis,310.0,West Virginia,2014.0,Male,30-34 years,30-34,2.0,57149.0,3.5
19336,Primary and Secondary Syphilis,310.0,West Virginia,2014.0,Male,35-39 years,35-39,3.0,55877.0,5.37
19337,Primary and Secondary Syphilis,310.0,West Virginia,2014.0,Male,40+ years,40+,5.0,464845.0,1.08
19338,Primary and Secondary Syphilis,310.0,Wisconsin,1996.0,Male,15-19 years,15-19,4.0,198820.0,2.01
19339,Primary and Secondary Syphilis,310.0,Wisconsin,1996.0,Male,20-24 years,20-24,8.0,170800.0,4.68
19340,Primary and Secondary Syphilis,310.0,Wisconsin,1996.0,Male,25-29 years,25-29,17.0,183535.0,9.26
19341,Primary and Secondary Syphilis,310.0,Wisconsin,1996.0,Male,30-34 years,30-34,18.0,203914.0,8.83
19342,Primary and Secondary Syphilis,310.0,Wisconsin,1996.0,Male,35-39 years,35-39,16.0,225968.0,7.08
19343,Primary and Secondary Syphilis,310.0,Wisconsin,1996.0,Male,40+ years,40+,30.0,1018584.0,2.95
19344,Primary and Secondary Syphilis,310.0,Wisconsin,1997.0,Male,15-19 years,15-19,1.0,203797.0,0.49
19345,Primary and Secondary Syphilis,310.0,Wisconsin,1997.0,Male,20-24 years,20-24,6.0,171788.0,3.49
19346,Primary and Secondary Syphilis,310.0,Wisconsin,1997.0,Male,25-29 years,25-29,9.0,180632.0,4.98
19347,Primary and Secondary Syphilis,310.0,Wisconsin,1997.0,Male,30-34 years,30-34,5.0,197729.0,2.53
19348,Primary and Secondary Syphilis,310.0,Wisconsin,1997.0,Male,35-39 years,35-39,10.0,225701.0,4.43
19349,Primary and Secondary Syphilis,310.0,Wisconsin,1997.0,Male,40+ years,40+,13.0,1041563.0,1.25
19350,Primary and Secondary Syphilis,310.0,Wisconsin,1998.0,Male,15-19 years,15-19,1.0,207574.0,0.48
19351,Primary and Secondary Syphilis,310.0,Wisconsin,1998.0,Male,20-24 years,20-24,6.0,174778.0,3.43
19352,Primary and Secondary Syphilis,310.0,Wisconsin,1998.0,Male,25-29 years,25-29,1.0,176236.0,0.57
19353,Primary and Secondary Syphilis,310.0,Wisconsin,1998.0,Male,30-34 years,30-34,5.0,192431.0,2.6
19354,Primary and Secondary Syphilis,310.0,Wisconsin,1998.0,Male,35-39 years,35-39,1.0,223362.0,0.45
19355,Primary and Secondary Syphilis,310.0,Wisconsin,1998.0,Male,40+ years,40+,15.0,1062921.0,1.41
19356,Primary and Secondary Syphilis,310.0,Wisconsin,1999.0,Male,25-29 years,25-29,7.0,172128.0,4.07
19357,Primary and Secondary Syphilis,310.0,Wisconsin,1999.0,Male,30-34 years,30-34,2.0,189086.0,1.06
19358,Primary and Secondary Syphilis,310.0,Wisconsin,1999.0,Male,35-39 years,35-39,5.0,220730.0,2.27
19359,Primary and Secondary Syphilis,310.0,Wisconsin,1999.0,Male,40+ years,40+,9.0,1086095.0,0.83
19360,Primary and Secondary Syphilis,310.0,Wisconsin,2000.0,Male,15-19 years,15-19,1.0,208585.0,0.48
19361,Primary and Secondary Syphilis,310.0,Wisconsin,2000.0,Male,20-24 years,20-24,3.0,185246.0,1.62
19362,Primary and Secondary Syphilis,310.0,Wisconsin,2000.0,Male,25-29 years,25-29,2.0,169059.0,1.18
19363,Primary and Secondary Syphilis,310.0,Wisconsin,2000.0,Male,35-39 years,35-39,4.0,216750.0,1.85
19364,Primary and Secondary Syphilis,310.0,Wisconsin,2000.0,Male,40+ years,40+,14.0,1113932.0,1.26
19365,Primary and Secondary Syphilis,310.0,Wisconsin,2001.0,Male,20-24 years,20-24,1.0,193285.0,0.52
19366,Primary and Secondary Syphilis,310.0,Wisconsin,2001.0,Male,25-29 years,25-29,2.0,166520.0,1.2
19367,Primary and Secondary Syphilis,310.0,Wisconsin,2001.0,Male,30-34 years,30-34,1.0,186747.0,0.54
19368,Primary and Secondary Syphilis,310.0,Wisconsin,2001.0,Male,35-39 years,35-39,3.0,211932.0,1.42
19369,Primary and Secondary Syphilis,310.0,Wisconsin,2001.0,Male,40+ years,40+,2.0,1137424.0,0.18
19370,Primary and Secondary Syphilis,310.0,Wisconsin,2002.0,Male,20-24 years,20-24,3.0,200468.0,1.5
19371,Primary and Secondary Syphilis,310.0,Wisconsin,2002.0,Male,25-29 years,25-29,7.0,167916.0,4.17
19372,Primary and Secondary Syphilis,310.0,Wisconsin,2002.0,Male,30-34 years,30-34,1.0,185169.0,0.54
19373,Primary and Secondary Syphilis,310.0,Wisconsin,2002.0,Male,35-39 years,35-39,3.0,206928.0,1.45
19374,Primary and Secondary Syphilis,310.0,Wisconsin,2002.0,Male,40+ years,40+,10.0,1160808.0,0.86
19375,Primary and Secondary Syphilis,310.0,Wisconsin,2003.0,Male,20-24 years,20-24,1.0,205338.0,0.49
19376,Primary and Secondary Syphilis,310.0,Wisconsin,2003.0,Male,25-29 years,25-29,2.0,171856.0,1.16
19377,Primary and Secondary Syphilis,310.0,Wisconsin,2003.0,Male,30-34 years,30-34,2.0,179179.0,1.12
19378,Primary and Secondary Syphilis,310.0,Wisconsin,2003.0,Male,35-39 years,35-39,4.0,199974.0,2.0
19379,Primary and Secondary Syphilis,310.0,Wisconsin,2003.0,Male,40+ years,40+,6.0,1184743.0,0.51
19380,Primary and Secondary Syphilis,310.0,Wisconsin,2004.0,Male,15-19 years,15-19,1.0,208337.0,0.48
19381,Primary and Secondary Syphilis,310.0,Wisconsin,2004.0,Male,20-24 years,20-24,1.0,208352.0,0.48
19382,Primary and Secondary Syphilis,310.0,Wisconsin,2004.0,Male,25-29 years,25-29,4.0,179571.0,2.23
19383,Primary and Secondary Syphilis,310.0,Wisconsin,2004.0,Male,30-34 years,30-34,5.0,176463.0,2.83
19384,Primary and Secondary Syphilis,310.0,Wisconsin,2004.0,Male,35-39 years,35-39,5.0,195983.0,2.55
19385,Primary and Secondary Syphilis,310.0,Wisconsin,2004.0,Male,40+ years,40+,11.0,1211541.0,0.91
19386,Primary and Secondary Syphilis,310.0,Wisconsin,2005.0,Male,15-19 years,15-19,1.0,207690.0,0.48
19387,Primary and Secondary Syphilis,310.0,Wisconsin,2005.0,Male,20-24 years,20-24,4.0,208214.0,1.92
19388,Primary and Secondary Syphilis,310.0,Wisconsin,2005.0,Male,25-29 years,25-29,10.0,186973.0,5.35
19389,Primary and Secondary Syphilis,310.0,Wisconsin,2005.0,Male,30-34 years,30-34,1.0,172526.0,0.58
19390,Primary and Secondary Syphilis,310.0,Wisconsin,2005.0,Male,35-39 years,35-39,5.0,193440.0,2.58
19391,Primary and Secondary Syphilis,310.0,Wisconsin,2005.0,Male,40+ years,40+,17.0,1232919.0,1.38
19392,Primary and Secondary Syphilis,310.0,Wisconsin,2006.0,Male,15-19 years,15-19,4.0,206351.0,1.94
19393,Primary and Secondary Syphilis,310.0,Wisconsin,2006.0,Male,20-24 years,20-24,7.0,207310.0,3.38
19394,Primary and Secondary Syphilis,310.0,Wisconsin,2006.0,Male,25-29 years,25-29,8.0,191945.0,4.17
19395,Primary and Secondary Syphilis,310.0,Wisconsin,2006.0,Male,30-34 years,30-34,11.0,171635.0,6.41
19396,Primary and Secondary Syphilis,310.0,Wisconsin,2006.0,Male,35-39 years,35-39,14.0,191910.0,7.3
19397,Primary and Secondary Syphilis,310.0,Wisconsin,2006.0,Male,40+ years,40+,21.0,1245254.0,1.69
19398,Primary and Secondary Syphilis,310.0,Wisconsin,2007.0,Male,15-19 years,15-19,3.0,205671.0,1.46
19399,Primary and Secondary Syphilis,310.0,Wisconsin,2007.0,Male,20-24 years,20-24,9.0,200807.0,4.48
19400,Primary and Secondary Syphilis,310.0,Wisconsin,2007.0,Male,25-29 years,25-29,8.0,195852.0,4.08
19401,Primary and Secondary Syphilis,310.0,Wisconsin,2007.0,Male,30-34 years,30-34,6.0,171659.0,3.5
19402,Primary and Secondary Syphilis,310.0,Wisconsin,2007.0,Male,35-39 years,35-39,10.0,189530.0,5.28
19403,Primary and Secondary Syphilis,310.0,Wisconsin,2007.0,Male,40+ years,40+,24.0,1269422.0,1.89
19404,Primary and Secondary Syphilis,310.0,Wisconsin,2008.0,Male,15-19 years,15-19,1.0,204682.0,0.49
19405,Primary and Secondary Syphilis,310.0,Wisconsin,2008.0,Male,20-24 years,20-24,8.0,199896.0,4.0
19406,Primary and Secondary Syphilis,310.0,Wisconsin,2008.0,Male,25-29 years,25-29,10.0,197716.0,5.06
19407,Primary and Secondary Syphilis,310.0,Wisconsin,2008.0,Male,30-34 years,30-34,5.0,173972.0,2.87
19408,Primary and Secondary Syphilis,310.0,Wisconsin,2008.0,Male,35-39 years,35-39,5.0,185525.0,2.7
19409,Primary and Secondary Syphilis,310.0,Wisconsin,2008.0,Male,40+ years,40+,22.0,1285556.0,1.71
19410,Primary and Secondary Syphilis,310.0,Wisconsin,2009.0,Male,20-24 years,20-24,9.0,212199.0,4.24
19411,Primary and Secondary Syphilis,310.0,Wisconsin,2009.0,Male,25-29 years,25-29,6.0,192646.0,3.11
19412,Primary and Secondary Syphilis,310.0,Wisconsin,2009.0,Male,30-34 years,30-34,3.0,171888.0,1.75
19413,Primary and Secondary Syphilis,310.0,Wisconsin,2009.0,Male,35-39 years,35-39,9.0,179258.0,5.02
19414,Primary and Secondary Syphilis,310.0,Wisconsin,2009.0,Male,40+ years,40+,7.0,1295476.0,0.54
19415,Primary and Secondary Syphilis,310.0,Wisconsin,2010.0,Male,15-19 years,15-19,3.0,204803.0,1.46
19416,Primary and Secondary Syphilis,310.0,Wisconsin,2010.0,Male,20-24 years,20-24,16.0,196897.0,8.13
19417,Primary and Secondary Syphilis,310.0,Wisconsin,2010.0,Male,25-29 years,25-29,5.0,189349.0,2.64
19418,Primary and Secondary Syphilis,310.0,Wisconsin,2010.0,Male,30-34 years,30-34,5.0,178120.0,2.81
19419,Primary and Secondary Syphilis,310.0,Wisconsin,2010.0,Male,35-39 years,35-39,4.0,174619.0,2.29
19420,Primary and Secondary Syphilis,310.0,Wisconsin,2010.0,Male,40+ years,40+,10.0,1314703.0,0.76
19421,Primary and Secondary Syphilis,310.0,Wisconsin,2011.0,Male,15-19 years,15-19,7.0,204123.0,3.43
19422,Primary and Secondary Syphilis,310.0,Wisconsin,2011.0,Male,20-24 years,20-24,14.0,198230.0,7.06
19423,Primary and Secondary Syphilis,310.0,Wisconsin,2011.0,Male,25-29 years,25-29,11.0,188531.0,5.83
19424,Primary and Secondary Syphilis,310.0,Wisconsin,2011.0,Male,30-34 years,30-34,4.0,183627.0,2.18
19425,Primary and Secondary Syphilis,310.0,Wisconsin,2011.0,Male,35-39 years,35-39,5.0,168412.0,2.97
19426,Primary and Secondary Syphilis,310.0,Wisconsin,2011.0,Male,40+ years,40+,19.0,1333393.0,1.42
19427,Primary and Secondary Syphilis,310.0,Wisconsin,2012.0,Male,15-19 years,15-19,3.0,199426.0,1.5
19428,Primary and Secondary Syphilis,310.0,Wisconsin,2012.0,Male,20-24 years,20-24,19.0,199232.0,9.54
19429,Primary and Secondary Syphilis,310.0,Wisconsin,2012.0,Male,25-29 years,25-29,15.0,187094.0,8.02
19430,Primary and Secondary Syphilis,310.0,Wisconsin,2012.0,Male,30-34 years,30-34,16.0,186699.0,8.57
19431,Primary and Secondary Syphilis,310.0,Wisconsin,2012.0,Male,35-39 years,35-39,2.0,167724.0,1.19
19432,Primary and Secondary Syphilis,310.0,Wisconsin,2012.0,Male,40+ years,40+,25.0,1345276.0,1.86
19433,Primary and Secondary Syphilis,310.0,Wisconsin,2013.0,Male,15-19 years,15-19,8.0,196628.0,4.07
19434,Primary and Secondary Syphilis,310.0,Wisconsin,2013.0,Male,20-24 years,20-24,14.0,203040.0,6.9
19435,Primary and Secondary Syphilis,310.0,Wisconsin,2013.0,Male,25-29 years,25-29,16.0,183790.0,8.71
19436,Primary and Secondary Syphilis,310.0,Wisconsin,2013.0,Male,30-34 years,30-34,16.0,188753.0,8.48
19437,Primary and Secondary Syphilis,310.0,Wisconsin,2013.0,Male,35-39 years,35-39,3.0,170384.0,1.76
19438,Primary and Secondary Syphilis,310.0,Wisconsin,2013.0,Male,40+ years,40+,29.0,1355864.0,2.14
19439,Primary and Secondary Syphilis,310.0,Wisconsin,2014.0,Male,15-19 years,15-19,6.0,196628.0,3.05
19440,Primary and Secondary Syphilis,310.0,Wisconsin,2014.0,Male,20-24 years,20-24,21.0,203040.0,10.34
19441,Primary and Secondary Syphilis,310.0,Wisconsin,2014.0,Male,25-29 years,25-29,22.0,183790.0,11.97
19442,Primary and Secondary Syphilis,310.0,Wisconsin,2014.0,Male,30-34 years,30-34,12.0,188753.0,6.36
19443,Primary and Secondary Syphilis,310.0,Wisconsin,2014.0,Male,35-39 years,35-39,5.0,170384.0,2.93
19444,Primary and Secondary Syphilis,310.0,Wisconsin,2014.0,Male,40+ years,40+,13.0,1355864.0,0.96
19445,Primary and Secondary Syphilis,310.0,Wyoming,1996.0,Male,40+ years,40+,1.0,97573.0,1.02
19446,Primary and Secondary Syphilis,310.0,Wyoming,1998.0,Male,40+ years,40+,1.0,102238.0,0.98
19447,Primary and Secondary Syphilis,310.0,Wyoming,2004.0,Male,25-29 years,25-29,1.0,16327.0,6.12
19448,Primary and Secondary Syphilis,310.0,Wyoming,2004.0,Male,30-34 years,30-34,1.0,15565.0,6.42
19449,Primary and Secondary Syphilis,310.0,Wyoming,2007.0,Male,25-29 years,25-29,1.0,20326.0,4.92
19450,Primary and Secondary Syphilis,310.0,Wyoming,2007.0,Male,35-39 years,35-39,1.0,16515.0,6.06
19451,Primary and Secondary Syphilis,310.0,Wyoming,2007.0,Male,40+ years,40+,1.0,119266.0,0.84
19452,Primary and Secondary Syphilis,310.0,Wyoming,2008.0,Male,40+ years,40+,1.0,120845.0,0.83
19453,Primary and Secondary Syphilis,310.0,Wyoming,2009.0,Male,25-29 years,25-29,1.0,22266.0,4.49
19454,Primary and Secondary Syphilis,310.0,Wyoming,2009.0,Male,30-34 years,30-34,1.0,16893.0,5.92
19455,Primary and Secondary Syphilis,310.0,Wyoming,2012.0,Male,15-19 years,15-19,2.0,19336.0,10.34
19456,Primary and Secondary Syphilis,310.0,Wyoming,2012.0,Male,20-24 years,20-24,1.0,22530.0,4.44
19457,Primary and Secondary Syphilis,310.0,Wyoming,2012.0,Male,35-39 years,35-39,1.0,17824.0,5.61
19458,Primary and Secondary Syphilis,310.0,Wyoming,2013.0,Male,20-24 years,20-24,1.0,22834.0,4.38
19459,Primary and Secondary Syphilis,310.0,Wyoming,2014.0,Male,20-24 years,20-24,1.0,22834.0,4.38
19460,Primary and Secondary Syphilis,310.0,Wyoming,2014.0,Male,25-29 years,25-29,2.0,21505.0,9.3
19461,Primary and Secondary Syphilis,310.0,Wyoming,2014.0,Male,40+ years,40+,1.0,134440.0,0.74
19462,,,,,,,,,,
19463,,,,,,,,,,
19464,,,,,,,,,,
19465,,,,,,,,,,
19466,,,,,,,,,,
19467,,,,,,,,,,
19468,,,,,,,,,,
19469,,,,,,,,,,
19470,,,,,,,,,,
19471,,,,,,,,,,
19472,,,,,,,,,,
19473,,,,,,,,,,
19474,,,,,,,,,,
19475,,,,,,,,,,
19476,,,,,,,,,,
19477,,,,,,,,,,
19478,,,,,,,,,,
19479,,,,,,,,,,
19480,,,,,,,,,,
19481,,,,,,,,,,
19482,,,,,,,,,,
19483,,,,,,,,,,
19484,,,,,,,,,,
19485,,,,,,,,,,
19486,,,,,,,,,,
19487,,,,,,,,,,
19488,,,,,,,,,,
19489,,,,,,,,,,
19490,,,,,,,,,,
19491,,,,,,,,,,
19492,,,,,,,,,,
19493,,,,,,,,,,
19494,,,,,,,,,,
19495,,,,,,,,,,
19496,,,,,,,,,,
19497,,,,,,,,,,
19498,,,,,,,,,,
19499,,,,,,,,,,
19500,,,,,,,,,,
19501,,,,,,,,,,
19502,,,,,,,,,,
19503,,,,,,,,,,
19504,,,,,,,,,,
19505,,,,,,,,,,
19506,,,,,,,,,,
19507,,,,,,,,,,
19508,,,,,,,,,,
19509,,,,,,,,,,
19510,,,,,,,,,,
19511,,,,,,,,,,
19512,Chlamydia,274.0,Alabama,1997.0,Unknown,0-14 years,0-14,2.0,,
19513,Chlamydia,274.0,Alabama,1997.0,Unknown,15-19 years,15-19,13.0,,
19514,Chlamydia,274.0,Alabama,1997.0,Unknown,20-24 years,20-24,8.0,,
19515,Chlamydia,274.0,Alabama,1997.0,Unknown,25-29 years,25-29,2.0,,
19516,Chlamydia,274.0,Alabama,1997.0,Unknown,30-34 years,30-34,2.0,,
19517,Chlamydia,274.0,Alabama,1997.0,Unknown,40+ years,40+,12.0,,
19518,Chlamydia,274.0,Alabama,1998.0,Unknown,0-14 years,0-14,3.0,,
19519,Chlamydia,274.0,Alabama,1998.0,Unknown,15-19 years,15-19,9.0,,
19520,Chlamydia,274.0,Alabama,1998.0,Unknown,20-24 years,20-24,3.0,,
19521,Chlamydia,274.0,Alabama,1998.0,Unknown,25-29 years,25-29,1.0,,
19522,Chlamydia,274.0,Alabama,1998.0,Unknown,30-34 years,30-34,1.0,,
19523,Chlamydia,274.0,Alabama,1998.0,Unknown,40+ years,40+,7.0,,
19524,Chlamydia,274.0,Alabama,1999.0,Unknown,0-14 years,0-14,2.0,,
19525,Chlamydia,274.0,Alabama,1999.0,Unknown,15-19 years,15-19,21.0,,
19526,Chlamydia,274.0,Alabama,1999.0,Unknown,20-24 years,20-24,13.0,,
19527,Chlamydia,274.0,Alabama,1999.0,Unknown,25-29 years,25-29,8.0,,
19528,Chlamydia,274.0,Alabama,1999.0,Unknown,30-34 years,30-34,1.0,,
19529,Chlamydia,274.0,Alabama,1999.0,Unknown,40+ years,40+,6.0,,
19530,Chlamydia,274.0,Alabama,1999.0,Unknown,Unknown,99,5.0,,
19531,Chlamydia,274.0,Alabama,2000.0,Unknown,0-14 years,0-14,6.0,,
19532,Chlamydia,274.0,Alabama,2000.0,Unknown,15-19 years,15-19,54.0,,
19533,Chlamydia,274.0,Alabama,2000.0,Unknown,20-24 years,20-24,36.0,,
19534,Chlamydia,274.0,Alabama,2000.0,Unknown,25-29 years,25-29,18.0,,
19535,Chlamydia,274.0,Alabama,2000.0,Unknown,30-34 years,30-34,9.0,,
19536,Chlamydia,274.0,Alabama,2000.0,Unknown,35-39 years,35-39,1.0,,
19537,Chlamydia,274.0,Alabama,2000.0,Unknown,40+ years,40+,9.0,,
19538,Chlamydia,274.0,Alabama,2000.0,Unknown,Unknown,99,12.0,,
19539,Chlamydia,274.0,Alabama,2001.0,Unknown,15-19 years,15-19,16.0,,
19540,Chlamydia,274.0,Alabama,2001.0,Unknown,20-24 years,20-24,4.0,,
19541,Chlamydia,274.0,Alabama,2001.0,Unknown,Unknown,99,5.0,,
19542,Chlamydia,274.0,Alabama,2002.0,Unknown,0-14 years,0-14,1.0,,
19543,Chlamydia,274.0,Alabama,2002.0,Unknown,15-19 years,15-19,24.0,,
19544,Chlamydia,274.0,Alabama,2002.0,Unknown,20-24 years,20-24,11.0,,
19545,Chlamydia,274.0,Alabama,2002.0,Unknown,25-29 years,25-29,1.0,,
19546,Chlamydia,274.0,Alabama,2002.0,Unknown,30-34 years,30-34,1.0,,
19547,Chlamydia,274.0,Alabama,2002.0,Unknown,35-39 years,35-39,2.0,,
19548,Chlamydia,274.0,Alabama,2002.0,Unknown,40+ years,40+,1.0,,
19549,Chlamydia,274.0,Alabama,2002.0,Unknown,Unknown,99,3.0,,
19550,Chlamydia,274.0,Alabama,2003.0,Unknown,0-14 years,0-14,1.0,,
19551,Chlamydia,274.0,Alabama,2003.0,Unknown,15-19 years,15-19,15.0,,
19552,Chlamydia,274.0,Alabama,2003.0,Unknown,20-24 years,20-24,10.0,,
19553,Chlamydia,274.0,Alabama,2003.0,Unknown,30-34 years,30-34,1.0,,
19554,Chlamydia,274.0,Alabama,2003.0,Unknown,Unknown,99,4.0,,
19555,Chlamydia,274.0,Alabama,2004.0,Unknown,15-19 years,15-19,14.0,,
19556,Chlamydia,274.0,Alabama,2004.0,Unknown,20-24 years,20-24,3.0,,
19557,Chlamydia,274.0,Alabama,2004.0,Unknown,25-29 years,25-29,3.0,,
19558,Chlamydia,274.0,Alabama,2004.0,Unknown,40+ years,40+,1.0,,
19559,Chlamydia,274.0,Alabama,2004.0,Unknown,Unknown,99,5.0,,
19560,Chlamydia,274.0,Alabama,2005.0,Unknown,15-19 years,15-19,28.0,,
19561,Chlamydia,274.0,Alabama,2005.0,Unknown,20-24 years,20-24,21.0,,
19562,Chlamydia,274.0,Alabama,2005.0,Unknown,25-29 years,25-29,8.0,,
19563,Chlamydia,274.0,Alabama,2005.0,Unknown,30-34 years,30-34,2.0,,
19564,Chlamydia,274.0,Alabama,2005.0,Unknown,35-39 years,35-39,2.0,,
19565,Chlamydia,274.0,Alabama,2005.0,Unknown,Unknown,99,9.0,,
19566,Chlamydia,274.0,Alabama,2006.0,Unknown,15-19 years,15-19,4.0,,
19567,Chlamydia,274.0,Alabama,2006.0,Unknown,20-24 years,20-24,3.0,,
19568,Chlamydia,274.0,Alabama,2006.0,Unknown,25-29 years,25-29,4.0,,
19569,Chlamydia,274.0,Alabama,2006.0,Unknown,Unknown,99,4.0,,
19570,Chlamydia,274.0,Alabama,2007.0,Unknown,15-19 years,15-19,3.0,,
19571,Chlamydia,274.0,Alabama,2007.0,Unknown,20-24 years,20-24,4.0,,
19572,Chlamydia,274.0,Alabama,2007.0,Unknown,25-29 years,25-29,4.0,,
19573,Chlamydia,274.0,Alabama,2007.0,Unknown,30-34 years,30-34,1.0,,
19574,Chlamydia,274.0,Alabama,2008.0,Unknown,0-14 years,0-14,2.0,,
19575,Chlamydia,274.0,Alabama,2008.0,Unknown,15-19 years,15-19,1.0,,
19576,Chlamydia,274.0,Alabama,2008.0,Unknown,20-24 years,20-24,4.0,,
19577,Chlamydia,274.0,Alabama,2008.0,Unknown,40+ years,40+,1.0,,
19578,Chlamydia,274.0,Alabama,2008.0,Unknown,Unknown,99,1.0,,
19579,Chlamydia,274.0,Alabama,2009.0,Unknown,0-14 years,0-14,1.0,,
19580,Chlamydia,274.0,Alabama,2009.0,Unknown,15-19 years,15-19,1.0,,
19581,Chlamydia,274.0,Alabama,2009.0,Unknown,20-24 years,20-24,4.0,,
19582,Chlamydia,274.0,Alabama,2009.0,Unknown,25-29 years,25-29,1.0,,
19583,Chlamydia,274.0,Alabama,2009.0,Unknown,Unknown,99,1.0,,
19584,Chlamydia,274.0,Alabama,2010.0,Unknown,0-14 years,0-14,1.0,,
19585,Chlamydia,274.0,Alabama,2010.0,Unknown,15-19 years,15-19,52.0,,
19586,Chlamydia,274.0,Alabama,2010.0,Unknown,20-24 years,20-24,54.0,,
19587,Chlamydia,274.0,Alabama,2010.0,Unknown,25-29 years,25-29,14.0,,
19588,Chlamydia,274.0,Alabama,2010.0,Unknown,30-34 years,30-34,6.0,,
19589,Chlamydia,274.0,Alabama,2010.0,Unknown,35-39 years,35-39,4.0,,
19590,Chlamydia,274.0,Alabama,2010.0,Unknown,40+ years,40+,3.0,,
19591,Chlamydia,274.0,Alabama,2011.0,Unknown,0-14 years,0-14,13.0,,
19592,Chlamydia,274.0,Alabama,2011.0,Unknown,15-19 years,15-19,285.0,,
19593,Chlamydia,274.0,Alabama,2011.0,Unknown,20-24 years,20-24,312.0,,
19594,Chlamydia,274.0,Alabama,2011.0,Unknown,25-29 years,25-29,82.0,,
19595,Chlamydia,274.0,Alabama,2011.0,Unknown,30-34 years,30-34,37.0,,
19596,Chlamydia,274.0,Alabama,2011.0,Unknown,35-39 years,35-39,22.0,,
19597,Chlamydia,274.0,Alabama,2011.0,Unknown,40+ years,40+,10.0,,
19598,Chlamydia,274.0,Alabama,2012.0,Unknown,0-14 years,0-14,2.0,,
19599,Chlamydia,274.0,Alabama,2012.0,Unknown,15-19 years,15-19,73.0,,
19600,Chlamydia,274.0,Alabama,2012.0,Unknown,20-24 years,20-24,107.0,,
19601,Chlamydia,274.0,Alabama,2012.0,Unknown,25-29 years,25-29,26.0,,
19602,Chlamydia,274.0,Alabama,2012.0,Unknown,30-34 years,30-34,9.0,,
19603,Chlamydia,274.0,Alabama,2012.0,Unknown,35-39 years,35-39,5.0,,
19604,Chlamydia,274.0,Alabama,2012.0,Unknown,40+ years,40+,5.0,,
19605,Chlamydia,274.0,Alabama,2013.0,Unknown,0-14 years,0-14,5.0,,
19606,Chlamydia,274.0,Alabama,2013.0,Unknown,15-19 years,15-19,70.0,,
19607,Chlamydia,274.0,Alabama,2013.0,Unknown,20-24 years,20-24,58.0,,
19608,Chlamydia,274.0,Alabama,2013.0,Unknown,25-29 years,25-29,18.0,,
19609,Chlamydia,274.0,Alabama,2013.0,Unknown,30-34 years,30-34,11.0,,
19610,Chlamydia,274.0,Alabama,2013.0,Unknown,40+ years,40+,3.0,,
19611,Chlamydia,274.0,Alabama,2013.0,Unknown,Unknown,99,2.0,,
19612,Chlamydia,274.0,Alabama,2014.0,Unknown,0-14 years,0-14,3.0,,
19613,Chlamydia,274.0,Alabama,2014.0,Unknown,15-19 years,15-19,32.0,,
19614,Chlamydia,274.0,Alabama,2014.0,Unknown,20-24 years,20-24,26.0,,
19615,Chlamydia,274.0,Alabama,2014.0,Unknown,25-29 years,25-29,5.0,,
19616,Chlamydia,274.0,Alabama,2014.0,Unknown,30-34 years,30-34,3.0,,
19617,Chlamydia,274.0,Alabama,2014.0,Unknown,35-39 years,35-39,3.0,,
19618,Chlamydia,274.0,Alabama,2014.0,Unknown,40+ years,40+,1.0,,
19619,Chlamydia,274.0,Alaska,2010.0,Unknown,25-29 years,25-29,1.0,,
19620,Chlamydia,274.0,Arizona,2003.0,Unknown,15-19 years,15-19,3.0,,
19621,Chlamydia,274.0,Arizona,2003.0,Unknown,25-29 years,25-29,1.0,,
19622,Chlamydia,274.0,Arizona,2004.0,Unknown,15-19 years,15-19,1.0,,
19623,Chlamydia,274.0,Arizona,2004.0,Unknown,20-24 years,20-24,3.0,,
19624,Chlamydia,274.0,Arizona,2004.0,Unknown,30-34 years,30-34,1.0,,
19625,Chlamydia,274.0,Arizona,2004.0,Unknown,40+ years,40+,1.0,,
19626,Chlamydia,274.0,Arizona,2005.0,Unknown,15-19 years,15-19,1.0,,
19627,Chlamydia,274.0,Arizona,2005.0,Unknown,20-24 years,20-24,1.0,,
19628,Chlamydia,274.0,Arizona,2005.0,Unknown,25-29 years,25-29,3.0,,
19629,Chlamydia,274.0,Arizona,2006.0,Unknown,0-14 years,0-14,2.0,,
19630,Chlamydia,274.0,Arizona,2006.0,Unknown,15-19 years,15-19,8.0,,
19631,Chlamydia,274.0,Arizona,2006.0,Unknown,20-24 years,20-24,3.0,,
19632,Chlamydia,274.0,Arizona,2006.0,Unknown,25-29 years,25-29,2.0,,
19633,Chlamydia,274.0,Arizona,2006.0,Unknown,35-39 years,35-39,1.0,,
19634,Chlamydia,274.0,Arizona,2006.0,Unknown,40+ years,40+,1.0,,
19635,Chlamydia,274.0,Arizona,2007.0,Unknown,0-14 years,0-14,1.0,,
19636,Chlamydia,274.0,Arizona,2007.0,Unknown,15-19 years,15-19,5.0,,
19637,Chlamydia,274.0,Arizona,2007.0,Unknown,20-24 years,20-24,4.0,,
19638,Chlamydia,274.0,Arizona,2007.0,Unknown,25-29 years,25-29,4.0,,
19639,Chlamydia,274.0,Arizona,2007.0,Unknown,30-34 years,30-34,1.0,,
19640,Chlamydia,274.0,Arizona,2007.0,Unknown,35-39 years,35-39,1.0,,
19641,Chlamydia,274.0,Arizona,2007.0,Unknown,40+ years,40+,1.0,,
19642,Chlamydia,274.0,Arizona,2008.0,Unknown,15-19 years,15-19,5.0,,
19643,Chlamydia,274.0,Arizona,2008.0,Unknown,20-24 years,20-24,3.0,,
19644,Chlamydia,274.0,Arizona,2008.0,Unknown,25-29 years,25-29,2.0,,
19645,Chlamydia,274.0,Arizona,2009.0,Unknown,25-29 years,25-29,1.0,,
19646,Chlamydia,274.0,Arizona,2010.0,Unknown,25-29 years,25-29,1.0,,
19647,Chlamydia,274.0,Arizona,2011.0,Unknown,20-24 years,20-24,2.0,,
19648,Chlamydia,274.0,Arizona,2011.0,Unknown,25-29 years,25-29,1.0,,
19649,Chlamydia,274.0,Arizona,2012.0,Unknown,20-24 years,20-24,2.0,,
19650,Chlamydia,274.0,Arizona,2012.0,Unknown,40+ years,40+,1.0,,
19651,Chlamydia,274.0,Arizona,2013.0,Unknown,20-24 years,20-24,2.0,,
19652,Chlamydia,274.0,Arizona,2013.0,Unknown,25-29 years,25-29,2.0,,
19653,Chlamydia,274.0,Arkansas,2001.0,Unknown,15-19 years,15-19,2.0,,
19654,Chlamydia,274.0,Arkansas,2001.0,Unknown,20-24 years,20-24,3.0,,
19655,Chlamydia,274.0,Arkansas,2001.0,Unknown,Unknown,99,1.0,,
19656,Chlamydia,274.0,Arkansas,2002.0,Unknown,15-19 years,15-19,5.0,,
19657,Chlamydia,274.0,Arkansas,2002.0,Unknown,20-24 years,20-24,3.0,,
19658,Chlamydia,274.0,Arkansas,2002.0,Unknown,Unknown,99,1.0,,
19659,Chlamydia,274.0,Arkansas,2003.0,Unknown,15-19 years,15-19,2.0,,
19660,Chlamydia,274.0,Arkansas,2003.0,Unknown,20-24 years,20-24,1.0,,
19661,Chlamydia,274.0,Arkansas,2003.0,Unknown,35-39 years,35-39,1.0,,
19662,Chlamydia,274.0,Arkansas,2003.0,Unknown,Unknown,99,1.0,,
19663,Chlamydia,274.0,Arkansas,2007.0,Unknown,25-29 years,25-29,1.0,,
19664,Chlamydia,274.0,Arkansas,2008.0,Unknown,30-34 years,30-34,2.0,,
19665,Chlamydia,274.0,Arkansas,2009.0,Unknown,35-39 years,35-39,1.0,,
19666,Chlamydia,274.0,Arkansas,2010.0,Unknown,0-14 years,0-14,1.0,,
19667,Chlamydia,274.0,Arkansas,2010.0,Unknown,20-24 years,20-24,1.0,,
19668,Chlamydia,274.0,Arkansas,2010.0,Unknown,25-29 years,25-29,2.0,,
19669,Chlamydia,274.0,Arkansas,2010.0,Unknown,30-34 years,30-34,5.0,,
19670,Chlamydia,274.0,Arkansas,2011.0,Unknown,0-14 years,0-14,1.0,,
19671,Chlamydia,274.0,Arkansas,2011.0,Unknown,15-19 years,15-19,2.0,,
19672,Chlamydia,274.0,Arkansas,2011.0,Unknown,20-24 years,20-24,1.0,,
19673,Chlamydia,274.0,Arkansas,2011.0,Unknown,25-29 years,25-29,1.0,,
19674,Chlamydia,274.0,Arkansas,2011.0,Unknown,30-34 years,30-34,1.0,,
19675,Chlamydia,274.0,Arkansas,2012.0,Unknown,20-24 years,20-24,1.0,,
19676,Chlamydia,274.0,Arkansas,2012.0,Unknown,25-29 years,25-29,2.0,,
19677,Chlamydia,274.0,Arkansas,2012.0,Unknown,35-39 years,35-39,1.0,,
19678,Chlamydia,274.0,Arkansas,2013.0,Unknown,15-19 years,15-19,1.0,,
19679,Chlamydia,274.0,Arkansas,2013.0,Unknown,20-24 years,20-24,1.0,,
19680,Chlamydia,274.0,Arkansas,2013.0,Unknown,25-29 years,25-29,3.0,,
19681,Chlamydia,274.0,Arkansas,2013.0,Unknown,35-39 years,35-39,2.0,,
19682,Chlamydia,274.0,Arkansas,2013.0,Unknown,40+ years,40+,2.0,,
19683,Chlamydia,274.0,Arkansas,2014.0,Unknown,0-14 years,0-14,1.0,,
19684,Chlamydia,274.0,Arkansas,2014.0,Unknown,15-19 years,15-19,7.0,,
19685,Chlamydia,274.0,Arkansas,2014.0,Unknown,20-24 years,20-24,3.0,,
19686,Chlamydia,274.0,Arkansas,2014.0,Unknown,30-34 years,30-34,2.0,,
19687,Chlamydia,274.0,Arkansas,2014.0,Unknown,35-39 years,35-39,3.0,,
19688,Chlamydia,274.0,California,2000.0,Unknown,0-14 years,0-14,10.0,,
19689,Chlamydia,274.0,California,2000.0,Unknown,15-19 years,15-19,104.0,,
19690,Chlamydia,274.0,California,2000.0,Unknown,20-24 years,20-24,123.0,,
19691,Chlamydia,274.0,California,2000.0,Unknown,25-29 years,25-29,78.0,,
19692,Chlamydia,274.0,California,2000.0,Unknown,30-34 years,30-34,33.0,,
19693,Chlamydia,274.0,California,2000.0,Unknown,35-39 years,35-39,23.0,,
19694,Chlamydia,274.0,California,2000.0,Unknown,40+ years,40+,14.0,,
19695,Chlamydia,274.0,California,2000.0,Unknown,Unknown,99,70.0,,
19696,Chlamydia,274.0,California,2001.0,Unknown,0-14 years,0-14,11.0,,
19697,Chlamydia,274.0,California,2001.0,Unknown,15-19 years,15-19,230.0,,
19698,Chlamydia,274.0,California,2001.0,Unknown,20-24 years,20-24,208.0,,
19699,Chlamydia,274.0,California,2001.0,Unknown,25-29 years,25-29,92.0,,
19700,Chlamydia,274.0,California,2001.0,Unknown,30-34 years,30-34,71.0,,
19701,Chlamydia,274.0,California,2001.0,Unknown,35-39 years,35-39,27.0,,
19702,Chlamydia,274.0,California,2001.0,Unknown,40+ years,40+,31.0,,
19703,Chlamydia,274.0,California,2001.0,Unknown,Unknown,99,83.0,,
19704,Chlamydia,274.0,California,2002.0,Unknown,0-14 years,0-14,8.0,,
19705,Chlamydia,274.0,California,2002.0,Unknown,15-19 years,15-19,163.0,,
19706,Chlamydia,274.0,California,2002.0,Unknown,20-24 years,20-24,210.0,,
19707,Chlamydia,274.0,California,2002.0,Unknown,25-29 years,25-29,96.0,,
19708,Chlamydia,274.0,California,2002.0,Unknown,30-34 years,30-34,58.0,,
19709,Chlamydia,274.0,California,2002.0,Unknown,35-39 years,35-39,36.0,,
19710,Chlamydia,274.0,California,2002.0,Unknown,40+ years,40+,28.0,,
19711,Chlamydia,274.0,California,2002.0,Unknown,Unknown,99,71.0,,
19712,Chlamydia,274.0,California,2003.0,Unknown,0-14 years,0-14,5.0,,
19713,Chlamydia,274.0,California,2003.0,Unknown,15-19 years,15-19,51.0,,
19714,Chlamydia,274.0,California,2003.0,Unknown,20-24 years,20-24,53.0,,
19715,Chlamydia,274.0,California,2003.0,Unknown,25-29 years,25-29,39.0,,
19716,Chlamydia,274.0,California,2003.0,Unknown,30-34 years,30-34,26.0,,
19717,Chlamydia,274.0,California,2003.0,Unknown,35-39 years,35-39,12.0,,
19718,Chlamydia,274.0,California,2003.0,Unknown,40+ years,40+,12.0,,
19719,Chlamydia,274.0,California,2003.0,Unknown,Unknown,99,25.0,,
19720,Chlamydia,274.0,California,2004.0,Unknown,0-14 years,0-14,5.0,,
19721,Chlamydia,274.0,California,2004.0,Unknown,15-19 years,15-19,101.0,,
19722,Chlamydia,274.0,California,2004.0,Unknown,20-24 years,20-24,119.0,,
19723,Chlamydia,274.0,California,2004.0,Unknown,25-29 years,25-29,74.0,,
19724,Chlamydia,274.0,California,2004.0,Unknown,30-34 years,30-34,36.0,,
19725,Chlamydia,274.0,California,2004.0,Unknown,35-39 years,35-39,27.0,,
19726,Chlamydia,274.0,California,2004.0,Unknown,40+ years,40+,26.0,,
19727,Chlamydia,274.0,California,2004.0,Unknown,Unknown,99,47.0,,
19728,Chlamydia,274.0,California,2005.0,Unknown,0-14 years,0-14,6.0,,
19729,Chlamydia,274.0,California,2005.0,Unknown,15-19 years,15-19,160.0,,
19730,Chlamydia,274.0,California,2005.0,Unknown,20-24 years,20-24,166.0,,
19731,Chlamydia,274.0,California,2005.0,Unknown,25-29 years,25-29,110.0,,
19732,Chlamydia,274.0,California,2005.0,Unknown,30-34 years,30-34,57.0,,
19733,Chlamydia,274.0,California,2005.0,Unknown,35-39 years,35-39,37.0,,
19734,Chlamydia,274.0,California,2005.0,Unknown,40+ years,40+,40.0,,
19735,Chlamydia,274.0,California,2005.0,Unknown,Unknown,99,45.0,,
19736,Chlamydia,274.0,California,2006.0,Unknown,0-14 years,0-14,7.0,,
19737,Chlamydia,274.0,California,2006.0,Unknown,15-19 years,15-19,169.0,,
19738,Chlamydia,274.0,California,2006.0,Unknown,20-24 years,20-24,197.0,,
19739,Chlamydia,274.0,California,2006.0,Unknown,25-29 years,25-29,98.0,,
19740,Chlamydia,274.0,California,2006.0,Unknown,30-34 years,30-34,65.0,,
19741,Chlamydia,274.0,California,2006.0,Unknown,35-39 years,35-39,37.0,,
19742,Chlamydia,274.0,California,2006.0,Unknown,40+ years,40+,26.0,,
19743,Chlamydia,274.0,California,2006.0,Unknown,Unknown,99,55.0,,
19744,Chlamydia,274.0,California,2007.0,Unknown,0-14 years,0-14,7.0,,
19745,Chlamydia,274.0,California,2007.0,Unknown,15-19 years,15-19,165.0,,
19746,Chlamydia,274.0,California,2007.0,Unknown,20-24 years,20-24,136.0,,
19747,Chlamydia,274.0,California,2007.0,Unknown,25-29 years,25-29,80.0,,
19748,Chlamydia,274.0,California,2007.0,Unknown,30-34 years,30-34,52.0,,
19749,Chlamydia,274.0,California,2007.0,Unknown,35-39 years,35-39,26.0,,
19750,Chlamydia,274.0,California,2007.0,Unknown,40+ years,40+,29.0,,
19751,Chlamydia,274.0,California,2007.0,Unknown,Unknown,99,45.0,,
19752,Chlamydia,274.0,California,2008.0,Unknown,0-14 years,0-14,3.0,,
19753,Chlamydia,274.0,California,2008.0,Unknown,15-19 years,15-19,113.0,,
19754,Chlamydia,274.0,California,2008.0,Unknown,20-24 years,20-24,151.0,,
19755,Chlamydia,274.0,California,2008.0,Unknown,25-29 years,25-29,95.0,,
19756,Chlamydia,274.0,California,2008.0,Unknown,30-34 years,30-34,70.0,,
19757,Chlamydia,274.0,California,2008.0,Unknown,35-39 years,35-39,24.0,,
19758,Chlamydia,274.0,California,2008.0,Unknown,40+ years,40+,44.0,,
19759,Chlamydia,274.0,California,2008.0,Unknown,Unknown,99,37.0,,
19760,Chlamydia,274.0,California,2009.0,Unknown,0-14 years,0-14,12.0,,
19761,Chlamydia,274.0,California,2009.0,Unknown,15-19 years,15-19,136.0,,
19762,Chlamydia,274.0,California,2009.0,Unknown,20-24 years,20-24,139.0,,
19763,Chlamydia,274.0,California,2009.0,Unknown,25-29 years,25-29,81.0,,
19764,Chlamydia,274.0,California,2009.0,Unknown,30-34 years,30-34,32.0,,
19765,Chlamydia,274.0,California,2009.0,Unknown,35-39 years,35-39,27.0,,
19766,Chlamydia,274.0,California,2009.0,Unknown,40+ years,40+,32.0,,
19767,Chlamydia,274.0,California,2009.0,Unknown,Unknown,99,29.0,,
19768,Chlamydia,274.0,California,2010.0,Unknown,0-14 years,0-14,4.0,,
19769,Chlamydia,274.0,California,2010.0,Unknown,15-19 years,15-19,129.0,,
19770,Chlamydia,274.0,California,2010.0,Unknown,20-24 years,20-24,170.0,,
19771,Chlamydia,274.0,California,2010.0,Unknown,25-29 years,25-29,82.0,,
19772,Chlamydia,274.0,California,2010.0,Unknown,30-34 years,30-34,58.0,,
19773,Chlamydia,274.0,California,2010.0,Unknown,35-39 years,35-39,30.0,,
19774,Chlamydia,274.0,California,2010.0,Unknown,40+ years,40+,59.0,,
19775,Chlamydia,274.0,California,2010.0,Unknown,Unknown,99,27.0,,
19776,Chlamydia,274.0,California,2011.0,Unknown,0-14 years,0-14,3.0,,
19777,Chlamydia,274.0,California,2011.0,Unknown,15-19 years,15-19,116.0,,
19778,Chlamydia,274.0,California,2011.0,Unknown,20-24 years,20-24,193.0,,
19779,Chlamydia,274.0,California,2011.0,Unknown,25-29 years,25-29,108.0,,
19780,Chlamydia,274.0,California,2011.0,Unknown,30-34 years,30-34,58.0,,
19781,Chlamydia,274.0,California,2011.0,Unknown,35-39 years,35-39,21.0,,
19782,Chlamydia,274.0,California,2011.0,Unknown,40+ years,40+,41.0,,
19783,Chlamydia,274.0,California,2011.0,Unknown,Unknown,99,22.0,,
19784,Chlamydia,274.0,California,2012.0,Unknown,0-14 years,0-14,2.0,,
19785,Chlamydia,274.0,California,2012.0,Unknown,15-19 years,15-19,61.0,,
19786,Chlamydia,274.0,California,2012.0,Unknown,20-24 years,20-24,115.0,,
19787,Chlamydia,274.0,California,2012.0,Unknown,25-29 years,25-29,66.0,,
19788,Chlamydia,274.0,California,2012.0,Unknown,30-34 years,30-34,33.0,,
19789,Chlamydia,274.0,California,2012.0,Unknown,35-39 years,35-39,16.0,,
19790,Chlamydia,274.0,California,2012.0,Unknown,40+ years,40+,15.0,,
19791,Chlamydia,274.0,California,2012.0,Unknown,Unknown,99,8.0,,
19792,Chlamydia,274.0,California,2013.0,Unknown,15-19 years,15-19,37.0,,
19793,Chlamydia,274.0,California,2013.0,Unknown,20-24 years,20-24,80.0,,
19794,Chlamydia,274.0,California,2013.0,Unknown,25-29 years,25-29,38.0,,
19795,Chlamydia,274.0,California,2013.0,Unknown,30-34 years,30-34,18.0,,
19796,Chlamydia,274.0,California,2013.0,Unknown,35-39 years,35-39,13.0,,
19797,Chlamydia,274.0,California,2013.0,Unknown,40+ years,40+,15.0,,
19798,Chlamydia,274.0,California,2013.0,Unknown,Unknown,99,6.0,,
19799,Chlamydia,274.0,California,2014.0,Unknown,0-14 years,0-14,7.0,,
19800,Chlamydia,274.0,California,2014.0,Unknown,15-19 years,15-19,45.0,,
19801,Chlamydia,274.0,California,2014.0,Unknown,20-24 years,20-24,78.0,,
19802,Chlamydia,274.0,California,2014.0,Unknown,25-29 years,25-29,44.0,,
19803,Chlamydia,274.0,California,2014.0,Unknown,30-34 years,30-34,34.0,,
19804,Chlamydia,274.0,California,2014.0,Unknown,35-39 years,35-39,16.0,,
19805,Chlamydia,274.0,California,2014.0,Unknown,40+ years,40+,34.0,,
19806,Chlamydia,274.0,California,2014.0,Unknown,Unknown,99,24.0,,
19807,Chlamydia,274.0,Colorado,1996.0,Unknown,0-14 years,0-14,1.0,,
19808,Chlamydia,274.0,Colorado,1996.0,Unknown,15-19 years,15-19,2.0,,
19809,Chlamydia,274.0,Colorado,1996.0,Unknown,Unknown,99,2.0,,
19810,Chlamydia,274.0,Colorado,1997.0,Unknown,Unknown,99,7.0,,
19811,Chlamydia,274.0,Colorado,1998.0,Unknown,0-14 years,0-14,1.0,,
19812,Chlamydia,274.0,Colorado,1998.0,Unknown,15-19 years,15-19,5.0,,
19813,Chlamydia,274.0,Colorado,1998.0,Unknown,20-24 years,20-24,1.0,,
19814,Chlamydia,274.0,Colorado,1998.0,Unknown,25-29 years,25-29,1.0,,
19815,Chlamydia,274.0,Colorado,1998.0,Unknown,30-34 years,30-34,1.0,,
19816,Chlamydia,274.0,Colorado,1998.0,Unknown,40+ years,40+,2.0,,
19817,Chlamydia,274.0,Colorado,1998.0,Unknown,Unknown,99,8.0,,
19818,Chlamydia,274.0,Colorado,1999.0,Unknown,15-19 years,15-19,1.0,,
19819,Chlamydia,274.0,Colorado,1999.0,Unknown,20-24 years,20-24,2.0,,
19820,Chlamydia,274.0,Colorado,1999.0,Unknown,25-29 years,25-29,2.0,,
19821,Chlamydia,274.0,Colorado,1999.0,Unknown,35-39 years,35-39,1.0,,
19822,Chlamydia,274.0,Colorado,1999.0,Unknown,Unknown,99,4.0,,
19823,Chlamydia,274.0,Colorado,2000.0,Unknown,15-19 years,15-19,1.0,,
19824,Chlamydia,274.0,Colorado,2001.0,Unknown,15-19 years,15-19,6.0,,
19825,Chlamydia,274.0,Colorado,2001.0,Unknown,20-24 years,20-24,2.0,,
19826,Chlamydia,274.0,Colorado,2001.0,Unknown,25-29 years,25-29,1.0,,
19827,Chlamydia,274.0,Colorado,2001.0,Unknown,30-34 years,30-34,3.0,,
19828,Chlamydia,274.0,Colorado,2001.0,Unknown,Unknown,99,5.0,,
19829,Chlamydia,274.0,Colorado,2002.0,Unknown,15-19 years,15-19,1.0,,
19830,Chlamydia,274.0,Colorado,2002.0,Unknown,25-29 years,25-29,1.0,,
19831,Chlamydia,274.0,Colorado,2004.0,Unknown,0-14 years,0-14,1.0,,
19832,Chlamydia,274.0,Colorado,2004.0,Unknown,15-19 years,15-19,2.0,,
19833,Chlamydia,274.0,Colorado,2004.0,Unknown,20-24 years,20-24,6.0,,
19834,Chlamydia,274.0,Colorado,2004.0,Unknown,25-29 years,25-29,1.0,,
19835,Chlamydia,274.0,Colorado,2004.0,Unknown,30-34 years,30-34,1.0,,
19836,Chlamydia,274.0,Colorado,2004.0,Unknown,Unknown,99,2.0,,
19837,Chlamydia,274.0,Colorado,2008.0,Unknown,15-19 years,15-19,9.0,,
19838,Chlamydia,274.0,Colorado,2008.0,Unknown,20-24 years,20-24,9.0,,
19839,Chlamydia,274.0,Colorado,2008.0,Unknown,25-29 years,25-29,8.0,,
19840,Chlamydia,274.0,Colorado,2008.0,Unknown,30-34 years,30-34,2.0,,
19841,Chlamydia,274.0,Colorado,2008.0,Unknown,35-39 years,35-39,3.0,,
19842,Chlamydia,274.0,Colorado,2008.0,Unknown,Unknown,99,5.0,,
19843,Chlamydia,274.0,Colorado,2009.0,Unknown,15-19 years,15-19,1.0,,
19844,Chlamydia,274.0,Colorado,2009.0,Unknown,25-29 years,25-29,2.0,,
19845,Chlamydia,274.0,Colorado,2009.0,Unknown,30-34 years,30-34,2.0,,
19846,Chlamydia,274.0,Colorado,2011.0,Unknown,15-19 years,15-19,1.0,,
19847,Chlamydia,274.0,Colorado,2011.0,Unknown,20-24 years,20-24,1.0,,
19848,Chlamydia,274.0,Colorado,2011.0,Unknown,40+ years,40+,1.0,,
19849,Chlamydia,274.0,Connecticut,2001.0,Unknown,15-19 years,15-19,6.0,,
19850,Chlamydia,274.0,Connecticut,2001.0,Unknown,20-24 years,20-24,5.0,,
19851,Chlamydia,274.0,Connecticut,2001.0,Unknown,25-29 years,25-29,1.0,,
19852,Chlamydia,274.0,Connecticut,2001.0,Unknown,Unknown,99,1.0,,
19853,Chlamydia,274.0,Connecticut,2004.0,Unknown,Unknown,99,1.0,,
19854,Chlamydia,274.0,Connecticut,2008.0,Unknown,0-14 years,0-14,2.0,,
19855,Chlamydia,274.0,Connecticut,2008.0,Unknown,15-19 years,15-19,7.0,,
19856,Chlamydia,274.0,Connecticut,2008.0,Unknown,20-24 years,20-24,4.0,,
19857,Chlamydia,274.0,Connecticut,2008.0,Unknown,25-29 years,25-29,2.0,,
19858,Chlamydia,274.0,Connecticut,2008.0,Unknown,Unknown,99,1.0,,
19859,Chlamydia,274.0,Connecticut,2012.0,Unknown,0-14 years,0-14,2.0,,
19860,Chlamydia,274.0,Connecticut,2012.0,Unknown,15-19 years,15-19,25.0,,
19861,Chlamydia,274.0,Connecticut,2012.0,Unknown,20-24 years,20-24,23.0,,
19862,Chlamydia,274.0,Connecticut,2012.0,Unknown,25-29 years,25-29,16.0,,
19863,Chlamydia,274.0,Connecticut,2012.0,Unknown,30-34 years,30-34,4.0,,
19864,Chlamydia,274.0,Connecticut,2012.0,Unknown,35-39 years,35-39,3.0,,
19865,Chlamydia,274.0,Connecticut,2012.0,Unknown,40+ years,40+,4.0,,
19866,Chlamydia,274.0,Connecticut,2013.0,Unknown,0-14 years,0-14,7.0,,
19867,Chlamydia,274.0,Connecticut,2013.0,Unknown,15-19 years,15-19,28.0,,
19868,Chlamydia,274.0,Connecticut,2013.0,Unknown,20-24 years,20-24,24.0,,
19869,Chlamydia,274.0,Connecticut,2013.0,Unknown,25-29 years,25-29,19.0,,
19870,Chlamydia,274.0,Connecticut,2013.0,Unknown,30-34 years,30-34,5.0,,
19871,Chlamydia,274.0,Connecticut,2013.0,Unknown,40+ years,40+,1.0,,
19872,Chlamydia,274.0,Connecticut,2014.0,Unknown,0-14 years,0-14,9.0,,
19873,Chlamydia,274.0,Connecticut,2014.0,Unknown,15-19 years,15-19,31.0,,
19874,Chlamydia,274.0,Connecticut,2014.0,Unknown,20-24 years,20-24,40.0,,
19875,Chlamydia,274.0,Connecticut,2014.0,Unknown,25-29 years,25-29,14.0,,
19876,Chlamydia,274.0,Connecticut,2014.0,Unknown,30-34 years,30-34,11.0,,
19877,Chlamydia,274.0,Connecticut,2014.0,Unknown,35-39 years,35-39,4.0,,
19878,Chlamydia,274.0,Connecticut,2014.0,Unknown,Unknown,99,4.0,,
19879,Chlamydia,274.0,District of Columbia,2000.0,Unknown,0-14 years,0-14,2.0,,
19880,Chlamydia,274.0,District of Columbia,2000.0,Unknown,15-19 years,15-19,3.0,,
19881,Chlamydia,274.0,District of Columbia,2000.0,Unknown,20-24 years,20-24,4.0,,
19882,Chlamydia,274.0,District of Columbia,2000.0,Unknown,30-34 years,30-34,2.0,,
19883,Chlamydia,274.0,District of Columbia,2000.0,Unknown,Unknown,99,3.0,,
19884,Chlamydia,274.0,District of Columbia,2001.0,Unknown,15-19 years,15-19,6.0,,
19885,Chlamydia,274.0,District of Columbia,2001.0,Unknown,20-24 years,20-24,8.0,,
19886,Chlamydia,274.0,District of Columbia,2001.0,Unknown,25-29 years,25-29,3.0,,
19887,Chlamydia,274.0,District of Columbia,2001.0,Unknown,30-34 years,30-34,2.0,,
19888,Chlamydia,274.0,District of Columbia,2001.0,Unknown,40+ years,40+,2.0,,
19889,Chlamydia,274.0,District of Columbia,2001.0,Unknown,Unknown,99,7.0,,
19890,Chlamydia,274.0,District of Columbia,2002.0,Unknown,15-19 years,15-19,4.0,,
19891,Chlamydia,274.0,District of Columbia,2002.0,Unknown,20-24 years,20-24,7.0,,
19892,Chlamydia,274.0,District of Columbia,2002.0,Unknown,35-39 years,35-39,1.0,,
19893,Chlamydia,274.0,District of Columbia,2002.0,Unknown,40+ years,40+,2.0,,
19894,Chlamydia,274.0,District of Columbia,2002.0,Unknown,Unknown,99,7.0,,
19895,Chlamydia,274.0,District of Columbia,2003.0,Unknown,0-14 years,0-14,2.0,,
19896,Chlamydia,274.0,District of Columbia,2003.0,Unknown,15-19 years,15-19,6.0,,
19897,Chlamydia,274.0,District of Columbia,2003.0,Unknown,20-24 years,20-24,10.0,,
19898,Chlamydia,274.0,District of Columbia,2003.0,Unknown,40+ years,40+,1.0,,
19899,Chlamydia,274.0,District of Columbia,2003.0,Unknown,Unknown,99,4.0,,
19900,Chlamydia,274.0,District of Columbia,2004.0,Unknown,15-19 years,15-19,7.0,,
19901,Chlamydia,274.0,District of Columbia,2004.0,Unknown,20-24 years,20-24,6.0,,
19902,Chlamydia,274.0,District of Columbia,2004.0,Unknown,25-29 years,25-29,1.0,,
19903,Chlamydia,274.0,District of Columbia,2004.0,Unknown,30-34 years,30-34,1.0,,
19904,Chlamydia,274.0,District of Columbia,2004.0,Unknown,35-39 years,35-39,1.0,,
19905,Chlamydia,274.0,District of Columbia,2005.0,Unknown,0-14 years,0-14,1.0,,
19906,Chlamydia,274.0,District of Columbia,2005.0,Unknown,15-19 years,15-19,12.0,,
19907,Chlamydia,274.0,District of Columbia,2005.0,Unknown,20-24 years,20-24,2.0,,
19908,Chlamydia,274.0,District of Columbia,2005.0,Unknown,25-29 years,25-29,2.0,,
19909,Chlamydia,274.0,District of Columbia,2005.0,Unknown,35-39 years,35-39,1.0,,
19910,Chlamydia,274.0,District of Columbia,2005.0,Unknown,40+ years,40+,1.0,,
19911,Chlamydia,274.0,District of Columbia,2005.0,Unknown,Unknown,99,2.0,,
19912,Chlamydia,274.0,District of Columbia,2006.0,Unknown,0-14 years,0-14,2.0,,
19913,Chlamydia,274.0,District of Columbia,2006.0,Unknown,15-19 years,15-19,14.0,,
19914,Chlamydia,274.0,District of Columbia,2006.0,Unknown,20-24 years,20-24,8.0,,
19915,Chlamydia,274.0,District of Columbia,2006.0,Unknown,25-29 years,25-29,6.0,,
19916,Chlamydia,274.0,District of Columbia,2006.0,Unknown,30-34 years,30-34,3.0,,
19917,Chlamydia,274.0,District of Columbia,2006.0,Unknown,35-39 years,35-39,3.0,,
19918,Chlamydia,274.0,District of Columbia,2006.0,Unknown,40+ years,40+,1.0,,
19919,Chlamydia,274.0,District of Columbia,2006.0,Unknown,Unknown,99,2.0,,
19920,Chlamydia,274.0,District of Columbia,2007.0,Unknown,0-14 years,0-14,1.0,,
19921,Chlamydia,274.0,District of Columbia,2007.0,Unknown,15-19 years,15-19,11.0,,
19922,Chlamydia,274.0,District of Columbia,2007.0,Unknown,20-24 years,20-24,6.0,,
19923,Chlamydia,274.0,District of Columbia,2007.0,Unknown,25-29 years,25-29,2.0,,
19924,Chlamydia,274.0,District of Columbia,2007.0,Unknown,40+ years,40+,1.0,,
19925,Chlamydia,274.0,District of Columbia,2007.0,Unknown,Unknown,99,4.0,,
19926,Chlamydia,274.0,District of Columbia,2008.0,Unknown,0-14 years,0-14,1.0,,
19927,Chlamydia,274.0,District of Columbia,2008.0,Unknown,15-19 years,15-19,17.0,,
19928,Chlamydia,274.0,District of Columbia,2008.0,Unknown,20-24 years,20-24,12.0,,
19929,Chlamydia,274.0,District of Columbia,2008.0,Unknown,25-29 years,25-29,7.0,,
19930,Chlamydia,274.0,District of Columbia,2008.0,Unknown,40+ years,40+,5.0,,
19931,Chlamydia,274.0,District of Columbia,2008.0,Unknown,Unknown,99,6.0,,
19932,Chlamydia,274.0,District of Columbia,2009.0,Unknown,15-19 years,15-19,1.0,,
19933,Chlamydia,274.0,District of Columbia,2009.0,Unknown,20-24 years,20-24,2.0,,
19934,Chlamydia,274.0,District of Columbia,2009.0,Unknown,25-29 years,25-29,2.0,,
19935,Chlamydia,274.0,District of Columbia,2009.0,Unknown,Unknown,99,1.0,,
19936,Chlamydia,274.0,District of Columbia,2010.0,Unknown,0-14 years,0-14,2.0,,
19937,Chlamydia,274.0,District of Columbia,2010.0,Unknown,15-19 years,15-19,7.0,,
19938,Chlamydia,274.0,District of Columbia,2010.0,Unknown,20-24 years,20-24,6.0,,
19939,Chlamydia,274.0,District of Columbia,2010.0,Unknown,30-34 years,30-34,1.0,,
19940,Chlamydia,274.0,District of Columbia,2010.0,Unknown,40+ years,40+,1.0,,
19941,Chlamydia,274.0,District of Columbia,2010.0,Unknown,Unknown,99,1.0,,
19942,Chlamydia,274.0,District of Columbia,2011.0,Unknown,15-19 years,15-19,1.0,,
19943,Chlamydia,274.0,District of Columbia,2011.0,Unknown,20-24 years,20-24,2.0,,
19944,Chlamydia,274.0,District of Columbia,2012.0,Unknown,0-14 years,0-14,2.0,,
19945,Chlamydia,274.0,District of Columbia,2012.0,Unknown,15-19 years,15-19,14.0,,
19946,Chlamydia,274.0,District of Columbia,2012.0,Unknown,20-24 years,20-24,10.0,,
19947,Chlamydia,274.0,District of Columbia,2012.0,Unknown,25-29 years,25-29,7.0,,
19948,Chlamydia,274.0,District of Columbia,2012.0,Unknown,30-34 years,30-34,2.0,,
19949,Chlamydia,274.0,District of Columbia,2012.0,Unknown,40+ years,40+,1.0,,
19950,Chlamydia,274.0,District of Columbia,2012.0,Unknown,Unknown,99,1.0,,
19951,Chlamydia,274.0,District of Columbia,2013.0,Unknown,15-19 years,15-19,5.0,,
19952,Chlamydia,274.0,District of Columbia,2013.0,Unknown,20-24 years,20-24,4.0,,
19953,Chlamydia,274.0,District of Columbia,2013.0,Unknown,25-29 years,25-29,7.0,,
19954,Chlamydia,274.0,District of Columbia,2013.0,Unknown,30-34 years,30-34,3.0,,
19955,Chlamydia,274.0,District of Columbia,2013.0,Unknown,35-39 years,35-39,2.0,,
19956,Chlamydia,274.0,District of Columbia,2013.0,Unknown,40+ years,40+,1.0,,
19957,Chlamydia,274.0,District of Columbia,2014.0,Unknown,0-14 years,0-14,1.0,,
19958,Chlamydia,274.0,District of Columbia,2014.0,Unknown,15-19 years,15-19,10.0,,
19959,Chlamydia,274.0,District of Columbia,2014.0,Unknown,20-24 years,20-24,8.0,,
19960,Chlamydia,274.0,District of Columbia,2014.0,Unknown,25-29 years,25-29,6.0,,
19961,Chlamydia,274.0,District of Columbia,2014.0,Unknown,30-34 years,30-34,2.0,,
19962,Chlamydia,274.0,District of Columbia,2014.0,Unknown,Unknown,99,2.0,,
19963,Chlamydia,274.0,Florida,1998.0,Unknown,0-14 years,0-14,20.0,,
19964,Chlamydia,274.0,Florida,1998.0,Unknown,15-19 years,15-19,176.0,,
19965,Chlamydia,274.0,Florida,1998.0,Unknown,20-24 years,20-24,157.0,,
19966,Chlamydia,274.0,Florida,1998.0,Unknown,25-29 years,25-29,43.0,,
19967,Chlamydia,274.0,Florida,1998.0,Unknown,30-34 years,30-34,13.0,,
19968,Chlamydia,274.0,Florida,1998.0,Unknown,35-39 years,35-39,4.0,,
19969,Chlamydia,274.0,Florida,1998.0,Unknown,40+ years,40+,2.0,,
19970,Chlamydia,274.0,Florida,1999.0,Unknown,0-14 years,0-14,1.0,,
19971,Chlamydia,274.0,Florida,1999.0,Unknown,15-19 years,15-19,39.0,,
19972,Chlamydia,274.0,Florida,1999.0,Unknown,20-24 years,20-24,38.0,,
19973,Chlamydia,274.0,Florida,1999.0,Unknown,25-29 years,25-29,17.0,,
19974,Chlamydia,274.0,Florida,1999.0,Unknown,30-34 years,30-34,8.0,,
19975,Chlamydia,274.0,Florida,1999.0,Unknown,35-39 years,35-39,1.0,,
19976,Chlamydia,274.0,Florida,1999.0,Unknown,40+ years,40+,1.0,,
19977,Chlamydia,274.0,Florida,1999.0,Unknown,Unknown,99,7.0,,
19978,Chlamydia,274.0,Florida,2001.0,Unknown,15-19 years,15-19,9.0,,
19979,Chlamydia,274.0,Florida,2001.0,Unknown,20-24 years,20-24,1.0,,
19980,Chlamydia,274.0,Florida,2001.0,Unknown,Unknown,99,1.0,,
19981,Chlamydia,274.0,Florida,2006.0,Unknown,15-19 years,15-19,6.0,,
19982,Chlamydia,274.0,Florida,2006.0,Unknown,30-34 years,30-34,1.0,,
19983,Chlamydia,274.0,Florida,2006.0,Unknown,Unknown,99,2.0,,
19984,Chlamydia,274.0,Florida,2007.0,Unknown,0-14 years,0-14,1.0,,
19985,Chlamydia,274.0,Florida,2007.0,Unknown,15-19 years,15-19,9.0,,
19986,Chlamydia,274.0,Florida,2007.0,Unknown,20-24 years,20-24,8.0,,
19987,Chlamydia,274.0,Florida,2007.0,Unknown,25-29 years,25-29,5.0,,
19988,Chlamydia,274.0,Florida,2007.0,Unknown,30-34 years,30-34,1.0,,
19989,Chlamydia,274.0,Florida,2007.0,Unknown,35-39 years,35-39,1.0,,
19990,Chlamydia,274.0,Florida,2007.0,Unknown,40+ years,40+,1.0,,
19991,Chlamydia,274.0,Florida,2008.0,Unknown,15-19 years,15-19,89.0,,
19992,Chlamydia,274.0,Florida,2008.0,Unknown,20-24 years,20-24,67.0,,
19993,Chlamydia,274.0,Florida,2008.0,Unknown,25-29 years,25-29,28.0,,
19994,Chlamydia,274.0,Florida,2008.0,Unknown,30-34 years,30-34,14.0,,
19995,Chlamydia,274.0,Florida,2008.0,Unknown,35-39 years,35-39,9.0,,
19996,Chlamydia,274.0,Florida,2008.0,Unknown,40+ years,40+,10.0,,
19997,Chlamydia,274.0,Florida,2008.0,Unknown,Unknown,99,1.0,,
19998,Chlamydia,274.0,Florida,2009.0,Unknown,0-14 years,0-14,2.0,,
19999,Chlamydia,274.0,Florida,2009.0,Unknown,15-19 years,15-19,38.0,,
20000,Chlamydia,274.0,Florida,2009.0,Unknown,20-24 years,20-24,48.0,,
20001,Chlamydia,274.0,Florida,2009.0,Unknown,25-29 years,25-29,14.0,,
20002,Chlamydia,274.0,Florida,2009.0,Unknown,30-34 years,30-34,5.0,,
20003,Chlamydia,274.0,Florida,2009.0,Unknown,35-39 years,35-39,3.0,,
20004,Chlamydia,274.0,Florida,2009.0,Unknown,40+ years,40+,4.0,,
20005,Chlamydia,274.0,Florida,2009.0,Unknown,Unknown,99,1.0,,
20006,Chlamydia,274.0,Florida,2010.0,Unknown,0-14 years,0-14,1.0,,
20007,Chlamydia,274.0,Florida,2010.0,Unknown,15-19 years,15-19,19.0,,
20008,Chlamydia,274.0,Florida,2010.0,Unknown,20-24 years,20-24,28.0,,
20009,Chlamydia,274.0,Florida,2010.0,Unknown,25-29 years,25-29,8.0,,
20010,Chlamydia,274.0,Florida,2010.0,Unknown,30-34 years,30-34,1.0,,
20011,Chlamydia,274.0,Florida,2010.0,Unknown,35-39 years,35-39,4.0,,
20012,Chlamydia,274.0,Florida,2010.0,Unknown,40+ years,40+,3.0,,
20013,Chlamydia,274.0,Florida,2011.0,Unknown,0-14 years,0-14,2.0,,
20014,Chlamydia,274.0,Florida,2011.0,Unknown,15-19 years,15-19,37.0,,
20015,Chlamydia,274.0,Florida,2011.0,Unknown,20-24 years,20-24,29.0,,
20016,Chlamydia,274.0,Florida,2011.0,Unknown,25-29 years,25-29,5.0,,
20017,Chlamydia,274.0,Florida,2011.0,Unknown,30-34 years,30-34,6.0,,
20018,Chlamydia,274.0,Florida,2011.0,Unknown,35-39 years,35-39,1.0,,
20019,Chlamydia,274.0,Florida,2011.0,Unknown,40+ years,40+,6.0,,
20020,Chlamydia,274.0,Florida,2012.0,Unknown,20-24 years,20-24,2.0,,
20021,Chlamydia,274.0,Florida,2012.0,Unknown,25-29 years,25-29,4.0,,
20022,Chlamydia,274.0,Florida,2012.0,Unknown,40+ years,40+,1.0,,
20023,Chlamydia,274.0,Florida,2013.0,Unknown,0-14 years,0-14,2.0,,
20024,Chlamydia,274.0,Florida,2013.0,Unknown,15-19 years,15-19,61.0,,
20025,Chlamydia,274.0,Florida,2013.0,Unknown,20-24 years,20-24,78.0,,
20026,Chlamydia,274.0,Florida,2013.0,Unknown,25-29 years,25-29,29.0,,
20027,Chlamydia,274.0,Florida,2013.0,Unknown,30-34 years,30-34,10.0,,
20028,Chlamydia,274.0,Florida,2013.0,Unknown,35-39 years,35-39,6.0,,
20029,Chlamydia,274.0,Florida,2013.0,Unknown,40+ years,40+,7.0,,
20030,Chlamydia,274.0,Florida,2013.0,Unknown,Unknown,99,1.0,,
20031,Chlamydia,274.0,Florida,2014.0,Unknown,0-14 years,0-14,3.0,,
20032,Chlamydia,274.0,Florida,2014.0,Unknown,15-19 years,15-19,54.0,,
20033,Chlamydia,274.0,Florida,2014.0,Unknown,20-24 years,20-24,49.0,,
20034,Chlamydia,274.0,Florida,2014.0,Unknown,25-29 years,25-29,25.0,,
20035,Chlamydia,274.0,Florida,2014.0,Unknown,30-34 years,30-34,12.0,,
20036,Chlamydia,274.0,Florida,2014.0,Unknown,35-39 years,35-39,8.0,,
20037,Chlamydia,274.0,Florida,2014.0,Unknown,40+ years,40+,4.0,,
20038,Chlamydia,274.0,Georgia,2000.0,Unknown,0-14 years,0-14,4.0,,
20039,Chlamydia,274.0,Georgia,2000.0,Unknown,15-19 years,15-19,59.0,,
20040,Chlamydia,274.0,Georgia,2000.0,Unknown,20-24 years,20-24,46.0,,
20041,Chlamydia,274.0,Georgia,2000.0,Unknown,25-29 years,25-29,12.0,,
20042,Chlamydia,274.0,Georgia,2000.0,Unknown,30-34 years,30-34,9.0,,
20043,Chlamydia,274.0,Georgia,2000.0,Unknown,35-39 years,35-39,5.0,,
20044,Chlamydia,274.0,Georgia,2000.0,Unknown,40+ years,40+,4.0,,
20045,Chlamydia,274.0,Georgia,2000.0,Unknown,Unknown,99,51.0,,
20046,Chlamydia,274.0,Georgia,2001.0,Unknown,0-14 years,0-14,1.0,,
20047,Chlamydia,274.0,Georgia,2001.0,Unknown,15-19 years,15-19,4.0,,
20048,Chlamydia,274.0,Georgia,2001.0,Unknown,20-24 years,20-24,2.0,,
20049,Chlamydia,274.0,Georgia,2001.0,Unknown,25-29 years,25-29,1.0,,
20050,Chlamydia,274.0,Georgia,2001.0,Unknown,35-39 years,35-39,1.0,,
20051,Chlamydia,274.0,Georgia,2002.0,Unknown,0-14 years,0-14,2.0,,
20052,Chlamydia,274.0,Georgia,2002.0,Unknown,15-19 years,15-19,36.0,,
20053,Chlamydia,274.0,Georgia,2002.0,Unknown,20-24 years,20-24,38.0,,
20054,Chlamydia,274.0,Georgia,2002.0,Unknown,25-29 years,25-29,10.0,,
20055,Chlamydia,274.0,Georgia,2002.0,Unknown,30-34 years,30-34,11.0,,
20056,Chlamydia,274.0,Georgia,2002.0,Unknown,35-39 years,35-39,3.0,,
20057,Chlamydia,274.0,Georgia,2002.0,Unknown,40+ years,40+,2.0,,
20058,Chlamydia,274.0,Georgia,2002.0,Unknown,Unknown,99,39.0,,
20059,Chlamydia,274.0,Georgia,2003.0,Unknown,0-14 years,0-14,7.0,,
20060,Chlamydia,274.0,Georgia,2003.0,Unknown,15-19 years,15-19,51.0,,
20061,Chlamydia,274.0,Georgia,2003.0,Unknown,20-24 years,20-24,52.0,,
20062,Chlamydia,274.0,Georgia,2003.0,Unknown,25-29 years,25-29,25.0,,
20063,Chlamydia,274.0,Georgia,2003.0,Unknown,30-34 years,30-34,10.0,,
20064,Chlamydia,274.0,Georgia,2003.0,Unknown,35-39 years,35-39,7.0,,
20065,Chlamydia,274.0,Georgia,2003.0,Unknown,40+ years,40+,5.0,,
20066,Chlamydia,274.0,Georgia,2003.0,Unknown,Unknown,99,28.0,,
20067,Chlamydia,274.0,Georgia,2004.0,Unknown,0-14 years,0-14,9.0,,
20068,Chlamydia,274.0,Georgia,2004.0,Unknown,15-19 years,15-19,60.0,,
20069,Chlamydia,274.0,Georgia,2004.0,Unknown,20-24 years,20-24,55.0,,
20070,Chlamydia,274.0,Georgia,2004.0,Unknown,25-29 years,25-29,25.0,,
20071,Chlamydia,274.0,Georgia,2004.0,Unknown,30-34 years,30-34,16.0,,
20072,Chlamydia,274.0,Georgia,2004.0,Unknown,35-39 years,35-39,2.0,,
20073,Chlamydia,274.0,Georgia,2004.0,Unknown,40+ years,40+,8.0,,
20074,Chlamydia,274.0,Georgia,2004.0,Unknown,Unknown,99,38.0,,
20075,Chlamydia,274.0,Georgia,2005.0,Unknown,0-14 years,0-14,9.0,,
20076,Chlamydia,274.0,Georgia,2005.0,Unknown,15-19 years,15-19,176.0,,
20077,Chlamydia,274.0,Georgia,2005.0,Unknown,20-24 years,20-24,146.0,,
20078,Chlamydia,274.0,Georgia,2005.0,Unknown,25-29 years,25-29,47.0,,
20079,Chlamydia,274.0,Georgia,2005.0,Unknown,30-34 years,30-34,13.0,,
20080,Chlamydia,274.0,Georgia,2005.0,Unknown,35-39 years,35-39,14.0,,
20081,Chlamydia,274.0,Georgia,2005.0,Unknown,40+ years,40+,8.0,,
20082,Chlamydia,274.0,Georgia,2005.0,Unknown,Unknown,99,39.0,,
20083,Chlamydia,274.0,Georgia,2006.0,Unknown,0-14 years,0-14,4.0,,
20084,Chlamydia,274.0,Georgia,2006.0,Unknown,15-19 years,15-19,122.0,,
20085,Chlamydia,274.0,Georgia,2006.0,Unknown,20-24 years,20-24,90.0,,
20086,Chlamydia,274.0,Georgia,2006.0,Unknown,25-29 years,25-29,46.0,,
20087,Chlamydia,274.0,Georgia,2006.0,Unknown,30-34 years,30-34,10.0,,
20088,Chlamydia,274.0,Georgia,2006.0,Unknown,35-39 years,35-39,13.0,,
20089,Chlamydia,274.0,Georgia,2006.0,Unknown,40+ years,40+,8.0,,
20090,Chlamydia,274.0,Georgia,2006.0,Unknown,Unknown,99,44.0,,
20091,Chlamydia,274.0,Georgia,2007.0,Unknown,0-14 years,0-14,3.0,,
20092,Chlamydia,274.0,Georgia,2007.0,Unknown,15-19 years,15-19,95.0,,
20093,Chlamydia,274.0,Georgia,2007.0,Unknown,20-24 years,20-24,95.0,,
20094,Chlamydia,274.0,Georgia,2007.0,Unknown,25-29 years,25-29,28.0,,
20095,Chlamydia,274.0,Georgia,2007.0,Unknown,30-34 years,30-34,18.0,,
20096,Chlamydia,274.0,Georgia,2007.0,Unknown,35-39 years,35-39,12.0,,
20097,Chlamydia,274.0,Georgia,2007.0,Unknown,40+ years,40+,9.0,,
20098,Chlamydia,274.0,Georgia,2007.0,Unknown,Unknown,99,18.0,,
20099,Chlamydia,274.0,Georgia,2008.0,Unknown,0-14 years,0-14,4.0,,
20100,Chlamydia,274.0,Georgia,2008.0,Unknown,15-19 years,15-19,153.0,,
20101,Chlamydia,274.0,Georgia,2008.0,Unknown,20-24 years,20-24,129.0,,
20102,Chlamydia,274.0,Georgia,2008.0,Unknown,25-29 years,25-29,58.0,,
20103,Chlamydia,274.0,Georgia,2008.0,Unknown,30-34 years,30-34,17.0,,
20104,Chlamydia,274.0,Georgia,2008.0,Unknown,35-39 years,35-39,16.0,,
20105,Chlamydia,274.0,Georgia,2008.0,Unknown,40+ years,40+,8.0,,
20106,Chlamydia,274.0,Georgia,2008.0,Unknown,Unknown,99,39.0,,
20107,Chlamydia,274.0,Georgia,2009.0,Unknown,0-14 years,0-14,2.0,,
20108,Chlamydia,274.0,Georgia,2009.0,Unknown,15-19 years,15-19,82.0,,
20109,Chlamydia,274.0,Georgia,2009.0,Unknown,20-24 years,20-24,76.0,,
20110,Chlamydia,274.0,Georgia,2009.0,Unknown,25-29 years,25-29,26.0,,
20111,Chlamydia,274.0,Georgia,2009.0,Unknown,30-34 years,30-34,9.0,,
20112,Chlamydia,274.0,Georgia,2009.0,Unknown,35-39 years,35-39,8.0,,
20113,Chlamydia,274.0,Georgia,2009.0,Unknown,40+ years,40+,6.0,,
20114,Chlamydia,274.0,Georgia,2009.0,Unknown,Unknown,99,32.0,,
20115,Chlamydia,274.0,Georgia,2010.0,Unknown,0-14 years,0-14,6.0,,
20116,Chlamydia,274.0,Georgia,2010.0,Unknown,15-19 years,15-19,115.0,,
20117,Chlamydia,274.0,Georgia,2010.0,Unknown,20-24 years,20-24,103.0,,
20118,Chlamydia,274.0,Georgia,2010.0,Unknown,25-29 years,25-29,45.0,,
20119,Chlamydia,274.0,Georgia,2010.0,Unknown,30-34 years,30-34,25.0,,
20120,Chlamydia,274.0,Georgia,2010.0,Unknown,35-39 years,35-39,5.0,,
20121,Chlamydia,274.0,Georgia,2010.0,Unknown,40+ years,40+,6.0,,
20122,Chlamydia,274.0,Georgia,2010.0,Unknown,Unknown,99,14.0,,
20123,Chlamydia,274.0,Georgia,2011.0,Unknown,0-14 years,0-14,10.0,,
20124,Chlamydia,274.0,Georgia,2011.0,Unknown,15-19 years,15-19,230.0,,
20125,Chlamydia,274.0,Georgia,2011.0,Unknown,20-24 years,20-24,227.0,,
20126,Chlamydia,274.0,Georgia,2011.0,Unknown,25-29 years,25-29,57.0,,
20127,Chlamydia,274.0,Georgia,2011.0,Unknown,30-34 years,30-34,34.0,,
20128,Chlamydia,274.0,Georgia,2011.0,Unknown,35-39 years,35-39,16.0,,
20129,Chlamydia,274.0,Georgia,2011.0,Unknown,40+ years,40+,17.0,,
20130,Chlamydia,274.0,Georgia,2011.0,Unknown,Unknown,99,5.0,,
20131,Chlamydia,274.0,Georgia,2012.0,Unknown,0-14 years,0-14,9.0,,
20132,Chlamydia,274.0,Georgia,2012.0,Unknown,15-19 years,15-19,169.0,,
20133,Chlamydia,274.0,Georgia,2012.0,Unknown,20-24 years,20-24,147.0,,
20134,Chlamydia,274.0,Georgia,2012.0,Unknown,25-29 years,25-29,56.0,,
20135,Chlamydia,274.0,Georgia,2012.0,Unknown,30-34 years,30-34,19.0,,
20136,Chlamydia,274.0,Georgia,2012.0,Unknown,35-39 years,35-39,8.0,,
20137,Chlamydia,274.0,Georgia,2012.0,Unknown,40+ years,40+,16.0,,
20138,Chlamydia,274.0,Georgia,2012.0,Unknown,Unknown,99,17.0,,
20139,Chlamydia,274.0,Georgia,2013.0,Unknown,0-14 years,0-14,14.0,,
20140,Chlamydia,274.0,Georgia,2013.0,Unknown,15-19 years,15-19,145.0,,
20141,Chlamydia,274.0,Georgia,2013.0,Unknown,20-24 years,20-24,145.0,,
20142,Chlamydia,274.0,Georgia,2013.0,Unknown,25-29 years,25-29,72.0,,
20143,Chlamydia,274.0,Georgia,2013.0,Unknown,30-34 years,30-34,30.0,,
20144,Chlamydia,274.0,Georgia,2013.0,Unknown,35-39 years,35-39,11.0,,
20145,Chlamydia,274.0,Georgia,2013.0,Unknown,40+ years,40+,10.0,,
20146,Chlamydia,274.0,Georgia,2013.0,Unknown,Unknown,99,21.0,,
20147,Chlamydia,274.0,Georgia,2014.0,Unknown,0-14 years,0-14,2.0,,
20148,Chlamydia,274.0,Georgia,2014.0,Unknown,15-19 years,15-19,98.0,,
20149,Chlamydia,274.0,Georgia,2014.0,Unknown,20-24 years,20-24,134.0,,
20150,Chlamydia,274.0,Georgia,2014.0,Unknown,25-29 years,25-29,51.0,,
20151,Chlamydia,274.0,Georgia,2014.0,Unknown,30-34 years,30-34,14.0,,
20152,Chlamydia,274.0,Georgia,2014.0,Unknown,35-39 years,35-39,10.0,,
20153,Chlamydia,274.0,Georgia,2014.0,Unknown,40+ years,40+,9.0,,
20154,Chlamydia,274.0,Georgia,2014.0,Unknown,Unknown,99,20.0,,
20155,Chlamydia,274.0,Hawaii,1999.0,Unknown,15-19 years,15-19,8.0,,
20156,Chlamydia,274.0,Hawaii,1999.0,Unknown,20-24 years,20-24,3.0,,
20157,Chlamydia,274.0,Hawaii,1999.0,Unknown,25-29 years,25-29,8.0,,
20158,Chlamydia,274.0,Hawaii,1999.0,Unknown,35-39 years,35-39,2.0,,
20159,Chlamydia,274.0,Hawaii,1999.0,Unknown,40+ years,40+,2.0,,
20160,Chlamydia,274.0,Hawaii,1999.0,Unknown,Unknown,99,2.0,,
20161,Chlamydia,274.0,Hawaii,2000.0,Unknown,15-19 years,15-19,2.0,,
20162,Chlamydia,274.0,Hawaii,2000.0,Unknown,20-24 years,20-24,8.0,,
20163,Chlamydia,274.0,Hawaii,2000.0,Unknown,25-29 years,25-29,2.0,,
20164,Chlamydia,274.0,Hawaii,2000.0,Unknown,30-34 years,30-34,1.0,,
20165,Chlamydia,274.0,Hawaii,2001.0,Unknown,15-19 years,15-19,1.0,,
20166,Chlamydia,274.0,Hawaii,2006.0,Unknown,20-24 years,20-24,3.0,,
20167,Chlamydia,274.0,Hawaii,2009.0,Unknown,Unknown,99,1.0,,
20168,Chlamydia,274.0,Idaho,2000.0,Unknown,15-19 years,15-19,1.0,,
20169,Chlamydia,274.0,Idaho,2000.0,Unknown,20-24 years,20-24,3.0,,
20170,Chlamydia,274.0,Idaho,2000.0,Unknown,25-29 years,25-29,2.0,,
20171,Chlamydia,274.0,Idaho,2000.0,Unknown,30-34 years,30-34,1.0,,
20172,Chlamydia,274.0,Idaho,2000.0,Unknown,35-39 years,35-39,1.0,,
20173,Chlamydia,274.0,Idaho,2000.0,Unknown,40+ years,40+,2.0,,
20174,Chlamydia,274.0,Idaho,2001.0,Unknown,15-19 years,15-19,10.0,,
20175,Chlamydia,274.0,Idaho,2001.0,Unknown,20-24 years,20-24,11.0,,
20176,Chlamydia,274.0,Idaho,2001.0,Unknown,25-29 years,25-29,3.0,,
20177,Chlamydia,274.0,Idaho,2001.0,Unknown,40+ years,40+,1.0,,
20178,Chlamydia,274.0,Idaho,2001.0,Unknown,Unknown,99,1.0,,
20179,Chlamydia,274.0,Idaho,2004.0,Unknown,15-19 years,15-19,3.0,,
20180,Chlamydia,274.0,Idaho,2004.0,Unknown,20-24 years,20-24,4.0,,
20181,Chlamydia,274.0,Idaho,2004.0,Unknown,25-29 years,25-29,2.0,,
20182,Chlamydia,274.0,Idaho,2004.0,Unknown,30-34 years,30-34,1.0,,
20183,Chlamydia,274.0,Idaho,2005.0,Unknown,15-19 years,15-19,9.0,,
20184,Chlamydia,274.0,Idaho,2005.0,Unknown,20-24 years,20-24,7.0,,
20185,Chlamydia,274.0,Idaho,2005.0,Unknown,25-29 years,25-29,3.0,,
20186,Chlamydia,274.0,Idaho,2005.0,Unknown,35-39 years,35-39,1.0,,
20187,Chlamydia,274.0,Idaho,2005.0,Unknown,40+ years,40+,1.0,,
20188,Chlamydia,274.0,Idaho,2006.0,Unknown,15-19 years,15-19,4.0,,
20189,Chlamydia,274.0,Idaho,2006.0,Unknown,20-24 years,20-24,7.0,,
20190,Chlamydia,274.0,Idaho,2006.0,Unknown,25-29 years,25-29,2.0,,
20191,Chlamydia,274.0,Idaho,2006.0,Unknown,30-34 years,30-34,1.0,,
20192,Chlamydia,274.0,Idaho,2006.0,Unknown,40+ years,40+,1.0,,
20193,Chlamydia,274.0,Idaho,2007.0,Unknown,0-14 years,0-14,1.0,,
20194,Chlamydia,274.0,Idaho,2007.0,Unknown,15-19 years,15-19,7.0,,
20195,Chlamydia,274.0,Idaho,2007.0,Unknown,20-24 years,20-24,17.0,,
20196,Chlamydia,274.0,Idaho,2007.0,Unknown,25-29 years,25-29,5.0,,
20197,Chlamydia,274.0,Idaho,2007.0,Unknown,35-39 years,35-39,1.0,,
20198,Chlamydia,274.0,Idaho,2007.0,Unknown,40+ years,40+,1.0,,
20199,Chlamydia,274.0,Idaho,2008.0,Unknown,15-19 years,15-19,4.0,,
20200,Chlamydia,274.0,Idaho,2008.0,Unknown,20-24 years,20-24,4.0,,
20201,Chlamydia,274.0,Idaho,2008.0,Unknown,25-29 years,25-29,3.0,,
20202,Chlamydia,274.0,Idaho,2008.0,Unknown,30-34 years,30-34,1.0,,
20203,Chlamydia,274.0,Idaho,2008.0,Unknown,35-39 years,35-39,1.0,,
20204,Chlamydia,274.0,Idaho,2009.0,Unknown,15-19 years,15-19,7.0,,
20205,Chlamydia,274.0,Idaho,2009.0,Unknown,20-24 years,20-24,11.0,,
20206,Chlamydia,274.0,Idaho,2009.0,Unknown,25-29 years,25-29,1.0,,
20207,Chlamydia,274.0,Idaho,2009.0,Unknown,30-34 years,30-34,3.0,,
20208,Chlamydia,274.0,Idaho,2009.0,Unknown,Unknown,99,1.0,,
20209,Chlamydia,274.0,Idaho,2010.0,Unknown,15-19 years,15-19,4.0,,
20210,Chlamydia,274.0,Idaho,2010.0,Unknown,20-24 years,20-24,4.0,,
20211,Chlamydia,274.0,Idaho,2010.0,Unknown,25-29 years,25-29,1.0,,
20212,Chlamydia,274.0,Idaho,2010.0,Unknown,30-34 years,30-34,2.0,,
20213,Chlamydia,274.0,Idaho,2011.0,Unknown,15-19 years,15-19,2.0,,
20214,Chlamydia,274.0,Idaho,2011.0,Unknown,20-24 years,20-24,4.0,,
20215,Chlamydia,274.0,Idaho,2011.0,Unknown,40+ years,40+,1.0,,
20216,Chlamydia,274.0,Idaho,2013.0,Unknown,15-19 years,15-19,11.0,,
20217,Chlamydia,274.0,Idaho,2013.0,Unknown,20-24 years,20-24,3.0,,
20218,Chlamydia,274.0,Idaho,2013.0,Unknown,25-29 years,25-29,1.0,,
20219,Chlamydia,274.0,Illinois,1999.0,Unknown,15-19 years,15-19,2.0,,
20220,Chlamydia,274.0,Illinois,1999.0,Unknown,20-24 years,20-24,3.0,,
20221,Chlamydia,274.0,Illinois,1999.0,Unknown,30-34 years,30-34,1.0,,
20222,Chlamydia,274.0,Illinois,1999.0,Unknown,Unknown,99,3.0,,
20223,Chlamydia,274.0,Illinois,2000.0,Unknown,15-19 years,15-19,1.0,,
20224,Chlamydia,274.0,Illinois,2001.0,Unknown,15-19 years,15-19,1.0,,
20225,Chlamydia,274.0,Illinois,2001.0,Unknown,20-24 years,20-24,2.0,,
20226,Chlamydia,274.0,Illinois,2001.0,Unknown,25-29 years,25-29,1.0,,
20227,Chlamydia,274.0,Illinois,2002.0,Unknown,15-19 years,15-19,2.0,,
20228,Chlamydia,274.0,Illinois,2002.0,Unknown,Unknown,99,3.0,,
20229,Chlamydia,274.0,Illinois,2003.0,Unknown,40+ years,40+,1.0,,
20230,Chlamydia,274.0,Illinois,2004.0,Unknown,25-29 years,25-29,1.0,,
20231,Chlamydia,274.0,Illinois,2004.0,Unknown,35-39 years,35-39,1.0,,
20232,Chlamydia,274.0,Illinois,2005.0,Unknown,20-24 years,20-24,1.0,,
20233,Chlamydia,274.0,Illinois,2007.0,Unknown,40+ years,40+,1.0,,
20234,Chlamydia,274.0,Illinois,2008.0,Unknown,15-19 years,15-19,2.0,,
20235,Chlamydia,274.0,Illinois,2008.0,Unknown,20-24 years,20-24,2.0,,
20236,Chlamydia,274.0,Illinois,2008.0,Unknown,30-34 years,30-34,1.0,,
20237,Chlamydia,274.0,Illinois,2009.0,Unknown,15-19 years,15-19,6.0,,
20238,Chlamydia,274.0,Illinois,2009.0,Unknown,20-24 years,20-24,4.0,,
20239,Chlamydia,274.0,Illinois,2009.0,Unknown,25-29 years,25-29,4.0,,
20240,Chlamydia,274.0,Illinois,2009.0,Unknown,30-34 years,30-34,1.0,,
20241,Chlamydia,274.0,Illinois,2009.0,Unknown,35-39 years,35-39,1.0,,
20242,Chlamydia,274.0,Illinois,2009.0,Unknown,40+ years,40+,2.0,,
20243,Chlamydia,274.0,Illinois,2010.0,Unknown,0-14 years,0-14,1.0,,
20244,Chlamydia,274.0,Illinois,2010.0,Unknown,15-19 years,15-19,39.0,,
20245,Chlamydia,274.0,Illinois,2010.0,Unknown,20-24 years,20-24,34.0,,
20246,Chlamydia,274.0,Illinois,2010.0,Unknown,25-29 years,25-29,16.0,,
20247,Chlamydia,274.0,Illinois,2010.0,Unknown,30-34 years,30-34,14.0,,
20248,Chlamydia,274.0,Illinois,2010.0,Unknown,35-39 years,35-39,7.0,,
20249,Chlamydia,274.0,Illinois,2010.0,Unknown,40+ years,40+,5.0,,
20250,Chlamydia,274.0,Illinois,2010.0,Unknown,Unknown,99,1.0,,
20251,Chlamydia,274.0,Illinois,2011.0,Unknown,0-14 years,0-14,2.0,,
20252,Chlamydia,274.0,Illinois,2011.0,Unknown,15-19 years,15-19,57.0,,
20253,Chlamydia,274.0,Illinois,2011.0,Unknown,20-24 years,20-24,33.0,,
20254,Chlamydia,274.0,Illinois,2011.0,Unknown,25-29 years,25-29,17.0,,
20255,Chlamydia,274.0,Illinois,2011.0,Unknown,30-34 years,30-34,11.0,,
20256,Chlamydia,274.0,Illinois,2011.0,Unknown,35-39 years,35-39,5.0,,
20257,Chlamydia,274.0,Illinois,2011.0,Unknown,40+ years,40+,3.0,,
20258,Chlamydia,274.0,Illinois,2012.0,Unknown,0-14 years,0-14,2.0,,
20259,Chlamydia,274.0,Illinois,2012.0,Unknown,15-19 years,15-19,54.0,,
20260,Chlamydia,274.0,Illinois,2012.0,Unknown,20-24 years,20-24,48.0,,
20261,Chlamydia,274.0,Illinois,2012.0,Unknown,25-29 years,25-29,23.0,,
20262,Chlamydia,274.0,Illinois,2012.0,Unknown,30-34 years,30-34,9.0,,
20263,Chlamydia,274.0,Illinois,2012.0,Unknown,35-39 years,35-39,6.0,,
20264,Chlamydia,274.0,Illinois,2012.0,Unknown,40+ years,40+,7.0,,
20265,Chlamydia,274.0,Illinois,2013.0,Unknown,0-14 years,0-14,2.0,,
20266,Chlamydia,274.0,Illinois,2013.0,Unknown,15-19 years,15-19,29.0,,
20267,Chlamydia,274.0,Illinois,2013.0,Unknown,20-24 years,20-24,35.0,,
20268,Chlamydia,274.0,Illinois,2013.0,Unknown,25-29 years,25-29,9.0,,
20269,Chlamydia,274.0,Illinois,2013.0,Unknown,30-34 years,30-34,5.0,,
20270,Chlamydia,274.0,Illinois,2013.0,Unknown,35-39 years,35-39,4.0,,
20271,Chlamydia,274.0,Illinois,2013.0,Unknown,40+ years,40+,4.0,,
20272,Chlamydia,274.0,Illinois,2013.0,Unknown,Unknown,99,2.0,,
20273,Chlamydia,274.0,Illinois,2014.0,Unknown,0-14 years,0-14,1.0,,
20274,Chlamydia,274.0,Illinois,2014.0,Unknown,15-19 years,15-19,36.0,,
20275,Chlamydia,274.0,Illinois,2014.0,Unknown,20-24 years,20-24,35.0,,
20276,Chlamydia,274.0,Illinois,2014.0,Unknown,25-29 years,25-29,17.0,,
20277,Chlamydia,274.0,Illinois,2014.0,Unknown,30-34 years,30-34,8.0,,
20278,Chlamydia,274.0,Illinois,2014.0,Unknown,35-39 years,35-39,6.0,,
20279,Chlamydia,274.0,Illinois,2014.0,Unknown,40+ years,40+,8.0,,
20280,Chlamydia,274.0,Illinois,2014.0,Unknown,Unknown,99,1.0,,
20281,Chlamydia,274.0,Indiana,2000.0,Unknown,0-14 years,0-14,1.0,,
20282,Chlamydia,274.0,Indiana,2000.0,Unknown,15-19 years,15-19,14.0,,
20283,Chlamydia,274.0,Indiana,2000.0,Unknown,20-24 years,20-24,13.0,,
20284,Chlamydia,274.0,Indiana,2000.0,Unknown,25-29 years,25-29,2.0,,
20285,Chlamydia,274.0,Indiana,2000.0,Unknown,30-34 years,30-34,3.0,,
20286,Chlamydia,274.0,Indiana,2000.0,Unknown,35-39 years,35-39,1.0,,
20287,Chlamydia,274.0,Indiana,2000.0,Unknown,40+ years,40+,1.0,,
20288,Chlamydia,274.0,Indiana,2001.0,Unknown,0-14 years,0-14,1.0,,
20289,Chlamydia,274.0,Indiana,2001.0,Unknown,15-19 years,15-19,13.0,,
20290,Chlamydia,274.0,Indiana,2001.0,Unknown,20-24 years,20-24,13.0,,
20291,Chlamydia,274.0,Indiana,2001.0,Unknown,25-29 years,25-29,4.0,,
20292,Chlamydia,274.0,Indiana,2001.0,Unknown,30-34 years,30-34,2.0,,
20293,Chlamydia,274.0,Indiana,2001.0,Unknown,35-39 years,35-39,1.0,,
20294,Chlamydia,274.0,Indiana,2001.0,Unknown,Unknown,99,1.0,,
20295,Chlamydia,274.0,Indiana,2002.0,Unknown,0-14 years,0-14,5.0,,
20296,Chlamydia,274.0,Indiana,2002.0,Unknown,15-19 years,15-19,32.0,,
20297,Chlamydia,274.0,Indiana,2002.0,Unknown,20-24 years,20-24,34.0,,
20298,Chlamydia,274.0,Indiana,2002.0,Unknown,25-29 years,25-29,13.0,,
20299,Chlamydia,274.0,Indiana,2002.0,Unknown,30-34 years,30-34,7.0,,
20300,Chlamydia,274.0,Indiana,2002.0,Unknown,35-39 years,35-39,6.0,,
20301,Chlamydia,274.0,Indiana,2002.0,Unknown,40+ years,40+,2.0,,
20302,Chlamydia,274.0,Indiana,2002.0,Unknown,Unknown,99,5.0,,
20303,Chlamydia,274.0,Indiana,2003.0,Unknown,0-14 years,0-14,5.0,,
20304,Chlamydia,274.0,Indiana,2003.0,Unknown,15-19 years,15-19,57.0,,
20305,Chlamydia,274.0,Indiana,2003.0,Unknown,20-24 years,20-24,49.0,,
20306,Chlamydia,274.0,Indiana,2003.0,Unknown,25-29 years,25-29,26.0,,
20307,Chlamydia,274.0,Indiana,2003.0,Unknown,30-34 years,30-34,8.0,,
20308,Chlamydia,274.0,Indiana,2003.0,Unknown,35-39 years,35-39,3.0,,
20309,Chlamydia,274.0,Indiana,2003.0,Unknown,Unknown,99,6.0,,
20310,Chlamydia,274.0,Indiana,2004.0,Unknown,0-14 years,0-14,3.0,,
20311,Chlamydia,274.0,Indiana,2004.0,Unknown,15-19 years,15-19,56.0,,
20312,Chlamydia,274.0,Indiana,2004.0,Unknown,20-24 years,20-24,54.0,,
20313,Chlamydia,274.0,Indiana,2004.0,Unknown,25-29 years,25-29,12.0,,
20314,Chlamydia,274.0,Indiana,2004.0,Unknown,30-34 years,30-34,5.0,,
20315,Chlamydia,274.0,Indiana,2004.0,Unknown,35-39 years,35-39,5.0,,
20316,Chlamydia,274.0,Indiana,2004.0,Unknown,40+ years,40+,6.0,,
20317,Chlamydia,274.0,Indiana,2004.0,Unknown,Unknown,99,2.0,,
20318,Chlamydia,274.0,Indiana,2005.0,Unknown,15-19 years,15-19,35.0,,
20319,Chlamydia,274.0,Indiana,2005.0,Unknown,20-24 years,20-24,29.0,,
20320,Chlamydia,274.0,Indiana,2005.0,Unknown,25-29 years,25-29,20.0,,
20321,Chlamydia,274.0,Indiana,2005.0,Unknown,30-34 years,30-34,4.0,,
20322,Chlamydia,274.0,Indiana,2005.0,Unknown,35-39 years,35-39,2.0,,
20323,Chlamydia,274.0,Indiana,2005.0,Unknown,40+ years,40+,1.0,,
20324,Chlamydia,274.0,Indiana,2005.0,Unknown,Unknown,99,6.0,,
20325,Chlamydia,274.0,Indiana,2006.0,Unknown,0-14 years,0-14,1.0,,
20326,Chlamydia,274.0,Indiana,2006.0,Unknown,15-19 years,15-19,33.0,,
20327,Chlamydia,274.0,Indiana,2006.0,Unknown,20-24 years,20-24,36.0,,
20328,Chlamydia,274.0,Indiana,2006.0,Unknown,25-29 years,25-29,18.0,,
20329,Chlamydia,274.0,Indiana,2006.0,Unknown,30-34 years,30-34,4.0,,
20330,Chlamydia,274.0,Indiana,2006.0,Unknown,35-39 years,35-39,4.0,,
20331,Chlamydia,274.0,Indiana,2006.0,Unknown,40+ years,40+,4.0,,
20332,Chlamydia,274.0,Indiana,2006.0,Unknown,Unknown,99,3.0,,
20333,Chlamydia,274.0,Indiana,2007.0,Unknown,0-14 years,0-14,2.0,,
20334,Chlamydia,274.0,Indiana,2007.0,Unknown,15-19 years,15-19,38.0,,
20335,Chlamydia,274.0,Indiana,2007.0,Unknown,20-24 years,20-24,35.0,,
20336,Chlamydia,274.0,Indiana,2007.0,Unknown,25-29 years,25-29,17.0,,
20337,Chlamydia,274.0,Indiana,2007.0,Unknown,30-34 years,30-34,7.0,,
20338,Chlamydia,274.0,Indiana,2007.0,Unknown,35-39 years,35-39,3.0,,
20339,Chlamydia,274.0,Indiana,2007.0,Unknown,40+ years,40+,2.0,,
20340,Chlamydia,274.0,Indiana,2008.0,Unknown,15-19 years,15-19,38.0,,
20341,Chlamydia,274.0,Indiana,2008.0,Unknown,20-24 years,20-24,16.0,,
20342,Chlamydia,274.0,Indiana,2008.0,Unknown,25-29 years,25-29,6.0,,
20343,Chlamydia,274.0,Indiana,2008.0,Unknown,30-34 years,30-34,4.0,,
20344,Chlamydia,274.0,Indiana,2008.0,Unknown,35-39 years,35-39,1.0,,
20345,Chlamydia,274.0,Indiana,2008.0,Unknown,40+ years,40+,1.0,,
20346,Chlamydia,274.0,Indiana,2008.0,Unknown,Unknown,99,3.0,,
20347,Chlamydia,274.0,Indiana,2009.0,Unknown,0-14 years,0-14,4.0,,
20348,Chlamydia,274.0,Indiana,2009.0,Unknown,15-19 years,15-19,28.0,,
20349,Chlamydia,274.0,Indiana,2009.0,Unknown,20-24 years,20-24,29.0,,
20350,Chlamydia,274.0,Indiana,2009.0,Unknown,25-29 years,25-29,11.0,,
20351,Chlamydia,274.0,Indiana,2009.0,Unknown,30-34 years,30-34,4.0,,
20352,Chlamydia,274.0,Indiana,2009.0,Unknown,35-39 years,35-39,2.0,,
20353,Chlamydia,274.0,Indiana,2009.0,Unknown,Unknown,99,2.0,,
20354,Chlamydia,274.0,Indiana,2010.0,Unknown,0-14 years,0-14,8.0,,
20355,Chlamydia,274.0,Indiana,2010.0,Unknown,15-19 years,15-19,9.0,,
20356,Chlamydia,274.0,Indiana,2010.0,Unknown,20-24 years,20-24,7.0,,
20357,Chlamydia,274.0,Indiana,2010.0,Unknown,25-29 years,25-29,2.0,,
20358,Chlamydia,274.0,Indiana,2010.0,Unknown,30-34 years,30-34,1.0,,
20359,Chlamydia,274.0,Indiana,2010.0,Unknown,35-39 years,35-39,2.0,,
20360,Chlamydia,274.0,Indiana,2010.0,Unknown,40+ years,40+,1.0,,
20361,Chlamydia,274.0,Indiana,2011.0,Unknown,0-14 years,0-14,1.0,,
20362,Chlamydia,274.0,Indiana,2011.0,Unknown,15-19 years,15-19,23.0,,
20363,Chlamydia,274.0,Indiana,2011.0,Unknown,20-24 years,20-24,8.0,,
20364,Chlamydia,274.0,Indiana,2011.0,Unknown,25-29 years,25-29,9.0,,
20365,Chlamydia,274.0,Indiana,2011.0,Unknown,30-34 years,30-34,5.0,,
20366,Chlamydia,274.0,Indiana,2011.0,Unknown,35-39 years,35-39,3.0,,
20367,Chlamydia,274.0,Indiana,2011.0,Unknown,40+ years,40+,6.0,,
20368,Chlamydia,274.0,Indiana,2012.0,Unknown,0-14 years,0-14,1.0,,
20369,Chlamydia,274.0,Indiana,2012.0,Unknown,15-19 years,15-19,7.0,,
20370,Chlamydia,274.0,Indiana,2012.0,Unknown,20-24 years,20-24,10.0,,
20371,Chlamydia,274.0,Indiana,2012.0,Unknown,25-29 years,25-29,2.0,,
20372,Chlamydia,274.0,Indiana,2012.0,Unknown,30-34 years,30-34,1.0,,
20373,Chlamydia,274.0,Indiana,2012.0,Unknown,35-39 years,35-39,1.0,,
20374,Chlamydia,274.0,Indiana,2013.0,Unknown,15-19 years,15-19,1.0,,
20375,Chlamydia,274.0,Indiana,2013.0,Unknown,20-24 years,20-24,5.0,,
20376,Chlamydia,274.0,Indiana,2013.0,Unknown,25-29 years,25-29,1.0,,
20377,Chlamydia,274.0,Indiana,2013.0,Unknown,30-34 years,30-34,1.0,,
20378,Chlamydia,274.0,Indiana,2014.0,Unknown,15-19 years,15-19,4.0,,
20379,Chlamydia,274.0,Indiana,2014.0,Unknown,20-24 years,20-24,7.0,,
20380,Chlamydia,274.0,Indiana,2014.0,Unknown,30-34 years,30-34,1.0,,
20381,Chlamydia,274.0,Iowa,1999.0,Unknown,20-24 years,20-24,1.0,,
20382,Chlamydia,274.0,Iowa,2000.0,Unknown,15-19 years,15-19,1.0,,
20383,Chlamydia,274.0,Iowa,2000.0,Unknown,Unknown,99,1.0,,
20384,Chlamydia,274.0,Iowa,2001.0,Unknown,15-19 years,15-19,1.0,,
20385,Chlamydia,274.0,Iowa,2001.0,Unknown,30-34 years,30-34,1.0,,
20386,Chlamydia,274.0,Iowa,2001.0,Unknown,35-39 years,35-39,1.0,,
20387,Chlamydia,274.0,Iowa,2002.0,Unknown,15-19 years,15-19,5.0,,
20388,Chlamydia,274.0,Iowa,2002.0,Unknown,20-24 years,20-24,3.0,,
20389,Chlamydia,274.0,Iowa,2002.0,Unknown,25-29 years,25-29,1.0,,
20390,Chlamydia,274.0,Iowa,2002.0,Unknown,35-39 years,35-39,1.0,,
20391,Chlamydia,274.0,Iowa,2003.0,Unknown,15-19 years,15-19,7.0,,
20392,Chlamydia,274.0,Iowa,2003.0,Unknown,20-24 years,20-24,4.0,,
20393,Chlamydia,274.0,Iowa,2003.0,Unknown,25-29 years,25-29,2.0,,
20394,Chlamydia,274.0,Iowa,2003.0,Unknown,40+ years,40+,1.0,,
20395,Chlamydia,274.0,Iowa,2003.0,Unknown,Unknown,99,1.0,,
20396,Chlamydia,274.0,Iowa,2004.0,Unknown,15-19 years,15-19,3.0,,
20397,Chlamydia,274.0,Iowa,2004.0,Unknown,20-24 years,20-24,1.0,,
20398,Chlamydia,274.0,Iowa,2004.0,Unknown,25-29 years,25-29,1.0,,
20399,Chlamydia,274.0,Kentucky,2000.0,Unknown,0-14 years,0-14,1.0,,
20400,Chlamydia,274.0,Kentucky,2000.0,Unknown,15-19 years,15-19,44.0,,
20401,Chlamydia,274.0,Kentucky,2000.0,Unknown,20-24 years,20-24,17.0,,
20402,Chlamydia,274.0,Kentucky,2000.0,Unknown,25-29 years,25-29,2.0,,
20403,Chlamydia,274.0,Kentucky,2000.0,Unknown,35-39 years,35-39,1.0,,
20404,Chlamydia,274.0,Kentucky,2000.0,Unknown,40+ years,40+,18.0,,
20405,Chlamydia,274.0,Kentucky,2000.0,Unknown,Unknown,99,1.0,,
20406,Chlamydia,274.0,Kentucky,2001.0,Unknown,15-19 years,15-19,9.0,,
20407,Chlamydia,274.0,Kentucky,2001.0,Unknown,20-24 years,20-24,4.0,,
20408,Chlamydia,274.0,Kentucky,2001.0,Unknown,25-29 years,25-29,1.0,,
20409,Chlamydia,274.0,Kentucky,2001.0,Unknown,35-39 years,35-39,1.0,,
20410,Chlamydia,274.0,Kentucky,2001.0,Unknown,40+ years,40+,6.0,,
20411,Chlamydia,274.0,Kentucky,2002.0,Unknown,0-14 years,0-14,1.0,,
20412,Chlamydia,274.0,Kentucky,2002.0,Unknown,15-19 years,15-19,3.0,,
20413,Chlamydia,274.0,Kentucky,2002.0,Unknown,20-24 years,20-24,1.0,,
20414,Chlamydia,274.0,Kentucky,2002.0,Unknown,25-29 years,25-29,1.0,,
20415,Chlamydia,274.0,Kentucky,2002.0,Unknown,Unknown,99,1.0,,
20416,Chlamydia,274.0,Kentucky,2003.0,Unknown,15-19 years,15-19,7.0,,
20417,Chlamydia,274.0,Kentucky,2003.0,Unknown,20-24 years,20-24,6.0,,
20418,Chlamydia,274.0,Kentucky,2003.0,Unknown,25-29 years,25-29,1.0,,
20419,Chlamydia,274.0,Kentucky,2003.0,Unknown,30-34 years,30-34,1.0,,
20420,Chlamydia,274.0,Kentucky,2004.0,Unknown,15-19 years,15-19,4.0,,
20421,Chlamydia,274.0,Kentucky,2004.0,Unknown,20-24 years,20-24,4.0,,
20422,Chlamydia,274.0,Kentucky,2004.0,Unknown,Unknown,99,2.0,,
20423,Chlamydia,274.0,Kentucky,2005.0,Unknown,0-14 years,0-14,1.0,,
20424,Chlamydia,274.0,Kentucky,2005.0,Unknown,15-19 years,15-19,10.0,,
20425,Chlamydia,274.0,Kentucky,2005.0,Unknown,20-24 years,20-24,8.0,,
20426,Chlamydia,274.0,Kentucky,2005.0,Unknown,25-29 years,25-29,2.0,,
20427,Chlamydia,274.0,Kentucky,2005.0,Unknown,30-34 years,30-34,1.0,,
20428,Chlamydia,274.0,Kentucky,2005.0,Unknown,40+ years,40+,1.0,,
20429,Chlamydia,274.0,Kentucky,2005.0,Unknown,Unknown,99,2.0,,
20430,Chlamydia,274.0,Kentucky,2006.0,Unknown,0-14 years,0-14,1.0,,
20431,Chlamydia,274.0,Kentucky,2006.0,Unknown,15-19 years,15-19,10.0,,
20432,Chlamydia,274.0,Kentucky,2006.0,Unknown,20-24 years,20-24,7.0,,
20433,Chlamydia,274.0,Kentucky,2006.0,Unknown,25-29 years,25-29,1.0,,
20434,Chlamydia,274.0,Kentucky,2006.0,Unknown,30-34 years,30-34,2.0,,
20435,Chlamydia,274.0,Kentucky,2006.0,Unknown,35-39 years,35-39,1.0,,
20436,Chlamydia,274.0,Kentucky,2006.0,Unknown,Unknown,99,2.0,,
20437,Chlamydia,274.0,Kentucky,2007.0,Unknown,15-19 years,15-19,3.0,,
20438,Chlamydia,274.0,Kentucky,2007.0,Unknown,20-24 years,20-24,3.0,,
20439,Chlamydia,274.0,Kentucky,2007.0,Unknown,25-29 years,25-29,2.0,,
20440,Chlamydia,274.0,Kentucky,2007.0,Unknown,30-34 years,30-34,1.0,,
20441,Chlamydia,274.0,Kentucky,2008.0,Unknown,15-19 years,15-19,5.0,,
20442,Chlamydia,274.0,Kentucky,2008.0,Unknown,20-24 years,20-24,10.0,,
20443,Chlamydia,274.0,Kentucky,2008.0,Unknown,25-29 years,25-29,4.0,,
20444,Chlamydia,274.0,Kentucky,2008.0,Unknown,35-39 years,35-39,2.0,,
20445,Chlamydia,274.0,Kentucky,2008.0,Unknown,40+ years,40+,2.0,,
20446,Chlamydia,274.0,Kentucky,2008.0,Unknown,Unknown,99,10.0,,
20447,Chlamydia,274.0,Kentucky,2009.0,Unknown,15-19 years,15-19,15.0,,
20448,Chlamydia,274.0,Kentucky,2009.0,Unknown,20-24 years,20-24,7.0,,
20449,Chlamydia,274.0,Kentucky,2009.0,Unknown,25-29 years,25-29,1.0,,
20450,Chlamydia,274.0,Kentucky,2009.0,Unknown,Unknown,99,2.0,,
20451,Chlamydia,274.0,Kentucky,2010.0,Unknown,0-14 years,0-14,1.0,,
20452,Chlamydia,274.0,Kentucky,2010.0,Unknown,15-19 years,15-19,10.0,,
20453,Chlamydia,274.0,Kentucky,2010.0,Unknown,20-24 years,20-24,9.0,,
20454,Chlamydia,274.0,Kentucky,2010.0,Unknown,25-29 years,25-29,4.0,,
20455,Chlamydia,274.0,Kentucky,2010.0,Unknown,30-34 years,30-34,1.0,,
20456,Chlamydia,274.0,Kentucky,2010.0,Unknown,40+ years,40+,1.0,,
20457,Chlamydia,274.0,Kentucky,2010.0,Unknown,Unknown,99,3.0,,
20458,Chlamydia,274.0,Kentucky,2011.0,Unknown,0-14 years,0-14,5.0,,
20459,Chlamydia,274.0,Kentucky,2011.0,Unknown,15-19 years,15-19,32.0,,
20460,Chlamydia,274.0,Kentucky,2011.0,Unknown,20-24 years,20-24,10.0,,
20461,Chlamydia,274.0,Kentucky,2011.0,Unknown,25-29 years,25-29,3.0,,
20462,Chlamydia,274.0,Kentucky,2011.0,Unknown,30-34 years,30-34,1.0,,
20463,Chlamydia,274.0,Kentucky,2011.0,Unknown,35-39 years,35-39,3.0,,
20464,Chlamydia,274.0,Kentucky,2011.0,Unknown,40+ years,40+,1.0,,
20465,Chlamydia,274.0,Kentucky,2011.0,Unknown,Unknown,99,7.0,,
20466,Chlamydia,274.0,Kentucky,2012.0,Unknown,0-14 years,0-14,5.0,,
20467,Chlamydia,274.0,Kentucky,2012.0,Unknown,15-19 years,15-19,11.0,,
20468,Chlamydia,274.0,Kentucky,2012.0,Unknown,20-24 years,20-24,14.0,,
20469,Chlamydia,274.0,Kentucky,2012.0,Unknown,25-29 years,25-29,4.0,,
20470,Chlamydia,274.0,Kentucky,2012.0,Unknown,30-34 years,30-34,3.0,,
20471,Chlamydia,274.0,Kentucky,2012.0,Unknown,35-39 years,35-39,2.0,,
20472,Chlamydia,274.0,Kentucky,2012.0,Unknown,40+ years,40+,3.0,,
20473,Chlamydia,274.0,Kentucky,2012.0,Unknown,Unknown,99,14.0,,
20474,Chlamydia,274.0,Kentucky,2013.0,Unknown,0-14 years,0-14,3.0,,
20475,Chlamydia,274.0,Kentucky,2013.0,Unknown,15-19 years,15-19,12.0,,
20476,Chlamydia,274.0,Kentucky,2013.0,Unknown,20-24 years,20-24,19.0,,
20477,Chlamydia,274.0,Kentucky,2013.0,Unknown,25-29 years,25-29,9.0,,
20478,Chlamydia,274.0,Kentucky,2013.0,Unknown,30-34 years,30-34,4.0,,
20479,Chlamydia,274.0,Kentucky,2013.0,Unknown,35-39 years,35-39,1.0,,
20480,Chlamydia,274.0,Kentucky,2013.0,Unknown,40+ years,40+,1.0,,
20481,Chlamydia,274.0,Kentucky,2013.0,Unknown,Unknown,99,10.0,,
20482,Chlamydia,274.0,Kentucky,2014.0,Unknown,0-14 years,0-14,4.0,,
20483,Chlamydia,274.0,Kentucky,2014.0,Unknown,15-19 years,15-19,14.0,,
20484,Chlamydia,274.0,Kentucky,2014.0,Unknown,20-24 years,20-24,19.0,,
20485,Chlamydia,274.0,Kentucky,2014.0,Unknown,25-29 years,25-29,9.0,,
20486,Chlamydia,274.0,Kentucky,2014.0,Unknown,30-34 years,30-34,2.0,,
20487,Chlamydia,274.0,Kentucky,2014.0,Unknown,35-39 years,35-39,2.0,,
20488,Chlamydia,274.0,Kentucky,2014.0,Unknown,40+ years,40+,2.0,,
20489,Chlamydia,274.0,Kentucky,2014.0,Unknown,Unknown,99,14.0,,
20490,Chlamydia,274.0,Louisiana,2002.0,Unknown,0-14 years,0-14,7.0,,
20491,Chlamydia,274.0,Louisiana,2002.0,Unknown,15-19 years,15-19,79.0,,
20492,Chlamydia,274.0,Louisiana,2002.0,Unknown,20-24 years,20-24,25.0,,
20493,Chlamydia,274.0,Louisiana,2002.0,Unknown,25-29 years,25-29,7.0,,
20494,Chlamydia,274.0,Louisiana,2002.0,Unknown,30-34 years,30-34,1.0,,
20495,Chlamydia,274.0,Louisiana,2002.0,Unknown,35-39 years,35-39,1.0,,
20496,Chlamydia,274.0,Louisiana,2002.0,Unknown,40+ years,40+,1.0,,
20497,Chlamydia,274.0,Louisiana,2002.0,Unknown,Unknown,99,38.0,,
20498,Chlamydia,274.0,Louisiana,2003.0,Unknown,0-14 years,0-14,5.0,,
20499,Chlamydia,274.0,Louisiana,2003.0,Unknown,15-19 years,15-19,42.0,,
20500,Chlamydia,274.0,Louisiana,2003.0,Unknown,20-24 years,20-24,35.0,,
20501,Chlamydia,274.0,Louisiana,2003.0,Unknown,25-29 years,25-29,8.0,,
20502,Chlamydia,274.0,Louisiana,2003.0,Unknown,30-34 years,30-34,2.0,,
20503,Chlamydia,274.0,Louisiana,2003.0,Unknown,35-39 years,35-39,2.0,,
20504,Chlamydia,274.0,Louisiana,2003.0,Unknown,40+ years,40+,2.0,,
20505,Chlamydia,274.0,Louisiana,2003.0,Unknown,Unknown,99,20.0,,
20506,Chlamydia,274.0,Louisiana,2004.0,Unknown,0-14 years,0-14,8.0,,
20507,Chlamydia,274.0,Louisiana,2004.0,Unknown,15-19 years,15-19,129.0,,
20508,Chlamydia,274.0,Louisiana,2004.0,Unknown,20-24 years,20-24,80.0,,
20509,Chlamydia,274.0,Louisiana,2004.0,Unknown,25-29 years,25-29,27.0,,
20510,Chlamydia,274.0,Louisiana,2004.0,Unknown,30-34 years,30-34,7.0,,
20511,Chlamydia,274.0,Louisiana,2004.0,Unknown,35-39 years,35-39,5.0,,
20512,Chlamydia,274.0,Louisiana,2004.0,Unknown,40+ years,40+,2.0,,
20513,Chlamydia,274.0,Louisiana,2004.0,Unknown,Unknown,99,14.0,,
20514,Chlamydia,274.0,Louisiana,2005.0,Unknown,0-14 years,0-14,13.0,,
20515,Chlamydia,274.0,Louisiana,2005.0,Unknown,15-19 years,15-19,95.0,,
20516,Chlamydia,274.0,Louisiana,2005.0,Unknown,20-24 years,20-24,92.0,,
20517,Chlamydia,274.0,Louisiana,2005.0,Unknown,25-29 years,25-29,17.0,,
20518,Chlamydia,274.0,Louisiana,2005.0,Unknown,30-34 years,30-34,9.0,,
20519,Chlamydia,274.0,Louisiana,2005.0,Unknown,35-39 years,35-39,4.0,,
20520,Chlamydia,274.0,Louisiana,2005.0,Unknown,40+ years,40+,4.0,,
20521,Chlamydia,274.0,Louisiana,2005.0,Unknown,Unknown,99,15.0,,
20522,Chlamydia,274.0,Louisiana,2006.0,Unknown,0-14 years,0-14,3.0,,
20523,Chlamydia,274.0,Louisiana,2006.0,Unknown,15-19 years,15-19,96.0,,
20524,Chlamydia,274.0,Louisiana,2006.0,Unknown,20-24 years,20-24,82.0,,
20525,Chlamydia,274.0,Louisiana,2006.0,Unknown,25-29 years,25-29,17.0,,
20526,Chlamydia,274.0,Louisiana,2006.0,Unknown,30-34 years,30-34,5.0,,
20527,Chlamydia,274.0,Louisiana,2006.0,Unknown,40+ years,40+,5.0,,
20528,Chlamydia,274.0,Louisiana,2006.0,Unknown,Unknown,99,15.0,,
20529,Chlamydia,274.0,Louisiana,2007.0,Unknown,0-14 years,0-14,2.0,,
20530,Chlamydia,274.0,Louisiana,2007.0,Unknown,15-19 years,15-19,110.0,,
20531,Chlamydia,274.0,Louisiana,2007.0,Unknown,20-24 years,20-24,103.0,,
20532,Chlamydia,274.0,Louisiana,2007.0,Unknown,25-29 years,25-29,19.0,,
20533,Chlamydia,274.0,Louisiana,2007.0,Unknown,30-34 years,30-34,9.0,,
20534,Chlamydia,274.0,Louisiana,2007.0,Unknown,35-39 years,35-39,7.0,,
20535,Chlamydia,274.0,Louisiana,2007.0,Unknown,40+ years,40+,6.0,,
20536,Chlamydia,274.0,Louisiana,2007.0,Unknown,Unknown,99,14.0,,
20537,Chlamydia,274.0,Louisiana,2008.0,Unknown,0-14 years,0-14,6.0,,
20538,Chlamydia,274.0,Louisiana,2008.0,Unknown,15-19 years,15-19,55.0,,
20539,Chlamydia,274.0,Louisiana,2008.0,Unknown,20-24 years,20-24,77.0,,
20540,Chlamydia,274.0,Louisiana,2008.0,Unknown,25-29 years,25-29,15.0,,
20541,Chlamydia,274.0,Louisiana,2008.0,Unknown,30-34 years,30-34,8.0,,
20542,Chlamydia,274.0,Louisiana,2008.0,Unknown,35-39 years,35-39,3.0,,
20543,Chlamydia,274.0,Louisiana,2008.0,Unknown,40+ years,40+,3.0,,
20544,Chlamydia,274.0,Louisiana,2008.0,Unknown,Unknown,99,6.0,,
20545,Chlamydia,274.0,Louisiana,2009.0,Unknown,0-14 years,0-14,2.0,,
20546,Chlamydia,274.0,Louisiana,2009.0,Unknown,15-19 years,15-19,22.0,,
20547,Chlamydia,274.0,Louisiana,2009.0,Unknown,20-24 years,20-24,20.0,,
20548,Chlamydia,274.0,Louisiana,2009.0,Unknown,25-29 years,25-29,12.0,,
20549,Chlamydia,274.0,Louisiana,2009.0,Unknown,30-34 years,30-34,6.0,,
20550,Chlamydia,274.0,Louisiana,2009.0,Unknown,35-39 years,35-39,2.0,,
20551,Chlamydia,274.0,Louisiana,2009.0,Unknown,40+ years,40+,1.0,,
20552,Chlamydia,274.0,Louisiana,2009.0,Unknown,Unknown,99,3.0,,
20553,Chlamydia,274.0,Louisiana,2010.0,Unknown,0-14 years,0-14,53.0,,
20554,Chlamydia,274.0,Louisiana,2010.0,Unknown,15-19 years,15-19,830.0,,
20555,Chlamydia,274.0,Louisiana,2010.0,Unknown,20-24 years,20-24,607.0,,
20556,Chlamydia,274.0,Louisiana,2010.0,Unknown,25-29 years,25-29,204.0,,
20557,Chlamydia,274.0,Louisiana,2010.0,Unknown,30-34 years,30-34,83.0,,
20558,Chlamydia,274.0,Louisiana,2010.0,Unknown,35-39 years,35-39,26.0,,
20559,Chlamydia,274.0,Louisiana,2010.0,Unknown,40+ years,40+,44.0,,
20560,Chlamydia,274.0,Louisiana,2010.0,Unknown,Unknown,99,82.0,,
20561,Chlamydia,274.0,Louisiana,2011.0,Unknown,0-14 years,0-14,20.0,,
20562,Chlamydia,274.0,Louisiana,2011.0,Unknown,15-19 years,15-19,290.0,,
20563,Chlamydia,274.0,Louisiana,2011.0,Unknown,20-24 years,20-24,212.0,,
20564,Chlamydia,274.0,Louisiana,2011.0,Unknown,25-29 years,25-29,64.0,,
20565,Chlamydia,274.0,Louisiana,2011.0,Unknown,30-34 years,30-34,31.0,,
20566,Chlamydia,274.0,Louisiana,2011.0,Unknown,35-39 years,35-39,13.0,,
20567,Chlamydia,274.0,Louisiana,2011.0,Unknown,40+ years,40+,16.0,,
20568,Chlamydia,274.0,Louisiana,2011.0,Unknown,Unknown,99,10.0,,
20569,Chlamydia,274.0,Louisiana,2014.0,Unknown,15-19 years,15-19,1.0,,
20570,Chlamydia,274.0,Louisiana,2014.0,Unknown,20-24 years,20-24,1.0,,
20571,Chlamydia,274.0,Louisiana,2014.0,Unknown,40+ years,40+,1.0,,
20572,Chlamydia,274.0,Maine,2001.0,Unknown,25-29 years,25-29,1.0,,
20573,Chlamydia,274.0,Maine,2003.0,Unknown,15-19 years,15-19,1.0,,
20574,Chlamydia,274.0,Maine,2005.0,Unknown,15-19 years,15-19,2.0,,
20575,Chlamydia,274.0,Maine,2005.0,Unknown,20-24 years,20-24,2.0,,
20576,Chlamydia,274.0,Maine,2007.0,Unknown,25-29 years,25-29,2.0,,
20577,Chlamydia,274.0,Maine,2010.0,Unknown,15-19 years,15-19,2.0,,
20578,Chlamydia,274.0,Maine,2010.0,Unknown,30-34 years,30-34,1.0,,
20579,Chlamydia,274.0,Maine,2010.0,Unknown,35-39 years,35-39,1.0,,
20580,Chlamydia,274.0,Maine,2011.0,Unknown,15-19 years,15-19,1.0,,
20581,Chlamydia,274.0,Maine,2012.0,Unknown,20-24 years,20-24,2.0,,
20582,Chlamydia,274.0,Maine,2012.0,Unknown,35-39 years,35-39,1.0,,
20583,Chlamydia,274.0,Maine,2013.0,Unknown,15-19 years,15-19,1.0,,
20584,Chlamydia,274.0,Maine,2013.0,Unknown,30-34 years,30-34,1.0,,
20585,Chlamydia,274.0,Maine,2013.0,Unknown,40+ years,40+,1.0,,
20586,Chlamydia,274.0,Maine,2014.0,Unknown,15-19 years,15-19,1.0,,
20587,Chlamydia,274.0,Maine,2014.0,Unknown,25-29 years,25-29,1.0,,
20588,Chlamydia,274.0,Maryland,2000.0,Unknown,0-14 years,0-14,2.0,,
20589,Chlamydia,274.0,Maryland,2000.0,Unknown,15-19 years,15-19,18.0,,
20590,Chlamydia,274.0,Maryland,2000.0,Unknown,20-24 years,20-24,28.0,,
20591,Chlamydia,274.0,Maryland,2000.0,Unknown,25-29 years,25-29,4.0,,
20592,Chlamydia,274.0,Maryland,2000.0,Unknown,30-34 years,30-34,3.0,,
20593,Chlamydia,274.0,Maryland,2002.0,Unknown,0-14 years,0-14,1.0,,
20594,Chlamydia,274.0,Maryland,2002.0,Unknown,15-19 years,15-19,4.0,,
20595,Chlamydia,274.0,Maryland,2002.0,Unknown,20-24 years,20-24,3.0,,
20596,Chlamydia,274.0,Maryland,2002.0,Unknown,25-29 years,25-29,1.0,,
20597,Chlamydia,274.0,Maryland,2002.0,Unknown,Unknown,99,2.0,,
20598,Chlamydia,274.0,Maryland,2003.0,Unknown,15-19 years,15-19,6.0,,
20599,Chlamydia,274.0,Maryland,2003.0,Unknown,20-24 years,20-24,4.0,,
20600,Chlamydia,274.0,Maryland,2003.0,Unknown,25-29 years,25-29,3.0,,
20601,Chlamydia,274.0,Maryland,2003.0,Unknown,40+ years,40+,1.0,,
20602,Chlamydia,274.0,Maryland,2003.0,Unknown,Unknown,99,3.0,,
20603,Chlamydia,274.0,Maryland,2004.0,Unknown,20-24 years,20-24,2.0,,
20604,Chlamydia,274.0,Maryland,2004.0,Unknown,35-39 years,35-39,1.0,,
20605,Chlamydia,274.0,Maryland,2005.0,Unknown,0-14 years,0-14,2.0,,
20606,Chlamydia,274.0,Maryland,2005.0,Unknown,15-19 years,15-19,2.0,,
20607,Chlamydia,274.0,Maryland,2005.0,Unknown,20-24 years,20-24,2.0,,
20608,Chlamydia,274.0,Maryland,2005.0,Unknown,25-29 years,25-29,1.0,,
20609,Chlamydia,274.0,Maryland,2005.0,Unknown,30-34 years,30-34,2.0,,
20610,Chlamydia,274.0,Maryland,2005.0,Unknown,Unknown,99,2.0,,
20611,Chlamydia,274.0,Maryland,2006.0,Unknown,0-14 years,0-14,3.0,,
20612,Chlamydia,274.0,Maryland,2006.0,Unknown,15-19 years,15-19,31.0,,
20613,Chlamydia,274.0,Maryland,2006.0,Unknown,20-24 years,20-24,17.0,,
20614,Chlamydia,274.0,Maryland,2006.0,Unknown,25-29 years,25-29,13.0,,
20615,Chlamydia,274.0,Maryland,2006.0,Unknown,30-34 years,30-34,3.0,,
20616,Chlamydia,274.0,Maryland,2006.0,Unknown,35-39 years,35-39,1.0,,
20617,Chlamydia,274.0,Maryland,2006.0,Unknown,40+ years,40+,5.0,,
20618,Chlamydia,274.0,Maryland,2006.0,Unknown,Unknown,99,8.0,,
20619,Chlamydia,274.0,Maryland,2007.0,Unknown,15-19 years,15-19,7.0,,
20620,Chlamydia,274.0,Maryland,2007.0,Unknown,20-24 years,20-24,3.0,,
20621,Chlamydia,274.0,Maryland,2007.0,Unknown,35-39 years,35-39,1.0,,
20622,Chlamydia,274.0,Maryland,2007.0,Unknown,Unknown,99,2.0,,
20623,Chlamydia,274.0,Maryland,2008.0,Unknown,0-14 years,0-14,1.0,,
20624,Chlamydia,274.0,Maryland,2008.0,Unknown,15-19 years,15-19,10.0,,
20625,Chlamydia,274.0,Maryland,2008.0,Unknown,20-24 years,20-24,4.0,,
20626,Chlamydia,274.0,Maryland,2008.0,Unknown,25-29 years,25-29,4.0,,
20627,Chlamydia,274.0,Maryland,2008.0,Unknown,35-39 years,35-39,1.0,,
20628,Chlamydia,274.0,Maryland,2008.0,Unknown,Unknown,99,5.0,,
20629,Chlamydia,274.0,Maryland,2009.0,Unknown,0-14 years,0-14,1.0,,
20630,Chlamydia,274.0,Maryland,2009.0,Unknown,15-19 years,15-19,26.0,,
20631,Chlamydia,274.0,Maryland,2009.0,Unknown,20-24 years,20-24,30.0,,
20632,Chlamydia,274.0,Maryland,2009.0,Unknown,25-29 years,25-29,6.0,,
20633,Chlamydia,274.0,Maryland,2009.0,Unknown,30-34 years,30-34,5.0,,
20634,Chlamydia,274.0,Maryland,2009.0,Unknown,35-39 years,35-39,2.0,,
20635,Chlamydia,274.0,Maryland,2009.0,Unknown,40+ years,40+,2.0,,
20636,Chlamydia,274.0,Maryland,2009.0,Unknown,Unknown,99,8.0,,
20637,Chlamydia,274.0,Maryland,2010.0,Unknown,0-14 years,0-14,2.0,,
20638,Chlamydia,274.0,Maryland,2010.0,Unknown,15-19 years,15-19,12.0,,
20639,Chlamydia,274.0,Maryland,2010.0,Unknown,20-24 years,20-24,8.0,,
20640,Chlamydia,274.0,Maryland,2010.0,Unknown,25-29 years,25-29,2.0,,
20641,Chlamydia,274.0,Maryland,2010.0,Unknown,30-34 years,30-34,1.0,,
20642,Chlamydia,274.0,Maryland,2010.0,Unknown,35-39 years,35-39,1.0,,
20643,Chlamydia,274.0,Maryland,2010.0,Unknown,Unknown,99,3.0,,
20644,Chlamydia,274.0,Maryland,2011.0,Unknown,0-14 years,0-14,1.0,,
20645,Chlamydia,274.0,Maryland,2011.0,Unknown,15-19 years,15-19,5.0,,
20646,Chlamydia,274.0,Maryland,2011.0,Unknown,20-24 years,20-24,1.0,,
20647,Chlamydia,274.0,Maryland,2011.0,Unknown,25-29 years,25-29,2.0,,
20648,Chlamydia,274.0,Maryland,2011.0,Unknown,Unknown,99,2.0,,
20649,Chlamydia,274.0,Maryland,2012.0,Unknown,15-19 years,15-19,16.0,,
20650,Chlamydia,274.0,Maryland,2012.0,Unknown,20-24 years,20-24,14.0,,
20651,Chlamydia,274.0,Maryland,2012.0,Unknown,25-29 years,25-29,7.0,,
20652,Chlamydia,274.0,Maryland,2012.0,Unknown,30-34 years,30-34,5.0,,
20653,Chlamydia,274.0,Maryland,2012.0,Unknown,35-39 years,35-39,1.0,,
20654,Chlamydia,274.0,Maryland,2012.0,Unknown,40+ years,40+,3.0,,
20655,Chlamydia,274.0,Maryland,2013.0,Unknown,15-19 years,15-19,10.0,,
20656,Chlamydia,274.0,Maryland,2013.0,Unknown,20-24 years,20-24,3.0,,
20657,Chlamydia,274.0,Maryland,2013.0,Unknown,25-29 years,25-29,2.0,,
20658,Chlamydia,274.0,Maryland,2013.0,Unknown,40+ years,40+,1.0,,
20659,Chlamydia,274.0,Maryland,2013.0,Unknown,Unknown,99,4.0,,
20660,Chlamydia,274.0,Maryland,2014.0,Unknown,15-19 years,15-19,4.0,,
20661,Chlamydia,274.0,Maryland,2014.0,Unknown,20-24 years,20-24,13.0,,
20662,Chlamydia,274.0,Maryland,2014.0,Unknown,25-29 years,25-29,3.0,,
20663,Chlamydia,274.0,Maryland,2014.0,Unknown,30-34 years,30-34,1.0,,
20664,Chlamydia,274.0,Maryland,2014.0,Unknown,40+ years,40+,1.0,,
20665,Chlamydia,274.0,Maryland,2014.0,Unknown,Unknown,99,3.0,,
20666,Chlamydia,274.0,Massachusetts,2001.0,Unknown,20-24 years,20-24,2.0,,
20667,Chlamydia,274.0,Massachusetts,2001.0,Unknown,30-34 years,30-34,1.0,,
20668,Chlamydia,274.0,Massachusetts,2002.0,Unknown,15-19 years,15-19,2.0,,
20669,Chlamydia,274.0,Massachusetts,2002.0,Unknown,20-24 years,20-24,2.0,,
20670,Chlamydia,274.0,Massachusetts,2002.0,Unknown,25-29 years,25-29,4.0,,
20671,Chlamydia,274.0,Massachusetts,2002.0,Unknown,35-39 years,35-39,2.0,,
20672,Chlamydia,274.0,Massachusetts,2002.0,Unknown,Unknown,99,3.0,,
20673,Chlamydia,274.0,Massachusetts,2003.0,Unknown,0-14 years,0-14,2.0,,
20674,Chlamydia,274.0,Massachusetts,2003.0,Unknown,15-19 years,15-19,6.0,,
20675,Chlamydia,274.0,Massachusetts,2003.0,Unknown,20-24 years,20-24,7.0,,
20676,Chlamydia,274.0,Massachusetts,2003.0,Unknown,25-29 years,25-29,4.0,,
20677,Chlamydia,274.0,Massachusetts,2003.0,Unknown,30-34 years,30-34,3.0,,
20678,Chlamydia,274.0,Massachusetts,2003.0,Unknown,35-39 years,35-39,1.0,,
20679,Chlamydia,274.0,Massachusetts,2003.0,Unknown,Unknown,99,1.0,,
20680,Chlamydia,274.0,Massachusetts,2004.0,Unknown,15-19 years,15-19,3.0,,
20681,Chlamydia,274.0,Massachusetts,2004.0,Unknown,20-24 years,20-24,4.0,,
20682,Chlamydia,274.0,Massachusetts,2004.0,Unknown,25-29 years,25-29,1.0,,
20683,Chlamydia,274.0,Massachusetts,2004.0,Unknown,30-34 years,30-34,4.0,,
20684,Chlamydia,274.0,Massachusetts,2005.0,Unknown,15-19 years,15-19,8.0,,
20685,Chlamydia,274.0,Massachusetts,2005.0,Unknown,20-24 years,20-24,2.0,,
20686,Chlamydia,274.0,Massachusetts,2005.0,Unknown,25-29 years,25-29,1.0,,
20687,Chlamydia,274.0,Massachusetts,2005.0,Unknown,30-34 years,30-34,2.0,,
20688,Chlamydia,274.0,Massachusetts,2005.0,Unknown,Unknown,99,2.0,,
20689,Chlamydia,274.0,Massachusetts,2006.0,Unknown,0-14 years,0-14,2.0,,
20690,Chlamydia,274.0,Massachusetts,2006.0,Unknown,15-19 years,15-19,1.0,,
20691,Chlamydia,274.0,Massachusetts,2006.0,Unknown,20-24 years,20-24,12.0,,
20692,Chlamydia,274.0,Massachusetts,2006.0,Unknown,25-29 years,25-29,3.0,,
20693,Chlamydia,274.0,Massachusetts,2006.0,Unknown,30-34 years,30-34,2.0,,
20694,Chlamydia,274.0,Massachusetts,2006.0,Unknown,35-39 years,35-39,1.0,,
20695,Chlamydia,274.0,Massachusetts,2006.0,Unknown,40+ years,40+,3.0,,
20696,Chlamydia,274.0,Massachusetts,2006.0,Unknown,Unknown,99,2.0,,
20697,Chlamydia,274.0,Massachusetts,2007.0,Unknown,15-19 years,15-19,8.0,,
20698,Chlamydia,274.0,Massachusetts,2007.0,Unknown,20-24 years,20-24,8.0,,
20699,Chlamydia,274.0,Massachusetts,2007.0,Unknown,30-34 years,30-34,1.0,,
20700,Chlamydia,274.0,Massachusetts,2008.0,Unknown,15-19 years,15-19,4.0,,
20701,Chlamydia,274.0,Massachusetts,2008.0,Unknown,20-24 years,20-24,8.0,,
20702,Chlamydia,274.0,Massachusetts,2008.0,Unknown,25-29 years,25-29,4.0,,
20703,Chlamydia,274.0,Massachusetts,2008.0,Unknown,30-34 years,30-34,2.0,,
20704,Chlamydia,274.0,Massachusetts,2009.0,Unknown,15-19 years,15-19,11.0,,
20705,Chlamydia,274.0,Massachusetts,2009.0,Unknown,20-24 years,20-24,15.0,,
20706,Chlamydia,274.0,Massachusetts,2009.0,Unknown,25-29 years,25-29,4.0,,
20707,Chlamydia,274.0,Massachusetts,2009.0,Unknown,30-34 years,30-34,4.0,,
20708,Chlamydia,274.0,Massachusetts,2009.0,Unknown,35-39 years,35-39,2.0,,
20709,Chlamydia,274.0,Massachusetts,2009.0,Unknown,Unknown,99,3.0,,
20710,Chlamydia,274.0,Massachusetts,2010.0,Unknown,15-19 years,15-19,8.0,,
20711,Chlamydia,274.0,Massachusetts,2010.0,Unknown,20-24 years,20-24,8.0,,
20712,Chlamydia,274.0,Massachusetts,2010.0,Unknown,25-29 years,25-29,4.0,,
20713,Chlamydia,274.0,Massachusetts,2010.0,Unknown,35-39 years,35-39,2.0,,
20714,Chlamydia,274.0,Massachusetts,2010.0,Unknown,Unknown,99,3.0,,
20715,Chlamydia,274.0,Massachusetts,2011.0,Unknown,15-19 years,15-19,5.0,,
20716,Chlamydia,274.0,Massachusetts,2011.0,Unknown,20-24 years,20-24,8.0,,
20717,Chlamydia,274.0,Massachusetts,2011.0,Unknown,25-29 years,25-29,4.0,,
20718,Chlamydia,274.0,Massachusetts,2011.0,Unknown,30-34 years,30-34,2.0,,
20719,Chlamydia,274.0,Massachusetts,2011.0,Unknown,Unknown,99,1.0,,
20720,Chlamydia,274.0,Massachusetts,2012.0,Unknown,15-19 years,15-19,7.0,,
20721,Chlamydia,274.0,Massachusetts,2012.0,Unknown,20-24 years,20-24,18.0,,
20722,Chlamydia,274.0,Massachusetts,2012.0,Unknown,25-29 years,25-29,6.0,,
20723,Chlamydia,274.0,Massachusetts,2012.0,Unknown,30-34 years,30-34,1.0,,
20724,Chlamydia,274.0,Massachusetts,2012.0,Unknown,35-39 years,35-39,2.0,,
20725,Chlamydia,274.0,Massachusetts,2012.0,Unknown,40+ years,40+,2.0,,
20726,Chlamydia,274.0,Massachusetts,2012.0,Unknown,Unknown,99,2.0,,
20727,Chlamydia,274.0,Massachusetts,2013.0,Unknown,15-19 years,15-19,4.0,,
20728,Chlamydia,274.0,Massachusetts,2013.0,Unknown,20-24 years,20-24,6.0,,
20729,Chlamydia,274.0,Massachusetts,2013.0,Unknown,25-29 years,25-29,4.0,,
20730,Chlamydia,274.0,Massachusetts,2013.0,Unknown,30-34 years,30-34,2.0,,
20731,Chlamydia,274.0,Massachusetts,2013.0,Unknown,35-39 years,35-39,2.0,,
20732,Chlamydia,274.0,Massachusetts,2014.0,Unknown,15-19 years,15-19,18.0,,
20733,Chlamydia,274.0,Massachusetts,2014.0,Unknown,20-24 years,20-24,27.0,,
20734,Chlamydia,274.0,Massachusetts,2014.0,Unknown,25-29 years,25-29,13.0,,
20735,Chlamydia,274.0,Massachusetts,2014.0,Unknown,30-34 years,30-34,2.0,,
20736,Chlamydia,274.0,Massachusetts,2014.0,Unknown,35-39 years,35-39,6.0,,
20737,Chlamydia,274.0,Massachusetts,2014.0,Unknown,40+ years,40+,2.0,,
20738,Chlamydia,274.0,Massachusetts,2014.0,Unknown,Unknown,99,6.0,,
20739,Chlamydia,274.0,Michigan,1999.0,Unknown,Unknown,99,1.0,,
20740,Chlamydia,274.0,Michigan,2000.0,Unknown,Unknown,99,1.0,,
20741,Chlamydia,274.0,Michigan,2005.0,Unknown,0-14 years,0-14,3.0,,
20742,Chlamydia,274.0,Michigan,2005.0,Unknown,15-19 years,15-19,35.0,,
20743,Chlamydia,274.0,Michigan,2005.0,Unknown,20-24 years,20-24,49.0,,
20744,Chlamydia,274.0,Michigan,2005.0,Unknown,25-29 years,25-29,16.0,,
20745,Chlamydia,274.0,Michigan,2005.0,Unknown,30-34 years,30-34,7.0,,
20746,Chlamydia,274.0,Michigan,2005.0,Unknown,35-39 years,35-39,3.0,,
20747,Chlamydia,274.0,Michigan,2005.0,Unknown,40+ years,40+,5.0,,
20748,Chlamydia,274.0,Michigan,2005.0,Unknown,Unknown,99,8.0,,
20749,Chlamydia,274.0,Michigan,2006.0,Unknown,0-14 years,0-14,5.0,,
20750,Chlamydia,274.0,Michigan,2006.0,Unknown,15-19 years,15-19,47.0,,
20751,Chlamydia,274.0,Michigan,2006.0,Unknown,20-24 years,20-24,33.0,,
20752,Chlamydia,274.0,Michigan,2006.0,Unknown,25-29 years,25-29,6.0,,
20753,Chlamydia,274.0,Michigan,2006.0,Unknown,30-34 years,30-34,8.0,,
20754,Chlamydia,274.0,Michigan,2006.0,Unknown,35-39 years,35-39,2.0,,
20755,Chlamydia,274.0,Michigan,2006.0,Unknown,40+ years,40+,3.0,,
20756,Chlamydia,274.0,Michigan,2006.0,Unknown,Unknown,99,10.0,,
20757,Chlamydia,274.0,Michigan,2007.0,Unknown,0-14 years,0-14,6.0,,
20758,Chlamydia,274.0,Michigan,2007.0,Unknown,15-19 years,15-19,75.0,,
20759,Chlamydia,274.0,Michigan,2007.0,Unknown,20-24 years,20-24,38.0,,
20760,Chlamydia,274.0,Michigan,2007.0,Unknown,25-29 years,25-29,21.0,,
20761,Chlamydia,274.0,Michigan,2007.0,Unknown,30-34 years,30-34,7.0,,
20762,Chlamydia,274.0,Michigan,2007.0,Unknown,35-39 years,35-39,5.0,,
20763,Chlamydia,274.0,Michigan,2007.0,Unknown,40+ years,40+,4.0,,
20764,Chlamydia,274.0,Michigan,2007.0,Unknown,Unknown,99,11.0,,
20765,Chlamydia,274.0,Michigan,2008.0,Unknown,0-14 years,0-14,5.0,,
20766,Chlamydia,274.0,Michigan,2008.0,Unknown,15-19 years,15-19,71.0,,
20767,Chlamydia,274.0,Michigan,2008.0,Unknown,20-24 years,20-24,53.0,,
20768,Chlamydia,274.0,Michigan,2008.0,Unknown,25-29 years,25-29,21.0,,
20769,Chlamydia,274.0,Michigan,2008.0,Unknown,30-34 years,30-34,15.0,,
20770,Chlamydia,274.0,Michigan,2008.0,Unknown,35-39 years,35-39,5.0,,
20771,Chlamydia,274.0,Michigan,2008.0,Unknown,40+ years,40+,10.0,,
20772,Chlamydia,274.0,Michigan,2008.0,Unknown,Unknown,99,17.0,,
20773,Chlamydia,274.0,Michigan,2009.0,Unknown,0-14 years,0-14,6.0,,
20774,Chlamydia,274.0,Michigan,2009.0,Unknown,15-19 years,15-19,77.0,,
20775,Chlamydia,274.0,Michigan,2009.0,Unknown,20-24 years,20-24,46.0,,
20776,Chlamydia,274.0,Michigan,2009.0,Unknown,25-29 years,25-29,17.0,,
20777,Chlamydia,274.0,Michigan,2009.0,Unknown,30-34 years,30-34,9.0,,
20778,Chlamydia,274.0,Michigan,2009.0,Unknown,35-39 years,35-39,2.0,,
20779,Chlamydia,274.0,Michigan,2009.0,Unknown,40+ years,40+,8.0,,
20780,Chlamydia,274.0,Michigan,2009.0,Unknown,Unknown,99,14.0,,
20781,Chlamydia,274.0,Michigan,2010.0,Unknown,0-14 years,0-14,3.0,,
20782,Chlamydia,274.0,Michigan,2010.0,Unknown,15-19 years,15-19,41.0,,
20783,Chlamydia,274.0,Michigan,2010.0,Unknown,20-24 years,20-24,40.0,,
20784,Chlamydia,274.0,Michigan,2010.0,Unknown,25-29 years,25-29,10.0,,
20785,Chlamydia,274.0,Michigan,2010.0,Unknown,30-34 years,30-34,10.0,,
20786,Chlamydia,274.0,Michigan,2010.0,Unknown,35-39 years,35-39,3.0,,
20787,Chlamydia,274.0,Michigan,2010.0,Unknown,40+ years,40+,6.0,,
20788,Chlamydia,274.0,Michigan,2010.0,Unknown,Unknown,99,8.0,,
20789,Chlamydia,274.0,Michigan,2011.0,Unknown,0-14 years,0-14,3.0,,
20790,Chlamydia,274.0,Michigan,2011.0,Unknown,15-19 years,15-19,36.0,,
20791,Chlamydia,274.0,Michigan,2011.0,Unknown,20-24 years,20-24,34.0,,
20792,Chlamydia,274.0,Michigan,2011.0,Unknown,25-29 years,25-29,18.0,,
20793,Chlamydia,274.0,Michigan,2011.0,Unknown,30-34 years,30-34,4.0,,
20794,Chlamydia,274.0,Michigan,2011.0,Unknown,35-39 years,35-39,1.0,,
20795,Chlamydia,274.0,Michigan,2011.0,Unknown,40+ years,40+,4.0,,
20796,Chlamydia,274.0,Michigan,2011.0,Unknown,Unknown,99,6.0,,
20797,Chlamydia,274.0,Michigan,2012.0,Unknown,0-14 years,0-14,2.0,,
20798,Chlamydia,274.0,Michigan,2012.0,Unknown,15-19 years,15-19,26.0,,
20799,Chlamydia,274.0,Michigan,2012.0,Unknown,20-24 years,20-24,36.0,,
20800,Chlamydia,274.0,Michigan,2012.0,Unknown,25-29 years,25-29,8.0,,
20801,Chlamydia,274.0,Michigan,2012.0,Unknown,30-34 years,30-34,7.0,,
20802,Chlamydia,274.0,Michigan,2012.0,Unknown,35-39 years,35-39,3.0,,
20803,Chlamydia,274.0,Michigan,2012.0,Unknown,40+ years,40+,6.0,,
20804,Chlamydia,274.0,Michigan,2012.0,Unknown,Unknown,99,6.0,,
20805,Chlamydia,274.0,Michigan,2013.0,Unknown,0-14 years,0-14,2.0,,
20806,Chlamydia,274.0,Michigan,2013.0,Unknown,15-19 years,15-19,29.0,,
20807,Chlamydia,274.0,Michigan,2013.0,Unknown,20-24 years,20-24,20.0,,
20808,Chlamydia,274.0,Michigan,2013.0,Unknown,25-29 years,25-29,13.0,,
20809,Chlamydia,274.0,Michigan,2013.0,Unknown,30-34 years,30-34,5.0,,
20810,Chlamydia,274.0,Michigan,2013.0,Unknown,35-39 years,35-39,1.0,,
20811,Chlamydia,274.0,Michigan,2013.0,Unknown,40+ years,40+,11.0,,
20812,Chlamydia,274.0,Michigan,2013.0,Unknown,Unknown,99,15.0,,
20813,Chlamydia,274.0,Michigan,2014.0,Unknown,0-14 years,0-14,1.0,,
20814,Chlamydia,274.0,Michigan,2014.0,Unknown,15-19 years,15-19,20.0,,
20815,Chlamydia,274.0,Michigan,2014.0,Unknown,20-24 years,20-24,25.0,,
20816,Chlamydia,274.0,Michigan,2014.0,Unknown,25-29 years,25-29,6.0,,
20817,Chlamydia,274.0,Michigan,2014.0,Unknown,30-34 years,30-34,4.0,,
20818,Chlamydia,274.0,Michigan,2014.0,Unknown,35-39 years,35-39,1.0,,
20819,Chlamydia,274.0,Michigan,2014.0,Unknown,40+ years,40+,2.0,,
20820,Chlamydia,274.0,Michigan,2014.0,Unknown,Unknown,99,4.0,,
20821,Chlamydia,274.0,Minnesota,2012.0,Unknown,15-19 years,15-19,20.0,,
20822,Chlamydia,274.0,Minnesota,2012.0,Unknown,20-24 years,20-24,23.0,,
20823,Chlamydia,274.0,Minnesota,2012.0,Unknown,25-29 years,25-29,5.0,,
20824,Chlamydia,274.0,Minnesota,2012.0,Unknown,30-34 years,30-34,4.0,,
20825,Chlamydia,274.0,Minnesota,2012.0,Unknown,35-39 years,35-39,3.0,,
20826,Chlamydia,274.0,Minnesota,2012.0,Unknown,40+ years,40+,3.0,,
20827,Chlamydia,274.0,Minnesota,2013.0,Unknown,25-29 years,25-29,1.0,,
20828,Chlamydia,274.0,Minnesota,2014.0,Unknown,20-24 years,20-24,4.0,,
20829,Chlamydia,274.0,Minnesota,2014.0,Unknown,25-29 years,25-29,2.0,,
20830,Chlamydia,274.0,Minnesota,2014.0,Unknown,30-34 years,30-34,1.0,,
20831,Chlamydia,274.0,Minnesota,2014.0,Unknown,35-39 years,35-39,2.0,,
20832,Chlamydia,274.0,Mississippi,1998.0,Unknown,0-14 years,0-14,3.0,,
20833,Chlamydia,274.0,Mississippi,1998.0,Unknown,15-19 years,15-19,27.0,,
20834,Chlamydia,274.0,Mississippi,1998.0,Unknown,20-24 years,20-24,25.0,,
20835,Chlamydia,274.0,Mississippi,1998.0,Unknown,25-29 years,25-29,3.0,,
20836,Chlamydia,274.0,Mississippi,1998.0,Unknown,30-34 years,30-34,11.0,,
20837,Chlamydia,274.0,Mississippi,1998.0,Unknown,35-39 years,35-39,2.0,,
20838,Chlamydia,274.0,Mississippi,1998.0,Unknown,40+ years,40+,2.0,,
20839,Chlamydia,274.0,Mississippi,2000.0,Unknown,0-14 years,0-14,1.0,,
20840,Chlamydia,274.0,Mississippi,2000.0,Unknown,15-19 years,15-19,10.0,,
20841,Chlamydia,274.0,Mississippi,2000.0,Unknown,20-24 years,20-24,17.0,,
20842,Chlamydia,274.0,Mississippi,2000.0,Unknown,25-29 years,25-29,4.0,,
20843,Chlamydia,274.0,Mississippi,2000.0,Unknown,30-34 years,30-34,2.0,,
20844,Chlamydia,274.0,Mississippi,2000.0,Unknown,Unknown,99,11.0,,
20845,Chlamydia,274.0,Mississippi,2012.0,Unknown,15-19 years,15-19,1.0,,
20846,Chlamydia,274.0,Mississippi,2012.0,Unknown,20-24 years,20-24,1.0,,
20847,Chlamydia,274.0,Mississippi,2014.0,Unknown,0-14 years,0-14,2.0,,
20848,Chlamydia,274.0,Mississippi,2014.0,Unknown,15-19 years,15-19,6.0,,
20849,Chlamydia,274.0,Mississippi,2014.0,Unknown,20-24 years,20-24,1.0,,
20850,Chlamydia,274.0,Montana,2000.0,Unknown,15-19 years,15-19,1.0,,
20851,Chlamydia,274.0,Montana,2001.0,Unknown,0-14 years,0-14,1.0,,
20852,Chlamydia,274.0,Montana,2001.0,Unknown,15-19 years,15-19,1.0,,
20853,Chlamydia,274.0,Montana,2001.0,Unknown,20-24 years,20-24,2.0,,
20854,Chlamydia,274.0,Montana,2002.0,Unknown,15-19 years,15-19,6.0,,
20855,Chlamydia,274.0,Montana,2002.0,Unknown,20-24 years,20-24,3.0,,
20856,Chlamydia,274.0,Montana,2002.0,Unknown,25-29 years,25-29,1.0,,
20857,Chlamydia,274.0,Montana,2003.0,Unknown,15-19 years,15-19,2.0,,
20858,Chlamydia,274.0,Montana,2003.0,Unknown,20-24 years,20-24,1.0,,
20859,Chlamydia,274.0,Montana,2004.0,Unknown,15-19 years,15-19,3.0,,
20860,Chlamydia,274.0,Montana,2004.0,Unknown,20-24 years,20-24,2.0,,
20861,Chlamydia,274.0,Montana,2004.0,Unknown,30-34 years,30-34,1.0,,
20862,Chlamydia,274.0,Montana,2004.0,Unknown,Unknown,99,1.0,,
20863,Chlamydia,274.0,Montana,2005.0,Unknown,15-19 years,15-19,1.0,,
20864,Chlamydia,274.0,Montana,2005.0,Unknown,20-24 years,20-24,2.0,,
20865,Chlamydia,274.0,Montana,2005.0,Unknown,25-29 years,25-29,2.0,,
20866,Chlamydia,274.0,Montana,2006.0,Unknown,15-19 years,15-19,3.0,,
20867,Chlamydia,274.0,Montana,2006.0,Unknown,20-24 years,20-24,2.0,,
20868,Chlamydia,274.0,Montana,2006.0,Unknown,25-29 years,25-29,4.0,,
20869,Chlamydia,274.0,Montana,2007.0,Unknown,15-19 years,15-19,3.0,,
20870,Chlamydia,274.0,Montana,2007.0,Unknown,20-24 years,20-24,4.0,,
20871,Chlamydia,274.0,Montana,2007.0,Unknown,25-29 years,25-29,1.0,,
20872,Chlamydia,274.0,Montana,2008.0,Unknown,15-19 years,15-19,4.0,,
20873,Chlamydia,274.0,Montana,2008.0,Unknown,20-24 years,20-24,4.0,,
20874,Chlamydia,274.0,Montana,2008.0,Unknown,30-34 years,30-34,1.0,,
20875,Chlamydia,274.0,Montana,2009.0,Unknown,15-19 years,15-19,2.0,,
20876,Chlamydia,274.0,Montana,2009.0,Unknown,20-24 years,20-24,1.0,,
20877,Chlamydia,274.0,Montana,2013.0,Unknown,15-19 years,15-19,1.0,,
20878,Chlamydia,274.0,Montana,2014.0,Unknown,15-19 years,15-19,1.0,,
20879,Chlamydia,274.0,Nebraska,1997.0,Unknown,15-19 years,15-19,1.0,,
20880,Chlamydia,274.0,Nebraska,1997.0,Unknown,20-24 years,20-24,4.0,,
20881,Chlamydia,274.0,Nebraska,1998.0,Unknown,15-19 years,15-19,1.0,,
20882,Chlamydia,274.0,Nebraska,1999.0,Unknown,15-19 years,15-19,1.0,,
20883,Chlamydia,274.0,Nebraska,2000.0,Unknown,20-24 years,20-24,1.0,,
20884,Chlamydia,274.0,Nebraska,2000.0,Unknown,Unknown,99,3.0,,
20885,Chlamydia,274.0,Nebraska,2001.0,Unknown,20-24 years,20-24,3.0,,
20886,Chlamydia,274.0,Nebraska,2001.0,Unknown,35-39 years,35-39,1.0,,
20887,Chlamydia,274.0,Nebraska,2001.0,Unknown,Unknown,99,1.0,,
20888,Chlamydia,274.0,Nebraska,2002.0,Unknown,15-19 years,15-19,5.0,,
20889,Chlamydia,274.0,Nebraska,2002.0,Unknown,20-24 years,20-24,2.0,,
20890,Chlamydia,274.0,Nebraska,2002.0,Unknown,Unknown,99,35.0,,
20891,Chlamydia,274.0,Nebraska,2003.0,Unknown,15-19 years,15-19,5.0,,
20892,Chlamydia,274.0,Nebraska,2003.0,Unknown,20-24 years,20-24,3.0,,
20893,Chlamydia,274.0,Nebraska,2003.0,Unknown,25-29 years,25-29,1.0,,
20894,Chlamydia,274.0,Nebraska,2003.0,Unknown,Unknown,99,51.0,,
20895,Chlamydia,274.0,Nebraska,2004.0,Unknown,15-19 years,15-19,6.0,,
20896,Chlamydia,274.0,Nebraska,2004.0,Unknown,20-24 years,20-24,3.0,,
20897,Chlamydia,274.0,Nebraska,2004.0,Unknown,25-29 years,25-29,1.0,,
20898,Chlamydia,274.0,Nebraska,2004.0,Unknown,30-34 years,30-34,2.0,,
20899,Chlamydia,274.0,Nebraska,2004.0,Unknown,Unknown,99,23.0,,
20900,Chlamydia,274.0,Nebraska,2005.0,Unknown,15-19 years,15-19,1.0,,
20901,Chlamydia,274.0,Nebraska,2005.0,Unknown,25-29 years,25-29,1.0,,
20902,Chlamydia,274.0,Nebraska,2005.0,Unknown,Unknown,99,5.0,,
20903,Chlamydia,274.0,Nebraska,2006.0,Unknown,15-19 years,15-19,38.0,,
20904,Chlamydia,274.0,Nebraska,2006.0,Unknown,20-24 years,20-24,17.0,,
20905,Chlamydia,274.0,Nebraska,2006.0,Unknown,25-29 years,25-29,11.0,,
20906,Chlamydia,274.0,Nebraska,2006.0,Unknown,30-34 years,30-34,2.0,,
20907,Chlamydia,274.0,Nebraska,2006.0,Unknown,35-39 years,35-39,2.0,,
20908,Chlamydia,274.0,Nebraska,2006.0,Unknown,40+ years,40+,1.0,,
20909,Chlamydia,274.0,Nebraska,2007.0,Unknown,0-14 years,0-14,1.0,,
20910,Chlamydia,274.0,Nebraska,2007.0,Unknown,15-19 years,15-19,6.0,,
20911,Chlamydia,274.0,Nebraska,2007.0,Unknown,20-24 years,20-24,5.0,,
20912,Chlamydia,274.0,Nebraska,2007.0,Unknown,25-29 years,25-29,2.0,,
20913,Chlamydia,274.0,Nebraska,2008.0,Unknown,15-19 years,15-19,4.0,,
20914,Chlamydia,274.0,Nebraska,2008.0,Unknown,20-24 years,20-24,4.0,,
20915,Chlamydia,274.0,Nebraska,2008.0,Unknown,25-29 years,25-29,1.0,,
20916,Chlamydia,274.0,Nebraska,2009.0,Unknown,0-14 years,0-14,1.0,,
20917,Chlamydia,274.0,Nebraska,2009.0,Unknown,15-19 years,15-19,4.0,,
20918,Chlamydia,274.0,Nebraska,2009.0,Unknown,20-24 years,20-24,3.0,,
20919,Chlamydia,274.0,Nebraska,2009.0,Unknown,Unknown,99,2.0,,
20920,Chlamydia,274.0,Nebraska,2010.0,Unknown,15-19 years,15-19,2.0,,
20921,Chlamydia,274.0,Nebraska,2010.0,Unknown,20-24 years,20-24,3.0,,
20922,Chlamydia,274.0,Nebraska,2011.0,Unknown,15-19 years,15-19,2.0,,
20923,Chlamydia,274.0,Nebraska,2011.0,Unknown,20-24 years,20-24,4.0,,
20924,Chlamydia,274.0,Nebraska,2011.0,Unknown,25-29 years,25-29,2.0,,
20925,Chlamydia,274.0,Nebraska,2011.0,Unknown,Unknown,99,2.0,,
20926,Chlamydia,274.0,Nebraska,2012.0,Unknown,15-19 years,15-19,13.0,,
20927,Chlamydia,274.0,Nebraska,2012.0,Unknown,20-24 years,20-24,10.0,,
20928,Chlamydia,274.0,Nebraska,2012.0,Unknown,25-29 years,25-29,2.0,,
20929,Chlamydia,274.0,Nebraska,2012.0,Unknown,30-34 years,30-34,2.0,,
20930,Chlamydia,274.0,Nebraska,2013.0,Unknown,0-14 years,0-14,2.0,,
20931,Chlamydia,274.0,Nebraska,2013.0,Unknown,15-19 years,15-19,51.0,,
20932,Chlamydia,274.0,Nebraska,2013.0,Unknown,20-24 years,20-24,57.0,,
20933,Chlamydia,274.0,Nebraska,2013.0,Unknown,25-29 years,25-29,28.0,,
20934,Chlamydia,274.0,Nebraska,2013.0,Unknown,30-34 years,30-34,9.0,,
20935,Chlamydia,274.0,Nebraska,2013.0,Unknown,35-39 years,35-39,8.0,,
20936,Chlamydia,274.0,Nebraska,2013.0,Unknown,40+ years,40+,4.0,,
20937,Chlamydia,274.0,Nebraska,2013.0,Unknown,Unknown,99,1.0,,
20938,Chlamydia,274.0,Nebraska,2014.0,Unknown,0-14 years,0-14,2.0,,
20939,Chlamydia,274.0,Nebraska,2014.0,Unknown,15-19 years,15-19,8.0,,
20940,Chlamydia,274.0,Nebraska,2014.0,Unknown,20-24 years,20-24,12.0,,
20941,Chlamydia,274.0,Nebraska,2014.0,Unknown,25-29 years,25-29,6.0,,
20942,Chlamydia,274.0,Nebraska,2014.0,Unknown,30-34 years,30-34,2.0,,
20943,Chlamydia,274.0,Nebraska,2014.0,Unknown,35-39 years,35-39,1.0,,
20944,Chlamydia,274.0,Nebraska,2014.0,Unknown,40+ years,40+,1.0,,
20945,Chlamydia,274.0,Nevada,1998.0,Unknown,15-19 years,15-19,2.0,,
20946,Chlamydia,274.0,Nevada,2000.0,Unknown,20-24 years,20-24,1.0,,
20947,Chlamydia,274.0,Nevada,2000.0,Unknown,25-29 years,25-29,1.0,,
20948,Chlamydia,274.0,Nevada,2001.0,Unknown,15-19 years,15-19,4.0,,
20949,Chlamydia,274.0,Nevada,2001.0,Unknown,20-24 years,20-24,1.0,,
20950,Chlamydia,274.0,Nevada,2001.0,Unknown,Unknown,99,1.0,,
20951,Chlamydia,274.0,Nevada,2002.0,Unknown,15-19 years,15-19,3.0,,
20952,Chlamydia,274.0,Nevada,2002.0,Unknown,20-24 years,20-24,4.0,,
20953,Chlamydia,274.0,Nevada,2002.0,Unknown,25-29 years,25-29,4.0,,
20954,Chlamydia,274.0,Nevada,2002.0,Unknown,Unknown,99,2.0,,
20955,Chlamydia,274.0,Nevada,2003.0,Unknown,15-19 years,15-19,2.0,,
20956,Chlamydia,274.0,Nevada,2003.0,Unknown,20-24 years,20-24,2.0,,
20957,Chlamydia,274.0,Nevada,2003.0,Unknown,25-29 years,25-29,2.0,,
20958,Chlamydia,274.0,Nevada,2003.0,Unknown,30-34 years,30-34,1.0,,
20959,Chlamydia,274.0,Nevada,2003.0,Unknown,35-39 years,35-39,2.0,,
20960,Chlamydia,274.0,Nevada,2003.0,Unknown,Unknown,99,1.0,,
20961,Chlamydia,274.0,Nevada,2004.0,Unknown,15-19 years,15-19,2.0,,
20962,Chlamydia,274.0,Nevada,2004.0,Unknown,25-29 years,25-29,3.0,,
20963,Chlamydia,274.0,Nevada,2004.0,Unknown,30-34 years,30-34,2.0,,
20964,Chlamydia,274.0,Nevada,2004.0,Unknown,35-39 years,35-39,1.0,,
20965,Chlamydia,274.0,Nevada,2004.0,Unknown,Unknown,99,4.0,,
20966,Chlamydia,274.0,Nevada,2005.0,Unknown,0-14 years,0-14,1.0,,
20967,Chlamydia,274.0,Nevada,2005.0,Unknown,15-19 years,15-19,1.0,,
20968,Chlamydia,274.0,Nevada,2005.0,Unknown,30-34 years,30-34,1.0,,
20969,Chlamydia,274.0,Nevada,2005.0,Unknown,40+ years,40+,1.0,,
20970,Chlamydia,274.0,Nevada,2006.0,Unknown,20-24 years,20-24,1.0,,
20971,Chlamydia,274.0,Nevada,2006.0,Unknown,25-29 years,25-29,1.0,,
20972,Chlamydia,274.0,Nevada,2007.0,Unknown,15-19 years,15-19,3.0,,
20973,Chlamydia,274.0,Nevada,2007.0,Unknown,20-24 years,20-24,1.0,,
20974,Chlamydia,274.0,Nevada,2007.0,Unknown,25-29 years,25-29,3.0,,
20975,Chlamydia,274.0,Nevada,2007.0,Unknown,30-34 years,30-34,2.0,,
20976,Chlamydia,274.0,Nevada,2007.0,Unknown,Unknown,99,1.0,,
20977,Chlamydia,274.0,Nevada,2009.0,Unknown,20-24 years,20-24,1.0,,
20978,Chlamydia,274.0,Nevada,2009.0,Unknown,30-34 years,30-34,1.0,,
20979,Chlamydia,274.0,Nevada,2010.0,Unknown,25-29 years,25-29,1.0,,
20980,Chlamydia,274.0,Nevada,2011.0,Unknown,15-19 years,15-19,1.0,,
20981,Chlamydia,274.0,Nevada,2011.0,Unknown,30-34 years,30-34,1.0,,
20982,Chlamydia,274.0,Nevada,2012.0,Unknown,15-19 years,15-19,1.0,,
20983,Chlamydia,274.0,Nevada,2013.0,Unknown,15-19 years,15-19,2.0,,
20984,Chlamydia,274.0,Nevada,2013.0,Unknown,20-24 years,20-24,1.0,,
20985,Chlamydia,274.0,Nevada,2013.0,Unknown,25-29 years,25-29,1.0,,
20986,Chlamydia,274.0,Nevada,2013.0,Unknown,30-34 years,30-34,2.0,,
20987,Chlamydia,274.0,Nevada,2013.0,Unknown,35-39 years,35-39,1.0,,
20988,Chlamydia,274.0,Nevada,2013.0,Unknown,40+ years,40+,1.0,,
20989,Chlamydia,274.0,Nevada,2014.0,Unknown,15-19 years,15-19,1.0,,
20990,Chlamydia,274.0,Nevada,2014.0,Unknown,20-24 years,20-24,3.0,,
20991,Chlamydia,274.0,Nevada,2014.0,Unknown,25-29 years,25-29,2.0,,
20992,Chlamydia,274.0,Nevada,2014.0,Unknown,30-34 years,30-34,1.0,,
20993,Chlamydia,274.0,Nevada,2014.0,Unknown,35-39 years,35-39,5.0,,
20994,Chlamydia,274.0,Nevada,2014.0,Unknown,40+ years,40+,3.0,,
20995,Chlamydia,274.0,Nevada,2014.0,Unknown,Unknown,99,1.0,,
20996,Chlamydia,274.0,New Hampshire,2014.0,Unknown,15-19 years,15-19,1.0,,
20997,Chlamydia,274.0,New Hampshire,2014.0,Unknown,20-24 years,20-24,2.0,,
20998,Chlamydia,274.0,New Hampshire,2014.0,Unknown,40+ years,40+,1.0,,
20999,Chlamydia,274.0,New Jersey,1997.0,Unknown,0-14 years,0-14,1.0,,
21000,Chlamydia,274.0,New Jersey,1997.0,Unknown,15-19 years,15-19,2.0,,
21001,Chlamydia,274.0,New Jersey,1997.0,Unknown,20-24 years,20-24,2.0,,
21002,Chlamydia,274.0,New Jersey,1997.0,Unknown,25-29 years,25-29,3.0,,
21003,Chlamydia,274.0,New Jersey,1997.0,Unknown,Unknown,99,1.0,,
21004,Chlamydia,274.0,New Jersey,1998.0,Unknown,20-24 years,20-24,3.0,,
21005,Chlamydia,274.0,New Jersey,1998.0,Unknown,25-29 years,25-29,1.0,,
21006,Chlamydia,274.0,New Jersey,1998.0,Unknown,30-34 years,30-34,1.0,,
21007,Chlamydia,274.0,New Jersey,1998.0,Unknown,Unknown,99,2.0,,
21008,Chlamydia,274.0,New Jersey,1999.0,Unknown,15-19 years,15-19,3.0,,
21009,Chlamydia,274.0,New Jersey,1999.0,Unknown,20-24 years,20-24,4.0,,
21010,Chlamydia,274.0,New Jersey,1999.0,Unknown,25-29 years,25-29,3.0,,
21011,Chlamydia,274.0,New Jersey,1999.0,Unknown,40+ years,40+,1.0,,
21012,Chlamydia,274.0,New Jersey,1999.0,Unknown,Unknown,99,9.0,,
21013,Chlamydia,274.0,New Jersey,2000.0,Unknown,0-14 years,0-14,4.0,,
21014,Chlamydia,274.0,New Jersey,2000.0,Unknown,15-19 years,15-19,7.0,,
21015,Chlamydia,274.0,New Jersey,2000.0,Unknown,20-24 years,20-24,11.0,,
21016,Chlamydia,274.0,New Jersey,2000.0,Unknown,25-29 years,25-29,5.0,,
21017,Chlamydia,274.0,New Jersey,2000.0,Unknown,30-34 years,30-34,1.0,,
21018,Chlamydia,274.0,New Jersey,2000.0,Unknown,35-39 years,35-39,1.0,,
21019,Chlamydia,274.0,New Jersey,2000.0,Unknown,40+ years,40+,3.0,,
21020,Chlamydia,274.0,New Jersey,2000.0,Unknown,Unknown,99,17.0,,
21021,Chlamydia,274.0,New Jersey,2001.0,Unknown,0-14 years,0-14,1.0,,
21022,Chlamydia,274.0,New Jersey,2001.0,Unknown,15-19 years,15-19,2.0,,
21023,Chlamydia,274.0,New Jersey,2001.0,Unknown,20-24 years,20-24,2.0,,
21024,Chlamydia,274.0,New Jersey,2001.0,Unknown,25-29 years,25-29,1.0,,
21025,Chlamydia,274.0,New Jersey,2001.0,Unknown,40+ years,40+,1.0,,
21026,Chlamydia,274.0,New Jersey,2001.0,Unknown,Unknown,99,5.0,,
21027,Chlamydia,274.0,New Jersey,2002.0,Unknown,0-14 years,0-14,1.0,,
21028,Chlamydia,274.0,New Jersey,2002.0,Unknown,15-19 years,15-19,3.0,,
21029,Chlamydia,274.0,New Jersey,2002.0,Unknown,20-24 years,20-24,7.0,,
21030,Chlamydia,274.0,New Jersey,2002.0,Unknown,25-29 years,25-29,2.0,,
21031,Chlamydia,274.0,New Jersey,2002.0,Unknown,35-39 years,35-39,1.0,,
21032,Chlamydia,274.0,New Jersey,2002.0,Unknown,40+ years,40+,2.0,,
21033,Chlamydia,274.0,New Jersey,2002.0,Unknown,Unknown,99,3.0,,
21034,Chlamydia,274.0,New Jersey,2003.0,Unknown,0-14 years,0-14,1.0,,
21035,Chlamydia,274.0,New Jersey,2003.0,Unknown,15-19 years,15-19,4.0,,
21036,Chlamydia,274.0,New Jersey,2003.0,Unknown,20-24 years,20-24,6.0,,
21037,Chlamydia,274.0,New Jersey,2003.0,Unknown,25-29 years,25-29,5.0,,
21038,Chlamydia,274.0,New Jersey,2003.0,Unknown,30-34 years,30-34,3.0,,
21039,Chlamydia,274.0,New Jersey,2003.0,Unknown,35-39 years,35-39,2.0,,
21040,Chlamydia,274.0,New Jersey,2003.0,Unknown,40+ years,40+,2.0,,
21041,Chlamydia,274.0,New Jersey,2003.0,Unknown,Unknown,99,1.0,,
21042,Chlamydia,274.0,New Jersey,2004.0,Unknown,15-19 years,15-19,3.0,,
21043,Chlamydia,274.0,New Jersey,2004.0,Unknown,20-24 years,20-24,4.0,,
21044,Chlamydia,274.0,New Jersey,2004.0,Unknown,25-29 years,25-29,1.0,,
21045,Chlamydia,274.0,New Jersey,2004.0,Unknown,35-39 years,35-39,1.0,,
21046,Chlamydia,274.0,New Jersey,2004.0,Unknown,40+ years,40+,1.0,,
21047,Chlamydia,274.0,New Jersey,2004.0,Unknown,Unknown,99,2.0,,
21048,Chlamydia,274.0,New Jersey,2005.0,Unknown,25-29 years,25-29,3.0,,
21049,Chlamydia,274.0,New Jersey,2006.0,Unknown,15-19 years,15-19,4.0,,
21050,Chlamydia,274.0,New Jersey,2006.0,Unknown,20-24 years,20-24,11.0,,
21051,Chlamydia,274.0,New Jersey,2006.0,Unknown,25-29 years,25-29,5.0,,
21052,Chlamydia,274.0,New Jersey,2006.0,Unknown,30-34 years,30-34,2.0,,
21053,Chlamydia,274.0,New Jersey,2006.0,Unknown,40+ years,40+,1.0,,
21054,Chlamydia,274.0,New Jersey,2006.0,Unknown,Unknown,99,5.0,,
21055,Chlamydia,274.0,New Jersey,2007.0,Unknown,15-19 years,15-19,3.0,,
21056,Chlamydia,274.0,New Jersey,2007.0,Unknown,20-24 years,20-24,5.0,,
21057,Chlamydia,274.0,New Jersey,2007.0,Unknown,25-29 years,25-29,1.0,,
21058,Chlamydia,274.0,New Jersey,2007.0,Unknown,30-34 years,30-34,1.0,,
21059,Chlamydia,274.0,New Jersey,2007.0,Unknown,40+ years,40+,1.0,,
21060,Chlamydia,274.0,New Jersey,2007.0,Unknown,Unknown,99,1.0,,
21061,Chlamydia,274.0,New Jersey,2008.0,Unknown,15-19 years,15-19,2.0,,
21062,Chlamydia,274.0,New Jersey,2008.0,Unknown,20-24 years,20-24,6.0,,
21063,Chlamydia,274.0,New Jersey,2008.0,Unknown,25-29 years,25-29,4.0,,
21064,Chlamydia,274.0,New Jersey,2008.0,Unknown,30-34 years,30-34,1.0,,
21065,Chlamydia,274.0,New Jersey,2008.0,Unknown,35-39 years,35-39,1.0,,
21066,Chlamydia,274.0,New Jersey,2009.0,Unknown,0-14 years,0-14,1.0,,
21067,Chlamydia,274.0,New Jersey,2009.0,Unknown,15-19 years,15-19,6.0,,
21068,Chlamydia,274.0,New Jersey,2009.0,Unknown,20-24 years,20-24,3.0,,
21069,Chlamydia,274.0,New Jersey,2009.0,Unknown,30-34 years,30-34,1.0,,
21070,Chlamydia,274.0,New Jersey,2009.0,Unknown,40+ years,40+,1.0,,
21071,Chlamydia,274.0,New Jersey,2009.0,Unknown,Unknown,99,5.0,,
21072,Chlamydia,274.0,New Jersey,2010.0,Unknown,0-14 years,0-14,1.0,,
21073,Chlamydia,274.0,New Jersey,2010.0,Unknown,15-19 years,15-19,32.0,,
21074,Chlamydia,274.0,New Jersey,2010.0,Unknown,20-24 years,20-24,45.0,,
21075,Chlamydia,274.0,New Jersey,2010.0,Unknown,25-29 years,25-29,16.0,,
21076,Chlamydia,274.0,New Jersey,2010.0,Unknown,30-34 years,30-34,9.0,,
21077,Chlamydia,274.0,New Jersey,2010.0,Unknown,35-39 years,35-39,4.0,,
21078,Chlamydia,274.0,New Jersey,2010.0,Unknown,40+ years,40+,7.0,,
21079,Chlamydia,274.0,New Jersey,2010.0,Unknown,Unknown,99,26.0,,
21080,Chlamydia,274.0,New Jersey,2011.0,Unknown,15-19 years,15-19,40.0,,
21081,Chlamydia,274.0,New Jersey,2011.0,Unknown,20-24 years,20-24,25.0,,
21082,Chlamydia,274.0,New Jersey,2011.0,Unknown,25-29 years,25-29,5.0,,
21083,Chlamydia,274.0,New Jersey,2011.0,Unknown,30-34 years,30-34,9.0,,
21084,Chlamydia,274.0,New Jersey,2011.0,Unknown,35-39 years,35-39,4.0,,
21085,Chlamydia,274.0,New Jersey,2011.0,Unknown,40+ years,40+,5.0,,
21086,Chlamydia,274.0,New Jersey,2011.0,Unknown,Unknown,99,4.0,,
21087,Chlamydia,274.0,New Jersey,2012.0,Unknown,0-14 years,0-14,1.0,,
21088,Chlamydia,274.0,New Jersey,2012.0,Unknown,15-19 years,15-19,28.0,,
21089,Chlamydia,274.0,New Jersey,2012.0,Unknown,20-24 years,20-24,27.0,,
21090,Chlamydia,274.0,New Jersey,2012.0,Unknown,25-29 years,25-29,10.0,,
21091,Chlamydia,274.0,New Jersey,2012.0,Unknown,30-34 years,30-34,1.0,,
21092,Chlamydia,274.0,New Jersey,2012.0,Unknown,35-39 years,35-39,4.0,,
21093,Chlamydia,274.0,New Jersey,2012.0,Unknown,40+ years,40+,4.0,,
21094,Chlamydia,274.0,New Jersey,2012.0,Unknown,Unknown,99,7.0,,
21095,Chlamydia,274.0,New Jersey,2013.0,Unknown,0-14 years,0-14,1.0,,
21096,Chlamydia,274.0,New Jersey,2013.0,Unknown,15-19 years,15-19,20.0,,
21097,Chlamydia,274.0,New Jersey,2013.0,Unknown,20-24 years,20-24,23.0,,
21098,Chlamydia,274.0,New Jersey,2013.0,Unknown,25-29 years,25-29,15.0,,
21099,Chlamydia,274.0,New Jersey,2013.0,Unknown,30-34 years,30-34,6.0,,
21100,Chlamydia,274.0,New Jersey,2013.0,Unknown,35-39 years,35-39,3.0,,
21101,Chlamydia,274.0,New Jersey,2013.0,Unknown,40+ years,40+,6.0,,
21102,Chlamydia,274.0,New Jersey,2013.0,Unknown,Unknown,99,6.0,,
21103,Chlamydia,274.0,New Jersey,2014.0,Unknown,0-14 years,0-14,1.0,,
21104,Chlamydia,274.0,New Jersey,2014.0,Unknown,15-19 years,15-19,11.0,,
21105,Chlamydia,274.0,New Jersey,2014.0,Unknown,20-24 years,20-24,33.0,,
21106,Chlamydia,274.0,New Jersey,2014.0,Unknown,25-29 years,25-29,10.0,,
21107,Chlamydia,274.0,New Jersey,2014.0,Unknown,30-34 years,30-34,8.0,,
21108,Chlamydia,274.0,New Jersey,2014.0,Unknown,35-39 years,35-39,5.0,,
21109,Chlamydia,274.0,New Jersey,2014.0,Unknown,40+ years,40+,4.0,,
21110,Chlamydia,274.0,New Jersey,2014.0,Unknown,Unknown,99,4.0,,
21111,Chlamydia,274.0,New Mexico,2000.0,Unknown,0-14 years,0-14,2.0,,
21112,Chlamydia,274.0,New Mexico,2000.0,Unknown,15-19 years,15-19,8.0,,
21113,Chlamydia,274.0,New Mexico,2000.0,Unknown,20-24 years,20-24,14.0,,
21114,Chlamydia,274.0,New Mexico,2000.0,Unknown,25-29 years,25-29,2.0,,
21115,Chlamydia,274.0,New Mexico,2000.0,Unknown,30-34 years,30-34,2.0,,
21116,Chlamydia,274.0,New Mexico,2000.0,Unknown,35-39 years,35-39,1.0,,
21117,Chlamydia,274.0,New Mexico,2000.0,Unknown,Unknown,99,3.0,,
21118,Chlamydia,274.0,New Mexico,2001.0,Unknown,0-14 years,0-14,5.0,,
21119,Chlamydia,274.0,New Mexico,2001.0,Unknown,15-19 years,15-19,35.0,,
21120,Chlamydia,274.0,New Mexico,2001.0,Unknown,20-24 years,20-24,45.0,,
21121,Chlamydia,274.0,New Mexico,2001.0,Unknown,25-29 years,25-29,20.0,,
21122,Chlamydia,274.0,New Mexico,2001.0,Unknown,30-34 years,30-34,8.0,,
21123,Chlamydia,274.0,New Mexico,2001.0,Unknown,35-39 years,35-39,5.0,,
21124,Chlamydia,274.0,New Mexico,2001.0,Unknown,40+ years,40+,1.0,,
21125,Chlamydia,274.0,New Mexico,2001.0,Unknown,Unknown,99,7.0,,
21126,Chlamydia,274.0,New Mexico,2002.0,Unknown,0-14 years,0-14,1.0,,
21127,Chlamydia,274.0,New Mexico,2002.0,Unknown,15-19 years,15-19,9.0,,
21128,Chlamydia,274.0,New Mexico,2002.0,Unknown,20-24 years,20-24,14.0,,
21129,Chlamydia,274.0,New Mexico,2002.0,Unknown,25-29 years,25-29,3.0,,
21130,Chlamydia,274.0,New Mexico,2002.0,Unknown,35-39 years,35-39,2.0,,
21131,Chlamydia,274.0,New Mexico,2002.0,Unknown,40+ years,40+,1.0,,
21132,Chlamydia,274.0,New Mexico,2002.0,Unknown,Unknown,99,5.0,,
21133,Chlamydia,274.0,New Mexico,2003.0,Unknown,15-19 years,15-19,7.0,,
21134,Chlamydia,274.0,New Mexico,2003.0,Unknown,20-24 years,20-24,6.0,,
21135,Chlamydia,274.0,New Mexico,2003.0,Unknown,25-29 years,25-29,3.0,,
21136,Chlamydia,274.0,New Mexico,2003.0,Unknown,30-34 years,30-34,2.0,,
21137,Chlamydia,274.0,New Mexico,2003.0,Unknown,35-39 years,35-39,1.0,,
21138,Chlamydia,274.0,New Mexico,2003.0,Unknown,Unknown,99,3.0,,
21139,Chlamydia,274.0,New Mexico,2004.0,Unknown,15-19 years,15-19,1.0,,
21140,Chlamydia,274.0,New Mexico,2004.0,Unknown,20-24 years,20-24,1.0,,
21141,Chlamydia,274.0,New Mexico,2004.0,Unknown,40+ years,40+,1.0,,
21142,Chlamydia,274.0,New Mexico,2004.0,Unknown,Unknown,99,5.0,,
21143,Chlamydia,274.0,New Mexico,2005.0,Unknown,15-19 years,15-19,1.0,,
21144,Chlamydia,274.0,New Mexico,2005.0,Unknown,20-24 years,20-24,1.0,,
21145,Chlamydia,274.0,New Mexico,2006.0,Unknown,15-19 years,15-19,1.0,,
21146,Chlamydia,274.0,New Mexico,2006.0,Unknown,20-24 years,20-24,4.0,,
21147,Chlamydia,274.0,New Mexico,2007.0,Unknown,20-24 years,20-24,1.0,,
21148,Chlamydia,274.0,New Mexico,2008.0,Unknown,15-19 years,15-19,1.0,,
21149,Chlamydia,274.0,New Mexico,2008.0,Unknown,20-24 years,20-24,1.0,,
21150,Chlamydia,274.0,New Mexico,2008.0,Unknown,Unknown,99,2.0,,
21151,Chlamydia,274.0,New Mexico,2009.0,Unknown,15-19 years,15-19,1.0,,
21152,Chlamydia,274.0,New Mexico,2009.0,Unknown,20-24 years,20-24,1.0,,
21153,Chlamydia,274.0,New Mexico,2009.0,Unknown,30-34 years,30-34,2.0,,
21154,Chlamydia,274.0,New Mexico,2009.0,Unknown,Unknown,99,2.0,,
21155,Chlamydia,274.0,New Mexico,2010.0,Unknown,15-19 years,15-19,1.0,,
21156,Chlamydia,274.0,New Mexico,2010.0,Unknown,20-24 years,20-24,1.0,,
21157,Chlamydia,274.0,New Mexico,2011.0,Unknown,20-24 years,20-24,2.0,,
21158,Chlamydia,274.0,New Mexico,2011.0,Unknown,25-29 years,25-29,4.0,,
21159,Chlamydia,274.0,New Mexico,2011.0,Unknown,30-34 years,30-34,3.0,,
21160,Chlamydia,274.0,New Mexico,2011.0,Unknown,40+ years,40+,1.0,,
21161,Chlamydia,274.0,New Mexico,2011.0,Unknown,Unknown,99,1.0,,
21162,Chlamydia,274.0,New Mexico,2012.0,Unknown,15-19 years,15-19,2.0,,
21163,Chlamydia,274.0,New Mexico,2012.0,Unknown,20-24 years,20-24,2.0,,
21164,Chlamydia,274.0,New Mexico,2013.0,Unknown,0-14 years,0-14,1.0,,
21165,Chlamydia,274.0,New Mexico,2013.0,Unknown,15-19 years,15-19,2.0,,
21166,Chlamydia,274.0,New Mexico,2013.0,Unknown,20-24 years,20-24,3.0,,
21167,Chlamydia,274.0,New Mexico,2013.0,Unknown,30-34 years,30-34,1.0,,
21168,Chlamydia,274.0,New Mexico,2014.0,Unknown,15-19 years,15-19,4.0,,
21169,Chlamydia,274.0,New Mexico,2014.0,Unknown,20-24 years,20-24,4.0,,
21170,Chlamydia,274.0,New Mexico,2014.0,Unknown,25-29 years,25-29,2.0,,
21171,Chlamydia,274.0,New Mexico,2014.0,Unknown,30-34 years,30-34,1.0,,
21172,Chlamydia,274.0,New Mexico,2014.0,Unknown,35-39 years,35-39,2.0,,
21173,Chlamydia,274.0,New Mexico,2014.0,Unknown,40+ years,40+,2.0,,
21174,Chlamydia,274.0,New York,2000.0,Unknown,0-14 years,0-14,2.0,,
21175,Chlamydia,274.0,New York,2000.0,Unknown,15-19 years,15-19,42.0,,
21176,Chlamydia,274.0,New York,2000.0,Unknown,20-24 years,20-24,50.0,,
21177,Chlamydia,274.0,New York,2000.0,Unknown,25-29 years,25-29,19.0,,
21178,Chlamydia,274.0,New York,2000.0,Unknown,30-34 years,30-34,8.0,,
21179,Chlamydia,274.0,New York,2000.0,Unknown,35-39 years,35-39,6.0,,
21180,Chlamydia,274.0,New York,2000.0,Unknown,40+ years,40+,3.0,,
21181,Chlamydia,274.0,New York,2001.0,Unknown,0-14 years,0-14,2.0,,
21182,Chlamydia,274.0,New York,2001.0,Unknown,15-19 years,15-19,15.0,,
21183,Chlamydia,274.0,New York,2001.0,Unknown,20-24 years,20-24,17.0,,
21184,Chlamydia,274.0,New York,2001.0,Unknown,25-29 years,25-29,11.0,,
21185,Chlamydia,274.0,New York,2001.0,Unknown,30-34 years,30-34,4.0,,
21186,Chlamydia,274.0,New York,2001.0,Unknown,35-39 years,35-39,4.0,,
21187,Chlamydia,274.0,New York,2001.0,Unknown,40+ years,40+,1.0,,
21188,Chlamydia,274.0,New York,2002.0,Unknown,15-19 years,15-19,7.0,,
21189,Chlamydia,274.0,New York,2002.0,Unknown,20-24 years,20-24,11.0,,
21190,Chlamydia,274.0,New York,2002.0,Unknown,25-29 years,25-29,8.0,,
21191,Chlamydia,274.0,New York,2002.0,Unknown,30-34 years,30-34,6.0,,
21192,Chlamydia,274.0,New York,2002.0,Unknown,40+ years,40+,2.0,,
21193,Chlamydia,274.0,New York,2002.0,Unknown,Unknown,99,2.0,,
21194,Chlamydia,274.0,New York,2003.0,Unknown,0-14 years,0-14,4.0,,
21195,Chlamydia,274.0,New York,2003.0,Unknown,15-19 years,15-19,53.0,,
21196,Chlamydia,274.0,New York,2003.0,Unknown,20-24 years,20-24,73.0,,
21197,Chlamydia,274.0,New York,2003.0,Unknown,25-29 years,25-29,41.0,,
21198,Chlamydia,274.0,New York,2003.0,Unknown,30-34 years,30-34,17.0,,
21199,Chlamydia,274.0,New York,2003.0,Unknown,35-39 years,35-39,10.0,,
21200,Chlamydia,274.0,New York,2003.0,Unknown,40+ years,40+,7.0,,
21201,Chlamydia,274.0,New York,2003.0,Unknown,Unknown,99,4.0,,
21202,Chlamydia,274.0,New York,2004.0,Unknown,0-14 years,0-14,3.0,,
21203,Chlamydia,274.0,New York,2004.0,Unknown,15-19 years,15-19,23.0,,
21204,Chlamydia,274.0,New York,2004.0,Unknown,20-24 years,20-24,24.0,,
21205,Chlamydia,274.0,New York,2004.0,Unknown,25-29 years,25-29,14.0,,
21206,Chlamydia,274.0,New York,2004.0,Unknown,30-34 years,30-34,7.0,,
21207,Chlamydia,274.0,New York,2004.0,Unknown,35-39 years,35-39,2.0,,
21208,Chlamydia,274.0,New York,2004.0,Unknown,40+ years,40+,4.0,,
21209,Chlamydia,274.0,New York,2004.0,Unknown,Unknown,99,14.0,,
21210,Chlamydia,274.0,New York,2005.0,Unknown,0-14 years,0-14,1.0,,
21211,Chlamydia,274.0,New York,2005.0,Unknown,15-19 years,15-19,14.0,,
21212,Chlamydia,274.0,New York,2005.0,Unknown,20-24 years,20-24,3.0,,
21213,Chlamydia,274.0,New York,2005.0,Unknown,25-29 years,25-29,4.0,,
21214,Chlamydia,274.0,New York,2005.0,Unknown,35-39 years,35-39,1.0,,
21215,Chlamydia,274.0,New York,2005.0,Unknown,40+ years,40+,1.0,,
21216,Chlamydia,274.0,New York,2005.0,Unknown,Unknown,99,4.0,,
21217,Chlamydia,274.0,New York,2006.0,Unknown,15-19 years,15-19,3.0,,
21218,Chlamydia,274.0,New York,2006.0,Unknown,Unknown,99,1.0,,
21219,Chlamydia,274.0,New York,2007.0,Unknown,0-14 years,0-14,4.0,,
21220,Chlamydia,274.0,New York,2007.0,Unknown,15-19 years,15-19,27.0,,
21221,Chlamydia,274.0,New York,2007.0,Unknown,20-24 years,20-24,18.0,,
21222,Chlamydia,274.0,New York,2007.0,Unknown,25-29 years,25-29,7.0,,
21223,Chlamydia,274.0,New York,2007.0,Unknown,30-34 years,30-34,2.0,,
21224,Chlamydia,274.0,New York,2007.0,Unknown,35-39 years,35-39,3.0,,
21225,Chlamydia,274.0,New York,2007.0,Unknown,40+ years,40+,5.0,,
21226,Chlamydia,274.0,New York,2007.0,Unknown,Unknown,99,16.0,,
21227,Chlamydia,274.0,New York,2008.0,Unknown,0-14 years,0-14,1.0,,
21228,Chlamydia,274.0,New York,2008.0,Unknown,15-19 years,15-19,5.0,,
21229,Chlamydia,274.0,New York,2008.0,Unknown,20-24 years,20-24,2.0,,
21230,Chlamydia,274.0,New York,2008.0,Unknown,25-29 years,25-29,8.0,,
21231,Chlamydia,274.0,New York,2008.0,Unknown,30-34 years,30-34,5.0,,
21232,Chlamydia,274.0,New York,2008.0,Unknown,Unknown,99,2.0,,
21233,Chlamydia,274.0,New York,2009.0,Unknown,15-19 years,15-19,6.0,,
21234,Chlamydia,274.0,New York,2009.0,Unknown,20-24 years,20-24,3.0,,
21235,Chlamydia,274.0,New York,2009.0,Unknown,25-29 years,25-29,1.0,,
21236,Chlamydia,274.0,New York,2009.0,Unknown,30-34 years,30-34,3.0,,
21237,Chlamydia,274.0,New York,2009.0,Unknown,35-39 years,35-39,1.0,,
21238,Chlamydia,274.0,New York,2009.0,Unknown,Unknown,99,2.0,,
21239,Chlamydia,274.0,New York,2010.0,Unknown,15-19 years,15-19,1.0,,
21240,Chlamydia,274.0,New York,2010.0,Unknown,20-24 years,20-24,1.0,,
21241,Chlamydia,274.0,New York,2010.0,Unknown,25-29 years,25-29,1.0,,
21242,Chlamydia,274.0,New York,2011.0,Unknown,0-14 years,0-14,4.0,,
21243,Chlamydia,274.0,New York,2011.0,Unknown,15-19 years,15-19,13.0,,
21244,Chlamydia,274.0,New York,2011.0,Unknown,20-24 years,20-24,6.0,,
21245,Chlamydia,274.0,New York,2011.0,Unknown,25-29 years,25-29,5.0,,
21246,Chlamydia,274.0,New York,2011.0,Unknown,30-34 years,30-34,1.0,,
21247,Chlamydia,274.0,New York,2011.0,Unknown,35-39 years,35-39,2.0,,
21248,Chlamydia,274.0,New York,2011.0,Unknown,40+ years,40+,1.0,,
21249,Chlamydia,274.0,New York,2011.0,Unknown,Unknown,99,139.0,,
21250,Chlamydia,274.0,New York,2012.0,Unknown,0-14 years,0-14,1.0,,
21251,Chlamydia,274.0,New York,2012.0,Unknown,15-19 years,15-19,8.0,,
21252,Chlamydia,274.0,New York,2012.0,Unknown,20-24 years,20-24,14.0,,
21253,Chlamydia,274.0,New York,2012.0,Unknown,25-29 years,25-29,13.0,,
21254,Chlamydia,274.0,New York,2012.0,Unknown,30-34 years,30-34,11.0,,
21255,Chlamydia,274.0,New York,2012.0,Unknown,35-39 years,35-39,5.0,,
21256,Chlamydia,274.0,New York,2012.0,Unknown,40+ years,40+,4.0,,
21257,Chlamydia,274.0,New York,2012.0,Unknown,Unknown,99,6.0,,
21258,Chlamydia,274.0,New York,2013.0,Unknown,15-19 years,15-19,7.0,,
21259,Chlamydia,274.0,New York,2013.0,Unknown,20-24 years,20-24,27.0,,
21260,Chlamydia,274.0,New York,2013.0,Unknown,25-29 years,25-29,13.0,,
21261,Chlamydia,274.0,New York,2013.0,Unknown,30-34 years,30-34,14.0,,
21262,Chlamydia,274.0,New York,2013.0,Unknown,35-39 years,35-39,8.0,,
21263,Chlamydia,274.0,New York,2013.0,Unknown,40+ years,40+,7.0,,
21264,Chlamydia,274.0,New York,2014.0,Unknown,15-19 years,15-19,5.0,,
21265,Chlamydia,274.0,New York,2014.0,Unknown,20-24 years,20-24,23.0,,
21266,Chlamydia,274.0,New York,2014.0,Unknown,25-29 years,25-29,16.0,,
21267,Chlamydia,274.0,New York,2014.0,Unknown,30-34 years,30-34,13.0,,
21268,Chlamydia,274.0,New York,2014.0,Unknown,35-39 years,35-39,6.0,,
21269,Chlamydia,274.0,New York,2014.0,Unknown,40+ years,40+,3.0,,
21270,Chlamydia,274.0,North Carolina,2000.0,Unknown,15-19 years,15-19,1.0,,
21271,Chlamydia,274.0,North Carolina,2002.0,Unknown,25-29 years,25-29,2.0,,
21272,Chlamydia,274.0,North Carolina,2003.0,Unknown,25-29 years,25-29,1.0,,
21273,Chlamydia,274.0,North Carolina,2007.0,Unknown,15-19 years,15-19,3.0,,
21274,Chlamydia,274.0,North Carolina,2007.0,Unknown,20-24 years,20-24,3.0,,
21275,Chlamydia,274.0,North Carolina,2007.0,Unknown,25-29 years,25-29,2.0,,
21276,Chlamydia,274.0,North Carolina,2008.0,Unknown,0-14 years,0-14,1.0,,
21277,Chlamydia,274.0,North Carolina,2008.0,Unknown,15-19 years,15-19,38.0,,
21278,Chlamydia,274.0,North Carolina,2008.0,Unknown,20-24 years,20-24,63.0,,
21279,Chlamydia,274.0,North Carolina,2008.0,Unknown,25-29 years,25-29,25.0,,
21280,Chlamydia,274.0,North Carolina,2008.0,Unknown,30-34 years,30-34,5.0,,
21281,Chlamydia,274.0,North Carolina,2008.0,Unknown,35-39 years,35-39,9.0,,
21282,Chlamydia,274.0,North Carolina,2008.0,Unknown,40+ years,40+,8.0,,
21283,Chlamydia,274.0,North Carolina,2008.0,Unknown,Unknown,99,18.0,,
21284,Chlamydia,274.0,North Carolina,2009.0,Unknown,0-14 years,0-14,5.0,,
21285,Chlamydia,274.0,North Carolina,2009.0,Unknown,15-19 years,15-19,53.0,,
21286,Chlamydia,274.0,North Carolina,2009.0,Unknown,20-24 years,20-24,88.0,,
21287,Chlamydia,274.0,North Carolina,2009.0,Unknown,25-29 years,25-29,35.0,,
21288,Chlamydia,274.0,North Carolina,2009.0,Unknown,30-34 years,30-34,16.0,,
21289,Chlamydia,274.0,North Carolina,2009.0,Unknown,35-39 years,35-39,5.0,,
21290,Chlamydia,274.0,North Carolina,2009.0,Unknown,40+ years,40+,5.0,,
21291,Chlamydia,274.0,North Carolina,2009.0,Unknown,Unknown,99,38.0,,
21292,Chlamydia,274.0,North Carolina,2010.0,Unknown,0-14 years,0-14,1.0,,
21293,Chlamydia,274.0,North Carolina,2010.0,Unknown,15-19 years,15-19,52.0,,
21294,Chlamydia,274.0,North Carolina,2010.0,Unknown,20-24 years,20-24,69.0,,
21295,Chlamydia,274.0,North Carolina,2010.0,Unknown,25-29 years,25-29,28.0,,
21296,Chlamydia,274.0,North Carolina,2010.0,Unknown,30-34 years,30-34,11.0,,
21297,Chlamydia,274.0,North Carolina,2010.0,Unknown,35-39 years,35-39,5.0,,
21298,Chlamydia,274.0,North Carolina,2010.0,Unknown,40+ years,40+,5.0,,
21299,Chlamydia,274.0,North Carolina,2010.0,Unknown,Unknown,99,11.0,,
21300,Chlamydia,274.0,North Carolina,2011.0,Unknown,0-14 years,0-14,2.0,,
21301,Chlamydia,274.0,North Carolina,2011.0,Unknown,15-19 years,15-19,62.0,,
21302,Chlamydia,274.0,North Carolina,2011.0,Unknown,20-24 years,20-24,99.0,,
21303,Chlamydia,274.0,North Carolina,2011.0,Unknown,25-29 years,25-29,46.0,,
21304,Chlamydia,274.0,North Carolina,2011.0,Unknown,30-34 years,30-34,14.0,,
21305,Chlamydia,274.0,North Carolina,2011.0,Unknown,35-39 years,35-39,3.0,,
21306,Chlamydia,274.0,North Carolina,2011.0,Unknown,40+ years,40+,4.0,,
21307,Chlamydia,274.0,North Carolina,2011.0,Unknown,Unknown,99,12.0,,
21308,Chlamydia,274.0,North Carolina,2012.0,Unknown,0-14 years,0-14,1.0,,
21309,Chlamydia,274.0,North Carolina,2012.0,Unknown,15-19 years,15-19,30.0,,
21310,Chlamydia,274.0,North Carolina,2012.0,Unknown,20-24 years,20-24,42.0,,
21311,Chlamydia,274.0,North Carolina,2012.0,Unknown,25-29 years,25-29,17.0,,
21312,Chlamydia,274.0,North Carolina,2012.0,Unknown,30-34 years,30-34,4.0,,
21313,Chlamydia,274.0,North Carolina,2012.0,Unknown,35-39 years,35-39,4.0,,
21314,Chlamydia,274.0,North Carolina,2012.0,Unknown,40+ years,40+,1.0,,
21315,Chlamydia,274.0,North Carolina,2012.0,Unknown,Unknown,99,3.0,,
21316,Chlamydia,274.0,North Carolina,2013.0,Unknown,15-19 years,15-19,4.0,,
21317,Chlamydia,274.0,North Carolina,2013.0,Unknown,20-24 years,20-24,8.0,,
21318,Chlamydia,274.0,North Carolina,2013.0,Unknown,25-29 years,25-29,2.0,,
21319,Chlamydia,274.0,North Carolina,2013.0,Unknown,30-34 years,30-34,1.0,,
21320,Chlamydia,274.0,North Carolina,2013.0,Unknown,35-39 years,35-39,1.0,,
21321,Chlamydia,274.0,North Carolina,2014.0,Unknown,0-14 years,0-14,1.0,,
21322,Chlamydia,274.0,North Carolina,2014.0,Unknown,15-19 years,15-19,4.0,,
21323,Chlamydia,274.0,North Carolina,2014.0,Unknown,20-24 years,20-24,1.0,,
21324,Chlamydia,274.0,North Carolina,2014.0,Unknown,25-29 years,25-29,3.0,,
21325,Chlamydia,274.0,North Carolina,2014.0,Unknown,30-34 years,30-34,1.0,,
21326,Chlamydia,274.0,North Carolina,2014.0,Unknown,35-39 years,35-39,2.0,,
21327,Chlamydia,274.0,North Carolina,2014.0,Unknown,40+ years,40+,3.0,,
21328,Chlamydia,274.0,North Dakota,2002.0,Unknown,15-19 years,15-19,1.0,,
21329,Chlamydia,274.0,North Dakota,2003.0,Unknown,0-14 years,0-14,1.0,,
21330,Chlamydia,274.0,North Dakota,2004.0,Unknown,15-19 years,15-19,1.0,,
21331,Chlamydia,274.0,North Dakota,2004.0,Unknown,20-24 years,20-24,2.0,,
21332,Chlamydia,274.0,North Dakota,2005.0,Unknown,20-24 years,20-24,1.0,,
21333,Chlamydia,274.0,North Dakota,2005.0,Unknown,25-29 years,25-29,1.0,,
21334,Chlamydia,274.0,North Dakota,2006.0,Unknown,20-24 years,20-24,1.0,,
21335,Chlamydia,274.0,North Dakota,2007.0,Unknown,15-19 years,15-19,1.0,,
21336,Chlamydia,274.0,North Dakota,2008.0,Unknown,15-19 years,15-19,1.0,,
21337,Chlamydia,274.0,North Dakota,2009.0,Unknown,0-14 years,0-14,1.0,,
21338,Chlamydia,274.0,North Dakota,2009.0,Unknown,15-19 years,15-19,1.0,,
21339,Chlamydia,274.0,North Dakota,2009.0,Unknown,20-24 years,20-24,2.0,,
21340,Chlamydia,274.0,North Dakota,2009.0,Unknown,25-29 years,25-29,1.0,,
21341,Chlamydia,274.0,North Dakota,2009.0,Unknown,30-34 years,30-34,1.0,,
21342,Chlamydia,274.0,North Dakota,2010.0,Unknown,20-24 years,20-24,4.0,,
21343,Chlamydia,274.0,North Dakota,2010.0,Unknown,25-29 years,25-29,1.0,,
21344,Chlamydia,274.0,North Dakota,2011.0,Unknown,15-19 years,15-19,1.0,,
21345,Chlamydia,274.0,Ohio,1998.0,Unknown,0-14 years,0-14,10.0,,
21346,Chlamydia,274.0,Ohio,1998.0,Unknown,15-19 years,15-19,92.0,,
21347,Chlamydia,274.0,Ohio,1998.0,Unknown,20-24 years,20-24,59.0,,
21348,Chlamydia,274.0,Ohio,1998.0,Unknown,25-29 years,25-29,13.0,,
21349,Chlamydia,274.0,Ohio,1998.0,Unknown,30-34 years,30-34,5.0,,
21350,Chlamydia,274.0,Ohio,1998.0,Unknown,35-39 years,35-39,4.0,,
21351,Chlamydia,274.0,Ohio,1998.0,Unknown,40+ years,40+,6.0,,
21352,Chlamydia,274.0,Ohio,1998.0,Unknown,Unknown,99,138.0,,
21353,Chlamydia,274.0,Ohio,1999.0,Unknown,0-14 years,0-14,5.0,,
21354,Chlamydia,274.0,Ohio,1999.0,Unknown,15-19 years,15-19,94.0,,
21355,Chlamydia,274.0,Ohio,1999.0,Unknown,20-24 years,20-24,67.0,,
21356,Chlamydia,274.0,Ohio,1999.0,Unknown,25-29 years,25-29,10.0,,
21357,Chlamydia,274.0,Ohio,1999.0,Unknown,30-34 years,30-34,5.0,,
21358,Chlamydia,274.0,Ohio,1999.0,Unknown,35-39 years,35-39,4.0,,
21359,Chlamydia,274.0,Ohio,1999.0,Unknown,40+ years,40+,4.0,,
21360,Chlamydia,274.0,Ohio,1999.0,Unknown,Unknown,99,225.0,,
21361,Chlamydia,274.0,Ohio,2000.0,Unknown,0-14 years,0-14,1.0,,
21362,Chlamydia,274.0,Ohio,2000.0,Unknown,15-19 years,15-19,60.0,,
21363,Chlamydia,274.0,Ohio,2000.0,Unknown,20-24 years,20-24,35.0,,
21364,Chlamydia,274.0,Ohio,2000.0,Unknown,25-29 years,25-29,14.0,,
21365,Chlamydia,274.0,Ohio,2000.0,Unknown,30-34 years,30-34,1.0,,
21366,Chlamydia,274.0,Ohio,2000.0,Unknown,35-39 years,35-39,4.0,,
21367,Chlamydia,274.0,Ohio,2000.0,Unknown,40+ years,40+,10.0,,
21368,Chlamydia,274.0,Ohio,2000.0,Unknown,Unknown,99,141.0,,
21369,Chlamydia,274.0,Ohio,2001.0,Unknown,0-14 years,0-14,6.0,,
21370,Chlamydia,274.0,Ohio,2001.0,Unknown,15-19 years,15-19,116.0,,
21371,Chlamydia,274.0,Ohio,2001.0,Unknown,20-24 years,20-24,60.0,,
21372,Chlamydia,274.0,Ohio,2001.0,Unknown,25-29 years,25-29,24.0,,
21373,Chlamydia,274.0,Ohio,2001.0,Unknown,30-34 years,30-34,6.0,,
21374,Chlamydia,274.0,Ohio,2001.0,Unknown,35-39 years,35-39,2.0,,
21375,Chlamydia,274.0,Ohio,2001.0,Unknown,40+ years,40+,4.0,,
21376,Chlamydia,274.0,Ohio,2001.0,Unknown,Unknown,99,311.0,,
21377,Chlamydia,274.0,Ohio,2002.0,Unknown,0-14 years,0-14,3.0,,
21378,Chlamydia,274.0,Ohio,2002.0,Unknown,15-19 years,15-19,150.0,,
21379,Chlamydia,274.0,Ohio,2002.0,Unknown,20-24 years,20-24,94.0,,
21380,Chlamydia,274.0,Ohio,2002.0,Unknown,25-29 years,25-29,27.0,,
21381,Chlamydia,274.0,Ohio,2002.0,Unknown,30-34 years,30-34,13.0,,
21382,Chlamydia,274.0,Ohio,2002.0,Unknown,35-39 years,35-39,5.0,,
21383,Chlamydia,274.0,Ohio,2002.0,Unknown,40+ years,40+,4.0,,
21384,Chlamydia,274.0,Ohio,2002.0,Unknown,Unknown,99,252.0,,
21385,Chlamydia,274.0,Ohio,2003.0,Unknown,0-14 years,0-14,5.0,,
21386,Chlamydia,274.0,Ohio,2003.0,Unknown,15-19 years,15-19,213.0,,
21387,Chlamydia,274.0,Ohio,2003.0,Unknown,20-24 years,20-24,192.0,,
21388,Chlamydia,274.0,Ohio,2003.0,Unknown,25-29 years,25-29,46.0,,
21389,Chlamydia,274.0,Ohio,2003.0,Unknown,30-34 years,30-34,11.0,,
21390,Chlamydia,274.0,Ohio,2003.0,Unknown,35-39 years,35-39,8.0,,
21391,Chlamydia,274.0,Ohio,2003.0,Unknown,40+ years,40+,12.0,,
21392,Chlamydia,274.0,Ohio,2003.0,Unknown,Unknown,99,271.0,,
21393,Chlamydia,274.0,Ohio,2004.0,Unknown,0-14 years,0-14,14.0,,
21394,Chlamydia,274.0,Ohio,2004.0,Unknown,15-19 years,15-19,246.0,,
21395,Chlamydia,274.0,Ohio,2004.0,Unknown,20-24 years,20-24,243.0,,
21396,Chlamydia,274.0,Ohio,2004.0,Unknown,25-29 years,25-29,71.0,,
21397,Chlamydia,274.0,Ohio,2004.0,Unknown,30-34 years,30-34,24.0,,
21398,Chlamydia,274.0,Ohio,2004.0,Unknown,35-39 years,35-39,9.0,,
21399,Chlamydia,274.0,Ohio,2004.0,Unknown,40+ years,40+,9.0,,
21400,Chlamydia,274.0,Ohio,2004.0,Unknown,Unknown,99,197.0,,
21401,Chlamydia,274.0,Ohio,2005.0,Unknown,0-14 years,0-14,16.0,,
21402,Chlamydia,274.0,Ohio,2005.0,Unknown,15-19 years,15-19,454.0,,
21403,Chlamydia,274.0,Ohio,2005.0,Unknown,20-24 years,20-24,433.0,,
21404,Chlamydia,274.0,Ohio,2005.0,Unknown,25-29 years,25-29,128.0,,
21405,Chlamydia,274.0,Ohio,2005.0,Unknown,30-34 years,30-34,39.0,,
21406,Chlamydia,274.0,Ohio,2005.0,Unknown,35-39 years,35-39,13.0,,
21407,Chlamydia,274.0,Ohio,2005.0,Unknown,40+ years,40+,15.0,,
21408,Chlamydia,274.0,Ohio,2005.0,Unknown,Unknown,99,257.0,,
21409,Chlamydia,274.0,Ohio,2006.0,Unknown,0-14 years,0-14,13.0,,
21410,Chlamydia,274.0,Ohio,2006.0,Unknown,15-19 years,15-19,171.0,,
21411,Chlamydia,274.0,Ohio,2006.0,Unknown,20-24 years,20-24,146.0,,
21412,Chlamydia,274.0,Ohio,2006.0,Unknown,25-29 years,25-29,51.0,,
21413,Chlamydia,274.0,Ohio,2006.0,Unknown,30-34 years,30-34,11.0,,
21414,Chlamydia,274.0,Ohio,2006.0,Unknown,35-39 years,35-39,6.0,,
21415,Chlamydia,274.0,Ohio,2006.0,Unknown,40+ years,40+,9.0,,
21416,Chlamydia,274.0,Ohio,2006.0,Unknown,Unknown,99,177.0,,
21417,Chlamydia,274.0,Ohio,2007.0,Unknown,0-14 years,0-14,10.0,,
21418,Chlamydia,274.0,Ohio,2007.0,Unknown,15-19 years,15-19,150.0,,
21419,Chlamydia,274.0,Ohio,2007.0,Unknown,20-24 years,20-24,103.0,,
21420,Chlamydia,274.0,Ohio,2007.0,Unknown,25-29 years,25-29,32.0,,
21421,Chlamydia,274.0,Ohio,2007.0,Unknown,30-34 years,30-34,13.0,,
21422,Chlamydia,274.0,Ohio,2007.0,Unknown,35-39 years,35-39,11.0,,
21423,Chlamydia,274.0,Ohio,2007.0,Unknown,40+ years,40+,4.0,,
21424,Chlamydia,274.0,Ohio,2007.0,Unknown,Unknown,99,116.0,,
21425,Chlamydia,274.0,Ohio,2008.0,Unknown,0-14 years,0-14,19.0,,
21426,Chlamydia,274.0,Ohio,2008.0,Unknown,15-19 years,15-19,494.0,,
21427,Chlamydia,274.0,Ohio,2008.0,Unknown,20-24 years,20-24,398.0,,
21428,Chlamydia,274.0,Ohio,2008.0,Unknown,25-29 years,25-29,158.0,,
21429,Chlamydia,274.0,Ohio,2008.0,Unknown,30-34 years,30-34,68.0,,
21430,Chlamydia,274.0,Ohio,2008.0,Unknown,35-39 years,35-39,28.0,,
21431,Chlamydia,274.0,Ohio,2008.0,Unknown,40+ years,40+,30.0,,
21432,Chlamydia,274.0,Ohio,2008.0,Unknown,Unknown,99,54.0,,
21433,Chlamydia,274.0,Ohio,2009.0,Unknown,0-14 years,0-14,6.0,,
21434,Chlamydia,274.0,Ohio,2009.0,Unknown,15-19 years,15-19,168.0,,
21435,Chlamydia,274.0,Ohio,2009.0,Unknown,20-24 years,20-24,144.0,,
21436,Chlamydia,274.0,Ohio,2009.0,Unknown,25-29 years,25-29,61.0,,
21437,Chlamydia,274.0,Ohio,2009.0,Unknown,30-34 years,30-34,28.0,,
21438,Chlamydia,274.0,Ohio,2009.0,Unknown,35-39 years,35-39,8.0,,
21439,Chlamydia,274.0,Ohio,2009.0,Unknown,40+ years,40+,13.0,,
21440,Chlamydia,274.0,Ohio,2009.0,Unknown,Unknown,99,109.0,,
21441,Chlamydia,274.0,Ohio,2010.0,Unknown,0-14 years,0-14,9.0,,
21442,Chlamydia,274.0,Ohio,2010.0,Unknown,15-19 years,15-19,65.0,,
21443,Chlamydia,274.0,Ohio,2010.0,Unknown,20-24 years,20-24,45.0,,
21444,Chlamydia,274.0,Ohio,2010.0,Unknown,25-29 years,25-29,22.0,,
21445,Chlamydia,274.0,Ohio,2010.0,Unknown,30-34 years,30-34,14.0,,
21446,Chlamydia,274.0,Ohio,2010.0,Unknown,35-39 years,35-39,3.0,,
21447,Chlamydia,274.0,Ohio,2010.0,Unknown,40+ years,40+,7.0,,
21448,Chlamydia,274.0,Ohio,2010.0,Unknown,Unknown,99,29.0,,
21449,Chlamydia,274.0,Ohio,2011.0,Unknown,0-14 years,0-14,1.0,,
21450,Chlamydia,274.0,Ohio,2011.0,Unknown,15-19 years,15-19,2.0,,
21451,Chlamydia,274.0,Ohio,2011.0,Unknown,20-24 years,20-24,2.0,,
21452,Chlamydia,274.0,Ohio,2011.0,Unknown,25-29 years,25-29,1.0,,
21453,Chlamydia,274.0,Ohio,2011.0,Unknown,40+ years,40+,1.0,,
21454,Chlamydia,274.0,Ohio,2011.0,Unknown,Unknown,99,1.0,,
21455,Chlamydia,274.0,Oklahoma,2008.0,Unknown,15-19 years,15-19,37.0,,
21456,Chlamydia,274.0,Oklahoma,2008.0,Unknown,20-24 years,20-24,29.0,,
21457,Chlamydia,274.0,Oklahoma,2008.0,Unknown,25-29 years,25-29,7.0,,
21458,Chlamydia,274.0,Oklahoma,2008.0,Unknown,30-34 years,30-34,5.0,,
21459,Chlamydia,274.0,Oklahoma,2008.0,Unknown,35-39 years,35-39,2.0,,
21460,Chlamydia,274.0,Oklahoma,2009.0,Unknown,0-14 years,0-14,1.0,,
21461,Chlamydia,274.0,Oklahoma,2009.0,Unknown,15-19 years,15-19,17.0,,
21462,Chlamydia,274.0,Oklahoma,2009.0,Unknown,20-24 years,20-24,17.0,,
21463,Chlamydia,274.0,Oklahoma,2009.0,Unknown,25-29 years,25-29,4.0,,
21464,Chlamydia,274.0,Oklahoma,2009.0,Unknown,30-34 years,30-34,4.0,,
21465,Chlamydia,274.0,Oklahoma,2010.0,Unknown,15-19 years,15-19,2.0,,
21466,Chlamydia,274.0,Oklahoma,2010.0,Unknown,20-24 years,20-24,3.0,,
21467,Chlamydia,274.0,Oklahoma,2010.0,Unknown,25-29 years,25-29,2.0,,
21468,Chlamydia,274.0,Oklahoma,2010.0,Unknown,30-34 years,30-34,1.0,,
21469,Chlamydia,274.0,Oklahoma,2011.0,Unknown,0-14 years,0-14,7.0,,
21470,Chlamydia,274.0,Oklahoma,2011.0,Unknown,15-19 years,15-19,112.0,,
21471,Chlamydia,274.0,Oklahoma,2011.0,Unknown,20-24 years,20-24,164.0,,
21472,Chlamydia,274.0,Oklahoma,2011.0,Unknown,25-29 years,25-29,74.0,,
21473,Chlamydia,274.0,Oklahoma,2011.0,Unknown,30-34 years,30-34,19.0,,
21474,Chlamydia,274.0,Oklahoma,2011.0,Unknown,35-39 years,35-39,11.0,,
21475,Chlamydia,274.0,Oklahoma,2011.0,Unknown,40+ years,40+,4.0,,
21476,Chlamydia,274.0,Oklahoma,2011.0,Unknown,Unknown,99,5.0,,
21477,Chlamydia,274.0,Oklahoma,2012.0,Unknown,15-19 years,15-19,2.0,,
21478,Chlamydia,274.0,Oklahoma,2012.0,Unknown,20-24 years,20-24,1.0,,
21479,Chlamydia,274.0,Oklahoma,2012.0,Unknown,25-29 years,25-29,1.0,,
21480,Chlamydia,274.0,Oklahoma,2014.0,Unknown,20-24 years,20-24,2.0,,
21481,Chlamydia,274.0,Oklahoma,2014.0,Unknown,25-29 years,25-29,1.0,,
21482,Chlamydia,274.0,Oklahoma,2014.0,Unknown,30-34 years,30-34,2.0,,
21483,Chlamydia,274.0,Oregon,2010.0,Unknown,25-29 years,25-29,1.0,,
21484,Chlamydia,274.0,Oregon,2012.0,Unknown,20-24 years,20-24,1.0,,
21485,Chlamydia,274.0,Oregon,2013.0,Unknown,15-19 years,15-19,1.0,,
21486,Chlamydia,274.0,Oregon,2013.0,Unknown,20-24 years,20-24,2.0,,
21487,Chlamydia,274.0,Oregon,2013.0,Unknown,25-29 years,25-29,2.0,,
21488,Chlamydia,274.0,Oregon,2013.0,Unknown,40+ years,40+,1.0,,
21489,Chlamydia,274.0,Oregon,2014.0,Unknown,15-19 years,15-19,1.0,,
21490,Chlamydia,274.0,Oregon,2014.0,Unknown,20-24 years,20-24,6.0,,
21491,Chlamydia,274.0,Oregon,2014.0,Unknown,35-39 years,35-39,2.0,,
21492,Chlamydia,274.0,Oregon,2014.0,Unknown,40+ years,40+,1.0,,
21493,Chlamydia,274.0,Pennsylvania,2000.0,Unknown,15-19 years,15-19,1.0,,
21494,Chlamydia,274.0,Pennsylvania,2002.0,Unknown,Unknown,99,1.0,,
21495,Chlamydia,274.0,Pennsylvania,2003.0,Unknown,15-19 years,15-19,22.0,,
21496,Chlamydia,274.0,Pennsylvania,2003.0,Unknown,20-24 years,20-24,16.0,,
21497,Chlamydia,274.0,Pennsylvania,2003.0,Unknown,25-29 years,25-29,3.0,,
21498,Chlamydia,274.0,Pennsylvania,2003.0,Unknown,30-34 years,30-34,1.0,,
21499,Chlamydia,274.0,Pennsylvania,2003.0,Unknown,35-39 years,35-39,2.0,,
21500,Chlamydia,274.0,Pennsylvania,2003.0,Unknown,40+ years,40+,2.0,,
21501,Chlamydia,274.0,Pennsylvania,2003.0,Unknown,Unknown,99,6.0,,
21502,Chlamydia,274.0,Pennsylvania,2004.0,Unknown,15-19 years,15-19,1.0,,
21503,Chlamydia,274.0,Pennsylvania,2004.0,Unknown,20-24 years,20-24,1.0,,
21504,Chlamydia,274.0,Pennsylvania,2004.0,Unknown,25-29 years,25-29,1.0,,
21505,Chlamydia,274.0,Pennsylvania,2005.0,Unknown,20-24 years,20-24,1.0,,
21506,Chlamydia,274.0,Pennsylvania,2005.0,Unknown,40+ years,40+,1.0,,
21507,Chlamydia,274.0,Pennsylvania,2006.0,Unknown,20-24 years,20-24,1.0,,
21508,Chlamydia,274.0,Pennsylvania,2006.0,Unknown,25-29 years,25-29,2.0,,
21509,Chlamydia,274.0,Pennsylvania,2007.0,Unknown,15-19 years,15-19,6.0,,
21510,Chlamydia,274.0,Pennsylvania,2007.0,Unknown,20-24 years,20-24,9.0,,
21511,Chlamydia,274.0,Pennsylvania,2007.0,Unknown,25-29 years,25-29,4.0,,
21512,Chlamydia,274.0,Pennsylvania,2007.0,Unknown,30-34 years,30-34,3.0,,
21513,Chlamydia,274.0,Pennsylvania,2007.0,Unknown,35-39 years,35-39,1.0,,
21514,Chlamydia,274.0,Pennsylvania,2007.0,Unknown,Unknown,99,1.0,,
21515,Chlamydia,274.0,Pennsylvania,2008.0,Unknown,25-29 years,25-29,1.0,,
21516,Chlamydia,274.0,Pennsylvania,2008.0,Unknown,40+ years,40+,1.0,,
21517,Chlamydia,274.0,Pennsylvania,2009.0,Unknown,0-14 years,0-14,2.0,,
21518,Chlamydia,274.0,Pennsylvania,2009.0,Unknown,15-19 years,15-19,11.0,,
21519,Chlamydia,274.0,Pennsylvania,2009.0,Unknown,20-24 years,20-24,9.0,,
21520,Chlamydia,274.0,Pennsylvania,2009.0,Unknown,25-29 years,25-29,4.0,,
21521,Chlamydia,274.0,Pennsylvania,2009.0,Unknown,30-34 years,30-34,3.0,,
21522,Chlamydia,274.0,Pennsylvania,2009.0,Unknown,35-39 years,35-39,1.0,,
21523,Chlamydia,274.0,Pennsylvania,2009.0,Unknown,40+ years,40+,3.0,,
21524,Chlamydia,274.0,Pennsylvania,2010.0,Unknown,0-14 years,0-14,1.0,,
21525,Chlamydia,274.0,Pennsylvania,2010.0,Unknown,15-19 years,15-19,17.0,,
21526,Chlamydia,274.0,Pennsylvania,2010.0,Unknown,20-24 years,20-24,18.0,,
21527,Chlamydia,274.0,Pennsylvania,2010.0,Unknown,25-29 years,25-29,5.0,,
21528,Chlamydia,274.0,Pennsylvania,2010.0,Unknown,30-34 years,30-34,3.0,,
21529,Chlamydia,274.0,Pennsylvania,2010.0,Unknown,35-39 years,35-39,1.0,,
21530,Chlamydia,274.0,Pennsylvania,2010.0,Unknown,40+ years,40+,1.0,,
21531,Chlamydia,274.0,Pennsylvania,2011.0,Unknown,0-14 years,0-14,2.0,,
21532,Chlamydia,274.0,Pennsylvania,2011.0,Unknown,15-19 years,15-19,16.0,,
21533,Chlamydia,274.0,Pennsylvania,2011.0,Unknown,20-24 years,20-24,23.0,,
21534,Chlamydia,274.0,Pennsylvania,2011.0,Unknown,25-29 years,25-29,9.0,,
21535,Chlamydia,274.0,Pennsylvania,2011.0,Unknown,30-34 years,30-34,4.0,,
21536,Chlamydia,274.0,Pennsylvania,2011.0,Unknown,35-39 years,35-39,1.0,,
21537,Chlamydia,274.0,Pennsylvania,2011.0,Unknown,40+ years,40+,2.0,,
21538,Chlamydia,274.0,Pennsylvania,2012.0,Unknown,15-19 years,15-19,14.0,,
21539,Chlamydia,274.0,Pennsylvania,2012.0,Unknown,20-24 years,20-24,14.0,,
21540,Chlamydia,274.0,Pennsylvania,2012.0,Unknown,25-29 years,25-29,4.0,,
21541,Chlamydia,274.0,Pennsylvania,2012.0,Unknown,30-34 years,30-34,2.0,,
21542,Chlamydia,274.0,Pennsylvania,2012.0,Unknown,35-39 years,35-39,1.0,,
21543,Chlamydia,274.0,Pennsylvania,2012.0,Unknown,40+ years,40+,1.0,,
21544,Chlamydia,274.0,Pennsylvania,2013.0,Unknown,15-19 years,15-19,14.0,,
21545,Chlamydia,274.0,Pennsylvania,2013.0,Unknown,20-24 years,20-24,15.0,,
21546,Chlamydia,274.0,Pennsylvania,2013.0,Unknown,25-29 years,25-29,8.0,,
21547,Chlamydia,274.0,Pennsylvania,2013.0,Unknown,30-34 years,30-34,1.0,,
21548,Chlamydia,274.0,Pennsylvania,2013.0,Unknown,35-39 years,35-39,1.0,,
21549,Chlamydia,274.0,Pennsylvania,2014.0,Unknown,15-19 years,15-19,11.0,,
21550,Chlamydia,274.0,Pennsylvania,2014.0,Unknown,20-24 years,20-24,26.0,,
21551,Chlamydia,274.0,Pennsylvania,2014.0,Unknown,25-29 years,25-29,9.0,,
21552,Chlamydia,274.0,Pennsylvania,2014.0,Unknown,30-34 years,30-34,4.0,,
21553,Chlamydia,274.0,Pennsylvania,2014.0,Unknown,40+ years,40+,1.0,,
21554,Chlamydia,274.0,Rhode Island,2004.0,Unknown,15-19 years,15-19,2.0,,
21555,Chlamydia,274.0,Rhode Island,2004.0,Unknown,25-29 years,25-29,1.0,,
21556,Chlamydia,274.0,Rhode Island,2004.0,Unknown,35-39 years,35-39,1.0,,
21557,Chlamydia,274.0,Rhode Island,2005.0,Unknown,15-19 years,15-19,2.0,,
21558,Chlamydia,274.0,Rhode Island,2005.0,Unknown,20-24 years,20-24,3.0,,
21559,Chlamydia,274.0,Rhode Island,2006.0,Unknown,15-19 years,15-19,3.0,,
21560,Chlamydia,274.0,Rhode Island,2006.0,Unknown,20-24 years,20-24,2.0,,
21561,Chlamydia,274.0,Rhode Island,2007.0,Unknown,15-19 years,15-19,2.0,,
21562,Chlamydia,274.0,Rhode Island,2007.0,Unknown,Unknown,99,1.0,,
21563,Chlamydia,274.0,Rhode Island,2008.0,Unknown,15-19 years,15-19,1.0,,
21564,Chlamydia,274.0,Rhode Island,2008.0,Unknown,20-24 years,20-24,1.0,,
21565,Chlamydia,274.0,South Carolina,2000.0,Unknown,0-14 years,0-14,4.0,,
21566,Chlamydia,274.0,South Carolina,2000.0,Unknown,15-19 years,15-19,32.0,,
21567,Chlamydia,274.0,South Carolina,2000.0,Unknown,20-24 years,20-24,16.0,,
21568,Chlamydia,274.0,South Carolina,2000.0,Unknown,25-29 years,25-29,5.0,,
21569,Chlamydia,274.0,South Carolina,2000.0,Unknown,30-34 years,30-34,6.0,,
21570,Chlamydia,274.0,South Carolina,2000.0,Unknown,35-39 years,35-39,2.0,,
21571,Chlamydia,274.0,South Carolina,2000.0,Unknown,Unknown,99,37.0,,
21572,Chlamydia,274.0,South Carolina,2001.0,Unknown,0-14 years,0-14,3.0,,
21573,Chlamydia,274.0,South Carolina,2001.0,Unknown,15-19 years,15-19,25.0,,
21574,Chlamydia,274.0,South Carolina,2001.0,Unknown,20-24 years,20-24,26.0,,
21575,Chlamydia,274.0,South Carolina,2001.0,Unknown,25-29 years,25-29,5.0,,
21576,Chlamydia,274.0,South Carolina,2001.0,Unknown,30-34 years,30-34,3.0,,
21577,Chlamydia,274.0,South Carolina,2001.0,Unknown,Unknown,99,8.0,,
21578,Chlamydia,274.0,South Carolina,2002.0,Unknown,0-14 years,0-14,4.0,,
21579,Chlamydia,274.0,South Carolina,2002.0,Unknown,15-19 years,15-19,16.0,,
21580,Chlamydia,274.0,South Carolina,2002.0,Unknown,20-24 years,20-24,12.0,,
21581,Chlamydia,274.0,South Carolina,2002.0,Unknown,25-29 years,25-29,6.0,,
21582,Chlamydia,274.0,South Carolina,2002.0,Unknown,35-39 years,35-39,1.0,,
21583,Chlamydia,274.0,South Carolina,2002.0,Unknown,40+ years,40+,1.0,,
21584,Chlamydia,274.0,South Carolina,2002.0,Unknown,Unknown,99,6.0,,
21585,Chlamydia,274.0,South Carolina,2003.0,Unknown,0-14 years,0-14,3.0,,
21586,Chlamydia,274.0,South Carolina,2003.0,Unknown,15-19 years,15-19,25.0,,
21587,Chlamydia,274.0,South Carolina,2003.0,Unknown,20-24 years,20-24,24.0,,
21588,Chlamydia,274.0,South Carolina,2003.0,Unknown,25-29 years,25-29,6.0,,
21589,Chlamydia,274.0,South Carolina,2003.0,Unknown,30-34 years,30-34,1.0,,
21590,Chlamydia,274.0,South Carolina,2003.0,Unknown,35-39 years,35-39,1.0,,
21591,Chlamydia,274.0,South Carolina,2003.0,Unknown,Unknown,99,5.0,,
21592,Chlamydia,274.0,South Carolina,2004.0,Unknown,0-14 years,0-14,1.0,,
21593,Chlamydia,274.0,South Carolina,2004.0,Unknown,15-19 years,15-19,11.0,,
21594,Chlamydia,274.0,South Carolina,2004.0,Unknown,20-24 years,20-24,18.0,,
21595,Chlamydia,274.0,South Carolina,2004.0,Unknown,25-29 years,25-29,6.0,,
21596,Chlamydia,274.0,South Carolina,2004.0,Unknown,30-34 years,30-34,2.0,,
21597,Chlamydia,274.0,South Carolina,2004.0,Unknown,Unknown,99,4.0,,
21598,Chlamydia,274.0,South Carolina,2005.0,Unknown,15-19 years,15-19,4.0,,
21599,Chlamydia,274.0,South Carolina,2005.0,Unknown,20-24 years,20-24,13.0,,
21600,Chlamydia,274.0,South Carolina,2005.0,Unknown,25-29 years,25-29,5.0,,
21601,Chlamydia,274.0,South Carolina,2005.0,Unknown,30-34 years,30-34,1.0,,
21602,Chlamydia,274.0,South Carolina,2005.0,Unknown,40+ years,40+,3.0,,
21603,Chlamydia,274.0,South Carolina,2005.0,Unknown,Unknown,99,4.0,,
21604,Chlamydia,274.0,South Carolina,2006.0,Unknown,15-19 years,15-19,3.0,,
21605,Chlamydia,274.0,South Carolina,2006.0,Unknown,20-24 years,20-24,10.0,,
21606,Chlamydia,274.0,South Carolina,2006.0,Unknown,25-29 years,25-29,3.0,,
21607,Chlamydia,274.0,South Carolina,2006.0,Unknown,30-34 years,30-34,4.0,,
21608,Chlamydia,274.0,South Carolina,2006.0,Unknown,40+ years,40+,2.0,,
21609,Chlamydia,274.0,South Carolina,2006.0,Unknown,Unknown,99,2.0,,
21610,Chlamydia,274.0,South Carolina,2007.0,Unknown,0-14 years,0-14,1.0,,
21611,Chlamydia,274.0,South Carolina,2007.0,Unknown,15-19 years,15-19,40.0,,
21612,Chlamydia,274.0,South Carolina,2007.0,Unknown,20-24 years,20-24,33.0,,
21613,Chlamydia,274.0,South Carolina,2007.0,Unknown,25-29 years,25-29,9.0,,
21614,Chlamydia,274.0,South Carolina,2007.0,Unknown,30-34 years,30-34,2.0,,
21615,Chlamydia,274.0,South Carolina,2007.0,Unknown,40+ years,40+,3.0,,
21616,Chlamydia,274.0,South Carolina,2007.0,Unknown,Unknown,99,1.0,,
21617,Chlamydia,274.0,South Carolina,2008.0,Unknown,15-19 years,15-19,60.0,,
21618,Chlamydia,274.0,South Carolina,2008.0,Unknown,20-24 years,20-24,32.0,,
21619,Chlamydia,274.0,South Carolina,2008.0,Unknown,25-29 years,25-29,8.0,,
21620,Chlamydia,274.0,South Carolina,2008.0,Unknown,30-34 years,30-34,4.0,,
21621,Chlamydia,274.0,South Carolina,2008.0,Unknown,35-39 years,35-39,1.0,,
21622,Chlamydia,274.0,South Carolina,2008.0,Unknown,40+ years,40+,1.0,,
21623,Chlamydia,274.0,South Carolina,2008.0,Unknown,Unknown,99,2.0,,
21624,Chlamydia,274.0,South Carolina,2009.0,Unknown,0-14 years,0-14,2.0,,
21625,Chlamydia,274.0,South Carolina,2009.0,Unknown,15-19 years,15-19,59.0,,
21626,Chlamydia,274.0,South Carolina,2009.0,Unknown,20-24 years,20-24,44.0,,
21627,Chlamydia,274.0,South Carolina,2009.0,Unknown,25-29 years,25-29,6.0,,
21628,Chlamydia,274.0,South Carolina,2009.0,Unknown,30-34 years,30-34,1.0,,
21629,Chlamydia,274.0,South Carolina,2010.0,Unknown,15-19 years,15-19,14.0,,
21630,Chlamydia,274.0,South Carolina,2010.0,Unknown,20-24 years,20-24,10.0,,
21631,Chlamydia,274.0,South Carolina,2010.0,Unknown,25-29 years,25-29,4.0,,
21632,Chlamydia,274.0,South Carolina,2010.0,Unknown,30-34 years,30-34,1.0,,
21633,Chlamydia,274.0,South Carolina,2010.0,Unknown,40+ years,40+,1.0,,
21634,Chlamydia,274.0,South Carolina,2011.0,Unknown,0-14 years,0-14,1.0,,
21635,Chlamydia,274.0,South Carolina,2011.0,Unknown,15-19 years,15-19,19.0,,
21636,Chlamydia,274.0,South Carolina,2011.0,Unknown,20-24 years,20-24,23.0,,
21637,Chlamydia,274.0,South Carolina,2011.0,Unknown,25-29 years,25-29,11.0,,
21638,Chlamydia,274.0,South Carolina,2011.0,Unknown,30-34 years,30-34,6.0,,
21639,Chlamydia,274.0,South Carolina,2011.0,Unknown,35-39 years,35-39,4.0,,
21640,Chlamydia,274.0,South Carolina,2011.0,Unknown,40+ years,40+,3.0,,
21641,Chlamydia,274.0,South Carolina,2011.0,Unknown,Unknown,99,2.0,,
21642,Chlamydia,274.0,South Carolina,2012.0,Unknown,0-14 years,0-14,2.0,,
21643,Chlamydia,274.0,South Carolina,2012.0,Unknown,15-19 years,15-19,24.0,,
21644,Chlamydia,274.0,South Carolina,2012.0,Unknown,20-24 years,20-24,18.0,,
21645,Chlamydia,274.0,South Carolina,2012.0,Unknown,25-29 years,25-29,9.0,,
21646,Chlamydia,274.0,South Carolina,2012.0,Unknown,30-34 years,30-34,4.0,,
21647,Chlamydia,274.0,South Carolina,2012.0,Unknown,35-39 years,35-39,2.0,,
21648,Chlamydia,274.0,South Carolina,2012.0,Unknown,40+ years,40+,1.0,,
21649,Chlamydia,274.0,South Carolina,2012.0,Unknown,Unknown,99,4.0,,
21650,Chlamydia,274.0,South Carolina,2013.0,Unknown,15-19 years,15-19,16.0,,
21651,Chlamydia,274.0,South Carolina,2013.0,Unknown,20-24 years,20-24,21.0,,
21652,Chlamydia,274.0,South Carolina,2013.0,Unknown,25-29 years,25-29,12.0,,
21653,Chlamydia,274.0,South Carolina,2013.0,Unknown,30-34 years,30-34,3.0,,
21654,Chlamydia,274.0,South Carolina,2013.0,Unknown,35-39 years,35-39,2.0,,
21655,Chlamydia,274.0,South Carolina,2013.0,Unknown,40+ years,40+,2.0,,
21656,Chlamydia,274.0,South Carolina,2013.0,Unknown,Unknown,99,3.0,,
21657,Chlamydia,274.0,South Carolina,2014.0,Unknown,0-14 years,0-14,1.0,,
21658,Chlamydia,274.0,South Carolina,2014.0,Unknown,15-19 years,15-19,26.0,,
21659,Chlamydia,274.0,South Carolina,2014.0,Unknown,20-24 years,20-24,53.0,,
21660,Chlamydia,274.0,South Carolina,2014.0,Unknown,25-29 years,25-29,21.0,,
21661,Chlamydia,274.0,South Carolina,2014.0,Unknown,30-34 years,30-34,11.0,,
21662,Chlamydia,274.0,South Carolina,2014.0,Unknown,35-39 years,35-39,4.0,,
21663,Chlamydia,274.0,South Carolina,2014.0,Unknown,40+ years,40+,7.0,,
21664,Chlamydia,274.0,South Carolina,2014.0,Unknown,Unknown,99,7.0,,
21665,Chlamydia,274.0,South Dakota,1997.0,Unknown,20-24 years,20-24,1.0,,
21666,Chlamydia,274.0,South Dakota,1998.0,Unknown,20-24 years,20-24,1.0,,
21667,Chlamydia,274.0,South Dakota,1999.0,Unknown,20-24 years,20-24,1.0,,
21668,Chlamydia,274.0,South Dakota,1999.0,Unknown,25-29 years,25-29,1.0,,
21669,Chlamydia,274.0,South Dakota,2000.0,Unknown,20-24 years,20-24,2.0,,
21670,Chlamydia,274.0,South Dakota,2000.0,Unknown,30-34 years,30-34,1.0,,
21671,Chlamydia,274.0,South Dakota,2002.0,Unknown,0-14 years,0-14,1.0,,
21672,Chlamydia,274.0,South Dakota,2003.0,Unknown,35-39 years,35-39,1.0,,
21673,Chlamydia,274.0,South Dakota,2003.0,Unknown,40+ years,40+,1.0,,
21674,Chlamydia,274.0,South Dakota,2005.0,Unknown,15-19 years,15-19,1.0,,
21675,Chlamydia,274.0,South Dakota,2005.0,Unknown,20-24 years,20-24,1.0,,
21676,Chlamydia,274.0,South Dakota,2005.0,Unknown,30-34 years,30-34,1.0,,
21677,Chlamydia,274.0,South Dakota,2006.0,Unknown,25-29 years,25-29,1.0,,
21678,Chlamydia,274.0,South Dakota,2007.0,Unknown,15-19 years,15-19,1.0,,
21679,Chlamydia,274.0,South Dakota,2008.0,Unknown,15-19 years,15-19,2.0,,
21680,Chlamydia,274.0,South Dakota,2008.0,Unknown,20-24 years,20-24,2.0,,
21681,Chlamydia,274.0,South Dakota,2009.0,Unknown,15-19 years,15-19,6.0,,
21682,Chlamydia,274.0,South Dakota,2009.0,Unknown,20-24 years,20-24,4.0,,
21683,Chlamydia,274.0,South Dakota,2009.0,Unknown,40+ years,40+,1.0,,
21684,Chlamydia,274.0,South Dakota,2009.0,Unknown,Unknown,99,2.0,,
21685,Chlamydia,274.0,South Dakota,2010.0,Unknown,15-19 years,15-19,3.0,,
21686,Chlamydia,274.0,South Dakota,2010.0,Unknown,20-24 years,20-24,3.0,,
21687,Chlamydia,274.0,South Dakota,2010.0,Unknown,25-29 years,25-29,3.0,,
21688,Chlamydia,274.0,South Dakota,2011.0,Unknown,20-24 years,20-24,2.0,,
21689,Chlamydia,274.0,South Dakota,2011.0,Unknown,25-29 years,25-29,1.0,,
21690,Chlamydia,274.0,South Dakota,2011.0,Unknown,30-34 years,30-34,1.0,,
21691,Chlamydia,274.0,Tennessee,2005.0,Unknown,15-19 years,15-19,3.0,,
21692,Chlamydia,274.0,Tennessee,2005.0,Unknown,20-24 years,20-24,8.0,,
21693,Chlamydia,274.0,Tennessee,2005.0,Unknown,25-29 years,25-29,1.0,,
21694,Chlamydia,274.0,Tennessee,2009.0,Unknown,Unknown,99,1.0,,
21695,Chlamydia,274.0,Tennessee,2010.0,Unknown,0-14 years,0-14,1.0,,
21696,Chlamydia,274.0,Tennessee,2010.0,Unknown,15-19 years,15-19,10.0,,
21697,Chlamydia,274.0,Tennessee,2010.0,Unknown,20-24 years,20-24,7.0,,
21698,Chlamydia,274.0,Tennessee,2010.0,Unknown,30-34 years,30-34,1.0,,
21699,Chlamydia,274.0,Tennessee,2010.0,Unknown,35-39 years,35-39,1.0,,
21700,Chlamydia,274.0,Tennessee,2012.0,Unknown,15-19 years,15-19,14.0,,
21701,Chlamydia,274.0,Tennessee,2012.0,Unknown,20-24 years,20-24,15.0,,
21702,Chlamydia,274.0,Tennessee,2012.0,Unknown,25-29 years,25-29,4.0,,
21703,Chlamydia,274.0,Tennessee,2012.0,Unknown,30-34 years,30-34,4.0,,
21704,Chlamydia,274.0,Tennessee,2012.0,Unknown,40+ years,40+,2.0,,
21705,Chlamydia,274.0,Tennessee,2013.0,Unknown,20-24 years,20-24,1.0,,
21706,Chlamydia,274.0,Tennessee,2013.0,Unknown,35-39 years,35-39,1.0,,
21707,Chlamydia,274.0,Tennessee,2014.0,Unknown,15-19 years,15-19,1.0,,
21708,Chlamydia,274.0,Tennessee,2014.0,Unknown,20-24 years,20-24,2.0,,
21709,Chlamydia,274.0,Texas,1999.0,Unknown,0-14 years,0-14,14.0,,
21710,Chlamydia,274.0,Texas,1999.0,Unknown,15-19 years,15-19,100.0,,
21711,Chlamydia,274.0,Texas,1999.0,Unknown,20-24 years,20-24,62.0,,
21712,Chlamydia,274.0,Texas,1999.0,Unknown,25-29 years,25-29,20.0,,
21713,Chlamydia,274.0,Texas,1999.0,Unknown,30-34 years,30-34,10.0,,
21714,Chlamydia,274.0,Texas,1999.0,Unknown,35-39 years,35-39,8.0,,
21715,Chlamydia,274.0,Texas,1999.0,Unknown,40+ years,40+,5.0,,
21716,Chlamydia,274.0,Texas,1999.0,Unknown,Unknown,99,71.0,,
21717,Chlamydia,274.0,Texas,2000.0,Unknown,0-14 years,0-14,16.0,,
21718,Chlamydia,274.0,Texas,2000.0,Unknown,15-19 years,15-19,46.0,,
21719,Chlamydia,274.0,Texas,2000.0,Unknown,20-24 years,20-24,55.0,,
21720,Chlamydia,274.0,Texas,2000.0,Unknown,25-29 years,25-29,11.0,,
21721,Chlamydia,274.0,Texas,2000.0,Unknown,30-34 years,30-34,9.0,,
21722,Chlamydia,274.0,Texas,2000.0,Unknown,35-39 years,35-39,2.0,,
21723,Chlamydia,274.0,Texas,2000.0,Unknown,40+ years,40+,1.0,,
21724,Chlamydia,274.0,Texas,2000.0,Unknown,Unknown,99,28.0,,
21725,Chlamydia,274.0,Texas,2001.0,Unknown,0-14 years,0-14,5.0,,
21726,Chlamydia,274.0,Texas,2001.0,Unknown,15-19 years,15-19,30.0,,
21727,Chlamydia,274.0,Texas,2001.0,Unknown,20-24 years,20-24,40.0,,
21728,Chlamydia,274.0,Texas,2001.0,Unknown,25-29 years,25-29,8.0,,
21729,Chlamydia,274.0,Texas,2001.0,Unknown,30-34 years,30-34,5.0,,
21730,Chlamydia,274.0,Texas,2001.0,Unknown,35-39 years,35-39,4.0,,
21731,Chlamydia,274.0,Texas,2001.0,Unknown,40+ years,40+,2.0,,
21732,Chlamydia,274.0,Texas,2001.0,Unknown,Unknown,99,14.0,,
21733,Chlamydia,274.0,Texas,2002.0,Unknown,0-14 years,0-14,2.0,,
21734,Chlamydia,274.0,Texas,2002.0,Unknown,15-19 years,15-19,39.0,,
21735,Chlamydia,274.0,Texas,2002.0,Unknown,20-24 years,20-24,36.0,,
21736,Chlamydia,274.0,Texas,2002.0,Unknown,25-29 years,25-29,12.0,,
21737,Chlamydia,274.0,Texas,2002.0,Unknown,30-34 years,30-34,8.0,,
21738,Chlamydia,274.0,Texas,2002.0,Unknown,35-39 years,35-39,2.0,,
21739,Chlamydia,274.0,Texas,2002.0,Unknown,40+ years,40+,3.0,,
21740,Chlamydia,274.0,Texas,2002.0,Unknown,Unknown,99,17.0,,
21741,Chlamydia,274.0,Texas,2003.0,Unknown,0-14 years,0-14,4.0,,
21742,Chlamydia,274.0,Texas,2003.0,Unknown,15-19 years,15-19,22.0,,
21743,Chlamydia,274.0,Texas,2003.0,Unknown,20-24 years,20-24,14.0,,
21744,Chlamydia,274.0,Texas,2003.0,Unknown,25-29 years,25-29,5.0,,
21745,Chlamydia,274.0,Texas,2003.0,Unknown,Unknown,99,12.0,,
21746,Chlamydia,274.0,Texas,2004.0,Unknown,0-14 years,0-14,5.0,,
21747,Chlamydia,274.0,Texas,2004.0,Unknown,15-19 years,15-19,39.0,,
21748,Chlamydia,274.0,Texas,2004.0,Unknown,20-24 years,20-24,44.0,,
21749,Chlamydia,274.0,Texas,2004.0,Unknown,25-29 years,25-29,21.0,,
21750,Chlamydia,274.0,Texas,2004.0,Unknown,30-34 years,30-34,7.0,,
21751,Chlamydia,274.0,Texas,2004.0,Unknown,35-39 years,35-39,1.0,,
21752,Chlamydia,274.0,Texas,2004.0,Unknown,40+ years,40+,4.0,,
21753,Chlamydia,274.0,Texas,2004.0,Unknown,Unknown,99,22.0,,
21754,Chlamydia,274.0,Texas,2005.0,Unknown,0-14 years,0-14,1.0,,
21755,Chlamydia,274.0,Texas,2005.0,Unknown,15-19 years,15-19,13.0,,
21756,Chlamydia,274.0,Texas,2005.0,Unknown,20-24 years,20-24,16.0,,
21757,Chlamydia,274.0,Texas,2005.0,Unknown,25-29 years,25-29,9.0,,
21758,Chlamydia,274.0,Texas,2005.0,Unknown,35-39 years,35-39,5.0,,
21759,Chlamydia,274.0,Texas,2005.0,Unknown,40+ years,40+,2.0,,
21760,Chlamydia,274.0,Texas,2005.0,Unknown,Unknown,99,8.0,,
21761,Chlamydia,274.0,Texas,2006.0,Unknown,15-19 years,15-19,9.0,,
21762,Chlamydia,274.0,Texas,2006.0,Unknown,20-24 years,20-24,17.0,,
21763,Chlamydia,274.0,Texas,2006.0,Unknown,25-29 years,25-29,6.0,,
21764,Chlamydia,274.0,Texas,2006.0,Unknown,30-34 years,30-34,1.0,,
21765,Chlamydia,274.0,Texas,2006.0,Unknown,35-39 years,35-39,1.0,,
21766,Chlamydia,274.0,Texas,2006.0,Unknown,40+ years,40+,1.0,,
21767,Chlamydia,274.0,Texas,2006.0,Unknown,Unknown,99,3.0,,
21768,Chlamydia,274.0,Texas,2007.0,Unknown,0-14 years,0-14,4.0,,
21769,Chlamydia,274.0,Texas,2007.0,Unknown,15-19 years,15-19,32.0,,
21770,Chlamydia,274.0,Texas,2007.0,Unknown,20-24 years,20-24,42.0,,
21771,Chlamydia,274.0,Texas,2007.0,Unknown,25-29 years,25-29,27.0,,
21772,Chlamydia,274.0,Texas,2007.0,Unknown,30-34 years,30-34,12.0,,
21773,Chlamydia,274.0,Texas,2007.0,Unknown,35-39 years,35-39,1.0,,
21774,Chlamydia,274.0,Texas,2007.0,Unknown,40+ years,40+,4.0,,
21775,Chlamydia,274.0,Texas,2007.0,Unknown,Unknown,99,11.0,,
21776,Chlamydia,274.0,Texas,2008.0,Unknown,0-14 years,0-14,1.0,,
21777,Chlamydia,274.0,Texas,2008.0,Unknown,15-19 years,15-19,16.0,,
21778,Chlamydia,274.0,Texas,2008.0,Unknown,20-24 years,20-24,9.0,,
21779,Chlamydia,274.0,Texas,2008.0,Unknown,25-29 years,25-29,11.0,,
21780,Chlamydia,274.0,Texas,2008.0,Unknown,30-34 years,30-34,8.0,,
21781,Chlamydia,274.0,Texas,2008.0,Unknown,35-39 years,35-39,1.0,,
21782,Chlamydia,274.0,Texas,2008.0,Unknown,Unknown,99,10.0,,
21783,Chlamydia,274.0,Texas,2009.0,Unknown,0-14 years,0-14,1.0,,
21784,Chlamydia,274.0,Texas,2009.0,Unknown,15-19 years,15-19,15.0,,
21785,Chlamydia,274.0,Texas,2009.0,Unknown,20-24 years,20-24,16.0,,
21786,Chlamydia,274.0,Texas,2009.0,Unknown,25-29 years,25-29,11.0,,
21787,Chlamydia,274.0,Texas,2009.0,Unknown,30-34 years,30-34,3.0,,
21788,Chlamydia,274.0,Texas,2009.0,Unknown,35-39 years,35-39,3.0,,
21789,Chlamydia,274.0,Texas,2009.0,Unknown,40+ years,40+,1.0,,
21790,Chlamydia,274.0,Texas,2009.0,Unknown,Unknown,99,7.0,,
21791,Chlamydia,274.0,Texas,2010.0,Unknown,0-14 years,0-14,5.0,,
21792,Chlamydia,274.0,Texas,2010.0,Unknown,15-19 years,15-19,17.0,,
21793,Chlamydia,274.0,Texas,2010.0,Unknown,20-24 years,20-24,13.0,,
21794,Chlamydia,274.0,Texas,2010.0,Unknown,25-29 years,25-29,7.0,,
21795,Chlamydia,274.0,Texas,2010.0,Unknown,30-34 years,30-34,2.0,,
21796,Chlamydia,274.0,Texas,2010.0,Unknown,35-39 years,35-39,2.0,,
21797,Chlamydia,274.0,Texas,2010.0,Unknown,40+ years,40+,7.0,,
21798,Chlamydia,274.0,Texas,2010.0,Unknown,Unknown,99,6.0,,
21799,Chlamydia,274.0,Texas,2011.0,Unknown,0-14 years,0-14,1.0,,
21800,Chlamydia,274.0,Texas,2011.0,Unknown,15-19 years,15-19,9.0,,
21801,Chlamydia,274.0,Texas,2011.0,Unknown,20-24 years,20-24,9.0,,
21802,Chlamydia,274.0,Texas,2011.0,Unknown,25-29 years,25-29,3.0,,
21803,Chlamydia,274.0,Texas,2011.0,Unknown,40+ years,40+,1.0,,
21804,Chlamydia,274.0,Texas,2012.0,Unknown,15-19 years,15-19,24.0,,
21805,Chlamydia,274.0,Texas,2012.0,Unknown,20-24 years,20-24,42.0,,
21806,Chlamydia,274.0,Texas,2012.0,Unknown,25-29 years,25-29,13.0,,
21807,Chlamydia,274.0,Texas,2012.0,Unknown,30-34 years,30-34,3.0,,
21808,Chlamydia,274.0,Texas,2012.0,Unknown,35-39 years,35-39,3.0,,
21809,Chlamydia,274.0,Texas,2012.0,Unknown,Unknown,99,14.0,,
21810,Chlamydia,274.0,Texas,2013.0,Unknown,0-14 years,0-14,5.0,,
21811,Chlamydia,274.0,Texas,2013.0,Unknown,15-19 years,15-19,194.0,,
21812,Chlamydia,274.0,Texas,2013.0,Unknown,20-24 years,20-24,347.0,,
21813,Chlamydia,274.0,Texas,2013.0,Unknown,25-29 years,25-29,189.0,,
21814,Chlamydia,274.0,Texas,2013.0,Unknown,30-34 years,30-34,110.0,,
21815,Chlamydia,274.0,Texas,2013.0,Unknown,35-39 years,35-39,47.0,,
21816,Chlamydia,274.0,Texas,2013.0,Unknown,40+ years,40+,48.0,,
21817,Chlamydia,274.0,Texas,2013.0,Unknown,Unknown,99,18.0,,
21818,Chlamydia,274.0,Texas,2014.0,Unknown,0-14 years,0-14,1.0,,
21819,Chlamydia,274.0,Texas,2014.0,Unknown,15-19 years,15-19,42.0,,
21820,Chlamydia,274.0,Texas,2014.0,Unknown,20-24 years,20-24,48.0,,
21821,Chlamydia,274.0,Texas,2014.0,Unknown,25-29 years,25-29,23.0,,
21822,Chlamydia,274.0,Texas,2014.0,Unknown,30-34 years,30-34,12.0,,
21823,Chlamydia,274.0,Texas,2014.0,Unknown,35-39 years,35-39,5.0,,
21824,Chlamydia,274.0,Texas,2014.0,Unknown,40+ years,40+,10.0,,
21825,Chlamydia,274.0,Texas,2014.0,Unknown,Unknown,99,9.0,,
21826,Chlamydia,274.0,Utah,2001.0,Unknown,20-24 years,20-24,1.0,,
21827,Chlamydia,274.0,Utah,2001.0,Unknown,30-34 years,30-34,1.0,,
21828,Chlamydia,274.0,Utah,2001.0,Unknown,Unknown,99,1.0,,
21829,Chlamydia,274.0,Utah,2002.0,Unknown,25-29 years,25-29,2.0,,
21830,Chlamydia,274.0,Utah,2003.0,Unknown,20-24 years,20-24,1.0,,
21831,Chlamydia,274.0,Utah,2003.0,Unknown,40+ years,40+,1.0,,
21832,Chlamydia,274.0,Utah,2003.0,Unknown,Unknown,99,1.0,,
21833,Chlamydia,274.0,Utah,2010.0,Unknown,20-24 years,20-24,1.0,,
21834,Chlamydia,274.0,Utah,2010.0,Unknown,25-29 years,25-29,1.0,,
21835,Chlamydia,274.0,Utah,2014.0,Unknown,40+ years,40+,1.0,,
21836,Chlamydia,274.0,Vermont,2014.0,Unknown,15-19 years,15-19,1.0,,
21837,Chlamydia,274.0,Vermont,2014.0,Unknown,25-29 years,25-29,1.0,,
21838,Chlamydia,274.0,Virginia,1997.0,Unknown,0-14 years,0-14,1.0,,
21839,Chlamydia,274.0,Virginia,1997.0,Unknown,15-19 years,15-19,45.0,,
21840,Chlamydia,274.0,Virginia,1997.0,Unknown,20-24 years,20-24,42.0,,
21841,Chlamydia,274.0,Virginia,1997.0,Unknown,25-29 years,25-29,12.0,,
21842,Chlamydia,274.0,Virginia,1997.0,Unknown,30-34 years,30-34,7.0,,
21843,Chlamydia,274.0,Virginia,1997.0,Unknown,35-39 years,35-39,4.0,,
21844,Chlamydia,274.0,Virginia,1997.0,Unknown,40+ years,40+,13.0,,
21845,Chlamydia,274.0,Virginia,1998.0,Unknown,15-19 years,15-19,3.0,,
21846,Chlamydia,274.0,Virginia,1998.0,Unknown,20-24 years,20-24,1.0,,
21847,Chlamydia,274.0,Virginia,1998.0,Unknown,30-34 years,30-34,1.0,,
21848,Chlamydia,274.0,Virginia,1998.0,Unknown,40+ years,40+,1.0,,
21849,Chlamydia,274.0,Virginia,1999.0,Unknown,20-24 years,20-24,1.0,,
21850,Chlamydia,274.0,Virginia,1999.0,Unknown,35-39 years,35-39,1.0,,
21851,Chlamydia,274.0,Virginia,2000.0,Unknown,0-14 years,0-14,1.0,,
21852,Chlamydia,274.0,Virginia,2000.0,Unknown,15-19 years,15-19,5.0,,
21853,Chlamydia,274.0,Virginia,2000.0,Unknown,20-24 years,20-24,6.0,,
21854,Chlamydia,274.0,Virginia,2000.0,Unknown,25-29 years,25-29,3.0,,
21855,Chlamydia,274.0,Virginia,2000.0,Unknown,30-34 years,30-34,1.0,,
21856,Chlamydia,274.0,Virginia,2000.0,Unknown,Unknown,99,1.0,,
21857,Chlamydia,274.0,Virginia,2001.0,Unknown,0-14 years,0-14,3.0,,
21858,Chlamydia,274.0,Virginia,2001.0,Unknown,15-19 years,15-19,23.0,,
21859,Chlamydia,274.0,Virginia,2001.0,Unknown,20-24 years,20-24,14.0,,
21860,Chlamydia,274.0,Virginia,2001.0,Unknown,25-29 years,25-29,7.0,,
21861,Chlamydia,274.0,Virginia,2001.0,Unknown,35-39 years,35-39,2.0,,
21862,Chlamydia,274.0,Virginia,2001.0,Unknown,Unknown,99,4.0,,
21863,Chlamydia,274.0,Virginia,2003.0,Unknown,15-19 years,15-19,15.0,,
21864,Chlamydia,274.0,Virginia,2003.0,Unknown,20-24 years,20-24,14.0,,
21865,Chlamydia,274.0,Virginia,2003.0,Unknown,25-29 years,25-29,2.0,,
21866,Chlamydia,274.0,Virginia,2003.0,Unknown,30-34 years,30-34,1.0,,
21867,Chlamydia,274.0,Virginia,2003.0,Unknown,35-39 years,35-39,1.0,,
21868,Chlamydia,274.0,Virginia,2003.0,Unknown,40+ years,40+,1.0,,
21869,Chlamydia,274.0,Virginia,2003.0,Unknown,Unknown,99,2.0,,
21870,Chlamydia,274.0,Virginia,2004.0,Unknown,15-19 years,15-19,14.0,,
21871,Chlamydia,274.0,Virginia,2004.0,Unknown,20-24 years,20-24,12.0,,
21872,Chlamydia,274.0,Virginia,2004.0,Unknown,25-29 years,25-29,4.0,,
21873,Chlamydia,274.0,Virginia,2004.0,Unknown,30-34 years,30-34,1.0,,
21874,Chlamydia,274.0,Virginia,2004.0,Unknown,Unknown,99,2.0,,
21875,Chlamydia,274.0,Virginia,2005.0,Unknown,0-14 years,0-14,1.0,,
21876,Chlamydia,274.0,Virginia,2005.0,Unknown,15-19 years,15-19,16.0,,
21877,Chlamydia,274.0,Virginia,2005.0,Unknown,20-24 years,20-24,14.0,,
21878,Chlamydia,274.0,Virginia,2005.0,Unknown,25-29 years,25-29,3.0,,
21879,Chlamydia,274.0,Virginia,2005.0,Unknown,30-34 years,30-34,3.0,,
21880,Chlamydia,274.0,Virginia,2005.0,Unknown,35-39 years,35-39,1.0,,
21881,Chlamydia,274.0,Virginia,2005.0,Unknown,40+ years,40+,1.0,,
21882,Chlamydia,274.0,Virginia,2005.0,Unknown,Unknown,99,1.0,,
21883,Chlamydia,274.0,Virginia,2006.0,Unknown,15-19 years,15-19,8.0,,
21884,Chlamydia,274.0,Virginia,2006.0,Unknown,20-24 years,20-24,7.0,,
21885,Chlamydia,274.0,Virginia,2006.0,Unknown,25-29 years,25-29,4.0,,
21886,Chlamydia,274.0,Virginia,2006.0,Unknown,30-34 years,30-34,1.0,,
21887,Chlamydia,274.0,Virginia,2006.0,Unknown,Unknown,99,1.0,,
21888,Chlamydia,274.0,Virginia,2007.0,Unknown,0-14 years,0-14,1.0,,
21889,Chlamydia,274.0,Virginia,2007.0,Unknown,15-19 years,15-19,3.0,,
21890,Chlamydia,274.0,Virginia,2007.0,Unknown,20-24 years,20-24,4.0,,
21891,Chlamydia,274.0,Virginia,2007.0,Unknown,25-29 years,25-29,1.0,,
21892,Chlamydia,274.0,Virginia,2007.0,Unknown,35-39 years,35-39,1.0,,
21893,Chlamydia,274.0,Virginia,2008.0,Unknown,15-19 years,15-19,23.0,,
21894,Chlamydia,274.0,Virginia,2008.0,Unknown,20-24 years,20-24,22.0,,
21895,Chlamydia,274.0,Virginia,2008.0,Unknown,25-29 years,25-29,1.0,,
21896,Chlamydia,274.0,Virginia,2008.0,Unknown,30-34 years,30-34,4.0,,
21897,Chlamydia,274.0,Virginia,2008.0,Unknown,35-39 years,35-39,4.0,,
21898,Chlamydia,274.0,Virginia,2008.0,Unknown,40+ years,40+,4.0,,
21899,Chlamydia,274.0,Virginia,2008.0,Unknown,Unknown,99,3.0,,
21900,Chlamydia,274.0,Virginia,2009.0,Unknown,0-14 years,0-14,1.0,,
21901,Chlamydia,274.0,Virginia,2009.0,Unknown,15-19 years,15-19,17.0,,
21902,Chlamydia,274.0,Virginia,2009.0,Unknown,20-24 years,20-24,31.0,,
21903,Chlamydia,274.0,Virginia,2009.0,Unknown,25-29 years,25-29,8.0,,
21904,Chlamydia,274.0,Virginia,2009.0,Unknown,30-34 years,30-34,2.0,,
21905,Chlamydia,274.0,Virginia,2009.0,Unknown,35-39 years,35-39,1.0,,
21906,Chlamydia,274.0,Virginia,2009.0,Unknown,40+ years,40+,3.0,,
21907,Chlamydia,274.0,Virginia,2009.0,Unknown,Unknown,99,8.0,,
21908,Chlamydia,274.0,Virginia,2010.0,Unknown,0-14 years,0-14,2.0,,
21909,Chlamydia,274.0,Virginia,2010.0,Unknown,15-19 years,15-19,25.0,,
21910,Chlamydia,274.0,Virginia,2010.0,Unknown,20-24 years,20-24,11.0,,
21911,Chlamydia,274.0,Virginia,2010.0,Unknown,25-29 years,25-29,5.0,,
21912,Chlamydia,274.0,Virginia,2010.0,Unknown,30-34 years,30-34,2.0,,
21913,Chlamydia,274.0,Virginia,2010.0,Unknown,35-39 years,35-39,1.0,,
21914,Chlamydia,274.0,Virginia,2010.0,Unknown,40+ years,40+,3.0,,
21915,Chlamydia,274.0,Virginia,2010.0,Unknown,Unknown,99,3.0,,
21916,Chlamydia,274.0,Virginia,2011.0,Unknown,0-14 years,0-14,1.0,,
21917,Chlamydia,274.0,Virginia,2011.0,Unknown,15-19 years,15-19,42.0,,
21918,Chlamydia,274.0,Virginia,2011.0,Unknown,20-24 years,20-24,26.0,,
21919,Chlamydia,274.0,Virginia,2011.0,Unknown,25-29 years,25-29,14.0,,
21920,Chlamydia,274.0,Virginia,2011.0,Unknown,30-34 years,30-34,5.0,,
21921,Chlamydia,274.0,Virginia,2011.0,Unknown,35-39 years,35-39,2.0,,
21922,Chlamydia,274.0,Virginia,2011.0,Unknown,40+ years,40+,6.0,,
21923,Chlamydia,274.0,Virginia,2011.0,Unknown,Unknown,99,6.0,,
21924,Chlamydia,274.0,Virginia,2012.0,Unknown,0-14 years,0-14,2.0,,
21925,Chlamydia,274.0,Virginia,2012.0,Unknown,15-19 years,15-19,15.0,,
21926,Chlamydia,274.0,Virginia,2012.0,Unknown,20-24 years,20-24,13.0,,
21927,Chlamydia,274.0,Virginia,2012.0,Unknown,25-29 years,25-29,6.0,,
21928,Chlamydia,274.0,Virginia,2012.0,Unknown,30-34 years,30-34,3.0,,
21929,Chlamydia,274.0,Virginia,2012.0,Unknown,35-39 years,35-39,2.0,,
21930,Chlamydia,274.0,Virginia,2012.0,Unknown,40+ years,40+,2.0,,
21931,Chlamydia,274.0,Virginia,2012.0,Unknown,Unknown,99,3.0,,
21932,Chlamydia,274.0,Virginia,2013.0,Unknown,0-14 years,0-14,1.0,,
21933,Chlamydia,274.0,Virginia,2013.0,Unknown,15-19 years,15-19,11.0,,
21934,Chlamydia,274.0,Virginia,2013.0,Unknown,20-24 years,20-24,18.0,,
21935,Chlamydia,274.0,Virginia,2013.0,Unknown,25-29 years,25-29,5.0,,
21936,Chlamydia,274.0,Virginia,2013.0,Unknown,30-34 years,30-34,2.0,,
21937,Chlamydia,274.0,Virginia,2014.0,Unknown,0-14 years,0-14,1.0,,
21938,Chlamydia,274.0,Virginia,2014.0,Unknown,15-19 years,15-19,10.0,,
21939,Chlamydia,274.0,Virginia,2014.0,Unknown,20-24 years,20-24,19.0,,
21940,Chlamydia,274.0,Virginia,2014.0,Unknown,25-29 years,25-29,8.0,,
21941,Chlamydia,274.0,Virginia,2014.0,Unknown,30-34 years,30-34,5.0,,
21942,Chlamydia,274.0,Virginia,2014.0,Unknown,35-39 years,35-39,3.0,,
21943,Chlamydia,274.0,Virginia,2014.0,Unknown,40+ years,40+,4.0,,
21944,Chlamydia,274.0,Washington,2008.0,Unknown,15-19 years,15-19,15.0,,
21945,Chlamydia,274.0,Washington,2008.0,Unknown,20-24 years,20-24,19.0,,
21946,Chlamydia,274.0,Washington,2008.0,Unknown,25-29 years,25-29,7.0,,
21947,Chlamydia,274.0,Washington,2008.0,Unknown,30-34 years,30-34,2.0,,
21948,Chlamydia,274.0,Washington,2008.0,Unknown,35-39 years,35-39,5.0,,
21949,Chlamydia,274.0,Washington,2008.0,Unknown,40+ years,40+,3.0,,
21950,Chlamydia,274.0,Washington,2008.0,Unknown,Unknown,99,3.0,,
21951,Chlamydia,274.0,Washington,2009.0,Unknown,20-24 years,20-24,1.0,,
21952,Chlamydia,274.0,Washington,2010.0,Unknown,20-24 years,20-24,3.0,,
21953,Chlamydia,274.0,West Virginia,2000.0,Unknown,15-19 years,15-19,3.0,,
21954,Chlamydia,274.0,West Virginia,2000.0,Unknown,20-24 years,20-24,1.0,,
21955,Chlamydia,274.0,West Virginia,2001.0,Unknown,15-19 years,15-19,3.0,,
21956,Chlamydia,274.0,West Virginia,2001.0,Unknown,20-24 years,20-24,2.0,,
21957,Chlamydia,274.0,West Virginia,2001.0,Unknown,40+ years,40+,1.0,,
21958,Chlamydia,274.0,West Virginia,2002.0,Unknown,15-19 years,15-19,5.0,,
21959,Chlamydia,274.0,West Virginia,2002.0,Unknown,20-24 years,20-24,1.0,,
21960,Chlamydia,274.0,West Virginia,2003.0,Unknown,15-19 years,15-19,6.0,,
21961,Chlamydia,274.0,West Virginia,2003.0,Unknown,20-24 years,20-24,4.0,,
21962,Chlamydia,274.0,West Virginia,2003.0,Unknown,Unknown,99,1.0,,
21963,Chlamydia,274.0,West Virginia,2004.0,Unknown,15-19 years,15-19,4.0,,
21964,Chlamydia,274.0,West Virginia,2005.0,Unknown,15-19 years,15-19,1.0,,
21965,Chlamydia,274.0,West Virginia,2006.0,Unknown,15-19 years,15-19,2.0,,
21966,Chlamydia,274.0,West Virginia,2006.0,Unknown,20-24 years,20-24,2.0,,
21967,Chlamydia,274.0,West Virginia,2007.0,Unknown,20-24 years,20-24,1.0,,
21968,Chlamydia,274.0,West Virginia,2008.0,Unknown,40+ years,40+,1.0,,
21969,Chlamydia,274.0,West Virginia,2013.0,Unknown,15-19 years,15-19,1.0,,
21970,Chlamydia,274.0,Wisconsin,1999.0,Unknown,15-19 years,15-19,10.0,,
21971,Chlamydia,274.0,Wisconsin,1999.0,Unknown,20-24 years,20-24,6.0,,
21972,Chlamydia,274.0,Wisconsin,1999.0,Unknown,25-29 years,25-29,4.0,,
21973,Chlamydia,274.0,Wisconsin,1999.0,Unknown,30-34 years,30-34,2.0,,
21974,Chlamydia,274.0,Wisconsin,1999.0,Unknown,40+ years,40+,3.0,,
21975,Chlamydia,274.0,Wisconsin,2000.0,Unknown,15-19 years,15-19,3.0,,
21976,Chlamydia,274.0,Wisconsin,2000.0,Unknown,20-24 years,20-24,1.0,,
21977,Chlamydia,274.0,Wisconsin,2000.0,Unknown,25-29 years,25-29,2.0,,
21978,Chlamydia,274.0,Wisconsin,2000.0,Unknown,30-34 years,30-34,1.0,,
21979,Chlamydia,274.0,Wisconsin,2001.0,Unknown,15-19 years,15-19,15.0,,
21980,Chlamydia,274.0,Wisconsin,2001.0,Unknown,20-24 years,20-24,19.0,,
21981,Chlamydia,274.0,Wisconsin,2001.0,Unknown,25-29 years,25-29,9.0,,
21982,Chlamydia,274.0,Wisconsin,2001.0,Unknown,30-34 years,30-34,2.0,,
21983,Chlamydia,274.0,Wisconsin,2001.0,Unknown,35-39 years,35-39,1.0,,
21984,Chlamydia,274.0,Wisconsin,2001.0,Unknown,40+ years,40+,2.0,,
21985,Chlamydia,274.0,Wisconsin,2002.0,Unknown,15-19 years,15-19,10.0,,
21986,Chlamydia,274.0,Wisconsin,2002.0,Unknown,20-24 years,20-24,16.0,,
21987,Chlamydia,274.0,Wisconsin,2002.0,Unknown,25-29 years,25-29,3.0,,
21988,Chlamydia,274.0,Wisconsin,2002.0,Unknown,30-34 years,30-34,6.0,,
21989,Chlamydia,274.0,Wisconsin,2003.0,Unknown,15-19 years,15-19,30.0,,
21990,Chlamydia,274.0,Wisconsin,2003.0,Unknown,20-24 years,20-24,33.0,,
21991,Chlamydia,274.0,Wisconsin,2003.0,Unknown,25-29 years,25-29,13.0,,
21992,Chlamydia,274.0,Wisconsin,2003.0,Unknown,30-34 years,30-34,9.0,,
21993,Chlamydia,274.0,Wisconsin,2003.0,Unknown,35-39 years,35-39,1.0,,
21994,Chlamydia,274.0,Wisconsin,2003.0,Unknown,40+ years,40+,3.0,,
21995,Chlamydia,274.0,Wisconsin,2004.0,Unknown,0-14 years,0-14,1.0,,
21996,Chlamydia,274.0,Wisconsin,2004.0,Unknown,15-19 years,15-19,4.0,,
21997,Chlamydia,274.0,Wisconsin,2004.0,Unknown,20-24 years,20-24,7.0,,
21998,Chlamydia,274.0,Wisconsin,2004.0,Unknown,25-29 years,25-29,2.0,,
21999,Chlamydia,274.0,Wisconsin,2005.0,Unknown,15-19 years,15-19,4.0,,
22000,Chlamydia,274.0,Wisconsin,2005.0,Unknown,20-24 years,20-24,9.0,,
22001,Chlamydia,274.0,Wisconsin,2005.0,Unknown,25-29 years,25-29,3.0,,
22002,Chlamydia,274.0,Wisconsin,2005.0,Unknown,30-34 years,30-34,3.0,,
22003,Chlamydia,274.0,Wisconsin,2005.0,Unknown,35-39 years,35-39,2.0,,
22004,Chlamydia,274.0,Wisconsin,2005.0,Unknown,Unknown,99,1.0,,
22005,Chlamydia,274.0,Wisconsin,2006.0,Unknown,0-14 years,0-14,1.0,,
22006,Chlamydia,274.0,Wisconsin,2006.0,Unknown,15-19 years,15-19,12.0,,
22007,Chlamydia,274.0,Wisconsin,2006.0,Unknown,20-24 years,20-24,10.0,,
22008,Chlamydia,274.0,Wisconsin,2006.0,Unknown,25-29 years,25-29,5.0,,
22009,Chlamydia,274.0,Wisconsin,2006.0,Unknown,30-34 years,30-34,3.0,,
22010,Chlamydia,274.0,Wisconsin,2006.0,Unknown,35-39 years,35-39,2.0,,
22011,Chlamydia,274.0,Wisconsin,2007.0,Unknown,15-19 years,15-19,11.0,,
22012,Chlamydia,274.0,Wisconsin,2007.0,Unknown,20-24 years,20-24,9.0,,
22013,Chlamydia,274.0,Wisconsin,2007.0,Unknown,25-29 years,25-29,3.0,,
22014,Chlamydia,274.0,Wisconsin,2007.0,Unknown,30-34 years,30-34,2.0,,
22015,Chlamydia,274.0,Wisconsin,2007.0,Unknown,35-39 years,35-39,1.0,,
22016,Chlamydia,274.0,Wisconsin,2007.0,Unknown,40+ years,40+,1.0,,
22017,Chlamydia,274.0,Wisconsin,2008.0,Unknown,0-14 years,0-14,1.0,,
22018,Chlamydia,274.0,Wisconsin,2008.0,Unknown,15-19 years,15-19,24.0,,
22019,Chlamydia,274.0,Wisconsin,2008.0,Unknown,20-24 years,20-24,14.0,,
22020,Chlamydia,274.0,Wisconsin,2008.0,Unknown,25-29 years,25-29,15.0,,
22021,Chlamydia,274.0,Wisconsin,2008.0,Unknown,35-39 years,35-39,3.0,,
22022,Chlamydia,274.0,Wisconsin,2008.0,Unknown,40+ years,40+,2.0,,
22023,Chlamydia,274.0,Wisconsin,2008.0,Unknown,Unknown,99,1.0,,
22024,Chlamydia,274.0,Wisconsin,2009.0,Unknown,0-14 years,0-14,3.0,,
22025,Chlamydia,274.0,Wisconsin,2009.0,Unknown,15-19 years,15-19,34.0,,
22026,Chlamydia,274.0,Wisconsin,2009.0,Unknown,20-24 years,20-24,40.0,,
22027,Chlamydia,274.0,Wisconsin,2009.0,Unknown,25-29 years,25-29,22.0,,
22028,Chlamydia,274.0,Wisconsin,2009.0,Unknown,30-34 years,30-34,14.0,,
22029,Chlamydia,274.0,Wisconsin,2009.0,Unknown,35-39 years,35-39,4.0,,
22030,Chlamydia,274.0,Wisconsin,2009.0,Unknown,40+ years,40+,4.0,,
22031,Chlamydia,274.0,Wisconsin,2009.0,Unknown,Unknown,99,7.0,,
22032,Chlamydia,274.0,Wisconsin,2010.0,Unknown,15-19 years,15-19,2.0,,
22033,Chlamydia,274.0,Wisconsin,2010.0,Unknown,25-29 years,25-29,1.0,,
22034,Chlamydia,274.0,Wisconsin,2010.0,Unknown,40+ years,40+,1.0,,
22035,Chlamydia,274.0,Wisconsin,2010.0,Unknown,Unknown,99,2.0,,
22036,Chlamydia,274.0,Wisconsin,2011.0,Unknown,15-19 years,15-19,4.0,,
22037,Chlamydia,274.0,Wisconsin,2011.0,Unknown,20-24 years,20-24,3.0,,
22038,Chlamydia,274.0,Wisconsin,2011.0,Unknown,25-29 years,25-29,3.0,,
22039,Chlamydia,274.0,Wisconsin,2011.0,Unknown,30-34 years,30-34,1.0,,
22040,Chlamydia,274.0,Wisconsin,2011.0,Unknown,Unknown,99,3.0,,
22041,Chlamydia,274.0,Wisconsin,2013.0,Unknown,15-19 years,15-19,2.0,,
22042,Chlamydia,274.0,Wisconsin,2013.0,Unknown,20-24 years,20-24,5.0,,
22043,Chlamydia,274.0,Wisconsin,2013.0,Unknown,25-29 years,25-29,2.0,,
22044,Chlamydia,274.0,Wisconsin,2013.0,Unknown,40+ years,40+,1.0,,
22045,Chlamydia,274.0,Wisconsin,2014.0,Unknown,15-19 years,15-19,7.0,,
22046,Chlamydia,274.0,Wisconsin,2014.0,Unknown,20-24 years,20-24,1.0,,
22047,Chlamydia,274.0,Wisconsin,2014.0,Unknown,25-29 years,25-29,4.0,,
22048,Chlamydia,274.0,Wisconsin,2014.0,Unknown,30-34 years,30-34,1.0,,
22049,Chlamydia,274.0,Wisconsin,2014.0,Unknown,35-39 years,35-39,1.0,,
22050,Chlamydia,274.0,Wyoming,2008.0,Unknown,20-24 years,20-24,2.0,,
22051,Chlamydia,274.0,Wyoming,2008.0,Unknown,30-34 years,30-34,1.0,,
22052,Chlamydia,274.0,Wyoming,2011.0,Unknown,15-19 years,15-19,1.0,,
22053,Chlamydia,274.0,Wyoming,2013.0,Unknown,25-29 years,25-29,1.0,,
22054,Chlamydia,274.0,Wyoming,2014.0,Unknown,25-29 years,25-29,1.0,,
22055,Gonorrhea,280.0,Alabama,1997.0,Unknown,15-19 years,15-19,4.0,,
22056,Gonorrhea,280.0,Alabama,1997.0,Unknown,20-24 years,20-24,4.0,,
22057,Gonorrhea,280.0,Alabama,1997.0,Unknown,25-29 years,25-29,2.0,,
22058,Gonorrhea,280.0,Alabama,1997.0,Unknown,30-34 years,30-34,1.0,,
22059,Gonorrhea,280.0,Alabama,1997.0,Unknown,35-39 years,35-39,3.0,,
22060,Gonorrhea,280.0,Alabama,1997.0,Unknown,40+ years,40+,11.0,,
22061,Gonorrhea,280.0,Alabama,1998.0,Unknown,0-14 years,0-14,1.0,,
22062,Gonorrhea,280.0,Alabama,1998.0,Unknown,15-19 years,15-19,1.0,,
22063,Gonorrhea,280.0,Alabama,1998.0,Unknown,20-24 years,20-24,5.0,,
22064,Gonorrhea,280.0,Alabama,1998.0,Unknown,25-29 years,25-29,1.0,,
22065,Gonorrhea,280.0,Alabama,1998.0,Unknown,30-34 years,30-34,1.0,,
22066,Gonorrhea,280.0,Alabama,1998.0,Unknown,40+ years,40+,4.0,,
22067,Gonorrhea,280.0,Alabama,1999.0,Unknown,15-19 years,15-19,8.0,,
22068,Gonorrhea,280.0,Alabama,1999.0,Unknown,20-24 years,20-24,9.0,,
22069,Gonorrhea,280.0,Alabama,1999.0,Unknown,25-29 years,25-29,5.0,,
22070,Gonorrhea,280.0,Alabama,1999.0,Unknown,30-34 years,30-34,2.0,,
22071,Gonorrhea,280.0,Alabama,1999.0,Unknown,Unknown,99,5.0,,
22072,Gonorrhea,280.0,Alabama,2000.0,Unknown,0-14 years,0-14,1.0,,
22073,Gonorrhea,280.0,Alabama,2000.0,Unknown,15-19 years,15-19,20.0,,
22074,Gonorrhea,280.0,Alabama,2000.0,Unknown,20-24 years,20-24,4.0,,
22075,Gonorrhea,280.0,Alabama,2000.0,Unknown,25-29 years,25-29,1.0,,
22076,Gonorrhea,280.0,Alabama,2000.0,Unknown,30-34 years,30-34,2.0,,
22077,Gonorrhea,280.0,Alabama,2000.0,Unknown,35-39 years,35-39,1.0,,
22078,Gonorrhea,280.0,Alabama,2000.0,Unknown,Unknown,99,11.0,,
22079,Gonorrhea,280.0,Alabama,2001.0,Unknown,15-19 years,15-19,4.0,,
22080,Gonorrhea,280.0,Alabama,2001.0,Unknown,20-24 years,20-24,4.0,,
22081,Gonorrhea,280.0,Alabama,2001.0,Unknown,30-34 years,30-34,1.0,,
22082,Gonorrhea,280.0,Alabama,2001.0,Unknown,40+ years,40+,1.0,,
22083,Gonorrhea,280.0,Alabama,2001.0,Unknown,Unknown,99,3.0,,
22084,Gonorrhea,280.0,Alabama,2002.0,Unknown,0-14 years,0-14,1.0,,
22085,Gonorrhea,280.0,Alabama,2002.0,Unknown,15-19 years,15-19,2.0,,
22086,Gonorrhea,280.0,Alabama,2002.0,Unknown,20-24 years,20-24,4.0,,
22087,Gonorrhea,280.0,Alabama,2002.0,Unknown,30-34 years,30-34,1.0,,
22088,Gonorrhea,280.0,Alabama,2002.0,Unknown,35-39 years,35-39,2.0,,
22089,Gonorrhea,280.0,Alabama,2002.0,Unknown,Unknown,99,3.0,,
22090,Gonorrhea,280.0,Alabama,2003.0,Unknown,0-14 years,0-14,3.0,,
22091,Gonorrhea,280.0,Alabama,2003.0,Unknown,15-19 years,15-19,4.0,,
22092,Gonorrhea,280.0,Alabama,2003.0,Unknown,20-24 years,20-24,3.0,,
22093,Gonorrhea,280.0,Alabama,2003.0,Unknown,25-29 years,25-29,1.0,,
22094,Gonorrhea,280.0,Alabama,2003.0,Unknown,40+ years,40+,2.0,,
22095,Gonorrhea,280.0,Alabama,2003.0,Unknown,Unknown,99,2.0,,
22096,Gonorrhea,280.0,Alabama,2004.0,Unknown,15-19 years,15-19,2.0,,
22097,Gonorrhea,280.0,Alabama,2004.0,Unknown,20-24 years,20-24,2.0,,
22098,Gonorrhea,280.0,Alabama,2004.0,Unknown,25-29 years,25-29,1.0,,
22099,Gonorrhea,280.0,Alabama,2004.0,Unknown,Unknown,99,2.0,,
22100,Gonorrhea,280.0,Alabama,2005.0,Unknown,0-14 years,0-14,1.0,,
22101,Gonorrhea,280.0,Alabama,2005.0,Unknown,15-19 years,15-19,4.0,,
22102,Gonorrhea,280.0,Alabama,2005.0,Unknown,20-24 years,20-24,6.0,,
22103,Gonorrhea,280.0,Alabama,2005.0,Unknown,30-34 years,30-34,1.0,,
22104,Gonorrhea,280.0,Alabama,2005.0,Unknown,35-39 years,35-39,1.0,,
22105,Gonorrhea,280.0,Alabama,2005.0,Unknown,40+ years,40+,2.0,,
22106,Gonorrhea,280.0,Alabama,2005.0,Unknown,Unknown,99,5.0,,
22107,Gonorrhea,280.0,Alabama,2006.0,Unknown,20-24 years,20-24,2.0,,
22108,Gonorrhea,280.0,Alabama,2006.0,Unknown,25-29 years,25-29,1.0,,
22109,Gonorrhea,280.0,Alabama,2006.0,Unknown,30-34 years,30-34,1.0,,
22110,Gonorrhea,280.0,Alabama,2007.0,Unknown,20-24 years,20-24,1.0,,
22111,Gonorrhea,280.0,Alabama,2007.0,Unknown,25-29 years,25-29,1.0,,
22112,Gonorrhea,280.0,Alabama,2007.0,Unknown,30-34 years,30-34,1.0,,
22113,Gonorrhea,280.0,Alabama,2007.0,Unknown,Unknown,99,1.0,,
22114,Gonorrhea,280.0,Alabama,2008.0,Unknown,15-19 years,15-19,1.0,,
22115,Gonorrhea,280.0,Alabama,2008.0,Unknown,20-24 years,20-24,5.0,,
22116,Gonorrhea,280.0,Alabama,2008.0,Unknown,35-39 years,35-39,1.0,,
22117,Gonorrhea,280.0,Alabama,2009.0,Unknown,15-19 years,15-19,1.0,,
22118,Gonorrhea,280.0,Alabama,2009.0,Unknown,20-24 years,20-24,5.0,,
22119,Gonorrhea,280.0,Alabama,2009.0,Unknown,25-29 years,25-29,1.0,,
22120,Gonorrhea,280.0,Alabama,2009.0,Unknown,40+ years,40+,1.0,,
22121,Gonorrhea,280.0,Alabama,2010.0,Unknown,0-14 years,0-14,1.0,,
22122,Gonorrhea,280.0,Alabama,2010.0,Unknown,15-19 years,15-19,20.0,,
22123,Gonorrhea,280.0,Alabama,2010.0,Unknown,20-24 years,20-24,25.0,,
22124,Gonorrhea,280.0,Alabama,2010.0,Unknown,25-29 years,25-29,14.0,,
22125,Gonorrhea,280.0,Alabama,2010.0,Unknown,30-34 years,30-34,2.0,,
22126,Gonorrhea,280.0,Alabama,2010.0,Unknown,35-39 years,35-39,5.0,,
22127,Gonorrhea,280.0,Alabama,2010.0,Unknown,40+ years,40+,4.0,,
22128,Gonorrhea,280.0,Alabama,2011.0,Unknown,0-14 years,0-14,6.0,,
22129,Gonorrhea,280.0,Alabama,2011.0,Unknown,15-19 years,15-19,67.0,,
22130,Gonorrhea,280.0,Alabama,2011.0,Unknown,20-24 years,20-24,65.0,,
22131,Gonorrhea,280.0,Alabama,2011.0,Unknown,25-29 years,25-29,34.0,,
22132,Gonorrhea,280.0,Alabama,2011.0,Unknown,30-34 years,30-34,8.0,,
22133,Gonorrhea,280.0,Alabama,2011.0,Unknown,35-39 years,35-39,9.0,,
22134,Gonorrhea,280.0,Alabama,2011.0,Unknown,40+ years,40+,15.0,,
22135,Gonorrhea,280.0,Alabama,2012.0,Unknown,15-19 years,15-19,13.0,,
22136,Gonorrhea,280.0,Alabama,2012.0,Unknown,20-24 years,20-24,25.0,,
22137,Gonorrhea,280.0,Alabama,2012.0,Unknown,25-29 years,25-29,5.0,,
22138,Gonorrhea,280.0,Alabama,2012.0,Unknown,30-34 years,30-34,2.0,,
22139,Gonorrhea,280.0,Alabama,2012.0,Unknown,35-39 years,35-39,1.0,,
22140,Gonorrhea,280.0,Alabama,2012.0,Unknown,40+ years,40+,3.0,,
22141,Gonorrhea,280.0,Alabama,2013.0,Unknown,15-19 years,15-19,6.0,,
22142,Gonorrhea,280.0,Alabama,2013.0,Unknown,20-24 years,20-24,13.0,,
22143,Gonorrhea,280.0,Alabama,2013.0,Unknown,25-29 years,25-29,5.0,,
22144,Gonorrhea,280.0,Alabama,2013.0,Unknown,30-34 years,30-34,2.0,,
22145,Gonorrhea,280.0,Alabama,2013.0,Unknown,35-39 years,35-39,2.0,,
22146,Gonorrhea,280.0,Alabama,2013.0,Unknown,Unknown,99,1.0,,
22147,Gonorrhea,280.0,Alabama,2014.0,Unknown,0-14 years,0-14,2.0,,
22148,Gonorrhea,280.0,Alabama,2014.0,Unknown,15-19 years,15-19,12.0,,
22149,Gonorrhea,280.0,Alabama,2014.0,Unknown,20-24 years,20-24,4.0,,
22150,Gonorrhea,280.0,Alabama,2014.0,Unknown,25-29 years,25-29,4.0,,
22151,Gonorrhea,280.0,Alabama,2014.0,Unknown,30-34 years,30-34,1.0,,
22152,Gonorrhea,280.0,Alabama,2014.0,Unknown,40+ years,40+,1.0,,
22153,Gonorrhea,280.0,Arizona,2003.0,Unknown,20-24 years,20-24,2.0,,
22154,Gonorrhea,280.0,Arizona,2004.0,Unknown,20-24 years,20-24,2.0,,
22155,Gonorrhea,280.0,Arizona,2004.0,Unknown,35-39 years,35-39,1.0,,
22156,Gonorrhea,280.0,Arizona,2004.0,Unknown,40+ years,40+,1.0,,
22157,Gonorrhea,280.0,Arizona,2005.0,Unknown,15-19 years,15-19,1.0,,
22158,Gonorrhea,280.0,Arizona,2005.0,Unknown,25-29 years,25-29,1.0,,
22159,Gonorrhea,280.0,Arizona,2005.0,Unknown,40+ years,40+,1.0,,
22160,Gonorrhea,280.0,Arizona,2006.0,Unknown,0-14 years,0-14,1.0,,
22161,Gonorrhea,280.0,Arizona,2006.0,Unknown,15-19 years,15-19,2.0,,
22162,Gonorrhea,280.0,Arizona,2006.0,Unknown,20-24 years,20-24,2.0,,
22163,Gonorrhea,280.0,Arizona,2007.0,Unknown,25-29 years,25-29,2.0,,
22164,Gonorrhea,280.0,Arizona,2008.0,Unknown,25-29 years,25-29,2.0,,
22165,Gonorrhea,280.0,Arizona,2008.0,Unknown,30-34 years,30-34,1.0,,
22166,Gonorrhea,280.0,Arizona,2011.0,Unknown,25-29 years,25-29,1.0,,
22167,Gonorrhea,280.0,Arizona,2011.0,Unknown,30-34 years,30-34,1.0,,
22168,Gonorrhea,280.0,Arizona,2012.0,Unknown,40+ years,40+,1.0,,
22169,Gonorrhea,280.0,Arkansas,2000.0,Unknown,20-24 years,20-24,2.0,,
22170,Gonorrhea,280.0,Arkansas,2000.0,Unknown,30-34 years,30-34,1.0,,
22171,Gonorrhea,280.0,Arkansas,2001.0,Unknown,15-19 years,15-19,2.0,,
22172,Gonorrhea,280.0,Arkansas,2001.0,Unknown,20-24 years,20-24,2.0,,
22173,Gonorrhea,280.0,Arkansas,2001.0,Unknown,30-34 years,30-34,1.0,,
22174,Gonorrhea,280.0,Arkansas,2001.0,Unknown,35-39 years,35-39,1.0,,
22175,Gonorrhea,280.0,Arkansas,2001.0,Unknown,40+ years,40+,1.0,,
22176,Gonorrhea,280.0,Arkansas,2001.0,Unknown,Unknown,99,2.0,,
22177,Gonorrhea,280.0,Arkansas,2002.0,Unknown,15-19 years,15-19,1.0,,
22178,Gonorrhea,280.0,Arkansas,2002.0,Unknown,35-39 years,35-39,1.0,,
22179,Gonorrhea,280.0,Arkansas,2003.0,Unknown,15-19 years,15-19,1.0,,
22180,Gonorrhea,280.0,Arkansas,2003.0,Unknown,20-24 years,20-24,1.0,,
22181,Gonorrhea,280.0,Arkansas,2004.0,Unknown,Unknown,99,1.0,,
22182,Gonorrhea,280.0,Arkansas,2005.0,Unknown,Unknown,99,1.0,,
22183,Gonorrhea,280.0,Arkansas,2006.0,Unknown,20-24 years,20-24,1.0,,
22184,Gonorrhea,280.0,Arkansas,2006.0,Unknown,40+ years,40+,1.0,,
22185,Gonorrhea,280.0,Arkansas,2007.0,Unknown,25-29 years,25-29,1.0,,
22186,Gonorrhea,280.0,Arkansas,2007.0,Unknown,35-39 years,35-39,1.0,,
22187,Gonorrhea,280.0,Arkansas,2007.0,Unknown,40+ years,40+,1.0,,
22188,Gonorrhea,280.0,Arkansas,2008.0,Unknown,25-29 years,25-29,1.0,,
22189,Gonorrhea,280.0,Arkansas,2010.0,Unknown,25-29 years,25-29,1.0,,
22190,Gonorrhea,280.0,Arkansas,2010.0,Unknown,30-34 years,30-34,1.0,,
22191,Gonorrhea,280.0,Arkansas,2011.0,Unknown,0-14 years,0-14,1.0,,
22192,Gonorrhea,280.0,Arkansas,2011.0,Unknown,25-29 years,25-29,2.0,,
22193,Gonorrhea,280.0,Arkansas,2011.0,Unknown,35-39 years,35-39,1.0,,
22194,Gonorrhea,280.0,Arkansas,2012.0,Unknown,20-24 years,20-24,1.0,,
22195,Gonorrhea,280.0,Arkansas,2012.0,Unknown,35-39 years,35-39,1.0,,
22196,Gonorrhea,280.0,Arkansas,2013.0,Unknown,30-34 years,30-34,1.0,,
22197,Gonorrhea,280.0,Arkansas,2013.0,Unknown,35-39 years,35-39,2.0,,
22198,Gonorrhea,280.0,Arkansas,2013.0,Unknown,40+ years,40+,1.0,,
22199,Gonorrhea,280.0,Arkansas,2014.0,Unknown,15-19 years,15-19,1.0,,
22200,Gonorrhea,280.0,Arkansas,2014.0,Unknown,20-24 years,20-24,2.0,,
22201,Gonorrhea,280.0,Arkansas,2014.0,Unknown,40+ years,40+,2.0,,
22202,Gonorrhea,280.0,California,2000.0,Unknown,0-14 years,0-14,2.0,,
22203,Gonorrhea,280.0,California,2000.0,Unknown,15-19 years,15-19,12.0,,
22204,Gonorrhea,280.0,California,2000.0,Unknown,20-24 years,20-24,25.0,,
22205,Gonorrhea,280.0,California,2000.0,Unknown,25-29 years,25-29,14.0,,
22206,Gonorrhea,280.0,California,2000.0,Unknown,30-34 years,30-34,13.0,,
22207,Gonorrhea,280.0,California,2000.0,Unknown,35-39 years,35-39,11.0,,
22208,Gonorrhea,280.0,California,2000.0,Unknown,40+ years,40+,10.0,,
22209,Gonorrhea,280.0,California,2000.0,Unknown,Unknown,99,12.0,,
22210,Gonorrhea,280.0,California,2001.0,Unknown,0-14 years,0-14,2.0,,
22211,Gonorrhea,280.0,California,2001.0,Unknown,15-19 years,15-19,27.0,,
22212,Gonorrhea,280.0,California,2001.0,Unknown,20-24 years,20-24,31.0,,
22213,Gonorrhea,280.0,California,2001.0,Unknown,25-29 years,25-29,18.0,,
22214,Gonorrhea,280.0,California,2001.0,Unknown,30-34 years,30-34,20.0,,
22215,Gonorrhea,280.0,California,2001.0,Unknown,35-39 years,35-39,10.0,,
22216,Gonorrhea,280.0,California,2001.0,Unknown,40+ years,40+,20.0,,
22217,Gonorrhea,280.0,California,2001.0,Unknown,Unknown,99,19.0,,
22218,Gonorrhea,280.0,California,2002.0,Unknown,0-14 years,0-14,2.0,,
22219,Gonorrhea,280.0,California,2002.0,Unknown,15-19 years,15-19,30.0,,
22220,Gonorrhea,280.0,California,2002.0,Unknown,20-24 years,20-24,38.0,,
22221,Gonorrhea,280.0,California,2002.0,Unknown,25-29 years,25-29,26.0,,
22222,Gonorrhea,280.0,California,2002.0,Unknown,30-34 years,30-34,13.0,,
22223,Gonorrhea,280.0,California,2002.0,Unknown,35-39 years,35-39,13.0,,
22224,Gonorrhea,280.0,California,2002.0,Unknown,40+ years,40+,15.0,,
22225,Gonorrhea,280.0,California,2002.0,Unknown,Unknown,99,26.0,,
22226,Gonorrhea,280.0,California,2003.0,Unknown,15-19 years,15-19,14.0,,
22227,Gonorrhea,280.0,California,2003.0,Unknown,20-24 years,20-24,14.0,,
22228,Gonorrhea,280.0,California,2003.0,Unknown,25-29 years,25-29,18.0,,
22229,Gonorrhea,280.0,California,2003.0,Unknown,30-34 years,30-34,17.0,,
22230,Gonorrhea,280.0,California,2003.0,Unknown,35-39 years,35-39,9.0,,
22231,Gonorrhea,280.0,California,2003.0,Unknown,40+ years,40+,4.0,,
22232,Gonorrhea,280.0,California,2003.0,Unknown,Unknown,99,10.0,,
22233,Gonorrhea,280.0,California,2004.0,Unknown,0-14 years,0-14,1.0,,
22234,Gonorrhea,280.0,California,2004.0,Unknown,15-19 years,15-19,13.0,,
22235,Gonorrhea,280.0,California,2004.0,Unknown,20-24 years,20-24,18.0,,
22236,Gonorrhea,280.0,California,2004.0,Unknown,25-29 years,25-29,15.0,,
22237,Gonorrhea,280.0,California,2004.0,Unknown,30-34 years,30-34,13.0,,
22238,Gonorrhea,280.0,California,2004.0,Unknown,35-39 years,35-39,9.0,,
22239,Gonorrhea,280.0,California,2004.0,Unknown,40+ years,40+,15.0,,
22240,Gonorrhea,280.0,California,2004.0,Unknown,Unknown,99,11.0,,
22241,Gonorrhea,280.0,California,2005.0,Unknown,15-19 years,15-19,21.0,,
22242,Gonorrhea,280.0,California,2005.0,Unknown,20-24 years,20-24,42.0,,
22243,Gonorrhea,280.0,California,2005.0,Unknown,25-29 years,25-29,21.0,,
22244,Gonorrhea,280.0,California,2005.0,Unknown,30-34 years,30-34,20.0,,
22245,Gonorrhea,280.0,California,2005.0,Unknown,35-39 years,35-39,16.0,,
22246,Gonorrhea,280.0,California,2005.0,Unknown,40+ years,40+,15.0,,
22247,Gonorrhea,280.0,California,2005.0,Unknown,Unknown,99,28.0,,
22248,Gonorrhea,280.0,California,2006.0,Unknown,0-14 years,0-14,1.0,,
22249,Gonorrhea,280.0,California,2006.0,Unknown,15-19 years,15-19,31.0,,
22250,Gonorrhea,280.0,California,2006.0,Unknown,20-24 years,20-24,40.0,,
22251,Gonorrhea,280.0,California,2006.0,Unknown,25-29 years,25-29,26.0,,
22252,Gonorrhea,280.0,California,2006.0,Unknown,30-34 years,30-34,16.0,,
22253,Gonorrhea,280.0,California,2006.0,Unknown,35-39 years,35-39,20.0,,
22254,Gonorrhea,280.0,California,2006.0,Unknown,40+ years,40+,27.0,,
22255,Gonorrhea,280.0,California,2006.0,Unknown,Unknown,99,35.0,,
22256,Gonorrhea,280.0,California,2007.0,Unknown,0-14 years,0-14,4.0,,
22257,Gonorrhea,280.0,California,2007.0,Unknown,15-19 years,15-19,31.0,,
22258,Gonorrhea,280.0,California,2007.0,Unknown,20-24 years,20-24,30.0,,
22259,Gonorrhea,280.0,California,2007.0,Unknown,25-29 years,25-29,21.0,,
22260,Gonorrhea,280.0,California,2007.0,Unknown,30-34 years,30-34,12.0,,
22261,Gonorrhea,280.0,California,2007.0,Unknown,35-39 years,35-39,9.0,,
22262,Gonorrhea,280.0,California,2007.0,Unknown,40+ years,40+,14.0,,
22263,Gonorrhea,280.0,California,2007.0,Unknown,Unknown,99,8.0,,
22264,Gonorrhea,280.0,California,2008.0,Unknown,15-19 years,15-19,14.0,,
22265,Gonorrhea,280.0,California,2008.0,Unknown,20-24 years,20-24,36.0,,
22266,Gonorrhea,280.0,California,2008.0,Unknown,25-29 years,25-29,21.0,,
22267,Gonorrhea,280.0,California,2008.0,Unknown,30-34 years,30-34,25.0,,
22268,Gonorrhea,280.0,California,2008.0,Unknown,35-39 years,35-39,10.0,,
22269,Gonorrhea,280.0,California,2008.0,Unknown,40+ years,40+,24.0,,
22270,Gonorrhea,280.0,California,2008.0,Unknown,Unknown,99,7.0,,
22271,Gonorrhea,280.0,California,2009.0,Unknown,0-14 years,0-14,1.0,,
22272,Gonorrhea,280.0,California,2009.0,Unknown,15-19 years,15-19,14.0,,
22273,Gonorrhea,280.0,California,2009.0,Unknown,20-24 years,20-24,14.0,,
22274,Gonorrhea,280.0,California,2009.0,Unknown,25-29 years,25-29,21.0,,
22275,Gonorrhea,280.0,California,2009.0,Unknown,30-34 years,30-34,12.0,,
22276,Gonorrhea,280.0,California,2009.0,Unknown,35-39 years,35-39,9.0,,
22277,Gonorrhea,280.0,California,2009.0,Unknown,40+ years,40+,9.0,,
22278,Gonorrhea,280.0,California,2009.0,Unknown,Unknown,99,13.0,,
22279,Gonorrhea,280.0,California,2010.0,Unknown,0-14 years,0-14,2.0,,
22280,Gonorrhea,280.0,California,2010.0,Unknown,15-19 years,15-19,18.0,,
22281,Gonorrhea,280.0,California,2010.0,Unknown,20-24 years,20-24,29.0,,
22282,Gonorrhea,280.0,California,2010.0,Unknown,25-29 years,25-29,26.0,,
22283,Gonorrhea,280.0,California,2010.0,Unknown,30-34 years,30-34,18.0,,
22284,Gonorrhea,280.0,California,2010.0,Unknown,35-39 years,35-39,11.0,,
22285,Gonorrhea,280.0,California,2010.0,Unknown,40+ years,40+,14.0,,
22286,Gonorrhea,280.0,California,2010.0,Unknown,Unknown,99,4.0,,
22287,Gonorrhea,280.0,California,2011.0,Unknown,0-14 years,0-14,1.0,,
22288,Gonorrhea,280.0,California,2011.0,Unknown,15-19 years,15-19,10.0,,
22289,Gonorrhea,280.0,California,2011.0,Unknown,20-24 years,20-24,36.0,,
22290,Gonorrhea,280.0,California,2011.0,Unknown,25-29 years,25-29,19.0,,
22291,Gonorrhea,280.0,California,2011.0,Unknown,30-34 years,30-34,11.0,,
22292,Gonorrhea,280.0,California,2011.0,Unknown,35-39 years,35-39,11.0,,
22293,Gonorrhea,280.0,California,2011.0,Unknown,40+ years,40+,15.0,,
22294,Gonorrhea,280.0,California,2011.0,Unknown,Unknown,99,4.0,,
22295,Gonorrhea,280.0,California,2012.0,Unknown,15-19 years,15-19,12.0,,
22296,Gonorrhea,280.0,California,2012.0,Unknown,20-24 years,20-24,26.0,,
22297,Gonorrhea,280.0,California,2012.0,Unknown,25-29 years,25-29,22.0,,
22298,Gonorrhea,280.0,California,2012.0,Unknown,30-34 years,30-34,18.0,,
22299,Gonorrhea,280.0,California,2012.0,Unknown,35-39 years,35-39,9.0,,
22300,Gonorrhea,280.0,California,2012.0,Unknown,40+ years,40+,11.0,,
22301,Gonorrhea,280.0,California,2012.0,Unknown,Unknown,99,5.0,,
22302,Gonorrhea,280.0,California,2013.0,Unknown,15-19 years,15-19,8.0,,
22303,Gonorrhea,280.0,California,2013.0,Unknown,20-24 years,20-24,15.0,,
22304,Gonorrhea,280.0,California,2013.0,Unknown,25-29 years,25-29,13.0,,
22305,Gonorrhea,280.0,California,2013.0,Unknown,30-34 years,30-34,6.0,,
22306,Gonorrhea,280.0,California,2013.0,Unknown,35-39 years,35-39,4.0,,
22307,Gonorrhea,280.0,California,2013.0,Unknown,40+ years,40+,11.0,,
22308,Gonorrhea,280.0,California,2013.0,Unknown,Unknown,99,2.0,,
22309,Gonorrhea,280.0,California,2014.0,Unknown,0-14 years,0-14,1.0,,
22310,Gonorrhea,280.0,California,2014.0,Unknown,15-19 years,15-19,5.0,,
22311,Gonorrhea,280.0,California,2014.0,Unknown,20-24 years,20-24,12.0,,
22312,Gonorrhea,280.0,California,2014.0,Unknown,25-29 years,25-29,13.0,,
22313,Gonorrhea,280.0,California,2014.0,Unknown,30-34 years,30-34,12.0,,
22314,Gonorrhea,280.0,California,2014.0,Unknown,35-39 years,35-39,2.0,,
22315,Gonorrhea,280.0,California,2014.0,Unknown,40+ years,40+,13.0,,
22316,Gonorrhea,280.0,California,2014.0,Unknown,Unknown,99,31.0,,
22317,Gonorrhea,280.0,Colorado,2008.0,Unknown,20-24 years,20-24,1.0,,
22318,Gonorrhea,280.0,Colorado,2008.0,Unknown,40+ years,40+,1.0,,
22319,Gonorrhea,280.0,Colorado,2009.0,Unknown,15-19 years,15-19,1.0,,
22320,Gonorrhea,280.0,Colorado,2009.0,Unknown,30-34 years,30-34,1.0,,
22321,Gonorrhea,280.0,Connecticut,2001.0,Unknown,20-24 years,20-24,2.0,,
22322,Gonorrhea,280.0,Connecticut,2001.0,Unknown,35-39 years,35-39,1.0,,
22323,Gonorrhea,280.0,Connecticut,2008.0,Unknown,30-34 years,30-34,1.0,,
22324,Gonorrhea,280.0,Connecticut,2008.0,Unknown,40+ years,40+,1.0,,
22325,Gonorrhea,280.0,Connecticut,2012.0,Unknown,25-29 years,25-29,1.0,,
22326,Gonorrhea,280.0,Connecticut,2012.0,Unknown,35-39 years,35-39,1.0,,
22327,Gonorrhea,280.0,Connecticut,2013.0,Unknown,40+ years,40+,1.0,,
22328,Gonorrhea,280.0,Connecticut,2014.0,Unknown,20-24 years,20-24,2.0,,
22329,Gonorrhea,280.0,Connecticut,2014.0,Unknown,25-29 years,25-29,1.0,,
22330,Gonorrhea,280.0,Connecticut,2014.0,Unknown,30-34 years,30-34,1.0,,
22331,Gonorrhea,280.0,Connecticut,2014.0,Unknown,35-39 years,35-39,1.0,,
22332,Gonorrhea,280.0,Connecticut,2014.0,Unknown,40+ years,40+,1.0,,
22333,Gonorrhea,280.0,District of Columbia,2000.0,Unknown,0-14 years,0-14,1.0,,
22334,Gonorrhea,280.0,District of Columbia,2000.0,Unknown,15-19 years,15-19,1.0,,
22335,Gonorrhea,280.0,District of Columbia,2000.0,Unknown,20-24 years,20-24,1.0,,
22336,Gonorrhea,280.0,District of Columbia,2000.0,Unknown,30-34 years,30-34,1.0,,
22337,Gonorrhea,280.0,District of Columbia,2000.0,Unknown,Unknown,99,1.0,,
22338,Gonorrhea,280.0,District of Columbia,2001.0,Unknown,15-19 years,15-19,3.0,,
22339,Gonorrhea,280.0,District of Columbia,2001.0,Unknown,20-24 years,20-24,4.0,,
22340,Gonorrhea,280.0,District of Columbia,2001.0,Unknown,25-29 years,25-29,1.0,,
22341,Gonorrhea,280.0,District of Columbia,2001.0,Unknown,35-39 years,35-39,1.0,,
22342,Gonorrhea,280.0,District of Columbia,2001.0,Unknown,40+ years,40+,3.0,,
22343,Gonorrhea,280.0,District of Columbia,2001.0,Unknown,Unknown,99,3.0,,
22344,Gonorrhea,280.0,District of Columbia,2002.0,Unknown,15-19 years,15-19,2.0,,
22345,Gonorrhea,280.0,District of Columbia,2002.0,Unknown,20-24 years,20-24,3.0,,
22346,Gonorrhea,280.0,District of Columbia,2002.0,Unknown,35-39 years,35-39,2.0,,
22347,Gonorrhea,280.0,District of Columbia,2002.0,Unknown,40+ years,40+,2.0,,
22348,Gonorrhea,280.0,District of Columbia,2003.0,Unknown,0-14 years,0-14,1.0,,
22349,Gonorrhea,280.0,District of Columbia,2003.0,Unknown,15-19 years,15-19,1.0,,
22350,Gonorrhea,280.0,District of Columbia,2003.0,Unknown,20-24 years,20-24,1.0,,
22351,Gonorrhea,280.0,District of Columbia,2003.0,Unknown,35-39 years,35-39,1.0,,
22352,Gonorrhea,280.0,District of Columbia,2003.0,Unknown,40+ years,40+,4.0,,
22353,Gonorrhea,280.0,District of Columbia,2003.0,Unknown,Unknown,99,2.0,,
22354,Gonorrhea,280.0,District of Columbia,2004.0,Unknown,15-19 years,15-19,3.0,,
22355,Gonorrhea,280.0,District of Columbia,2004.0,Unknown,20-24 years,20-24,1.0,,
22356,Gonorrhea,280.0,District of Columbia,2004.0,Unknown,25-29 years,25-29,1.0,,
22357,Gonorrhea,280.0,District of Columbia,2004.0,Unknown,Unknown,99,1.0,,
22358,Gonorrhea,280.0,District of Columbia,2005.0,Unknown,15-19 years,15-19,1.0,,
22359,Gonorrhea,280.0,District of Columbia,2005.0,Unknown,25-29 years,25-29,2.0,,
22360,Gonorrhea,280.0,District of Columbia,2005.0,Unknown,35-39 years,35-39,1.0,,
22361,Gonorrhea,280.0,District of Columbia,2006.0,Unknown,0-14 years,0-14,1.0,,
22362,Gonorrhea,280.0,District of Columbia,2006.0,Unknown,15-19 years,15-19,2.0,,
22363,Gonorrhea,280.0,District of Columbia,2006.0,Unknown,20-24 years,20-24,1.0,,
22364,Gonorrhea,280.0,District of Columbia,2006.0,Unknown,25-29 years,25-29,1.0,,
22365,Gonorrhea,280.0,District of Columbia,2006.0,Unknown,35-39 years,35-39,1.0,,
22366,Gonorrhea,280.0,District of Columbia,2006.0,Unknown,Unknown,99,1.0,,
22367,Gonorrhea,280.0,District of Columbia,2007.0,Unknown,15-19 years,15-19,3.0,,
22368,Gonorrhea,280.0,District of Columbia,2007.0,Unknown,20-24 years,20-24,3.0,,
22369,Gonorrhea,280.0,District of Columbia,2007.0,Unknown,25-29 years,25-29,1.0,,
22370,Gonorrhea,280.0,District of Columbia,2007.0,Unknown,40+ years,40+,1.0,,
22371,Gonorrhea,280.0,District of Columbia,2007.0,Unknown,Unknown,99,4.0,,
22372,Gonorrhea,280.0,District of Columbia,2008.0,Unknown,15-19 years,15-19,3.0,,
22373,Gonorrhea,280.0,District of Columbia,2008.0,Unknown,20-24 years,20-24,3.0,,
22374,Gonorrhea,280.0,District of Columbia,2008.0,Unknown,25-29 years,25-29,1.0,,
22375,Gonorrhea,280.0,District of Columbia,2008.0,Unknown,35-39 years,35-39,2.0,,
22376,Gonorrhea,280.0,District of Columbia,2008.0,Unknown,40+ years,40+,4.0,,
22377,Gonorrhea,280.0,District of Columbia,2008.0,Unknown,Unknown,99,1.0,,
22378,Gonorrhea,280.0,District of Columbia,2010.0,Unknown,15-19 years,15-19,2.0,,
22379,Gonorrhea,280.0,District of Columbia,2010.0,Unknown,20-24 years,20-24,1.0,,
22380,Gonorrhea,280.0,District of Columbia,2012.0,Unknown,15-19 years,15-19,1.0,,
22381,Gonorrhea,280.0,District of Columbia,2012.0,Unknown,20-24 years,20-24,3.0,,
22382,Gonorrhea,280.0,District of Columbia,2012.0,Unknown,25-29 years,25-29,2.0,,
22383,Gonorrhea,280.0,District of Columbia,2012.0,Unknown,30-34 years,30-34,1.0,,
22384,Gonorrhea,280.0,District of Columbia,2012.0,Unknown,40+ years,40+,3.0,,
22385,Gonorrhea,280.0,District of Columbia,2013.0,Unknown,15-19 years,15-19,1.0,,
22386,Gonorrhea,280.0,District of Columbia,2013.0,Unknown,20-24 years,20-24,2.0,,
22387,Gonorrhea,280.0,District of Columbia,2013.0,Unknown,25-29 years,25-29,1.0,,
22388,Gonorrhea,280.0,District of Columbia,2013.0,Unknown,35-39 years,35-39,1.0,,
22389,Gonorrhea,280.0,District of Columbia,2013.0,Unknown,Unknown,99,1.0,,
22390,Gonorrhea,280.0,District of Columbia,2014.0,Unknown,15-19 years,15-19,3.0,,
22391,Gonorrhea,280.0,District of Columbia,2014.0,Unknown,20-24 years,20-24,6.0,,
22392,Gonorrhea,280.0,District of Columbia,2014.0,Unknown,25-29 years,25-29,1.0,,
22393,Gonorrhea,280.0,District of Columbia,2014.0,Unknown,30-34 years,30-34,2.0,,
22394,Gonorrhea,280.0,District of Columbia,2014.0,Unknown,40+ years,40+,1.0,,
22395,Gonorrhea,280.0,District of Columbia,2014.0,Unknown,Unknown,99,1.0,,
22396,Gonorrhea,280.0,Florida,1998.0,Unknown,0-14 years,0-14,4.0,,
22397,Gonorrhea,280.0,Florida,1998.0,Unknown,15-19 years,15-19,48.0,,
22398,Gonorrhea,280.0,Florida,1998.0,Unknown,20-24 years,20-24,31.0,,
22399,Gonorrhea,280.0,Florida,1998.0,Unknown,25-29 years,25-29,10.0,,
22400,Gonorrhea,280.0,Florida,1998.0,Unknown,30-34 years,30-34,7.0,,
22401,Gonorrhea,280.0,Florida,1998.0,Unknown,35-39 years,35-39,1.0,,
22402,Gonorrhea,280.0,Florida,1998.0,Unknown,40+ years,40+,2.0,,
22403,Gonorrhea,280.0,Florida,1999.0,Unknown,0-14 years,0-14,2.0,,
22404,Gonorrhea,280.0,Florida,1999.0,Unknown,15-19 years,15-19,6.0,,
22405,Gonorrhea,280.0,Florida,1999.0,Unknown,20-24 years,20-24,8.0,,
22406,Gonorrhea,280.0,Florida,1999.0,Unknown,25-29 years,25-29,9.0,,
22407,Gonorrhea,280.0,Florida,1999.0,Unknown,30-34 years,30-34,3.0,,
22408,Gonorrhea,280.0,Florida,1999.0,Unknown,35-39 years,35-39,1.0,,
22409,Gonorrhea,280.0,Florida,1999.0,Unknown,40+ years,40+,1.0,,
22410,Gonorrhea,280.0,Florida,1999.0,Unknown,Unknown,99,7.0,,
22411,Gonorrhea,280.0,Florida,2001.0,Unknown,30-34 years,30-34,1.0,,
22412,Gonorrhea,280.0,Florida,2001.0,Unknown,Unknown,99,1.0,,
22413,Gonorrhea,280.0,Florida,2006.0,Unknown,15-19 years,15-19,1.0,,
22414,Gonorrhea,280.0,Florida,2006.0,Unknown,20-24 years,20-24,2.0,,
22415,Gonorrhea,280.0,Florida,2007.0,Unknown,0-14 years,0-14,1.0,,
22416,Gonorrhea,280.0,Florida,2007.0,Unknown,20-24 years,20-24,2.0,,
22417,Gonorrhea,280.0,Florida,2007.0,Unknown,25-29 years,25-29,3.0,,
22418,Gonorrhea,280.0,Florida,2007.0,Unknown,35-39 years,35-39,1.0,,
22419,Gonorrhea,280.0,Florida,2008.0,Unknown,0-14 years,0-14,1.0,,
22420,Gonorrhea,280.0,Florida,2008.0,Unknown,15-19 years,15-19,18.0,,
22421,Gonorrhea,280.0,Florida,2008.0,Unknown,20-24 years,20-24,16.0,,
22422,Gonorrhea,280.0,Florida,2008.0,Unknown,25-29 years,25-29,7.0,,
22423,Gonorrhea,280.0,Florida,2008.0,Unknown,30-34 years,30-34,5.0,,
22424,Gonorrhea,280.0,Florida,2008.0,Unknown,35-39 years,35-39,2.0,,
22425,Gonorrhea,280.0,Florida,2008.0,Unknown,40+ years,40+,2.0,,
22426,Gonorrhea,280.0,Florida,2008.0,Unknown,Unknown,99,1.0,,
22427,Gonorrhea,280.0,Florida,2009.0,Unknown,15-19 years,15-19,15.0,,
22428,Gonorrhea,280.0,Florida,2009.0,Unknown,20-24 years,20-24,8.0,,
22429,Gonorrhea,280.0,Florida,2009.0,Unknown,25-29 years,25-29,7.0,,
22430,Gonorrhea,280.0,Florida,2009.0,Unknown,30-34 years,30-34,2.0,,
22431,Gonorrhea,280.0,Florida,2009.0,Unknown,35-39 years,35-39,1.0,,
22432,Gonorrhea,280.0,Florida,2009.0,Unknown,40+ years,40+,1.0,,
22433,Gonorrhea,280.0,Florida,2010.0,Unknown,0-14 years,0-14,2.0,,
22434,Gonorrhea,280.0,Florida,2010.0,Unknown,15-19 years,15-19,3.0,,
22435,Gonorrhea,280.0,Florida,2010.0,Unknown,20-24 years,20-24,6.0,,
22436,Gonorrhea,280.0,Florida,2010.0,Unknown,25-29 years,25-29,4.0,,
22437,Gonorrhea,280.0,Florida,2010.0,Unknown,40+ years,40+,2.0,,
22438,Gonorrhea,280.0,Florida,2011.0,Unknown,15-19 years,15-19,7.0,,
22439,Gonorrhea,280.0,Florida,2011.0,Unknown,20-24 years,20-24,5.0,,
22440,Gonorrhea,280.0,Florida,2011.0,Unknown,25-29 years,25-29,2.0,,
22441,Gonorrhea,280.0,Florida,2011.0,Unknown,40+ years,40+,1.0,,
22442,Gonorrhea,280.0,Florida,2013.0,Unknown,0-14 years,0-14,1.0,,
22443,Gonorrhea,280.0,Florida,2013.0,Unknown,15-19 years,15-19,11.0,,
22444,Gonorrhea,280.0,Florida,2013.0,Unknown,20-24 years,20-24,17.0,,
22445,Gonorrhea,280.0,Florida,2013.0,Unknown,25-29 years,25-29,6.0,,
22446,Gonorrhea,280.0,Florida,2013.0,Unknown,30-34 years,30-34,10.0,,
22447,Gonorrhea,280.0,Florida,2013.0,Unknown,35-39 years,35-39,2.0,,
22448,Gonorrhea,280.0,Florida,2013.0,Unknown,40+ years,40+,4.0,,
22449,Gonorrhea,280.0,Florida,2014.0,Unknown,0-14 years,0-14,2.0,,
22450,Gonorrhea,280.0,Florida,2014.0,Unknown,15-19 years,15-19,10.0,,
22451,Gonorrhea,280.0,Florida,2014.0,Unknown,20-24 years,20-24,10.0,,
22452,Gonorrhea,280.0,Florida,2014.0,Unknown,25-29 years,25-29,3.0,,
22453,Gonorrhea,280.0,Florida,2014.0,Unknown,30-34 years,30-34,3.0,,
22454,Gonorrhea,280.0,Florida,2014.0,Unknown,35-39 years,35-39,2.0,,
22455,Gonorrhea,280.0,Georgia,2000.0,Unknown,0-14 years,0-14,6.0,,
22456,Gonorrhea,280.0,Georgia,2000.0,Unknown,15-19 years,15-19,36.0,,
22457,Gonorrhea,280.0,Georgia,2000.0,Unknown,20-24 years,20-24,26.0,,
22458,Gonorrhea,280.0,Georgia,2000.0,Unknown,25-29 years,25-29,21.0,,
22459,Gonorrhea,280.0,Georgia,2000.0,Unknown,30-34 years,30-34,13.0,,
22460,Gonorrhea,280.0,Georgia,2000.0,Unknown,35-39 years,35-39,5.0,,
22461,Gonorrhea,280.0,Georgia,2000.0,Unknown,40+ years,40+,5.0,,
22462,Gonorrhea,280.0,Georgia,2001.0,Unknown,0-14 years,0-14,1.0,,
22463,Gonorrhea,280.0,Georgia,2001.0,Unknown,15-19 years,15-19,1.0,,
22464,Gonorrhea,280.0,Georgia,2001.0,Unknown,25-29 years,25-29,1.0,,
22465,Gonorrhea,280.0,Georgia,2001.0,Unknown,35-39 years,35-39,1.0,,
22466,Gonorrhea,280.0,Georgia,2001.0,Unknown,40+ years,40+,1.0,,
22467,Gonorrhea,280.0,Georgia,2002.0,Unknown,0-14 years,0-14,2.0,,
22468,Gonorrhea,280.0,Georgia,2002.0,Unknown,15-19 years,15-19,18.0,,
22469,Gonorrhea,280.0,Georgia,2002.0,Unknown,20-24 years,20-24,12.0,,
22470,Gonorrhea,280.0,Georgia,2002.0,Unknown,25-29 years,25-29,2.0,,
22471,Gonorrhea,280.0,Georgia,2002.0,Unknown,30-34 years,30-34,6.0,,
22472,Gonorrhea,280.0,Georgia,2002.0,Unknown,35-39 years,35-39,3.0,,
22473,Gonorrhea,280.0,Georgia,2002.0,Unknown,40+ years,40+,5.0,,
22474,Gonorrhea,280.0,Georgia,2002.0,Unknown,Unknown,99,16.0,,
22475,Gonorrhea,280.0,Georgia,2003.0,Unknown,0-14 years,0-14,3.0,,
22476,Gonorrhea,280.0,Georgia,2003.0,Unknown,15-19 years,15-19,17.0,,
22477,Gonorrhea,280.0,Georgia,2003.0,Unknown,20-24 years,20-24,12.0,,
22478,Gonorrhea,280.0,Georgia,2003.0,Unknown,25-29 years,25-29,11.0,,
22479,Gonorrhea,280.0,Georgia,2003.0,Unknown,30-34 years,30-34,1.0,,
22480,Gonorrhea,280.0,Georgia,2003.0,Unknown,35-39 years,35-39,6.0,,
22481,Gonorrhea,280.0,Georgia,2003.0,Unknown,40+ years,40+,1.0,,
22482,Gonorrhea,280.0,Georgia,2003.0,Unknown,Unknown,99,11.0,,
22483,Gonorrhea,280.0,Georgia,2004.0,Unknown,0-14 years,0-14,2.0,,
22484,Gonorrhea,280.0,Georgia,2004.0,Unknown,15-19 years,15-19,16.0,,
22485,Gonorrhea,280.0,Georgia,2004.0,Unknown,20-24 years,20-24,10.0,,
22486,Gonorrhea,280.0,Georgia,2004.0,Unknown,25-29 years,25-29,12.0,,
22487,Gonorrhea,280.0,Georgia,2004.0,Unknown,30-34 years,30-34,3.0,,
22488,Gonorrhea,280.0,Georgia,2004.0,Unknown,35-39 years,35-39,4.0,,
22489,Gonorrhea,280.0,Georgia,2004.0,Unknown,40+ years,40+,4.0,,
22490,Gonorrhea,280.0,Georgia,2004.0,Unknown,Unknown,99,17.0,,
22491,Gonorrhea,280.0,Georgia,2005.0,Unknown,0-14 years,0-14,1.0,,
22492,Gonorrhea,280.0,Georgia,2005.0,Unknown,15-19 years,15-19,37.0,,
22493,Gonorrhea,280.0,Georgia,2005.0,Unknown,20-24 years,20-24,39.0,,
22494,Gonorrhea,280.0,Georgia,2005.0,Unknown,25-29 years,25-29,15.0,,
22495,Gonorrhea,280.0,Georgia,2005.0,Unknown,30-34 years,30-34,7.0,,
22496,Gonorrhea,280.0,Georgia,2005.0,Unknown,35-39 years,35-39,4.0,,
22497,Gonorrhea,280.0,Georgia,2005.0,Unknown,40+ years,40+,5.0,,
22498,Gonorrhea,280.0,Georgia,2005.0,Unknown,Unknown,99,48.0,,
22499,Gonorrhea,280.0,Georgia,2006.0,Unknown,0-14 years,0-14,4.0,,
22500,Gonorrhea,280.0,Georgia,2006.0,Unknown,15-19 years,15-19,42.0,,
22501,Gonorrhea,280.0,Georgia,2006.0,Unknown,20-24 years,20-24,43.0,,
22502,Gonorrhea,280.0,Georgia,2006.0,Unknown,25-29 years,25-29,17.0,,
22503,Gonorrhea,280.0,Georgia,2006.0,Unknown,30-34 years,30-34,13.0,,
22504,Gonorrhea,280.0,Georgia,2006.0,Unknown,35-39 years,35-39,6.0,,
22505,Gonorrhea,280.0,Georgia,2006.0,Unknown,40+ years,40+,16.0,,
22506,Gonorrhea,280.0,Georgia,2006.0,Unknown,Unknown,99,16.0,,
22507,Gonorrhea,280.0,Georgia,2007.0,Unknown,0-14 years,0-14,4.0,,
22508,Gonorrhea,280.0,Georgia,2007.0,Unknown,15-19 years,15-19,35.0,,
22509,Gonorrhea,280.0,Georgia,2007.0,Unknown,20-24 years,20-24,26.0,,
22510,Gonorrhea,280.0,Georgia,2007.0,Unknown,25-29 years,25-29,12.0,,
22511,Gonorrhea,280.0,Georgia,2007.0,Unknown,30-34 years,30-34,7.0,,
22512,Gonorrhea,280.0,Georgia,2007.0,Unknown,35-39 years,35-39,8.0,,
22513,Gonorrhea,280.0,Georgia,2007.0,Unknown,40+ years,40+,2.0,,
22514,Gonorrhea,280.0,Georgia,2007.0,Unknown,Unknown,99,6.0,,
22515,Gonorrhea,280.0,Georgia,2008.0,Unknown,15-19 years,15-19,34.0,,
22516,Gonorrhea,280.0,Georgia,2008.0,Unknown,20-24 years,20-24,33.0,,
22517,Gonorrhea,280.0,Georgia,2008.0,Unknown,25-29 years,25-29,17.0,,
22518,Gonorrhea,280.0,Georgia,2008.0,Unknown,30-34 years,30-34,8.0,,
22519,Gonorrhea,280.0,Georgia,2008.0,Unknown,35-39 years,35-39,4.0,,
22520,Gonorrhea,280.0,Georgia,2008.0,Unknown,40+ years,40+,8.0,,
22521,Gonorrhea,280.0,Georgia,2008.0,Unknown,Unknown,99,16.0,,
22522,Gonorrhea,280.0,Georgia,2009.0,Unknown,0-14 years,0-14,1.0,,
22523,Gonorrhea,280.0,Georgia,2009.0,Unknown,15-19 years,15-19,17.0,,
22524,Gonorrhea,280.0,Georgia,2009.0,Unknown,20-24 years,20-24,23.0,,
22525,Gonorrhea,280.0,Georgia,2009.0,Unknown,25-29 years,25-29,10.0,,
22526,Gonorrhea,280.0,Georgia,2009.0,Unknown,30-34 years,30-34,5.0,,
22527,Gonorrhea,280.0,Georgia,2009.0,Unknown,35-39 years,35-39,1.0,,
22528,Gonorrhea,280.0,Georgia,2009.0,Unknown,40+ years,40+,1.0,,
22529,Gonorrhea,280.0,Georgia,2009.0,Unknown,Unknown,99,8.0,,
22530,Gonorrhea,280.0,Georgia,2010.0,Unknown,0-14 years,0-14,8.0,,
22531,Gonorrhea,280.0,Georgia,2010.0,Unknown,15-19 years,15-19,41.0,,
22532,Gonorrhea,280.0,Georgia,2010.0,Unknown,20-24 years,20-24,45.0,,
22533,Gonorrhea,280.0,Georgia,2010.0,Unknown,25-29 years,25-29,13.0,,
22534,Gonorrhea,280.0,Georgia,2010.0,Unknown,30-34 years,30-34,13.0,,
22535,Gonorrhea,280.0,Georgia,2010.0,Unknown,35-39 years,35-39,4.0,,
22536,Gonorrhea,280.0,Georgia,2010.0,Unknown,40+ years,40+,3.0,,
22537,Gonorrhea,280.0,Georgia,2010.0,Unknown,Unknown,99,7.0,,
22538,Gonorrhea,280.0,Georgia,2011.0,Unknown,0-14 years,0-14,3.0,,
22539,Gonorrhea,280.0,Georgia,2011.0,Unknown,15-19 years,15-19,49.0,,
22540,Gonorrhea,280.0,Georgia,2011.0,Unknown,20-24 years,20-24,58.0,,
22541,Gonorrhea,280.0,Georgia,2011.0,Unknown,25-29 years,25-29,14.0,,
22542,Gonorrhea,280.0,Georgia,2011.0,Unknown,30-34 years,30-34,16.0,,
22543,Gonorrhea,280.0,Georgia,2011.0,Unknown,35-39 years,35-39,8.0,,
22544,Gonorrhea,280.0,Georgia,2011.0,Unknown,40+ years,40+,5.0,,
22545,Gonorrhea,280.0,Georgia,2011.0,Unknown,Unknown,99,2.0,,
22546,Gonorrhea,280.0,Georgia,2012.0,Unknown,0-14 years,0-14,6.0,,
22547,Gonorrhea,280.0,Georgia,2012.0,Unknown,15-19 years,15-19,34.0,,
22548,Gonorrhea,280.0,Georgia,2012.0,Unknown,20-24 years,20-24,31.0,,
22549,Gonorrhea,280.0,Georgia,2012.0,Unknown,25-29 years,25-29,19.0,,
22550,Gonorrhea,280.0,Georgia,2012.0,Unknown,30-34 years,30-34,4.0,,
22551,Gonorrhea,280.0,Georgia,2012.0,Unknown,35-39 years,35-39,4.0,,
22552,Gonorrhea,280.0,Georgia,2012.0,Unknown,40+ years,40+,4.0,,
22553,Gonorrhea,280.0,Georgia,2012.0,Unknown,Unknown,99,2.0,,
22554,Gonorrhea,280.0,Georgia,2013.0,Unknown,0-14 years,0-14,2.0,,
22555,Gonorrhea,280.0,Georgia,2013.0,Unknown,15-19 years,15-19,37.0,,
22556,Gonorrhea,280.0,Georgia,2013.0,Unknown,20-24 years,20-24,32.0,,
22557,Gonorrhea,280.0,Georgia,2013.0,Unknown,25-29 years,25-29,24.0,,
22558,Gonorrhea,280.0,Georgia,2013.0,Unknown,30-34 years,30-34,9.0,,
22559,Gonorrhea,280.0,Georgia,2013.0,Unknown,35-39 years,35-39,4.0,,
22560,Gonorrhea,280.0,Georgia,2013.0,Unknown,40+ years,40+,7.0,,
22561,Gonorrhea,280.0,Georgia,2013.0,Unknown,Unknown,99,2.0,,
22562,Gonorrhea,280.0,Georgia,2014.0,Unknown,0-14 years,0-14,1.0,,
22563,Gonorrhea,280.0,Georgia,2014.0,Unknown,15-19 years,15-19,12.0,,
22564,Gonorrhea,280.0,Georgia,2014.0,Unknown,20-24 years,20-24,39.0,,
22565,Gonorrhea,280.0,Georgia,2014.0,Unknown,25-29 years,25-29,12.0,,
22566,Gonorrhea,280.0,Georgia,2014.0,Unknown,30-34 years,30-34,7.0,,
22567,Gonorrhea,280.0,Georgia,2014.0,Unknown,35-39 years,35-39,3.0,,
22568,Gonorrhea,280.0,Georgia,2014.0,Unknown,40+ years,40+,4.0,,
22569,Gonorrhea,280.0,Georgia,2014.0,Unknown,Unknown,99,3.0,,
22570,Gonorrhea,280.0,Hawaii,1999.0,Unknown,Unknown,99,1.0,,
22571,Gonorrhea,280.0,Hawaii,2014.0,Unknown,20-24 years,20-24,1.0,,
22572,Gonorrhea,280.0,Idaho,2001.0,Unknown,15-19 years,15-19,1.0,,
22573,Gonorrhea,280.0,Idaho,2001.0,Unknown,20-24 years,20-24,1.0,,
22574,Gonorrhea,280.0,Idaho,2004.0,Unknown,20-24 years,20-24,1.0,,
22575,Gonorrhea,280.0,Idaho,2005.0,Unknown,35-39 years,35-39,1.0,,
22576,Gonorrhea,280.0,Idaho,2005.0,Unknown,40+ years,40+,1.0,,
22577,Gonorrhea,280.0,Idaho,2006.0,Unknown,30-34 years,30-34,1.0,,
22578,Gonorrhea,280.0,Idaho,2007.0,Unknown,20-24 years,20-24,3.0,,
22579,Gonorrhea,280.0,Idaho,2007.0,Unknown,25-29 years,25-29,1.0,,
22580,Gonorrhea,280.0,Idaho,2007.0,Unknown,30-34 years,30-34,1.0,,
22581,Gonorrhea,280.0,Idaho,2009.0,Unknown,30-34 years,30-34,1.0,,
22582,Gonorrhea,280.0,Idaho,2010.0,Unknown,25-29 years,25-29,1.0,,
22583,Gonorrhea,280.0,Illinois,1999.0,Unknown,20-24 years,20-24,4.0,,
22584,Gonorrhea,280.0,Illinois,1999.0,Unknown,25-29 years,25-29,2.0,,
22585,Gonorrhea,280.0,Illinois,1999.0,Unknown,30-34 years,30-34,2.0,,
22586,Gonorrhea,280.0,Illinois,1999.0,Unknown,35-39 years,35-39,1.0,,
22587,Gonorrhea,280.0,Illinois,1999.0,Unknown,40+ years,40+,1.0,,
22588,Gonorrhea,280.0,Illinois,1999.0,Unknown,Unknown,99,4.0,,
22589,Gonorrhea,280.0,Illinois,2000.0,Unknown,20-24 years,20-24,1.0,,
22590,Gonorrhea,280.0,Illinois,2000.0,Unknown,40+ years,40+,1.0,,
22591,Gonorrhea,280.0,Illinois,2001.0,Unknown,15-19 years,15-19,1.0,,
22592,Gonorrhea,280.0,Illinois,2001.0,Unknown,20-24 years,20-24,1.0,,
22593,Gonorrhea,280.0,Illinois,2002.0,Unknown,40+ years,40+,2.0,,
22594,Gonorrhea,280.0,Illinois,2002.0,Unknown,Unknown,99,1.0,,
22595,Gonorrhea,280.0,Illinois,2003.0,Unknown,Unknown,99,1.0,,
22596,Gonorrhea,280.0,Illinois,2005.0,Unknown,35-39 years,35-39,1.0,,
22597,Gonorrhea,280.0,Illinois,2008.0,Unknown,30-34 years,30-34,1.0,,
22598,Gonorrhea,280.0,Illinois,2009.0,Unknown,15-19 years,15-19,1.0,,
22599,Gonorrhea,280.0,Illinois,2009.0,Unknown,25-29 years,25-29,1.0,,
22600,Gonorrhea,280.0,Illinois,2009.0,Unknown,35-39 years,35-39,1.0,,
22601,Gonorrhea,280.0,Illinois,2009.0,Unknown,40+ years,40+,1.0,,
22602,Gonorrhea,280.0,Illinois,2010.0,Unknown,0-14 years,0-14,1.0,,
22603,Gonorrhea,280.0,Illinois,2010.0,Unknown,15-19 years,15-19,11.0,,
22604,Gonorrhea,280.0,Illinois,2010.0,Unknown,20-24 years,20-24,5.0,,
22605,Gonorrhea,280.0,Illinois,2010.0,Unknown,25-29 years,25-29,3.0,,
22606,Gonorrhea,280.0,Illinois,2010.0,Unknown,30-34 years,30-34,5.0,,
22607,Gonorrhea,280.0,Illinois,2010.0,Unknown,35-39 years,35-39,2.0,,
22608,Gonorrhea,280.0,Illinois,2010.0,Unknown,40+ years,40+,2.0,,
22609,Gonorrhea,280.0,Illinois,2011.0,Unknown,0-14 years,0-14,2.0,,
22610,Gonorrhea,280.0,Illinois,2011.0,Unknown,15-19 years,15-19,8.0,,
22611,Gonorrhea,280.0,Illinois,2011.0,Unknown,20-24 years,20-24,8.0,,
22612,Gonorrhea,280.0,Illinois,2011.0,Unknown,25-29 years,25-29,1.0,,
22613,Gonorrhea,280.0,Illinois,2011.0,Unknown,30-34 years,30-34,2.0,,
22614,Gonorrhea,280.0,Illinois,2011.0,Unknown,40+ years,40+,3.0,,
22615,Gonorrhea,280.0,Illinois,2012.0,Unknown,15-19 years,15-19,8.0,,
22616,Gonorrhea,280.0,Illinois,2012.0,Unknown,20-24 years,20-24,9.0,,
22617,Gonorrhea,280.0,Illinois,2012.0,Unknown,25-29 years,25-29,8.0,,
22618,Gonorrhea,280.0,Illinois,2012.0,Unknown,30-34 years,30-34,3.0,,
22619,Gonorrhea,280.0,Illinois,2012.0,Unknown,40+ years,40+,1.0,,
22620,Gonorrhea,280.0,Illinois,2013.0,Unknown,15-19 years,15-19,6.0,,
22621,Gonorrhea,280.0,Illinois,2013.0,Unknown,20-24 years,20-24,3.0,,
22622,Gonorrhea,280.0,Illinois,2013.0,Unknown,25-29 years,25-29,2.0,,
22623,Gonorrhea,280.0,Illinois,2013.0,Unknown,30-34 years,30-34,4.0,,
22624,Gonorrhea,280.0,Illinois,2013.0,Unknown,40+ years,40+,3.0,,
22625,Gonorrhea,280.0,Illinois,2014.0,Unknown,15-19 years,15-19,4.0,,
22626,Gonorrhea,280.0,Illinois,2014.0,Unknown,20-24 years,20-24,9.0,,
22627,Gonorrhea,280.0,Illinois,2014.0,Unknown,25-29 years,25-29,4.0,,
22628,Gonorrhea,280.0,Illinois,2014.0,Unknown,30-34 years,30-34,3.0,,
22629,Gonorrhea,280.0,Illinois,2014.0,Unknown,35-39 years,35-39,3.0,,
22630,Gonorrhea,280.0,Illinois,2014.0,Unknown,40+ years,40+,1.0,,
22631,Gonorrhea,280.0,Illinois,2014.0,Unknown,Unknown,99,1.0,,
22632,Gonorrhea,280.0,Indiana,2000.0,Unknown,15-19 years,15-19,5.0,,
22633,Gonorrhea,280.0,Indiana,2000.0,Unknown,20-24 years,20-24,1.0,,
22634,Gonorrhea,280.0,Indiana,2000.0,Unknown,25-29 years,25-29,1.0,,
22635,Gonorrhea,280.0,Indiana,2000.0,Unknown,30-34 years,30-34,3.0,,
22636,Gonorrhea,280.0,Indiana,2001.0,Unknown,15-19 years,15-19,1.0,,
22637,Gonorrhea,280.0,Indiana,2001.0,Unknown,20-24 years,20-24,8.0,,
22638,Gonorrhea,280.0,Indiana,2001.0,Unknown,35-39 years,35-39,1.0,,
22639,Gonorrhea,280.0,Indiana,2001.0,Unknown,Unknown,99,1.0,,
22640,Gonorrhea,280.0,Indiana,2002.0,Unknown,0-14 years,0-14,3.0,,
22641,Gonorrhea,280.0,Indiana,2002.0,Unknown,15-19 years,15-19,9.0,,
22642,Gonorrhea,280.0,Indiana,2002.0,Unknown,20-24 years,20-24,6.0,,
22643,Gonorrhea,280.0,Indiana,2002.0,Unknown,25-29 years,25-29,4.0,,
22644,Gonorrhea,280.0,Indiana,2002.0,Unknown,30-34 years,30-34,4.0,,
22645,Gonorrhea,280.0,Indiana,2002.0,Unknown,35-39 years,35-39,1.0,,
22646,Gonorrhea,280.0,Indiana,2003.0,Unknown,0-14 years,0-14,1.0,,
22647,Gonorrhea,280.0,Indiana,2003.0,Unknown,15-19 years,15-19,12.0,,
22648,Gonorrhea,280.0,Indiana,2003.0,Unknown,20-24 years,20-24,2.0,,
22649,Gonorrhea,280.0,Indiana,2003.0,Unknown,25-29 years,25-29,11.0,,
22650,Gonorrhea,280.0,Indiana,2003.0,Unknown,30-34 years,30-34,1.0,,
22651,Gonorrhea,280.0,Indiana,2003.0,Unknown,35-39 years,35-39,2.0,,
22652,Gonorrhea,280.0,Indiana,2003.0,Unknown,40+ years,40+,2.0,,
22653,Gonorrhea,280.0,Indiana,2004.0,Unknown,0-14 years,0-14,2.0,,
22654,Gonorrhea,280.0,Indiana,2004.0,Unknown,15-19 years,15-19,14.0,,
22655,Gonorrhea,280.0,Indiana,2004.0,Unknown,20-24 years,20-24,11.0,,
22656,Gonorrhea,280.0,Indiana,2004.0,Unknown,25-29 years,25-29,3.0,,
22657,Gonorrhea,280.0,Indiana,2004.0,Unknown,30-34 years,30-34,1.0,,
22658,Gonorrhea,280.0,Indiana,2005.0,Unknown,15-19 years,15-19,13.0,,
22659,Gonorrhea,280.0,Indiana,2005.0,Unknown,20-24 years,20-24,8.0,,
22660,Gonorrhea,280.0,Indiana,2005.0,Unknown,25-29 years,25-29,2.0,,
22661,Gonorrhea,280.0,Indiana,2005.0,Unknown,40+ years,40+,1.0,,
22662,Gonorrhea,280.0,Indiana,2005.0,Unknown,Unknown,99,1.0,,
22663,Gonorrhea,280.0,Indiana,2006.0,Unknown,15-19 years,15-19,5.0,,
22664,Gonorrhea,280.0,Indiana,2006.0,Unknown,20-24 years,20-24,18.0,,
22665,Gonorrhea,280.0,Indiana,2006.0,Unknown,25-29 years,25-29,6.0,,
22666,Gonorrhea,280.0,Indiana,2006.0,Unknown,35-39 years,35-39,2.0,,
22667,Gonorrhea,280.0,Indiana,2007.0,Unknown,0-14 years,0-14,1.0,,
22668,Gonorrhea,280.0,Indiana,2007.0,Unknown,15-19 years,15-19,10.0,,
22669,Gonorrhea,280.0,Indiana,2007.0,Unknown,20-24 years,20-24,8.0,,
22670,Gonorrhea,280.0,Indiana,2007.0,Unknown,25-29 years,25-29,2.0,,
22671,Gonorrhea,280.0,Indiana,2007.0,Unknown,30-34 years,30-34,3.0,,
22672,Gonorrhea,280.0,Indiana,2007.0,Unknown,40+ years,40+,2.0,,
22673,Gonorrhea,280.0,Indiana,2008.0,Unknown,0-14 years,0-14,1.0,,
22674,Gonorrhea,280.0,Indiana,2008.0,Unknown,15-19 years,15-19,8.0,,
22675,Gonorrhea,280.0,Indiana,2008.0,Unknown,20-24 years,20-24,5.0,,
22676,Gonorrhea,280.0,Indiana,2008.0,Unknown,25-29 years,25-29,4.0,,
22677,Gonorrhea,280.0,Indiana,2008.0,Unknown,35-39 years,35-39,2.0,,
22678,Gonorrhea,280.0,Indiana,2009.0,Unknown,0-14 years,0-14,2.0,,
22679,Gonorrhea,280.0,Indiana,2009.0,Unknown,15-19 years,15-19,2.0,,
22680,Gonorrhea,280.0,Indiana,2009.0,Unknown,20-24 years,20-24,8.0,,
22681,Gonorrhea,280.0,Indiana,2009.0,Unknown,25-29 years,25-29,2.0,,
22682,Gonorrhea,280.0,Indiana,2009.0,Unknown,30-34 years,30-34,5.0,,
22683,Gonorrhea,280.0,Indiana,2010.0,Unknown,0-14 years,0-14,8.0,,
22684,Gonorrhea,280.0,Indiana,2010.0,Unknown,15-19 years,15-19,2.0,,
22685,Gonorrhea,280.0,Indiana,2010.0,Unknown,20-24 years,20-24,1.0,,
22686,Gonorrhea,280.0,Indiana,2010.0,Unknown,25-29 years,25-29,1.0,,
22687,Gonorrhea,280.0,Indiana,2010.0,Unknown,35-39 years,35-39,1.0,,
22688,Gonorrhea,280.0,Indiana,2010.0,Unknown,40+ years,40+,1.0,,
22689,Gonorrhea,280.0,Indiana,2011.0,Unknown,15-19 years,15-19,2.0,,
22690,Gonorrhea,280.0,Indiana,2011.0,Unknown,20-24 years,20-24,7.0,,
22691,Gonorrhea,280.0,Indiana,2011.0,Unknown,30-34 years,30-34,1.0,,
22692,Gonorrhea,280.0,Indiana,2011.0,Unknown,40+ years,40+,2.0,,
22693,Gonorrhea,280.0,Indiana,2012.0,Unknown,15-19 years,15-19,3.0,,
22694,Gonorrhea,280.0,Indiana,2012.0,Unknown,20-24 years,20-24,6.0,,
22695,Gonorrhea,280.0,Indiana,2012.0,Unknown,25-29 years,25-29,2.0,,
22696,Gonorrhea,280.0,Indiana,2013.0,Unknown,20-24 years,20-24,1.0,,
22697,Gonorrhea,280.0,Indiana,2014.0,Unknown,15-19 years,15-19,1.0,,
22698,Gonorrhea,280.0,Indiana,2014.0,Unknown,20-24 years,20-24,3.0,,
22699,Gonorrhea,280.0,Indiana,2014.0,Unknown,25-29 years,25-29,1.0,,
22700,Gonorrhea,280.0,Iowa,2002.0,Unknown,15-19 years,15-19,1.0,,
22701,Gonorrhea,280.0,Iowa,2003.0,Unknown,15-19 years,15-19,3.0,,
22702,Gonorrhea,280.0,Iowa,2003.0,Unknown,20-24 years,20-24,1.0,,
22703,Gonorrhea,280.0,Iowa,2003.0,Unknown,40+ years,40+,1.0,,
22704,Gonorrhea,280.0,Iowa,2004.0,Unknown,15-19 years,15-19,1.0,,
22705,Gonorrhea,280.0,Iowa,2004.0,Unknown,25-29 years,25-29,1.0,,
22706,Gonorrhea,280.0,Kentucky,2000.0,Unknown,0-14 years,0-14,1.0,,
22707,Gonorrhea,280.0,Kentucky,2000.0,Unknown,15-19 years,15-19,16.0,,
22708,Gonorrhea,280.0,Kentucky,2000.0,Unknown,20-24 years,20-24,5.0,,
22709,Gonorrhea,280.0,Kentucky,2000.0,Unknown,40+ years,40+,4.0,,
22710,Gonorrhea,280.0,Kentucky,2001.0,Unknown,15-19 years,15-19,3.0,,
22711,Gonorrhea,280.0,Kentucky,2001.0,Unknown,20-24 years,20-24,2.0,,
22712,Gonorrhea,280.0,Kentucky,2001.0,Unknown,25-29 years,25-29,1.0,,
22713,Gonorrhea,280.0,Kentucky,2001.0,Unknown,40+ years,40+,1.0,,
22714,Gonorrhea,280.0,Kentucky,2002.0,Unknown,15-19 years,15-19,2.0,,
22715,Gonorrhea,280.0,Kentucky,2003.0,Unknown,15-19 years,15-19,2.0,,
22716,Gonorrhea,280.0,Kentucky,2003.0,Unknown,25-29 years,25-29,3.0,,
22717,Gonorrhea,280.0,Kentucky,2003.0,Unknown,Unknown,99,1.0,,
22718,Gonorrhea,280.0,Kentucky,2004.0,Unknown,15-19 years,15-19,2.0,,
22719,Gonorrhea,280.0,Kentucky,2004.0,Unknown,20-24 years,20-24,1.0,,
22720,Gonorrhea,280.0,Kentucky,2004.0,Unknown,35-39 years,35-39,1.0,,
22721,Gonorrhea,280.0,Kentucky,2004.0,Unknown,Unknown,99,1.0,,
22722,Gonorrhea,280.0,Kentucky,2005.0,Unknown,15-19 years,15-19,1.0,,
22723,Gonorrhea,280.0,Kentucky,2005.0,Unknown,20-24 years,20-24,2.0,,
22724,Gonorrhea,280.0,Kentucky,2005.0,Unknown,25-29 years,25-29,1.0,,
22725,Gonorrhea,280.0,Kentucky,2005.0,Unknown,40+ years,40+,1.0,,
22726,Gonorrhea,280.0,Kentucky,2005.0,Unknown,Unknown,99,1.0,,
22727,Gonorrhea,280.0,Kentucky,2006.0,Unknown,15-19 years,15-19,4.0,,
22728,Gonorrhea,280.0,Kentucky,2006.0,Unknown,20-24 years,20-24,1.0,,
22729,Gonorrhea,280.0,Kentucky,2006.0,Unknown,25-29 years,25-29,1.0,,
22730,Gonorrhea,280.0,Kentucky,2006.0,Unknown,30-34 years,30-34,1.0,,
22731,Gonorrhea,280.0,Kentucky,2007.0,Unknown,15-19 years,15-19,2.0,,
22732,Gonorrhea,280.0,Kentucky,2007.0,Unknown,Unknown,99,1.0,,
22733,Gonorrhea,280.0,Kentucky,2008.0,Unknown,15-19 years,15-19,1.0,,
22734,Gonorrhea,280.0,Kentucky,2008.0,Unknown,20-24 years,20-24,2.0,,
22735,Gonorrhea,280.0,Kentucky,2008.0,Unknown,25-29 years,25-29,1.0,,
22736,Gonorrhea,280.0,Kentucky,2008.0,Unknown,40+ years,40+,1.0,,
22737,Gonorrhea,280.0,Kentucky,2008.0,Unknown,Unknown,99,2.0,,
22738,Gonorrhea,280.0,Kentucky,2009.0,Unknown,15-19 years,15-19,1.0,,
22739,Gonorrhea,280.0,Kentucky,2009.0,Unknown,20-24 years,20-24,2.0,,
22740,Gonorrhea,280.0,Kentucky,2009.0,Unknown,25-29 years,25-29,1.0,,
22741,Gonorrhea,280.0,Kentucky,2009.0,Unknown,35-39 years,35-39,1.0,,
22742,Gonorrhea,280.0,Kentucky,2010.0,Unknown,20-24 years,20-24,2.0,,
22743,Gonorrhea,280.0,Kentucky,2010.0,Unknown,25-29 years,25-29,1.0,,
22744,Gonorrhea,280.0,Kentucky,2010.0,Unknown,Unknown,99,1.0,,
22745,Gonorrhea,280.0,Kentucky,2011.0,Unknown,0-14 years,0-14,1.0,,
22746,Gonorrhea,280.0,Kentucky,2011.0,Unknown,15-19 years,15-19,6.0,,
22747,Gonorrhea,280.0,Kentucky,2011.0,Unknown,20-24 years,20-24,3.0,,
22748,Gonorrhea,280.0,Kentucky,2011.0,Unknown,25-29 years,25-29,1.0,,
22749,Gonorrhea,280.0,Kentucky,2011.0,Unknown,30-34 years,30-34,1.0,,
22750,Gonorrhea,280.0,Kentucky,2012.0,Unknown,15-19 years,15-19,2.0,,
22751,Gonorrhea,280.0,Kentucky,2012.0,Unknown,20-24 years,20-24,1.0,,
22752,Gonorrhea,280.0,Kentucky,2012.0,Unknown,40+ years,40+,1.0,,
22753,Gonorrhea,280.0,Kentucky,2012.0,Unknown,Unknown,99,3.0,,
22754,Gonorrhea,280.0,Kentucky,2013.0,Unknown,0-14 years,0-14,1.0,,
22755,Gonorrhea,280.0,Kentucky,2013.0,Unknown,15-19 years,15-19,2.0,,
22756,Gonorrhea,280.0,Kentucky,2013.0,Unknown,20-24 years,20-24,9.0,,
22757,Gonorrhea,280.0,Kentucky,2013.0,Unknown,25-29 years,25-29,2.0,,
22758,Gonorrhea,280.0,Kentucky,2013.0,Unknown,Unknown,99,4.0,,
22759,Gonorrhea,280.0,Kentucky,2014.0,Unknown,15-19 years,15-19,5.0,,
22760,Gonorrhea,280.0,Kentucky,2014.0,Unknown,20-24 years,20-24,2.0,,
22761,Gonorrhea,280.0,Kentucky,2014.0,Unknown,30-34 years,30-34,4.0,,
22762,Gonorrhea,280.0,Kentucky,2014.0,Unknown,35-39 years,35-39,1.0,,
22763,Gonorrhea,280.0,Kentucky,2014.0,Unknown,40+ years,40+,1.0,,
22764,Gonorrhea,280.0,Kentucky,2014.0,Unknown,Unknown,99,2.0,,
22765,Gonorrhea,280.0,Louisiana,2002.0,Unknown,15-19 years,15-19,19.0,,
22766,Gonorrhea,280.0,Louisiana,2002.0,Unknown,20-24 years,20-24,12.0,,
22767,Gonorrhea,280.0,Louisiana,2002.0,Unknown,25-29 years,25-29,5.0,,
22768,Gonorrhea,280.0,Louisiana,2002.0,Unknown,30-34 years,30-34,3.0,,
22769,Gonorrhea,280.0,Louisiana,2002.0,Unknown,40+ years,40+,1.0,,
22770,Gonorrhea,280.0,Louisiana,2002.0,Unknown,Unknown,99,20.0,,
22771,Gonorrhea,280.0,Louisiana,2003.0,Unknown,0-14 years,0-14,2.0,,
22772,Gonorrhea,280.0,Louisiana,2003.0,Unknown,15-19 years,15-19,17.0,,
22773,Gonorrhea,280.0,Louisiana,2003.0,Unknown,20-24 years,20-24,16.0,,
22774,Gonorrhea,280.0,Louisiana,2003.0,Unknown,25-29 years,25-29,6.0,,
22775,Gonorrhea,280.0,Louisiana,2003.0,Unknown,35-39 years,35-39,1.0,,
22776,Gonorrhea,280.0,Louisiana,2003.0,Unknown,40+ years,40+,3.0,,
22777,Gonorrhea,280.0,Louisiana,2003.0,Unknown,Unknown,99,19.0,,
22778,Gonorrhea,280.0,Louisiana,2004.0,Unknown,0-14 years,0-14,1.0,,
22779,Gonorrhea,280.0,Louisiana,2004.0,Unknown,15-19 years,15-19,24.0,,
22780,Gonorrhea,280.0,Louisiana,2004.0,Unknown,20-24 years,20-24,19.0,,
22781,Gonorrhea,280.0,Louisiana,2004.0,Unknown,25-29 years,25-29,8.0,,
22782,Gonorrhea,280.0,Louisiana,2004.0,Unknown,30-34 years,30-34,1.0,,
22783,Gonorrhea,280.0,Louisiana,2004.0,Unknown,35-39 years,35-39,2.0,,
22784,Gonorrhea,280.0,Louisiana,2004.0,Unknown,40+ years,40+,1.0,,
22785,Gonorrhea,280.0,Louisiana,2004.0,Unknown,Unknown,99,3.0,,
22786,Gonorrhea,280.0,Louisiana,2005.0,Unknown,0-14 years,0-14,2.0,,
22787,Gonorrhea,280.0,Louisiana,2005.0,Unknown,15-19 years,15-19,15.0,,
22788,Gonorrhea,280.0,Louisiana,2005.0,Unknown,20-24 years,20-24,26.0,,
22789,Gonorrhea,280.0,Louisiana,2005.0,Unknown,25-29 years,25-29,9.0,,
22790,Gonorrhea,280.0,Louisiana,2005.0,Unknown,30-34 years,30-34,2.0,,
22791,Gonorrhea,280.0,Louisiana,2005.0,Unknown,35-39 years,35-39,4.0,,
22792,Gonorrhea,280.0,Louisiana,2005.0,Unknown,40+ years,40+,3.0,,
22793,Gonorrhea,280.0,Louisiana,2005.0,Unknown,Unknown,99,6.0,,
22794,Gonorrhea,280.0,Louisiana,2006.0,Unknown,15-19 years,15-19,42.0,,
22795,Gonorrhea,280.0,Louisiana,2006.0,Unknown,20-24 years,20-24,28.0,,
22796,Gonorrhea,280.0,Louisiana,2006.0,Unknown,25-29 years,25-29,7.0,,
22797,Gonorrhea,280.0,Louisiana,2006.0,Unknown,30-34 years,30-34,7.0,,
22798,Gonorrhea,280.0,Louisiana,2006.0,Unknown,35-39 years,35-39,2.0,,
22799,Gonorrhea,280.0,Louisiana,2006.0,Unknown,40+ years,40+,2.0,,
22800,Gonorrhea,280.0,Louisiana,2006.0,Unknown,Unknown,99,4.0,,
22801,Gonorrhea,280.0,Louisiana,2007.0,Unknown,0-14 years,0-14,1.0,,
22802,Gonorrhea,280.0,Louisiana,2007.0,Unknown,15-19 years,15-19,37.0,,
22803,Gonorrhea,280.0,Louisiana,2007.0,Unknown,20-24 years,20-24,47.0,,
22804,Gonorrhea,280.0,Louisiana,2007.0,Unknown,25-29 years,25-29,8.0,,
22805,Gonorrhea,280.0,Louisiana,2007.0,Unknown,30-34 years,30-34,4.0,,
22806,Gonorrhea,280.0,Louisiana,2007.0,Unknown,35-39 years,35-39,8.0,,
22807,Gonorrhea,280.0,Louisiana,2007.0,Unknown,40+ years,40+,5.0,,
22808,Gonorrhea,280.0,Louisiana,2007.0,Unknown,Unknown,99,4.0,,
22809,Gonorrhea,280.0,Louisiana,2008.0,Unknown,15-19 years,15-19,10.0,,
22810,Gonorrhea,280.0,Louisiana,2008.0,Unknown,20-24 years,20-24,16.0,,
22811,Gonorrhea,280.0,Louisiana,2008.0,Unknown,25-29 years,25-29,11.0,,
22812,Gonorrhea,280.0,Louisiana,2008.0,Unknown,30-34 years,30-34,3.0,,
22813,Gonorrhea,280.0,Louisiana,2008.0,Unknown,35-39 years,35-39,1.0,,
22814,Gonorrhea,280.0,Louisiana,2008.0,Unknown,40+ years,40+,1.0,,
22815,Gonorrhea,280.0,Louisiana,2008.0,Unknown,Unknown,99,3.0,,
22816,Gonorrhea,280.0,Louisiana,2009.0,Unknown,0-14 years,0-14,1.0,,
22817,Gonorrhea,280.0,Louisiana,2009.0,Unknown,15-19 years,15-19,7.0,,
22818,Gonorrhea,280.0,Louisiana,2009.0,Unknown,20-24 years,20-24,7.0,,
22819,Gonorrhea,280.0,Louisiana,2009.0,Unknown,25-29 years,25-29,3.0,,
22820,Gonorrhea,280.0,Louisiana,2009.0,Unknown,35-39 years,35-39,1.0,,
22821,Gonorrhea,280.0,Louisiana,2009.0,Unknown,Unknown,99,3.0,,
22822,Gonorrhea,280.0,Louisiana,2010.0,Unknown,0-14 years,0-14,16.0,,
22823,Gonorrhea,280.0,Louisiana,2010.0,Unknown,15-19 years,15-19,226.0,,
22824,Gonorrhea,280.0,Louisiana,2010.0,Unknown,20-24 years,20-24,164.0,,
22825,Gonorrhea,280.0,Louisiana,2010.0,Unknown,25-29 years,25-29,71.0,,
22826,Gonorrhea,280.0,Louisiana,2010.0,Unknown,30-34 years,30-34,19.0,,
22827,Gonorrhea,280.0,Louisiana,2010.0,Unknown,35-39 years,35-39,15.0,,
22828,Gonorrhea,280.0,Louisiana,2010.0,Unknown,40+ years,40+,13.0,,
22829,Gonorrhea,280.0,Louisiana,2010.0,Unknown,Unknown,99,24.0,,
22830,Gonorrhea,280.0,Louisiana,2011.0,Unknown,0-14 years,0-14,8.0,,
22831,Gonorrhea,280.0,Louisiana,2011.0,Unknown,15-19 years,15-19,72.0,,
22832,Gonorrhea,280.0,Louisiana,2011.0,Unknown,20-24 years,20-24,56.0,,
22833,Gonorrhea,280.0,Louisiana,2011.0,Unknown,25-29 years,25-29,19.0,,
22834,Gonorrhea,280.0,Louisiana,2011.0,Unknown,30-34 years,30-34,2.0,,
22835,Gonorrhea,280.0,Louisiana,2011.0,Unknown,35-39 years,35-39,3.0,,
22836,Gonorrhea,280.0,Louisiana,2011.0,Unknown,40+ years,40+,2.0,,
22837,Gonorrhea,280.0,Louisiana,2011.0,Unknown,Unknown,99,5.0,,
22838,Gonorrhea,280.0,Maine,2010.0,Unknown,35-39 years,35-39,1.0,,
22839,Gonorrhea,280.0,Maine,2014.0,Unknown,20-24 years,20-24,1.0,,
22840,Gonorrhea,280.0,Maine,2014.0,Unknown,25-29 years,25-29,1.0,,
22841,Gonorrhea,280.0,Maryland,2000.0,Unknown,0-14 years,0-14,3.0,,
22842,Gonorrhea,280.0,Maryland,2000.0,Unknown,15-19 years,15-19,15.0,,
22843,Gonorrhea,280.0,Maryland,2000.0,Unknown,20-24 years,20-24,27.0,,
22844,Gonorrhea,280.0,Maryland,2000.0,Unknown,25-29 years,25-29,6.0,,
22845,Gonorrhea,280.0,Maryland,2000.0,Unknown,30-34 years,30-34,4.0,,
22846,Gonorrhea,280.0,Maryland,2000.0,Unknown,35-39 years,35-39,4.0,,
22847,Gonorrhea,280.0,Maryland,2000.0,Unknown,40+ years,40+,5.0,,
22848,Gonorrhea,280.0,Maryland,2002.0,Unknown,0-14 years,0-14,1.0,,
22849,Gonorrhea,280.0,Maryland,2002.0,Unknown,15-19 years,15-19,1.0,,
22850,Gonorrhea,280.0,Maryland,2002.0,Unknown,20-24 years,20-24,1.0,,
22851,Gonorrhea,280.0,Maryland,2002.0,Unknown,25-29 years,25-29,3.0,,
22852,Gonorrhea,280.0,Maryland,2002.0,Unknown,Unknown,99,1.0,,
22853,Gonorrhea,280.0,Maryland,2003.0,Unknown,0-14 years,0-14,1.0,,
22854,Gonorrhea,280.0,Maryland,2003.0,Unknown,15-19 years,15-19,1.0,,
22855,Gonorrhea,280.0,Maryland,2003.0,Unknown,20-24 years,20-24,1.0,,
22856,Gonorrhea,280.0,Maryland,2003.0,Unknown,25-29 years,25-29,2.0,,
22857,Gonorrhea,280.0,Maryland,2003.0,Unknown,30-34 years,30-34,1.0,,
22858,Gonorrhea,280.0,Maryland,2003.0,Unknown,35-39 years,35-39,1.0,,
22859,Gonorrhea,280.0,Maryland,2003.0,Unknown,Unknown,99,1.0,,
22860,Gonorrhea,280.0,Maryland,2004.0,Unknown,20-24 years,20-24,1.0,,
22861,Gonorrhea,280.0,Maryland,2005.0,Unknown,15-19 years,15-19,1.0,,
22862,Gonorrhea,280.0,Maryland,2005.0,Unknown,20-24 years,20-24,1.0,,
22863,Gonorrhea,280.0,Maryland,2005.0,Unknown,25-29 years,25-29,1.0,,
22864,Gonorrhea,280.0,Maryland,2005.0,Unknown,30-34 years,30-34,2.0,,
22865,Gonorrhea,280.0,Maryland,2006.0,Unknown,15-19 years,15-19,4.0,,
22866,Gonorrhea,280.0,Maryland,2006.0,Unknown,20-24 years,20-24,6.0,,
22867,Gonorrhea,280.0,Maryland,2006.0,Unknown,25-29 years,25-29,2.0,,
22868,Gonorrhea,280.0,Maryland,2006.0,Unknown,40+ years,40+,2.0,,
22869,Gonorrhea,280.0,Maryland,2006.0,Unknown,Unknown,99,3.0,,
22870,Gonorrhea,280.0,Maryland,2007.0,Unknown,30-34 years,30-34,1.0,,
22871,Gonorrhea,280.0,Maryland,2008.0,Unknown,15-19 years,15-19,2.0,,
22872,Gonorrhea,280.0,Maryland,2008.0,Unknown,20-24 years,20-24,2.0,,
22873,Gonorrhea,280.0,Maryland,2008.0,Unknown,25-29 years,25-29,2.0,,
22874,Gonorrhea,280.0,Maryland,2008.0,Unknown,Unknown,99,2.0,,
22875,Gonorrhea,280.0,Maryland,2009.0,Unknown,0-14 years,0-14,2.0,,
22876,Gonorrhea,280.0,Maryland,2009.0,Unknown,15-19 years,15-19,5.0,,
22877,Gonorrhea,280.0,Maryland,2009.0,Unknown,20-24 years,20-24,6.0,,
22878,Gonorrhea,280.0,Maryland,2009.0,Unknown,25-29 years,25-29,1.0,,
22879,Gonorrhea,280.0,Maryland,2009.0,Unknown,35-39 years,35-39,1.0,,
22880,Gonorrhea,280.0,Maryland,2009.0,Unknown,40+ years,40+,1.0,,
22881,Gonorrhea,280.0,Maryland,2010.0,Unknown,15-19 years,15-19,2.0,,
22882,Gonorrhea,280.0,Maryland,2010.0,Unknown,25-29 years,25-29,3.0,,
22883,Gonorrhea,280.0,Maryland,2010.0,Unknown,35-39 years,35-39,1.0,,
22884,Gonorrhea,280.0,Maryland,2010.0,Unknown,Unknown,99,2.0,,
22885,Gonorrhea,280.0,Maryland,2011.0,Unknown,0-14 years,0-14,1.0,,
22886,Gonorrhea,280.0,Maryland,2011.0,Unknown,15-19 years,15-19,1.0,,
22887,Gonorrhea,280.0,Maryland,2011.0,Unknown,25-29 years,25-29,1.0,,
22888,Gonorrhea,280.0,Maryland,2011.0,Unknown,40+ years,40+,1.0,,
22889,Gonorrhea,280.0,Maryland,2011.0,Unknown,Unknown,99,1.0,,
22890,Gonorrhea,280.0,Maryland,2012.0,Unknown,15-19 years,15-19,1.0,,
22891,Gonorrhea,280.0,Maryland,2012.0,Unknown,40+ years,40+,1.0,,
22892,Gonorrhea,280.0,Maryland,2013.0,Unknown,15-19 years,15-19,2.0,,
22893,Gonorrhea,280.0,Maryland,2013.0,Unknown,Unknown,99,1.0,,
22894,Gonorrhea,280.0,Maryland,2014.0,Unknown,15-19 years,15-19,4.0,,
22895,Gonorrhea,280.0,Maryland,2014.0,Unknown,20-24 years,20-24,2.0,,
22896,Gonorrhea,280.0,Maryland,2014.0,Unknown,25-29 years,25-29,3.0,,
22897,Gonorrhea,280.0,Maryland,2014.0,Unknown,40+ years,40+,1.0,,
22898,Gonorrhea,280.0,Maryland,2014.0,Unknown,Unknown,99,1.0,,
22899,Gonorrhea,280.0,Massachusetts,2001.0,Unknown,30-34 years,30-34,1.0,,
22900,Gonorrhea,280.0,Massachusetts,2003.0,Unknown,0-14 years,0-14,2.0,,
22901,Gonorrhea,280.0,Massachusetts,2003.0,Unknown,15-19 years,15-19,1.0,,
22902,Gonorrhea,280.0,Massachusetts,2003.0,Unknown,20-24 years,20-24,2.0,,
22903,Gonorrhea,280.0,Massachusetts,2003.0,Unknown,25-29 years,25-29,1.0,,
22904,Gonorrhea,280.0,Massachusetts,2003.0,Unknown,30-34 years,30-34,1.0,,
22905,Gonorrhea,280.0,Massachusetts,2004.0,Unknown,20-24 years,20-24,1.0,,
22906,Gonorrhea,280.0,Massachusetts,2004.0,Unknown,30-34 years,30-34,1.0,,
22907,Gonorrhea,280.0,Massachusetts,2005.0,Unknown,25-29 years,25-29,1.0,,
22908,Gonorrhea,280.0,Massachusetts,2006.0,Unknown,20-24 years,20-24,2.0,,
22909,Gonorrhea,280.0,Massachusetts,2006.0,Unknown,40+ years,40+,1.0,,
22910,Gonorrhea,280.0,Massachusetts,2007.0,Unknown,20-24 years,20-24,1.0,,
22911,Gonorrhea,280.0,Massachusetts,2008.0,Unknown,25-29 years,25-29,1.0,,
22912,Gonorrhea,280.0,Massachusetts,2008.0,Unknown,40+ years,40+,2.0,,
22913,Gonorrhea,280.0,Massachusetts,2009.0,Unknown,15-19 years,15-19,1.0,,
22914,Gonorrhea,280.0,Massachusetts,2009.0,Unknown,20-24 years,20-24,2.0,,
22915,Gonorrhea,280.0,Massachusetts,2009.0,Unknown,30-34 years,30-34,1.0,,
22916,Gonorrhea,280.0,Massachusetts,2011.0,Unknown,Unknown,99,1.0,,
22917,Gonorrhea,280.0,Massachusetts,2012.0,Unknown,20-24 years,20-24,1.0,,
22918,Gonorrhea,280.0,Massachusetts,2013.0,Unknown,20-24 years,20-24,1.0,,
22919,Gonorrhea,280.0,Massachusetts,2013.0,Unknown,25-29 years,25-29,2.0,,
22920,Gonorrhea,280.0,Massachusetts,2013.0,Unknown,30-34 years,30-34,1.0,,
22921,Gonorrhea,280.0,Massachusetts,2013.0,Unknown,35-39 years,35-39,1.0,,
22922,Gonorrhea,280.0,Massachusetts,2013.0,Unknown,40+ years,40+,1.0,,
22923,Gonorrhea,280.0,Massachusetts,2014.0,Unknown,15-19 years,15-19,1.0,,
22924,Gonorrhea,280.0,Massachusetts,2014.0,Unknown,20-24 years,20-24,4.0,,
22925,Gonorrhea,280.0,Massachusetts,2014.0,Unknown,25-29 years,25-29,3.0,,
22926,Gonorrhea,280.0,Massachusetts,2014.0,Unknown,30-34 years,30-34,2.0,,
22927,Gonorrhea,280.0,Massachusetts,2014.0,Unknown,35-39 years,35-39,2.0,,
22928,Gonorrhea,280.0,Michigan,2003.0,Unknown,Unknown,99,1.0,,
22929,Gonorrhea,280.0,Michigan,2005.0,Unknown,15-19 years,15-19,20.0,,
22930,Gonorrhea,280.0,Michigan,2005.0,Unknown,20-24 years,20-24,12.0,,
22931,Gonorrhea,280.0,Michigan,2005.0,Unknown,25-29 years,25-29,9.0,,
22932,Gonorrhea,280.0,Michigan,2005.0,Unknown,35-39 years,35-39,1.0,,
22933,Gonorrhea,280.0,Michigan,2005.0,Unknown,40+ years,40+,8.0,,
22934,Gonorrhea,280.0,Michigan,2005.0,Unknown,Unknown,99,5.0,,
22935,Gonorrhea,280.0,Michigan,2006.0,Unknown,0-14 years,0-14,1.0,,
22936,Gonorrhea,280.0,Michigan,2006.0,Unknown,15-19 years,15-19,7.0,,
22937,Gonorrhea,280.0,Michigan,2006.0,Unknown,20-24 years,20-24,13.0,,
22938,Gonorrhea,280.0,Michigan,2006.0,Unknown,25-29 years,25-29,5.0,,
22939,Gonorrhea,280.0,Michigan,2006.0,Unknown,30-34 years,30-34,5.0,,
22940,Gonorrhea,280.0,Michigan,2006.0,Unknown,35-39 years,35-39,1.0,,
22941,Gonorrhea,280.0,Michigan,2006.0,Unknown,40+ years,40+,3.0,,
22942,Gonorrhea,280.0,Michigan,2006.0,Unknown,Unknown,99,4.0,,
22943,Gonorrhea,280.0,Michigan,2007.0,Unknown,15-19 years,15-19,18.0,,
22944,Gonorrhea,280.0,Michigan,2007.0,Unknown,20-24 years,20-24,8.0,,
22945,Gonorrhea,280.0,Michigan,2007.0,Unknown,25-29 years,25-29,6.0,,
22946,Gonorrhea,280.0,Michigan,2007.0,Unknown,30-34 years,30-34,6.0,,
22947,Gonorrhea,280.0,Michigan,2007.0,Unknown,35-39 years,35-39,5.0,,
22948,Gonorrhea,280.0,Michigan,2007.0,Unknown,40+ years,40+,6.0,,
22949,Gonorrhea,280.0,Michigan,2007.0,Unknown,Unknown,99,2.0,,
22950,Gonorrhea,280.0,Michigan,2008.0,Unknown,0-14 years,0-14,1.0,,
22951,Gonorrhea,280.0,Michigan,2008.0,Unknown,15-19 years,15-19,33.0,,
22952,Gonorrhea,280.0,Michigan,2008.0,Unknown,20-24 years,20-24,37.0,,
22953,Gonorrhea,280.0,Michigan,2008.0,Unknown,25-29 years,25-29,20.0,,
22954,Gonorrhea,280.0,Michigan,2008.0,Unknown,30-34 years,30-34,16.0,,
22955,Gonorrhea,280.0,Michigan,2008.0,Unknown,35-39 years,35-39,9.0,,
22956,Gonorrhea,280.0,Michigan,2008.0,Unknown,40+ years,40+,16.0,,
22957,Gonorrhea,280.0,Michigan,2008.0,Unknown,Unknown,99,9.0,,
22958,Gonorrhea,280.0,Michigan,2009.0,Unknown,15-19 years,15-19,42.0,,
22959,Gonorrhea,280.0,Michigan,2009.0,Unknown,20-24 years,20-24,44.0,,
22960,Gonorrhea,280.0,Michigan,2009.0,Unknown,25-29 years,25-29,23.0,,
22961,Gonorrhea,280.0,Michigan,2009.0,Unknown,30-34 years,30-34,18.0,,
22962,Gonorrhea,280.0,Michigan,2009.0,Unknown,35-39 years,35-39,14.0,,
22963,Gonorrhea,280.0,Michigan,2009.0,Unknown,40+ years,40+,15.0,,
22964,Gonorrhea,280.0,Michigan,2009.0,Unknown,Unknown,99,8.0,,
22965,Gonorrhea,280.0,Michigan,2010.0,Unknown,0-14 years,0-14,1.0,,
22966,Gonorrhea,280.0,Michigan,2010.0,Unknown,15-19 years,15-19,5.0,,
22967,Gonorrhea,280.0,Michigan,2010.0,Unknown,20-24 years,20-24,2.0,,
22968,Gonorrhea,280.0,Michigan,2010.0,Unknown,25-29 years,25-29,2.0,,
22969,Gonorrhea,280.0,Michigan,2010.0,Unknown,30-34 years,30-34,4.0,,
22970,Gonorrhea,280.0,Michigan,2010.0,Unknown,35-39 years,35-39,3.0,,
22971,Gonorrhea,280.0,Michigan,2010.0,Unknown,40+ years,40+,2.0,,
22972,Gonorrhea,280.0,Michigan,2010.0,Unknown,Unknown,99,3.0,,
22973,Gonorrhea,280.0,Michigan,2011.0,Unknown,0-14 years,0-14,2.0,,
22974,Gonorrhea,280.0,Michigan,2011.0,Unknown,15-19 years,15-19,4.0,,
22975,Gonorrhea,280.0,Michigan,2011.0,Unknown,20-24 years,20-24,5.0,,
22976,Gonorrhea,280.0,Michigan,2011.0,Unknown,25-29 years,25-29,3.0,,
22977,Gonorrhea,280.0,Michigan,2011.0,Unknown,30-34 years,30-34,2.0,,
22978,Gonorrhea,280.0,Michigan,2011.0,Unknown,40+ years,40+,2.0,,
22979,Gonorrhea,280.0,Michigan,2011.0,Unknown,Unknown,99,3.0,,
22980,Gonorrhea,280.0,Michigan,2012.0,Unknown,0-14 years,0-14,1.0,,
22981,Gonorrhea,280.0,Michigan,2012.0,Unknown,15-19 years,15-19,7.0,,
22982,Gonorrhea,280.0,Michigan,2012.0,Unknown,20-24 years,20-24,2.0,,
22983,Gonorrhea,280.0,Michigan,2012.0,Unknown,25-29 years,25-29,1.0,,
22984,Gonorrhea,280.0,Michigan,2012.0,Unknown,30-34 years,30-34,1.0,,
22985,Gonorrhea,280.0,Michigan,2012.0,Unknown,35-39 years,35-39,2.0,,
22986,Gonorrhea,280.0,Michigan,2012.0,Unknown,40+ years,40+,2.0,,
22987,Gonorrhea,280.0,Michigan,2012.0,Unknown,Unknown,99,2.0,,
22988,Gonorrhea,280.0,Michigan,2013.0,Unknown,0-14 years,0-14,1.0,,
22989,Gonorrhea,280.0,Michigan,2013.0,Unknown,15-19 years,15-19,1.0,,
22990,Gonorrhea,280.0,Michigan,2013.0,Unknown,20-24 years,20-24,3.0,,
22991,Gonorrhea,280.0,Michigan,2013.0,Unknown,25-29 years,25-29,1.0,,
22992,Gonorrhea,280.0,Michigan,2013.0,Unknown,30-34 years,30-34,1.0,,
22993,Gonorrhea,280.0,Michigan,2013.0,Unknown,40+ years,40+,2.0,,
22994,Gonorrhea,280.0,Michigan,2013.0,Unknown,Unknown,99,1.0,,
22995,Gonorrhea,280.0,Michigan,2014.0,Unknown,15-19 years,15-19,1.0,,
22996,Gonorrhea,280.0,Michigan,2014.0,Unknown,25-29 years,25-29,3.0,,
22997,Gonorrhea,280.0,Michigan,2014.0,Unknown,30-34 years,30-34,2.0,,
22998,Gonorrhea,280.0,Michigan,2014.0,Unknown,40+ years,40+,1.0,,
22999,Gonorrhea,280.0,Michigan,2014.0,Unknown,Unknown,99,1.0,,
23000,Gonorrhea,280.0,Minnesota,2012.0,Unknown,15-19 years,15-19,4.0,,
23001,Gonorrhea,280.0,Minnesota,2012.0,Unknown,20-24 years,20-24,4.0,,
23002,Gonorrhea,280.0,Minnesota,2012.0,Unknown,25-29 years,25-29,1.0,,
23003,Gonorrhea,280.0,Minnesota,2012.0,Unknown,30-34 years,30-34,1.0,,
23004,Gonorrhea,280.0,Minnesota,2012.0,Unknown,40+ years,40+,1.0,,
23005,Gonorrhea,280.0,Minnesota,2013.0,Unknown,25-29 years,25-29,1.0,,
23006,Gonorrhea,280.0,Minnesota,2014.0,Unknown,20-24 years,20-24,3.0,,
23007,Gonorrhea,280.0,Minnesota,2014.0,Unknown,25-29 years,25-29,2.0,,
23008,Gonorrhea,280.0,Minnesota,2014.0,Unknown,30-34 years,30-34,1.0,,
23009,Gonorrhea,280.0,Minnesota,2014.0,Unknown,35-39 years,35-39,3.0,,
23010,Gonorrhea,280.0,Minnesota,2014.0,Unknown,40+ years,40+,2.0,,
23011,Gonorrhea,280.0,Mississippi,1998.0,Unknown,0-14 years,0-14,2.0,,
23012,Gonorrhea,280.0,Mississippi,1998.0,Unknown,15-19 years,15-19,38.0,,
23013,Gonorrhea,280.0,Mississippi,1998.0,Unknown,20-24 years,20-24,10.0,,
23014,Gonorrhea,280.0,Mississippi,1998.0,Unknown,25-29 years,25-29,2.0,,
23015,Gonorrhea,280.0,Mississippi,1998.0,Unknown,30-34 years,30-34,8.0,,
23016,Gonorrhea,280.0,Mississippi,1998.0,Unknown,40+ years,40+,3.0,,
23017,Gonorrhea,280.0,Mississippi,2000.0,Unknown,0-14 years,0-14,1.0,,
23018,Gonorrhea,280.0,Mississippi,2000.0,Unknown,15-19 years,15-19,8.0,,
23019,Gonorrhea,280.0,Mississippi,2000.0,Unknown,20-24 years,20-24,5.0,,
23020,Gonorrhea,280.0,Mississippi,2000.0,Unknown,25-29 years,25-29,3.0,,
23021,Gonorrhea,280.0,Mississippi,2000.0,Unknown,35-39 years,35-39,2.0,,
23022,Gonorrhea,280.0,Mississippi,2000.0,Unknown,40+ years,40+,1.0,,
23023,Gonorrhea,280.0,Mississippi,2000.0,Unknown,Unknown,99,8.0,,
23024,Gonorrhea,280.0,Mississippi,2008.0,Unknown,15-19 years,15-19,2.0,,
23025,Gonorrhea,280.0,Mississippi,2012.0,Unknown,15-19 years,15-19,1.0,,
23026,Gonorrhea,280.0,Mississippi,2012.0,Unknown,20-24 years,20-24,1.0,,
23027,Gonorrhea,280.0,Mississippi,2014.0,Unknown,15-19 years,15-19,1.0,,
23028,Gonorrhea,280.0,Montana,2002.0,Unknown,15-19 years,15-19,1.0,,
23029,Gonorrhea,280.0,Montana,2003.0,Unknown,15-19 years,15-19,1.0,,
23030,Gonorrhea,280.0,Montana,2004.0,Unknown,30-34 years,30-34,1.0,,
23031,Gonorrhea,280.0,Montana,2008.0,Unknown,15-19 years,15-19,1.0,,
23032,Gonorrhea,280.0,Nebraska,1997.0,Unknown,15-19 years,15-19,2.0,,
23033,Gonorrhea,280.0,Nebraska,1997.0,Unknown,Unknown,99,1.0,,
23034,Gonorrhea,280.0,Nebraska,1998.0,Unknown,25-29 years,25-29,1.0,,
23035,Gonorrhea,280.0,Nebraska,2000.0,Unknown,Unknown,99,4.0,,
23036,Gonorrhea,280.0,Nebraska,2001.0,Unknown,Unknown,99,2.0,,
23037,Gonorrhea,280.0,Nebraska,2002.0,Unknown,Unknown,99,2.0,,
23038,Gonorrhea,280.0,Nebraska,2003.0,Unknown,15-19 years,15-19,1.0,,
23039,Gonorrhea,280.0,Nebraska,2003.0,Unknown,20-24 years,20-24,2.0,,
23040,Gonorrhea,280.0,Nebraska,2003.0,Unknown,Unknown,99,1.0,,
23041,Gonorrhea,280.0,Nebraska,2004.0,Unknown,15-19 years,15-19,1.0,,
23042,Gonorrhea,280.0,Nebraska,2004.0,Unknown,Unknown,99,2.0,,
23043,Gonorrhea,280.0,Nebraska,2005.0,Unknown,25-29 years,25-29,2.0,,
23044,Gonorrhea,280.0,Nebraska,2005.0,Unknown,Unknown,99,1.0,,
23045,Gonorrhea,280.0,Nebraska,2006.0,Unknown,15-19 years,15-19,8.0,,
23046,Gonorrhea,280.0,Nebraska,2006.0,Unknown,20-24 years,20-24,3.0,,
23047,Gonorrhea,280.0,Nebraska,2006.0,Unknown,25-29 years,25-29,2.0,,
23048,Gonorrhea,280.0,Nebraska,2006.0,Unknown,30-34 years,30-34,1.0,,
23049,Gonorrhea,280.0,Nebraska,2006.0,Unknown,35-39 years,35-39,1.0,,
23050,Gonorrhea,280.0,Nebraska,2006.0,Unknown,40+ years,40+,1.0,,
23051,Gonorrhea,280.0,Nebraska,2007.0,Unknown,15-19 years,15-19,1.0,,
23052,Gonorrhea,280.0,Nebraska,2007.0,Unknown,20-24 years,20-24,2.0,,
23053,Gonorrhea,280.0,Nebraska,2007.0,Unknown,25-29 years,25-29,1.0,,
23054,Gonorrhea,280.0,Nebraska,2008.0,Unknown,15-19 years,15-19,1.0,,
23055,Gonorrhea,280.0,Nebraska,2009.0,Unknown,15-19 years,15-19,1.0,,
23056,Gonorrhea,280.0,Nebraska,2009.0,Unknown,20-24 years,20-24,1.0,,
23057,Gonorrhea,280.0,Nebraska,2011.0,Unknown,20-24 years,20-24,1.0,,
23058,Gonorrhea,280.0,Nebraska,2012.0,Unknown,15-19 years,15-19,2.0,,
23059,Gonorrhea,280.0,Nebraska,2012.0,Unknown,20-24 years,20-24,2.0,,
23060,Gonorrhea,280.0,Nebraska,2013.0,Unknown,15-19 years,15-19,2.0,,
23061,Gonorrhea,280.0,Nebraska,2013.0,Unknown,20-24 years,20-24,7.0,,
23062,Gonorrhea,280.0,Nebraska,2013.0,Unknown,25-29 years,25-29,3.0,,
23063,Gonorrhea,280.0,Nebraska,2013.0,Unknown,30-34 years,30-34,1.0,,
23064,Gonorrhea,280.0,Nebraska,2013.0,Unknown,35-39 years,35-39,1.0,,
23065,Gonorrhea,280.0,Nebraska,2013.0,Unknown,40+ years,40+,2.0,,
23066,Gonorrhea,280.0,Nebraska,2013.0,Unknown,Unknown,99,1.0,,
23067,Gonorrhea,280.0,Nebraska,2014.0,Unknown,15-19 years,15-19,1.0,,
23068,Gonorrhea,280.0,Nebraska,2014.0,Unknown,20-24 years,20-24,1.0,,
23069,Gonorrhea,280.0,Nebraska,2014.0,Unknown,25-29 years,25-29,1.0,,
23070,Gonorrhea,280.0,Nevada,1999.0,Unknown,40+ years,40+,1.0,,
23071,Gonorrhea,280.0,Nevada,2001.0,Unknown,Unknown,99,2.0,,
23072,Gonorrhea,280.0,Nevada,2002.0,Unknown,20-24 years,20-24,1.0,,
23073,Gonorrhea,280.0,Nevada,2003.0,Unknown,15-19 years,15-19,1.0,,
23074,Gonorrhea,280.0,Nevada,2004.0,Unknown,15-19 years,15-19,2.0,,
23075,Gonorrhea,280.0,Nevada,2004.0,Unknown,25-29 years,25-29,1.0,,
23076,Gonorrhea,280.0,Nevada,2005.0,Unknown,0-14 years,0-14,1.0,,
23077,Gonorrhea,280.0,Nevada,2005.0,Unknown,15-19 years,15-19,1.0,,
23078,Gonorrhea,280.0,Nevada,2006.0,Unknown,40+ years,40+,1.0,,
23079,Gonorrhea,280.0,Nevada,2012.0,Unknown,15-19 years,15-19,1.0,,
23080,Gonorrhea,280.0,Nevada,2012.0,Unknown,25-29 years,25-29,1.0,,
23081,Gonorrhea,280.0,Nevada,2013.0,Unknown,20-24 years,20-24,1.0,,
23082,Gonorrhea,280.0,Nevada,2013.0,Unknown,40+ years,40+,1.0,,
23083,Gonorrhea,280.0,Nevada,2014.0,Unknown,30-34 years,30-34,1.0,,
23084,Gonorrhea,280.0,Nevada,2014.0,Unknown,40+ years,40+,1.0,,
23085,Gonorrhea,280.0,New Jersey,1997.0,Unknown,15-19 years,15-19,1.0,,
23086,Gonorrhea,280.0,New Jersey,1997.0,Unknown,20-24 years,20-24,2.0,,
23087,Gonorrhea,280.0,New Jersey,1998.0,Unknown,20-24 years,20-24,1.0,,
23088,Gonorrhea,280.0,New Jersey,1999.0,Unknown,15-19 years,15-19,1.0,,
23089,Gonorrhea,280.0,New Jersey,1999.0,Unknown,20-24 years,20-24,3.0,,
23090,Gonorrhea,280.0,New Jersey,1999.0,Unknown,25-29 years,25-29,2.0,,
23091,Gonorrhea,280.0,New Jersey,1999.0,Unknown,40+ years,40+,1.0,,
23092,Gonorrhea,280.0,New Jersey,1999.0,Unknown,Unknown,99,2.0,,
23093,Gonorrhea,280.0,New Jersey,2000.0,Unknown,20-24 years,20-24,3.0,,
23094,Gonorrhea,280.0,New Jersey,2000.0,Unknown,25-29 years,25-29,1.0,,
23095,Gonorrhea,280.0,New Jersey,2000.0,Unknown,30-34 years,30-34,2.0,,
23096,Gonorrhea,280.0,New Jersey,2000.0,Unknown,Unknown,99,1.0,,
23097,Gonorrhea,280.0,New Jersey,2001.0,Unknown,15-19 years,15-19,2.0,,
23098,Gonorrhea,280.0,New Jersey,2001.0,Unknown,20-24 years,20-24,2.0,,
23099,Gonorrhea,280.0,New Jersey,2001.0,Unknown,25-29 years,25-29,1.0,,
23100,Gonorrhea,280.0,New Jersey,2001.0,Unknown,35-39 years,35-39,1.0,,
23101,Gonorrhea,280.0,New Jersey,2001.0,Unknown,40+ years,40+,1.0,,
23102,Gonorrhea,280.0,New Jersey,2001.0,Unknown,Unknown,99,1.0,,
23103,Gonorrhea,280.0,New Jersey,2002.0,Unknown,20-24 years,20-24,1.0,,
23104,Gonorrhea,280.0,New Jersey,2002.0,Unknown,40+ years,40+,2.0,,
23105,Gonorrhea,280.0,New Jersey,2002.0,Unknown,Unknown,99,3.0,,
23106,Gonorrhea,280.0,New Jersey,2003.0,Unknown,15-19 years,15-19,1.0,,
23107,Gonorrhea,280.0,New Jersey,2003.0,Unknown,20-24 years,20-24,1.0,,
23108,Gonorrhea,280.0,New Jersey,2003.0,Unknown,25-29 years,25-29,1.0,,
23109,Gonorrhea,280.0,New Jersey,2003.0,Unknown,30-34 years,30-34,1.0,,
23110,Gonorrhea,280.0,New Jersey,2003.0,Unknown,Unknown,99,1.0,,
23111,Gonorrhea,280.0,New Jersey,2006.0,Unknown,25-29 years,25-29,2.0,,
23112,Gonorrhea,280.0,New Jersey,2006.0,Unknown,30-34 years,30-34,2.0,,
23113,Gonorrhea,280.0,New Jersey,2006.0,Unknown,Unknown,99,2.0,,
23114,Gonorrhea,280.0,New Jersey,2007.0,Unknown,20-24 years,20-24,2.0,,
23115,Gonorrhea,280.0,New Jersey,2007.0,Unknown,35-39 years,35-39,1.0,,
23116,Gonorrhea,280.0,New Jersey,2008.0,Unknown,20-24 years,20-24,1.0,,
23117,Gonorrhea,280.0,New Jersey,2008.0,Unknown,35-39 years,35-39,1.0,,
23118,Gonorrhea,280.0,New Jersey,2009.0,Unknown,40+ years,40+,1.0,,
23119,Gonorrhea,280.0,New Jersey,2010.0,Unknown,0-14 years,0-14,1.0,,
23120,Gonorrhea,280.0,New Jersey,2010.0,Unknown,15-19 years,15-19,7.0,,
23121,Gonorrhea,280.0,New Jersey,2010.0,Unknown,20-24 years,20-24,10.0,,
23122,Gonorrhea,280.0,New Jersey,2010.0,Unknown,25-29 years,25-29,3.0,,
23123,Gonorrhea,280.0,New Jersey,2010.0,Unknown,30-34 years,30-34,1.0,,
23124,Gonorrhea,280.0,New Jersey,2010.0,Unknown,40+ years,40+,3.0,,
23125,Gonorrhea,280.0,New Jersey,2010.0,Unknown,Unknown,99,5.0,,
23126,Gonorrhea,280.0,New Jersey,2011.0,Unknown,0-14 years,0-14,1.0,,
23127,Gonorrhea,280.0,New Jersey,2011.0,Unknown,15-19 years,15-19,3.0,,
23128,Gonorrhea,280.0,New Jersey,2011.0,Unknown,20-24 years,20-24,11.0,,
23129,Gonorrhea,280.0,New Jersey,2011.0,Unknown,25-29 years,25-29,5.0,,
23130,Gonorrhea,280.0,New Jersey,2011.0,Unknown,30-34 years,30-34,6.0,,
23131,Gonorrhea,280.0,New Jersey,2011.0,Unknown,35-39 years,35-39,2.0,,
23132,Gonorrhea,280.0,New Jersey,2011.0,Unknown,Unknown,99,4.0,,
23133,Gonorrhea,280.0,New Jersey,2012.0,Unknown,15-19 years,15-19,3.0,,
23134,Gonorrhea,280.0,New Jersey,2012.0,Unknown,20-24 years,20-24,1.0,,
23135,Gonorrhea,280.0,New Jersey,2012.0,Unknown,25-29 years,25-29,5.0,,
23136,Gonorrhea,280.0,New Jersey,2012.0,Unknown,30-34 years,30-34,2.0,,
23137,Gonorrhea,280.0,New Jersey,2012.0,Unknown,35-39 years,35-39,1.0,,
23138,Gonorrhea,280.0,New Jersey,2012.0,Unknown,40+ years,40+,1.0,,
23139,Gonorrhea,280.0,New Jersey,2012.0,Unknown,Unknown,99,2.0,,
23140,Gonorrhea,280.0,New Jersey,2013.0,Unknown,0-14 years,0-14,1.0,,
23141,Gonorrhea,280.0,New Jersey,2013.0,Unknown,15-19 years,15-19,3.0,,
23142,Gonorrhea,280.0,New Jersey,2013.0,Unknown,20-24 years,20-24,3.0,,
23143,Gonorrhea,280.0,New Jersey,2013.0,Unknown,25-29 years,25-29,3.0,,
23144,Gonorrhea,280.0,New Jersey,2013.0,Unknown,40+ years,40+,4.0,,
23145,Gonorrhea,280.0,New Jersey,2013.0,Unknown,Unknown,99,2.0,,
23146,Gonorrhea,280.0,New Jersey,2014.0,Unknown,15-19 years,15-19,2.0,,
23147,Gonorrhea,280.0,New Jersey,2014.0,Unknown,20-24 years,20-24,3.0,,
23148,Gonorrhea,280.0,New Jersey,2014.0,Unknown,30-34 years,30-34,4.0,,
23149,Gonorrhea,280.0,New Jersey,2014.0,Unknown,Unknown,99,1.0,,
23150,Gonorrhea,280.0,New Mexico,2000.0,Unknown,15-19 years,15-19,1.0,,
23151,Gonorrhea,280.0,New Mexico,2000.0,Unknown,20-24 years,20-24,1.0,,
23152,Gonorrhea,280.0,New Mexico,2000.0,Unknown,25-29 years,25-29,2.0,,
23153,Gonorrhea,280.0,New Mexico,2000.0,Unknown,30-34 years,30-34,3.0,,
23154,Gonorrhea,280.0,New Mexico,2001.0,Unknown,0-14 years,0-14,1.0,,
23155,Gonorrhea,280.0,New Mexico,2001.0,Unknown,15-19 years,15-19,3.0,,
23156,Gonorrhea,280.0,New Mexico,2001.0,Unknown,20-24 years,20-24,3.0,,
23157,Gonorrhea,280.0,New Mexico,2001.0,Unknown,25-29 years,25-29,3.0,,
23158,Gonorrhea,280.0,New Mexico,2001.0,Unknown,30-34 years,30-34,1.0,,
23159,Gonorrhea,280.0,New Mexico,2001.0,Unknown,Unknown,99,2.0,,
23160,Gonorrhea,280.0,New Mexico,2002.0,Unknown,15-19 years,15-19,1.0,,
23161,Gonorrhea,280.0,New Mexico,2002.0,Unknown,20-24 years,20-24,3.0,,
23162,Gonorrhea,280.0,New Mexico,2002.0,Unknown,25-29 years,25-29,1.0,,
23163,Gonorrhea,280.0,New Mexico,2002.0,Unknown,30-34 years,30-34,1.0,,
23164,Gonorrhea,280.0,New Mexico,2003.0,Unknown,15-19 years,15-19,1.0,,
23165,Gonorrhea,280.0,New Mexico,2003.0,Unknown,20-24 years,20-24,1.0,,
23166,Gonorrhea,280.0,New Mexico,2003.0,Unknown,25-29 years,25-29,1.0,,
23167,Gonorrhea,280.0,New Mexico,2003.0,Unknown,40+ years,40+,1.0,,
23168,Gonorrhea,280.0,New Mexico,2008.0,Unknown,15-19 years,15-19,1.0,,
23169,Gonorrhea,280.0,New Mexico,2012.0,Unknown,20-24 years,20-24,1.0,,
23170,Gonorrhea,280.0,New Mexico,2014.0,Unknown,40+ years,40+,1.0,,
23171,Gonorrhea,280.0,New York,2000.0,Unknown,0-14 years,0-14,1.0,,
23172,Gonorrhea,280.0,New York,2000.0,Unknown,15-19 years,15-19,13.0,,
23173,Gonorrhea,280.0,New York,2000.0,Unknown,20-24 years,20-24,11.0,,
23174,Gonorrhea,280.0,New York,2000.0,Unknown,25-29 years,25-29,4.0,,
23175,Gonorrhea,280.0,New York,2000.0,Unknown,30-34 years,30-34,7.0,,
23176,Gonorrhea,280.0,New York,2000.0,Unknown,35-39 years,35-39,5.0,,
23177,Gonorrhea,280.0,New York,2000.0,Unknown,40+ years,40+,4.0,,
23178,Gonorrhea,280.0,New York,2001.0,Unknown,15-19 years,15-19,6.0,,
23179,Gonorrhea,280.0,New York,2001.0,Unknown,20-24 years,20-24,8.0,,
23180,Gonorrhea,280.0,New York,2001.0,Unknown,25-29 years,25-29,8.0,,
23181,Gonorrhea,280.0,New York,2001.0,Unknown,30-34 years,30-34,5.0,,
23182,Gonorrhea,280.0,New York,2001.0,Unknown,35-39 years,35-39,2.0,,
23183,Gonorrhea,280.0,New York,2002.0,Unknown,15-19 years,15-19,1.0,,
23184,Gonorrhea,280.0,New York,2002.0,Unknown,20-24 years,20-24,4.0,,
23185,Gonorrhea,280.0,New York,2002.0,Unknown,25-29 years,25-29,3.0,,
23186,Gonorrhea,280.0,New York,2002.0,Unknown,30-34 years,30-34,2.0,,
23187,Gonorrhea,280.0,New York,2002.0,Unknown,Unknown,99,2.0,,
23188,Gonorrhea,280.0,New York,2003.0,Unknown,15-19 years,15-19,10.0,,
23189,Gonorrhea,280.0,New York,2003.0,Unknown,20-24 years,20-24,19.0,,
23190,Gonorrhea,280.0,New York,2003.0,Unknown,25-29 years,25-29,14.0,,
23191,Gonorrhea,280.0,New York,2003.0,Unknown,30-34 years,30-34,3.0,,
23192,Gonorrhea,280.0,New York,2003.0,Unknown,35-39 years,35-39,3.0,,
23193,Gonorrhea,280.0,New York,2003.0,Unknown,40+ years,40+,5.0,,
23194,Gonorrhea,280.0,New York,2003.0,Unknown,Unknown,99,3.0,,
23195,Gonorrhea,280.0,New York,2004.0,Unknown,15-19 years,15-19,7.0,,
23196,Gonorrhea,280.0,New York,2004.0,Unknown,20-24 years,20-24,11.0,,
23197,Gonorrhea,280.0,New York,2004.0,Unknown,25-29 years,25-29,5.0,,
23198,Gonorrhea,280.0,New York,2004.0,Unknown,30-34 years,30-34,3.0,,
23199,Gonorrhea,280.0,New York,2004.0,Unknown,40+ years,40+,2.0,,
23200,Gonorrhea,280.0,New York,2004.0,Unknown,Unknown,99,4.0,,
23201,Gonorrhea,280.0,New York,2005.0,Unknown,15-19 years,15-19,2.0,,
23202,Gonorrhea,280.0,New York,2005.0,Unknown,35-39 years,35-39,1.0,,
23203,Gonorrhea,280.0,New York,2005.0,Unknown,40+ years,40+,1.0,,
23204,Gonorrhea,280.0,New York,2005.0,Unknown,Unknown,99,2.0,,
23205,Gonorrhea,280.0,New York,2006.0,Unknown,20-24 years,20-24,1.0,,
23206,Gonorrhea,280.0,New York,2006.0,Unknown,25-29 years,25-29,1.0,,
23207,Gonorrhea,280.0,New York,2006.0,Unknown,40+ years,40+,1.0,,
23208,Gonorrhea,280.0,New York,2006.0,Unknown,Unknown,99,1.0,,
23209,Gonorrhea,280.0,New York,2007.0,Unknown,0-14 years,0-14,1.0,,
23210,Gonorrhea,280.0,New York,2007.0,Unknown,15-19 years,15-19,4.0,,
23211,Gonorrhea,280.0,New York,2007.0,Unknown,20-24 years,20-24,2.0,,
23212,Gonorrhea,280.0,New York,2007.0,Unknown,25-29 years,25-29,1.0,,
23213,Gonorrhea,280.0,New York,2007.0,Unknown,40+ years,40+,1.0,,
23214,Gonorrhea,280.0,New York,2007.0,Unknown,Unknown,99,1.0,,
23215,Gonorrhea,280.0,New York,2008.0,Unknown,15-19 years,15-19,3.0,,
23216,Gonorrhea,280.0,New York,2008.0,Unknown,40+ years,40+,3.0,,
23217,Gonorrhea,280.0,New York,2008.0,Unknown,Unknown,99,2.0,,
23218,Gonorrhea,280.0,New York,2009.0,Unknown,15-19 years,15-19,1.0,,
23219,Gonorrhea,280.0,New York,2009.0,Unknown,20-24 years,20-24,1.0,,
23220,Gonorrhea,280.0,New York,2009.0,Unknown,25-29 years,25-29,1.0,,
23221,Gonorrhea,280.0,New York,2009.0,Unknown,40+ years,40+,1.0,,
23222,Gonorrhea,280.0,New York,2009.0,Unknown,Unknown,99,1.0,,
23223,Gonorrhea,280.0,New York,2010.0,Unknown,15-19 years,15-19,1.0,,
23224,Gonorrhea,280.0,New York,2011.0,Unknown,0-14 years,0-14,1.0,,
23225,Gonorrhea,280.0,New York,2011.0,Unknown,15-19 years,15-19,1.0,,
23226,Gonorrhea,280.0,New York,2011.0,Unknown,20-24 years,20-24,2.0,,
23227,Gonorrhea,280.0,New York,2011.0,Unknown,30-34 years,30-34,1.0,,
23228,Gonorrhea,280.0,New York,2011.0,Unknown,35-39 years,35-39,1.0,,
23229,Gonorrhea,280.0,New York,2011.0,Unknown,40+ years,40+,2.0,,
23230,Gonorrhea,280.0,New York,2011.0,Unknown,Unknown,99,5.0,,
23231,Gonorrhea,280.0,New York,2012.0,Unknown,15-19 years,15-19,3.0,,
23232,Gonorrhea,280.0,New York,2012.0,Unknown,20-24 years,20-24,7.0,,
23233,Gonorrhea,280.0,New York,2012.0,Unknown,25-29 years,25-29,3.0,,
23234,Gonorrhea,280.0,New York,2012.0,Unknown,30-34 years,30-34,5.0,,
23235,Gonorrhea,280.0,New York,2012.0,Unknown,35-39 years,35-39,2.0,,
23236,Gonorrhea,280.0,New York,2012.0,Unknown,Unknown,99,1.0,,
23237,Gonorrhea,280.0,New York,2013.0,Unknown,15-19 years,15-19,8.0,,
23238,Gonorrhea,280.0,New York,2013.0,Unknown,20-24 years,20-24,23.0,,
23239,Gonorrhea,280.0,New York,2013.0,Unknown,25-29 years,25-29,8.0,,
23240,Gonorrhea,280.0,New York,2013.0,Unknown,30-34 years,30-34,8.0,,
23241,Gonorrhea,280.0,New York,2013.0,Unknown,35-39 years,35-39,3.0,,
23242,Gonorrhea,280.0,New York,2013.0,Unknown,40+ years,40+,5.0,,
23243,Gonorrhea,280.0,New York,2014.0,Unknown,15-19 years,15-19,2.0,,
23244,Gonorrhea,280.0,New York,2014.0,Unknown,20-24 years,20-24,26.0,,
23245,Gonorrhea,280.0,New York,2014.0,Unknown,25-29 years,25-29,18.0,,
23246,Gonorrhea,280.0,New York,2014.0,Unknown,30-34 years,30-34,6.0,,
23247,Gonorrhea,280.0,New York,2014.0,Unknown,35-39 years,35-39,2.0,,
23248,Gonorrhea,280.0,New York,2014.0,Unknown,40+ years,40+,3.0,,
23249,Gonorrhea,280.0,North Carolina,2000.0,Unknown,30-34 years,30-34,1.0,,
23250,Gonorrhea,280.0,North Carolina,2001.0,Unknown,20-24 years,20-24,1.0,,
23251,Gonorrhea,280.0,North Carolina,2002.0,Unknown,20-24 years,20-24,3.0,,
23252,Gonorrhea,280.0,North Carolina,2002.0,Unknown,35-39 years,35-39,1.0,,
23253,Gonorrhea,280.0,North Carolina,2008.0,Unknown,0-14 years,0-14,1.0,,
23254,Gonorrhea,280.0,North Carolina,2008.0,Unknown,15-19 years,15-19,11.0,,
23255,Gonorrhea,280.0,North Carolina,2008.0,Unknown,20-24 years,20-24,24.0,,
23256,Gonorrhea,280.0,North Carolina,2008.0,Unknown,25-29 years,25-29,13.0,,
23257,Gonorrhea,280.0,North Carolina,2008.0,Unknown,30-34 years,30-34,8.0,,
23258,Gonorrhea,280.0,North Carolina,2008.0,Unknown,35-39 years,35-39,3.0,,
23259,Gonorrhea,280.0,North Carolina,2008.0,Unknown,40+ years,40+,9.0,,
23260,Gonorrhea,280.0,North Carolina,2008.0,Unknown,Unknown,99,4.0,,
23261,Gonorrhea,280.0,North Carolina,2009.0,Unknown,15-19 years,15-19,18.0,,
23262,Gonorrhea,280.0,North Carolina,2009.0,Unknown,20-24 years,20-24,37.0,,
23263,Gonorrhea,280.0,North Carolina,2009.0,Unknown,25-29 years,25-29,13.0,,
23264,Gonorrhea,280.0,North Carolina,2009.0,Unknown,30-34 years,30-34,8.0,,
23265,Gonorrhea,280.0,North Carolina,2009.0,Unknown,35-39 years,35-39,1.0,,
23266,Gonorrhea,280.0,North Carolina,2009.0,Unknown,40+ years,40+,4.0,,
23267,Gonorrhea,280.0,North Carolina,2009.0,Unknown,Unknown,99,19.0,,
23268,Gonorrhea,280.0,North Carolina,2010.0,Unknown,0-14 years,0-14,1.0,,
23269,Gonorrhea,280.0,North Carolina,2010.0,Unknown,15-19 years,15-19,21.0,,
23270,Gonorrhea,280.0,North Carolina,2010.0,Unknown,20-24 years,20-24,28.0,,
23271,Gonorrhea,280.0,North Carolina,2010.0,Unknown,25-29 years,25-29,14.0,,
23272,Gonorrhea,280.0,North Carolina,2010.0,Unknown,30-34 years,30-34,9.0,,
23273,Gonorrhea,280.0,North Carolina,2010.0,Unknown,35-39 years,35-39,5.0,,
23274,Gonorrhea,280.0,North Carolina,2010.0,Unknown,40+ years,40+,2.0,,
23275,Gonorrhea,280.0,North Carolina,2010.0,Unknown,Unknown,99,5.0,,
23276,Gonorrhea,280.0,North Carolina,2011.0,Unknown,0-14 years,0-14,2.0,,
23277,Gonorrhea,280.0,North Carolina,2011.0,Unknown,15-19 years,15-19,18.0,,
23278,Gonorrhea,280.0,North Carolina,2011.0,Unknown,20-24 years,20-24,30.0,,
23279,Gonorrhea,280.0,North Carolina,2011.0,Unknown,25-29 years,25-29,11.0,,
23280,Gonorrhea,280.0,North Carolina,2011.0,Unknown,30-34 years,30-34,4.0,,
23281,Gonorrhea,280.0,North Carolina,2011.0,Unknown,35-39 years,35-39,1.0,,
23282,Gonorrhea,280.0,North Carolina,2011.0,Unknown,40+ years,40+,5.0,,
23283,Gonorrhea,280.0,North Carolina,2011.0,Unknown,Unknown,99,7.0,,
23284,Gonorrhea,280.0,North Carolina,2012.0,Unknown,15-19 years,15-19,7.0,,
23285,Gonorrhea,280.0,North Carolina,2012.0,Unknown,20-24 years,20-24,18.0,,
23286,Gonorrhea,280.0,North Carolina,2012.0,Unknown,25-29 years,25-29,9.0,,
23287,Gonorrhea,280.0,North Carolina,2012.0,Unknown,30-34 years,30-34,3.0,,
23288,Gonorrhea,280.0,North Carolina,2012.0,Unknown,35-39 years,35-39,3.0,,
23289,Gonorrhea,280.0,North Carolina,2012.0,Unknown,40+ years,40+,4.0,,
23290,Gonorrhea,280.0,North Carolina,2012.0,Unknown,Unknown,99,1.0,,
23291,Gonorrhea,280.0,North Carolina,2013.0,Unknown,15-19 years,15-19,2.0,,
23292,Gonorrhea,280.0,North Carolina,2013.0,Unknown,20-24 years,20-24,3.0,,
23293,Gonorrhea,280.0,North Carolina,2013.0,Unknown,30-34 years,30-34,1.0,,
23294,Gonorrhea,280.0,North Carolina,2014.0,Unknown,15-19 years,15-19,1.0,,
23295,Gonorrhea,280.0,North Carolina,2014.0,Unknown,20-24 years,20-24,1.0,,
23296,Gonorrhea,280.0,North Carolina,2014.0,Unknown,40+ years,40+,2.0,,
23297,Gonorrhea,280.0,North Dakota,2009.0,Unknown,15-19 years,15-19,1.0,,
23298,Gonorrhea,280.0,North Dakota,2011.0,Unknown,15-19 years,15-19,1.0,,
23299,Gonorrhea,280.0,North Dakota,2012.0,Unknown,20-24 years,20-24,1.0,,
23300,Gonorrhea,280.0,Ohio,1998.0,Unknown,0-14 years,0-14,2.0,,
23301,Gonorrhea,280.0,Ohio,1998.0,Unknown,15-19 years,15-19,30.0,,
23302,Gonorrhea,280.0,Ohio,1998.0,Unknown,20-24 years,20-24,23.0,,
23303,Gonorrhea,280.0,Ohio,1998.0,Unknown,25-29 years,25-29,10.0,,
23304,Gonorrhea,280.0,Ohio,1998.0,Unknown,30-34 years,30-34,2.0,,
23305,Gonorrhea,280.0,Ohio,1998.0,Unknown,35-39 years,35-39,3.0,,
23306,Gonorrhea,280.0,Ohio,1998.0,Unknown,40+ years,40+,5.0,,
23307,Gonorrhea,280.0,Ohio,1998.0,Unknown,Unknown,99,60.0,,
23308,Gonorrhea,280.0,Ohio,1999.0,Unknown,0-14 years,0-14,2.0,,
23309,Gonorrhea,280.0,Ohio,1999.0,Unknown,15-19 years,15-19,21.0,,
23310,Gonorrhea,280.0,Ohio,1999.0,Unknown,20-24 years,20-24,20.0,,
23311,Gonorrhea,280.0,Ohio,1999.0,Unknown,25-29 years,25-29,10.0,,
23312,Gonorrhea,280.0,Ohio,1999.0,Unknown,30-34 years,30-34,5.0,,
23313,Gonorrhea,280.0,Ohio,1999.0,Unknown,35-39 years,35-39,6.0,,
23314,Gonorrhea,280.0,Ohio,1999.0,Unknown,40+ years,40+,4.0,,
23315,Gonorrhea,280.0,Ohio,1999.0,Unknown,Unknown,99,121.0,,
23316,Gonorrhea,280.0,Ohio,2000.0,Unknown,0-14 years,0-14,2.0,,
23317,Gonorrhea,280.0,Ohio,2000.0,Unknown,15-19 years,15-19,23.0,,
23318,Gonorrhea,280.0,Ohio,2000.0,Unknown,20-24 years,20-24,21.0,,
23319,Gonorrhea,280.0,Ohio,2000.0,Unknown,25-29 years,25-29,12.0,,
23320,Gonorrhea,280.0,Ohio,2000.0,Unknown,30-34 years,30-34,3.0,,
23321,Gonorrhea,280.0,Ohio,2000.0,Unknown,35-39 years,35-39,3.0,,
23322,Gonorrhea,280.0,Ohio,2000.0,Unknown,40+ years,40+,5.0,,
23323,Gonorrhea,280.0,Ohio,2000.0,Unknown,Unknown,99,86.0,,
23324,Gonorrhea,280.0,Ohio,2001.0,Unknown,0-14 years,0-14,5.0,,
23325,Gonorrhea,280.0,Ohio,2001.0,Unknown,15-19 years,15-19,38.0,,
23326,Gonorrhea,280.0,Ohio,2001.0,Unknown,20-24 years,20-24,12.0,,
23327,Gonorrhea,280.0,Ohio,2001.0,Unknown,25-29 years,25-29,5.0,,
23328,Gonorrhea,280.0,Ohio,2001.0,Unknown,30-34 years,30-34,2.0,,
23329,Gonorrhea,280.0,Ohio,2001.0,Unknown,35-39 years,35-39,7.0,,
23330,Gonorrhea,280.0,Ohio,2001.0,Unknown,40+ years,40+,1.0,,
23331,Gonorrhea,280.0,Ohio,2001.0,Unknown,Unknown,99,157.0,,
23332,Gonorrhea,280.0,Ohio,2002.0,Unknown,15-19 years,15-19,42.0,,
23333,Gonorrhea,280.0,Ohio,2002.0,Unknown,20-24 years,20-24,38.0,,
23334,Gonorrhea,280.0,Ohio,2002.0,Unknown,25-29 years,25-29,23.0,,
23335,Gonorrhea,280.0,Ohio,2002.0,Unknown,30-34 years,30-34,12.0,,
23336,Gonorrhea,280.0,Ohio,2002.0,Unknown,35-39 years,35-39,3.0,,
23337,Gonorrhea,280.0,Ohio,2002.0,Unknown,40+ years,40+,11.0,,
23338,Gonorrhea,280.0,Ohio,2002.0,Unknown,Unknown,99,116.0,,
23339,Gonorrhea,280.0,Ohio,2003.0,Unknown,0-14 years,0-14,1.0,,
23340,Gonorrhea,280.0,Ohio,2003.0,Unknown,15-19 years,15-19,78.0,,
23341,Gonorrhea,280.0,Ohio,2003.0,Unknown,20-24 years,20-24,51.0,,
23342,Gonorrhea,280.0,Ohio,2003.0,Unknown,25-29 years,25-29,23.0,,
23343,Gonorrhea,280.0,Ohio,2003.0,Unknown,30-34 years,30-34,8.0,,
23344,Gonorrhea,280.0,Ohio,2003.0,Unknown,35-39 years,35-39,7.0,,
23345,Gonorrhea,280.0,Ohio,2003.0,Unknown,40+ years,40+,5.0,,
23346,Gonorrhea,280.0,Ohio,2003.0,Unknown,Unknown,99,118.0,,
23347,Gonorrhea,280.0,Ohio,2004.0,Unknown,0-14 years,0-14,6.0,,
23348,Gonorrhea,280.0,Ohio,2004.0,Unknown,15-19 years,15-19,63.0,,
23349,Gonorrhea,280.0,Ohio,2004.0,Unknown,20-24 years,20-24,59.0,,
23350,Gonorrhea,280.0,Ohio,2004.0,Unknown,25-29 years,25-29,34.0,,
23351,Gonorrhea,280.0,Ohio,2004.0,Unknown,30-34 years,30-34,18.0,,
23352,Gonorrhea,280.0,Ohio,2004.0,Unknown,35-39 years,35-39,9.0,,
23353,Gonorrhea,280.0,Ohio,2004.0,Unknown,40+ years,40+,8.0,,
23354,Gonorrhea,280.0,Ohio,2004.0,Unknown,Unknown,99,80.0,,
23355,Gonorrhea,280.0,Ohio,2005.0,Unknown,0-14 years,0-14,3.0,,
23356,Gonorrhea,280.0,Ohio,2005.0,Unknown,15-19 years,15-19,76.0,,
23357,Gonorrhea,280.0,Ohio,2005.0,Unknown,20-24 years,20-24,99.0,,
23358,Gonorrhea,280.0,Ohio,2005.0,Unknown,25-29 years,25-29,41.0,,
23359,Gonorrhea,280.0,Ohio,2005.0,Unknown,30-34 years,30-34,14.0,,
23360,Gonorrhea,280.0,Ohio,2005.0,Unknown,35-39 years,35-39,5.0,,
23361,Gonorrhea,280.0,Ohio,2005.0,Unknown,40+ years,40+,14.0,,
23362,Gonorrhea,280.0,Ohio,2005.0,Unknown,Unknown,99,106.0,,
23363,Gonorrhea,280.0,Ohio,2006.0,Unknown,0-14 years,0-14,1.0,,
23364,Gonorrhea,280.0,Ohio,2006.0,Unknown,15-19 years,15-19,33.0,,
23365,Gonorrhea,280.0,Ohio,2006.0,Unknown,20-24 years,20-24,27.0,,
23366,Gonorrhea,280.0,Ohio,2006.0,Unknown,25-29 years,25-29,19.0,,
23367,Gonorrhea,280.0,Ohio,2006.0,Unknown,30-34 years,30-34,10.0,,
23368,Gonorrhea,280.0,Ohio,2006.0,Unknown,35-39 years,35-39,2.0,,
23369,Gonorrhea,280.0,Ohio,2006.0,Unknown,40+ years,40+,7.0,,
23370,Gonorrhea,280.0,Ohio,2006.0,Unknown,Unknown,99,90.0,,
23371,Gonorrhea,280.0,Ohio,2007.0,Unknown,0-14 years,0-14,1.0,,
23372,Gonorrhea,280.0,Ohio,2007.0,Unknown,15-19 years,15-19,34.0,,
23373,Gonorrhea,280.0,Ohio,2007.0,Unknown,20-24 years,20-24,11.0,,
23374,Gonorrhea,280.0,Ohio,2007.0,Unknown,25-29 years,25-29,7.0,,
23375,Gonorrhea,280.0,Ohio,2007.0,Unknown,30-34 years,30-34,9.0,,
23376,Gonorrhea,280.0,Ohio,2007.0,Unknown,35-39 years,35-39,8.0,,
23377,Gonorrhea,280.0,Ohio,2007.0,Unknown,40+ years,40+,5.0,,
23378,Gonorrhea,280.0,Ohio,2007.0,Unknown,Unknown,99,56.0,,
23379,Gonorrhea,280.0,Ohio,2008.0,Unknown,0-14 years,0-14,3.0,,
23380,Gonorrhea,280.0,Ohio,2008.0,Unknown,15-19 years,15-19,102.0,,
23381,Gonorrhea,280.0,Ohio,2008.0,Unknown,20-24 years,20-24,98.0,,
23382,Gonorrhea,280.0,Ohio,2008.0,Unknown,25-29 years,25-29,56.0,,
23383,Gonorrhea,280.0,Ohio,2008.0,Unknown,30-34 years,30-34,21.0,,
23384,Gonorrhea,280.0,Ohio,2008.0,Unknown,35-39 years,35-39,15.0,,
23385,Gonorrhea,280.0,Ohio,2008.0,Unknown,40+ years,40+,15.0,,
23386,Gonorrhea,280.0,Ohio,2008.0,Unknown,Unknown,99,16.0,,
23387,Gonorrhea,280.0,Ohio,2009.0,Unknown,15-19 years,15-19,41.0,,
23388,Gonorrhea,280.0,Ohio,2009.0,Unknown,20-24 years,20-24,38.0,,
23389,Gonorrhea,280.0,Ohio,2009.0,Unknown,25-29 years,25-29,24.0,,
23390,Gonorrhea,280.0,Ohio,2009.0,Unknown,30-34 years,30-34,8.0,,
23391,Gonorrhea,280.0,Ohio,2009.0,Unknown,35-39 years,35-39,8.0,,
23392,Gonorrhea,280.0,Ohio,2009.0,Unknown,40+ years,40+,16.0,,
23393,Gonorrhea,280.0,Ohio,2009.0,Unknown,Unknown,99,19.0,,
23394,Gonorrhea,280.0,Ohio,2010.0,Unknown,0-14 years,0-14,2.0,,
23395,Gonorrhea,280.0,Ohio,2010.0,Unknown,15-19 years,15-19,7.0,,
23396,Gonorrhea,280.0,Ohio,2010.0,Unknown,20-24 years,20-24,9.0,,
23397,Gonorrhea,280.0,Ohio,2010.0,Unknown,25-29 years,25-29,3.0,,
23398,Gonorrhea,280.0,Ohio,2010.0,Unknown,30-34 years,30-34,4.0,,
23399,Gonorrhea,280.0,Ohio,2010.0,Unknown,35-39 years,35-39,1.0,,
23400,Gonorrhea,280.0,Ohio,2010.0,Unknown,40+ years,40+,4.0,,
23401,Gonorrhea,280.0,Ohio,2010.0,Unknown,Unknown,99,11.0,,
23402,Gonorrhea,280.0,Oklahoma,2008.0,Unknown,15-19 years,15-19,3.0,,
23403,Gonorrhea,280.0,Oklahoma,2008.0,Unknown,20-24 years,20-24,3.0,,
23404,Gonorrhea,280.0,Oklahoma,2008.0,Unknown,30-34 years,30-34,3.0,,
23405,Gonorrhea,280.0,Oklahoma,2009.0,Unknown,15-19 years,15-19,2.0,,
23406,Gonorrhea,280.0,Oklahoma,2009.0,Unknown,20-24 years,20-24,3.0,,
23407,Gonorrhea,280.0,Oklahoma,2009.0,Unknown,25-29 years,25-29,1.0,,
23408,Gonorrhea,280.0,Oklahoma,2009.0,Unknown,35-39 years,35-39,1.0,,
23409,Gonorrhea,280.0,Oklahoma,2010.0,Unknown,15-19 years,15-19,1.0,,
23410,Gonorrhea,280.0,Oklahoma,2010.0,Unknown,30-34 years,30-34,1.0,,
23411,Gonorrhea,280.0,Oklahoma,2010.0,Unknown,Unknown,99,1.0,,
23412,Gonorrhea,280.0,Oklahoma,2011.0,Unknown,0-14 years,0-14,2.0,,
23413,Gonorrhea,280.0,Oklahoma,2011.0,Unknown,15-19 years,15-19,25.0,,
23414,Gonorrhea,280.0,Oklahoma,2011.0,Unknown,20-24 years,20-24,45.0,,
23415,Gonorrhea,280.0,Oklahoma,2011.0,Unknown,25-29 years,25-29,17.0,,
23416,Gonorrhea,280.0,Oklahoma,2011.0,Unknown,30-34 years,30-34,11.0,,
23417,Gonorrhea,280.0,Oklahoma,2011.0,Unknown,35-39 years,35-39,4.0,,
23418,Gonorrhea,280.0,Oklahoma,2011.0,Unknown,40+ years,40+,3.0,,
23419,Gonorrhea,280.0,Oklahoma,2011.0,Unknown,Unknown,99,5.0,,
23420,Gonorrhea,280.0,Oklahoma,2014.0,Unknown,15-19 years,15-19,1.0,,
23421,Gonorrhea,280.0,Oregon,2014.0,Unknown,15-19 years,15-19,1.0,,
23422,Gonorrhea,280.0,Oregon,2014.0,Unknown,30-34 years,30-34,1.0,,
23423,Gonorrhea,280.0,Pennsylvania,2003.0,Unknown,15-19 years,15-19,2.0,,
23424,Gonorrhea,280.0,Pennsylvania,2003.0,Unknown,20-24 years,20-24,3.0,,
23425,Gonorrhea,280.0,Pennsylvania,2003.0,Unknown,40+ years,40+,2.0,,
23426,Gonorrhea,280.0,Pennsylvania,2003.0,Unknown,Unknown,99,1.0,,
23427,Gonorrhea,280.0,Pennsylvania,2005.0,Unknown,20-24 years,20-24,1.0,,
23428,Gonorrhea,280.0,Pennsylvania,2007.0,Unknown,15-19 years,15-19,1.0,,
23429,Gonorrhea,280.0,Pennsylvania,2007.0,Unknown,25-29 years,25-29,2.0,,
23430,Gonorrhea,280.0,Pennsylvania,2008.0,Unknown,20-24 years,20-24,1.0,,
23431,Gonorrhea,280.0,Pennsylvania,2009.0,Unknown,25-29 years,25-29,2.0,,
23432,Gonorrhea,280.0,Pennsylvania,2009.0,Unknown,35-39 years,35-39,1.0,,
23433,Gonorrhea,280.0,Pennsylvania,2009.0,Unknown,40+ years,40+,1.0,,
23434,Gonorrhea,280.0,Pennsylvania,2011.0,Unknown,15-19 years,15-19,2.0,,
23435,Gonorrhea,280.0,Pennsylvania,2011.0,Unknown,30-34 years,30-34,1.0,,
23436,Gonorrhea,280.0,Pennsylvania,2011.0,Unknown,40+ years,40+,2.0,,
23437,Gonorrhea,280.0,Pennsylvania,2012.0,Unknown,15-19 years,15-19,2.0,,
23438,Gonorrhea,280.0,Pennsylvania,2012.0,Unknown,20-24 years,20-24,2.0,,
23439,Gonorrhea,280.0,Pennsylvania,2012.0,Unknown,30-34 years,30-34,1.0,,
23440,Gonorrhea,280.0,Pennsylvania,2013.0,Unknown,15-19 years,15-19,3.0,,
23441,Gonorrhea,280.0,Pennsylvania,2013.0,Unknown,20-24 years,20-24,2.0,,
23442,Gonorrhea,280.0,Pennsylvania,2013.0,Unknown,25-29 years,25-29,1.0,,
23443,Gonorrhea,280.0,Pennsylvania,2013.0,Unknown,35-39 years,35-39,3.0,,
23444,Gonorrhea,280.0,Pennsylvania,2014.0,Unknown,15-19 years,15-19,1.0,,
23445,Gonorrhea,280.0,Pennsylvania,2014.0,Unknown,25-29 years,25-29,1.0,,
23446,Gonorrhea,280.0,Pennsylvania,2014.0,Unknown,30-34 years,30-34,1.0,,
23447,Gonorrhea,280.0,Rhode Island,2007.0,Unknown,15-19 years,15-19,1.0,,
23448,Gonorrhea,280.0,South Carolina,2000.0,Unknown,15-19 years,15-19,15.0,,
23449,Gonorrhea,280.0,South Carolina,2000.0,Unknown,20-24 years,20-24,11.0,,
23450,Gonorrhea,280.0,South Carolina,2000.0,Unknown,25-29 years,25-29,8.0,,
23451,Gonorrhea,280.0,South Carolina,2000.0,Unknown,30-34 years,30-34,4.0,,
23452,Gonorrhea,280.0,South Carolina,2000.0,Unknown,35-39 years,35-39,2.0,,
23453,Gonorrhea,280.0,South Carolina,2000.0,Unknown,40+ years,40+,2.0,,
23454,Gonorrhea,280.0,South Carolina,2000.0,Unknown,Unknown,99,28.0,,
23455,Gonorrhea,280.0,South Carolina,2001.0,Unknown,15-19 years,15-19,8.0,,
23456,Gonorrhea,280.0,South Carolina,2001.0,Unknown,20-24 years,20-24,14.0,,
23457,Gonorrhea,280.0,South Carolina,2001.0,Unknown,25-29 years,25-29,3.0,,
23458,Gonorrhea,280.0,South Carolina,2001.0,Unknown,30-34 years,30-34,2.0,,
23459,Gonorrhea,280.0,South Carolina,2001.0,Unknown,35-39 years,35-39,1.0,,
23460,Gonorrhea,280.0,South Carolina,2001.0,Unknown,40+ years,40+,2.0,,
23461,Gonorrhea,280.0,South Carolina,2001.0,Unknown,Unknown,99,9.0,,
23462,Gonorrhea,280.0,South Carolina,2002.0,Unknown,0-14 years,0-14,1.0,,
23463,Gonorrhea,280.0,South Carolina,2002.0,Unknown,15-19 years,15-19,6.0,,
23464,Gonorrhea,280.0,South Carolina,2002.0,Unknown,20-24 years,20-24,6.0,,
23465,Gonorrhea,280.0,South Carolina,2002.0,Unknown,25-29 years,25-29,8.0,,
23466,Gonorrhea,280.0,South Carolina,2002.0,Unknown,30-34 years,30-34,2.0,,
23467,Gonorrhea,280.0,South Carolina,2002.0,Unknown,35-39 years,35-39,2.0,,
23468,Gonorrhea,280.0,South Carolina,2002.0,Unknown,40+ years,40+,2.0,,
23469,Gonorrhea,280.0,South Carolina,2002.0,Unknown,Unknown,99,2.0,,
23470,Gonorrhea,280.0,South Carolina,2003.0,Unknown,0-14 years,0-14,2.0,,
23471,Gonorrhea,280.0,South Carolina,2003.0,Unknown,15-19 years,15-19,12.0,,
23472,Gonorrhea,280.0,South Carolina,2003.0,Unknown,20-24 years,20-24,5.0,,
23473,Gonorrhea,280.0,South Carolina,2003.0,Unknown,25-29 years,25-29,4.0,,
23474,Gonorrhea,280.0,South Carolina,2003.0,Unknown,30-34 years,30-34,2.0,,
23475,Gonorrhea,280.0,South Carolina,2003.0,Unknown,35-39 years,35-39,1.0,,
23476,Gonorrhea,280.0,South Carolina,2003.0,Unknown,Unknown,99,5.0,,
23477,Gonorrhea,280.0,South Carolina,2004.0,Unknown,15-19 years,15-19,3.0,,
23478,Gonorrhea,280.0,South Carolina,2004.0,Unknown,20-24 years,20-24,5.0,,
23479,Gonorrhea,280.0,South Carolina,2004.0,Unknown,25-29 years,25-29,4.0,,
23480,Gonorrhea,280.0,South Carolina,2004.0,Unknown,30-34 years,30-34,1.0,,
23481,Gonorrhea,280.0,South Carolina,2004.0,Unknown,35-39 years,35-39,1.0,,
23482,Gonorrhea,280.0,South Carolina,2004.0,Unknown,40+ years,40+,5.0,,
23483,Gonorrhea,280.0,South Carolina,2004.0,Unknown,Unknown,99,9.0,,
23484,Gonorrhea,280.0,South Carolina,2005.0,Unknown,15-19 years,15-19,5.0,,
23485,Gonorrhea,280.0,South Carolina,2005.0,Unknown,20-24 years,20-24,8.0,,
23486,Gonorrhea,280.0,South Carolina,2005.0,Unknown,25-29 years,25-29,7.0,,
23487,Gonorrhea,280.0,South Carolina,2005.0,Unknown,30-34 years,30-34,4.0,,
23488,Gonorrhea,280.0,South Carolina,2005.0,Unknown,35-39 years,35-39,2.0,,
23489,Gonorrhea,280.0,South Carolina,2005.0,Unknown,40+ years,40+,3.0,,
23490,Gonorrhea,280.0,South Carolina,2005.0,Unknown,Unknown,99,6.0,,
23491,Gonorrhea,280.0,South Carolina,2006.0,Unknown,15-19 years,15-19,3.0,,
23492,Gonorrhea,280.0,South Carolina,2006.0,Unknown,20-24 years,20-24,2.0,,
23493,Gonorrhea,280.0,South Carolina,2006.0,Unknown,25-29 years,25-29,3.0,,
23494,Gonorrhea,280.0,South Carolina,2006.0,Unknown,30-34 years,30-34,1.0,,
23495,Gonorrhea,280.0,South Carolina,2006.0,Unknown,35-39 years,35-39,2.0,,
23496,Gonorrhea,280.0,South Carolina,2006.0,Unknown,40+ years,40+,4.0,,
23497,Gonorrhea,280.0,South Carolina,2007.0,Unknown,15-19 years,15-19,11.0,,
23498,Gonorrhea,280.0,South Carolina,2007.0,Unknown,20-24 years,20-24,5.0,,
23499,Gonorrhea,280.0,South Carolina,2007.0,Unknown,25-29 years,25-29,2.0,,
23500,Gonorrhea,280.0,South Carolina,2007.0,Unknown,40+ years,40+,2.0,,
23501,Gonorrhea,280.0,South Carolina,2007.0,Unknown,Unknown,99,1.0,,
23502,Gonorrhea,280.0,South Carolina,2008.0,Unknown,15-19 years,15-19,10.0,,
23503,Gonorrhea,280.0,South Carolina,2008.0,Unknown,20-24 years,20-24,11.0,,
23504,Gonorrhea,280.0,South Carolina,2008.0,Unknown,25-29 years,25-29,2.0,,
23505,Gonorrhea,280.0,South Carolina,2008.0,Unknown,30-34 years,30-34,1.0,,
23506,Gonorrhea,280.0,South Carolina,2008.0,Unknown,35-39 years,35-39,1.0,,
23507,Gonorrhea,280.0,South Carolina,2008.0,Unknown,Unknown,99,1.0,,
23508,Gonorrhea,280.0,South Carolina,2009.0,Unknown,15-19 years,15-19,11.0,,
23509,Gonorrhea,280.0,South Carolina,2009.0,Unknown,20-24 years,20-24,10.0,,
23510,Gonorrhea,280.0,South Carolina,2009.0,Unknown,25-29 years,25-29,2.0,,
23511,Gonorrhea,280.0,South Carolina,2009.0,Unknown,30-34 years,30-34,1.0,,
23512,Gonorrhea,280.0,South Carolina,2009.0,Unknown,40+ years,40+,1.0,,
23513,Gonorrhea,280.0,South Carolina,2010.0,Unknown,15-19 years,15-19,6.0,,
23514,Gonorrhea,280.0,South Carolina,2010.0,Unknown,20-24 years,20-24,1.0,,
23515,Gonorrhea,280.0,South Carolina,2010.0,Unknown,25-29 years,25-29,1.0,,
23516,Gonorrhea,280.0,South Carolina,2010.0,Unknown,30-34 years,30-34,1.0,,
23517,Gonorrhea,280.0,South Carolina,2011.0,Unknown,15-19 years,15-19,3.0,,
23518,Gonorrhea,280.0,South Carolina,2011.0,Unknown,20-24 years,20-24,4.0,,
23519,Gonorrhea,280.0,South Carolina,2011.0,Unknown,25-29 years,25-29,5.0,,
23520,Gonorrhea,280.0,South Carolina,2011.0,Unknown,30-34 years,30-34,1.0,,
23521,Gonorrhea,280.0,South Carolina,2011.0,Unknown,40+ years,40+,3.0,,
23522,Gonorrhea,280.0,South Carolina,2011.0,Unknown,Unknown,99,2.0,,
23523,Gonorrhea,280.0,South Carolina,2012.0,Unknown,0-14 years,0-14,1.0,,
23524,Gonorrhea,280.0,South Carolina,2012.0,Unknown,15-19 years,15-19,5.0,,
23525,Gonorrhea,280.0,South Carolina,2012.0,Unknown,20-24 years,20-24,6.0,,
23526,Gonorrhea,280.0,South Carolina,2012.0,Unknown,25-29 years,25-29,5.0,,
23527,Gonorrhea,280.0,South Carolina,2012.0,Unknown,30-34 years,30-34,4.0,,
23528,Gonorrhea,280.0,South Carolina,2012.0,Unknown,35-39 years,35-39,3.0,,
23529,Gonorrhea,280.0,South Carolina,2012.0,Unknown,40+ years,40+,1.0,,
23530,Gonorrhea,280.0,South Carolina,2012.0,Unknown,Unknown,99,1.0,,
23531,Gonorrhea,280.0,South Carolina,2013.0,Unknown,15-19 years,15-19,1.0,,
23532,Gonorrhea,280.0,South Carolina,2013.0,Unknown,20-24 years,20-24,6.0,,
23533,Gonorrhea,280.0,South Carolina,2013.0,Unknown,25-29 years,25-29,1.0,,
23534,Gonorrhea,280.0,South Carolina,2013.0,Unknown,30-34 years,30-34,1.0,,
23535,Gonorrhea,280.0,South Carolina,2013.0,Unknown,40+ years,40+,2.0,,
23536,Gonorrhea,280.0,South Carolina,2014.0,Unknown,0-14 years,0-14,1.0,,
23537,Gonorrhea,280.0,South Carolina,2014.0,Unknown,15-19 years,15-19,8.0,,
23538,Gonorrhea,280.0,South Carolina,2014.0,Unknown,20-24 years,20-24,11.0,,
23539,Gonorrhea,280.0,South Carolina,2014.0,Unknown,25-29 years,25-29,7.0,,
23540,Gonorrhea,280.0,South Carolina,2014.0,Unknown,30-34 years,30-34,1.0,,
23541,Gonorrhea,280.0,South Carolina,2014.0,Unknown,40+ years,40+,6.0,,
23542,Gonorrhea,280.0,South Carolina,2014.0,Unknown,Unknown,99,3.0,,
23543,Gonorrhea,280.0,South Dakota,2000.0,Unknown,20-24 years,20-24,1.0,,
23544,Gonorrhea,280.0,South Dakota,2007.0,Unknown,15-19 years,15-19,1.0,,
23545,Gonorrhea,280.0,South Dakota,2009.0,Unknown,15-19 years,15-19,1.0,,
23546,Gonorrhea,280.0,South Dakota,2010.0,Unknown,20-24 years,20-24,1.0,,
23547,Gonorrhea,280.0,South Dakota,2011.0,Unknown,20-24 years,20-24,1.0,,
23548,Gonorrhea,280.0,South Dakota,2012.0,Unknown,15-19 years,15-19,1.0,,
23549,Gonorrhea,280.0,South Dakota,2012.0,Unknown,20-24 years,20-24,1.0,,
23550,Gonorrhea,280.0,Tennessee,2005.0,Unknown,25-29 years,25-29,1.0,,
23551,Gonorrhea,280.0,Tennessee,2009.0,Unknown,35-39 years,35-39,1.0,,
23552,Gonorrhea,280.0,Tennessee,2010.0,Unknown,20-24 years,20-24,2.0,,
23553,Gonorrhea,280.0,Tennessee,2012.0,Unknown,15-19 years,15-19,1.0,,
23554,Gonorrhea,280.0,Tennessee,2012.0,Unknown,20-24 years,20-24,3.0,,
23555,Gonorrhea,280.0,Tennessee,2012.0,Unknown,30-34 years,30-34,1.0,,
23556,Gonorrhea,280.0,Tennessee,2012.0,Unknown,35-39 years,35-39,1.0,,
23557,Gonorrhea,280.0,Tennessee,2012.0,Unknown,40+ years,40+,3.0,,
23558,Gonorrhea,280.0,Tennessee,2013.0,Unknown,35-39 years,35-39,1.0,,
23559,Gonorrhea,280.0,Tennessee,2014.0,Unknown,20-24 years,20-24,2.0,,
23560,Gonorrhea,280.0,Texas,1999.0,Unknown,0-14 years,0-14,7.0,,
23561,Gonorrhea,280.0,Texas,1999.0,Unknown,15-19 years,15-19,41.0,,
23562,Gonorrhea,280.0,Texas,1999.0,Unknown,20-24 years,20-24,26.0,,
23563,Gonorrhea,280.0,Texas,1999.0,Unknown,25-29 years,25-29,4.0,,
23564,Gonorrhea,280.0,Texas,1999.0,Unknown,30-34 years,30-34,4.0,,
23565,Gonorrhea,280.0,Texas,1999.0,Unknown,35-39 years,35-39,5.0,,
23566,Gonorrhea,280.0,Texas,1999.0,Unknown,40+ years,40+,8.0,,
23567,Gonorrhea,280.0,Texas,1999.0,Unknown,Unknown,99,23.0,,
23568,Gonorrhea,280.0,Texas,2000.0,Unknown,0-14 years,0-14,4.0,,
23569,Gonorrhea,280.0,Texas,2000.0,Unknown,15-19 years,15-19,16.0,,
23570,Gonorrhea,280.0,Texas,2000.0,Unknown,20-24 years,20-24,16.0,,
23571,Gonorrhea,280.0,Texas,2000.0,Unknown,25-29 years,25-29,9.0,,
23572,Gonorrhea,280.0,Texas,2000.0,Unknown,30-34 years,30-34,1.0,,
23573,Gonorrhea,280.0,Texas,2000.0,Unknown,40+ years,40+,7.0,,
23574,Gonorrhea,280.0,Texas,2000.0,Unknown,Unknown,99,15.0,,
23575,Gonorrhea,280.0,Texas,2001.0,Unknown,15-19 years,15-19,10.0,,
23576,Gonorrhea,280.0,Texas,2001.0,Unknown,20-24 years,20-24,11.0,,
23577,Gonorrhea,280.0,Texas,2001.0,Unknown,25-29 years,25-29,5.0,,
23578,Gonorrhea,280.0,Texas,2001.0,Unknown,30-34 years,30-34,4.0,,
23579,Gonorrhea,280.0,Texas,2001.0,Unknown,35-39 years,35-39,3.0,,
23580,Gonorrhea,280.0,Texas,2001.0,Unknown,40+ years,40+,1.0,,
23581,Gonorrhea,280.0,Texas,2001.0,Unknown,Unknown,99,21.0,,
23582,Gonorrhea,280.0,Texas,2002.0,Unknown,15-19 years,15-19,6.0,,
23583,Gonorrhea,280.0,Texas,2002.0,Unknown,20-24 years,20-24,3.0,,
23584,Gonorrhea,280.0,Texas,2002.0,Unknown,25-29 years,25-29,4.0,,
23585,Gonorrhea,280.0,Texas,2002.0,Unknown,30-34 years,30-34,2.0,,
23586,Gonorrhea,280.0,Texas,2002.0,Unknown,35-39 years,35-39,3.0,,
23587,Gonorrhea,280.0,Texas,2002.0,Unknown,Unknown,99,11.0,,
23588,Gonorrhea,280.0,Texas,2003.0,Unknown,15-19 years,15-19,9.0,,
23589,Gonorrhea,280.0,Texas,2003.0,Unknown,20-24 years,20-24,5.0,,
23590,Gonorrhea,280.0,Texas,2003.0,Unknown,25-29 years,25-29,2.0,,
23591,Gonorrhea,280.0,Texas,2003.0,Unknown,40+ years,40+,1.0,,
23592,Gonorrhea,280.0,Texas,2003.0,Unknown,Unknown,99,3.0,,
23593,Gonorrhea,280.0,Texas,2004.0,Unknown,15-19 years,15-19,9.0,,
23594,Gonorrhea,280.0,Texas,2004.0,Unknown,20-24 years,20-24,10.0,,
23595,Gonorrhea,280.0,Texas,2004.0,Unknown,25-29 years,25-29,1.0,,
23596,Gonorrhea,280.0,Texas,2004.0,Unknown,30-34 years,30-34,2.0,,
23597,Gonorrhea,280.0,Texas,2004.0,Unknown,35-39 years,35-39,2.0,,
23598,Gonorrhea,280.0,Texas,2004.0,Unknown,40+ years,40+,5.0,,
23599,Gonorrhea,280.0,Texas,2004.0,Unknown,Unknown,99,7.0,,
23600,Gonorrhea,280.0,Texas,2005.0,Unknown,15-19 years,15-19,4.0,,
23601,Gonorrhea,280.0,Texas,2005.0,Unknown,20-24 years,20-24,5.0,,
23602,Gonorrhea,280.0,Texas,2005.0,Unknown,25-29 years,25-29,1.0,,
23603,Gonorrhea,280.0,Texas,2005.0,Unknown,35-39 years,35-39,3.0,,
23604,Gonorrhea,280.0,Texas,2005.0,Unknown,Unknown,99,1.0,,
23605,Gonorrhea,280.0,Texas,2006.0,Unknown,15-19 years,15-19,2.0,,
23606,Gonorrhea,280.0,Texas,2006.0,Unknown,20-24 years,20-24,6.0,,
23607,Gonorrhea,280.0,Texas,2006.0,Unknown,25-29 years,25-29,4.0,,
23608,Gonorrhea,280.0,Texas,2006.0,Unknown,30-34 years,30-34,1.0,,
23609,Gonorrhea,280.0,Texas,2006.0,Unknown,35-39 years,35-39,1.0,,
23610,Gonorrhea,280.0,Texas,2006.0,Unknown,40+ years,40+,2.0,,
23611,Gonorrhea,280.0,Texas,2006.0,Unknown,Unknown,99,2.0,,
23612,Gonorrhea,280.0,Texas,2007.0,Unknown,0-14 years,0-14,3.0,,
23613,Gonorrhea,280.0,Texas,2007.0,Unknown,15-19 years,15-19,14.0,,
23614,Gonorrhea,280.0,Texas,2007.0,Unknown,20-24 years,20-24,14.0,,
23615,Gonorrhea,280.0,Texas,2007.0,Unknown,25-29 years,25-29,6.0,,
23616,Gonorrhea,280.0,Texas,2007.0,Unknown,30-34 years,30-34,4.0,,
23617,Gonorrhea,280.0,Texas,2007.0,Unknown,35-39 years,35-39,2.0,,
23618,Gonorrhea,280.0,Texas,2007.0,Unknown,40+ years,40+,7.0,,
23619,Gonorrhea,280.0,Texas,2007.0,Unknown,Unknown,99,12.0,,
23620,Gonorrhea,280.0,Texas,2008.0,Unknown,15-19 years,15-19,4.0,,
23621,Gonorrhea,280.0,Texas,2008.0,Unknown,20-24 years,20-24,6.0,,
23622,Gonorrhea,280.0,Texas,2008.0,Unknown,25-29 years,25-29,1.0,,
23623,Gonorrhea,280.0,Texas,2008.0,Unknown,35-39 years,35-39,1.0,,
23624,Gonorrhea,280.0,Texas,2008.0,Unknown,40+ years,40+,2.0,,
23625,Gonorrhea,280.0,Texas,2008.0,Unknown,Unknown,99,6.0,,
23626,Gonorrhea,280.0,Texas,2009.0,Unknown,15-19 years,15-19,3.0,,
23627,Gonorrhea,280.0,Texas,2009.0,Unknown,25-29 years,25-29,2.0,,
23628,Gonorrhea,280.0,Texas,2009.0,Unknown,35-39 years,35-39,2.0,,
23629,Gonorrhea,280.0,Texas,2009.0,Unknown,40+ years,40+,1.0,,
23630,Gonorrhea,280.0,Texas,2009.0,Unknown,Unknown,99,1.0,,
23631,Gonorrhea,280.0,Texas,2010.0,Unknown,15-19 years,15-19,4.0,,
23632,Gonorrhea,280.0,Texas,2010.0,Unknown,20-24 years,20-24,2.0,,
23633,Gonorrhea,280.0,Texas,2010.0,Unknown,25-29 years,25-29,2.0,,
23634,Gonorrhea,280.0,Texas,2010.0,Unknown,30-34 years,30-34,3.0,,
23635,Gonorrhea,280.0,Texas,2010.0,Unknown,35-39 years,35-39,1.0,,
23636,Gonorrhea,280.0,Texas,2010.0,Unknown,40+ years,40+,2.0,,
23637,Gonorrhea,280.0,Texas,2010.0,Unknown,Unknown,99,4.0,,
23638,Gonorrhea,280.0,Texas,2011.0,Unknown,15-19 years,15-19,3.0,,
23639,Gonorrhea,280.0,Texas,2011.0,Unknown,20-24 years,20-24,1.0,,
23640,Gonorrhea,280.0,Texas,2011.0,Unknown,25-29 years,25-29,1.0,,
23641,Gonorrhea,280.0,Texas,2011.0,Unknown,30-34 years,30-34,1.0,,
23642,Gonorrhea,280.0,Texas,2012.0,Unknown,15-19 years,15-19,5.0,,
23643,Gonorrhea,280.0,Texas,2012.0,Unknown,20-24 years,20-24,9.0,,
23644,Gonorrhea,280.0,Texas,2012.0,Unknown,25-29 years,25-29,3.0,,
23645,Gonorrhea,280.0,Texas,2012.0,Unknown,30-34 years,30-34,2.0,,
23646,Gonorrhea,280.0,Texas,2012.0,Unknown,35-39 years,35-39,1.0,,
23647,Gonorrhea,280.0,Texas,2012.0,Unknown,Unknown,99,16.0,,
23648,Gonorrhea,280.0,Texas,2013.0,Unknown,0-14 years,0-14,2.0,,
23649,Gonorrhea,280.0,Texas,2013.0,Unknown,15-19 years,15-19,36.0,,
23650,Gonorrhea,280.0,Texas,2013.0,Unknown,20-24 years,20-24,78.0,,
23651,Gonorrhea,280.0,Texas,2013.0,Unknown,25-29 years,25-29,44.0,,
23652,Gonorrhea,280.0,Texas,2013.0,Unknown,30-34 years,30-34,22.0,,
23653,Gonorrhea,280.0,Texas,2013.0,Unknown,35-39 years,35-39,14.0,,
23654,Gonorrhea,280.0,Texas,2013.0,Unknown,40+ years,40+,18.0,,
23655,Gonorrhea,280.0,Texas,2013.0,Unknown,Unknown,99,5.0,,
23656,Gonorrhea,280.0,Texas,2014.0,Unknown,15-19 years,15-19,7.0,,
23657,Gonorrhea,280.0,Texas,2014.0,Unknown,20-24 years,20-24,9.0,,
23658,Gonorrhea,280.0,Texas,2014.0,Unknown,25-29 years,25-29,5.0,,
23659,Gonorrhea,280.0,Texas,2014.0,Unknown,30-34 years,30-34,1.0,,
23660,Gonorrhea,280.0,Texas,2014.0,Unknown,35-39 years,35-39,1.0,,
23661,Gonorrhea,280.0,Texas,2014.0,Unknown,40+ years,40+,3.0,,
23662,Gonorrhea,280.0,Texas,2014.0,Unknown,Unknown,99,8.0,,
23663,Gonorrhea,280.0,Utah,2002.0,Unknown,Unknown,99,1.0,,
23664,Gonorrhea,280.0,Vermont,2010.0,Unknown,20-24 years,20-24,1.0,,
23665,Gonorrhea,280.0,Virginia,1997.0,Unknown,15-19 years,15-19,2.0,,
23666,Gonorrhea,280.0,Virginia,1997.0,Unknown,20-24 years,20-24,3.0,,
23667,Gonorrhea,280.0,Virginia,1997.0,Unknown,35-39 years,35-39,1.0,,
23668,Gonorrhea,280.0,Virginia,1997.0,Unknown,40+ years,40+,2.0,,
23669,Gonorrhea,280.0,Virginia,1998.0,Unknown,15-19 years,15-19,1.0,,
23670,Gonorrhea,280.0,Virginia,1998.0,Unknown,40+ years,40+,1.0,,
23671,Gonorrhea,280.0,Virginia,1999.0,Unknown,15-19 years,15-19,1.0,,
23672,Gonorrhea,280.0,Virginia,1999.0,Unknown,20-24 years,20-24,1.0,,
23673,Gonorrhea,280.0,Virginia,1999.0,Unknown,25-29 years,25-29,1.0,,
23674,Gonorrhea,280.0,Virginia,1999.0,Unknown,30-34 years,30-34,1.0,,
23675,Gonorrhea,280.0,Virginia,2000.0,Unknown,15-19 years,15-19,4.0,,
23676,Gonorrhea,280.0,Virginia,2000.0,Unknown,25-29 years,25-29,2.0,,
23677,Gonorrhea,280.0,Virginia,2000.0,Unknown,40+ years,40+,3.0,,
23678,Gonorrhea,280.0,Virginia,2000.0,Unknown,Unknown,99,3.0,,
23679,Gonorrhea,280.0,Virginia,2001.0,Unknown,0-14 years,0-14,2.0,,
23680,Gonorrhea,280.0,Virginia,2001.0,Unknown,15-19 years,15-19,9.0,,
23681,Gonorrhea,280.0,Virginia,2001.0,Unknown,20-24 years,20-24,11.0,,
23682,Gonorrhea,280.0,Virginia,2001.0,Unknown,25-29 years,25-29,4.0,,
23683,Gonorrhea,280.0,Virginia,2001.0,Unknown,30-34 years,30-34,5.0,,
23684,Gonorrhea,280.0,Virginia,2001.0,Unknown,40+ years,40+,3.0,,
23685,Gonorrhea,280.0,Virginia,2001.0,Unknown,Unknown,99,2.0,,
23686,Gonorrhea,280.0,Virginia,2003.0,Unknown,15-19 years,15-19,7.0,,
23687,Gonorrhea,280.0,Virginia,2003.0,Unknown,20-24 years,20-24,5.0,,
23688,Gonorrhea,280.0,Virginia,2003.0,Unknown,25-29 years,25-29,2.0,,
23689,Gonorrhea,280.0,Virginia,2003.0,Unknown,30-34 years,30-34,2.0,,
23690,Gonorrhea,280.0,Virginia,2003.0,Unknown,40+ years,40+,3.0,,
23691,Gonorrhea,280.0,Virginia,2003.0,Unknown,Unknown,99,1.0,,
23692,Gonorrhea,280.0,Virginia,2004.0,Unknown,15-19 years,15-19,3.0,,
23693,Gonorrhea,280.0,Virginia,2004.0,Unknown,20-24 years,20-24,2.0,,
23694,Gonorrhea,280.0,Virginia,2004.0,Unknown,25-29 years,25-29,3.0,,
23695,Gonorrhea,280.0,Virginia,2004.0,Unknown,30-34 years,30-34,1.0,,
23696,Gonorrhea,280.0,Virginia,2004.0,Unknown,40+ years,40+,1.0,,
23697,Gonorrhea,280.0,Virginia,2004.0,Unknown,Unknown,99,1.0,,
23698,Gonorrhea,280.0,Virginia,2005.0,Unknown,15-19 years,15-19,2.0,,
23699,Gonorrhea,280.0,Virginia,2005.0,Unknown,20-24 years,20-24,1.0,,
23700,Gonorrhea,280.0,Virginia,2005.0,Unknown,35-39 years,35-39,1.0,,
23701,Gonorrhea,280.0,Virginia,2005.0,Unknown,40+ years,40+,1.0,,
23702,Gonorrhea,280.0,Virginia,2006.0,Unknown,25-29 years,25-29,1.0,,
23703,Gonorrhea,280.0,Virginia,2006.0,Unknown,30-34 years,30-34,1.0,,
23704,Gonorrhea,280.0,Virginia,2007.0,Unknown,15-19 years,15-19,1.0,,
23705,Gonorrhea,280.0,Virginia,2007.0,Unknown,20-24 years,20-24,2.0,,
23706,Gonorrhea,280.0,Virginia,2007.0,Unknown,25-29 years,25-29,1.0,,
23707,Gonorrhea,280.0,Virginia,2007.0,Unknown,40+ years,40+,1.0,,
23708,Gonorrhea,280.0,Virginia,2008.0,Unknown,15-19 years,15-19,5.0,,
23709,Gonorrhea,280.0,Virginia,2008.0,Unknown,25-29 years,25-29,1.0,,
23710,Gonorrhea,280.0,Virginia,2008.0,Unknown,30-34 years,30-34,3.0,,
23711,Gonorrhea,280.0,Virginia,2008.0,Unknown,35-39 years,35-39,1.0,,
23712,Gonorrhea,280.0,Virginia,2008.0,Unknown,40+ years,40+,1.0,,
23713,Gonorrhea,280.0,Virginia,2008.0,Unknown,Unknown,99,2.0,,
23714,Gonorrhea,280.0,Virginia,2009.0,Unknown,15-19 years,15-19,4.0,,
23715,Gonorrhea,280.0,Virginia,2009.0,Unknown,20-24 years,20-24,3.0,,
23716,Gonorrhea,280.0,Virginia,2009.0,Unknown,25-29 years,25-29,2.0,,
23717,Gonorrhea,280.0,Virginia,2009.0,Unknown,35-39 years,35-39,1.0,,
23718,Gonorrhea,280.0,Virginia,2010.0,Unknown,15-19 years,15-19,4.0,,
23719,Gonorrhea,280.0,Virginia,2010.0,Unknown,20-24 years,20-24,1.0,,
23720,Gonorrhea,280.0,Virginia,2010.0,Unknown,25-29 years,25-29,1.0,,
23721,Gonorrhea,280.0,Virginia,2010.0,Unknown,30-34 years,30-34,1.0,,
23722,Gonorrhea,280.0,Virginia,2010.0,Unknown,Unknown,99,1.0,,
23723,Gonorrhea,280.0,Virginia,2011.0,Unknown,15-19 years,15-19,8.0,,
23724,Gonorrhea,280.0,Virginia,2011.0,Unknown,20-24 years,20-24,3.0,,
23725,Gonorrhea,280.0,Virginia,2012.0,Unknown,15-19 years,15-19,2.0,,
23726,Gonorrhea,280.0,Virginia,2012.0,Unknown,20-24 years,20-24,1.0,,
23727,Gonorrhea,280.0,Virginia,2012.0,Unknown,25-29 years,25-29,1.0,,
23728,Gonorrhea,280.0,Virginia,2012.0,Unknown,35-39 years,35-39,1.0,,
23729,Gonorrhea,280.0,Virginia,2012.0,Unknown,40+ years,40+,1.0,,
23730,Gonorrhea,280.0,Virginia,2013.0,Unknown,15-19 years,15-19,1.0,,
23731,Gonorrhea,280.0,Virginia,2013.0,Unknown,20-24 years,20-24,1.0,,
23732,Gonorrhea,280.0,Virginia,2014.0,Unknown,15-19 years,15-19,2.0,,
23733,Gonorrhea,280.0,Virginia,2014.0,Unknown,20-24 years,20-24,3.0,,
23734,Gonorrhea,280.0,Virginia,2014.0,Unknown,25-29 years,25-29,2.0,,
23735,Gonorrhea,280.0,Virginia,2014.0,Unknown,30-34 years,30-34,3.0,,
23736,Gonorrhea,280.0,Washington,2008.0,Unknown,15-19 years,15-19,2.0,,
23737,Gonorrhea,280.0,Washington,2008.0,Unknown,25-29 years,25-29,1.0,,
23738,Gonorrhea,280.0,Washington,2008.0,Unknown,30-34 years,30-34,1.0,,
23739,Gonorrhea,280.0,Washington,2008.0,Unknown,40+ years,40+,1.0,,
23740,Gonorrhea,280.0,Washington,2009.0,Unknown,30-34 years,30-34,2.0,,
23741,Gonorrhea,280.0,Washington,2010.0,Unknown,20-24 years,20-24,1.0,,
23742,Gonorrhea,280.0,Washington,2010.0,Unknown,25-29 years,25-29,1.0,,
23743,Gonorrhea,280.0,West Virginia,2000.0,Unknown,15-19 years,15-19,1.0,,
23744,Gonorrhea,280.0,West Virginia,2001.0,Unknown,15-19 years,15-19,1.0,,
23745,Gonorrhea,280.0,West Virginia,2002.0,Unknown,Unknown,99,1.0,,
23746,Gonorrhea,280.0,West Virginia,2003.0,Unknown,15-19 years,15-19,1.0,,
23747,Gonorrhea,280.0,West Virginia,2003.0,Unknown,20-24 years,20-24,2.0,,
23748,Gonorrhea,280.0,West Virginia,2004.0,Unknown,15-19 years,15-19,1.0,,
23749,Gonorrhea,280.0,Wisconsin,1999.0,Unknown,15-19 years,15-19,1.0,,
23750,Gonorrhea,280.0,Wisconsin,1999.0,Unknown,20-24 years,20-24,5.0,,
23751,Gonorrhea,280.0,Wisconsin,1999.0,Unknown,25-29 years,25-29,1.0,,
23752,Gonorrhea,280.0,Wisconsin,1999.0,Unknown,30-34 years,30-34,1.0,,
23753,Gonorrhea,280.0,Wisconsin,1999.0,Unknown,Unknown,99,1.0,,
23754,Gonorrhea,280.0,Wisconsin,2000.0,Unknown,20-24 years,20-24,3.0,,
23755,Gonorrhea,280.0,Wisconsin,2000.0,Unknown,25-29 years,25-29,1.0,,
23756,Gonorrhea,280.0,Wisconsin,2000.0,Unknown,35-39 years,35-39,1.0,,
23757,Gonorrhea,280.0,Wisconsin,2000.0,Unknown,40+ years,40+,2.0,,
23758,Gonorrhea,280.0,Wisconsin,2001.0,Unknown,15-19 years,15-19,10.0,,
23759,Gonorrhea,280.0,Wisconsin,2001.0,Unknown,20-24 years,20-24,3.0,,
23760,Gonorrhea,280.0,Wisconsin,2001.0,Unknown,25-29 years,25-29,1.0,,
23761,Gonorrhea,280.0,Wisconsin,2001.0,Unknown,35-39 years,35-39,1.0,,
23762,Gonorrhea,280.0,Wisconsin,2001.0,Unknown,40+ years,40+,3.0,,
23763,Gonorrhea,280.0,Wisconsin,2002.0,Unknown,15-19 years,15-19,3.0,,
23764,Gonorrhea,280.0,Wisconsin,2002.0,Unknown,20-24 years,20-24,4.0,,
23765,Gonorrhea,280.0,Wisconsin,2002.0,Unknown,25-29 years,25-29,1.0,,
23766,Gonorrhea,280.0,Wisconsin,2002.0,Unknown,30-34 years,30-34,2.0,,
23767,Gonorrhea,280.0,Wisconsin,2002.0,Unknown,35-39 years,35-39,2.0,,
23768,Gonorrhea,280.0,Wisconsin,2003.0,Unknown,15-19 years,15-19,10.0,,
23769,Gonorrhea,280.0,Wisconsin,2003.0,Unknown,20-24 years,20-24,6.0,,
23770,Gonorrhea,280.0,Wisconsin,2003.0,Unknown,25-29 years,25-29,2.0,,
23771,Gonorrhea,280.0,Wisconsin,2003.0,Unknown,30-34 years,30-34,2.0,,
23772,Gonorrhea,280.0,Wisconsin,2003.0,Unknown,35-39 years,35-39,2.0,,
23773,Gonorrhea,280.0,Wisconsin,2003.0,Unknown,40+ years,40+,1.0,,
23774,Gonorrhea,280.0,Wisconsin,2004.0,Unknown,15-19 years,15-19,5.0,,
23775,Gonorrhea,280.0,Wisconsin,2004.0,Unknown,20-24 years,20-24,3.0,,
23776,Gonorrhea,280.0,Wisconsin,2004.0,Unknown,25-29 years,25-29,2.0,,
23777,Gonorrhea,280.0,Wisconsin,2004.0,Unknown,30-34 years,30-34,1.0,,
23778,Gonorrhea,280.0,Wisconsin,2004.0,Unknown,35-39 years,35-39,2.0,,
23779,Gonorrhea,280.0,Wisconsin,2005.0,Unknown,15-19 years,15-19,1.0,,
23780,Gonorrhea,280.0,Wisconsin,2005.0,Unknown,20-24 years,20-24,1.0,,
23781,Gonorrhea,280.0,Wisconsin,2005.0,Unknown,25-29 years,25-29,2.0,,
23782,Gonorrhea,280.0,Wisconsin,2005.0,Unknown,30-34 years,30-34,1.0,,
23783,Gonorrhea,280.0,Wisconsin,2006.0,Unknown,15-19 years,15-19,4.0,,
23784,Gonorrhea,280.0,Wisconsin,2006.0,Unknown,20-24 years,20-24,3.0,,
23785,Gonorrhea,280.0,Wisconsin,2006.0,Unknown,25-29 years,25-29,1.0,,
23786,Gonorrhea,280.0,Wisconsin,2006.0,Unknown,35-39 years,35-39,2.0,,
23787,Gonorrhea,280.0,Wisconsin,2007.0,Unknown,15-19 years,15-19,5.0,,
23788,Gonorrhea,280.0,Wisconsin,2007.0,Unknown,20-24 years,20-24,2.0,,
23789,Gonorrhea,280.0,Wisconsin,2007.0,Unknown,25-29 years,25-29,3.0,,
23790,Gonorrhea,280.0,Wisconsin,2007.0,Unknown,30-34 years,30-34,1.0,,
23791,Gonorrhea,280.0,Wisconsin,2007.0,Unknown,35-39 years,35-39,1.0,,
23792,Gonorrhea,280.0,Wisconsin,2007.0,Unknown,40+ years,40+,1.0,,
23793,Gonorrhea,280.0,Wisconsin,2008.0,Unknown,15-19 years,15-19,6.0,,
23794,Gonorrhea,280.0,Wisconsin,2008.0,Unknown,20-24 years,20-24,4.0,,
23795,Gonorrhea,280.0,Wisconsin,2008.0,Unknown,25-29 years,25-29,1.0,,
23796,Gonorrhea,280.0,Wisconsin,2009.0,Unknown,15-19 years,15-19,9.0,,
23797,Gonorrhea,280.0,Wisconsin,2009.0,Unknown,20-24 years,20-24,11.0,,
23798,Gonorrhea,280.0,Wisconsin,2009.0,Unknown,25-29 years,25-29,3.0,,
23799,Gonorrhea,280.0,Wisconsin,2009.0,Unknown,30-34 years,30-34,1.0,,
23800,Gonorrhea,280.0,Wisconsin,2009.0,Unknown,35-39 years,35-39,2.0,,
23801,Gonorrhea,280.0,Wisconsin,2009.0,Unknown,40+ years,40+,1.0,,
23802,Gonorrhea,280.0,Wisconsin,2010.0,Unknown,20-24 years,20-24,1.0,,
23803,Gonorrhea,280.0,Wisconsin,2011.0,Unknown,35-39 years,35-39,1.0,,
23804,Gonorrhea,280.0,Wisconsin,2011.0,Unknown,Unknown,99,1.0,,
23805,Gonorrhea,280.0,Wisconsin,2013.0,Unknown,15-19 years,15-19,1.0,,
23806,Gonorrhea,280.0,Wisconsin,2013.0,Unknown,25-29 years,25-29,1.0,,
23807,Gonorrhea,280.0,Wisconsin,2013.0,Unknown,35-39 years,35-39,1.0,,
23808,Gonorrhea,280.0,Wisconsin,2013.0,Unknown,40+ years,40+,1.0,,
23809,Gonorrhea,280.0,Wisconsin,2014.0,Unknown,15-19 years,15-19,2.0,,
23810,Gonorrhea,280.0,Wisconsin,2014.0,Unknown,20-24 years,20-24,1.0,,
23811,Gonorrhea,280.0,Wisconsin,2014.0,Unknown,25-29 years,25-29,1.0,,
23812,Gonorrhea,280.0,Wisconsin,2014.0,Unknown,40+ years,40+,1.0,,
23813,Primary and Secondary Syphilis,310.0,Arizona,2005.0,Unknown,25-29 years,25-29,1.0,,
23814,Primary and Secondary Syphilis,310.0,Arizona,2006.0,Unknown,20-24 years,20-24,2.0,,
23815,Primary and Secondary Syphilis,310.0,Arizona,2006.0,Unknown,25-29 years,25-29,2.0,,
23816,Primary and Secondary Syphilis,310.0,Arizona,2007.0,Unknown,30-34 years,30-34,2.0,,
23817,Primary and Secondary Syphilis,310.0,Arizona,2009.0,Unknown,25-29 years,25-29,1.0,,
23818,Primary and Secondary Syphilis,310.0,Arizona,2011.0,Unknown,20-24 years,20-24,1.0,,
23819,Primary and Secondary Syphilis,310.0,Arizona,2011.0,Unknown,40+ years,40+,1.0,,
23820,Primary and Secondary Syphilis,310.0,California,2000.0,Unknown,25-29 years,25-29,2.0,,
23821,Primary and Secondary Syphilis,310.0,California,2001.0,Unknown,15-19 years,15-19,1.0,,
23822,Primary and Secondary Syphilis,310.0,California,2001.0,Unknown,25-29 years,25-29,1.0,,
23823,Primary and Secondary Syphilis,310.0,California,2003.0,Unknown,20-24 years,20-24,1.0,,
23824,Primary and Secondary Syphilis,310.0,California,2003.0,Unknown,35-39 years,35-39,1.0,,
23825,Primary and Secondary Syphilis,310.0,California,2004.0,Unknown,25-29 years,25-29,1.0,,
23826,Primary and Secondary Syphilis,310.0,California,2004.0,Unknown,35-39 years,35-39,1.0,,
23827,Primary and Secondary Syphilis,310.0,California,2005.0,Unknown,40+ years,40+,1.0,,
23828,Primary and Secondary Syphilis,310.0,California,2006.0,Unknown,30-34 years,30-34,1.0,,
23829,Primary and Secondary Syphilis,310.0,California,2007.0,Unknown,30-34 years,30-34,1.0,,
23830,Primary and Secondary Syphilis,310.0,California,2007.0,Unknown,40+ years,40+,1.0,,
23831,Primary and Secondary Syphilis,310.0,California,2008.0,Unknown,40+ years,40+,2.0,,
23832,Primary and Secondary Syphilis,310.0,California,2010.0,Unknown,40+ years,40+,1.0,,
23833,Primary and Secondary Syphilis,310.0,California,2011.0,Unknown,25-29 years,25-29,1.0,,
23834,Primary and Secondary Syphilis,310.0,California,2011.0,Unknown,30-34 years,30-34,2.0,,
23835,Primary and Secondary Syphilis,310.0,California,2011.0,Unknown,35-39 years,35-39,2.0,,
23836,Primary and Secondary Syphilis,310.0,California,2011.0,Unknown,40+ years,40+,8.0,,
23837,Primary and Secondary Syphilis,310.0,California,2012.0,Unknown,15-19 years,15-19,1.0,,
23838,Primary and Secondary Syphilis,310.0,California,2012.0,Unknown,20-24 years,20-24,2.0,,
23839,Primary and Secondary Syphilis,310.0,California,2012.0,Unknown,25-29 years,25-29,3.0,,
23840,Primary and Secondary Syphilis,310.0,California,2012.0,Unknown,30-34 years,30-34,3.0,,
23841,Primary and Secondary Syphilis,310.0,California,2012.0,Unknown,40+ years,40+,5.0,,
23842,Primary and Secondary Syphilis,310.0,California,2013.0,Unknown,25-29 years,25-29,1.0,,
23843,Primary and Secondary Syphilis,310.0,California,2013.0,Unknown,35-39 years,35-39,1.0,,
23844,Primary and Secondary Syphilis,310.0,California,2013.0,Unknown,40+ years,40+,1.0,,
23845,Primary and Secondary Syphilis,310.0,California,2014.0,Unknown,25-29 years,25-29,1.0,,
23846,Primary and Secondary Syphilis,310.0,California,2014.0,Unknown,40+ years,40+,1.0,,
23847,Primary and Secondary Syphilis,310.0,District of Columbia,2014.0,Unknown,25-29 years,25-29,2.0,,
23848,Primary and Secondary Syphilis,310.0,District of Columbia,2014.0,Unknown,30-34 years,30-34,2.0,,
23849,Primary and Secondary Syphilis,310.0,District of Columbia,2014.0,Unknown,40+ years,40+,1.0,,
23850,Primary and Secondary Syphilis,310.0,Florida,1999.0,Unknown,Unknown,99,1.0,,
23851,Primary and Secondary Syphilis,310.0,Florida,2008.0,Unknown,25-29 years,25-29,1.0,,
23852,Primary and Secondary Syphilis,310.0,Florida,2014.0,Unknown,20-24 years,20-24,1.0,,
23853,Primary and Secondary Syphilis,310.0,Georgia,2002.0,Unknown,Unknown,99,1.0,,
23854,Primary and Secondary Syphilis,310.0,Georgia,2007.0,Unknown,25-29 years,25-29,1.0,,
23855,Primary and Secondary Syphilis,310.0,Georgia,2012.0,Unknown,15-19 years,15-19,1.0,,
23856,Primary and Secondary Syphilis,310.0,Illinois,2013.0,Unknown,25-29 years,25-29,1.0,,
23857,Primary and Secondary Syphilis,310.0,Iowa,2004.0,Unknown,40+ years,40+,1.0,,
23858,Primary and Secondary Syphilis,310.0,Kentucky,2003.0,Unknown,30-34 years,30-34,1.0,,
23859,Primary and Secondary Syphilis,310.0,Louisiana,2010.0,Unknown,15-19 years,15-19,1.0,,
23860,Primary and Secondary Syphilis,310.0,Louisiana,2010.0,Unknown,20-24 years,20-24,4.0,,
23861,Primary and Secondary Syphilis,310.0,Louisiana,2010.0,Unknown,25-29 years,25-29,2.0,,
23862,Primary and Secondary Syphilis,310.0,Louisiana,2010.0,Unknown,35-39 years,35-39,1.0,,
23863,Primary and Secondary Syphilis,310.0,Louisiana,2010.0,Unknown,40+ years,40+,3.0,,
23864,Primary and Secondary Syphilis,310.0,Massachusetts,2003.0,Unknown,40+ years,40+,1.0,,
23865,Primary and Secondary Syphilis,310.0,Massachusetts,2014.0,Unknown,40+ years,40+,1.0,,
23866,Primary and Secondary Syphilis,310.0,Minnesota,2013.0,Unknown,25-29 years,25-29,3.0,,
23867,Primary and Secondary Syphilis,310.0,Minnesota,2014.0,Unknown,20-24 years,20-24,1.0,,
23868,Primary and Secondary Syphilis,310.0,New York,2011.0,Unknown,20-24 years,20-24,1.0,,
23869,Primary and Secondary Syphilis,310.0,New York,2012.0,Unknown,20-24 years,20-24,1.0,,
23870,Primary and Secondary Syphilis,310.0,New York,2012.0,Unknown,25-29 years,25-29,1.0,,
23871,Primary and Secondary Syphilis,310.0,New York,2012.0,Unknown,30-34 years,30-34,1.0,,
23872,Primary and Secondary Syphilis,310.0,New York,2012.0,Unknown,40+ years,40+,1.0,,
23873,Primary and Secondary Syphilis,310.0,New York,2013.0,Unknown,20-24 years,20-24,3.0,,
23874,Primary and Secondary Syphilis,310.0,New York,2013.0,Unknown,25-29 years,25-29,1.0,,
23875,Primary and Secondary Syphilis,310.0,New York,2013.0,Unknown,30-34 years,30-34,3.0,,
23876,Primary and Secondary Syphilis,310.0,New York,2014.0,Unknown,25-29 years,25-29,1.0,,
23877,Primary and Secondary Syphilis,310.0,New York,2014.0,Unknown,30-34 years,30-34,2.0,,
23878,Primary and Secondary Syphilis,310.0,Texas,1999.0,Unknown,35-39 years,35-39,2.0,,
23879,Primary and Secondary Syphilis,310.0,Texas,2010.0,Unknown,15-19 years,15-19,1.0,,
23880,,,,,,,,,,
23881,,,,,,,,,,
23882,,,,,,,,,,
23883,,,,,,,,,,
23884,,,,,,,,,,
23885,,,,,,,,,,
23886,,,,,,,,,,
23887,,,,,,,,,,
23888,,,,,,,,,,
23889,,,,,,,,,,
23890,,,,,,,,,,
23891,,,,,,,,,,
23892,,,,,,,,,,
23893,,,,,,,,,,
23894,,,,,,,,,,
23895,,,,,,,,,,
23896,,,,,,,,,,
23897,,,,,,,,,,
23898,,,,,,,,,,
23899,,,,,,,,,,
23900,,,,,,,,,,
23901,,,,,,,,,,
23902,,,,,,,,,,
23903,,,,,,,,,,
23904,,,,,,,,,,
23905,,,,,,,,,,
23906,,,,,,,,,,
23907,,,,,,,,,,
23908,,,,,,,,,,
23909,,,,,,,,,,
23910,,,,,,,,,,
23911,,,,,,,,,,
23912,,,,,,,,,,
23913,,,,,,,,,,
23914,,,,,,,,,,
23915,,,,,,,,,,
23916,,,,,,,,,,
23917,,,,,,,,,,
23918,,,,,,,,,,
23919,,,,,,,,,,
23920,,,,,,,,,,
23921,,,,,,,,,,
23922,,,,,,,,,,
23923,,,,,,,,,,
23924,,,,,,,,,,
23925,,,,,,,,,,
23926,,,,,,,,,,
23927,,,,,,,,,,
23928,,,,,,,,,,
23929,,,,,,,,,,
23930,Chlamydia,274.0,Alabama,1996.0,Female,0-14 years,0-14,261.0,446376.0,58.47
23931,Chlamydia,274.0,Alabama,1996.0,Female,15-19 years,15-19,3217.0,160943.0,1998.84
23932,Chlamydia,274.0,Alabama,1996.0,Female,20-24 years,20-24,2548.0,156405.0,1629.1
23933,Chlamydia,274.0,Alabama,1996.0,Female,25-29 years,25-29,808.0,156680.0,515.7
23934,Chlamydia,274.0,Alabama,1996.0,Female,30-34 years,30-34,254.0,161922.0,156.87
23935,Chlamydia,274.0,Alabama,1996.0,Female,35-39 years,35-39,135.0,176144.0,76.64
23936,Chlamydia,274.0,Alabama,1996.0,Female,40+ years,40+,100.0,988753.0,10.11
23937,Chlamydia,274.0,Alabama,1996.0,Female,Unknown,99,298.0,,
23938,Chlamydia,274.0,Alabama,1997.0,Female,0-14 years,0-14,245.0,450606.0,54.37
23939,Chlamydia,274.0,Alabama,1997.0,Female,15-19 years,15-19,3481.0,162192.0,2146.22
23940,Chlamydia,274.0,Alabama,1997.0,Female,20-24 years,20-24,2817.0,154168.0,1827.23
23941,Chlamydia,274.0,Alabama,1997.0,Female,25-29 years,25-29,844.0,158086.0,533.89
23942,Chlamydia,274.0,Alabama,1997.0,Female,30-34 years,30-34,244.0,157694.0,154.73
23943,Chlamydia,274.0,Alabama,1997.0,Female,35-39 years,35-39,80.0,175456.0,45.6
23944,Chlamydia,274.0,Alabama,1997.0,Female,40+ years,40+,246.0,1006608.0,24.44
23945,Chlamydia,274.0,Alabama,1998.0,Female,0-14 years,0-14,298.0,449745.0,66.26
23946,Chlamydia,274.0,Alabama,1998.0,Female,15-19 years,15-19,4093.0,162688.0,2515.86
23947,Chlamydia,274.0,Alabama,1998.0,Female,20-24 years,20-24,3294.0,154610.0,2130.52
23948,Chlamydia,274.0,Alabama,1998.0,Female,25-29 years,25-29,913.0,158147.0,577.31
23949,Chlamydia,274.0,Alabama,1998.0,Female,30-34 years,30-34,258.0,155065.0,166.38
23950,Chlamydia,274.0,Alabama,1998.0,Female,35-39 years,35-39,109.0,175869.0,61.98
23951,Chlamydia,274.0,Alabama,1998.0,Female,40+ years,40+,232.0,1025742.0,22.62
23952,Chlamydia,274.0,Alabama,1999.0,Female,0-14 years,0-14,326.0,452586.0,72.03
23953,Chlamydia,274.0,Alabama,1999.0,Female,15-19 years,15-19,4972.0,161690.0,3075.02
23954,Chlamydia,274.0,Alabama,1999.0,Female,20-24 years,20-24,4317.0,154634.0,2791.75
23955,Chlamydia,274.0,Alabama,1999.0,Female,25-29 years,25-29,1151.0,155151.0,741.86
23956,Chlamydia,274.0,Alabama,1999.0,Female,30-34 years,30-34,377.0,153099.0,246.25
23957,Chlamydia,274.0,Alabama,1999.0,Female,35-39 years,35-39,130.0,175011.0,74.28
23958,Chlamydia,274.0,Alabama,1999.0,Female,40+ years,40+,157.0,1041088.0,15.08
23959,Chlamydia,274.0,Alabama,1999.0,Female,Unknown,99,94.0,,
23960,Chlamydia,274.0,Alabama,2000.0,Female,0-14 years,0-14,376.0,448616.0,83.81
23961,Chlamydia,274.0,Alabama,2000.0,Female,15-19 years,15-19,5683.0,159102.0,3571.92
23962,Chlamydia,274.0,Alabama,2000.0,Female,20-24 years,20-24,5253.0,157040.0,3345.01
23963,Chlamydia,274.0,Alabama,2000.0,Female,25-29 years,25-29,1463.0,151271.0,967.14
23964,Chlamydia,274.0,Alabama,2000.0,Female,30-34 years,30-34,489.0,154221.0,317.08
23965,Chlamydia,274.0,Alabama,2000.0,Female,35-39 years,35-39,189.0,173382.0,109.01
23966,Chlamydia,274.0,Alabama,2000.0,Female,40+ years,40+,151.0,1059451.0,14.25
23967,Chlamydia,274.0,Alabama,2000.0,Female,Unknown,99,142.0,,
23968,Chlamydia,274.0,Alabama,2001.0,Female,0-14 years,0-14,341.0,449742.0,75.82
23969,Chlamydia,274.0,Alabama,2001.0,Female,15-19 years,15-19,5456.0,156153.0,3494.01
23970,Chlamydia,274.0,Alabama,2001.0,Female,20-24 years,20-24,5187.0,160821.0,3225.33
23971,Chlamydia,274.0,Alabama,2001.0,Female,25-29 years,25-29,1425.0,147850.0,963.82
23972,Chlamydia,274.0,Alabama,2001.0,Female,30-34 years,30-34,510.0,154662.0,329.75
23973,Chlamydia,274.0,Alabama,2001.0,Female,35-39 years,35-39,187.0,169253.0,110.48
23974,Chlamydia,274.0,Alabama,2001.0,Female,40+ years,40+,190.0,1071378.0,17.73
23975,Chlamydia,274.0,Alabama,2001.0,Female,Unknown,99,79.0,,
23976,Chlamydia,274.0,Alabama,2002.0,Female,0-14 years,0-14,382.0,447752.0,85.32
23977,Chlamydia,274.0,Alabama,2002.0,Female,15-19 years,15-19,5781.0,154592.0,3739.52
23978,Chlamydia,274.0,Alabama,2002.0,Female,20-24 years,20-24,5308.0,163924.0,3238.09
23979,Chlamydia,274.0,Alabama,2002.0,Female,25-29 years,25-29,1563.0,147338.0,1060.83
23980,Chlamydia,274.0,Alabama,2002.0,Female,30-34 years,30-34,495.0,156261.0,316.78
23981,Chlamydia,274.0,Alabama,2002.0,Female,35-39 years,35-39,199.0,164738.0,120.8
23982,Chlamydia,274.0,Alabama,2002.0,Female,40+ years,40+,157.0,1082768.0,14.5
23983,Chlamydia,274.0,Alabama,2002.0,Female,Unknown,99,103.0,,
23984,Chlamydia,274.0,Alabama,2003.0,Female,0-14 years,0-14,353.0,448258.0,78.75
23985,Chlamydia,274.0,Alabama,2003.0,Female,15-19 years,15-19,5266.0,154584.0,3406.56
23986,Chlamydia,274.0,Alabama,2003.0,Female,20-24 years,20-24,5017.0,162941.0,3079.03
23987,Chlamydia,274.0,Alabama,2003.0,Female,25-29 years,25-29,1425.0,147224.0,967.91
23988,Chlamydia,274.0,Alabama,2003.0,Female,30-34 years,30-34,504.0,153010.0,329.39
23989,Chlamydia,274.0,Alabama,2003.0,Female,35-39 years,35-39,163.0,158679.0,102.72
23990,Chlamydia,274.0,Alabama,2003.0,Female,40+ years,40+,151.0,1096892.0,13.77
23991,Chlamydia,274.0,Alabama,2003.0,Female,Unknown,99,98.0,,
23992,Chlamydia,274.0,Alabama,2004.0,Female,0-14 years,0-14,284.0,441942.0,64.26
23993,Chlamydia,274.0,Alabama,2004.0,Female,15-19 years,15-19,4651.0,154962.0,3001.38
23994,Chlamydia,274.0,Alabama,2004.0,Female,20-24 years,20-24,4571.0,162408.0,2814.52
23995,Chlamydia,274.0,Alabama,2004.0,Female,25-29 years,25-29,1356.0,151240.0,896.59
23996,Chlamydia,274.0,Alabama,2004.0,Female,30-34 years,30-34,443.0,152792.0,289.94
23997,Chlamydia,274.0,Alabama,2004.0,Female,35-39 years,35-39,156.0,155625.0,100.24
23998,Chlamydia,274.0,Alabama,2004.0,Female,40+ years,40+,138.0,1115005.0,12.38
23999,Chlamydia,274.0,Alabama,2004.0,Female,Unknown,99,86.0,,
24000,Chlamydia,274.0,Alabama,2005.0,Female,0-14 years,0-14,323.0,438135.0,73.72
24001,Chlamydia,274.0,Alabama,2005.0,Female,15-19 years,15-19,5594.0,156226.0,3580.71
24002,Chlamydia,274.0,Alabama,2005.0,Female,20-24 years,20-24,5563.0,159962.0,3477.7
24003,Chlamydia,274.0,Alabama,2005.0,Female,25-29 years,25-29,1922.0,155782.0,1233.78
24004,Chlamydia,274.0,Alabama,2005.0,Female,30-34 years,30-34,637.0,150221.0,424.04
24005,Chlamydia,274.0,Alabama,2005.0,Female,35-39 years,35-39,208.0,154608.0,134.53
24006,Chlamydia,274.0,Alabama,2005.0,Female,40+ years,40+,199.0,1131212.0,17.59
24007,Chlamydia,274.0,Alabama,2005.0,Female,Unknown,99,86.0,,
24008,Chlamydia,274.0,Alabama,2006.0,Female,0-14 years,0-14,406.0,447461.0,90.73
24009,Chlamydia,274.0,Alabama,2006.0,Female,15-19 years,15-19,7151.0,159480.0,4483.95
24010,Chlamydia,274.0,Alabama,2006.0,Female,20-24 years,20-24,6709.0,158533.0,4231.93
24011,Chlamydia,274.0,Alabama,2006.0,Female,25-29 years,25-29,2314.0,156727.0,1476.45
24012,Chlamydia,274.0,Alabama,2006.0,Female,30-34 years,30-34,741.0,144988.0,511.08
24013,Chlamydia,274.0,Alabama,2006.0,Female,35-39 years,35-39,258.0,154635.0,166.84
24014,Chlamydia,274.0,Alabama,2006.0,Female,40+ years,40+,251.0,1147737.0,21.87
24015,Chlamydia,274.0,Alabama,2006.0,Female,Unknown,99,85.0,,
24016,Chlamydia,274.0,Alabama,2007.0,Female,0-14 years,0-14,387.0,452446.0,85.54
24017,Chlamydia,274.0,Alabama,2007.0,Female,15-19 years,15-19,7490.0,160711.0,4660.54
24018,Chlamydia,274.0,Alabama,2007.0,Female,20-24 years,20-24,7146.0,158899.0,4497.2
24019,Chlamydia,274.0,Alabama,2007.0,Female,25-29 years,25-29,2594.0,159303.0,1628.34
24020,Chlamydia,274.0,Alabama,2007.0,Female,30-34 years,30-34,890.0,143886.0,618.54
24021,Chlamydia,274.0,Alabama,2007.0,Female,35-39 years,35-39,329.0,155387.0,211.73
24022,Chlamydia,274.0,Alabama,2007.0,Female,40+ years,40+,301.0,1155094.0,26.06
24023,Chlamydia,274.0,Alabama,2007.0,Female,Unknown,99,49.0,,
24024,Chlamydia,274.0,Alabama,2008.0,Female,0-14 years,0-14,446.0,452432.0,98.58
24025,Chlamydia,274.0,Alabama,2008.0,Female,15-19 years,15-19,7604.0,161617.0,4704.95
24026,Chlamydia,274.0,Alabama,2008.0,Female,20-24 years,20-24,6825.0,158935.0,4294.21
24027,Chlamydia,274.0,Alabama,2008.0,Female,25-29 years,25-29,2429.0,159769.0,1520.32
24028,Chlamydia,274.0,Alabama,2008.0,Female,30-34 years,30-34,820.0,144883.0,565.97
24029,Chlamydia,274.0,Alabama,2008.0,Female,35-39 years,35-39,301.0,156054.0,192.88
24030,Chlamydia,274.0,Alabama,2008.0,Female,40+ years,40+,289.0,1170123.0,24.7
24031,Chlamydia,274.0,Alabama,2008.0,Female,Unknown,99,30.0,,
24032,Chlamydia,274.0,Alabama,2009.0,Female,0-14 years,0-14,381.0,457384.0,83.3
24033,Chlamydia,274.0,Alabama,2009.0,Female,15-19 years,15-19,7924.0,161876.0,4895.1
24034,Chlamydia,274.0,Alabama,2009.0,Female,20-24 years,20-24,7152.0,163928.0,4362.89
24035,Chlamydia,274.0,Alabama,2009.0,Female,25-29 years,25-29,2515.0,162557.0,1547.15
24036,Chlamydia,274.0,Alabama,2009.0,Female,30-34 years,30-34,863.0,148949.0,579.39
24037,Chlamydia,274.0,Alabama,2009.0,Female,35-39 years,35-39,283.0,155874.0,181.56
24038,Chlamydia,274.0,Alabama,2009.0,Female,40+ years,40+,259.0,1176528.0,22.01
24039,Chlamydia,274.0,Alabama,2009.0,Female,Unknown,99,36.0,,
24040,Chlamydia,274.0,Alabama,2010.0,Female,0-14 years,0-14,362.0,456819.0,79.24
24041,Chlamydia,274.0,Alabama,2010.0,Female,15-19 years,15-19,8056.0,168320.0,4786.12
24042,Chlamydia,274.0,Alabama,2010.0,Female,20-24 years,20-24,7500.0,167802.0,4469.55
24043,Chlamydia,274.0,Alabama,2010.0,Female,25-29 years,25-29,2516.0,157318.0,1599.31
24044,Chlamydia,274.0,Alabama,2010.0,Female,30-34 years,30-34,950.0,151464.0,627.21
24045,Chlamydia,274.0,Alabama,2010.0,Female,35-39 years,35-39,323.0,157352.0,205.27
24046,Chlamydia,274.0,Alabama,2010.0,Female,40+ years,40+,281.0,1200473.0,23.41
24047,Chlamydia,274.0,Alabama,2010.0,Female,Unknown,99,42.0,,
24048,Chlamydia,274.0,Alabama,2011.0,Female,0-14 years,0-14,430.0,455910.0,94.32
24049,Chlamydia,274.0,Alabama,2011.0,Female,15-19 years,15-19,8411.0,163082.0,5157.53
24050,Chlamydia,274.0,Alabama,2011.0,Female,20-24 years,20-24,8094.0,174254.0,4644.94
24051,Chlamydia,274.0,Alabama,2011.0,Female,25-29 years,25-29,2702.0,157023.0,1720.77
24052,Chlamydia,274.0,Alabama,2011.0,Female,30-34 years,30-34,1003.0,154895.0,647.53
24053,Chlamydia,274.0,Alabama,2011.0,Female,35-39 years,35-39,324.0,151554.0,213.78
24054,Chlamydia,274.0,Alabama,2011.0,Female,40+ years,40+,226.0,1216531.0,18.58
24055,Chlamydia,274.0,Alabama,2011.0,Female,Unknown,99,27.0,,
24056,Chlamydia,274.0,Alabama,2012.0,Female,0-14 years,0-14,350.0,457018.0,76.58
24057,Chlamydia,274.0,Alabama,2012.0,Female,15-19 years,15-19,8454.0,158223.0,5343.09
24058,Chlamydia,274.0,Alabama,2012.0,Female,20-24 years,20-24,8684.0,176721.0,4913.96
24059,Chlamydia,274.0,Alabama,2012.0,Female,25-29 years,25-29,2860.0,157071.0,1820.83
24060,Chlamydia,274.0,Alabama,2012.0,Female,30-34 years,30-34,1025.0,156557.0,654.71
24061,Chlamydia,274.0,Alabama,2012.0,Female,35-39 years,35-39,379.0,149864.0,252.9
24062,Chlamydia,274.0,Alabama,2012.0,Female,40+ years,40+,322.0,1228012.0,26.22
24063,Chlamydia,274.0,Alabama,2012.0,Female,Unknown,99,25.0,,
24064,Chlamydia,274.0,Alabama,2013.0,Female,0-14 years,0-14,304.0,451176.0,67.38
24065,Chlamydia,274.0,Alabama,2013.0,Female,15-19 years,15-19,7665.0,157099.0,4879.09
24066,Chlamydia,274.0,Alabama,2013.0,Female,20-24 years,20-24,8641.0,176886.0,4885.07
24067,Chlamydia,274.0,Alabama,2013.0,Female,25-29 years,25-29,2742.0,157896.0,1736.59
24068,Chlamydia,274.0,Alabama,2013.0,Female,30-34 years,30-34,1021.0,157079.0,649.99
24069,Chlamydia,274.0,Alabama,2013.0,Female,35-39 years,35-39,402.0,149455.0,268.98
24070,Chlamydia,274.0,Alabama,2013.0,Female,40+ years,40+,275.0,1238784.0,22.2
24071,Chlamydia,274.0,Alabama,2013.0,Female,Unknown,99,46.0,,
24072,Chlamydia,274.0,Alabama,2014.0,Female,0-14 years,0-14,280.0,451176.0,62.06
24073,Chlamydia,274.0,Alabama,2014.0,Female,15-19 years,15-19,7147.0,157099.0,4549.36
24074,Chlamydia,274.0,Alabama,2014.0,Female,20-24 years,20-24,8486.0,176886.0,4797.44
24075,Chlamydia,274.0,Alabama,2014.0,Female,25-29 years,25-29,2886.0,157896.0,1827.79
24076,Chlamydia,274.0,Alabama,2014.0,Female,30-34 years,30-34,1082.0,157079.0,688.83
24077,Chlamydia,274.0,Alabama,2014.0,Female,35-39 years,35-39,431.0,149455.0,288.38
24078,Chlamydia,274.0,Alabama,2014.0,Female,40+ years,40+,302.0,1238784.0,24.38
24079,Chlamydia,274.0,Alabama,2014.0,Female,Unknown,99,5.0,,
24080,Chlamydia,274.0,Alaska,1996.0,Female,0-14 years,0-14,27.0,76025.0,35.51
24081,Chlamydia,274.0,Alaska,1996.0,Female,15-19 years,15-19,452.0,21581.0,2094.43
24082,Chlamydia,274.0,Alaska,1996.0,Female,20-24 years,20-24,284.0,17767.0,1598.47
24083,Chlamydia,274.0,Alaska,1996.0,Female,25-29 years,25-29,107.0,18759.0,570.39
24084,Chlamydia,274.0,Alaska,1996.0,Female,30-34 years,30-34,59.0,28087.0,210.06
24085,Chlamydia,274.0,Alaska,1996.0,Female,35-39 years,35-39,31.0,30034.0,103.22
24086,Chlamydia,274.0,Alaska,1996.0,Female,40+ years,40+,34.0,99702.0,34.1
24087,Chlamydia,274.0,Alaska,1996.0,Female,Unknown,99,33.0,,
24088,Chlamydia,274.0,Alaska,1997.0,Female,0-14 years,0-14,36.0,76770.0,46.89
24089,Chlamydia,274.0,Alaska,1997.0,Female,15-19 years,15-19,519.0,22313.0,2326.0
24090,Chlamydia,274.0,Alaska,1997.0,Female,20-24 years,20-24,416.0,18060.0,2303.43
24091,Chlamydia,274.0,Alaska,1997.0,Female,25-29 years,25-29,157.0,18543.0,846.68
24092,Chlamydia,274.0,Alaska,1997.0,Female,30-34 years,30-34,78.0,26446.0,294.94
24093,Chlamydia,274.0,Alaska,1997.0,Female,35-39 years,35-39,40.0,29408.0,136.02
24094,Chlamydia,274.0,Alaska,1997.0,Female,40+ years,40+,22.0,103272.0,21.3
24095,Chlamydia,274.0,Alaska,1997.0,Female,Unknown,99,23.0,,
24096,Chlamydia,274.0,Alaska,1998.0,Female,0-14 years,0-14,29.0,78237.0,37.07
24097,Chlamydia,274.0,Alaska,1998.0,Female,15-19 years,15-19,614.0,23174.0,2649.52
24098,Chlamydia,274.0,Alaska,1998.0,Female,20-24 years,20-24,493.0,18124.0,2720.15
24099,Chlamydia,274.0,Alaska,1998.0,Female,25-29 years,25-29,183.0,19159.0,955.16
24100,Chlamydia,274.0,Alaska,1998.0,Female,30-34 years,30-34,87.0,24622.0,353.34
24101,Chlamydia,274.0,Alaska,1998.0,Female,35-39 years,35-39,34.0,28682.0,118.54
24102,Chlamydia,274.0,Alaska,1998.0,Female,40+ years,40+,31.0,106511.0,29.11
24103,Chlamydia,274.0,Alaska,1998.0,Female,Unknown,99,8.0,,
24104,Chlamydia,274.0,Alaska,1999.0,Female,0-14 years,0-14,31.0,77413.0,40.05
24105,Chlamydia,274.0,Alaska,1999.0,Female,15-19 years,15-19,609.0,23567.0,2584.12
24106,Chlamydia,274.0,Alaska,1999.0,Female,20-24 years,20-24,461.0,18485.0,2493.91
24107,Chlamydia,274.0,Alaska,1999.0,Female,25-29 years,25-29,196.0,20053.0,977.41
24108,Chlamydia,274.0,Alaska,1999.0,Female,30-34 years,30-34,87.0,23259.0,374.05
24109,Chlamydia,274.0,Alaska,1999.0,Female,35-39 years,35-39,38.0,28001.0,135.71
24110,Chlamydia,274.0,Alaska,1999.0,Female,40+ years,40+,33.0,110488.0,29.87
24111,Chlamydia,274.0,Alaska,1999.0,Female,Unknown,99,1.0,,
24112,Chlamydia,274.0,Alaska,2000.0,Female,0-14 years,0-14,24.0,76604.0,31.33
24113,Chlamydia,274.0,Alaska,2000.0,Female,15-19 years,15-19,757.0,24148.0,3134.84
24114,Chlamydia,274.0,Alaska,2000.0,Female,20-24 years,20-24,636.0,18802.0,3382.62
24115,Chlamydia,274.0,Alaska,2000.0,Female,25-29 years,25-29,235.0,20536.0,1144.33
24116,Chlamydia,274.0,Alaska,2000.0,Female,30-34 years,30-34,104.0,22263.0,467.14
24117,Chlamydia,274.0,Alaska,2000.0,Female,35-39 years,35-39,50.0,26806.0,186.53
24118,Chlamydia,274.0,Alaska,2000.0,Female,40+ years,40+,56.0,113950.0,49.14
24119,Chlamydia,274.0,Alaska,2000.0,Female,Unknown,99,1.0,,
24120,Chlamydia,274.0,Alaska,2001.0,Female,0-14 years,0-14,37.0,76331.0,48.47
24121,Chlamydia,274.0,Alaska,2001.0,Female,15-19 years,15-19,823.0,25761.0,3194.75
24122,Chlamydia,274.0,Alaska,2001.0,Female,20-24 years,20-24,627.0,19023.0,3296.01
24123,Chlamydia,274.0,Alaska,2001.0,Female,25-29 years,25-29,247.0,19767.0,1249.56
24124,Chlamydia,274.0,Alaska,2001.0,Female,30-34 years,30-34,112.0,21972.0,509.74
24125,Chlamydia,274.0,Alaska,2001.0,Female,35-39 years,35-39,72.0,25487.0,282.5
24126,Chlamydia,274.0,Alaska,2001.0,Female,40+ years,40+,61.0,117828.0,51.77
24127,Chlamydia,274.0,Alaska,2001.0,Female,Unknown,99,2.0,,
24128,Chlamydia,274.0,Alaska,2002.0,Female,0-14 years,0-14,53.0,76746.0,69.06
24129,Chlamydia,274.0,Alaska,2002.0,Female,15-19 years,15-19,998.0,27019.0,3693.7
24130,Chlamydia,274.0,Alaska,2002.0,Female,20-24 years,20-24,904.0,16403.0,5511.19
24131,Chlamydia,274.0,Alaska,2002.0,Female,25-29 years,25-29,303.0,17909.0,1691.89
24132,Chlamydia,274.0,Alaska,2002.0,Female,30-34 years,30-34,139.0,21154.0,657.09
24133,Chlamydia,274.0,Alaska,2002.0,Female,35-39 years,35-39,82.0,23960.0,342.24
24134,Chlamydia,274.0,Alaska,2002.0,Female,40+ years,40+,97.0,127474.0,76.09
24135,Chlamydia,274.0,Alaska,2003.0,Female,0-14 years,0-14,45.0,75438.0,59.65
24136,Chlamydia,274.0,Alaska,2003.0,Female,15-19 years,15-19,1051.0,27255.0,3856.17
24137,Chlamydia,274.0,Alaska,2003.0,Female,20-24 years,20-24,965.0,21031.0,4588.46
24138,Chlamydia,274.0,Alaska,2003.0,Female,25-29 years,25-29,328.0,18580.0,1765.34
24139,Chlamydia,274.0,Alaska,2003.0,Female,30-34 years,30-34,134.0,21293.0,629.32
24140,Chlamydia,274.0,Alaska,2003.0,Female,35-39 years,35-39,65.0,23321.0,278.72
24141,Chlamydia,274.0,Alaska,2003.0,Female,40+ years,40+,77.0,126621.0,60.81
24142,Chlamydia,274.0,Alaska,2004.0,Female,0-14 years,0-14,42.0,74856.0,56.11
24143,Chlamydia,274.0,Alaska,2004.0,Female,15-19 years,15-19,1014.0,27555.0,3679.91
24144,Chlamydia,274.0,Alaska,2004.0,Female,20-24 years,20-24,976.0,22533.0,4331.43
24145,Chlamydia,274.0,Alaska,2004.0,Female,25-29 years,25-29,385.0,18160.0,2120.04
24146,Chlamydia,274.0,Alaska,2004.0,Female,30-34 years,30-34,123.0,20870.0,589.36
24147,Chlamydia,274.0,Alaska,2004.0,Female,35-39 years,35-39,60.0,22565.0,265.9
24148,Chlamydia,274.0,Alaska,2004.0,Female,40+ years,40+,71.0,129986.0,54.62
24149,Chlamydia,274.0,Alaska,2005.0,Female,0-14 years,0-14,43.0,74421.0,57.78
24150,Chlamydia,274.0,Alaska,2005.0,Female,15-19 years,15-19,1085.0,27818.0,3900.35
24151,Chlamydia,274.0,Alaska,2005.0,Female,20-24 years,20-24,1078.0,23981.0,4495.23
24152,Chlamydia,274.0,Alaska,2005.0,Female,25-29 years,25-29,387.0,17992.0,2150.96
24153,Chlamydia,274.0,Alaska,2005.0,Female,30-34 years,30-34,169.0,20322.0,831.61
24154,Chlamydia,274.0,Alaska,2005.0,Female,35-39 years,35-39,68.0,22070.0,308.11
24155,Chlamydia,274.0,Alaska,2005.0,Female,40+ years,40+,78.0,133875.0,58.26
24156,Chlamydia,274.0,Alaska,2006.0,Female,0-14 years,0-14,33.0,71432.0,46.2
24157,Chlamydia,274.0,Alaska,2006.0,Female,15-19 years,15-19,1105.0,24877.0,4441.85
24158,Chlamydia,274.0,Alaska,2006.0,Female,20-24 years,20-24,1067.0,23375.0,4564.71
24159,Chlamydia,274.0,Alaska,2006.0,Female,25-29 years,25-29,459.0,25110.0,1827.96
24160,Chlamydia,274.0,Alaska,2006.0,Female,30-34 years,30-34,189.0,21951.0,861.01
24161,Chlamydia,274.0,Alaska,2006.0,Female,35-39 years,35-39,98.0,22844.0,429.0
24162,Chlamydia,274.0,Alaska,2006.0,Female,40+ years,40+,116.0,134053.0,86.53
24163,Chlamydia,274.0,Alaska,2007.0,Female,0-14 years,0-14,34.0,72005.0,47.22
24164,Chlamydia,274.0,Alaska,2007.0,Female,15-19 years,15-19,1141.0,24985.0,4566.74
24165,Chlamydia,274.0,Alaska,2007.0,Female,20-24 years,20-24,1168.0,23194.0,5035.79
24166,Chlamydia,274.0,Alaska,2007.0,Female,25-29 years,25-29,527.0,25685.0,2051.78
24167,Chlamydia,274.0,Alaska,2007.0,Female,30-34 years,30-34,226.0,21939.0,1030.13
24168,Chlamydia,274.0,Alaska,2007.0,Female,35-39 years,35-39,102.0,22913.0,445.16
24169,Chlamydia,274.0,Alaska,2007.0,Female,40+ years,40+,97.0,137917.0,70.33
24170,Chlamydia,274.0,Alaska,2008.0,Female,0-14 years,0-14,30.0,71875.0,41.74
24171,Chlamydia,274.0,Alaska,2008.0,Female,15-19 years,15-19,1081.0,24243.0,4459.02
24172,Chlamydia,274.0,Alaska,2008.0,Female,20-24 years,20-24,1215.0,22983.0,5286.52
24173,Chlamydia,274.0,Alaska,2008.0,Female,25-29 years,25-29,519.0,26277.0,1975.11
24174,Chlamydia,274.0,Alaska,2008.0,Female,30-34 years,30-34,191.0,22046.0,866.37
24175,Chlamydia,274.0,Alaska,2008.0,Female,35-39 years,35-39,97.0,22625.0,428.73
24176,Chlamydia,274.0,Alaska,2008.0,Female,40+ years,40+,120.0,138637.0,86.56
24177,Chlamydia,274.0,Alaska,2009.0,Female,0-14 years,0-14,31.0,73913.0,41.94
24178,Chlamydia,274.0,Alaska,2009.0,Female,15-19 years,15-19,1138.0,24833.0,4582.61
24179,Chlamydia,274.0,Alaska,2009.0,Female,20-24 years,20-24,1279.0,26046.0,4910.54
24180,Chlamydia,274.0,Alaska,2009.0,Female,25-29 years,25-29,514.0,27166.0,1892.07
24181,Chlamydia,274.0,Alaska,2009.0,Female,30-34 years,30-34,208.0,22308.0,932.4
24182,Chlamydia,274.0,Alaska,2009.0,Female,35-39 years,35-39,92.0,21905.0,420.0
24183,Chlamydia,274.0,Alaska,2009.0,Female,40+ years,40+,101.0,140077.0,72.1
24184,Chlamydia,274.0,Alaska,2009.0,Female,Unknown,99,1.0,,
24185,Chlamydia,274.0,Alaska,2010.0,Female,0-14 years,0-14,34.0,75618.0,44.96
24186,Chlamydia,274.0,Alaska,2010.0,Female,15-19 years,15-19,1299.0,24962.0,5203.91
24187,Chlamydia,274.0,Alaska,2010.0,Female,20-24 years,20-24,1536.0,24713.0,6215.35
24188,Chlamydia,274.0,Alaska,2010.0,Female,25-29 years,25-29,621.0,26112.0,2378.22
24189,Chlamydia,274.0,Alaska,2010.0,Female,30-34 years,30-34,240.0,22845.0,1050.56
24190,Chlamydia,274.0,Alaska,2010.0,Female,35-39 years,35-39,100.0,22102.0,452.45
24191,Chlamydia,274.0,Alaska,2010.0,Female,40+ years,40+,130.0,144251.0,90.12
24192,Chlamydia,274.0,Alaska,2011.0,Female,0-14 years,0-14,40.0,76396.0,52.36
24193,Chlamydia,274.0,Alaska,2011.0,Female,15-19 years,15-19,1259.0,24340.0,5172.56
24194,Chlamydia,274.0,Alaska,2011.0,Female,20-24 years,20-24,1425.0,25852.0,5512.15
24195,Chlamydia,274.0,Alaska,2011.0,Female,25-29 years,25-29,605.0,27263.0,2219.12
24196,Chlamydia,274.0,Alaska,2011.0,Female,30-34 years,30-34,223.0,24059.0,926.89
24197,Chlamydia,274.0,Alaska,2011.0,Female,35-39 years,35-39,131.0,21614.0,606.09
24198,Chlamydia,274.0,Alaska,2011.0,Female,40+ years,40+,117.0,148002.0,79.05
24199,Chlamydia,274.0,Alaska,2011.0,Female,Unknown,99,1.0,,
24200,Chlamydia,274.0,Alaska,2012.0,Female,0-14 years,0-14,30.0,75955.0,39.5
24201,Chlamydia,274.0,Alaska,2012.0,Female,15-19 years,15-19,1051.0,23681.0,4438.16
24202,Chlamydia,274.0,Alaska,2012.0,Female,20-24 years,20-24,1441.0,26829.0,5371.05
24203,Chlamydia,274.0,Alaska,2012.0,Female,25-29 years,25-29,630.0,27688.0,2275.35
24204,Chlamydia,274.0,Alaska,2012.0,Female,30-34 years,30-34,260.0,24788.0,1048.89
24205,Chlamydia,274.0,Alaska,2012.0,Female,35-39 years,35-39,122.0,21758.0,560.71
24206,Chlamydia,274.0,Alaska,2012.0,Female,40+ years,40+,136.0,149512.0,90.96
24207,Chlamydia,274.0,Alaska,2013.0,Female,0-14 years,0-14,41.0,76411.0,53.66
24208,Chlamydia,274.0,Alaska,2013.0,Female,15-19 years,15-19,1063.0,23386.0,4545.45
24209,Chlamydia,274.0,Alaska,2013.0,Female,20-24 years,20-24,1485.0,26977.0,5504.69
24210,Chlamydia,274.0,Alaska,2013.0,Female,25-29 years,25-29,672.0,27793.0,2417.88
24211,Chlamydia,274.0,Alaska,2013.0,Female,30-34 years,30-34,344.0,25496.0,1349.23
24212,Chlamydia,274.0,Alaska,2013.0,Female,35-39 years,35-39,142.0,21553.0,658.84
24213,Chlamydia,274.0,Alaska,2013.0,Female,40+ years,40+,152.0,147948.0,102.74
24214,Chlamydia,274.0,Alaska,2014.0,Female,0-14 years,0-14,38.0,76411.0,49.73
24215,Chlamydia,274.0,Alaska,2014.0,Female,15-19 years,15-19,1067.0,23386.0,4562.56
24216,Chlamydia,274.0,Alaska,2014.0,Female,20-24 years,20-24,1475.0,26977.0,5467.62
24217,Chlamydia,274.0,Alaska,2014.0,Female,25-29 years,25-29,732.0,27793.0,2633.76
24218,Chlamydia,274.0,Alaska,2014.0,Female,30-34 years,30-34,339.0,25496.0,1329.62
24219,Chlamydia,274.0,Alaska,2014.0,Female,35-39 years,35-39,151.0,21553.0,700.6
24220,Chlamydia,274.0,Alaska,2014.0,Female,40+ years,40+,138.0,147948.0,93.28
24221,Chlamydia,274.0,Arizona,1996.0,Female,0-14 years,0-14,216.0,499367.0,43.25
24222,Chlamydia,274.0,Arizona,1996.0,Female,15-19 years,15-19,3354.0,153912.0,2179.17
24223,Chlamydia,274.0,Arizona,1996.0,Female,20-24 years,20-24,2984.0,149522.0,1995.69
24224,Chlamydia,274.0,Arizona,1996.0,Female,25-29 years,25-29,1166.0,170333.0,684.54
24225,Chlamydia,274.0,Arizona,1996.0,Female,30-34 years,30-34,530.0,183034.0,289.56
24226,Chlamydia,274.0,Arizona,1996.0,Female,35-39 years,35-39,222.0,183785.0,120.79
24227,Chlamydia,274.0,Arizona,1996.0,Female,40+ years,40+,159.0,966929.0,16.44
24228,Chlamydia,274.0,Arizona,1997.0,Female,0-14 years,0-14,201.0,506147.0,39.71
24229,Chlamydia,274.0,Arizona,1997.0,Female,15-19 years,15-19,3474.0,160708.0,2161.68
24230,Chlamydia,274.0,Arizona,1997.0,Female,20-24 years,20-24,2797.0,154746.0,1807.48
24231,Chlamydia,274.0,Arizona,1997.0,Female,25-29 years,25-29,1221.0,175420.0,696.04
24232,Chlamydia,274.0,Arizona,1997.0,Female,30-34 years,30-34,540.0,182019.0,296.67
24233,Chlamydia,274.0,Arizona,1997.0,Female,35-39 years,35-39,201.0,189587.0,106.02
24234,Chlamydia,274.0,Arizona,1997.0,Female,40+ years,40+,143.0,1010960.0,14.14
24235,Chlamydia,274.0,Arizona,1998.0,Female,0-14 years,0-14,214.0,526409.0,40.65
24236,Chlamydia,274.0,Arizona,1998.0,Female,15-19 years,15-19,3626.0,167956.0,2158.9
24237,Chlamydia,274.0,Arizona,1998.0,Female,20-24 years,20-24,3023.0,159835.0,1891.33
24238,Chlamydia,274.0,Arizona,1998.0,Female,25-29 years,25-29,1178.0,177129.0,665.05
24239,Chlamydia,274.0,Arizona,1998.0,Female,30-34 years,30-34,478.0,178584.0,267.66
24240,Chlamydia,274.0,Arizona,1998.0,Female,35-39 years,35-39,227.0,192085.0,118.18
24241,Chlamydia,274.0,Arizona,1998.0,Female,40+ years,40+,180.0,1048590.0,17.17
24242,Chlamydia,274.0,Arizona,1999.0,Female,0-14 years,0-14,224.0,546847.0,40.96
24243,Chlamydia,274.0,Arizona,1999.0,Female,15-19 years,15-19,3753.0,173368.0,2164.76
24244,Chlamydia,274.0,Arizona,1999.0,Female,20-24 years,20-24,3133.0,166323.0,1883.68
24245,Chlamydia,274.0,Arizona,1999.0,Female,25-29 years,25-29,1394.0,178042.0,782.96
24246,Chlamydia,274.0,Arizona,1999.0,Female,30-34 years,30-34,516.0,176739.0,291.96
24247,Chlamydia,274.0,Arizona,1999.0,Female,35-39 years,35-39,249.0,193497.0,128.68
24248,Chlamydia,274.0,Arizona,1999.0,Female,40+ years,40+,181.0,1083483.0,16.71
24249,Chlamydia,274.0,Arizona,2000.0,Female,0-14 years,0-14,222.0,583174.0,38.07
24250,Chlamydia,274.0,Arizona,2000.0,Female,15-19 years,15-19,3762.0,178642.0,2105.89
24251,Chlamydia,274.0,Arizona,2000.0,Female,20-24 years,20-24,3539.0,171318.0,2065.75
24252,Chlamydia,274.0,Arizona,2000.0,Female,25-29 years,25-29,1455.0,176286.0,825.36
24253,Chlamydia,274.0,Arizona,2000.0,Female,30-34 years,30-34,601.0,176349.0,340.8
24254,Chlamydia,274.0,Arizona,2000.0,Female,35-39 years,35-39,261.0,190309.0,137.15
24255,Chlamydia,274.0,Arizona,2000.0,Female,40+ years,40+,185.0,1111112.0,16.65
24256,Chlamydia,274.0,Arizona,2001.0,Female,0-14 years,0-14,260.0,591414.0,43.96
24257,Chlamydia,274.0,Arizona,2001.0,Female,15-19 years,15-19,4048.0,181180.0,2234.24
24258,Chlamydia,274.0,Arizona,2001.0,Female,20-24 years,20-24,4027.0,178760.0,2252.74
24259,Chlamydia,274.0,Arizona,2001.0,Female,25-29 years,25-29,1700.0,178559.0,952.07
24260,Chlamydia,274.0,Arizona,2001.0,Female,30-34 years,30-34,640.0,183107.0,349.52
24261,Chlamydia,274.0,Arizona,2001.0,Female,35-39 years,35-39,334.0,190445.0,175.38
24262,Chlamydia,274.0,Arizona,2001.0,Female,40+ years,40+,193.0,1153402.0,16.73
24263,Chlamydia,274.0,Arizona,2002.0,Female,0-14 years,0-14,216.0,607122.0,35.58
24264,Chlamydia,274.0,Arizona,2002.0,Female,15-19 years,15-19,4029.0,185694.0,2169.7
24265,Chlamydia,274.0,Arizona,2002.0,Female,20-24 years,20-24,4279.0,185999.0,2300.55
24266,Chlamydia,274.0,Arizona,2002.0,Female,25-29 years,25-29,1717.0,181698.0,944.98
24267,Chlamydia,274.0,Arizona,2002.0,Female,30-34 years,30-34,752.0,189092.0,397.69
24268,Chlamydia,274.0,Arizona,2002.0,Female,35-39 years,35-39,365.0,189047.0,193.07
24269,Chlamydia,274.0,Arizona,2002.0,Female,40+ years,40+,260.0,1191945.0,21.81
24270,Chlamydia,274.0,Arizona,2003.0,Female,0-14 years,0-14,178.0,625401.0,28.46
24271,Chlamydia,274.0,Arizona,2003.0,Female,15-19 years,15-19,3477.0,189118.0,1838.53
24272,Chlamydia,274.0,Arizona,2003.0,Female,20-24 years,20-24,3738.0,191717.0,1949.75
24273,Chlamydia,274.0,Arizona,2003.0,Female,25-29 years,25-29,1476.0,188749.0,781.99
24274,Chlamydia,274.0,Arizona,2003.0,Female,30-34 years,30-34,650.0,193941.0,335.15
24275,Chlamydia,274.0,Arizona,2003.0,Female,35-39 years,35-39,322.0,186772.0,172.4
24276,Chlamydia,274.0,Arizona,2003.0,Female,40+ years,40+,202.0,1213606.0,16.64
24277,Chlamydia,274.0,Arizona,2004.0,Female,0-14 years,0-14,194.0,636353.0,30.49
24278,Chlamydia,274.0,Arizona,2004.0,Female,15-19 years,15-19,4375.0,195412.0,2238.86
24279,Chlamydia,274.0,Arizona,2004.0,Female,20-24 years,20-24,4708.0,198195.0,2375.44
24280,Chlamydia,274.0,Arizona,2004.0,Female,25-29 years,25-29,2038.0,195820.0,1040.75
24281,Chlamydia,274.0,Arizona,2004.0,Female,30-34 years,30-34,873.0,198928.0,438.85
24282,Chlamydia,274.0,Arizona,2004.0,Female,35-39 years,35-39,379.0,187924.0,201.68
24283,Chlamydia,274.0,Arizona,2004.0,Female,40+ years,40+,329.0,1257539.0,26.16
24284,Chlamydia,274.0,Arizona,2005.0,Female,0-14 years,0-14,245.0,647383.0,37.84
24285,Chlamydia,274.0,Arizona,2005.0,Female,15-19 years,15-19,5452.0,203231.0,2682.66
24286,Chlamydia,274.0,Arizona,2005.0,Female,20-24 years,20-24,5934.0,203862.0,2910.79
24287,Chlamydia,274.0,Arizona,2005.0,Female,25-29 years,25-29,2593.0,205562.0,1261.42
24288,Chlamydia,274.0,Arizona,2005.0,Female,30-34 years,30-34,1093.0,202539.0,539.65
24289,Chlamydia,274.0,Arizona,2005.0,Female,35-39 years,35-39,479.0,193946.0,246.98
24290,Chlamydia,274.0,Arizona,2005.0,Female,40+ years,40+,401.0,1309695.0,30.62
24291,Chlamydia,274.0,Arizona,2005.0,Female,Unknown,99,4.0,,
24292,Chlamydia,274.0,Arizona,2006.0,Female,0-14 years,0-14,250.0,665142.0,37.59
24293,Chlamydia,274.0,Arizona,2006.0,Female,15-19 years,15-19,6188.0,206887.0,2991.0
24294,Chlamydia,274.0,Arizona,2006.0,Female,20-24 years,20-24,6749.0,202187.0,3338.0
24295,Chlamydia,274.0,Arizona,2006.0,Female,25-29 years,25-29,3041.0,223104.0,1363.04
24296,Chlamydia,274.0,Arizona,2006.0,Female,30-34 years,30-34,1251.0,205995.0,607.3
24297,Chlamydia,274.0,Arizona,2006.0,Female,35-39 years,35-39,538.0,205899.0,261.29
24298,Chlamydia,274.0,Arizona,2006.0,Female,40+ years,40+,468.0,1371349.0,34.13
24299,Chlamydia,274.0,Arizona,2007.0,Female,0-14 years,0-14,302.0,683862.0,44.16
24300,Chlamydia,274.0,Arizona,2007.0,Female,15-19 years,15-19,6598.0,210354.0,3136.62
24301,Chlamydia,274.0,Arizona,2007.0,Female,20-24 years,20-24,6416.0,200385.0,3201.84
24302,Chlamydia,274.0,Arizona,2007.0,Female,25-29 years,25-29,3075.0,229044.0,1342.54
24303,Chlamydia,274.0,Arizona,2007.0,Female,30-34 years,30-34,1339.0,208202.0,643.12
24304,Chlamydia,274.0,Arizona,2007.0,Female,35-39 years,35-39,563.0,211449.0,266.26
24305,Chlamydia,274.0,Arizona,2007.0,Female,40+ years,40+,501.0,1422315.0,35.22
24306,Chlamydia,274.0,Arizona,2008.0,Female,0-14 years,0-14,283.0,701217.0,40.36
24307,Chlamydia,274.0,Arizona,2008.0,Female,15-19 years,15-19,6593.0,214292.0,3076.64
24308,Chlamydia,274.0,Arizona,2008.0,Female,20-24 years,20-24,6413.0,203336.0,3153.89
24309,Chlamydia,274.0,Arizona,2008.0,Female,25-29 years,25-29,2855.0,231204.0,1234.84
24310,Chlamydia,274.0,Arizona,2008.0,Female,30-34 years,30-34,1178.0,212471.0,554.43
24311,Chlamydia,274.0,Arizona,2008.0,Female,35-39 years,35-39,584.0,214503.0,272.26
24312,Chlamydia,274.0,Arizona,2008.0,Female,40+ years,40+,452.0,1466466.0,30.82
24313,Chlamydia,274.0,Arizona,2009.0,Female,0-14 years,0-14,240.0,713789.0,33.62
24314,Chlamydia,274.0,Arizona,2009.0,Female,15-19 years,15-19,6771.0,215054.0,3148.51
24315,Chlamydia,274.0,Arizona,2009.0,Female,20-24 years,20-24,6824.0,207790.0,3284.08
24316,Chlamydia,274.0,Arizona,2009.0,Female,25-29 years,25-29,2924.0,235319.0,1242.57
24317,Chlamydia,274.0,Arizona,2009.0,Female,30-34 years,30-34,1243.0,218966.0,567.67
24318,Chlamydia,274.0,Arizona,2009.0,Female,35-39 years,35-39,603.0,214929.0,280.56
24319,Chlamydia,274.0,Arizona,2009.0,Female,40+ years,40+,492.0,1483090.0,33.17
24320,Chlamydia,274.0,Arizona,2010.0,Female,0-14 years,0-14,247.0,665256.0,37.13
24321,Chlamydia,274.0,Arizona,2010.0,Female,15-19 years,15-19,6622.0,224302.0,2952.27
24322,Chlamydia,274.0,Arizona,2010.0,Female,20-24 years,20-24,7242.0,213022.0,3399.65
24323,Chlamydia,274.0,Arizona,2010.0,Female,25-29 years,25-29,3023.0,214390.0,1410.05
24324,Chlamydia,274.0,Arizona,2010.0,Female,30-34 years,30-34,1271.0,204472.0,621.6
24325,Chlamydia,274.0,Arizona,2010.0,Female,35-39 years,35-39,610.0,205469.0,296.88
24326,Chlamydia,274.0,Arizona,2010.0,Female,40+ years,40+,514.0,1489283.0,34.51
24327,Chlamydia,274.0,Arizona,2011.0,Female,0-14 years,0-14,211.0,664010.0,31.78
24328,Chlamydia,274.0,Arizona,2011.0,Female,15-19 years,15-19,7027.0,218214.0,3220.23
24329,Chlamydia,274.0,Arizona,2011.0,Female,20-24 years,20-24,8103.0,222818.0,3636.6
24330,Chlamydia,274.0,Arizona,2011.0,Female,25-29 years,25-29,3176.0,214612.0,1479.88
24331,Chlamydia,274.0,Arizona,2011.0,Female,30-34 years,30-34,1431.0,209135.0,684.25
24332,Chlamydia,274.0,Arizona,2011.0,Female,35-39 years,35-39,674.0,200948.0,335.41
24333,Chlamydia,274.0,Arizona,2011.0,Female,40+ years,40+,574.0,1528897.0,37.54
24334,Chlamydia,274.0,Arizona,2012.0,Female,0-14 years,0-14,206.0,662164.0,31.11
24335,Chlamydia,274.0,Arizona,2012.0,Female,15-19 years,15-19,6859.0,216974.0,3161.21
24336,Chlamydia,274.0,Arizona,2012.0,Female,20-24 years,20-24,8549.0,228468.0,3741.88
24337,Chlamydia,274.0,Arizona,2012.0,Female,25-29 years,25-29,3442.0,214147.0,1607.31
24338,Chlamydia,274.0,Arizona,2012.0,Female,30-34 years,30-34,1536.0,212548.0,722.66
24339,Chlamydia,274.0,Arizona,2012.0,Female,35-39 years,35-39,802.0,200386.0,400.23
24340,Chlamydia,274.0,Arizona,2012.0,Female,40+ years,40+,693.0,1560085.0,44.42
24341,Chlamydia,274.0,Arizona,2013.0,Female,0-14 years,0-14,169.0,660521.0,25.59
24342,Chlamydia,274.0,Arizona,2013.0,Female,15-19 years,15-19,6430.0,218723.0,2939.79
24343,Chlamydia,274.0,Arizona,2013.0,Female,20-24 years,20-24,8711.0,233787.0,3726.04
24344,Chlamydia,274.0,Arizona,2013.0,Female,25-29 years,25-29,3542.0,211815.0,1672.21
24345,Chlamydia,274.0,Arizona,2013.0,Female,30-34 years,30-34,1645.0,215187.0,764.45
24346,Chlamydia,274.0,Arizona,2013.0,Female,35-39 years,35-39,712.0,202010.0,352.46
24347,Chlamydia,274.0,Arizona,2013.0,Female,40+ years,40+,741.0,1589462.0,46.62
24348,Chlamydia,274.0,Arizona,2014.0,Female,0-14 years,0-14,158.0,660521.0,23.92
24349,Chlamydia,274.0,Arizona,2014.0,Female,15-19 years,15-19,6079.0,218723.0,2779.31
24350,Chlamydia,274.0,Arizona,2014.0,Female,20-24 years,20-24,9011.0,233787.0,3854.36
24351,Chlamydia,274.0,Arizona,2014.0,Female,25-29 years,25-29,3944.0,211815.0,1862.0
24352,Chlamydia,274.0,Arizona,2014.0,Female,30-34 years,30-34,1886.0,215187.0,876.45
24353,Chlamydia,274.0,Arizona,2014.0,Female,35-39 years,35-39,872.0,202010.0,431.66
24354,Chlamydia,274.0,Arizona,2014.0,Female,40+ years,40+,797.0,1589462.0,50.14
24355,Chlamydia,274.0,Arkansas,1996.0,Female,0-14 years,0-14,106.0,271613.0,39.03
24356,Chlamydia,274.0,Arkansas,1996.0,Female,15-19 years,15-19,878.0,95549.0,918.9
24357,Chlamydia,274.0,Arkansas,1996.0,Female,20-24 years,20-24,567.0,88180.0,643.0
24358,Chlamydia,274.0,Arkansas,1996.0,Female,25-29 years,25-29,189.0,84503.0,223.66
24359,Chlamydia,274.0,Arkansas,1996.0,Female,30-34 years,30-34,62.0,93568.0,66.26
24360,Chlamydia,274.0,Arkansas,1996.0,Female,35-39 years,35-39,24.0,98661.0,24.33
24361,Chlamydia,274.0,Arkansas,1996.0,Female,40+ years,40+,21.0,591629.0,3.55
24362,Chlamydia,274.0,Arkansas,1996.0,Female,Unknown,99,73.0,,
24363,Chlamydia,274.0,Arkansas,1997.0,Female,0-14 years,0-14,152.0,272052.0,55.87
24364,Chlamydia,274.0,Arkansas,1997.0,Female,15-19 years,15-19,1094.0,96519.0,1133.46
24365,Chlamydia,274.0,Arkansas,1997.0,Female,20-24 years,20-24,814.0,88402.0,920.79
24366,Chlamydia,274.0,Arkansas,1997.0,Female,25-29 years,25-29,223.0,86177.0,258.77
24367,Chlamydia,274.0,Arkansas,1997.0,Female,30-34 years,30-34,75.0,91360.0,82.09
24368,Chlamydia,274.0,Arkansas,1997.0,Female,35-39 years,35-39,32.0,99445.0,32.18
24369,Chlamydia,274.0,Arkansas,1997.0,Female,40+ years,40+,16.0,603199.0,2.65
24370,Chlamydia,274.0,Arkansas,1998.0,Female,0-14 years,0-14,136.0,273978.0,49.64
24371,Chlamydia,274.0,Arkansas,1998.0,Female,15-19 years,15-19,1902.0,97428.0,1952.21
24372,Chlamydia,274.0,Arkansas,1998.0,Female,20-24 years,20-24,1282.0,88491.0,1448.73
24373,Chlamydia,274.0,Arkansas,1998.0,Female,25-29 years,25-29,350.0,87156.0,401.58
24374,Chlamydia,274.0,Arkansas,1998.0,Female,30-34 years,30-34,103.0,88838.0,115.94
24375,Chlamydia,274.0,Arkansas,1998.0,Female,35-39 years,35-39,36.0,100026.0,35.99
24376,Chlamydia,274.0,Arkansas,1998.0,Female,40+ years,40+,18.0,612503.0,2.94
24377,Chlamydia,274.0,Arkansas,1998.0,Female,Unknown,99,29.0,,
24378,Chlamydia,274.0,Arkansas,1999.0,Female,0-14 years,0-14,133.0,274039.0,48.53
24379,Chlamydia,274.0,Arkansas,1999.0,Female,15-19 years,15-19,2167.0,97269.0,2227.84
24380,Chlamydia,274.0,Arkansas,1999.0,Female,20-24 years,20-24,1652.0,89045.0,1855.24
24381,Chlamydia,274.0,Arkansas,1999.0,Female,25-29 years,25-29,396.0,87684.0,451.62
24382,Chlamydia,274.0,Arkansas,1999.0,Female,30-34 years,30-34,160.0,87562.0,182.73
24383,Chlamydia,274.0,Arkansas,1999.0,Female,35-39 years,35-39,53.0,100929.0,52.51
24384,Chlamydia,274.0,Arkansas,1999.0,Female,40+ years,40+,28.0,622917.0,4.49
24385,Chlamydia,274.0,Arkansas,1999.0,Female,Unknown,99,29.0,,
24386,Chlamydia,274.0,Arkansas,2000.0,Female,0-14 years,0-14,147.0,274034.0,53.64
24387,Chlamydia,274.0,Arkansas,2000.0,Female,15-19 years,15-19,2232.0,96376.0,2315.93
24388,Chlamydia,274.0,Arkansas,2000.0,Female,20-24 years,20-24,1840.0,90626.0,2030.32
24389,Chlamydia,274.0,Arkansas,2000.0,Female,25-29 years,25-29,496.0,87056.0,569.75
24390,Chlamydia,274.0,Arkansas,2000.0,Female,30-34 years,30-34,178.0,88288.0,201.61
24391,Chlamydia,274.0,Arkansas,2000.0,Female,35-39 years,35-39,50.0,100506.0,49.75
24392,Chlamydia,274.0,Arkansas,2000.0,Female,40+ years,40+,45.0,634240.0,7.1
24393,Chlamydia,274.0,Arkansas,2000.0,Female,Unknown,99,27.0,,
24394,Chlamydia,274.0,Arkansas,2001.0,Female,0-14 years,0-14,170.0,274703.0,61.88
24395,Chlamydia,274.0,Arkansas,2001.0,Female,15-19 years,15-19,2571.0,95369.0,2695.84
24396,Chlamydia,274.0,Arkansas,2001.0,Female,20-24 years,20-24,2110.0,93155.0,2265.04
24397,Chlamydia,274.0,Arkansas,2001.0,Female,25-29 years,25-29,669.0,85563.0,781.88
24398,Chlamydia,274.0,Arkansas,2001.0,Female,30-34 years,30-34,192.0,89018.0,215.69
24399,Chlamydia,274.0,Arkansas,2001.0,Female,35-39 years,35-39,73.0,98343.0,74.23
24400,Chlamydia,274.0,Arkansas,2001.0,Female,40+ years,40+,60.0,642301.0,9.34
24401,Chlamydia,274.0,Arkansas,2001.0,Female,Unknown,99,104.0,,
24402,Chlamydia,274.0,Arkansas,2002.0,Female,0-14 years,0-14,195.0,273804.0,71.22
24403,Chlamydia,274.0,Arkansas,2002.0,Female,15-19 years,15-19,2541.0,94869.0,2678.43
24404,Chlamydia,274.0,Arkansas,2002.0,Female,20-24 years,20-24,2090.0,95596.0,2186.28
24405,Chlamydia,274.0,Arkansas,2002.0,Female,25-29 years,25-29,627.0,85248.0,735.5
24406,Chlamydia,274.0,Arkansas,2002.0,Female,30-34 years,30-34,172.0,90157.0,190.78
24407,Chlamydia,274.0,Arkansas,2002.0,Female,35-39 years,35-39,74.0,95816.0,77.23
24408,Chlamydia,274.0,Arkansas,2002.0,Female,40+ years,40+,51.0,650023.0,7.85
24409,Chlamydia,274.0,Arkansas,2002.0,Female,Unknown,99,67.0,,
24410,Chlamydia,274.0,Arkansas,2003.0,Female,0-14 years,0-14,168.0,276209.0,60.82
24411,Chlamydia,274.0,Arkansas,2003.0,Female,15-19 years,15-19,2704.0,94707.0,2855.12
24412,Chlamydia,274.0,Arkansas,2003.0,Female,20-24 years,20-24,2386.0,96850.0,2463.6
24413,Chlamydia,274.0,Arkansas,2003.0,Female,25-29 years,25-29,671.0,86091.0,779.41
24414,Chlamydia,274.0,Arkansas,2003.0,Female,30-34 years,30-34,206.0,89198.0,230.95
24415,Chlamydia,274.0,Arkansas,2003.0,Female,35-39 years,35-39,63.0,92202.0,68.33
24416,Chlamydia,274.0,Arkansas,2003.0,Female,40+ years,40+,52.0,656581.0,7.92
24417,Chlamydia,274.0,Arkansas,2003.0,Female,Unknown,99,34.0,,
24418,Chlamydia,274.0,Arkansas,2004.0,Female,0-14 years,0-14,169.0,273807.0,61.72
24419,Chlamydia,274.0,Arkansas,2004.0,Female,15-19 years,15-19,2642.0,94784.0,2787.39
24420,Chlamydia,274.0,Arkansas,2004.0,Female,20-24 years,20-24,2440.0,98022.0,2489.24
24421,Chlamydia,274.0,Arkansas,2004.0,Female,25-29 years,25-29,672.0,88627.0,758.23
24422,Chlamydia,274.0,Arkansas,2004.0,Female,30-34 years,30-34,198.0,89509.0,221.21
24423,Chlamydia,274.0,Arkansas,2004.0,Female,35-39 years,35-39,72.0,90405.0,79.64
24424,Chlamydia,274.0,Arkansas,2004.0,Female,40+ years,40+,43.0,668756.0,6.43
24425,Chlamydia,274.0,Arkansas,2004.0,Female,Unknown,99,16.0,,
24426,Chlamydia,274.0,Arkansas,2005.0,Female,0-14 years,0-14,206.0,272616.0,75.56
24427,Chlamydia,274.0,Arkansas,2005.0,Female,15-19 years,15-19,2960.0,95546.0,3097.98
24428,Chlamydia,274.0,Arkansas,2005.0,Female,20-24 years,20-24,2450.0,97755.0,2506.27
24429,Chlamydia,274.0,Arkansas,2005.0,Female,25-29 years,25-29,800.0,91514.0,874.18
24430,Chlamydia,274.0,Arkansas,2005.0,Female,30-34 years,30-34,224.0,88918.0,251.92
24431,Chlamydia,274.0,Arkansas,2005.0,Female,35-39 years,35-39,81.0,90379.0,89.62
24432,Chlamydia,274.0,Arkansas,2005.0,Female,40+ years,40+,58.0,679463.0,8.54
24433,Chlamydia,274.0,Arkansas,2005.0,Female,Unknown,99,44.0,,
24434,Chlamydia,274.0,Arkansas,2006.0,Female,0-14 years,0-14,171.0,278969.0,61.3
24435,Chlamydia,274.0,Arkansas,2006.0,Female,15-19 years,15-19,2874.0,95410.0,3012.26
24436,Chlamydia,274.0,Arkansas,2006.0,Female,20-24 years,20-24,2370.0,92554.0,2560.67
24437,Chlamydia,274.0,Arkansas,2006.0,Female,25-29 years,25-29,809.0,99744.0,811.08
24438,Chlamydia,274.0,Arkansas,2006.0,Female,30-34 years,30-34,223.0,87474.0,254.93
24439,Chlamydia,274.0,Arkansas,2006.0,Female,35-39 years,35-39,68.0,91210.0,74.55
24440,Chlamydia,274.0,Arkansas,2006.0,Female,40+ years,40+,61.0,687800.0,8.87
24441,Chlamydia,274.0,Arkansas,2006.0,Female,Unknown,99,28.0,,
24442,Chlamydia,274.0,Arkansas,2007.0,Female,0-14 years,0-14,156.0,283230.0,55.08
24443,Chlamydia,274.0,Arkansas,2007.0,Female,15-19 years,15-19,3300.0,96115.0,3433.39
24444,Chlamydia,274.0,Arkansas,2007.0,Female,20-24 years,20-24,2891.0,91084.0,3173.99
24445,Chlamydia,274.0,Arkansas,2007.0,Female,25-29 years,25-29,1033.0,101082.0,1021.94
24446,Chlamydia,274.0,Arkansas,2007.0,Female,30-34 years,30-34,311.0,87219.0,356.57
24447,Chlamydia,274.0,Arkansas,2007.0,Female,35-39 years,35-39,102.0,92386.0,110.41
24448,Chlamydia,274.0,Arkansas,2007.0,Female,40+ years,40+,87.0,694482.0,12.53
24449,Chlamydia,274.0,Arkansas,2007.0,Female,Unknown,99,13.0,,
24450,Chlamydia,274.0,Arkansas,2008.0,Female,0-14 years,0-14,217.0,285319.0,76.06
24451,Chlamydia,274.0,Arkansas,2008.0,Female,15-19 years,15-19,4472.0,96050.0,4655.91
24452,Chlamydia,274.0,Arkansas,2008.0,Female,20-24 years,20-24,3864.0,90881.0,4251.71
24453,Chlamydia,274.0,Arkansas,2008.0,Female,25-29 years,25-29,1362.0,100167.0,1359.73
24454,Chlamydia,274.0,Arkansas,2008.0,Female,30-34 years,30-34,452.0,89094.0,507.33
24455,Chlamydia,274.0,Arkansas,2008.0,Female,35-39 years,35-39,148.0,92599.0,159.83
24456,Chlamydia,274.0,Arkansas,2008.0,Female,40+ years,40+,109.0,702645.0,15.51
24457,Chlamydia,274.0,Arkansas,2008.0,Female,Unknown,99,19.0,,
24458,Chlamydia,274.0,Arkansas,2009.0,Female,0-14 years,0-14,205.0,289734.0,70.75
24459,Chlamydia,274.0,Arkansas,2009.0,Female,15-19 years,15-19,4567.0,97173.0,4699.87
24460,Chlamydia,274.0,Arkansas,2009.0,Female,20-24 years,20-24,3847.0,94043.0,4090.68
24461,Chlamydia,274.0,Arkansas,2009.0,Female,25-29 years,25-29,1316.0,100619.0,1307.9
24462,Chlamydia,274.0,Arkansas,2009.0,Female,30-34 years,30-34,468.0,92137.0,507.94
24463,Chlamydia,274.0,Arkansas,2009.0,Female,35-39 years,35-39,169.0,92075.0,183.55
24464,Chlamydia,274.0,Arkansas,2009.0,Female,40+ years,40+,108.0,708169.0,15.25
24465,Chlamydia,274.0,Arkansas,2009.0,Female,Unknown,99,9.0,,
24466,Chlamydia,274.0,Arkansas,2010.0,Female,0-14 years,0-14,208.0,289408.0,71.87
24467,Chlamydia,274.0,Arkansas,2010.0,Female,15-19 years,15-19,4645.0,99627.0,4662.39
24468,Chlamydia,274.0,Arkansas,2010.0,Female,20-24 years,20-24,4209.0,98849.0,4258.01
24469,Chlamydia,274.0,Arkansas,2010.0,Female,25-29 years,25-29,1384.0,95998.0,1441.7
24470,Chlamydia,274.0,Arkansas,2010.0,Female,30-34 years,30-34,545.0,91462.0,595.88
24471,Chlamydia,274.0,Arkansas,2010.0,Female,35-39 years,35-39,194.0,92130.0,210.57
24472,Chlamydia,274.0,Arkansas,2010.0,Female,40+ years,40+,114.0,716807.0,15.9
24473,Chlamydia,274.0,Arkansas,2010.0,Female,Unknown,99,4.0,,
24474,Chlamydia,274.0,Arkansas,2011.0,Female,0-14 years,0-14,207.0,290098.0,71.36
24475,Chlamydia,274.0,Arkansas,2011.0,Female,15-19 years,15-19,4873.0,95607.0,5096.91
24476,Chlamydia,274.0,Arkansas,2011.0,Female,20-24 years,20-24,4404.0,102312.0,4304.48
24477,Chlamydia,274.0,Arkansas,2011.0,Female,25-29 years,25-29,1504.0,95982.0,1566.96
24478,Chlamydia,274.0,Arkansas,2011.0,Female,30-34 years,30-34,579.0,94226.0,614.48
24479,Chlamydia,274.0,Arkansas,2011.0,Female,35-39 years,35-39,197.0,89982.0,218.93
24480,Chlamydia,274.0,Arkansas,2011.0,Female,40+ years,40+,147.0,726993.0,20.22
24481,Chlamydia,274.0,Arkansas,2011.0,Female,Unknown,99,10.0,,
24482,Chlamydia,274.0,Arkansas,2012.0,Female,0-14 years,0-14,214.0,289865.0,73.83
24483,Chlamydia,274.0,Arkansas,2012.0,Female,15-19 years,15-19,4908.0,95250.0,5152.76
24484,Chlamydia,274.0,Arkansas,2012.0,Female,20-24 years,20-24,4662.0,103292.0,4513.42
24485,Chlamydia,274.0,Arkansas,2012.0,Female,25-29 years,25-29,1492.0,96026.0,1553.75
24486,Chlamydia,274.0,Arkansas,2012.0,Female,30-34 years,30-34,605.0,95319.0,634.71
24487,Chlamydia,274.0,Arkansas,2012.0,Female,35-39 years,35-39,206.0,89318.0,230.64
24488,Chlamydia,274.0,Arkansas,2012.0,Female,40+ years,40+,145.0,731571.0,19.82
24489,Chlamydia,274.0,Arkansas,2012.0,Female,Unknown,99,15.0,,
24490,Chlamydia,274.0,Arkansas,2013.0,Female,0-14 years,0-14,150.0,289042.0,51.9
24491,Chlamydia,274.0,Arkansas,2013.0,Female,15-19 years,15-19,4102.0,95464.0,4296.91
24492,Chlamydia,274.0,Arkansas,2013.0,Female,20-24 years,20-24,4500.0,104139.0,4321.15
24493,Chlamydia,274.0,Arkansas,2013.0,Female,25-29 years,25-29,1537.0,95095.0,1616.28
24494,Chlamydia,274.0,Arkansas,2013.0,Female,30-34 years,30-34,642.0,95811.0,670.07
24495,Chlamydia,274.0,Arkansas,2013.0,Female,35-39 years,35-39,236.0,89775.0,262.88
24496,Chlamydia,274.0,Arkansas,2013.0,Female,40+ years,40+,155.0,736456.0,21.05
24497,Chlamydia,274.0,Arkansas,2013.0,Female,Unknown,99,12.0,,
24498,Chlamydia,274.0,Arkansas,2014.0,Female,0-14 years,0-14,155.0,289042.0,53.63
24499,Chlamydia,274.0,Arkansas,2014.0,Female,15-19 years,15-19,4009.0,95464.0,4199.49
24500,Chlamydia,274.0,Arkansas,2014.0,Female,20-24 years,20-24,4602.0,104139.0,4419.09
24501,Chlamydia,274.0,Arkansas,2014.0,Female,25-29 years,25-29,1718.0,95095.0,1806.61
24502,Chlamydia,274.0,Arkansas,2014.0,Female,30-34 years,30-34,671.0,95811.0,700.34
24503,Chlamydia,274.0,Arkansas,2014.0,Female,35-39 years,35-39,290.0,89775.0,323.03
24504,Chlamydia,274.0,Arkansas,2014.0,Female,40+ years,40+,161.0,736456.0,21.86
24505,Chlamydia,274.0,Arkansas,2014.0,Female,Unknown,99,19.0,,
24506,Chlamydia,274.0,California,1996.0,Female,0-14 years,0-14,1460.0,3773067.0,38.7
24507,Chlamydia,274.0,California,1996.0,Female,15-19 years,15-19,18856.0,1036919.0,1818.46
24508,Chlamydia,274.0,California,1996.0,Female,20-24 years,20-24,15283.0,1002422.0,1524.61
24509,Chlamydia,274.0,California,1996.0,Female,25-29 years,25-29,7068.0,1263294.0,559.49
24510,Chlamydia,274.0,California,1996.0,Female,30-34 years,30-34,3163.0,1382143.0,228.85
24511,Chlamydia,274.0,California,1996.0,Female,35-39 years,35-39,1526.0,1352234.0,112.85
24512,Chlamydia,274.0,California,1996.0,Female,40+ years,40+,1225.0,6228163.0,19.67
24513,Chlamydia,274.0,California,1996.0,Female,Unknown,99,941.0,,
24514,Chlamydia,274.0,California,1997.0,Female,0-14 years,0-14,1453.0,3775311.0,38.49
24515,Chlamydia,274.0,California,1997.0,Female,15-19 years,15-19,20324.0,1076600.0,1887.79
24516,Chlamydia,274.0,California,1997.0,Female,20-24 years,20-24,17297.0,1020527.0,1694.91
24517,Chlamydia,274.0,California,1997.0,Female,25-29 years,25-29,7718.0,1259742.0,612.66
24518,Chlamydia,274.0,California,1997.0,Female,30-34 years,30-34,3458.0,1363206.0,253.67
24519,Chlamydia,274.0,California,1997.0,Female,35-39 years,35-39,1557.0,1369461.0,113.69
24520,Chlamydia,274.0,California,1997.0,Female,40+ years,40+,1325.0,6416272.0,20.65
24521,Chlamydia,274.0,California,1997.0,Female,Unknown,99,758.0,,
24522,Chlamydia,274.0,California,1998.0,Female,0-14 years,0-14,1408.0,3773534.0,37.31
24523,Chlamydia,274.0,California,1998.0,Female,15-19 years,15-19,22488.0,1119557.0,2008.65
24524,Chlamydia,274.0,California,1998.0,Female,20-24 years,20-24,19523.0,1050631.0,1858.22
24525,Chlamydia,274.0,California,1998.0,Female,25-29 years,25-29,8629.0,1256271.0,686.87
24526,Chlamydia,274.0,California,1998.0,Female,30-34 years,30-34,3773.0,1340469.0,281.47
24527,Chlamydia,274.0,California,1998.0,Female,35-39 years,35-39,1882.0,1385478.0,135.84
24528,Chlamydia,274.0,California,1998.0,Female,40+ years,40+,1393.0,6606323.0,21.09
24529,Chlamydia,274.0,California,1998.0,Female,Unknown,99,842.0,,
24530,Chlamydia,274.0,California,1999.0,Female,0-14 years,0-14,1382.0,3785279.0,36.51
24531,Chlamydia,274.0,California,1999.0,Female,15-19 years,15-19,24084.0,1154633.0,2085.86
24532,Chlamydia,274.0,California,1999.0,Female,20-24 years,20-24,22346.0,1095927.0,2039.0
24533,Chlamydia,274.0,California,1999.0,Female,25-29 years,25-29,9912.0,1241325.0,798.5
24534,Chlamydia,274.0,California,1999.0,Female,30-34 years,30-34,4401.0,1318261.0,333.85
24535,Chlamydia,274.0,California,1999.0,Female,35-39 years,35-39,2164.0,1391548.0,155.51
24536,Chlamydia,274.0,California,1999.0,Female,40+ years,40+,1694.0,6813188.0,24.86
24537,Chlamydia,274.0,California,1999.0,Female,Unknown,99,783.0,,
24538,Chlamydia,274.0,California,2000.0,Female,0-14 years,0-14,1411.0,3819443.0,36.94
24539,Chlamydia,274.0,California,2000.0,Female,15-19 years,15-19,25101.0,1182526.0,2122.66
24540,Chlamydia,274.0,California,2000.0,Female,20-24 years,20-24,24467.0,1142702.0,2141.15
24541,Chlamydia,274.0,California,2000.0,Female,25-29 years,25-29,10983.0,1227631.0,894.65
24542,Chlamydia,274.0,California,2000.0,Female,30-34 years,30-34,5054.0,1309311.0,386.0
24543,Chlamydia,274.0,California,2000.0,Female,35-39 years,35-39,2427.0,1379079.0,175.99
24544,Chlamydia,274.0,California,2000.0,Female,40+ years,40+,2065.0,7002797.0,29.49
24545,Chlamydia,274.0,California,2000.0,Female,Unknown,99,607.0,,
24546,Chlamydia,274.0,California,2001.0,Female,0-14 years,0-14,1337.0,3851139.0,34.72
24547,Chlamydia,274.0,California,2001.0,Female,15-19 years,15-19,25826.0,1202588.0,2147.54
24548,Chlamydia,274.0,California,2001.0,Female,20-24 years,20-24,26802.0,1173015.0,2284.88
24549,Chlamydia,274.0,California,2001.0,Female,25-29 years,25-29,11749.0,1232606.0,953.18
24550,Chlamydia,274.0,California,2001.0,Female,30-34 years,30-34,5370.0,1337628.0,401.46
24551,Chlamydia,274.0,California,2001.0,Female,35-39 years,35-39,2548.0,1370446.0,185.93
24552,Chlamydia,274.0,California,2001.0,Female,40+ years,40+,2120.0,7183255.0,29.51
24553,Chlamydia,274.0,California,2001.0,Female,Unknown,99,490.0,,
24554,Chlamydia,274.0,California,2002.0,Female,0-14 years,0-14,1531.0,3875748.0,39.5
24555,Chlamydia,274.0,California,2002.0,Female,15-19 years,15-19,26934.0,1222477.0,2203.23
24556,Chlamydia,274.0,California,2002.0,Female,20-24 years,20-24,28605.0,1209232.0,2365.55
24557,Chlamydia,274.0,California,2002.0,Female,25-29 years,25-29,12688.0,1241929.0,1021.64
24558,Chlamydia,274.0,California,2002.0,Female,30-34 years,30-34,5932.0,1355279.0,437.7
24559,Chlamydia,274.0,California,2002.0,Female,35-39 years,35-39,2676.0,1355682.0,197.39
24560,Chlamydia,274.0,California,2002.0,Female,40+ years,40+,2396.0,7339234.0,32.65
24561,Chlamydia,274.0,California,2002.0,Female,Unknown,99,456.0,,
24562,Chlamydia,274.0,California,2003.0,Female,0-14 years,0-14,1296.0,3853483.0,33.63
24563,Chlamydia,274.0,California,2003.0,Female,15-19 years,15-19,28280.0,1229421.0,2300.27
24564,Chlamydia,274.0,California,2003.0,Female,20-24 years,20-24,31291.0,1217371.0,2570.38
24565,Chlamydia,274.0,California,2003.0,Female,25-29 years,25-29,13366.0,1217419.0,1097.9
24566,Chlamydia,274.0,California,2003.0,Female,30-34 years,30-34,6043.0,1340121.0,450.93
24567,Chlamydia,274.0,California,2003.0,Female,35-39 years,35-39,2721.0,1343405.0,202.54
24568,Chlamydia,274.0,California,2003.0,Female,40+ years,40+,2485.0,7572039.0,32.82
24569,Chlamydia,274.0,California,2003.0,Female,Unknown,99,485.0,,
24570,Chlamydia,274.0,California,2004.0,Female,0-14 years,0-14,1368.0,3915643.0,34.94
24571,Chlamydia,274.0,California,2004.0,Female,15-19 years,15-19,29008.0,1259900.0,2302.4
24572,Chlamydia,274.0,California,2004.0,Female,20-24 years,20-24,31952.0,1231345.0,2594.89
24573,Chlamydia,274.0,California,2004.0,Female,25-29 years,25-29,13949.0,1214300.0,1148.73
24574,Chlamydia,274.0,California,2004.0,Female,30-34 years,30-34,6131.0,1316865.0,465.57
24575,Chlamydia,274.0,California,2004.0,Female,35-39 years,35-39,2845.0,1323923.0,214.89
24576,Chlamydia,274.0,California,2004.0,Female,40+ years,40+,2561.0,7718106.0,33.18
24577,Chlamydia,274.0,California,2004.0,Female,Unknown,99,625.0,,
24578,Chlamydia,274.0,California,2005.0,Female,0-14 years,0-14,1229.0,3935914.0,31.23
24579,Chlamydia,274.0,California,2005.0,Female,15-19 years,15-19,30865.0,1289638.0,2393.31
24580,Chlamydia,274.0,California,2005.0,Female,20-24 years,20-24,34172.0,1232022.0,2773.65
24581,Chlamydia,274.0,California,2005.0,Female,25-29 years,25-29,14854.0,1208778.0,1228.84
24582,Chlamydia,274.0,California,2005.0,Female,30-34 years,30-34,6365.0,1277092.0,498.4
24583,Chlamydia,274.0,California,2005.0,Female,35-39 years,35-39,3037.0,1317283.0,230.55
24584,Chlamydia,274.0,California,2005.0,Female,40+ years,40+,2660.0,7825967.0,33.99
24585,Chlamydia,274.0,California,2005.0,Female,Unknown,99,464.0,,
24586,Chlamydia,274.0,California,2006.0,Female,0-14 years,0-14,1212.0,3851043.0,31.47
24587,Chlamydia,274.0,California,2006.0,Female,15-19 years,15-19,31752.0,1322446.0,2401.01
24588,Chlamydia,274.0,California,2006.0,Female,20-24 years,20-24,35285.0,1287295.0,2741.02
24589,Chlamydia,274.0,California,2006.0,Female,25-29 years,25-29,15691.0,1262335.0,1243.01
24590,Chlamydia,274.0,California,2006.0,Female,30-34 years,30-34,6740.0,1261405.0,534.33
24591,Chlamydia,274.0,California,2006.0,Female,35-39 years,35-39,3207.0,1340100.0,239.31
24592,Chlamydia,274.0,California,2006.0,Female,40+ years,40+,2896.0,7908481.0,36.62
24593,Chlamydia,274.0,California,2006.0,Female,Unknown,99,387.0,,
24594,Chlamydia,274.0,California,2007.0,Female,0-14 years,0-14,1153.0,3769097.0,30.59
24595,Chlamydia,274.0,California,2007.0,Female,15-19 years,15-19,33034.0,1346665.0,2453.02
24596,Chlamydia,274.0,California,2007.0,Female,20-24 years,20-24,36690.0,1303485.0,2814.76
24597,Chlamydia,274.0,California,2007.0,Female,25-29 years,25-29,16644.0,1269396.0,1311.17
24598,Chlamydia,274.0,California,2007.0,Female,30-34 years,30-34,6859.0,1234947.0,555.41
24599,Chlamydia,274.0,California,2007.0,Female,35-39 years,35-39,3334.0,1328733.0,250.92
24600,Chlamydia,274.0,California,2007.0,Female,40+ years,40+,3043.0,8023097.0,37.93
24601,Chlamydia,274.0,California,2007.0,Female,Unknown,99,418.0,,
24602,Chlamydia,274.0,California,2008.0,Female,0-14 years,0-14,1168.0,3774460.0,30.94
24603,Chlamydia,274.0,California,2008.0,Female,15-19 years,15-19,34494.0,1347578.0,2559.7
24604,Chlamydia,274.0,California,2008.0,Female,20-24 years,20-24,38321.0,1302446.0,2942.23
24605,Chlamydia,274.0,California,2008.0,Female,25-29 years,25-29,16505.0,1288582.0,1280.87
24606,Chlamydia,274.0,California,2008.0,Female,30-34 years,30-34,6789.0,1218317.0,557.24
24607,Chlamydia,274.0,California,2008.0,Female,35-39 years,35-39,3389.0,1307338.0,259.23
24608,Chlamydia,274.0,California,2008.0,Female,40+ years,40+,3205.0,8129923.0,39.42
24609,Chlamydia,274.0,California,2008.0,Female,Unknown,99,330.0,,
24610,Chlamydia,274.0,California,2009.0,Female,0-14 years,0-14,1027.0,3819708.0,26.89
24611,Chlamydia,274.0,California,2009.0,Female,15-19 years,15-19,33258.0,1308294.0,2542.09
24612,Chlamydia,274.0,California,2009.0,Female,20-24 years,20-24,37889.0,1268234.0,2987.54
24613,Chlamydia,274.0,California,2009.0,Female,25-29 years,25-29,16343.0,1331456.0,1227.45
24614,Chlamydia,274.0,California,2009.0,Female,30-34 years,30-34,6556.0,1243564.0,527.19
24615,Chlamydia,274.0,California,2009.0,Female,35-39 years,35-39,3285.0,1268685.0,258.93
24616,Chlamydia,274.0,California,2009.0,Female,40+ years,40+,3091.0,8216521.0,37.62
24617,Chlamydia,274.0,California,2009.0,Female,Unknown,99,267.0,,
24618,Chlamydia,274.0,California,2010.0,Female,0-14 years,0-14,944.0,3728568.0,25.32
24619,Chlamydia,274.0,California,2010.0,Female,15-19 years,15-19,32284.0,1368858.0,2358.46
24620,Chlamydia,274.0,California,2010.0,Female,20-24 years,20-24,39824.0,1325164.0,3005.21
24621,Chlamydia,274.0,California,2010.0,Female,25-29 years,25-29,16111.0,1335711.0,1206.17
24622,Chlamydia,274.0,California,2010.0,Female,30-34 years,30-34,6716.0,1269121.0,529.18
24623,Chlamydia,274.0,California,2010.0,Female,35-39 years,35-39,3309.0,1282209.0,258.07
24624,Chlamydia,274.0,California,2010.0,Female,40+ years,40+,3150.0,8426495.0,37.38
24625,Chlamydia,274.0,California,2010.0,Female,Unknown,99,307.0,,
24626,Chlamydia,274.0,California,2011.0,Female,0-14 years,0-14,1021.0,3730320.0,27.37
24627,Chlamydia,274.0,California,2011.0,Female,15-19 years,15-19,34247.0,1333782.0,2567.66
24628,Chlamydia,274.0,California,2011.0,Female,20-24 years,20-24,45855.0,1375323.0,3334.13
24629,Chlamydia,274.0,California,2011.0,Female,25-29 years,25-29,18299.0,1341880.0,1363.68
24630,Chlamydia,274.0,California,2011.0,Female,30-34 years,30-34,7621.0,1296888.0,587.64
24631,Chlamydia,274.0,California,2011.0,Female,35-39 years,35-39,3596.0,1254773.0,286.59
24632,Chlamydia,274.0,California,2011.0,Female,40+ years,40+,3610.0,8610619.0,41.92
24633,Chlamydia,274.0,California,2011.0,Female,Unknown,99,408.0,,
24634,Chlamydia,274.0,California,2012.0,Female,0-14 years,0-14,885.0,3729291.0,23.73
24635,Chlamydia,274.0,California,2012.0,Female,15-19 years,15-19,31669.0,1316658.0,2405.26
24636,Chlamydia,274.0,California,2012.0,Female,20-24 years,20-24,46425.0,1407397.0,3298.64
24637,Chlamydia,274.0,California,2012.0,Female,25-29 years,25-29,19119.0,1345492.0,1420.97
24638,Chlamydia,274.0,California,2012.0,Female,30-34 years,30-34,8064.0,1321501.0,610.22
24639,Chlamydia,274.0,California,2012.0,Female,35-39 years,35-39,3863.0,1250927.0,308.81
24640,Chlamydia,274.0,California,2012.0,Female,40+ years,40+,3991.0,8751600.0,45.6
24641,Chlamydia,274.0,California,2012.0,Female,Unknown,99,380.0,,
24642,Chlamydia,274.0,California,2013.0,Female,0-14 years,0-14,786.0,3714727.0,21.16
24643,Chlamydia,274.0,California,2013.0,Female,15-19 years,15-19,29443.0,1293600.0,2276.05
24644,Chlamydia,274.0,California,2013.0,Female,20-24 years,20-24,45395.0,1411162.0,3216.85
24645,Chlamydia,274.0,California,2013.0,Female,25-29 years,25-29,19613.0,1368015.0,1433.68
24646,Chlamydia,274.0,California,2013.0,Female,30-34 years,30-34,8521.0,1346427.0,632.86
24647,Chlamydia,274.0,California,2013.0,Female,35-39 years,35-39,4002.0,1253558.0,319.25
24648,Chlamydia,274.0,California,2013.0,Female,40+ years,40+,4225.0,8880836.0,47.57
24649,Chlamydia,274.0,California,2013.0,Female,Unknown,99,475.0,,
24650,Chlamydia,274.0,California,2014.0,Female,0-14 years,0-14,676.0,3714727.0,18.2
24651,Chlamydia,274.0,California,2014.0,Female,15-19 years,15-19,27644.0,1293600.0,2136.98
24652,Chlamydia,274.0,California,2014.0,Female,20-24 years,20-24,46885.0,1411162.0,3322.44
24653,Chlamydia,274.0,California,2014.0,Female,25-29 years,25-29,21018.0,1368015.0,1536.39
24654,Chlamydia,274.0,California,2014.0,Female,30-34 years,30-34,9388.0,1346427.0,697.25
24655,Chlamydia,274.0,California,2014.0,Female,35-39 years,35-39,4496.0,1253558.0,358.66
24656,Chlamydia,274.0,California,2014.0,Female,40+ years,40+,4722.0,8880836.0,53.17
24657,Chlamydia,274.0,California,2014.0,Female,Unknown,99,510.0,,
24658,Chlamydia,274.0,Colorado,1996.0,Female,0-14 years,0-14,180.0,409351.0,43.97
24659,Chlamydia,274.0,Colorado,1996.0,Female,15-19 years,15-19,2299.0,129109.0,1780.67
24660,Chlamydia,274.0,Colorado,1996.0,Female,20-24 years,20-24,1820.0,124739.0,1459.05
24661,Chlamydia,274.0,Colorado,1996.0,Female,25-29 years,25-29,644.0,146404.0,439.88
24662,Chlamydia,274.0,Colorado,1996.0,Female,30-34 years,30-34,253.0,166728.0,151.74
24663,Chlamydia,274.0,Colorado,1996.0,Female,35-39 years,35-39,100.0,184518.0,54.2
24664,Chlamydia,274.0,Colorado,1996.0,Female,40+ years,40+,62.0,798623.0,7.76
24665,Chlamydia,274.0,Colorado,1996.0,Female,Unknown,99,334.0,,
24666,Chlamydia,274.0,Colorado,1997.0,Female,0-14 years,0-14,203.0,418220.0,48.54
24667,Chlamydia,274.0,Colorado,1997.0,Female,15-19 years,15-19,2581.0,134863.0,1913.79
24668,Chlamydia,274.0,Colorado,1997.0,Female,20-24 years,20-24,1848.0,127953.0,1444.28
24669,Chlamydia,274.0,Colorado,1997.0,Female,25-29 years,25-29,679.0,150379.0,451.53
24670,Chlamydia,274.0,Colorado,1997.0,Female,30-34 years,30-34,230.0,161792.0,142.16
24671,Chlamydia,274.0,Colorado,1997.0,Female,35-39 years,35-39,112.0,185385.0,60.41
24672,Chlamydia,274.0,Colorado,1997.0,Female,40+ years,40+,65.0,826913.0,7.86
24673,Chlamydia,274.0,Colorado,1997.0,Female,Unknown,99,240.0,,
24674,Chlamydia,274.0,Colorado,1998.0,Female,0-14 years,0-14,215.0,429747.0,50.03
24675,Chlamydia,274.0,Colorado,1998.0,Female,15-19 years,15-19,2984.0,140563.0,2122.89
24676,Chlamydia,274.0,Colorado,1998.0,Female,20-24 years,20-24,2240.0,132310.0,1692.99
24677,Chlamydia,274.0,Colorado,1998.0,Female,25-29 years,25-29,888.0,152755.0,581.32
24678,Chlamydia,274.0,Colorado,1998.0,Female,30-34 years,30-34,291.0,158006.0,184.17
24679,Chlamydia,274.0,Colorado,1998.0,Female,35-39 years,35-39,118.0,184461.0,63.97
24680,Chlamydia,274.0,Colorado,1998.0,Female,40+ years,40+,98.0,852884.0,11.49
24681,Chlamydia,274.0,Colorado,1998.0,Female,Unknown,99,145.0,,
24682,Chlamydia,274.0,Colorado,1999.0,Female,0-14 years,0-14,163.0,439544.0,37.08
24683,Chlamydia,274.0,Colorado,1999.0,Female,15-19 years,15-19,3192.0,145017.0,2201.12
24684,Chlamydia,274.0,Colorado,1999.0,Female,20-24 years,20-24,2645.0,138595.0,1908.44
24685,Chlamydia,274.0,Colorado,1999.0,Female,25-29 years,25-29,987.0,154802.0,637.59
24686,Chlamydia,274.0,Colorado,1999.0,Female,30-34 years,30-34,325.0,157805.0,205.95
24687,Chlamydia,274.0,Colorado,1999.0,Female,35-39 years,35-39,133.0,183302.0,72.56
24688,Chlamydia,274.0,Colorado,1999.0,Female,40+ years,40+,105.0,882293.0,11.9
24689,Chlamydia,274.0,Colorado,1999.0,Female,Unknown,99,622.0,,
24690,Chlamydia,274.0,Colorado,2000.0,Female,0-14 years,0-14,179.0,458246.0,39.06
24691,Chlamydia,274.0,Colorado,2000.0,Female,15-19 years,15-19,2582.0,148373.0,1740.21
24692,Chlamydia,274.0,Colorado,2000.0,Female,20-24 years,20-24,2327.0,143380.0,1622.96
24693,Chlamydia,274.0,Colorado,2000.0,Female,25-29 years,25-29,871.0,154323.0,564.4
24694,Chlamydia,274.0,Colorado,2000.0,Female,30-34 years,30-34,301.0,159742.0,188.43
24695,Chlamydia,274.0,Colorado,2000.0,Female,35-39 years,35-39,131.0,178051.0,73.57
24696,Chlamydia,274.0,Colorado,2000.0,Female,40+ years,40+,92.0,905411.0,10.16
24697,Chlamydia,274.0,Colorado,2000.0,Female,Unknown,99,2265.0,,
24698,Chlamydia,274.0,Colorado,2001.0,Female,0-14 years,0-14,205.0,461699.0,44.4
24699,Chlamydia,274.0,Colorado,2001.0,Female,15-19 years,15-19,3722.0,151642.0,2454.47
24700,Chlamydia,274.0,Colorado,2001.0,Female,20-24 years,20-24,3681.0,147095.0,2502.46
24701,Chlamydia,274.0,Colorado,2001.0,Female,25-29 years,25-29,1303.0,154575.0,842.96
24702,Chlamydia,274.0,Colorado,2001.0,Female,30-34 years,30-34,506.0,165285.0,306.14
24703,Chlamydia,274.0,Colorado,2001.0,Female,35-39 years,35-39,196.0,175334.0,111.79
24704,Chlamydia,274.0,Colorado,2001.0,Female,40+ years,40+,128.0,943999.0,13.56
24705,Chlamydia,274.0,Colorado,2001.0,Female,Unknown,99,153.0,,
24706,Chlamydia,274.0,Colorado,2002.0,Female,0-14 years,0-14,223.0,467567.0,47.69
24707,Chlamydia,274.0,Colorado,2002.0,Female,15-19 years,15-19,3922.0,153905.0,2548.33
24708,Chlamydia,274.0,Colorado,2002.0,Female,20-24 years,20-24,3842.0,151142.0,2541.98
24709,Chlamydia,274.0,Colorado,2002.0,Female,25-29 years,25-29,1358.0,154063.0,881.46
24710,Chlamydia,274.0,Colorado,2002.0,Female,30-34 years,30-34,559.0,168538.0,331.68
24711,Chlamydia,274.0,Colorado,2002.0,Female,35-39 years,35-39,210.0,170334.0,123.29
24712,Chlamydia,274.0,Colorado,2002.0,Female,40+ years,40+,172.0,970842.0,17.72
24713,Chlamydia,274.0,Colorado,2002.0,Female,Unknown,99,136.0,,
24714,Chlamydia,274.0,Colorado,2003.0,Female,0-14 years,0-14,173.0,469328.0,36.86
24715,Chlamydia,274.0,Colorado,2003.0,Female,15-19 years,15-19,3461.0,152575.0,2268.39
24716,Chlamydia,274.0,Colorado,2003.0,Female,20-24 years,20-24,3786.0,154474.0,2450.9
24717,Chlamydia,274.0,Colorado,2003.0,Female,25-29 years,25-29,1403.0,163347.0,858.91
24718,Chlamydia,274.0,Colorado,2003.0,Female,30-34 years,30-34,552.0,174994.0,315.44
24719,Chlamydia,274.0,Colorado,2003.0,Female,35-39 years,35-39,207.0,166917.0,124.01
24720,Chlamydia,274.0,Colorado,2003.0,Female,40+ years,40+,159.0,973813.0,16.33
24721,Chlamydia,274.0,Colorado,2003.0,Female,Unknown,99,102.0,,
24722,Chlamydia,274.0,Colorado,2004.0,Female,0-14 years,0-14,192.0,480971.0,39.92
24723,Chlamydia,274.0,Colorado,2004.0,Female,15-19 years,15-19,3617.0,154321.0,2343.82
24724,Chlamydia,274.0,Colorado,2004.0,Female,20-24 years,20-24,3809.0,156414.0,2435.2
24725,Chlamydia,274.0,Colorado,2004.0,Female,25-29 years,25-29,1545.0,164421.0,939.66
24726,Chlamydia,274.0,Colorado,2004.0,Female,30-34 years,30-34,612.0,173720.0,352.29
24727,Chlamydia,274.0,Colorado,2004.0,Female,35-39 years,35-39,243.0,164075.0,148.1
24728,Chlamydia,274.0,Colorado,2004.0,Female,40+ years,40+,199.0,985983.0,20.18
24729,Chlamydia,274.0,Colorado,2004.0,Female,Unknown,99,66.0,,
24730,Chlamydia,274.0,Colorado,2005.0,Female,0-14 years,0-14,159.0,480607.0,33.08
24731,Chlamydia,274.0,Colorado,2005.0,Female,15-19 years,15-19,3974.0,155966.0,2547.99
24732,Chlamydia,274.0,Colorado,2005.0,Female,20-24 years,20-24,4187.0,159441.0,2626.05
24733,Chlamydia,274.0,Colorado,2005.0,Female,25-29 years,25-29,1630.0,168009.0,970.19
24734,Chlamydia,274.0,Colorado,2005.0,Female,30-34 years,30-34,658.0,173008.0,380.33
24735,Chlamydia,274.0,Colorado,2005.0,Female,35-39 years,35-39,294.0,166479.0,176.6
24736,Chlamydia,274.0,Colorado,2005.0,Female,40+ years,40+,235.0,1006061.0,23.36
24737,Chlamydia,274.0,Colorado,2005.0,Female,Unknown,99,82.0,,
24738,Chlamydia,274.0,Colorado,2006.0,Female,0-14 years,0-14,156.0,474380.0,32.88
24739,Chlamydia,274.0,Colorado,2006.0,Female,15-19 years,15-19,3943.0,153408.0,2570.27
24740,Chlamydia,274.0,Colorado,2006.0,Female,20-24 years,20-24,4618.0,160005.0,2886.16
24741,Chlamydia,274.0,Colorado,2006.0,Female,25-29 years,25-29,1941.0,179462.0,1081.57
24742,Chlamydia,274.0,Colorado,2006.0,Female,30-34 years,30-34,737.0,165173.0,446.2
24743,Chlamydia,274.0,Colorado,2006.0,Female,35-39 years,35-39,350.0,170736.0,205.0
24744,Chlamydia,274.0,Colorado,2006.0,Female,40+ years,40+,251.0,1057209.0,23.74
24745,Chlamydia,274.0,Colorado,2006.0,Female,Unknown,99,41.0,,
24746,Chlamydia,274.0,Colorado,2007.0,Female,0-14 years,0-14,172.0,485485.0,35.43
24747,Chlamydia,274.0,Colorado,2007.0,Female,15-19 years,15-19,4437.0,155294.0,2857.16
24748,Chlamydia,274.0,Colorado,2007.0,Female,20-24 years,20-24,4660.0,158735.0,2935.71
24749,Chlamydia,274.0,Colorado,2007.0,Female,25-29 years,25-29,1997.0,183212.0,1089.99
24750,Chlamydia,274.0,Colorado,2007.0,Female,30-34 years,30-34,800.0,166313.0,481.02
24751,Chlamydia,274.0,Colorado,2007.0,Female,35-39 years,35-39,350.0,174656.0,200.39
24752,Chlamydia,274.0,Colorado,2007.0,Female,40+ years,40+,283.0,1087238.0,26.03
24753,Chlamydia,274.0,Colorado,2007.0,Female,Unknown,99,8.0,,
24754,Chlamydia,274.0,Colorado,2008.0,Female,0-14 years,0-14,194.0,493091.0,39.34
24755,Chlamydia,274.0,Colorado,2008.0,Female,15-19 years,15-19,4987.0,156181.0,3193.09
24756,Chlamydia,274.0,Colorado,2008.0,Female,20-24 years,20-24,5086.0,160152.0,3175.73
24757,Chlamydia,274.0,Colorado,2008.0,Female,25-29 years,25-29,2064.0,184789.0,1116.95
24758,Chlamydia,274.0,Colorado,2008.0,Female,30-34 years,30-34,822.0,169372.0,485.32
24759,Chlamydia,274.0,Colorado,2008.0,Female,35-39 years,35-39,373.0,175736.0,212.25
24760,Chlamydia,274.0,Colorado,2008.0,Female,40+ years,40+,281.0,1109094.0,25.34
24761,Chlamydia,274.0,Colorado,2008.0,Female,Unknown,99,18.0,,
24762,Chlamydia,274.0,Colorado,2009.0,Female,0-14 years,0-14,198.0,503855.0,39.3
24763,Chlamydia,274.0,Colorado,2009.0,Female,15-19 years,15-19,5197.0,161251.0,3222.93
24764,Chlamydia,274.0,Colorado,2009.0,Female,20-24 years,20-24,5512.0,171995.0,3204.74
24765,Chlamydia,274.0,Colorado,2009.0,Female,25-29 years,25-29,2281.0,184061.0,1239.26
24766,Chlamydia,274.0,Colorado,2009.0,Female,30-34 years,30-34,894.0,167784.0,532.83
24767,Chlamydia,274.0,Colorado,2009.0,Female,35-39 years,35-39,396.0,173141.0,228.72
24768,Chlamydia,274.0,Colorado,2009.0,Female,40+ years,40+,273.0,1131576.0,24.13
24769,Chlamydia,274.0,Colorado,2009.0,Female,Unknown,99,14.0,,
24770,Chlamydia,274.0,Colorado,2010.0,Female,0-14 years,0-14,202.0,500882.0,40.33
24771,Chlamydia,274.0,Colorado,2010.0,Female,15-19 years,15-19,4894.0,163745.0,2988.79
24772,Chlamydia,274.0,Colorado,2010.0,Female,20-24 years,20-24,5434.0,166850.0,3256.82
24773,Chlamydia,274.0,Colorado,2010.0,Female,25-29 years,25-29,2097.0,180452.0,1162.08
24774,Chlamydia,274.0,Colorado,2010.0,Female,30-34 years,30-34,834.0,172502.0,483.47
24775,Chlamydia,274.0,Colorado,2010.0,Female,35-39 years,35-39,428.0,171255.0,249.92
24776,Chlamydia,274.0,Colorado,2010.0,Female,40+ years,40+,290.0,1152848.0,25.16
24777,Chlamydia,274.0,Colorado,2010.0,Female,Unknown,99,9.0,,
24778,Chlamydia,274.0,Colorado,2011.0,Female,0-14 years,0-14,183.0,503873.0,36.32
24779,Chlamydia,274.0,Colorado,2011.0,Female,15-19 years,15-19,5287.0,163799.0,3227.74
24780,Chlamydia,274.0,Colorado,2011.0,Female,20-24 years,20-24,6108.0,171810.0,3555.09
24781,Chlamydia,274.0,Colorado,2011.0,Female,25-29 years,25-29,2378.0,182829.0,1300.67
24782,Chlamydia,274.0,Colorado,2011.0,Female,30-34 years,30-34,1034.0,178398.0,579.6
24783,Chlamydia,274.0,Colorado,2011.0,Female,35-39 years,35-39,434.0,167595.0,258.96
24784,Chlamydia,274.0,Colorado,2011.0,Female,40+ years,40+,321.0,1181297.0,27.17
24785,Chlamydia,274.0,Colorado,2011.0,Female,Unknown,99,6.0,,
24786,Chlamydia,274.0,Colorado,2012.0,Female,0-14 years,0-14,159.0,504438.0,31.52
24787,Chlamydia,274.0,Colorado,2012.0,Female,15-19 years,15-19,4988.0,163502.0,3050.73
24788,Chlamydia,274.0,Colorado,2012.0,Female,20-24 years,20-24,6107.0,174836.0,3492.99
24789,Chlamydia,274.0,Colorado,2012.0,Female,25-29 years,25-29,2438.0,184262.0,1323.12
24790,Chlamydia,274.0,Colorado,2012.0,Female,30-34 years,30-34,1013.0,183544.0,551.91
24791,Chlamydia,274.0,Colorado,2012.0,Female,35-39 years,35-39,441.0,168180.0,262.22
24792,Chlamydia,274.0,Colorado,2012.0,Female,40+ years,40+,330.0,1205115.0,27.38
24793,Chlamydia,274.0,Colorado,2013.0,Female,0-14 years,0-14,137.0,506800.0,27.03
24794,Chlamydia,274.0,Colorado,2013.0,Female,15-19 years,15-19,4351.0,163751.0,2657.08
24795,Chlamydia,274.0,Colorado,2013.0,Female,20-24 years,20-24,5786.0,178961.0,3233.11
24796,Chlamydia,274.0,Colorado,2013.0,Female,25-29 years,25-29,2293.0,187341.0,1223.97
24797,Chlamydia,274.0,Colorado,2013.0,Female,30-34 years,30-34,1023.0,188049.0,544.01
24798,Chlamydia,274.0,Colorado,2013.0,Female,35-39 years,35-39,415.0,170993.0,242.7
24799,Chlamydia,274.0,Colorado,2013.0,Female,40+ years,40+,330.0,1226026.0,26.92
24800,Chlamydia,274.0,Colorado,2013.0,Female,Unknown,99,1.0,,
24801,Chlamydia,274.0,Colorado,2014.0,Female,0-14 years,0-14,127.0,506800.0,25.06
24802,Chlamydia,274.0,Colorado,2014.0,Female,15-19 years,15-19,4367.0,163751.0,2666.85
24803,Chlamydia,274.0,Colorado,2014.0,Female,20-24 years,20-24,6004.0,178961.0,3354.92
24804,Chlamydia,274.0,Colorado,2014.0,Female,25-29 years,25-29,2465.0,187341.0,1315.78
24805,Chlamydia,274.0,Colorado,2014.0,Female,30-34 years,30-34,1074.0,188049.0,571.13
24806,Chlamydia,274.0,Colorado,2014.0,Female,35-39 years,35-39,463.0,170993.0,270.77
24807,Chlamydia,274.0,Colorado,2014.0,Female,40+ years,40+,403.0,1226026.0,32.87
24808,Chlamydia,274.0,Colorado,2014.0,Female,Unknown,99,3.0,,
24809,Chlamydia,274.0,Connecticut,1996.0,Female,0-14 years,0-14,197.0,336166.0,58.6
24810,Chlamydia,274.0,Connecticut,1996.0,Female,15-19 years,15-19,2296.0,97807.0,2347.48
24811,Chlamydia,274.0,Connecticut,1996.0,Female,20-24 years,20-24,1614.0,93533.0,1725.59
24812,Chlamydia,274.0,Connecticut,1996.0,Female,25-29 years,25-29,679.0,116450.0,583.08
24813,Chlamydia,274.0,Connecticut,1996.0,Female,30-34 years,30-34,260.0,141480.0,183.77
24814,Chlamydia,274.0,Connecticut,1996.0,Female,35-39 years,35-39,119.0,150078.0,79.29
24815,Chlamydia,274.0,Connecticut,1996.0,Female,40+ years,40+,78.0,786271.0,9.92
24816,Chlamydia,274.0,Connecticut,1996.0,Female,Unknown,99,78.0,,
24817,Chlamydia,274.0,Connecticut,1997.0,Female,0-14 years,0-14,167.0,336351.0,49.65
24818,Chlamydia,274.0,Connecticut,1997.0,Female,15-19 years,15-19,2292.0,99606.0,2301.07
24819,Chlamydia,274.0,Connecticut,1997.0,Female,20-24 years,20-24,1620.0,91660.0,1767.4
24820,Chlamydia,274.0,Connecticut,1997.0,Female,25-29 years,25-29,683.0,113179.0,603.47
24821,Chlamydia,274.0,Connecticut,1997.0,Female,30-34 years,30-34,241.0,137922.0,174.74
24822,Chlamydia,274.0,Connecticut,1997.0,Female,35-39 years,35-39,107.0,150653.0,71.02
24823,Chlamydia,274.0,Connecticut,1997.0,Female,40+ years,40+,130.0,798848.0,16.27
24824,Chlamydia,274.0,Connecticut,1997.0,Female,Unknown,99,42.0,,
24825,Chlamydia,274.0,Connecticut,1998.0,Female,0-14 years,0-14,161.0,340210.0,47.32
24826,Chlamydia,274.0,Connecticut,1998.0,Female,15-19 years,15-19,2557.0,101956.0,2507.94
24827,Chlamydia,274.0,Connecticut,1998.0,Female,20-24 years,20-24,1866.0,90952.0,2051.63
24828,Chlamydia,274.0,Connecticut,1998.0,Female,25-29 years,25-29,699.0,109325.0,639.38
24829,Chlamydia,274.0,Connecticut,1998.0,Female,30-34 years,30-34,255.0,133582.0,190.89
24830,Chlamydia,274.0,Connecticut,1998.0,Female,35-39 years,35-39,103.0,149828.0,68.75
24831,Chlamydia,274.0,Connecticut,1998.0,Female,40+ years,40+,85.0,811333.0,10.48
24832,Chlamydia,274.0,Connecticut,1998.0,Female,Unknown,99,102.0,,
24833,Chlamydia,274.0,Connecticut,1999.0,Female,0-14 years,0-14,159.0,343888.0,46.24
24834,Chlamydia,274.0,Connecticut,1999.0,Female,15-19 years,15-19,2512.0,103613.0,2424.41
24835,Chlamydia,274.0,Connecticut,1999.0,Female,20-24 years,20-24,1957.0,91683.0,2134.53
24836,Chlamydia,274.0,Connecticut,1999.0,Female,25-29 years,25-29,764.0,104776.0,729.17
24837,Chlamydia,274.0,Connecticut,1999.0,Female,30-34 years,30-34,320.0,129662.0,246.8
24838,Chlamydia,274.0,Connecticut,1999.0,Female,35-39 years,35-39,132.0,149312.0,88.41
24839,Chlamydia,274.0,Connecticut,1999.0,Female,40+ years,40+,85.0,824214.0,10.31
24840,Chlamydia,274.0,Connecticut,1999.0,Female,Unknown,99,124.0,,
24841,Chlamydia,274.0,Connecticut,2000.0,Female,0-14 years,0-14,120.0,352832.0,34.01
24842,Chlamydia,274.0,Connecticut,2000.0,Female,15-19 years,15-19,2602.0,106439.0,2444.59
24843,Chlamydia,274.0,Connecticut,2000.0,Female,20-24 years,20-24,2083.0,92540.0,2250.92
24844,Chlamydia,274.0,Connecticut,2000.0,Female,25-29 years,25-29,775.0,99353.0,780.05
24845,Chlamydia,274.0,Connecticut,2000.0,Female,30-34 years,30-34,316.0,126058.0,250.68
24846,Chlamydia,274.0,Connecticut,2000.0,Female,35-39 years,35-39,141.0,146776.0,96.06
24847,Chlamydia,274.0,Connecticut,2000.0,Female,40+ years,40+,97.0,834856.0,11.62
24848,Chlamydia,274.0,Connecticut,2000.0,Female,Unknown,99,104.0,,
24849,Chlamydia,274.0,Connecticut,2001.0,Female,0-14 years,0-14,130.0,351959.0,36.94
24850,Chlamydia,274.0,Connecticut,2001.0,Female,15-19 years,15-19,2461.0,109408.0,2249.38
24851,Chlamydia,274.0,Connecticut,2001.0,Female,20-24 years,20-24,2216.0,95076.0,2330.77
24852,Chlamydia,274.0,Connecticut,2001.0,Female,25-29 years,25-29,755.0,94796.0,796.45
24853,Chlamydia,274.0,Connecticut,2001.0,Female,30-34 years,30-34,312.0,123528.0,252.57
24854,Chlamydia,274.0,Connecticut,2001.0,Female,35-39 years,35-39,162.0,145016.0,111.71
24855,Chlamydia,274.0,Connecticut,2001.0,Female,40+ years,40+,104.0,849669.0,12.24
24856,Chlamydia,274.0,Connecticut,2001.0,Female,Unknown,99,120.0,,
24857,Chlamydia,274.0,Connecticut,2002.0,Female,0-14 years,0-14,144.0,356361.0,40.41
24858,Chlamydia,274.0,Connecticut,2002.0,Female,15-19 years,15-19,2893.0,112426.0,2573.25
24859,Chlamydia,274.0,Connecticut,2002.0,Female,20-24 years,20-24,2614.0,98184.0,2662.35
24860,Chlamydia,274.0,Connecticut,2002.0,Female,25-29 years,25-29,1035.0,91978.0,1125.27
24861,Chlamydia,274.0,Connecticut,2002.0,Female,30-34 years,30-34,509.0,120608.0,422.03
24862,Chlamydia,274.0,Connecticut,2002.0,Female,35-39 years,35-39,180.0,141302.0,127.39
24863,Chlamydia,274.0,Connecticut,2002.0,Female,40+ years,40+,138.0,860418.0,16.04
24864,Chlamydia,274.0,Connecticut,2002.0,Female,Unknown,99,225.0,,
24865,Chlamydia,274.0,Connecticut,2003.0,Female,0-14 years,0-14,137.0,338231.0,40.5
24866,Chlamydia,274.0,Connecticut,2003.0,Female,15-19 years,15-19,2749.0,114307.0,2404.93
24867,Chlamydia,274.0,Connecticut,2003.0,Female,20-24 years,20-24,2574.0,103375.0,2489.96
24868,Chlamydia,274.0,Connecticut,2003.0,Female,25-29 years,25-29,942.0,92181.0,1021.9
24869,Chlamydia,274.0,Connecticut,2003.0,Female,30-34 years,30-34,436.0,117097.0,372.34
24870,Chlamydia,274.0,Connecticut,2003.0,Female,35-39 years,35-39,178.0,139618.0,127.49
24871,Chlamydia,274.0,Connecticut,2003.0,Female,40+ years,40+,111.0,887361.0,12.51
24872,Chlamydia,274.0,Connecticut,2003.0,Female,Unknown,99,182.0,,
24873,Chlamydia,274.0,Connecticut,2004.0,Female,0-14 years,0-14,140.0,338225.0,41.39
24874,Chlamydia,274.0,Connecticut,2004.0,Female,15-19 years,15-19,2813.0,117612.0,2391.76
24875,Chlamydia,274.0,Connecticut,2004.0,Female,20-24 years,20-24,2540.0,105301.0,2412.13
24876,Chlamydia,274.0,Connecticut,2004.0,Female,25-29 years,25-29,1050.0,93217.0,1126.4
24877,Chlamydia,274.0,Connecticut,2004.0,Female,30-34 years,30-34,448.0,111523.0,401.71
24878,Chlamydia,274.0,Connecticut,2004.0,Female,35-39 years,35-39,178.0,134944.0,131.91
24879,Chlamydia,274.0,Connecticut,2004.0,Female,40+ years,40+,146.0,902596.0,16.18
24880,Chlamydia,274.0,Connecticut,2004.0,Female,Unknown,99,68.0,,
24881,Chlamydia,274.0,Connecticut,2005.0,Female,0-14 years,0-14,202.0,333917.0,60.49
24882,Chlamydia,274.0,Connecticut,2005.0,Female,15-19 years,15-19,3059.0,120767.0,2532.98
24883,Chlamydia,274.0,Connecticut,2005.0,Female,20-24 years,20-24,2971.0,107086.0,2774.41
24884,Chlamydia,274.0,Connecticut,2005.0,Female,25-29 years,25-29,1217.0,94818.0,1283.51
24885,Chlamydia,274.0,Connecticut,2005.0,Female,30-34 years,30-34,453.0,104999.0,431.43
24886,Chlamydia,274.0,Connecticut,2005.0,Female,35-39 years,35-39,213.0,131425.0,162.07
24887,Chlamydia,274.0,Connecticut,2005.0,Female,40+ years,40+,179.0,912254.0,19.62
24888,Chlamydia,274.0,Connecticut,2005.0,Female,Unknown,99,89.0,,
24889,Chlamydia,274.0,Connecticut,2006.0,Female,0-14 years,0-14,149.0,325316.0,45.8
24890,Chlamydia,274.0,Connecticut,2006.0,Female,15-19 years,15-19,3023.0,122256.0,2472.68
24891,Chlamydia,274.0,Connecticut,2006.0,Female,20-24 years,20-24,2935.0,107942.0,2719.05
24892,Chlamydia,274.0,Connecticut,2006.0,Female,25-29 years,25-29,1202.0,97793.0,1229.13
24893,Chlamydia,274.0,Connecticut,2006.0,Female,30-34 years,30-34,438.0,105047.0,416.96
24894,Chlamydia,274.0,Connecticut,2006.0,Female,35-39 years,35-39,231.0,129636.0,178.19
24895,Chlamydia,274.0,Connecticut,2006.0,Female,40+ years,40+,150.0,910631.0,16.47
24896,Chlamydia,274.0,Connecticut,2006.0,Female,Unknown,99,77.0,,
24897,Chlamydia,274.0,Connecticut,2007.0,Female,0-14 years,0-14,143.0,326241.0,43.83
24898,Chlamydia,274.0,Connecticut,2007.0,Female,15-19 years,15-19,3321.0,122618.0,2708.41
24899,Chlamydia,274.0,Connecticut,2007.0,Female,20-24 years,20-24,3017.0,108452.0,2781.88
24900,Chlamydia,274.0,Connecticut,2007.0,Female,25-29 years,25-29,1234.0,98630.0,1251.14
24901,Chlamydia,274.0,Connecticut,2007.0,Female,30-34 years,30-34,434.0,101407.0,427.98
24902,Chlamydia,274.0,Connecticut,2007.0,Female,35-39 years,35-39,191.0,125621.0,152.04
24903,Chlamydia,274.0,Connecticut,2007.0,Female,40+ years,40+,163.0,912353.0,17.87
24904,Chlamydia,274.0,Connecticut,2007.0,Female,Unknown,99,74.0,,
24905,Chlamydia,274.0,Connecticut,2008.0,Female,0-14 years,0-14,104.0,323975.0,32.1
24906,Chlamydia,274.0,Connecticut,2008.0,Female,15-19 years,15-19,3439.0,122022.0,2818.34
24907,Chlamydia,274.0,Connecticut,2008.0,Female,20-24 years,20-24,3380.0,108738.0,3108.39
24908,Chlamydia,274.0,Connecticut,2008.0,Female,25-29 years,25-29,1327.0,100669.0,1318.18
24909,Chlamydia,274.0,Connecticut,2008.0,Female,30-34 years,30-34,498.0,100207.0,496.97
24910,Chlamydia,274.0,Connecticut,2008.0,Female,35-39 years,35-39,243.0,121311.0,200.31
24911,Chlamydia,274.0,Connecticut,2008.0,Female,40+ years,40+,193.0,916920.0,21.05
24912,Chlamydia,274.0,Connecticut,2008.0,Female,Unknown,99,55.0,,
24913,Chlamydia,274.0,Connecticut,2009.0,Female,0-14 years,0-14,83.0,322804.0,25.71
24914,Chlamydia,274.0,Connecticut,2009.0,Female,15-19 years,15-19,3233.0,123986.0,2607.55
24915,Chlamydia,274.0,Connecticut,2009.0,Female,20-24 years,20-24,3367.0,113190.0,2974.64
24916,Chlamydia,274.0,Connecticut,2009.0,Female,25-29 years,25-29,1288.0,101976.0,1263.04
24917,Chlamydia,274.0,Connecticut,2009.0,Female,30-34 years,30-34,485.0,100293.0,483.58
24918,Chlamydia,274.0,Connecticut,2009.0,Female,35-39 years,35-39,232.0,115597.0,200.7
24919,Chlamydia,274.0,Connecticut,2009.0,Female,40+ years,40+,202.0,922806.0,21.89
24920,Chlamydia,274.0,Connecticut,2009.0,Female,Unknown,99,47.0,,
24921,Chlamydia,274.0,Connecticut,2010.0,Female,0-14 years,0-14,93.0,324780.0,28.63
24922,Chlamydia,274.0,Connecticut,2010.0,Female,15-19 years,15-19,3176.0,121885.0,2605.73
24923,Chlamydia,274.0,Connecticut,2010.0,Female,20-24 years,20-24,3649.0,110781.0,3293.89
24924,Chlamydia,274.0,Connecticut,2010.0,Female,25-29 years,25-29,1324.0,106159.0,1247.19
24925,Chlamydia,274.0,Connecticut,2010.0,Female,30-34 years,30-34,515.0,104194.0,494.27
24926,Chlamydia,274.0,Connecticut,2010.0,Female,35-39 years,35-39,237.0,113764.0,208.33
24927,Chlamydia,274.0,Connecticut,2010.0,Female,40+ years,40+,200.0,952920.0,20.99
24928,Chlamydia,274.0,Connecticut,2010.0,Female,Unknown,99,29.0,,
24929,Chlamydia,274.0,Connecticut,2011.0,Female,0-14 years,0-14,105.0,319502.0,32.86
24930,Chlamydia,274.0,Connecticut,2011.0,Female,15-19 years,15-19,3385.0,123249.0,2746.47
24931,Chlamydia,274.0,Connecticut,2011.0,Female,20-24 years,20-24,3947.0,109969.0,3589.19
24932,Chlamydia,274.0,Connecticut,2011.0,Female,25-29 years,25-29,1398.0,107509.0,1300.36
24933,Chlamydia,274.0,Connecticut,2011.0,Female,30-34 years,30-34,540.0,105870.0,510.06
24934,Chlamydia,274.0,Connecticut,2011.0,Female,35-39 years,35-39,209.0,107960.0,193.59
24935,Chlamydia,274.0,Connecticut,2011.0,Female,40+ years,40+,214.0,961834.0,22.25
24936,Chlamydia,274.0,Connecticut,2011.0,Female,Unknown,99,26.0,,
24937,Chlamydia,274.0,Connecticut,2012.0,Female,0-14 years,0-14,124.0,315800.0,39.27
24938,Chlamydia,274.0,Connecticut,2012.0,Female,15-19 years,15-19,3005.0,124986.0,2404.27
24939,Chlamydia,274.0,Connecticut,2012.0,Female,20-24 years,20-24,3821.0,110187.0,3467.74
24940,Chlamydia,274.0,Connecticut,2012.0,Female,25-29 years,25-29,1442.0,108559.0,1328.31
24941,Chlamydia,274.0,Connecticut,2012.0,Female,30-34 years,30-34,585.0,108167.0,540.83
24942,Chlamydia,274.0,Connecticut,2012.0,Female,35-39 years,35-39,243.0,105998.0,229.25
24943,Chlamydia,274.0,Connecticut,2012.0,Female,40+ years,40+,222.0,966734.0,22.96
24944,Chlamydia,274.0,Connecticut,2012.0,Female,Unknown,99,22.0,,
24945,Chlamydia,274.0,Connecticut,2013.0,Female,0-14 years,0-14,94.0,312739.0,30.06
24946,Chlamydia,274.0,Connecticut,2013.0,Female,15-19 years,15-19,2936.0,124102.0,2365.8
24947,Chlamydia,274.0,Connecticut,2013.0,Female,20-24 years,20-24,3600.0,113326.0,3176.68
24948,Chlamydia,274.0,Connecticut,2013.0,Female,25-29 years,25-29,1443.0,108982.0,1324.07
24949,Chlamydia,274.0,Connecticut,2013.0,Female,30-34 years,30-34,583.0,109822.0,530.86
24950,Chlamydia,274.0,Connecticut,2013.0,Female,35-39 years,35-39,263.0,105086.0,250.27
24951,Chlamydia,274.0,Connecticut,2013.0,Female,40+ years,40+,280.0,967872.0,28.93
24952,Chlamydia,274.0,Connecticut,2013.0,Female,Unknown,99,11.0,,
24953,Chlamydia,274.0,Connecticut,2014.0,Female,0-14 years,0-14,91.0,312739.0,29.1
24954,Chlamydia,274.0,Connecticut,2014.0,Female,15-19 years,15-19,2782.0,124102.0,2241.7
24955,Chlamydia,274.0,Connecticut,2014.0,Female,20-24 years,20-24,3800.0,113326.0,3353.16
24956,Chlamydia,274.0,Connecticut,2014.0,Female,25-29 years,25-29,1593.0,108982.0,1461.71
24957,Chlamydia,274.0,Connecticut,2014.0,Female,30-34 years,30-34,640.0,109822.0,582.76
24958,Chlamydia,274.0,Connecticut,2014.0,Female,35-39 years,35-39,306.0,105086.0,291.19
24959,Chlamydia,274.0,Connecticut,2014.0,Female,40+ years,40+,291.0,967872.0,30.07
24960,Chlamydia,274.0,Connecticut,2014.0,Female,Unknown,99,9.0,,
24961,Chlamydia,274.0,Delaware,1996.0,Female,Unknown,99,1875.0,,
24962,Chlamydia,274.0,Delaware,1997.0,Female,Unknown,99,2068.0,,
24963,Chlamydia,274.0,Delaware,1998.0,Female,0-14 years,0-14,78.0,77127.0,101.13
24964,Chlamydia,274.0,Delaware,1998.0,Female,15-19 years,15-19,1058.0,26597.0,3977.89
24965,Chlamydia,274.0,Delaware,1998.0,Female,20-24 years,20-24,617.0,24312.0,2537.84
24966,Chlamydia,274.0,Delaware,1998.0,Female,25-29 years,25-29,218.0,28247.0,771.76
24967,Chlamydia,274.0,Delaware,1998.0,Female,30-34 years,30-34,78.0,29644.0,263.12
24968,Chlamydia,274.0,Delaware,1998.0,Female,35-39 years,35-39,38.0,32949.0,115.33
24969,Chlamydia,274.0,Delaware,1998.0,Female,40+ years,40+,29.0,174106.0,16.66
24970,Chlamydia,274.0,Delaware,1998.0,Female,Unknown,99,1.0,,
24971,Chlamydia,274.0,Delaware,1999.0,Female,0-14 years,0-14,69.0,78478.0,87.92
24972,Chlamydia,274.0,Delaware,1999.0,Female,15-19 years,15-19,1060.0,27299.0,3882.93
24973,Chlamydia,274.0,Delaware,1999.0,Female,20-24 years,20-24,736.0,25263.0,2913.35
24974,Chlamydia,274.0,Delaware,1999.0,Female,25-29 years,25-29,261.0,26844.0,972.28
24975,Chlamydia,274.0,Delaware,1999.0,Female,30-34 years,30-34,90.0,29265.0,307.54
24976,Chlamydia,274.0,Delaware,1999.0,Female,35-39 years,35-39,33.0,32964.0,100.11
24977,Chlamydia,274.0,Delaware,1999.0,Female,40+ years,40+,19.0,178619.0,10.64
24978,Chlamydia,274.0,Delaware,2000.0,Female,0-14 years,0-14,81.0,77348.0,104.72
24979,Chlamydia,274.0,Delaware,2000.0,Female,15-19 years,15-19,1078.0,27426.0,3930.58
24980,Chlamydia,274.0,Delaware,2000.0,Female,20-24 years,20-24,758.0,26791.0,2829.31
24981,Chlamydia,274.0,Delaware,2000.0,Female,25-29 years,25-29,202.0,25813.0,782.55
24982,Chlamydia,274.0,Delaware,2000.0,Female,30-34 years,30-34,86.0,29565.0,290.88
24983,Chlamydia,274.0,Delaware,2000.0,Female,35-39 years,35-39,50.0,33178.0,150.7
24984,Chlamydia,274.0,Delaware,2000.0,Female,40+ years,40+,16.0,184532.0,8.67
24985,Chlamydia,274.0,Delaware,2001.0,Female,0-14 years,0-14,79.0,77592.0,101.81
24986,Chlamydia,274.0,Delaware,2001.0,Female,15-19 years,15-19,976.0,26534.0,3678.3
24987,Chlamydia,274.0,Delaware,2001.0,Female,20-24 years,20-24,738.0,28841.0,2558.86
24988,Chlamydia,274.0,Delaware,2001.0,Female,25-29 years,25-29,196.0,25237.0,776.64
24989,Chlamydia,274.0,Delaware,2001.0,Female,30-34 years,30-34,94.0,29678.0,316.73
24990,Chlamydia,274.0,Delaware,2001.0,Female,35-39 years,35-39,29.0,32859.0,88.26
24991,Chlamydia,274.0,Delaware,2001.0,Female,40+ years,40+,13.0,188890.0,6.88
24992,Chlamydia,274.0,Delaware,2002.0,Female,0-14 years,0-14,75.0,76872.0,97.56
24993,Chlamydia,274.0,Delaware,2002.0,Female,15-19 years,15-19,1005.0,26130.0,3846.15
24994,Chlamydia,274.0,Delaware,2002.0,Female,20-24 years,20-24,644.0,30499.0,2111.54
24995,Chlamydia,274.0,Delaware,2002.0,Female,25-29 years,25-29,191.0,25419.0,751.41
24996,Chlamydia,274.0,Delaware,2002.0,Female,30-34 years,30-34,77.0,29805.0,258.35
24997,Chlamydia,274.0,Delaware,2002.0,Female,35-39 years,35-39,28.0,32699.0,85.63
24998,Chlamydia,274.0,Delaware,2002.0,Female,40+ years,40+,14.0,193586.0,7.23
24999,Chlamydia,274.0,Delaware,2003.0,Female,0-14 years,0-14,65.0,80614.0,80.63
25000,Chlamydia,274.0,Delaware,2003.0,Female,15-19 years,15-19,942.0,26833.0,3510.6
25001,Chlamydia,274.0,Delaware,2003.0,Female,20-24 years,20-24,751.0,30258.0,2481.99
25002,Chlamydia,274.0,Delaware,2003.0,Female,25-29 years,25-29,241.0,25482.0,945.77
25003,Chlamydia,274.0,Delaware,2003.0,Female,30-34 years,30-34,90.0,28268.0,318.38
25004,Chlamydia,274.0,Delaware,2003.0,Female,35-39 years,35-39,41.0,31095.0,131.85
25005,Chlamydia,274.0,Delaware,2003.0,Female,40+ years,40+,25.0,196822.0,12.7
25006,Chlamydia,274.0,Delaware,2004.0,Female,0-14 years,0-14,47.0,78131.0,60.16
25007,Chlamydia,274.0,Delaware,2004.0,Female,15-19 years,15-19,962.0,27133.0,3545.5
25008,Chlamydia,274.0,Delaware,2004.0,Female,20-24 years,20-24,728.0,30491.0,2387.59
25009,Chlamydia,274.0,Delaware,2004.0,Female,25-29 years,25-29,233.0,27390.0,850.67
25010,Chlamydia,274.0,Delaware,2004.0,Female,30-34 years,30-34,99.0,28148.0,351.71
25011,Chlamydia,274.0,Delaware,2004.0,Female,35-39 years,35-39,48.0,30945.0,155.11
25012,Chlamydia,274.0,Delaware,2004.0,Female,40+ years,40+,23.0,203450.0,11.3
25013,Chlamydia,274.0,Delaware,2005.0,Female,0-14 years,0-14,59.0,78673.0,74.99
25014,Chlamydia,274.0,Delaware,2005.0,Female,15-19 years,15-19,1064.0,27815.0,3825.27
25015,Chlamydia,274.0,Delaware,2005.0,Female,20-24 years,20-24,796.0,29864.0,2665.42
25016,Chlamydia,274.0,Delaware,2005.0,Female,25-29 years,25-29,365.0,29047.0,1256.58
25017,Chlamydia,274.0,Delaware,2005.0,Female,30-34 years,30-34,113.0,27340.0,413.31
25018,Chlamydia,274.0,Delaware,2005.0,Female,35-39 years,35-39,46.0,30611.0,150.27
25019,Chlamydia,274.0,Delaware,2005.0,Female,40+ years,40+,50.0,208868.0,23.94
25020,Chlamydia,274.0,Delaware,2006.0,Female,0-14 years,0-14,43.0,82046.0,52.41
25021,Chlamydia,274.0,Delaware,2006.0,Female,15-19 years,15-19,1099.0,30116.0,3649.22
25022,Chlamydia,274.0,Delaware,2006.0,Female,20-24 years,20-24,922.0,28760.0,3205.84
25023,Chlamydia,274.0,Delaware,2006.0,Female,25-29 years,25-29,345.0,28796.0,1198.08
25024,Chlamydia,274.0,Delaware,2006.0,Female,30-34 years,30-34,118.0,26754.0,441.06
25025,Chlamydia,274.0,Delaware,2006.0,Female,35-39 years,35-39,59.0,30335.0,194.5
25026,Chlamydia,274.0,Delaware,2006.0,Female,40+ years,40+,39.0,212425.0,18.36
25027,Chlamydia,274.0,Delaware,2007.0,Female,0-14 years,0-14,34.0,82934.0,41.0
25028,Chlamydia,274.0,Delaware,2007.0,Female,15-19 years,15-19,1000.0,30613.0,3266.59
25029,Chlamydia,274.0,Delaware,2007.0,Female,20-24 years,20-24,914.0,29114.0,3139.38
25030,Chlamydia,274.0,Delaware,2007.0,Female,25-29 years,25-29,366.0,28363.0,1290.41
25031,Chlamydia,274.0,Delaware,2007.0,Female,30-34 years,30-34,135.0,26621.0,507.12
25032,Chlamydia,274.0,Delaware,2007.0,Female,35-39 years,35-39,59.0,30120.0,195.88
25033,Chlamydia,274.0,Delaware,2007.0,Female,40+ years,40+,46.0,217705.0,21.13
25034,Chlamydia,274.0,Delaware,2008.0,Female,0-14 years,0-14,39.0,83349.0,46.79
25035,Chlamydia,274.0,Delaware,2008.0,Female,15-19 years,15-19,1075.0,30601.0,3512.96
25036,Chlamydia,274.0,Delaware,2008.0,Female,20-24 years,20-24,999.0,28869.0,3460.46
25037,Chlamydia,274.0,Delaware,2008.0,Female,25-29 years,25-29,399.0,28647.0,1392.82
25038,Chlamydia,274.0,Delaware,2008.0,Female,30-34 years,30-34,158.0,26771.0,590.19
25039,Chlamydia,274.0,Delaware,2008.0,Female,35-39 years,35-39,63.0,29671.0,212.33
25040,Chlamydia,274.0,Delaware,2008.0,Female,40+ years,40+,56.0,221848.0,25.24
25041,Chlamydia,274.0,Delaware,2009.0,Female,0-14 years,0-14,52.0,83915.0,61.97
25042,Chlamydia,274.0,Delaware,2009.0,Female,15-19 years,15-19,1349.0,30622.0,4405.33
25043,Chlamydia,274.0,Delaware,2009.0,Female,20-24 years,20-24,1325.0,27942.0,4741.97
25044,Chlamydia,274.0,Delaware,2009.0,Female,25-29 years,25-29,523.0,29445.0,1776.19
25045,Chlamydia,274.0,Delaware,2009.0,Female,30-34 years,30-34,181.0,28579.0,633.33
25046,Chlamydia,274.0,Delaware,2009.0,Female,35-39 years,35-39,84.0,28836.0,291.3
25047,Chlamydia,274.0,Delaware,2009.0,Female,40+ years,40+,59.0,226121.0,26.09
25048,Chlamydia,274.0,Delaware,2010.0,Female,0-14 years,0-14,44.0,83075.0,52.96
25049,Chlamydia,274.0,Delaware,2010.0,Female,15-19 years,15-19,1307.0,31931.0,4093.2
25050,Chlamydia,274.0,Delaware,2010.0,Female,20-24 years,20-24,1186.0,31374.0,3780.2
25051,Chlamydia,274.0,Delaware,2010.0,Female,25-29 years,25-29,478.0,28884.0,1654.9
25052,Chlamydia,274.0,Delaware,2010.0,Female,30-34 years,30-34,159.0,27405.0,580.19
25053,Chlamydia,274.0,Delaware,2010.0,Female,35-39 years,35-39,63.0,28270.0,222.85
25054,Chlamydia,274.0,Delaware,2010.0,Female,40+ years,40+,59.0,232056.0,25.42
25055,Chlamydia,274.0,Delaware,2011.0,Female,0-14 years,0-14,45.0,83006.0,54.21
25056,Chlamydia,274.0,Delaware,2011.0,Female,15-19 years,15-19,1215.0,30666.0,3962.04
25057,Chlamydia,274.0,Delaware,2011.0,Female,20-24 years,20-24,1253.0,32377.0,3870.03
25058,Chlamydia,274.0,Delaware,2011.0,Female,25-29 years,25-29,381.0,29137.0,1307.62
25059,Chlamydia,274.0,Delaware,2011.0,Female,30-34 years,30-34,155.0,28379.0,546.18
25060,Chlamydia,274.0,Delaware,2011.0,Female,35-39 years,35-39,85.0,27153.0,313.04
25061,Chlamydia,274.0,Delaware,2011.0,Female,40+ years,40+,57.0,236581.0,24.09
25062,Chlamydia,274.0,Delaware,2012.0,Female,0-14 years,0-14,40.0,83659.0,47.81
25063,Chlamydia,274.0,Delaware,2012.0,Female,15-19 years,15-19,1020.0,30390.0,3356.37
25064,Chlamydia,274.0,Delaware,2012.0,Female,20-24 years,20-24,1308.0,33451.0,3910.2
25065,Chlamydia,274.0,Delaware,2012.0,Female,25-29 years,25-29,465.0,29237.0,1590.45
25066,Chlamydia,274.0,Delaware,2012.0,Female,30-34 years,30-34,190.0,29118.0,652.52
25067,Chlamydia,274.0,Delaware,2012.0,Female,35-39 years,35-39,91.0,26750.0,340.19
25068,Chlamydia,274.0,Delaware,2012.0,Female,40+ years,40+,67.0,240129.0,27.9
25069,Chlamydia,274.0,Delaware,2013.0,Female,0-14 years,0-14,33.0,83752.0,39.4
25070,Chlamydia,274.0,Delaware,2013.0,Female,15-19 years,15-19,1213.0,29521.0,4108.94
25071,Chlamydia,274.0,Delaware,2013.0,Female,20-24 years,20-24,1478.0,32742.0,4514.08
25072,Chlamydia,274.0,Delaware,2013.0,Female,25-29 years,25-29,573.0,30812.0,1859.67
25073,Chlamydia,274.0,Delaware,2013.0,Female,30-34 years,30-34,230.0,29567.0,777.89
25074,Chlamydia,274.0,Delaware,2013.0,Female,35-39 years,35-39,107.0,26966.0,396.8
25075,Chlamydia,274.0,Delaware,2013.0,Female,40+ years,40+,80.0,244442.0,32.73
25076,Chlamydia,274.0,Delaware,2014.0,Female,0-14 years,0-14,35.0,83752.0,41.79
25077,Chlamydia,274.0,Delaware,2014.0,Female,15-19 years,15-19,902.0,29521.0,3055.45
25078,Chlamydia,274.0,Delaware,2014.0,Female,20-24 years,20-24,1323.0,32742.0,4040.68
25079,Chlamydia,274.0,Delaware,2014.0,Female,25-29 years,25-29,480.0,30812.0,1557.83
25080,Chlamydia,274.0,Delaware,2014.0,Female,30-34 years,30-34,199.0,29567.0,673.05
25081,Chlamydia,274.0,Delaware,2014.0,Female,35-39 years,35-39,71.0,26966.0,263.3
25082,Chlamydia,274.0,Delaware,2014.0,Female,40+ years,40+,74.0,244442.0,30.27
25083,Chlamydia,274.0,District of Columbia,1996.0,Female,0-14 years,0-14,81.0,51167.0,158.31
25084,Chlamydia,274.0,District of Columbia,1996.0,Female,15-19 years,15-19,750.0,17091.0,4388.27
25085,Chlamydia,274.0,District of Columbia,1996.0,Female,20-24 years,20-24,507.0,24605.0,2060.56
25086,Chlamydia,274.0,District of Columbia,1996.0,Female,25-29 years,25-29,223.0,34074.0,654.46
25087,Chlamydia,274.0,District of Columbia,1996.0,Female,30-34 years,30-34,78.0,27315.0,285.56
25088,Chlamydia,274.0,District of Columbia,1996.0,Female,35-39 years,35-39,32.0,23405.0,136.72
25089,Chlamydia,274.0,District of Columbia,1996.0,Female,40+ years,40+,31.0,126352.0,24.53
25090,Chlamydia,274.0,District of Columbia,1996.0,Female,Unknown,99,62.0,,
25091,Chlamydia,274.0,District of Columbia,1997.0,Female,0-14 years,0-14,149.0,50526.0,294.9
25092,Chlamydia,274.0,District of Columbia,1997.0,Female,15-19 years,15-19,1107.0,17652.0,6271.24
25093,Chlamydia,274.0,District of Columbia,1997.0,Female,20-24 years,20-24,754.0,23220.0,3247.2
25094,Chlamydia,274.0,District of Columbia,1997.0,Female,25-29 years,25-29,306.0,33601.0,910.69
25095,Chlamydia,274.0,District of Columbia,1997.0,Female,30-34 years,30-34,132.0,26390.0,500.19
25096,Chlamydia,274.0,District of Columbia,1997.0,Female,35-39 years,35-39,37.0,23077.0,160.33
25097,Chlamydia,274.0,District of Columbia,1997.0,Female,40+ years,40+,63.0,126277.0,49.89
25098,Chlamydia,274.0,District of Columbia,1997.0,Female,Unknown,99,110.0,,
25099,Chlamydia,274.0,District of Columbia,1998.0,Female,0-14 years,0-14,131.0,48160.0,272.01
25100,Chlamydia,274.0,District of Columbia,1998.0,Female,15-19 years,15-19,1173.0,18265.0,6422.12
25101,Chlamydia,274.0,District of Columbia,1998.0,Female,20-24 years,20-24,806.0,24281.0,3319.47
25102,Chlamydia,274.0,District of Columbia,1998.0,Female,25-29 years,25-29,336.0,32303.0,1040.15
25103,Chlamydia,274.0,District of Columbia,1998.0,Female,30-34 years,30-34,123.0,25590.0,480.66
25104,Chlamydia,274.0,District of Columbia,1998.0,Female,35-39 years,35-39,54.0,23019.0,234.59
25105,Chlamydia,274.0,District of Columbia,1998.0,Female,40+ years,40+,54.0,127712.0,42.28
25106,Chlamydia,274.0,District of Columbia,1998.0,Female,Unknown,99,45.0,,
25107,Chlamydia,274.0,District of Columbia,1999.0,Female,0-14 years,0-14,106.0,48609.0,218.07
25108,Chlamydia,274.0,District of Columbia,1999.0,Female,15-19 years,15-19,1016.0,19213.0,5288.09
25109,Chlamydia,274.0,District of Columbia,1999.0,Female,20-24 years,20-24,763.0,26317.0,2899.27
25110,Chlamydia,274.0,District of Columbia,1999.0,Female,25-29 years,25-29,282.0,29880.0,943.77
25111,Chlamydia,274.0,District of Columbia,1999.0,Female,30-34 years,30-34,111.0,24860.0,446.5
25112,Chlamydia,274.0,District of Columbia,1999.0,Female,35-39 years,35-39,64.0,22908.0,279.38
25113,Chlamydia,274.0,District of Columbia,1999.0,Female,40+ years,40+,59.0,130010.0,45.38
25114,Chlamydia,274.0,District of Columbia,1999.0,Female,Unknown,99,2.0,,
25115,Chlamydia,274.0,District of Columbia,2000.0,Female,0-14 years,0-14,104.0,46327.0,224.49
25116,Chlamydia,274.0,District of Columbia,2000.0,Female,15-19 years,15-19,1070.0,18768.0,5701.19
25117,Chlamydia,274.0,District of Columbia,2000.0,Female,20-24 years,20-24,892.0,28919.0,3084.48
25118,Chlamydia,274.0,District of Columbia,2000.0,Female,25-29 years,25-29,354.0,27961.0,1266.05
25119,Chlamydia,274.0,District of Columbia,2000.0,Female,30-34 years,30-34,170.0,24923.0,682.1
25120,Chlamydia,274.0,District of Columbia,2000.0,Female,35-39 years,35-39,73.0,22772.0,320.57
25121,Chlamydia,274.0,District of Columbia,2000.0,Female,40+ years,40+,82.0,132829.0,61.73
25122,Chlamydia,274.0,District of Columbia,2000.0,Female,Unknown,99,41.0,,
25123,Chlamydia,274.0,District of Columbia,2001.0,Female,0-14 years,0-14,115.0,47724.0,240.97
25124,Chlamydia,274.0,District of Columbia,2001.0,Female,15-19 years,15-19,1095.0,15419.0,7101.63
25125,Chlamydia,274.0,District of Columbia,2001.0,Female,20-24 years,20-24,918.0,29832.0,3077.23
25126,Chlamydia,274.0,District of Columbia,2001.0,Female,25-29 years,25-29,347.0,28716.0,1208.39
25127,Chlamydia,274.0,District of Columbia,2001.0,Female,30-34 years,30-34,159.0,25854.0,614.99
25128,Chlamydia,274.0,District of Columbia,2001.0,Female,35-39 years,35-39,62.0,22524.0,275.26
25129,Chlamydia,274.0,District of Columbia,2001.0,Female,40+ years,40+,81.0,133249.0,60.79
25130,Chlamydia,274.0,District of Columbia,2001.0,Female,Unknown,99,30.0,,
25131,Chlamydia,274.0,District of Columbia,2002.0,Female,0-14 years,0-14,85.0,47759.0,177.98
25132,Chlamydia,274.0,District of Columbia,2002.0,Female,15-19 years,15-19,1074.0,13562.0,7919.19
25133,Chlamydia,274.0,District of Columbia,2002.0,Female,20-24 years,20-24,966.0,29376.0,3288.4
25134,Chlamydia,274.0,District of Columbia,2002.0,Female,25-29 years,25-29,349.0,29383.0,1187.76
25135,Chlamydia,274.0,District of Columbia,2002.0,Female,30-34 years,30-34,155.0,26364.0,587.92
25136,Chlamydia,274.0,District of Columbia,2002.0,Female,35-39 years,35-39,82.0,22231.0,368.85
25137,Chlamydia,274.0,District of Columbia,2002.0,Female,40+ years,40+,96.0,132575.0,72.41
25138,Chlamydia,274.0,District of Columbia,2002.0,Female,Unknown,99,18.0,,
25139,Chlamydia,274.0,District of Columbia,2003.0,Female,0-14 years,0-14,125.0,46151.0,270.85
25140,Chlamydia,274.0,District of Columbia,2003.0,Female,15-19 years,15-19,1062.0,13900.0,7640.29
25141,Chlamydia,274.0,District of Columbia,2003.0,Female,20-24 years,20-24,889.0,27766.0,3201.76
25142,Chlamydia,274.0,District of Columbia,2003.0,Female,25-29 years,25-29,335.0,31332.0,1069.19
25143,Chlamydia,274.0,District of Columbia,2003.0,Female,30-34 years,30-34,141.0,26397.0,534.15
25144,Chlamydia,274.0,District of Columbia,2003.0,Female,35-39 years,35-39,65.0,21553.0,301.58
25145,Chlamydia,274.0,District of Columbia,2003.0,Female,40+ years,40+,63.0,131166.0,48.03
25146,Chlamydia,274.0,District of Columbia,2003.0,Female,Unknown,99,15.0,,
25147,Chlamydia,274.0,District of Columbia,2004.0,Female,0-14 years,0-14,116.0,46474.0,249.6
25148,Chlamydia,274.0,District of Columbia,2004.0,Female,15-19 years,15-19,1124.0,12937.0,8688.26
25149,Chlamydia,274.0,District of Columbia,2004.0,Female,20-24 years,20-24,969.0,24882.0,3894.38
25150,Chlamydia,274.0,District of Columbia,2004.0,Female,25-29 years,25-29,408.0,31775.0,1284.03
25151,Chlamydia,274.0,District of Columbia,2004.0,Female,30-34 years,30-34,152.0,25918.0,586.47
25152,Chlamydia,274.0,District of Columbia,2004.0,Female,35-39 years,35-39,71.0,20858.0,340.4
25153,Chlamydia,274.0,District of Columbia,2004.0,Female,40+ years,40+,97.0,128949.0,75.22
25154,Chlamydia,274.0,District of Columbia,2004.0,Female,Unknown,99,11.0,,
25155,Chlamydia,274.0,District of Columbia,2005.0,Female,0-14 years,0-14,108.0,47554.0,227.11
25156,Chlamydia,274.0,District of Columbia,2005.0,Female,15-19 years,15-19,1153.0,13448.0,8573.77
25157,Chlamydia,274.0,District of Columbia,2005.0,Female,20-24 years,20-24,982.0,21369.0,4595.44
25158,Chlamydia,274.0,District of Columbia,2005.0,Female,25-29 years,25-29,398.0,32692.0,1217.42
25159,Chlamydia,274.0,District of Columbia,2005.0,Female,30-34 years,30-34,173.0,25476.0,679.07
25160,Chlamydia,274.0,District of Columbia,2005.0,Female,35-39 years,35-39,62.0,20933.0,296.18
25161,Chlamydia,274.0,District of Columbia,2005.0,Female,40+ years,40+,87.0,127911.0,68.02
25162,Chlamydia,274.0,District of Columbia,2005.0,Female,Unknown,99,13.0,,
25163,Chlamydia,274.0,District of Columbia,2006.0,Female,0-14 years,0-14,66.0,47277.0,139.6
25164,Chlamydia,274.0,District of Columbia,2006.0,Female,15-19 years,15-19,1010.0,20646.0,4891.99
25165,Chlamydia,274.0,District of Columbia,2006.0,Female,20-24 years,20-24,790.0,28065.0,2814.89
25166,Chlamydia,274.0,District of Columbia,2006.0,Female,25-29 years,25-29,331.0,29958.0,1104.88
25167,Chlamydia,274.0,District of Columbia,2006.0,Female,30-34 years,30-34,149.0,24680.0,603.73
25168,Chlamydia,274.0,District of Columbia,2006.0,Female,35-39 years,35-39,60.0,22288.0,269.2
25169,Chlamydia,274.0,District of Columbia,2006.0,Female,40+ years,40+,92.0,135952.0,67.67
25170,Chlamydia,274.0,District of Columbia,2006.0,Female,Unknown,99,12.0,,
25171,Chlamydia,274.0,District of Columbia,2007.0,Female,0-14 years,0-14,101.0,45965.0,219.73
25172,Chlamydia,274.0,District of Columbia,2007.0,Female,15-19 years,15-19,1623.0,21115.0,7686.48
25173,Chlamydia,274.0,District of Columbia,2007.0,Female,20-24 years,20-24,1276.0,28622.0,4458.11
25174,Chlamydia,274.0,District of Columbia,2007.0,Female,25-29 years,25-29,528.0,30487.0,1731.89
25175,Chlamydia,274.0,District of Columbia,2007.0,Female,30-34 years,30-34,215.0,25024.0,859.17
25176,Chlamydia,274.0,District of Columbia,2007.0,Female,35-39 years,35-39,90.0,22131.0,406.67
25177,Chlamydia,274.0,District of Columbia,2007.0,Female,40+ years,40+,119.0,136841.0,86.96
25178,Chlamydia,274.0,District of Columbia,2007.0,Female,Unknown,99,18.0,,
25179,Chlamydia,274.0,District of Columbia,2008.0,Female,0-14 years,0-14,126.0,45365.0,277.75
25180,Chlamydia,274.0,District of Columbia,2008.0,Female,15-19 years,15-19,1900.0,21290.0,8924.38
25181,Chlamydia,274.0,District of Columbia,2008.0,Female,20-24 years,20-24,1295.0,29113.0,4448.18
25182,Chlamydia,274.0,District of Columbia,2008.0,Female,25-29 years,25-29,586.0,31484.0,1861.26
25183,Chlamydia,274.0,District of Columbia,2008.0,Female,30-34 years,30-34,261.0,24794.0,1052.67
25184,Chlamydia,274.0,District of Columbia,2008.0,Female,35-39 years,35-39,113.0,22017.0,513.24
25185,Chlamydia,274.0,District of Columbia,2008.0,Female,40+ years,40+,153.0,137890.0,110.96
25186,Chlamydia,274.0,District of Columbia,2008.0,Female,Unknown,99,4.0,,
25187,Chlamydia,274.0,District of Columbia,2009.0,Female,0-14 years,0-14,113.0,46270.0,244.22
25188,Chlamydia,274.0,District of Columbia,2009.0,Female,15-19 years,15-19,1792.0,21678.0,8266.45
25189,Chlamydia,274.0,District of Columbia,2009.0,Female,20-24 years,20-24,1237.0,27179.0,4551.31
25190,Chlamydia,274.0,District of Columbia,2009.0,Female,25-29 years,25-29,536.0,32253.0,1661.86
25191,Chlamydia,274.0,District of Columbia,2009.0,Female,30-34 years,30-34,258.0,26807.0,962.43
25192,Chlamydia,274.0,District of Columbia,2009.0,Female,35-39 years,35-39,97.0,23072.0,420.42
25193,Chlamydia,274.0,District of Columbia,2009.0,Female,40+ years,40+,119.0,139335.0,85.41
25194,Chlamydia,274.0,District of Columbia,2009.0,Female,Unknown,99,1.0,,
25195,Chlamydia,274.0,District of Columbia,2010.0,Female,0-14 years,0-14,87.0,41429.0,210.0
25196,Chlamydia,274.0,District of Columbia,2010.0,Female,15-19 years,15-19,1659.0,20968.0,7912.06
25197,Chlamydia,274.0,District of Columbia,2010.0,Female,20-24 years,20-24,1202.0,35309.0,3404.23
25198,Chlamydia,274.0,District of Columbia,2010.0,Female,25-29 years,25-29,475.0,37482.0,1267.27
25199,Chlamydia,274.0,District of Columbia,2010.0,Female,30-34 years,30-34,172.0,28479.0,603.95
25200,Chlamydia,274.0,District of Columbia,2010.0,Female,35-39 years,35-39,83.0,21478.0,386.44
25201,Chlamydia,274.0,District of Columbia,2010.0,Female,40+ years,40+,102.0,132356.0,77.06
25202,Chlamydia,274.0,District of Columbia,2010.0,Female,Unknown,99,2.0,,
25203,Chlamydia,274.0,District of Columbia,2011.0,Female,0-14 years,0-14,128.0,43745.0,292.61
25204,Chlamydia,274.0,District of Columbia,2011.0,Female,15-19 years,15-19,1864.0,20531.0,9078.95
25205,Chlamydia,274.0,District of Columbia,2011.0,Female,20-24 years,20-24,1452.0,33984.0,4272.6
25206,Chlamydia,274.0,District of Columbia,2011.0,Female,25-29 years,25-29,499.0,39741.0,1255.63
25207,Chlamydia,274.0,District of Columbia,2011.0,Female,30-34 years,30-34,220.0,30851.0,713.11
25208,Chlamydia,274.0,District of Columbia,2011.0,Female,35-39 years,35-39,87.0,21784.0,399.38
25209,Chlamydia,274.0,District of Columbia,2011.0,Female,40+ years,40+,102.0,135139.0,75.48
25210,Chlamydia,274.0,District of Columbia,2011.0,Female,Unknown,99,5.0,,
25211,Chlamydia,274.0,District of Columbia,2012.0,Female,0-14 years,0-14,108.0,46039.0,234.58
25212,Chlamydia,274.0,District of Columbia,2012.0,Female,15-19 years,15-19,1755.0,20511.0,8556.38
25213,Chlamydia,274.0,District of Columbia,2012.0,Female,20-24 years,20-24,1565.0,32649.0,4793.41
25214,Chlamydia,274.0,District of Columbia,2012.0,Female,25-29 years,25-29,542.0,41207.0,1315.31
25215,Chlamydia,274.0,District of Columbia,2012.0,Female,30-34 years,30-34,225.0,33095.0,679.86
25216,Chlamydia,274.0,District of Columbia,2012.0,Female,35-39 years,35-39,120.0,22744.0,527.61
25217,Chlamydia,274.0,District of Columbia,2012.0,Female,40+ years,40+,109.0,137037.0,79.54
25218,Chlamydia,274.0,District of Columbia,2012.0,Female,Unknown,99,2.0,,
25219,Chlamydia,274.0,District of Columbia,2013.0,Female,0-14 years,0-14,107.0,47450.0,225.5
25220,Chlamydia,274.0,District of Columbia,2013.0,Female,15-19 years,15-19,1399.0,19822.0,7057.81
25221,Chlamydia,274.0,District of Columbia,2013.0,Female,20-24 years,20-24,1463.0,31691.0,4616.45
25222,Chlamydia,274.0,District of Columbia,2013.0,Female,25-29 years,25-29,541.0,41919.0,1290.58
25223,Chlamydia,274.0,District of Columbia,2013.0,Female,30-34 years,30-34,257.0,35670.0,720.49
25224,Chlamydia,274.0,District of Columbia,2013.0,Female,35-39 years,35-39,103.0,24409.0,421.98
25225,Chlamydia,274.0,District of Columbia,2013.0,Female,40+ years,40+,116.0,139238.0,83.31
25226,Chlamydia,274.0,District of Columbia,2013.0,Female,Unknown,99,6.0,,
25227,Chlamydia,274.0,District of Columbia,2014.0,Female,0-14 years,0-14,100.0,47450.0,210.75
25228,Chlamydia,274.0,District of Columbia,2014.0,Female,15-19 years,15-19,1239.0,19822.0,6250.63
25229,Chlamydia,274.0,District of Columbia,2014.0,Female,20-24 years,20-24,1556.0,31691.0,4909.91
25230,Chlamydia,274.0,District of Columbia,2014.0,Female,25-29 years,25-29,503.0,41919.0,1199.93
25231,Chlamydia,274.0,District of Columbia,2014.0,Female,30-34 years,30-34,164.0,35670.0,459.77
25232,Chlamydia,274.0,District of Columbia,2014.0,Female,35-39 years,35-39,63.0,24409.0,258.1
25233,Chlamydia,274.0,District of Columbia,2014.0,Female,40+ years,40+,62.0,139238.0,44.53
25234,Chlamydia,274.0,District of Columbia,2014.0,Female,Unknown,99,22.0,,
25235,Chlamydia,274.0,Florida,1996.0,Female,0-14 years,0-14,653.0,1407451.0,46.4
25236,Chlamydia,274.0,Florida,1996.0,Female,15-19 years,15-19,9231.0,433398.0,2129.91
25237,Chlamydia,274.0,Florida,1996.0,Female,20-24 years,20-24,6298.0,422324.0,1491.27
25238,Chlamydia,274.0,Florida,1996.0,Female,25-29 years,25-29,2384.0,481783.0,494.83
25239,Chlamydia,274.0,Florida,1996.0,Female,30-34 years,30-34,841.0,586040.0,143.51
25240,Chlamydia,274.0,Florida,1996.0,Female,35-39 years,35-39,427.0,599424.0,71.24
25241,Chlamydia,274.0,Florida,1996.0,Female,40+ years,40+,334.0,3695277.0,9.04
25242,Chlamydia,274.0,Florida,1997.0,Female,0-14 years,0-14,673.0,1429572.0,47.08
25243,Chlamydia,274.0,Florida,1997.0,Female,15-19 years,15-19,9663.0,451125.0,2141.98
25244,Chlamydia,274.0,Florida,1997.0,Female,20-24 years,20-24,7017.0,425946.0,1647.39
25245,Chlamydia,274.0,Florida,1997.0,Female,25-29 years,25-29,2662.0,486023.0,547.71
25246,Chlamydia,274.0,Florida,1997.0,Female,30-34 years,30-34,1079.0,575595.0,187.46
25247,Chlamydia,274.0,Florida,1997.0,Female,35-39 years,35-39,457.0,612941.0,74.56
25248,Chlamydia,274.0,Florida,1997.0,Female,40+ years,40+,357.0,3807244.0,9.38
25249,Chlamydia,274.0,Florida,1997.0,Female,Unknown,99,45.0,,
25250,Chlamydia,274.0,Florida,1998.0,Female,0-14 years,0-14,658.0,1448096.0,45.44
25251,Chlamydia,274.0,Florida,1998.0,Female,15-19 years,15-19,8850.0,468027.0,1890.92
25252,Chlamydia,274.0,Florida,1998.0,Female,20-24 years,20-24,6634.0,432917.0,1532.4
25253,Chlamydia,274.0,Florida,1998.0,Female,25-29 years,25-29,2482.0,490375.0,506.14
25254,Chlamydia,274.0,Florida,1998.0,Female,30-34 years,30-34,890.0,559578.0,159.05
25255,Chlamydia,274.0,Florida,1998.0,Female,35-39 years,35-39,365.0,623381.0,58.55
25256,Chlamydia,274.0,Florida,1998.0,Female,40+ years,40+,260.0,3916337.0,6.64
25257,Chlamydia,274.0,Florida,1998.0,Female,Unknown,99,32.0,,
25258,Chlamydia,274.0,Florida,1999.0,Female,0-14 years,0-14,721.0,1467783.0,49.12
25259,Chlamydia,274.0,Florida,1999.0,Female,15-19 years,15-19,11131.0,481898.0,2309.82
25260,Chlamydia,274.0,Florida,1999.0,Female,20-24 years,20-24,8793.0,443023.0,1984.77
25261,Chlamydia,274.0,Florida,1999.0,Female,25-29 years,25-29,3079.0,491143.0,626.9
25262,Chlamydia,274.0,Florida,1999.0,Female,30-34 years,30-34,1107.0,544936.0,203.14
25263,Chlamydia,274.0,Florida,1999.0,Female,35-39 years,35-39,543.0,629366.0,86.28
25264,Chlamydia,274.0,Florida,1999.0,Female,40+ years,40+,303.0,4015698.0,7.55
25265,Chlamydia,274.0,Florida,1999.0,Female,Unknown,99,280.0,,
25266,Chlamydia,274.0,Florida,2000.0,Female,0-14 years,0-14,744.0,1529868.0,48.63
25267,Chlamydia,274.0,Florida,2000.0,Female,15-19 years,15-19,11436.0,497983.0,2296.46
25268,Chlamydia,274.0,Florida,2000.0,Female,20-24 years,20-24,9648.0,452899.0,2130.28
25269,Chlamydia,274.0,Florida,2000.0,Female,25-29 years,25-29,3366.0,482810.0,697.17
25270,Chlamydia,274.0,Florida,2000.0,Female,30-34 years,30-34,1310.0,535552.0,244.61
25271,Chlamydia,274.0,Florida,2000.0,Female,35-39 years,35-39,556.0,621078.0,89.52
25272,Chlamydia,274.0,Florida,2000.0,Female,40+ years,40+,382.0,4096391.0,9.33
25273,Chlamydia,274.0,Florida,2000.0,Female,Unknown,99,120.0,,
25274,Chlamydia,274.0,Florida,2001.0,Female,0-14 years,0-14,732.0,1538357.0,47.58
25275,Chlamydia,274.0,Florida,2001.0,Female,15-19 years,15-19,12447.0,508031.0,2450.05
25276,Chlamydia,274.0,Florida,2001.0,Female,20-24 years,20-24,11085.0,474191.0,2337.67
25277,Chlamydia,274.0,Florida,2001.0,Female,25-29 years,25-29,3681.0,480121.0,766.68
25278,Chlamydia,274.0,Florida,2001.0,Female,30-34 years,30-34,1452.0,544677.0,266.58
25279,Chlamydia,274.0,Florida,2001.0,Female,35-39 years,35-39,634.0,619947.0,102.27
25280,Chlamydia,274.0,Florida,2001.0,Female,40+ years,40+,524.0,4209554.0,12.45
25281,Chlamydia,274.0,Florida,2001.0,Female,Unknown,99,92.0,,
25282,Chlamydia,274.0,Florida,2002.0,Female,0-14 years,0-14,739.0,1573180.0,46.97
25283,Chlamydia,274.0,Florida,2002.0,Female,15-19 years,15-19,13481.0,521159.0,2586.73
25284,Chlamydia,274.0,Florida,2002.0,Female,20-24 years,20-24,12396.0,480995.0,2577.16
25285,Chlamydia,274.0,Florida,2002.0,Female,25-29 years,25-29,4299.0,474546.0,905.92
25286,Chlamydia,274.0,Florida,2002.0,Female,30-34 years,30-34,1658.0,550147.0,301.37
25287,Chlamydia,274.0,Florida,2002.0,Female,35-39 years,35-39,697.0,610575.0,114.16
25288,Chlamydia,274.0,Florida,2002.0,Female,40+ years,40+,502.0,4331344.0,11.59
25289,Chlamydia,274.0,Florida,2002.0,Female,Unknown,99,130.0,,
25290,Chlamydia,274.0,Florida,2003.0,Female,0-14 years,0-14,688.0,1588800.0,43.3
25291,Chlamydia,274.0,Florida,2003.0,Female,15-19 years,15-19,13692.0,535160.0,2558.49
25292,Chlamydia,274.0,Florida,2003.0,Female,20-24 years,20-24,12802.0,513935.0,2490.98
25293,Chlamydia,274.0,Florida,2003.0,Female,25-29 years,25-29,4378.0,486315.0,900.24
25294,Chlamydia,274.0,Florida,2003.0,Female,30-34 years,30-34,1775.0,552731.0,321.13
25295,Chlamydia,274.0,Florida,2003.0,Female,35-39 years,35-39,683.0,600183.0,113.8
25296,Chlamydia,274.0,Florida,2003.0,Female,40+ years,40+,474.0,4407250.0,10.76
25297,Chlamydia,274.0,Florida,2003.0,Female,Unknown,99,89.0,,
25298,Chlamydia,274.0,Florida,2004.0,Female,0-14 years,0-14,638.0,1617842.0,39.44
25299,Chlamydia,274.0,Florida,2004.0,Female,15-19 years,15-19,13298.0,552216.0,2408.12
25300,Chlamydia,274.0,Florida,2004.0,Female,20-24 years,20-24,12847.0,534158.0,2405.09
25301,Chlamydia,274.0,Florida,2004.0,Female,25-29 years,25-29,4482.0,500000.0,896.4
25302,Chlamydia,274.0,Florida,2004.0,Female,30-34 years,30-34,1803.0,552349.0,326.42
25303,Chlamydia,274.0,Florida,2004.0,Female,35-39 years,35-39,759.0,589824.0,128.68
25304,Chlamydia,274.0,Florida,2004.0,Female,40+ years,40+,562.0,4526374.0,12.42
25305,Chlamydia,274.0,Florida,2004.0,Female,Unknown,99,48.0,,
25306,Chlamydia,274.0,Florida,2005.0,Female,0-14 years,0-14,569.0,1636545.0,34.77
25307,Chlamydia,274.0,Florida,2005.0,Female,15-19 years,15-19,13372.0,569568.0,2347.74
25308,Chlamydia,274.0,Florida,2005.0,Female,20-24 years,20-24,13041.0,549480.0,2373.33
25309,Chlamydia,274.0,Florida,2005.0,Female,25-29 years,25-29,4677.0,518562.0,901.92
25310,Chlamydia,274.0,Florida,2005.0,Female,30-34 years,30-34,1825.0,545211.0,334.73
25311,Chlamydia,274.0,Florida,2005.0,Female,35-39 years,35-39,736.0,589500.0,124.85
25312,Chlamydia,274.0,Florida,2005.0,Female,40+ years,40+,597.0,4656272.0,12.82
25313,Chlamydia,274.0,Florida,2005.0,Female,Unknown,99,33.0,,
25314,Chlamydia,274.0,Florida,2006.0,Female,0-14 years,0-14,619.0,1611254.0,38.42
25315,Chlamydia,274.0,Florida,2006.0,Female,15-19 years,15-19,14815.0,561236.0,2639.71
25316,Chlamydia,274.0,Florida,2006.0,Female,20-24 years,20-24,14217.0,559945.0,2539.0
25317,Chlamydia,274.0,Florida,2006.0,Female,25-29 years,25-29,5385.0,567439.0,949.0
25318,Chlamydia,274.0,Florida,2006.0,Female,30-34 years,30-34,1941.0,545358.0,355.91
25319,Chlamydia,274.0,Florida,2006.0,Female,35-39 years,35-39,825.0,608122.0,135.66
25320,Chlamydia,274.0,Florida,2006.0,Female,40+ years,40+,641.0,4752399.0,13.49
25321,Chlamydia,274.0,Florida,2006.0,Female,Unknown,99,93.0,,
25322,Chlamydia,274.0,Florida,2007.0,Female,0-14 years,0-14,624.0,1621680.0,38.48
25323,Chlamydia,274.0,Florida,2007.0,Female,15-19 years,15-19,16365.0,565147.0,2895.71
25324,Chlamydia,274.0,Florida,2007.0,Female,20-24 years,20-24,15469.0,552570.0,2799.46
25325,Chlamydia,274.0,Florida,2007.0,Female,25-29 years,25-29,5828.0,576688.0,1010.6
25326,Chlamydia,274.0,Florida,2007.0,Female,30-34 years,30-34,2137.0,536785.0,398.11
25327,Chlamydia,274.0,Florida,2007.0,Female,35-39 years,35-39,937.0,607114.0,154.34
25328,Chlamydia,274.0,Florida,2007.0,Female,40+ years,40+,773.0,4822416.0,16.03
25329,Chlamydia,274.0,Florida,2007.0,Female,Unknown,99,40.0,,
25330,Chlamydia,274.0,Florida,2008.0,Female,0-14 years,0-14,753.0,1611294.0,46.73
25331,Chlamydia,274.0,Florida,2008.0,Female,15-19 years,15-19,19782.0,562752.0,3515.23
25332,Chlamydia,274.0,Florida,2008.0,Female,20-24 years,20-24,19286.0,554812.0,3476.13
25333,Chlamydia,274.0,Florida,2008.0,Female,25-29 years,25-29,7454.0,580024.0,1285.12
25334,Chlamydia,274.0,Florida,2008.0,Female,30-34 years,30-34,2743.0,533272.0,514.37
25335,Chlamydia,274.0,Florida,2008.0,Female,35-39 years,35-39,1168.0,597929.0,195.34
25336,Chlamydia,274.0,Florida,2008.0,Female,40+ years,40+,983.0,4882975.0,20.13
25337,Chlamydia,274.0,Florida,2008.0,Female,Unknown,99,37.0,,
25338,Chlamydia,274.0,Florida,2009.0,Female,0-14 years,0-14,743.0,1640531.0,45.29
25339,Chlamydia,274.0,Florida,2009.0,Female,15-19 years,15-19,19994.0,564106.0,3544.37
25340,Chlamydia,274.0,Florida,2009.0,Female,20-24 years,20-24,19470.0,575469.0,3383.33
25341,Chlamydia,274.0,Florida,2009.0,Female,25-29 years,25-29,7490.0,595349.0,1258.09
25342,Chlamydia,274.0,Florida,2009.0,Female,30-34 years,30-34,2781.0,542880.0,512.27
25343,Chlamydia,274.0,Florida,2009.0,Female,35-39 years,35-39,1185.0,586452.0,202.06
25344,Chlamydia,274.0,Florida,2009.0,Female,40+ years,40+,1057.0,4909256.0,21.53
25345,Chlamydia,274.0,Florida,2009.0,Female,Unknown,99,27.0,,
25346,Chlamydia,274.0,Florida,2010.0,Female,0-14 years,0-14,672.0,1606881.0,41.82
25347,Chlamydia,274.0,Florida,2010.0,Female,15-19 years,15-19,19560.0,597095.0,3275.86
25348,Chlamydia,274.0,Florida,2010.0,Female,20-24 years,20-24,20321.0,601695.0,3377.29
25349,Chlamydia,274.0,Florida,2010.0,Female,25-29 years,25-29,7596.0,584330.0,1299.95
25350,Chlamydia,274.0,Florida,2010.0,Female,30-34 years,30-34,2832.0,555079.0,510.2
25351,Chlamydia,274.0,Florida,2010.0,Female,35-39 years,35-39,1254.0,593326.0,211.35
25352,Chlamydia,274.0,Florida,2010.0,Female,40+ years,40+,1067.0,5073549.0,21.03
25353,Chlamydia,274.0,Florida,2010.0,Female,Unknown,99,16.0,,
25354,Chlamydia,274.0,Florida,2011.0,Female,0-14 years,0-14,648.0,1607618.0,40.31
25355,Chlamydia,274.0,Florida,2011.0,Female,15-19 years,15-19,19101.0,579650.0,3295.26
25356,Chlamydia,274.0,Florida,2011.0,Female,20-24 years,20-24,21201.0,628087.0,3375.49
25357,Chlamydia,274.0,Florida,2011.0,Female,25-29 years,25-29,7808.0,591985.0,1318.95
25358,Chlamydia,274.0,Florida,2011.0,Female,30-34 years,30-34,3093.0,569991.0,542.64
25359,Chlamydia,274.0,Florida,2011.0,Female,35-39 years,35-39,1260.0,575209.0,219.05
25360,Chlamydia,274.0,Florida,2011.0,Female,40+ years,40+,1133.0,5183626.0,21.86
25361,Chlamydia,274.0,Florida,2011.0,Female,Unknown,99,18.0,,
25362,Chlamydia,274.0,Florida,2012.0,Female,0-14 years,0-14,592.0,1615578.0,36.64
25363,Chlamydia,274.0,Florida,2012.0,Female,15-19 years,15-19,18223.0,570075.0,3196.6
25364,Chlamydia,274.0,Florida,2012.0,Female,20-24 years,20-24,22343.0,644718.0,3465.55
25365,Chlamydia,274.0,Florida,2012.0,Female,25-29 years,25-29,8305.0,602534.0,1378.35
25366,Chlamydia,274.0,Florida,2012.0,Female,30-34 years,30-34,3408.0,586222.0,581.35
25367,Chlamydia,274.0,Florida,2012.0,Female,35-39 years,35-39,1422.0,571494.0,248.82
25368,Chlamydia,274.0,Florida,2012.0,Female,40+ years,40+,1317.0,5279120.0,24.95
25369,Chlamydia,274.0,Florida,2012.0,Female,Unknown,99,18.0,,
25370,Chlamydia,274.0,Florida,2013.0,Female,0-14 years,0-14,540.0,1626364.0,33.2
25371,Chlamydia,274.0,Florida,2013.0,Female,15-19 years,15-19,16885.0,567540.0,2975.12
25372,Chlamydia,274.0,Florida,2013.0,Female,20-24 years,20-24,23311.0,642940.0,3625.69
25373,Chlamydia,274.0,Florida,2013.0,Female,25-29 years,25-29,9134.0,615059.0,1485.06
25374,Chlamydia,274.0,Florida,2013.0,Female,30-34 years,30-34,3774.0,599059.0,629.99
25375,Chlamydia,274.0,Florida,2013.0,Female,35-39 years,35-39,1577.0,573662.0,274.9
25376,Chlamydia,274.0,Florida,2013.0,Female,40+ years,40+,1456.0,5365589.0,27.14
25377,Chlamydia,274.0,Florida,2013.0,Female,Unknown,99,11.0,,
25378,Chlamydia,274.0,Florida,2014.0,Female,0-14 years,0-14,563.0,1626364.0,34.62
25379,Chlamydia,274.0,Florida,2014.0,Female,15-19 years,15-19,16645.0,567540.0,2932.83
25380,Chlamydia,274.0,Florida,2014.0,Female,20-24 years,20-24,24022.0,642940.0,3736.27
25381,Chlamydia,274.0,Florida,2014.0,Female,25-29 years,25-29,10071.0,615059.0,1637.4
25382,Chlamydia,274.0,Florida,2014.0,Female,30-34 years,30-34,4029.0,599059.0,672.55
25383,Chlamydia,274.0,Florida,2014.0,Female,35-39 years,35-39,1782.0,573662.0,310.64
25384,Chlamydia,274.0,Florida,2014.0,Female,40+ years,40+,1679.0,5365589.0,31.29
25385,Chlamydia,274.0,Florida,2014.0,Female,Unknown,99,9.0,,
25386,Chlamydia,274.0,Georgia,1996.0,Female,0-14 years,0-14,421.0,812644.0,51.81
25387,Chlamydia,274.0,Georgia,1996.0,Female,15-19 years,15-19,5244.0,263998.0,1986.38
25388,Chlamydia,274.0,Georgia,1996.0,Female,20-24 years,20-24,3587.0,265280.0,1352.16
25389,Chlamydia,274.0,Georgia,1996.0,Female,25-29 years,25-29,1257.0,300712.0,418.01
25390,Chlamydia,274.0,Georgia,1996.0,Female,30-34 years,30-34,505.0,337742.0,149.52
25391,Chlamydia,274.0,Georgia,1996.0,Female,35-39 years,35-39,200.0,331508.0,60.33
25392,Chlamydia,274.0,Georgia,1996.0,Female,40+ years,40+,161.0,1525257.0,10.56
25393,Chlamydia,274.0,Georgia,1996.0,Female,Unknown,99,369.0,,
25394,Chlamydia,274.0,Georgia,1997.0,Female,0-14 years,0-14,450.0,827936.0,54.35
25395,Chlamydia,274.0,Georgia,1997.0,Female,15-19 years,15-19,6168.0,272250.0,2265.56
25396,Chlamydia,274.0,Georgia,1997.0,Female,20-24 years,20-24,4368.0,267018.0,1635.84
25397,Chlamydia,274.0,Georgia,1997.0,Female,25-29 years,25-29,1571.0,307508.0,510.88
25398,Chlamydia,274.0,Georgia,1997.0,Female,30-34 years,30-34,509.0,335873.0,151.54
25399,Chlamydia,274.0,Georgia,1997.0,Female,35-39 years,35-39,256.0,338114.0,75.71
25400,Chlamydia,274.0,Georgia,1997.0,Female,40+ years,40+,183.0,1576593.0,11.61
25401,Chlamydia,274.0,Georgia,1997.0,Female,Unknown,99,587.0,,
25402,Chlamydia,274.0,Georgia,1998.0,Female,0-14 years,0-14,626.0,847812.0,73.84
25403,Chlamydia,274.0,Georgia,1998.0,Female,15-19 years,15-19,8888.0,279228.0,3183.06
25404,Chlamydia,274.0,Georgia,1998.0,Female,20-24 years,20-24,6879.0,271745.0,2531.42
25405,Chlamydia,274.0,Georgia,1998.0,Female,25-29 years,25-29,2604.0,312653.0,832.87
25406,Chlamydia,274.0,Georgia,1998.0,Female,30-34 years,30-34,904.0,331386.0,272.79
25407,Chlamydia,274.0,Georgia,1998.0,Female,35-39 years,35-39,395.0,343804.0,114.89
25408,Chlamydia,274.0,Georgia,1998.0,Female,40+ years,40+,269.0,1623874.0,16.57
25409,Chlamydia,274.0,Georgia,1998.0,Female,Unknown,99,721.0,,
25410,Chlamydia,274.0,Georgia,1999.0,Female,0-14 years,0-14,721.0,871722.0,82.71
25411,Chlamydia,274.0,Georgia,1999.0,Female,15-19 years,15-19,10777.0,283808.0,3797.29
25412,Chlamydia,274.0,Georgia,1999.0,Female,20-24 years,20-24,8476.0,278652.0,3041.79
25413,Chlamydia,274.0,Georgia,1999.0,Female,25-29 years,25-29,3060.0,315585.0,969.63
25414,Chlamydia,274.0,Georgia,1999.0,Female,30-34 years,30-34,1067.0,327147.0,326.15
25415,Chlamydia,274.0,Georgia,1999.0,Female,35-39 years,35-39,414.0,348881.0,118.67
25416,Chlamydia,274.0,Georgia,1999.0,Female,40+ years,40+,296.0,1670236.0,17.72
25417,Chlamydia,274.0,Georgia,1999.0,Female,Unknown,99,61.0,,
25418,Chlamydia,274.0,Georgia,2000.0,Female,0-14 years,0-14,726.0,901472.0,80.53
25419,Chlamydia,274.0,Georgia,2000.0,Female,15-19 years,15-19,9914.0,287098.0,3453.18
25420,Chlamydia,274.0,Georgia,2000.0,Female,20-24 years,20-24,8445.0,287184.0,2940.62
25421,Chlamydia,274.0,Georgia,2000.0,Female,25-29 years,25-29,3001.0,313372.0,957.65
25422,Chlamydia,274.0,Georgia,2000.0,Female,30-34 years,30-34,1006.0,328734.0,306.02
25423,Chlamydia,274.0,Georgia,2000.0,Female,35-39 years,35-39,476.0,350366.0,135.86
25424,Chlamydia,274.0,Georgia,2000.0,Female,40+ years,40+,302.0,1714462.0,17.61
25425,Chlamydia,274.0,Georgia,2000.0,Female,Unknown,99,197.0,,
25426,Chlamydia,274.0,Georgia,2001.0,Female,0-14 years,0-14,815.0,914954.0,89.08
25427,Chlamydia,274.0,Georgia,2001.0,Female,15-19 years,15-19,11434.0,287916.0,3971.3
25428,Chlamydia,274.0,Georgia,2001.0,Female,20-24 years,20-24,10070.0,294360.0,3420.98
25429,Chlamydia,274.0,Georgia,2001.0,Female,25-29 years,25-29,3392.0,309759.0,1095.04
25430,Chlamydia,274.0,Georgia,2001.0,Female,30-34 years,30-34,1253.0,339018.0,369.6
25431,Chlamydia,274.0,Georgia,2001.0,Female,35-39 years,35-39,545.0,353387.0,154.22
25432,Chlamydia,274.0,Georgia,2001.0,Female,40+ years,40+,396.0,1766866.0,22.41
25433,Chlamydia,274.0,Georgia,2002.0,Female,0-14 years,0-14,826.0,931257.0,88.7
25434,Chlamydia,274.0,Georgia,2002.0,Female,15-19 years,15-19,11112.0,292120.0,3803.92
25435,Chlamydia,274.0,Georgia,2002.0,Female,20-24 years,20-24,9958.0,300530.0,3313.48
25436,Chlamydia,274.0,Georgia,2002.0,Female,25-29 years,25-29,3307.0,307375.0,1075.88
25437,Chlamydia,274.0,Georgia,2002.0,Female,30-34 years,30-34,1203.0,348001.0,345.69
25438,Chlamydia,274.0,Georgia,2002.0,Female,35-39 years,35-39,505.0,352149.0,143.41
25439,Chlamydia,274.0,Georgia,2002.0,Female,40+ years,40+,406.0,1810902.0,22.42
25440,Chlamydia,274.0,Georgia,2002.0,Female,Unknown,99,177.0,,
25441,Chlamydia,274.0,Georgia,2003.0,Female,0-14 years,0-14,688.0,942231.0,73.02
25442,Chlamydia,274.0,Georgia,2003.0,Female,15-19 years,15-19,11292.0,296639.0,3806.65
25443,Chlamydia,274.0,Georgia,2003.0,Female,20-24 years,20-24,10326.0,307147.0,3361.91
25444,Chlamydia,274.0,Georgia,2003.0,Female,25-29 years,25-29,3844.0,312670.0,1229.41
25445,Chlamydia,274.0,Georgia,2003.0,Female,30-34 years,30-34,1489.0,350577.0,424.73
25446,Chlamydia,274.0,Georgia,2003.0,Female,35-39 years,35-39,606.0,345433.0,175.43
25447,Chlamydia,274.0,Georgia,2003.0,Female,40+ years,40+,474.0,1843338.0,25.71
25448,Chlamydia,274.0,Georgia,2003.0,Female,Unknown,99,273.0,,
25449,Chlamydia,274.0,Georgia,2004.0,Female,0-14 years,0-14,674.0,955366.0,70.55
25450,Chlamydia,274.0,Georgia,2004.0,Female,15-19 years,15-19,10600.0,303451.0,3493.15
25451,Chlamydia,274.0,Georgia,2004.0,Female,20-24 years,20-24,10119.0,310783.0,3255.97
25452,Chlamydia,274.0,Georgia,2004.0,Female,25-29 years,25-29,3695.0,317247.0,1164.71
25453,Chlamydia,274.0,Georgia,2004.0,Female,30-34 years,30-34,1397.0,350465.0,398.61
25454,Chlamydia,274.0,Georgia,2004.0,Female,35-39 years,35-39,522.0,342751.0,152.3
25455,Chlamydia,274.0,Georgia,2004.0,Female,40+ years,40+,460.0,1883897.0,24.42
25456,Chlamydia,274.0,Georgia,2004.0,Female,Unknown,99,189.0,,
25457,Chlamydia,274.0,Georgia,2005.0,Female,0-14 years,0-14,662.0,962942.0,68.75
25458,Chlamydia,274.0,Georgia,2005.0,Female,15-19 years,15-19,10349.0,314220.0,3293.55
25459,Chlamydia,274.0,Georgia,2005.0,Female,20-24 years,20-24,9138.0,316422.0,2887.92
25460,Chlamydia,274.0,Georgia,2005.0,Female,25-29 years,25-29,3782.0,331424.0,1141.14
25461,Chlamydia,274.0,Georgia,2005.0,Female,30-34 years,30-34,1261.0,353253.0,356.97
25462,Chlamydia,274.0,Georgia,2005.0,Female,35-39 years,35-39,506.0,350908.0,144.2
25463,Chlamydia,274.0,Georgia,2005.0,Female,40+ years,40+,426.0,1955861.0,21.78
25464,Chlamydia,274.0,Georgia,2005.0,Female,Unknown,99,193.0,,
25465,Chlamydia,274.0,Georgia,2006.0,Female,0-14 years,0-14,669.0,997336.0,67.08
25466,Chlamydia,274.0,Georgia,2006.0,Female,15-19 years,15-19,12282.0,326722.0,3759.16
25467,Chlamydia,274.0,Georgia,2006.0,Female,20-24 years,20-24,10381.0,315095.0,3294.56
25468,Chlamydia,274.0,Georgia,2006.0,Female,25-29 years,25-29,4361.0,344214.0,1266.94
25469,Chlamydia,274.0,Georgia,2006.0,Female,30-34 years,30-34,1495.0,336370.0,444.45
25470,Chlamydia,274.0,Georgia,2006.0,Female,35-39 years,35-39,635.0,359800.0,176.49
25471,Chlamydia,274.0,Georgia,2006.0,Female,40+ years,40+,452.0,2073326.0,21.8
25472,Chlamydia,274.0,Georgia,2006.0,Female,Unknown,99,271.0,,
25473,Chlamydia,274.0,Georgia,2007.0,Female,0-14 years,0-14,493.0,1030162.0,47.86
25474,Chlamydia,274.0,Georgia,2007.0,Female,15-19 years,15-19,11810.0,329199.0,3587.5
25475,Chlamydia,274.0,Georgia,2007.0,Female,20-24 years,20-24,11391.0,312322.0,3647.2
25476,Chlamydia,274.0,Georgia,2007.0,Female,25-29 years,25-29,4808.0,353157.0,1361.43
25477,Chlamydia,274.0,Georgia,2007.0,Female,30-34 years,30-34,1725.0,333715.0,516.91
25478,Chlamydia,274.0,Georgia,2007.0,Female,35-39 years,35-39,779.0,366179.0,212.74
25479,Chlamydia,274.0,Georgia,2007.0,Female,40+ years,40+,602.0,2126312.0,28.31
25480,Chlamydia,274.0,Georgia,2007.0,Female,Unknown,99,219.0,,
25481,Chlamydia,274.0,Georgia,2008.0,Female,0-14 years,0-14,316.0,1038997.0,30.41
25482,Chlamydia,274.0,Georgia,2008.0,Female,15-19 years,15-19,11493.0,333417.0,3447.03
25483,Chlamydia,274.0,Georgia,2008.0,Female,20-24 years,20-24,11683.0,314939.0,3709.61
25484,Chlamydia,274.0,Georgia,2008.0,Female,25-29 years,25-29,4691.0,353725.0,1326.17
25485,Chlamydia,274.0,Georgia,2008.0,Female,30-34 years,30-34,1774.0,333321.0,532.22
25486,Chlamydia,274.0,Georgia,2008.0,Female,35-39 years,35-39,728.0,368967.0,197.31
25487,Chlamydia,274.0,Georgia,2008.0,Female,40+ years,40+,608.0,2177403.0,27.92
25488,Chlamydia,274.0,Georgia,2008.0,Female,Unknown,99,222.0,,
25489,Chlamydia,274.0,Georgia,2009.0,Female,0-14 years,0-14,443.0,1057266.0,41.9
25490,Chlamydia,274.0,Georgia,2009.0,Female,15-19 years,15-19,11124.0,342429.0,3248.56
25491,Chlamydia,274.0,Georgia,2009.0,Female,20-24 years,20-24,10663.0,332697.0,3205.02
25492,Chlamydia,274.0,Georgia,2009.0,Female,25-29 years,25-29,3997.0,354458.0,1127.64
25493,Chlamydia,274.0,Georgia,2009.0,Female,30-34 years,30-34,1526.0,336882.0,452.98
25494,Chlamydia,274.0,Georgia,2009.0,Female,35-39 years,35-39,675.0,362996.0,185.95
25495,Chlamydia,274.0,Georgia,2009.0,Female,40+ years,40+,521.0,2207221.0,23.6
25496,Chlamydia,274.0,Georgia,2009.0,Female,Unknown,99,125.0,,
25497,Chlamydia,274.0,Georgia,2010.0,Female,0-14 years,0-14,513.0,1014471.0,50.57
25498,Chlamydia,274.0,Georgia,2010.0,Female,15-19 years,15-19,12989.0,347065.0,3742.53
25499,Chlamydia,274.0,Georgia,2010.0,Female,20-24 years,20-24,12167.0,335603.0,3625.41
25500,Chlamydia,274.0,Georgia,2010.0,Female,25-29 years,25-29,4235.0,340104.0,1245.21
25501,Chlamydia,274.0,Georgia,2010.0,Female,30-34 years,30-34,1682.0,337246.0,498.75
25502,Chlamydia,274.0,Georgia,2010.0,Female,35-39 years,35-39,689.0,357605.0,192.67
25503,Chlamydia,274.0,Georgia,2010.0,Female,40+ years,40+,551.0,2226388.0,24.75
25504,Chlamydia,274.0,Georgia,2010.0,Female,Unknown,99,37.0,,
25505,Chlamydia,274.0,Georgia,2011.0,Female,0-14 years,0-14,623.0,1015901.0,61.32
25506,Chlamydia,274.0,Georgia,2011.0,Female,15-19 years,15-19,14865.0,340408.0,4366.82
25507,Chlamydia,274.0,Georgia,2011.0,Female,20-24 years,20-24,15323.0,347112.0,4414.43
25508,Chlamydia,274.0,Georgia,2011.0,Female,25-29 years,25-29,5277.0,338963.0,1556.81
25509,Chlamydia,274.0,Georgia,2011.0,Female,30-34 years,30-34,2093.0,344767.0,607.08
25510,Chlamydia,274.0,Georgia,2011.0,Female,35-39 years,35-39,833.0,344368.0,241.89
25511,Chlamydia,274.0,Georgia,2011.0,Female,40+ years,40+,787.0,2280884.0,34.5
25512,Chlamydia,274.0,Georgia,2011.0,Female,Unknown,99,28.0,,
25513,Chlamydia,274.0,Georgia,2012.0,Female,0-14 years,0-14,589.0,1017605.0,57.88
25514,Chlamydia,274.0,Georgia,2012.0,Female,15-19 years,15-19,13359.0,340208.0,3926.72
25515,Chlamydia,274.0,Georgia,2012.0,Female,20-24 years,20-24,14572.0,356721.0,4084.99
25516,Chlamydia,274.0,Georgia,2012.0,Female,25-29 years,25-29,5180.0,339333.0,1526.52
25517,Chlamydia,274.0,Georgia,2012.0,Female,30-34 years,30-34,2116.0,348127.0,607.82
25518,Chlamydia,274.0,Georgia,2012.0,Female,35-39 years,35-39,874.0,339531.0,257.41
25519,Chlamydia,274.0,Georgia,2012.0,Female,40+ years,40+,735.0,2327396.0,31.58
25520,Chlamydia,274.0,Georgia,2012.0,Female,Unknown,99,31.0,,
25521,Chlamydia,274.0,Georgia,2013.0,Female,0-14 years,0-14,428.0,1017959.0,42.04
25522,Chlamydia,274.0,Georgia,2013.0,Female,15-19 years,15-19,12299.0,338478.0,3633.62
25523,Chlamydia,274.0,Georgia,2013.0,Female,20-24 years,20-24,14836.0,358700.0,4136.05
25524,Chlamydia,274.0,Georgia,2013.0,Female,25-29 years,25-29,5228.0,339655.0,1539.21
25525,Chlamydia,274.0,Georgia,2013.0,Female,30-34 years,30-34,2088.0,349211.0,597.92
25526,Chlamydia,274.0,Georgia,2013.0,Female,35-39 years,35-39,873.0,337319.0,258.81
25527,Chlamydia,274.0,Georgia,2013.0,Female,40+ years,40+,772.0,2369484.0,32.58
25528,Chlamydia,274.0,Georgia,2013.0,Female,Unknown,99,35.0,,
25529,Chlamydia,274.0,Georgia,2014.0,Female,0-14 years,0-14,388.0,1017959.0,38.12
25530,Chlamydia,274.0,Georgia,2014.0,Female,15-19 years,15-19,11836.0,338478.0,3496.83
25531,Chlamydia,274.0,Georgia,2014.0,Female,20-24 years,20-24,15013.0,358700.0,4185.39
25532,Chlamydia,274.0,Georgia,2014.0,Female,25-29 years,25-29,5563.0,339655.0,1637.84
25533,Chlamydia,274.0,Georgia,2014.0,Female,30-34 years,30-34,2267.0,349211.0,649.18
25534,Chlamydia,274.0,Georgia,2014.0,Female,35-39 years,35-39,940.0,337319.0,278.67
25535,Chlamydia,274.0,Georgia,2014.0,Female,40+ years,40+,837.0,2369484.0,35.32
25536,Chlamydia,274.0,Georgia,2014.0,Female,Unknown,99,27.0,,
25537,Chlamydia,274.0,Hawaii,1996.0,Female,0-14 years,0-14,29.0,127202.0,22.8
25538,Chlamydia,274.0,Hawaii,1996.0,Female,15-19 years,15-19,464.0,38504.0,1205.07
25539,Chlamydia,274.0,Hawaii,1996.0,Female,20-24 years,20-24,588.0,36289.0,1620.33
25540,Chlamydia,274.0,Hawaii,1996.0,Female,25-29 years,25-29,255.0,41227.0,618.53
25541,Chlamydia,274.0,Hawaii,1996.0,Female,30-34 years,30-34,91.0,49486.0,183.89
25542,Chlamydia,274.0,Hawaii,1996.0,Female,35-39 years,35-39,41.0,49134.0,83.45
25543,Chlamydia,274.0,Hawaii,1996.0,Female,40+ years,40+,31.0,252924.0,12.26
25544,Chlamydia,274.0,Hawaii,1996.0,Female,Unknown,99,90.0,,
25545,Chlamydia,274.0,Hawaii,1997.0,Female,0-14 years,0-14,23.0,125799.0,18.28
25546,Chlamydia,274.0,Hawaii,1997.0,Female,15-19 years,15-19,519.0,39021.0,1330.05
25547,Chlamydia,274.0,Hawaii,1997.0,Female,20-24 years,20-24,564.0,37234.0,1514.74
25548,Chlamydia,274.0,Hawaii,1997.0,Female,25-29 years,25-29,235.0,40220.0,584.29
25549,Chlamydia,274.0,Hawaii,1997.0,Female,30-34 years,30-34,67.0,48574.0,137.93
25550,Chlamydia,274.0,Hawaii,1997.0,Female,35-39 years,35-39,40.0,48902.0,81.8
25551,Chlamydia,274.0,Hawaii,1997.0,Female,40+ years,40+,22.0,260783.0,8.44
25552,Chlamydia,274.0,Hawaii,1997.0,Female,Unknown,99,78.0,,
25553,Chlamydia,274.0,Hawaii,1998.0,Female,0-14 years,0-14,36.0,123390.0,29.18
25554,Chlamydia,274.0,Hawaii,1998.0,Female,15-19 years,15-19,717.0,39330.0,1823.04
25555,Chlamydia,274.0,Hawaii,1998.0,Female,20-24 years,20-24,817.0,37430.0,2182.74
25556,Chlamydia,274.0,Hawaii,1998.0,Female,25-29 years,25-29,344.0,40001.0,859.98
25557,Chlamydia,274.0,Hawaii,1998.0,Female,30-34 years,30-34,127.0,46775.0,271.51
25558,Chlamydia,274.0,Hawaii,1998.0,Female,35-39 years,35-39,56.0,48605.0,115.21
25559,Chlamydia,274.0,Hawaii,1998.0,Female,40+ years,40+,43.0,267334.0,16.08
25560,Chlamydia,274.0,Hawaii,1998.0,Female,Unknown,99,69.0,,
25561,Chlamydia,274.0,Hawaii,1999.0,Female,0-14 years,0-14,48.0,121285.0,39.58
25562,Chlamydia,274.0,Hawaii,1999.0,Female,15-19 years,15-19,845.0,39097.0,2161.29
25563,Chlamydia,274.0,Hawaii,1999.0,Female,20-24 years,20-24,928.0,37413.0,2480.42
25564,Chlamydia,274.0,Hawaii,1999.0,Female,25-29 years,25-29,387.0,39679.0,975.33
25565,Chlamydia,274.0,Hawaii,1999.0,Female,30-34 years,30-34,158.0,44491.0,355.13
25566,Chlamydia,274.0,Hawaii,1999.0,Female,35-39 years,35-39,74.0,47731.0,155.04
25567,Chlamydia,274.0,Hawaii,1999.0,Female,40+ years,40+,56.0,272134.0,20.58
25568,Chlamydia,274.0,Hawaii,1999.0,Female,Unknown,99,61.0,,
25569,Chlamydia,274.0,Hawaii,2000.0,Female,0-14 years,0-14,42.0,117892.0,35.63
25570,Chlamydia,274.0,Hawaii,2000.0,Female,15-19 years,15-19,854.0,38863.0,2197.46
25571,Chlamydia,274.0,Hawaii,2000.0,Female,20-24 years,20-24,1075.0,37934.0,2833.87
25572,Chlamydia,274.0,Hawaii,2000.0,Female,25-29 years,25-29,426.0,39696.0,1073.16
25573,Chlamydia,274.0,Hawaii,2000.0,Female,30-34 years,30-34,203.0,42883.0,473.38
25574,Chlamydia,274.0,Hawaii,2000.0,Female,35-39 years,35-39,84.0,47085.0,178.4
25575,Chlamydia,274.0,Hawaii,2000.0,Female,40+ years,40+,55.0,279216.0,19.7
25576,Chlamydia,274.0,Hawaii,2000.0,Female,Unknown,99,18.0,,
25577,Chlamydia,274.0,Hawaii,2001.0,Female,0-14 years,0-14,59.0,119688.0,49.29
25578,Chlamydia,274.0,Hawaii,2001.0,Female,15-19 years,15-19,873.0,39758.0,2195.78
25579,Chlamydia,274.0,Hawaii,2001.0,Female,20-24 years,20-24,1158.0,37842.0,3060.09
25580,Chlamydia,274.0,Hawaii,2001.0,Female,25-29 years,25-29,528.0,38648.0,1366.18
25581,Chlamydia,274.0,Hawaii,2001.0,Female,30-34 years,30-34,223.0,42516.0,524.51
25582,Chlamydia,274.0,Hawaii,2001.0,Female,35-39 years,35-39,109.0,46616.0,233.82
25583,Chlamydia,274.0,Hawaii,2001.0,Female,40+ years,40+,80.0,286513.0,27.92
25584,Chlamydia,274.0,Hawaii,2001.0,Female,Unknown,99,23.0,,
25585,Chlamydia,274.0,Hawaii,2002.0,Female,0-14 years,0-14,44.0,120221.0,36.6
25586,Chlamydia,274.0,Hawaii,2002.0,Female,15-19 years,15-19,957.0,40284.0,2375.63
25587,Chlamydia,274.0,Hawaii,2002.0,Female,20-24 years,20-24,1339.0,38986.0,3434.57
25588,Chlamydia,274.0,Hawaii,2002.0,Female,25-29 years,25-29,597.0,38490.0,1551.05
25589,Chlamydia,274.0,Hawaii,2002.0,Female,30-34 years,30-34,260.0,42602.0,610.3
25590,Chlamydia,274.0,Hawaii,2002.0,Female,35-39 years,35-39,130.0,46131.0,281.81
25591,Chlamydia,274.0,Hawaii,2002.0,Female,40+ years,40+,99.0,294086.0,33.66
25592,Chlamydia,274.0,Hawaii,2002.0,Female,Unknown,99,19.0,,
25593,Chlamydia,274.0,Hawaii,2003.0,Female,0-14 years,0-14,50.0,120764.0,41.4
25594,Chlamydia,274.0,Hawaii,2003.0,Female,15-19 years,15-19,1170.0,40314.0,2902.22
25595,Chlamydia,274.0,Hawaii,2003.0,Female,20-24 years,20-24,1645.0,39766.0,4136.7
25596,Chlamydia,274.0,Hawaii,2003.0,Female,25-29 years,25-29,656.0,37767.0,1736.97
25597,Chlamydia,274.0,Hawaii,2003.0,Female,30-34 years,30-34,321.0,40961.0,783.67
25598,Chlamydia,274.0,Hawaii,2003.0,Female,35-39 years,35-39,145.0,43998.0,329.56
25599,Chlamydia,274.0,Hawaii,2003.0,Female,40+ years,40+,104.0,303522.0,34.26
25600,Chlamydia,274.0,Hawaii,2003.0,Female,Unknown,99,22.0,,
25601,Chlamydia,274.0,Hawaii,2004.0,Female,0-14 years,0-14,38.0,121536.0,31.27
25602,Chlamydia,274.0,Hawaii,2004.0,Female,15-19 years,15-19,1136.0,40086.0,2833.91
25603,Chlamydia,274.0,Hawaii,2004.0,Female,20-24 years,20-24,1528.0,40629.0,3760.86
25604,Chlamydia,274.0,Hawaii,2004.0,Female,25-29 years,25-29,695.0,36882.0,1884.39
25605,Chlamydia,274.0,Hawaii,2004.0,Female,30-34 years,30-34,353.0,39523.0,893.15
25606,Chlamydia,274.0,Hawaii,2004.0,Female,35-39 years,35-39,119.0,42435.0,280.43
25607,Chlamydia,274.0,Hawaii,2004.0,Female,40+ years,40+,121.0,311724.0,38.82
25608,Chlamydia,274.0,Hawaii,2004.0,Female,Unknown,99,29.0,,
25609,Chlamydia,274.0,Hawaii,2005.0,Female,0-14 years,0-14,49.0,121465.0,40.34
25610,Chlamydia,274.0,Hawaii,2005.0,Female,15-19 years,15-19,1060.0,40895.0,2592.0
25611,Chlamydia,274.0,Hawaii,2005.0,Female,20-24 years,20-24,1613.0,40850.0,3948.59
25612,Chlamydia,274.0,Hawaii,2005.0,Female,25-29 years,25-29,759.0,36758.0,2064.86
25613,Chlamydia,274.0,Hawaii,2005.0,Female,30-34 years,30-34,326.0,38124.0,855.1
25614,Chlamydia,274.0,Hawaii,2005.0,Female,35-39 years,35-39,167.0,41973.0,397.88
25615,Chlamydia,274.0,Hawaii,2005.0,Female,40+ years,40+,117.0,319409.0,36.63
25616,Chlamydia,274.0,Hawaii,2005.0,Female,Unknown,99,2.0,,
25617,Chlamydia,274.0,Hawaii,2006.0,Female,0-14 years,0-14,43.0,118791.0,36.2
25618,Chlamydia,274.0,Hawaii,2006.0,Female,15-19 years,15-19,1128.0,39957.0,2823.03
25619,Chlamydia,274.0,Hawaii,2006.0,Female,20-24 years,20-24,1604.0,41393.0,3875.05
25620,Chlamydia,274.0,Hawaii,2006.0,Female,25-29 years,25-29,750.0,43935.0,1707.07
25621,Chlamydia,274.0,Hawaii,2006.0,Female,30-34 years,30-34,307.0,41945.0,731.91
25622,Chlamydia,274.0,Hawaii,2006.0,Female,35-39 years,35-39,172.0,44161.0,389.48
25623,Chlamydia,274.0,Hawaii,2006.0,Female,40+ years,40+,141.0,311988.0,45.19
25624,Chlamydia,274.0,Hawaii,2006.0,Female,Unknown,99,16.0,,
25625,Chlamydia,274.0,Hawaii,2007.0,Female,0-14 years,0-14,47.0,113329.0,41.47
25626,Chlamydia,274.0,Hawaii,2007.0,Female,15-19 years,15-19,1077.0,39007.0,2761.04
25627,Chlamydia,274.0,Hawaii,2007.0,Female,20-24 years,20-24,1628.0,40802.0,3990.0
25628,Chlamydia,274.0,Hawaii,2007.0,Female,25-29 years,25-29,803.0,43681.0,1838.33
25629,Chlamydia,274.0,Hawaii,2007.0,Female,30-34 years,30-34,345.0,40680.0,848.08
25630,Chlamydia,274.0,Hawaii,2007.0,Female,35-39 years,35-39,170.0,43566.0,390.21
25631,Chlamydia,274.0,Hawaii,2007.0,Female,40+ years,40+,154.0,316503.0,48.66
25632,Chlamydia,274.0,Hawaii,2007.0,Female,Unknown,99,4.0,,
25633,Chlamydia,274.0,Hawaii,2008.0,Female,0-14 years,0-14,46.0,114006.0,40.35
25634,Chlamydia,274.0,Hawaii,2008.0,Female,15-19 years,15-19,1314.0,38631.0,3401.41
25635,Chlamydia,274.0,Hawaii,2008.0,Female,20-24 years,20-24,1612.0,41132.0,3919.09
25636,Chlamydia,274.0,Hawaii,2008.0,Female,25-29 years,25-29,794.0,44112.0,1799.96
25637,Chlamydia,274.0,Hawaii,2008.0,Female,30-34 years,30-34,328.0,39988.0,820.25
25638,Chlamydia,274.0,Hawaii,2008.0,Female,35-39 years,35-39,175.0,42663.0,410.19
25639,Chlamydia,274.0,Hawaii,2008.0,Female,40+ years,40+,146.0,318147.0,45.89
25640,Chlamydia,274.0,Hawaii,2008.0,Female,Unknown,99,7.0,,
25641,Chlamydia,274.0,Hawaii,2009.0,Female,0-14 years,0-14,36.0,116753.0,30.83
25642,Chlamydia,274.0,Hawaii,2009.0,Female,15-19 years,15-19,1263.0,37849.0,3336.94
25643,Chlamydia,274.0,Hawaii,2009.0,Female,20-24 years,20-24,1656.0,40419.0,4097.08
25644,Chlamydia,274.0,Hawaii,2009.0,Female,25-29 years,25-29,793.0,46864.0,1692.13
25645,Chlamydia,274.0,Hawaii,2009.0,Female,30-34 years,30-34,361.0,41873.0,862.13
25646,Chlamydia,274.0,Hawaii,2009.0,Female,35-39 years,35-39,157.0,41313.0,380.03
25647,Chlamydia,274.0,Hawaii,2009.0,Female,40+ years,40+,131.0,315686.0,41.5
25648,Chlamydia,274.0,Hawaii,2009.0,Female,Unknown,99,2.0,,
25649,Chlamydia,274.0,Hawaii,2010.0,Female,0-14 years,0-14,35.0,122742.0,28.52
25650,Chlamydia,274.0,Hawaii,2010.0,Female,15-19 years,15-19,1194.0,41404.0,2883.78
25651,Chlamydia,274.0,Hawaii,2010.0,Female,20-24 years,20-24,1717.0,43848.0,3915.8
25652,Chlamydia,274.0,Hawaii,2010.0,Female,25-29 years,25-29,774.0,46619.0,1660.27
25653,Chlamydia,274.0,Hawaii,2010.0,Female,30-34 years,30-34,320.0,43110.0,742.29
25654,Chlamydia,274.0,Hawaii,2010.0,Female,35-39 years,35-39,160.0,42762.0,374.16
25655,Chlamydia,274.0,Hawaii,2010.0,Female,40+ years,40+,138.0,338573.0,40.76
25656,Chlamydia,274.0,Hawaii,2010.0,Female,Unknown,99,2.0,,
25657,Chlamydia,274.0,Hawaii,2011.0,Female,0-14 years,0-14,47.0,123239.0,38.14
25658,Chlamydia,274.0,Hawaii,2011.0,Female,15-19 years,15-19,1164.0,40014.0,2908.98
25659,Chlamydia,274.0,Hawaii,2011.0,Female,20-24 years,20-24,1719.0,45299.0,3794.79
25660,Chlamydia,274.0,Hawaii,2011.0,Female,25-29 years,25-29,758.0,47748.0,1587.5
25661,Chlamydia,274.0,Hawaii,2011.0,Female,30-34 years,30-34,320.0,44708.0,715.76
25662,Chlamydia,274.0,Hawaii,2011.0,Female,35-39 years,35-39,147.0,41502.0,354.2
25663,Chlamydia,274.0,Hawaii,2011.0,Female,40+ years,40+,158.0,342495.0,46.13
25664,Chlamydia,274.0,Hawaii,2011.0,Female,Unknown,99,1.0,,
25665,Chlamydia,274.0,Hawaii,2012.0,Female,0-14 years,0-14,42.0,123322.0,34.06
25666,Chlamydia,274.0,Hawaii,2012.0,Female,15-19 years,15-19,1175.0,39381.0,2983.67
25667,Chlamydia,274.0,Hawaii,2012.0,Female,20-24 years,20-24,1790.0,46128.0,3880.51
25668,Chlamydia,274.0,Hawaii,2012.0,Female,25-29 years,25-29,792.0,48103.0,1646.47
25669,Chlamydia,274.0,Hawaii,2012.0,Female,30-34 years,30-34,318.0,45627.0,696.96
25670,Chlamydia,274.0,Hawaii,2012.0,Female,35-39 years,35-39,170.0,41546.0,409.19
25671,Chlamydia,274.0,Hawaii,2012.0,Female,40+ years,40+,164.0,346241.0,47.37
25672,Chlamydia,274.0,Hawaii,2012.0,Female,Unknown,99,1.0,,
25673,Chlamydia,274.0,Hawaii,2013.0,Female,0-14 years,0-14,46.0,125813.0,36.56
25674,Chlamydia,274.0,Hawaii,2013.0,Female,15-19 years,15-19,1178.0,38874.0,3030.3
25675,Chlamydia,274.0,Hawaii,2013.0,Female,20-24 years,20-24,1779.0,46021.0,3865.63
25676,Chlamydia,274.0,Hawaii,2013.0,Female,25-29 years,25-29,856.0,48630.0,1760.23
25677,Chlamydia,274.0,Hawaii,2013.0,Female,30-34 years,30-34,393.0,47052.0,835.25
25678,Chlamydia,274.0,Hawaii,2013.0,Female,35-39 years,35-39,201.0,41476.0,484.62
25679,Chlamydia,274.0,Hawaii,2013.0,Female,40+ years,40+,189.0,346574.0,54.53
25680,Chlamydia,274.0,Hawaii,2013.0,Female,Unknown,99,4.0,,
25681,Chlamydia,274.0,Hawaii,2014.0,Female,0-14 years,0-14,31.0,125813.0,24.64
25682,Chlamydia,274.0,Hawaii,2014.0,Female,15-19 years,15-19,1079.0,38874.0,2775.63
25683,Chlamydia,274.0,Hawaii,2014.0,Female,20-24 years,20-24,1727.0,46021.0,3752.63
25684,Chlamydia,274.0,Hawaii,2014.0,Female,25-29 years,25-29,832.0,48630.0,1710.88
25685,Chlamydia,274.0,Hawaii,2014.0,Female,30-34 years,30-34,414.0,47052.0,879.88
25686,Chlamydia,274.0,Hawaii,2014.0,Female,35-39 years,35-39,201.0,41476.0,484.62
25687,Chlamydia,274.0,Hawaii,2014.0,Female,40+ years,40+,182.0,346574.0,52.51
25688,Chlamydia,274.0,Hawaii,2014.0,Female,Unknown,99,3.0,,
25689,Chlamydia,274.0,Idaho,1996.0,Female,0-14 years,0-14,37.0,140136.0,26.4
25690,Chlamydia,274.0,Idaho,1996.0,Female,15-19 years,15-19,568.0,52953.0,1072.65
25691,Chlamydia,274.0,Idaho,1996.0,Female,20-24 years,20-24,365.0,40831.0,893.93
25692,Chlamydia,274.0,Idaho,1996.0,Female,25-29 years,25-29,124.0,36182.0,342.71
25693,Chlamydia,274.0,Idaho,1996.0,Female,30-34 years,30-34,34.0,41197.0,82.53
25694,Chlamydia,274.0,Idaho,1996.0,Female,35-39 years,35-39,14.0,48144.0,29.08
25695,Chlamydia,274.0,Idaho,1996.0,Female,40+ years,40+,8.0,242504.0,3.3
25696,Chlamydia,274.0,Idaho,1996.0,Female,Unknown,99,15.0,,
25697,Chlamydia,274.0,Idaho,1997.0,Female,0-14 years,0-14,43.0,141433.0,30.4
25698,Chlamydia,274.0,Idaho,1997.0,Female,15-19 years,15-19,609.0,54241.0,1122.77
25699,Chlamydia,274.0,Idaho,1997.0,Female,20-24 years,20-24,425.0,42041.0,1010.92
25700,Chlamydia,274.0,Idaho,1997.0,Female,25-29 years,25-29,137.0,37705.0,363.35
25701,Chlamydia,274.0,Idaho,1997.0,Female,30-34 years,30-34,42.0,40349.0,104.09
25702,Chlamydia,274.0,Idaho,1997.0,Female,35-39 years,35-39,25.0,48322.0,51.74
25703,Chlamydia,274.0,Idaho,1997.0,Female,40+ years,40+,14.0,250147.0,5.6
25704,Chlamydia,274.0,Idaho,1997.0,Female,Unknown,99,18.0,,
25705,Chlamydia,274.0,Idaho,1998.0,Female,0-14 years,0-14,31.0,143474.0,21.61
25706,Chlamydia,274.0,Idaho,1998.0,Female,15-19 years,15-19,711.0,55136.0,1289.54
25707,Chlamydia,274.0,Idaho,1998.0,Female,20-24 years,20-24,510.0,43167.0,1181.46
25708,Chlamydia,274.0,Idaho,1998.0,Female,25-29 years,25-29,152.0,38878.0,390.97
25709,Chlamydia,274.0,Idaho,1998.0,Female,30-34 years,30-34,68.0,39915.0,170.36
25710,Chlamydia,274.0,Idaho,1998.0,Female,35-39 years,35-39,22.0,47995.0,45.84
25711,Chlamydia,274.0,Idaho,1998.0,Female,40+ years,40+,21.0,257329.0,8.16
25712,Chlamydia,274.0,Idaho,1998.0,Female,Unknown,99,30.0,,
25713,Chlamydia,274.0,Idaho,1999.0,Female,0-14 years,0-14,30.0,145880.0,20.56
25714,Chlamydia,274.0,Idaho,1999.0,Female,15-19 years,15-19,642.0,55083.0,1165.51
25715,Chlamydia,274.0,Idaho,1999.0,Female,20-24 years,20-24,464.0,44373.0,1045.68
25716,Chlamydia,274.0,Idaho,1999.0,Female,25-29 years,25-29,116.0,40055.0,289.6
25717,Chlamydia,274.0,Idaho,1999.0,Female,30-34 years,30-34,39.0,40173.0,97.08
25718,Chlamydia,274.0,Idaho,1999.0,Female,35-39 years,35-39,12.0,47500.0,25.26
25719,Chlamydia,274.0,Idaho,1999.0,Female,40+ years,40+,14.0,263734.0,5.31
25720,Chlamydia,274.0,Idaho,1999.0,Female,Unknown,99,9.0,,
25721,Chlamydia,274.0,Idaho,2000.0,Female,0-14 years,0-14,32.0,148627.0,21.53
25722,Chlamydia,274.0,Idaho,2000.0,Female,15-19 years,15-19,631.0,54769.0,1152.11
25723,Chlamydia,274.0,Idaho,2000.0,Female,20-24 years,20-24,528.0,45570.0,1158.66
25724,Chlamydia,274.0,Idaho,2000.0,Female,25-29 years,25-29,165.0,40754.0,404.87
25725,Chlamydia,274.0,Idaho,2000.0,Female,30-34 years,30-34,42.0,41366.0,101.53
25726,Chlamydia,274.0,Idaho,2000.0,Female,35-39 years,35-39,15.0,46583.0,32.2
25727,Chlamydia,274.0,Idaho,2000.0,Female,40+ years,40+,22.0,270390.0,8.14
25728,Chlamydia,274.0,Idaho,2001.0,Female,0-14 years,0-14,36.0,148565.0,24.23
25729,Chlamydia,274.0,Idaho,2001.0,Female,15-19 years,15-19,678.0,53796.0,1260.32
25730,Chlamydia,274.0,Idaho,2001.0,Female,20-24 years,20-24,508.0,49067.0,1035.32
25731,Chlamydia,274.0,Idaho,2001.0,Female,25-29 years,25-29,154.0,40748.0,377.93
25732,Chlamydia,274.0,Idaho,2001.0,Female,30-34 years,30-34,50.0,42264.0,118.3
25733,Chlamydia,274.0,Idaho,2001.0,Female,35-39 years,35-39,17.0,45763.0,37.15
25734,Chlamydia,274.0,Idaho,2001.0,Female,40+ years,40+,17.0,278573.0,6.1
25735,Chlamydia,274.0,Idaho,2001.0,Female,Unknown,99,9.0,,
25736,Chlamydia,274.0,Idaho,2002.0,Female,0-14 years,0-14,33.0,148807.0,22.18
25737,Chlamydia,274.0,Idaho,2002.0,Female,15-19 years,15-19,787.0,53240.0,1478.21
25738,Chlamydia,274.0,Idaho,2002.0,Female,20-24 years,20-24,708.0,51659.0,1370.53
25739,Chlamydia,274.0,Idaho,2002.0,Female,25-29 years,25-29,201.0,41384.0,485.69
25740,Chlamydia,274.0,Idaho,2002.0,Female,30-34 years,30-34,66.0,43080.0,153.2
25741,Chlamydia,274.0,Idaho,2002.0,Female,35-39 years,35-39,25.0,44860.0,55.73
25742,Chlamydia,274.0,Idaho,2002.0,Female,40+ years,40+,21.0,286156.0,7.34
25743,Chlamydia,274.0,Idaho,2002.0,Female,Unknown,99,21.0,,
25744,Chlamydia,274.0,Idaho,2003.0,Female,0-14 years,0-14,30.0,149995.0,20.0
25745,Chlamydia,274.0,Idaho,2003.0,Female,15-19 years,15-19,709.0,52842.0,1341.74
25746,Chlamydia,274.0,Idaho,2003.0,Female,20-24 years,20-24,731.0,54042.0,1352.65
25747,Chlamydia,274.0,Idaho,2003.0,Female,25-29 years,25-29,190.0,42489.0,447.18
25748,Chlamydia,274.0,Idaho,2003.0,Female,30-34 years,30-34,68.0,43419.0,156.61
25749,Chlamydia,274.0,Idaho,2003.0,Female,35-39 years,35-39,19.0,44034.0,43.15
25750,Chlamydia,274.0,Idaho,2003.0,Female,40+ years,40+,12.0,294696.0,4.07
25751,Chlamydia,274.0,Idaho,2003.0,Female,Unknown,99,3.0,,
25752,Chlamydia,274.0,Idaho,2004.0,Female,0-14 years,0-14,27.0,150139.0,17.98
25753,Chlamydia,274.0,Idaho,2004.0,Female,15-19 years,15-19,752.0,53054.0,1417.42
25754,Chlamydia,274.0,Idaho,2004.0,Female,20-24 years,20-24,944.0,55957.0,1687.01
25755,Chlamydia,274.0,Idaho,2004.0,Female,25-29 years,25-29,293.0,44155.0,663.57
25756,Chlamydia,274.0,Idaho,2004.0,Female,30-34 years,30-34,84.0,43895.0,191.37
25757,Chlamydia,274.0,Idaho,2004.0,Female,35-39 years,35-39,32.0,44274.0,72.28
25758,Chlamydia,274.0,Idaho,2004.0,Female,40+ years,40+,21.0,303164.0,6.93
25759,Chlamydia,274.0,Idaho,2004.0,Female,Unknown,99,4.0,,
25760,Chlamydia,274.0,Idaho,2005.0,Female,0-14 years,0-14,24.0,150570.0,15.94
25761,Chlamydia,274.0,Idaho,2005.0,Female,15-19 years,15-19,771.0,53406.0,1443.66
25762,Chlamydia,274.0,Idaho,2005.0,Female,20-24 years,20-24,934.0,56725.0,1646.54
25763,Chlamydia,274.0,Idaho,2005.0,Female,25-29 years,25-29,275.0,47433.0,579.76
25764,Chlamydia,274.0,Idaho,2005.0,Female,30-34 years,30-34,97.0,44521.0,217.88
25765,Chlamydia,274.0,Idaho,2005.0,Female,35-39 years,35-39,30.0,45558.0,65.85
25766,Chlamydia,274.0,Idaho,2005.0,Female,40+ years,40+,25.0,314006.0,7.96
25767,Chlamydia,274.0,Idaho,2005.0,Female,Unknown,99,6.0,,
25768,Chlamydia,274.0,Idaho,2006.0,Female,0-14 years,0-14,31.0,158620.0,19.54
25769,Chlamydia,274.0,Idaho,2006.0,Female,15-19 years,15-19,829.0,54649.0,1516.95
25770,Chlamydia,274.0,Idaho,2006.0,Female,20-24 years,20-24,1007.0,49785.0,2022.7
25771,Chlamydia,274.0,Idaho,2006.0,Female,25-29 years,25-29,357.0,53088.0,672.47
25772,Chlamydia,274.0,Idaho,2006.0,Female,30-34 years,30-34,120.0,45567.0,263.35
25773,Chlamydia,274.0,Idaho,2006.0,Female,35-39 years,35-39,55.0,46440.0,118.43
25774,Chlamydia,274.0,Idaho,2006.0,Female,40+ years,40+,33.0,319950.0,10.31
25775,Chlamydia,274.0,Idaho,2006.0,Female,Unknown,99,3.0,,
25776,Chlamydia,274.0,Idaho,2007.0,Female,0-14 years,0-14,30.0,165453.0,18.13
25777,Chlamydia,274.0,Idaho,2007.0,Female,15-19 years,15-19,972.0,54561.0,1781.49
25778,Chlamydia,274.0,Idaho,2007.0,Female,20-24 years,20-24,1082.0,48587.0,2226.93
25779,Chlamydia,274.0,Idaho,2007.0,Female,25-29 years,25-29,376.0,54124.0,694.7
25780,Chlamydia,274.0,Idaho,2007.0,Female,30-34 years,30-34,115.0,46898.0,245.21
25781,Chlamydia,274.0,Idaho,2007.0,Female,35-39 years,35-39,54.0,47398.0,113.93
25782,Chlamydia,274.0,Idaho,2007.0,Female,40+ years,40+,30.0,327882.0,9.15
25783,Chlamydia,274.0,Idaho,2007.0,Female,Unknown,99,1.0,,
25784,Chlamydia,274.0,Idaho,2008.0,Female,0-14 years,0-14,28.0,168113.0,16.66
25785,Chlamydia,274.0,Idaho,2008.0,Female,15-19 years,15-19,1190.0,54885.0,2168.17
25786,Chlamydia,274.0,Idaho,2008.0,Female,20-24 years,20-24,1154.0,48495.0,2379.63
25787,Chlamydia,274.0,Idaho,2008.0,Female,25-29 years,25-29,405.0,54943.0,737.13
25788,Chlamydia,274.0,Idaho,2008.0,Female,30-34 years,30-34,156.0,48205.0,323.62
25789,Chlamydia,274.0,Idaho,2008.0,Female,35-39 years,35-39,68.0,47881.0,142.02
25790,Chlamydia,274.0,Idaho,2008.0,Female,40+ years,40+,41.0,334714.0,12.25
25791,Chlamydia,274.0,Idaho,2008.0,Female,Unknown,99,6.0,,
25792,Chlamydia,274.0,Idaho,2009.0,Female,0-14 years,0-14,19.0,171887.0,11.05
25793,Chlamydia,274.0,Idaho,2009.0,Female,15-19 years,15-19,1112.0,56771.0,1958.75
25794,Chlamydia,274.0,Idaho,2009.0,Female,20-24 years,20-24,1036.0,53991.0,1918.84
25795,Chlamydia,274.0,Idaho,2009.0,Female,25-29 years,25-29,373.0,54211.0,688.05
25796,Chlamydia,274.0,Idaho,2009.0,Female,30-34 years,30-34,131.0,48329.0,271.06
25797,Chlamydia,274.0,Idaho,2009.0,Female,35-39 years,35-39,55.0,47021.0,116.97
25798,Chlamydia,274.0,Idaho,2009.0,Female,40+ years,40+,40.0,337673.0,11.85
25799,Chlamydia,274.0,Idaho,2009.0,Female,Unknown,99,2.0,,
25800,Chlamydia,274.0,Idaho,2010.0,Female,0-14 years,0-14,30.0,175463.0,17.1
25801,Chlamydia,274.0,Idaho,2010.0,Female,15-19 years,15-19,1060.0,56423.0,1878.67
25802,Chlamydia,274.0,Idaho,2010.0,Female,20-24 years,20-24,1206.0,53427.0,2257.29
25803,Chlamydia,274.0,Idaho,2010.0,Female,25-29 years,25-29,420.0,51916.0,809.0
25804,Chlamydia,274.0,Idaho,2010.0,Female,30-34 years,30-34,181.0,50025.0,361.82
25805,Chlamydia,274.0,Idaho,2010.0,Female,35-39 years,35-39,66.0,47696.0,138.38
25806,Chlamydia,274.0,Idaho,2010.0,Female,40+ years,40+,50.0,347308.0,14.4
25807,Chlamydia,274.0,Idaho,2010.0,Female,Unknown,99,1.0,,
25808,Chlamydia,274.0,Idaho,2011.0,Female,0-14 years,0-14,36.0,175070.0,20.56
25809,Chlamydia,274.0,Idaho,2011.0,Female,15-19 years,15-19,1147.0,57116.0,2008.19
25810,Chlamydia,274.0,Idaho,2011.0,Female,20-24 years,20-24,1329.0,53919.0,2464.81
25811,Chlamydia,274.0,Idaho,2011.0,Female,25-29 years,25-29,489.0,51455.0,950.35
25812,Chlamydia,274.0,Idaho,2011.0,Female,30-34 years,30-34,203.0,51547.0,393.81
25813,Chlamydia,274.0,Idaho,2011.0,Female,35-39 years,35-39,79.0,46975.0,168.18
25814,Chlamydia,274.0,Idaho,2011.0,Female,40+ years,40+,54.0,355276.0,15.2
25815,Chlamydia,274.0,Idaho,2011.0,Female,Unknown,99,8.0,,
25816,Chlamydia,274.0,Idaho,2012.0,Female,0-14 years,0-14,20.0,174460.0,11.46
25817,Chlamydia,274.0,Idaho,2012.0,Female,15-19 years,15-19,1083.0,55452.0,1953.04
25818,Chlamydia,274.0,Idaho,2012.0,Female,20-24 years,20-24,1322.0,55283.0,2391.33
25819,Chlamydia,274.0,Idaho,2012.0,Female,25-29 years,25-29,440.0,51260.0,858.37
25820,Chlamydia,274.0,Idaho,2012.0,Female,30-34 years,30-34,195.0,52096.0,374.31
25821,Chlamydia,274.0,Idaho,2012.0,Female,35-39 years,35-39,78.0,47682.0,163.58
25822,Chlamydia,274.0,Idaho,2012.0,Female,40+ years,40+,63.0,360883.0,17.46
25823,Chlamydia,274.0,Idaho,2012.0,Female,Unknown,99,5.0,,
25824,Chlamydia,274.0,Idaho,2013.0,Female,0-14 years,0-14,47.0,174627.0,26.91
25825,Chlamydia,274.0,Idaho,2013.0,Female,15-19 years,15-19,1256.0,55405.0,2266.94
25826,Chlamydia,274.0,Idaho,2013.0,Female,20-24 years,20-24,1624.0,54266.0,2992.67
25827,Chlamydia,274.0,Idaho,2013.0,Female,25-29 years,25-29,537.0,51916.0,1034.36
25828,Chlamydia,274.0,Idaho,2013.0,Female,30-34 years,30-34,248.0,52917.0,468.66
25829,Chlamydia,274.0,Idaho,2013.0,Female,35-39 years,35-39,86.0,48715.0,176.54
25830,Chlamydia,274.0,Idaho,2013.0,Female,40+ years,40+,85.0,367206.0,23.15
25831,Chlamydia,274.0,Idaho,2013.0,Female,Unknown,99,2.0,,
25832,Chlamydia,274.0,Idaho,2014.0,Female,0-14 years,0-14,25.0,174627.0,14.32
25833,Chlamydia,274.0,Idaho,2014.0,Female,15-19 years,15-19,1318.0,55405.0,2378.85
25834,Chlamydia,274.0,Idaho,2014.0,Female,20-24 years,20-24,1551.0,54266.0,2858.14
25835,Chlamydia,274.0,Idaho,2014.0,Female,25-29 years,25-29,595.0,51916.0,1146.08
25836,Chlamydia,274.0,Idaho,2014.0,Female,30-34 years,30-34,241.0,52917.0,455.43
25837,Chlamydia,274.0,Idaho,2014.0,Female,35-39 years,35-39,86.0,48715.0,176.54
25838,Chlamydia,274.0,Idaho,2014.0,Female,40+ years,40+,79.0,367206.0,21.51
25839,Chlamydia,274.0,Illinois,1996.0,Female,0-14 years,0-14,621.0,1302916.0,47.66
25840,Chlamydia,274.0,Illinois,1996.0,Female,15-19 years,15-19,9603.0,412949.0,2325.47
25841,Chlamydia,274.0,Illinois,1996.0,Female,20-24 years,20-24,6848.0,397296.0,1723.65
25842,Chlamydia,274.0,Illinois,1996.0,Female,25-29 years,25-29,2557.0,448439.0,570.2
25843,Chlamydia,274.0,Illinois,1996.0,Female,30-34 years,30-34,916.0,502657.0,182.23
25844,Chlamydia,274.0,Illinois,1996.0,Female,35-39 years,35-39,454.0,514653.0,88.21
25845,Chlamydia,274.0,Illinois,1996.0,Female,40+ years,40+,299.0,2614729.0,11.44
25846,Chlamydia,274.0,Illinois,1996.0,Female,Unknown,99,147.0,,
25847,Chlamydia,274.0,Illinois,1997.0,Female,0-14 years,0-14,594.0,1311513.0,45.29
25848,Chlamydia,274.0,Illinois,1997.0,Female,15-19 years,15-19,9914.0,421096.0,2354.33
25849,Chlamydia,274.0,Illinois,1997.0,Female,20-24 years,20-24,7901.0,396278.0,1993.8
25850,Chlamydia,274.0,Illinois,1997.0,Female,25-29 years,25-29,2994.0,448147.0,668.08
25851,Chlamydia,274.0,Illinois,1997.0,Female,30-34 years,30-34,1162.0,488141.0,238.05
25852,Chlamydia,274.0,Illinois,1997.0,Female,35-39 years,35-39,512.0,514197.0,99.57
25853,Chlamydia,274.0,Illinois,1997.0,Female,40+ years,40+,386.0,2653877.0,14.54
25854,Chlamydia,274.0,Illinois,1997.0,Female,Unknown,99,15.0,,
25855,Chlamydia,274.0,Illinois,1998.0,Female,0-14 years,0-14,464.0,1312897.0,35.34
25856,Chlamydia,274.0,Illinois,1998.0,Female,15-19 years,15-19,9488.0,428307.0,2215.23
25857,Chlamydia,274.0,Illinois,1998.0,Female,20-24 years,20-24,7486.0,400359.0,1869.82
25858,Chlamydia,274.0,Illinois,1998.0,Female,25-29 years,25-29,2699.0,448026.0,602.42
25859,Chlamydia,274.0,Illinois,1998.0,Female,30-34 years,30-34,967.0,474428.0,203.82
25860,Chlamydia,274.0,Illinois,1998.0,Female,35-39 years,35-39,415.0,511550.0,81.13
25861,Chlamydia,274.0,Illinois,1998.0,Female,40+ years,40+,280.0,2696789.0,10.38
25862,Chlamydia,274.0,Illinois,1998.0,Female,Unknown,99,46.0,,
25863,Chlamydia,274.0,Illinois,1999.0,Female,0-14 years,0-14,591.0,1321370.0,44.73
25864,Chlamydia,274.0,Illinois,1999.0,Female,15-19 years,15-19,11975.0,431253.0,2776.79
25865,Chlamydia,274.0,Illinois,1999.0,Female,20-24 years,20-24,10015.0,408098.0,2454.07
25866,Chlamydia,274.0,Illinois,1999.0,Female,25-29 years,25-29,3689.0,444400.0,830.11
25867,Chlamydia,274.0,Illinois,1999.0,Female,30-34 years,30-34,1373.0,462016.0,297.18
25868,Chlamydia,274.0,Illinois,1999.0,Female,35-39 years,35-39,573.0,507081.0,113.0
25869,Chlamydia,274.0,Illinois,1999.0,Female,40+ years,40+,431.0,2739132.0,15.73
25870,Chlamydia,274.0,Illinois,1999.0,Female,Unknown,99,111.0,,
25871,Chlamydia,274.0,Illinois,2000.0,Female,0-14 years,0-14,473.0,1318828.0,35.87
25872,Chlamydia,274.0,Illinois,2000.0,Female,15-19 years,15-19,11221.0,430275.0,2607.87
25873,Chlamydia,274.0,Illinois,2000.0,Female,20-24 years,20-24,12043.0,418350.0,2878.69
25874,Chlamydia,274.0,Illinois,2000.0,Female,25-29 years,25-29,4737.0,438468.0,1080.35
25875,Chlamydia,274.0,Illinois,2000.0,Female,30-34 years,30-34,1806.0,459470.0,393.06
25876,Chlamydia,274.0,Illinois,2000.0,Female,35-39 years,35-39,770.0,498632.0,154.42
25877,Chlamydia,274.0,Illinois,2000.0,Female,40+ years,40+,617.0,2784980.0,22.15
25878,Chlamydia,274.0,Illinois,2000.0,Female,Unknown,99,104.0,,
25879,Chlamydia,274.0,Illinois,2001.0,Female,0-14 years,0-14,579.0,1327112.0,43.63
25880,Chlamydia,274.0,Illinois,2001.0,Female,15-19 years,15-19,12384.0,431038.0,2873.06
25881,Chlamydia,274.0,Illinois,2001.0,Female,20-24 years,20-24,12452.0,420782.0,2959.25
25882,Chlamydia,274.0,Illinois,2001.0,Female,25-29 years,25-29,4550.0,430287.0,1057.43
25883,Chlamydia,274.0,Illinois,2001.0,Female,30-34 years,30-34,1712.0,463822.0,369.11
25884,Chlamydia,274.0,Illinois,2001.0,Female,35-39 years,35-39,789.0,488615.0,161.48
25885,Chlamydia,274.0,Illinois,2001.0,Female,40+ years,40+,574.0,2824520.0,20.32
25886,Chlamydia,274.0,Illinois,2001.0,Female,Unknown,99,84.0,,
25887,Chlamydia,274.0,Illinois,2002.0,Female,0-14 years,0-14,562.0,1330611.0,42.24
25888,Chlamydia,274.0,Illinois,2002.0,Female,15-19 years,15-19,12685.0,431707.0,2938.34
25889,Chlamydia,274.0,Illinois,2002.0,Female,20-24 years,20-24,12712.0,423973.0,2998.3
25890,Chlamydia,274.0,Illinois,2002.0,Female,25-29 years,25-29,4721.0,425399.0,1109.78
25891,Chlamydia,274.0,Illinois,2002.0,Female,30-34 years,30-34,1892.0,468114.0,404.18
25892,Chlamydia,274.0,Illinois,2002.0,Female,35-39 years,35-39,801.0,478464.0,167.41
25893,Chlamydia,274.0,Illinois,2002.0,Female,40+ years,40+,716.0,2865046.0,24.99
25894,Chlamydia,274.0,Illinois,2002.0,Female,Unknown,99,65.0,,
25895,Chlamydia,274.0,Illinois,2003.0,Female,0-14 years,0-14,632.0,1320258.0,47.87
25896,Chlamydia,274.0,Illinois,2003.0,Female,15-19 years,15-19,13429.0,431293.0,3113.66
25897,Chlamydia,274.0,Illinois,2003.0,Female,20-24 years,20-24,13527.0,434898.0,3110.38
25898,Chlamydia,274.0,Illinois,2003.0,Female,25-29 years,25-29,5036.0,426690.0,1180.25
25899,Chlamydia,274.0,Illinois,2003.0,Female,30-34 years,30-34,2056.0,463340.0,443.74
25900,Chlamydia,274.0,Illinois,2003.0,Female,35-39 years,35-39,858.0,466244.0,184.02
25901,Chlamydia,274.0,Illinois,2003.0,Female,40+ years,40+,715.0,2901182.0,24.65
25902,Chlamydia,274.0,Illinois,2003.0,Female,Unknown,99,31.0,,
25903,Chlamydia,274.0,Illinois,2004.0,Female,0-14 years,0-14,572.0,1320713.0,43.31
25904,Chlamydia,274.0,Illinois,2004.0,Female,15-19 years,15-19,13180.0,435581.0,3025.84
25905,Chlamydia,274.0,Illinois,2004.0,Female,20-24 years,20-24,13539.0,437354.0,3095.66
25906,Chlamydia,274.0,Illinois,2004.0,Female,25-29 years,25-29,5036.0,427488.0,1178.04
25907,Chlamydia,274.0,Illinois,2004.0,Female,30-34 years,30-34,2091.0,457560.0,456.99
25908,Chlamydia,274.0,Illinois,2004.0,Female,35-39 years,35-39,873.0,456170.0,191.38
25909,Chlamydia,274.0,Illinois,2004.0,Female,40+ years,40+,672.0,2935552.0,22.89
25910,Chlamydia,274.0,Illinois,2004.0,Female,Unknown,99,33.0,,
25911,Chlamydia,274.0,Illinois,2005.0,Female,0-14 years,0-14,514.0,1315514.0,39.07
25912,Chlamydia,274.0,Illinois,2005.0,Female,15-19 years,15-19,14273.0,441021.0,3236.35
25913,Chlamydia,274.0,Illinois,2005.0,Female,20-24 years,20-24,13747.0,436028.0,3152.78
25914,Chlamydia,274.0,Illinois,2005.0,Female,25-29 years,25-29,5493.0,431118.0,1274.13
25915,Chlamydia,274.0,Illinois,2005.0,Female,30-34 years,30-34,2077.0,447568.0,464.06
25916,Chlamydia,274.0,Illinois,2005.0,Female,35-39 years,35-39,848.0,453030.0,187.18
25917,Chlamydia,274.0,Illinois,2005.0,Female,40+ years,40+,689.0,2968092.0,23.21
25918,Chlamydia,274.0,Illinois,2005.0,Female,Unknown,99,31.0,,
25919,Chlamydia,274.0,Illinois,2006.0,Female,0-14 years,0-14,501.0,1299350.0,38.56
25920,Chlamydia,274.0,Illinois,2006.0,Female,15-19 years,15-19,14889.0,449567.0,3311.85
25921,Chlamydia,274.0,Illinois,2006.0,Female,20-24 years,20-24,14352.0,444348.0,3229.9
25922,Chlamydia,274.0,Illinois,2006.0,Female,25-29 years,25-29,6027.0,444622.0,1355.53
25923,Chlamydia,274.0,Illinois,2006.0,Female,30-34 years,30-34,2248.0,431229.0,521.3
25924,Chlamydia,274.0,Illinois,2006.0,Female,35-39 years,35-39,923.0,453789.0,203.4
25925,Chlamydia,274.0,Illinois,2006.0,Female,40+ years,40+,749.0,2991605.0,25.04
25926,Chlamydia,274.0,Illinois,2006.0,Female,Unknown,99,16.0,,
25927,Chlamydia,274.0,Illinois,2007.0,Female,0-14 years,0-14,537.0,1291139.0,41.59
25928,Chlamydia,274.0,Illinois,2007.0,Female,15-19 years,15-19,15736.0,452277.0,3479.28
25929,Chlamydia,274.0,Illinois,2007.0,Female,20-24 years,20-24,15004.0,445819.0,3365.49
25930,Chlamydia,274.0,Illinois,2007.0,Female,25-29 years,25-29,6335.0,444335.0,1425.73
25931,Chlamydia,274.0,Illinois,2007.0,Female,30-34 years,30-34,2305.0,426074.0,540.99
25932,Chlamydia,274.0,Illinois,2007.0,Female,35-39 years,35-39,1045.0,451195.0,231.61
25933,Chlamydia,274.0,Illinois,2007.0,Female,40+ years,40+,763.0,3008307.0,25.36
25934,Chlamydia,274.0,Illinois,2007.0,Female,Unknown,99,8.0,,
25935,Chlamydia,274.0,Illinois,2008.0,Female,0-14 years,0-14,569.0,1286171.0,44.24
25936,Chlamydia,274.0,Illinois,2008.0,Female,15-19 years,15-19,16769.0,457329.0,3666.73
25937,Chlamydia,274.0,Illinois,2008.0,Female,20-24 years,20-24,15332.0,447526.0,3425.95
25938,Chlamydia,274.0,Illinois,2008.0,Female,25-29 years,25-29,6159.0,450680.0,1366.6
25939,Chlamydia,274.0,Illinois,2008.0,Female,30-34 years,30-34,2355.0,423299.0,556.34
25940,Chlamydia,274.0,Illinois,2008.0,Female,35-39 years,35-39,1083.0,445312.0,243.2
25941,Chlamydia,274.0,Illinois,2008.0,Female,40+ years,40+,834.0,3031340.0,27.51
25942,Chlamydia,274.0,Illinois,2008.0,Female,Unknown,99,11.0,,
25943,Chlamydia,274.0,Illinois,2009.0,Female,0-14 years,0-14,522.0,1290039.0,40.46
25944,Chlamydia,274.0,Illinois,2009.0,Female,15-19 years,15-19,16854.0,448663.0,3756.49
25945,Chlamydia,274.0,Illinois,2009.0,Female,20-24 years,20-24,16278.0,448269.0,3631.3
25946,Chlamydia,274.0,Illinois,2009.0,Female,25-29 years,25-29,6297.0,455645.0,1382.0
25947,Chlamydia,274.0,Illinois,2009.0,Female,30-34 years,30-34,2609.0,420220.0,620.87
25948,Chlamydia,274.0,Illinois,2009.0,Female,35-39 years,35-39,1110.0,433122.0,256.28
25949,Chlamydia,274.0,Illinois,2009.0,Female,40+ years,40+,884.0,3054825.0,28.94
25950,Chlamydia,274.0,Illinois,2009.0,Female,Unknown,99,6.0,,
25951,Chlamydia,274.0,Illinois,2010.0,Female,0-14 years,0-14,757.0,1260821.0,60.04
25952,Chlamydia,274.0,Illinois,2010.0,Female,15-19 years,15-19,17669.0,448356.0,3940.84
25953,Chlamydia,274.0,Illinois,2010.0,Female,20-24 years,20-24,16155.0,431451.0,3744.34
25954,Chlamydia,274.0,Illinois,2010.0,Female,25-29 years,25-29,5745.0,453386.0,1267.13
25955,Chlamydia,274.0,Illinois,2010.0,Female,30-34 years,30-34,2398.0,431902.0,555.22
25956,Chlamydia,274.0,Illinois,2010.0,Female,35-39 years,35-39,1032.0,429314.0,240.38
25957,Chlamydia,274.0,Illinois,2010.0,Female,40+ years,40+,834.0,3083126.0,27.05
25958,Chlamydia,274.0,Illinois,2010.0,Female,Unknown,99,8.0,,
25959,Chlamydia,274.0,Illinois,2011.0,Female,0-14 years,0-14,717.0,1251006.0,57.31
25960,Chlamydia,274.0,Illinois,2011.0,Female,15-19 years,15-19,18117.0,442118.0,4097.77
25961,Chlamydia,274.0,Illinois,2011.0,Female,20-24 years,20-24,17446.0,435365.0,4007.21
25962,Chlamydia,274.0,Illinois,2011.0,Female,25-29 years,25-29,6180.0,449849.0,1373.79
25963,Chlamydia,274.0,Illinois,2011.0,Female,30-34 years,30-34,2457.0,440554.0,557.71
25964,Chlamydia,274.0,Illinois,2011.0,Female,35-39 years,35-39,976.0,415656.0,234.81
25965,Chlamydia,274.0,Illinois,2011.0,Female,40+ years,40+,834.0,3120515.0,26.73
25966,Chlamydia,274.0,Illinois,2011.0,Female,Unknown,99,1.0,,
25967,Chlamydia,274.0,Illinois,2012.0,Female,0-14 years,0-14,728.0,1239341.0,58.74
25968,Chlamydia,274.0,Illinois,2012.0,Female,15-19 years,15-19,18260.0,434055.0,4206.84
25969,Chlamydia,274.0,Illinois,2012.0,Female,20-24 years,20-24,18549.0,440222.0,4213.56
25970,Chlamydia,274.0,Illinois,2012.0,Female,25-29 years,25-29,6395.0,445237.0,1436.31
25971,Chlamydia,274.0,Illinois,2012.0,Female,30-34 years,30-34,2609.0,444084.0,587.5
25972,Chlamydia,274.0,Illinois,2012.0,Female,35-39 years,35-39,1071.0,411739.0,260.12
25973,Chlamydia,274.0,Illinois,2012.0,Female,40+ years,40+,962.0,3141122.0,30.63
25974,Chlamydia,274.0,Illinois,2012.0,Female,Unknown,99,1.0,,
25975,Chlamydia,274.0,Illinois,2013.0,Female,0-14 years,0-14,617.0,1224875.0,50.37
25976,Chlamydia,274.0,Illinois,2013.0,Female,15-19 years,15-19,16198.0,427226.0,3791.44
25977,Chlamydia,274.0,Illinois,2013.0,Female,20-24 years,20-24,18137.0,443811.0,4086.65
25978,Chlamydia,274.0,Illinois,2013.0,Female,25-29 years,25-29,6231.0,439771.0,1416.87
25979,Chlamydia,274.0,Illinois,2013.0,Female,30-34 years,30-34,2505.0,447837.0,559.36
25980,Chlamydia,274.0,Illinois,2013.0,Female,35-39 years,35-39,1092.0,411888.0,265.12
25981,Chlamydia,274.0,Illinois,2013.0,Female,40+ years,40+,984.0,3160244.0,31.14
25982,Chlamydia,274.0,Illinois,2014.0,Female,0-14 years,0-14,556.0,1224875.0,45.39
25983,Chlamydia,274.0,Illinois,2014.0,Female,15-19 years,15-19,15148.0,427226.0,3545.66
25984,Chlamydia,274.0,Illinois,2014.0,Female,20-24 years,20-24,18986.0,443811.0,4277.95
25985,Chlamydia,274.0,Illinois,2014.0,Female,25-29 years,25-29,6865.0,439771.0,1561.04
25986,Chlamydia,274.0,Illinois,2014.0,Female,30-34 years,30-34,2677.0,447837.0,597.76
25987,Chlamydia,274.0,Illinois,2014.0,Female,35-39 years,35-39,1211.0,411888.0,294.01
25988,Chlamydia,274.0,Illinois,2014.0,Female,40+ years,40+,1072.0,3160244.0,33.92
25989,Chlamydia,274.0,Illinois,2014.0,Female,Unknown,99,1.0,,
25990,Chlamydia,274.0,Indiana,1996.0,Female,0-14 years,0-14,321.0,610836.0,52.55
25991,Chlamydia,274.0,Indiana,1996.0,Female,15-19 years,15-19,4121.0,215681.0,1910.69
25992,Chlamydia,274.0,Indiana,1996.0,Female,20-24 years,20-24,2533.0,206092.0,1229.06
25993,Chlamydia,274.0,Indiana,1996.0,Female,25-29 years,25-29,814.0,214201.0,380.02
25994,Chlamydia,274.0,Indiana,1996.0,Female,30-34 years,30-34,308.0,224291.0,137.32
25995,Chlamydia,274.0,Indiana,1996.0,Female,35-39 years,35-39,131.0,247519.0,52.93
25996,Chlamydia,274.0,Indiana,1996.0,Female,40+ years,40+,94.0,1304758.0,7.2
25997,Chlamydia,274.0,Indiana,1996.0,Female,Unknown,99,75.0,,
25998,Chlamydia,274.0,Indiana,1997.0,Female,0-14 years,0-14,296.0,619008.0,47.82
25999,Chlamydia,274.0,Indiana,1997.0,Female,15-19 years,15-19,3784.0,219216.0,1726.15
26000,Chlamydia,274.0,Indiana,1997.0,Female,20-24 years,20-24,2577.0,203649.0,1265.41
26001,Chlamydia,274.0,Indiana,1997.0,Female,25-29 years,25-29,879.0,215139.0,408.57
26002,Chlamydia,274.0,Indiana,1997.0,Female,30-34 years,30-34,291.0,216964.0,134.12
26003,Chlamydia,274.0,Indiana,1997.0,Female,35-39 years,35-39,132.0,246316.0,53.59
26004,Chlamydia,274.0,Indiana,1997.0,Female,40+ years,40+,94.0,1324998.0,7.09
26005,Chlamydia,274.0,Indiana,1997.0,Female,Unknown,99,58.0,,
26006,Chlamydia,274.0,Indiana,1998.0,Female,0-14 years,0-14,353.0,625630.0,56.42
26007,Chlamydia,274.0,Indiana,1998.0,Female,15-19 years,15-19,4250.0,221608.0,1917.8
26008,Chlamydia,274.0,Indiana,1998.0,Female,20-24 years,20-24,2988.0,204822.0,1458.83
26009,Chlamydia,274.0,Indiana,1998.0,Female,25-29 years,25-29,946.0,212202.0,445.8
26010,Chlamydia,274.0,Indiana,1998.0,Female,30-34 years,30-34,352.0,211442.0,166.48
26011,Chlamydia,274.0,Indiana,1998.0,Female,35-39 years,35-39,148.0,244093.0,60.63
26012,Chlamydia,274.0,Indiana,1998.0,Female,40+ years,40+,109.0,1345380.0,8.1
26013,Chlamydia,274.0,Indiana,1998.0,Female,Unknown,99,81.0,,
26014,Chlamydia,274.0,Indiana,1999.0,Female,0-14 years,0-14,329.0,633797.0,51.91
26015,Chlamydia,274.0,Indiana,1999.0,Female,15-19 years,15-19,4362.0,221560.0,1968.77
26016,Chlamydia,274.0,Indiana,1999.0,Female,20-24 years,20-24,3165.0,206957.0,1529.3
26017,Chlamydia,274.0,Indiana,1999.0,Female,25-29 years,25-29,1035.0,207015.0,499.96
26018,Chlamydia,274.0,Indiana,1999.0,Female,30-34 years,30-34,342.0,208587.0,163.96
26019,Chlamydia,274.0,Indiana,1999.0,Female,35-39 years,35-39,162.0,242331.0,66.85
26020,Chlamydia,274.0,Indiana,1999.0,Female,40+ years,40+,83.0,1363104.0,6.09
26021,Chlamydia,274.0,Indiana,1999.0,Female,Unknown,99,51.0,,
26022,Chlamydia,274.0,Indiana,2000.0,Female,0-14 years,0-14,269.0,643638.0,41.79
26023,Chlamydia,274.0,Indiana,2000.0,Female,15-19 years,15-19,4527.0,219730.0,2060.26
26024,Chlamydia,274.0,Indiana,2000.0,Female,20-24 years,20-24,4001.0,211172.0,1894.66
26025,Chlamydia,274.0,Indiana,2000.0,Female,25-29 years,25-29,1332.0,199795.0,666.68
26026,Chlamydia,274.0,Indiana,2000.0,Female,30-34 years,30-34,477.0,209499.0,227.69
26027,Chlamydia,274.0,Indiana,2000.0,Female,35-39 years,35-39,195.0,237940.0,81.95
26028,Chlamydia,274.0,Indiana,2000.0,Female,40+ years,40+,133.0,1381283.0,9.63
26029,Chlamydia,274.0,Indiana,2000.0,Female,Unknown,99,1.0,,
26030,Chlamydia,274.0,Indiana,2001.0,Female,0-14 years,0-14,300.0,644375.0,46.56
26031,Chlamydia,274.0,Indiana,2001.0,Female,15-19 years,15-19,4701.0,216046.0,2175.93
26032,Chlamydia,274.0,Indiana,2001.0,Female,20-24 years,20-24,4191.0,219009.0,1913.62
26033,Chlamydia,274.0,Indiana,2001.0,Female,25-29 years,25-29,1381.0,194675.0,709.39
26034,Chlamydia,274.0,Indiana,2001.0,Female,30-34 years,30-34,493.0,210447.0,234.26
26035,Chlamydia,274.0,Indiana,2001.0,Female,35-39 years,35-39,219.0,232570.0,94.17
26036,Chlamydia,274.0,Indiana,2001.0,Female,40+ years,40+,157.0,1401897.0,11.2
26037,Chlamydia,274.0,Indiana,2001.0,Female,Unknown,99,226.0,,
26038,Chlamydia,274.0,Indiana,2002.0,Female,0-14 years,0-14,313.0,647511.0,48.34
26039,Chlamydia,274.0,Indiana,2002.0,Female,15-19 years,15-19,5074.0,214923.0,2360.85
26040,Chlamydia,274.0,Indiana,2002.0,Female,20-24 years,20-24,4869.0,223864.0,2174.98
26041,Chlamydia,274.0,Indiana,2002.0,Female,25-29 years,25-29,1681.0,192939.0,871.26
26042,Chlamydia,274.0,Indiana,2002.0,Female,30-34 years,30-34,652.0,211116.0,308.83
26043,Chlamydia,274.0,Indiana,2002.0,Female,35-39 years,35-39,256.0,226088.0,113.23
26044,Chlamydia,274.0,Indiana,2002.0,Female,40+ years,40+,182.0,1417332.0,12.84
26045,Chlamydia,274.0,Indiana,2002.0,Female,Unknown,99,124.0,,
26046,Chlamydia,274.0,Indiana,2003.0,Female,0-14 years,0-14,300.0,651466.0,46.05
26047,Chlamydia,274.0,Indiana,2003.0,Female,15-19 years,15-19,5195.0,215791.0,2407.42
26048,Chlamydia,274.0,Indiana,2003.0,Female,20-24 years,20-24,4913.0,225867.0,2175.17
26049,Chlamydia,274.0,Indiana,2003.0,Female,25-29 years,25-29,1637.0,194756.0,840.54
26050,Chlamydia,274.0,Indiana,2003.0,Female,30-34 years,30-34,577.0,206479.0,279.45
26051,Chlamydia,274.0,Indiana,2003.0,Female,35-39 years,35-39,219.0,217473.0,100.7
26052,Chlamydia,274.0,Indiana,2003.0,Female,40+ years,40+,179.0,1437084.0,12.46
26053,Chlamydia,274.0,Indiana,2003.0,Female,Unknown,99,98.0,,
26054,Chlamydia,274.0,Indiana,2004.0,Female,0-14 years,0-14,257.0,648830.0,39.61
26055,Chlamydia,274.0,Indiana,2004.0,Female,15-19 years,15-19,5772.0,217646.0,2652.01
26056,Chlamydia,274.0,Indiana,2004.0,Female,20-24 years,20-24,5251.0,223846.0,2345.81
26057,Chlamydia,274.0,Indiana,2004.0,Female,25-29 years,25-29,1790.0,201545.0,888.14
26058,Chlamydia,274.0,Indiana,2004.0,Female,30-34 years,30-34,637.0,204521.0,311.46
26059,Chlamydia,274.0,Indiana,2004.0,Female,35-39 years,35-39,243.0,211879.0,114.69
26060,Chlamydia,274.0,Indiana,2004.0,Female,40+ years,40+,185.0,1460327.0,12.67
26061,Chlamydia,274.0,Indiana,2004.0,Female,Unknown,99,82.0,,
26062,Chlamydia,274.0,Indiana,2005.0,Female,0-14 years,0-14,306.0,647268.0,47.28
26063,Chlamydia,274.0,Indiana,2005.0,Female,15-19 years,15-19,5855.0,220017.0,2661.16
26064,Chlamydia,274.0,Indiana,2005.0,Female,20-24 years,20-24,5622.0,218919.0,2568.07
26065,Chlamydia,274.0,Indiana,2005.0,Female,25-29 years,25-29,2126.0,209857.0,1013.07
26066,Chlamydia,274.0,Indiana,2005.0,Female,30-34 years,30-34,755.0,199937.0,377.62
26067,Chlamydia,274.0,Indiana,2005.0,Female,35-39 years,35-39,255.0,209969.0,121.45
26068,Chlamydia,274.0,Indiana,2005.0,Female,40+ years,40+,233.0,1477701.0,15.77
26069,Chlamydia,274.0,Indiana,2005.0,Female,Unknown,99,111.0,,
26070,Chlamydia,274.0,Indiana,2006.0,Female,0-14 years,0-14,242.0,634313.0,38.15
26071,Chlamydia,274.0,Indiana,2006.0,Female,15-19 years,15-19,5600.0,219488.0,2551.39
26072,Chlamydia,274.0,Indiana,2006.0,Female,20-24 years,20-24,5557.0,213622.0,2601.32
26073,Chlamydia,274.0,Indiana,2006.0,Female,25-29 years,25-29,2081.0,217679.0,956.0
26074,Chlamydia,274.0,Indiana,2006.0,Female,30-34 years,30-34,795.0,200702.0,396.11
26075,Chlamydia,274.0,Indiana,2006.0,Female,35-39 years,35-39,282.0,213086.0,132.34
26076,Chlamydia,274.0,Indiana,2006.0,Female,40+ years,40+,237.0,1504127.0,15.76
26077,Chlamydia,274.0,Indiana,2006.0,Female,Unknown,99,113.0,,
26078,Chlamydia,274.0,Indiana,2007.0,Female,0-14 years,0-14,361.0,639868.0,56.42
26079,Chlamydia,274.0,Indiana,2007.0,Female,15-19 years,15-19,5975.0,219997.0,2715.95
26080,Chlamydia,274.0,Indiana,2007.0,Female,20-24 years,20-24,5731.0,209192.0,2739.59
26081,Chlamydia,274.0,Indiana,2007.0,Female,25-29 years,25-29,2127.0,219822.0,967.6
26082,Chlamydia,274.0,Indiana,2007.0,Female,30-34 years,30-34,777.0,199732.0,389.02
26083,Chlamydia,274.0,Indiana,2007.0,Female,35-39 years,35-39,359.0,213497.0,168.15
26084,Chlamydia,274.0,Indiana,2007.0,Female,40+ years,40+,246.0,1516601.0,16.22
26085,Chlamydia,274.0,Indiana,2008.0,Female,0-14 years,0-14,251.0,640808.0,39.17
26086,Chlamydia,274.0,Indiana,2008.0,Female,15-19 years,15-19,6477.0,219688.0,2948.27
26087,Chlamydia,274.0,Indiana,2008.0,Female,20-24 years,20-24,6028.0,208751.0,2887.65
26088,Chlamydia,274.0,Indiana,2008.0,Female,25-29 years,25-29,2264.0,218780.0,1034.83
26089,Chlamydia,274.0,Indiana,2008.0,Female,30-34 years,30-34,816.0,201651.0,404.66
26090,Chlamydia,274.0,Indiana,2008.0,Female,35-39 years,35-39,348.0,212449.0,163.8
26091,Chlamydia,274.0,Indiana,2008.0,Female,40+ years,40+,261.0,1532155.0,17.03
26092,Chlamydia,274.0,Indiana,2008.0,Female,Unknown,99,68.0,,
26093,Chlamydia,274.0,Indiana,2009.0,Female,0-14 years,0-14,225.0,645278.0,34.87
26094,Chlamydia,274.0,Indiana,2009.0,Female,15-19 years,15-19,6227.0,224031.0,2779.53
26095,Chlamydia,274.0,Indiana,2009.0,Female,20-24 years,20-24,6070.0,222186.0,2731.95
26096,Chlamydia,274.0,Indiana,2009.0,Female,25-29 years,25-29,2093.0,214076.0,977.69
26097,Chlamydia,274.0,Indiana,2009.0,Female,30-34 years,30-34,873.0,199898.0,436.72
26098,Chlamydia,274.0,Indiana,2009.0,Female,35-39 years,35-39,368.0,208804.0,176.24
26099,Chlamydia,274.0,Indiana,2009.0,Female,40+ years,40+,211.0,1544152.0,13.66
26100,Chlamydia,274.0,Indiana,2009.0,Female,Unknown,99,83.0,,
26101,Chlamydia,274.0,Indiana,2010.0,Female,0-14 years,0-14,207.0,650552.0,31.82
26102,Chlamydia,274.0,Indiana,2010.0,Female,15-19 years,15-19,6359.0,232025.0,2740.65
26103,Chlamydia,274.0,Indiana,2010.0,Female,20-24 years,20-24,6125.0,223758.0,2737.33
26104,Chlamydia,274.0,Indiana,2010.0,Female,25-29 years,25-29,2150.0,208719.0,1030.09
26105,Chlamydia,274.0,Indiana,2010.0,Female,30-34 years,30-34,920.0,203102.0,452.97
26106,Chlamydia,274.0,Indiana,2010.0,Female,35-39 years,35-39,321.0,208104.0,154.25
26107,Chlamydia,274.0,Indiana,2010.0,Female,40+ years,40+,239.0,1567805.0,15.24
26108,Chlamydia,274.0,Indiana,2010.0,Female,Unknown,99,23.0,,
26109,Chlamydia,274.0,Indiana,2011.0,Female,0-14 years,0-14,260.0,647400.0,40.16
26110,Chlamydia,274.0,Indiana,2011.0,Female,15-19 years,15-19,7586.0,227621.0,3332.73
26111,Chlamydia,274.0,Indiana,2011.0,Female,20-24 years,20-24,7825.0,229425.0,3410.7
26112,Chlamydia,274.0,Indiana,2011.0,Female,25-29 years,25-29,2610.0,207812.0,1255.94
26113,Chlamydia,274.0,Indiana,2011.0,Female,30-34 years,30-34,1048.0,208123.0,503.55
26114,Chlamydia,274.0,Indiana,2011.0,Female,35-39 years,35-39,381.0,201333.0,189.24
26115,Chlamydia,274.0,Indiana,2011.0,Female,40+ years,40+,355.0,1588223.0,22.35
26116,Chlamydia,274.0,Indiana,2012.0,Female,0-14 years,0-14,292.0,645275.0,45.25
26117,Chlamydia,274.0,Indiana,2012.0,Female,15-19 years,15-19,7952.0,223128.0,3563.87
26118,Chlamydia,274.0,Indiana,2012.0,Female,20-24 years,20-24,8500.0,234859.0,3619.19
26119,Chlamydia,274.0,Indiana,2012.0,Female,25-29 years,25-29,2925.0,207064.0,1412.61
26120,Chlamydia,274.0,Indiana,2012.0,Female,30-34 years,30-34,1117.0,209497.0,533.18
26121,Chlamydia,274.0,Indiana,2012.0,Female,35-39 years,35-39,462.0,199317.0,231.79
26122,Chlamydia,274.0,Indiana,2012.0,Female,40+ years,40+,385.0,1600004.0,24.06
26123,Chlamydia,274.0,Indiana,2013.0,Female,0-14 years,0-14,233.0,642609.0,36.26
26124,Chlamydia,274.0,Indiana,2013.0,Female,15-19 years,15-19,6909.0,222647.0,3103.12
26125,Chlamydia,274.0,Indiana,2013.0,Female,20-24 years,20-24,8326.0,237166.0,3510.62
26126,Chlamydia,274.0,Indiana,2013.0,Female,25-29 years,25-29,2899.0,208234.0,1392.18
26127,Chlamydia,274.0,Indiana,2013.0,Female,30-34 years,30-34,1131.0,211820.0,533.94
26128,Chlamydia,274.0,Indiana,2013.0,Female,35-39 years,35-39,469.0,199730.0,234.82
26129,Chlamydia,274.0,Indiana,2013.0,Female,40+ years,40+,337.0,1612428.0,20.9
26130,Chlamydia,274.0,Indiana,2013.0,Female,Unknown,99,3.0,,
26131,Chlamydia,274.0,Indiana,2014.0,Female,0-14 years,0-14,200.0,642609.0,31.12
26132,Chlamydia,274.0,Indiana,2014.0,Female,15-19 years,15-19,6542.0,222647.0,2938.28
26133,Chlamydia,274.0,Indiana,2014.0,Female,20-24 years,20-24,8571.0,237166.0,3613.92
26134,Chlamydia,274.0,Indiana,2014.0,Female,25-29 years,25-29,3087.0,208234.0,1482.47
26135,Chlamydia,274.0,Indiana,2014.0,Female,30-34 years,30-34,1238.0,211820.0,584.46
26136,Chlamydia,274.0,Indiana,2014.0,Female,35-39 years,35-39,560.0,199730.0,280.38
26137,Chlamydia,274.0,Indiana,2014.0,Female,40+ years,40+,387.0,1612428.0,24.0
26138,Chlamydia,274.0,Indiana,2014.0,Female,Unknown,99,1.0,,
26139,Chlamydia,274.0,Iowa,1996.0,Female,0-14 years,0-14,102.0,289979.0,35.17
26140,Chlamydia,274.0,Iowa,1996.0,Female,15-19 years,15-19,1560.0,108273.0,1440.8
26141,Chlamydia,274.0,Iowa,1996.0,Female,20-24 years,20-24,1188.0,93551.0,1269.9
26142,Chlamydia,274.0,Iowa,1996.0,Female,25-29 years,25-29,332.0,95918.0,346.13
26143,Chlamydia,274.0,Iowa,1996.0,Female,30-34 years,30-34,120.0,97683.0,122.85
26144,Chlamydia,274.0,Iowa,1996.0,Female,35-39 years,35-39,56.0,114834.0,48.77
26145,Chlamydia,274.0,Iowa,1996.0,Female,40+ years,40+,42.0,673971.0,6.23
26146,Chlamydia,274.0,Iowa,1996.0,Female,Unknown,99,42.0,,
26147,Chlamydia,274.0,Iowa,1997.0,Female,0-14 years,0-14,118.0,289493.0,40.76
26148,Chlamydia,274.0,Iowa,1997.0,Female,15-19 years,15-19,1705.0,110265.0,1546.27
26149,Chlamydia,274.0,Iowa,1997.0,Female,20-24 years,20-24,1367.0,93496.0,1462.09
26150,Chlamydia,274.0,Iowa,1997.0,Female,25-29 years,25-29,429.0,95479.0,449.31
26151,Chlamydia,274.0,Iowa,1997.0,Female,30-34 years,30-34,132.0,94046.0,140.36
26152,Chlamydia,274.0,Iowa,1997.0,Female,35-39 years,35-39,61.0,114025.0,53.5
26153,Chlamydia,274.0,Iowa,1997.0,Female,40+ years,40+,46.0,681642.0,6.75
26154,Chlamydia,274.0,Iowa,1997.0,Female,Unknown,99,41.0,,
26155,Chlamydia,274.0,Iowa,1998.0,Female,0-14 years,0-14,92.0,289980.0,31.73
26156,Chlamydia,274.0,Iowa,1998.0,Female,15-19 years,15-19,1812.0,111594.0,1623.74
26157,Chlamydia,274.0,Iowa,1998.0,Female,20-24 years,20-24,1537.0,95354.0,1611.89
26158,Chlamydia,274.0,Iowa,1998.0,Female,25-29 years,25-29,380.0,92957.0,408.79
26159,Chlamydia,274.0,Iowa,1998.0,Female,30-34 years,30-34,126.0,91652.0,137.48
26160,Chlamydia,274.0,Iowa,1998.0,Female,35-39 years,35-39,64.0,112545.0,56.87
26161,Chlamydia,274.0,Iowa,1998.0,Female,40+ years,40+,38.0,689142.0,5.51
26162,Chlamydia,274.0,Iowa,1998.0,Female,Unknown,99,29.0,,
26163,Chlamydia,274.0,Iowa,1999.0,Female,0-14 years,0-14,69.0,291997.0,23.63
26164,Chlamydia,274.0,Iowa,1999.0,Female,15-19 years,15-19,1843.0,111498.0,1652.94
26165,Chlamydia,274.0,Iowa,1999.0,Female,20-24 years,20-24,1593.0,97882.0,1627.47
26166,Chlamydia,274.0,Iowa,1999.0,Female,25-29 years,25-29,432.0,89501.0,482.68
26167,Chlamydia,274.0,Iowa,1999.0,Female,30-34 years,30-34,144.0,90838.0,158.52
26168,Chlamydia,274.0,Iowa,1999.0,Female,35-39 years,35-39,66.0,110850.0,59.54
26169,Chlamydia,274.0,Iowa,1999.0,Female,40+ years,40+,41.0,695657.0,5.89
26170,Chlamydia,274.0,Iowa,1999.0,Female,Unknown,99,20.0,,
26171,Chlamydia,274.0,Iowa,2000.0,Female,0-14 years,0-14,86.0,285287.0,30.15
26172,Chlamydia,274.0,Iowa,2000.0,Female,15-19 years,15-19,1911.0,109544.0,1744.5
26173,Chlamydia,274.0,Iowa,2000.0,Female,20-24 years,20-24,1705.0,102109.0,1669.78
26174,Chlamydia,274.0,Iowa,2000.0,Female,25-29 years,25-29,496.0,87139.0,569.21
26175,Chlamydia,274.0,Iowa,2000.0,Female,30-34 years,30-34,163.0,92108.0,176.97
26176,Chlamydia,274.0,Iowa,2000.0,Female,35-39 years,35-39,75.0,108998.0,68.81
26177,Chlamydia,274.0,Iowa,2000.0,Female,40+ years,40+,36.0,706764.0,5.09
26178,Chlamydia,274.0,Iowa,2000.0,Female,Unknown,99,8.0,,
26179,Chlamydia,274.0,Iowa,2001.0,Female,0-14 years,0-14,74.0,283463.0,26.11
26180,Chlamydia,274.0,Iowa,2001.0,Female,15-19 years,15-19,1759.0,106730.0,1648.08
26181,Chlamydia,274.0,Iowa,2001.0,Female,20-24 years,20-24,1723.0,107305.0,1605.7
26182,Chlamydia,274.0,Iowa,2001.0,Female,25-29 years,25-29,484.0,85356.0,567.04
26183,Chlamydia,274.0,Iowa,2001.0,Female,30-34 years,30-34,135.0,91573.0,147.42
26184,Chlamydia,274.0,Iowa,2001.0,Female,35-39 years,35-39,63.0,104587.0,60.24
26185,Chlamydia,274.0,Iowa,2001.0,Female,40+ years,40+,42.0,713741.0,5.88
26186,Chlamydia,274.0,Iowa,2001.0,Female,Unknown,99,15.0,,
26187,Chlamydia,274.0,Iowa,2002.0,Female,0-14 years,0-14,72.0,278703.0,25.83
26188,Chlamydia,274.0,Iowa,2002.0,Female,15-19 years,15-19,1808.0,104394.0,1731.9
26189,Chlamydia,274.0,Iowa,2002.0,Female,20-24 years,20-24,2003.0,111829.0,1791.13
26190,Chlamydia,274.0,Iowa,2002.0,Female,25-29 years,25-29,511.0,86172.0,593.0
26191,Chlamydia,274.0,Iowa,2002.0,Female,30-34 years,30-34,166.0,91231.0,181.96
26192,Chlamydia,274.0,Iowa,2002.0,Female,35-39 years,35-39,71.0,100587.0,70.59
26193,Chlamydia,274.0,Iowa,2002.0,Female,40+ years,40+,37.0,721816.0,5.13
26194,Chlamydia,274.0,Iowa,2002.0,Female,Unknown,99,12.0,,
26195,Chlamydia,274.0,Iowa,2003.0,Female,0-14 years,0-14,68.0,277488.0,24.51
26196,Chlamydia,274.0,Iowa,2003.0,Female,15-19 years,15-19,1879.0,103272.0,1819.47
26197,Chlamydia,274.0,Iowa,2003.0,Female,20-24 years,20-24,2045.0,112668.0,1815.07
26198,Chlamydia,274.0,Iowa,2003.0,Female,25-29 years,25-29,606.0,88379.0,685.68
26199,Chlamydia,274.0,Iowa,2003.0,Female,30-34 years,30-34,205.0,88348.0,232.04
26200,Chlamydia,274.0,Iowa,2003.0,Female,35-39 years,35-39,57.0,96148.0,59.28
26201,Chlamydia,274.0,Iowa,2003.0,Female,40+ years,40+,40.0,729951.0,5.48
26202,Chlamydia,274.0,Iowa,2003.0,Female,Unknown,99,15.0,,
26203,Chlamydia,274.0,Iowa,2004.0,Female,0-14 years,0-14,88.0,272065.0,32.35
26204,Chlamydia,274.0,Iowa,2004.0,Female,15-19 years,15-19,2061.0,102495.0,2010.83
26205,Chlamydia,274.0,Iowa,2004.0,Female,20-24 years,20-24,2100.0,112353.0,1869.11
26206,Chlamydia,274.0,Iowa,2004.0,Female,25-29 years,25-29,612.0,93136.0,657.1
26207,Chlamydia,274.0,Iowa,2004.0,Female,30-34 years,30-34,200.0,86836.0,230.32
26208,Chlamydia,274.0,Iowa,2004.0,Female,35-39 years,35-39,76.0,93872.0,80.96
26209,Chlamydia,274.0,Iowa,2004.0,Female,40+ years,40+,42.0,739587.0,5.68
26210,Chlamydia,274.0,Iowa,2004.0,Female,Unknown,99,29.0,,
26211,Chlamydia,274.0,Iowa,2005.0,Female,0-14 years,0-14,86.0,267012.0,32.21
26212,Chlamydia,274.0,Iowa,2005.0,Female,15-19 years,15-19,2131.0,102028.0,2088.64
26213,Chlamydia,274.0,Iowa,2005.0,Female,20-24 years,20-24,2142.0,110130.0,1944.97
26214,Chlamydia,274.0,Iowa,2005.0,Female,25-29 years,25-29,654.0,98520.0,663.83
26215,Chlamydia,274.0,Iowa,2005.0,Female,30-34 years,30-34,242.0,85705.0,282.36
26216,Chlamydia,274.0,Iowa,2005.0,Female,35-39 years,35-39,68.0,93124.0,73.02
26217,Chlamydia,274.0,Iowa,2005.0,Female,40+ years,40+,48.0,749066.0,6.41
26218,Chlamydia,274.0,Iowa,2005.0,Female,Unknown,99,29.0,,
26219,Chlamydia,274.0,Iowa,2006.0,Female,0-14 years,0-14,94.0,283378.0,33.17
26220,Chlamydia,274.0,Iowa,2006.0,Female,15-19 years,15-19,2257.0,106102.0,2127.2
26221,Chlamydia,274.0,Iowa,2006.0,Female,20-24 years,20-24,2521.0,107719.0,2340.35
26222,Chlamydia,274.0,Iowa,2006.0,Female,25-29 years,25-29,852.0,89777.0,949.02
26223,Chlamydia,274.0,Iowa,2006.0,Female,30-34 years,30-34,239.0,85363.0,279.98
26224,Chlamydia,274.0,Iowa,2006.0,Female,35-39 years,35-39,100.0,93258.0,107.23
26225,Chlamydia,274.0,Iowa,2006.0,Female,40+ years,40+,78.0,743678.0,10.49
26226,Chlamydia,274.0,Iowa,2006.0,Female,Unknown,99,16.0,,
26227,Chlamydia,274.0,Iowa,2007.0,Female,0-14 years,0-14,101.0,284700.0,35.48
26228,Chlamydia,274.0,Iowa,2007.0,Female,15-19 years,15-19,2349.0,106446.0,2206.75
26229,Chlamydia,274.0,Iowa,2007.0,Female,20-24 years,20-24,2534.0,105114.0,2410.72
26230,Chlamydia,274.0,Iowa,2007.0,Female,25-29 years,25-29,843.0,93485.0,901.75
26231,Chlamydia,274.0,Iowa,2007.0,Female,30-34 years,30-34,284.0,84894.0,334.54
26232,Chlamydia,274.0,Iowa,2007.0,Female,35-39 years,35-39,108.0,92282.0,117.03
26233,Chlamydia,274.0,Iowa,2007.0,Female,40+ years,40+,84.0,746584.0,11.25
26234,Chlamydia,274.0,Iowa,2007.0,Female,Unknown,99,7.0,,
26235,Chlamydia,274.0,Iowa,2008.0,Female,0-14 years,0-14,67.0,286352.0,23.4
26236,Chlamydia,274.0,Iowa,2008.0,Female,15-19 years,15-19,2582.0,106081.0,2433.99
26237,Chlamydia,274.0,Iowa,2008.0,Female,20-24 years,20-24,2677.0,105043.0,2548.48
26238,Chlamydia,274.0,Iowa,2008.0,Female,25-29 years,25-29,955.0,94434.0,1011.29
26239,Chlamydia,274.0,Iowa,2008.0,Female,30-34 years,30-34,344.0,85576.0,401.98
26240,Chlamydia,274.0,Iowa,2008.0,Female,35-39 years,35-39,149.0,91160.0,163.45
26241,Chlamydia,274.0,Iowa,2008.0,Female,40+ years,40+,101.0,751037.0,13.45
26242,Chlamydia,274.0,Iowa,2008.0,Female,Unknown,99,7.0,,
26243,Chlamydia,274.0,Iowa,2009.0,Female,0-14 years,0-14,83.0,288133.0,28.81
26244,Chlamydia,274.0,Iowa,2009.0,Female,15-19 years,15-19,2596.0,106575.0,2435.84
26245,Chlamydia,274.0,Iowa,2009.0,Female,20-24 years,20-24,2715.0,110936.0,2447.36
26246,Chlamydia,274.0,Iowa,2009.0,Female,25-29 years,25-29,914.0,95215.0,959.93
26247,Chlamydia,274.0,Iowa,2009.0,Female,30-34 years,30-34,286.0,83951.0,340.68
26248,Chlamydia,274.0,Iowa,2009.0,Female,35-39 years,35-39,117.0,87872.0,133.15
26249,Chlamydia,274.0,Iowa,2009.0,Female,40+ years,40+,69.0,749565.0,9.21
26250,Chlamydia,274.0,Iowa,2009.0,Female,Unknown,99,5.0,,
26251,Chlamydia,274.0,Iowa,2010.0,Female,0-14 years,0-14,103.0,294276.0,35.0
26252,Chlamydia,274.0,Iowa,2010.0,Female,15-19 years,15-19,2918.0,105598.0,2763.31
26253,Chlamydia,274.0,Iowa,2010.0,Female,20-24 years,20-24,3017.0,103883.0,2904.23
26254,Chlamydia,274.0,Iowa,2010.0,Female,25-29 years,25-29,993.0,96334.0,1030.79
26255,Chlamydia,274.0,Iowa,2010.0,Female,30-34 years,30-34,366.0,90713.0,403.47
26256,Chlamydia,274.0,Iowa,2010.0,Female,35-39 years,35-39,135.0,87574.0,154.16
26257,Chlamydia,274.0,Iowa,2010.0,Female,40+ years,40+,80.0,759658.0,10.53
26258,Chlamydia,274.0,Iowa,2011.0,Female,0-14 years,0-14,95.0,293837.0,32.33
26259,Chlamydia,274.0,Iowa,2011.0,Female,15-19 years,15-19,2760.0,105233.0,2622.75
26260,Chlamydia,274.0,Iowa,2011.0,Female,20-24 years,20-24,3093.0,105516.0,2931.31
26261,Chlamydia,274.0,Iowa,2011.0,Female,25-29 years,25-29,1046.0,95780.0,1092.09
26262,Chlamydia,274.0,Iowa,2011.0,Female,30-34 years,30-34,413.0,93914.0,439.76
26263,Chlamydia,274.0,Iowa,2011.0,Female,35-39 years,35-39,140.0,84975.0,164.75
26264,Chlamydia,274.0,Iowa,2011.0,Female,40+ years,40+,100.0,765639.0,13.06
26265,Chlamydia,274.0,Iowa,2012.0,Female,0-14 years,0-14,93.0,293752.0,31.66
26266,Chlamydia,274.0,Iowa,2012.0,Female,15-19 years,15-19,2809.0,103699.0,2708.8
26267,Chlamydia,274.0,Iowa,2012.0,Female,20-24 years,20-24,3409.0,108077.0,3154.23
26268,Chlamydia,274.0,Iowa,2012.0,Female,25-29 years,25-29,1143.0,94659.0,1207.49
26269,Chlamydia,274.0,Iowa,2012.0,Female,30-34 years,30-34,448.0,96094.0,466.21
26270,Chlamydia,274.0,Iowa,2012.0,Female,35-39 years,35-39,179.0,85130.0,210.27
26271,Chlamydia,274.0,Iowa,2012.0,Female,40+ years,40+,113.0,768287.0,14.71
26272,Chlamydia,274.0,Iowa,2013.0,Female,0-14 years,0-14,76.0,294312.0,25.82
26273,Chlamydia,274.0,Iowa,2013.0,Female,15-19 years,15-19,2573.0,103458.0,2487.0
26274,Chlamydia,274.0,Iowa,2013.0,Female,20-24 years,20-24,3327.0,110032.0,3023.67
26275,Chlamydia,274.0,Iowa,2013.0,Female,25-29 years,25-29,1140.0,93387.0,1220.73
26276,Chlamydia,274.0,Iowa,2013.0,Female,30-34 years,30-34,459.0,97603.0,470.27
26277,Chlamydia,274.0,Iowa,2013.0,Female,35-39 years,35-39,189.0,87396.0,216.26
26278,Chlamydia,274.0,Iowa,2013.0,Female,40+ years,40+,131.0,770827.0,16.99
26279,Chlamydia,274.0,Iowa,2014.0,Female,0-14 years,0-14,68.0,294312.0,23.1
26280,Chlamydia,274.0,Iowa,2014.0,Female,15-19 years,15-19,2538.0,103458.0,2453.17
26281,Chlamydia,274.0,Iowa,2014.0,Female,20-24 years,20-24,3579.0,110032.0,3252.69
26282,Chlamydia,274.0,Iowa,2014.0,Female,25-29 years,25-29,1263.0,93387.0,1352.44
26283,Chlamydia,274.0,Iowa,2014.0,Female,30-34 years,30-34,580.0,97603.0,594.24
26284,Chlamydia,274.0,Iowa,2014.0,Female,35-39 years,35-39,199.0,87396.0,227.7
26285,Chlamydia,274.0,Iowa,2014.0,Female,40+ years,40+,158.0,770827.0,20.5
26286,Chlamydia,274.0,Kansas,1996.0,Female,0-14 years,0-14,130.0,279983.0,46.43
26287,Chlamydia,274.0,Kansas,1996.0,Female,15-19 years,15-19,1754.0,95498.0,1836.69
26288,Chlamydia,274.0,Kansas,1996.0,Female,20-24 years,20-24,1284.0,83531.0,1537.15
26289,Chlamydia,274.0,Kansas,1996.0,Female,25-29 years,25-29,354.0,88772.0,398.77
26290,Chlamydia,274.0,Kansas,1996.0,Female,30-34 years,30-34,135.0,96117.0,140.45
26291,Chlamydia,274.0,Kansas,1996.0,Female,35-39 years,35-39,51.0,108343.0,47.07
26292,Chlamydia,274.0,Kansas,1996.0,Female,40+ years,40+,35.0,575505.0,6.08
26293,Chlamydia,274.0,Kansas,1997.0,Female,0-14 years,0-14,88.0,281778.0,31.23
26294,Chlamydia,274.0,Kansas,1997.0,Female,15-19 years,15-19,1802.0,98380.0,1831.67
26295,Chlamydia,274.0,Kansas,1997.0,Female,20-24 years,20-24,1281.0,84722.0,1512.0
26296,Chlamydia,274.0,Kansas,1997.0,Female,25-29 years,25-29,438.0,88240.0,496.37
26297,Chlamydia,274.0,Kansas,1997.0,Female,30-34 years,30-34,148.0,92005.0,160.86
26298,Chlamydia,274.0,Kansas,1997.0,Female,35-39 years,35-39,60.0,107809.0,55.65
26299,Chlamydia,274.0,Kansas,1997.0,Female,40+ years,40+,23.0,584575.0,3.93
26300,Chlamydia,274.0,Kansas,1998.0,Female,0-14 years,0-14,112.0,284132.0,39.42
26301,Chlamydia,274.0,Kansas,1998.0,Female,15-19 years,15-19,2097.0,101147.0,2073.22
26302,Chlamydia,274.0,Kansas,1998.0,Female,20-24 years,20-24,1722.0,86936.0,1980.77
26303,Chlamydia,274.0,Kansas,1998.0,Female,25-29 years,25-29,490.0,87198.0,561.94
26304,Chlamydia,274.0,Kansas,1998.0,Female,30-34 years,30-34,130.0,88734.0,146.5
26305,Chlamydia,274.0,Kansas,1998.0,Female,35-39 years,35-39,64.0,107085.0,59.77
26306,Chlamydia,274.0,Kansas,1998.0,Female,40+ years,40+,30.0,593575.0,5.05
26307,Chlamydia,274.0,Kansas,1998.0,Female,Unknown,99,4.0,,
26308,Chlamydia,274.0,Kansas,1999.0,Female,0-14 years,0-14,84.0,285484.0,29.42
26309,Chlamydia,274.0,Kansas,1999.0,Female,15-19 years,15-19,2222.0,102221.0,2173.72
26310,Chlamydia,274.0,Kansas,1999.0,Female,20-24 years,20-24,1918.0,89406.0,2145.27
26311,Chlamydia,274.0,Kansas,1999.0,Female,25-29 years,25-29,531.0,85389.0,621.86
26312,Chlamydia,274.0,Kansas,1999.0,Female,30-34 years,30-34,164.0,86668.0,189.23
26313,Chlamydia,274.0,Kansas,1999.0,Female,35-39 years,35-39,69.0,105555.0,65.37
26314,Chlamydia,274.0,Kansas,1999.0,Female,40+ years,40+,41.0,601321.0,6.82
26315,Chlamydia,274.0,Kansas,1999.0,Female,Unknown,99,5.0,,
26316,Chlamydia,274.0,Kansas,2000.0,Female,0-14 years,0-14,113.0,281641.0,40.12
26317,Chlamydia,274.0,Kansas,2000.0,Female,15-19 years,15-19,2135.0,101613.0,2101.11
26318,Chlamydia,274.0,Kansas,2000.0,Female,20-24 years,20-24,1889.0,93040.0,2030.31
26319,Chlamydia,274.0,Kansas,2000.0,Female,25-29 years,25-29,542.0,83974.0,645.44
26320,Chlamydia,274.0,Kansas,2000.0,Female,30-34 years,30-34,172.0,86885.0,197.96
26321,Chlamydia,274.0,Kansas,2000.0,Female,35-39 years,35-39,81.0,103214.0,78.48
26322,Chlamydia,274.0,Kansas,2000.0,Female,40+ years,40+,33.0,611485.0,5.4
26323,Chlamydia,274.0,Kansas,2000.0,Female,Unknown,99,8.0,,
26324,Chlamydia,274.0,Kansas,2001.0,Female,0-14 years,0-14,89.0,281119.0,31.66
26325,Chlamydia,274.0,Kansas,2001.0,Female,15-19 years,15-19,2047.0,101046.0,2025.81
26326,Chlamydia,274.0,Kansas,2001.0,Female,20-24 years,20-24,1960.0,96307.0,2035.16
26327,Chlamydia,274.0,Kansas,2001.0,Female,25-29 years,25-29,529.0,82849.0,638.51
26328,Chlamydia,274.0,Kansas,2001.0,Female,30-34 years,30-34,211.0,86622.0,243.59
26329,Chlamydia,274.0,Kansas,2001.0,Female,35-39 years,35-39,83.0,98868.0,83.95
26330,Chlamydia,274.0,Kansas,2001.0,Female,40+ years,40+,53.0,618876.0,8.56
26331,Chlamydia,274.0,Kansas,2001.0,Female,Unknown,99,5.0,,
26332,Chlamydia,274.0,Kansas,2002.0,Female,0-14 years,0-14,91.0,278645.0,32.66
26333,Chlamydia,274.0,Kansas,2002.0,Female,15-19 years,15-19,2264.0,100585.0,2250.83
26334,Chlamydia,274.0,Kansas,2002.0,Female,20-24 years,20-24,2278.0,99799.0,2282.59
26335,Chlamydia,274.0,Kansas,2002.0,Female,25-29 years,25-29,639.0,84056.0,760.21
26336,Chlamydia,274.0,Kansas,2002.0,Female,30-34 years,30-34,226.0,86846.0,260.23
26337,Chlamydia,274.0,Kansas,2002.0,Female,35-39 years,35-39,107.0,95035.0,112.59
26338,Chlamydia,274.0,Kansas,2002.0,Female,40+ years,40+,43.0,627103.0,6.86
26339,Chlamydia,274.0,Kansas,2002.0,Female,Unknown,99,5.0,,
26340,Chlamydia,274.0,Kansas,2003.0,Female,0-14 years,0-14,114.0,278539.0,40.93
26341,Chlamydia,274.0,Kansas,2003.0,Female,15-19 years,15-19,2370.0,99501.0,2381.89
26342,Chlamydia,274.0,Kansas,2003.0,Female,20-24 years,20-24,2382.0,101803.0,2339.81
26343,Chlamydia,274.0,Kansas,2003.0,Female,25-29 years,25-29,708.0,85347.0,829.55
26344,Chlamydia,274.0,Kansas,2003.0,Female,30-34 years,30-34,254.0,85399.0,297.43
26345,Chlamydia,274.0,Kansas,2003.0,Female,35-39 years,35-39,91.0,90197.0,100.89
26346,Chlamydia,274.0,Kansas,2003.0,Female,40+ years,40+,54.0,632479.0,8.54
26347,Chlamydia,274.0,Kansas,2003.0,Female,Unknown,99,16.0,,
26348,Chlamydia,274.0,Kansas,2004.0,Female,0-14 years,0-14,95.0,273600.0,34.72
26349,Chlamydia,274.0,Kansas,2004.0,Female,15-19 years,15-19,2383.0,98564.0,2417.72
26350,Chlamydia,274.0,Kansas,2004.0,Female,20-24 years,20-24,2487.0,103622.0,2400.07
26351,Chlamydia,274.0,Kansas,2004.0,Female,25-29 years,25-29,799.0,88647.0,901.33
26352,Chlamydia,274.0,Kansas,2004.0,Female,30-34 years,30-34,259.0,84669.0,305.9
26353,Chlamydia,274.0,Kansas,2004.0,Female,35-39 years,35-39,98.0,87624.0,111.84
26354,Chlamydia,274.0,Kansas,2004.0,Female,40+ years,40+,62.0,640395.0,9.68
26355,Chlamydia,274.0,Kansas,2004.0,Female,Unknown,99,12.0,,
26356,Chlamydia,274.0,Kansas,2005.0,Female,0-14 years,0-14,79.0,269007.0,29.37
26357,Chlamydia,274.0,Kansas,2005.0,Female,15-19 years,15-19,2195.0,97894.0,2242.22
26358,Chlamydia,274.0,Kansas,2005.0,Female,20-24 years,20-24,2521.0,103453.0,2436.86
26359,Chlamydia,274.0,Kansas,2005.0,Female,25-29 years,25-29,816.0,92488.0,882.28
26360,Chlamydia,274.0,Kansas,2005.0,Female,30-34 years,30-34,281.0,83460.0,336.69
26361,Chlamydia,274.0,Kansas,2005.0,Female,35-39 years,35-39,105.0,86752.0,121.03
26362,Chlamydia,274.0,Kansas,2005.0,Female,40+ years,40+,51.0,648020.0,7.87
26363,Chlamydia,274.0,Kansas,2005.0,Female,Unknown,99,6.0,,
26364,Chlamydia,274.0,Kansas,2006.0,Female,0-14 years,0-14,63.0,279821.0,22.51
26365,Chlamydia,274.0,Kansas,2006.0,Female,15-19 years,15-19,2365.0,97842.0,2417.16
26366,Chlamydia,274.0,Kansas,2006.0,Female,20-24 years,20-24,2616.0,101898.0,2567.27
26367,Chlamydia,274.0,Kansas,2006.0,Female,25-29 years,25-29,787.0,89321.0,881.09
26368,Chlamydia,274.0,Kansas,2006.0,Female,30-34 years,30-34,276.0,82649.0,333.94
26369,Chlamydia,274.0,Kansas,2006.0,Female,35-39 years,35-39,103.0,88699.0,116.12
26370,Chlamydia,274.0,Kansas,2006.0,Female,40+ years,40+,67.0,652399.0,10.27
26371,Chlamydia,274.0,Kansas,2006.0,Female,Unknown,99,9.0,,
26372,Chlamydia,274.0,Kansas,2007.0,Female,0-14 years,0-14,64.0,280752.0,22.8
26373,Chlamydia,274.0,Kansas,2007.0,Female,15-19 years,15-19,2456.0,97697.0,2513.9
26374,Chlamydia,274.0,Kansas,2007.0,Female,20-24 years,20-24,2648.0,99882.0,2651.13
26375,Chlamydia,274.0,Kansas,2007.0,Female,25-29 years,25-29,941.0,93259.0,1009.02
26376,Chlamydia,274.0,Kansas,2007.0,Female,30-34 years,30-34,306.0,82452.0,371.12
26377,Chlamydia,274.0,Kansas,2007.0,Female,35-39 years,35-39,119.0,88354.0,134.69
26378,Chlamydia,274.0,Kansas,2007.0,Female,40+ years,40+,75.0,657290.0,11.41
26379,Chlamydia,274.0,Kansas,2007.0,Female,Unknown,99,20.0,,
26380,Chlamydia,274.0,Kansas,2008.0,Female,0-14 years,0-14,78.0,284411.0,27.43
26381,Chlamydia,274.0,Kansas,2008.0,Female,15-19 years,15-19,2757.0,96531.0,2856.08
26382,Chlamydia,274.0,Kansas,2008.0,Female,20-24 years,20-24,2998.0,100349.0,2987.57
26383,Chlamydia,274.0,Kansas,2008.0,Female,25-29 years,25-29,1024.0,95653.0,1070.54
26384,Chlamydia,274.0,Kansas,2008.0,Female,30-34 years,30-34,317.0,82418.0,384.62
26385,Chlamydia,274.0,Kansas,2008.0,Female,35-39 years,35-39,131.0,88468.0,148.08
26386,Chlamydia,274.0,Kansas,2008.0,Female,40+ years,40+,88.0,662483.0,13.28
26387,Chlamydia,274.0,Kansas,2008.0,Female,Unknown,99,8.0,,
26388,Chlamydia,274.0,Kansas,2009.0,Female,0-14 years,0-14,62.0,287794.0,21.54
26389,Chlamydia,274.0,Kansas,2009.0,Female,15-19 years,15-19,2982.0,96536.0,3089.0
26390,Chlamydia,274.0,Kansas,2009.0,Female,20-24 years,20-24,3330.0,106620.0,3123.24
26391,Chlamydia,274.0,Kansas,2009.0,Female,25-29 years,25-29,1123.0,97212.0,1155.21
26392,Chlamydia,274.0,Kansas,2009.0,Female,30-34 years,30-34,436.0,82438.0,528.88
26393,Chlamydia,274.0,Kansas,2009.0,Female,35-39 years,35-39,159.0,84926.0,187.22
26394,Chlamydia,274.0,Kansas,2009.0,Female,40+ years,40+,110.0,663398.0,16.58
26395,Chlamydia,274.0,Kansas,2009.0,Female,Unknown,99,7.0,,
26396,Chlamydia,274.0,Kansas,2010.0,Female,0-14 years,0-14,77.0,296358.0,25.98
26397,Chlamydia,274.0,Kansas,2010.0,Female,15-19 years,15-19,2682.0,98459.0,2723.98
26398,Chlamydia,274.0,Kansas,2010.0,Female,20-24 years,20-24,3053.0,99004.0,3083.71
26399,Chlamydia,274.0,Kansas,2010.0,Female,25-29 years,25-29,994.0,96706.0,1027.86
26400,Chlamydia,274.0,Kansas,2010.0,Female,30-34 years,30-34,403.0,88602.0,454.84
26401,Chlamydia,274.0,Kansas,2010.0,Female,35-39 years,35-39,150.0,85288.0,175.88
26402,Chlamydia,274.0,Kansas,2010.0,Female,40+ years,40+,90.0,673293.0,13.37
26403,Chlamydia,274.0,Kansas,2011.0,Female,0-14 years,0-14,81.0,295538.0,27.41
26404,Chlamydia,274.0,Kansas,2011.0,Female,15-19 years,15-19,2904.0,98702.0,2942.19
26405,Chlamydia,274.0,Kansas,2011.0,Female,20-24 years,20-24,3362.0,99902.0,3365.3
26406,Chlamydia,274.0,Kansas,2011.0,Female,25-29 years,25-29,1148.0,96620.0,1188.16
26407,Chlamydia,274.0,Kansas,2011.0,Female,30-34 years,30-34,413.0,91226.0,452.72
26408,Chlamydia,274.0,Kansas,2011.0,Female,35-39 years,35-39,151.0,83261.0,181.36
26409,Chlamydia,274.0,Kansas,2011.0,Female,40+ years,40+,93.0,680187.0,13.67
26410,Chlamydia,274.0,Kansas,2011.0,Female,Unknown,99,6.0,,
26411,Chlamydia,274.0,Kansas,2012.0,Female,0-14 years,0-14,72.0,296442.0,24.29
26412,Chlamydia,274.0,Kansas,2012.0,Female,15-19 years,15-19,2965.0,96979.0,3057.36
26413,Chlamydia,274.0,Kansas,2012.0,Female,20-24 years,20-24,3412.0,101975.0,3345.92
26414,Chlamydia,274.0,Kansas,2012.0,Female,25-29 years,25-29,1265.0,96021.0,1317.42
26415,Chlamydia,274.0,Kansas,2012.0,Female,30-34 years,30-34,424.0,93055.0,455.64
26416,Chlamydia,274.0,Kansas,2012.0,Female,35-39 years,35-39,183.0,83438.0,219.32
26417,Chlamydia,274.0,Kansas,2012.0,Female,40+ years,40+,119.0,682714.0,17.43
26418,Chlamydia,274.0,Kansas,2013.0,Female,0-14 years,0-14,79.0,295493.0,26.73
26419,Chlamydia,274.0,Kansas,2013.0,Female,15-19 years,15-19,2715.0,97016.0,2798.51
26420,Chlamydia,274.0,Kansas,2013.0,Female,20-24 years,20-24,3436.0,102918.0,3338.58
26421,Chlamydia,274.0,Kansas,2013.0,Female,25-29 years,25-29,1238.0,93934.0,1317.95
26422,Chlamydia,274.0,Kansas,2013.0,Female,30-34 years,30-34,524.0,94767.0,552.93
26423,Chlamydia,274.0,Kansas,2013.0,Female,35-39 years,35-39,171.0,84093.0,203.35
26424,Chlamydia,274.0,Kansas,2013.0,Female,40+ years,40+,160.0,683788.0,23.4
26425,Chlamydia,274.0,Kansas,2014.0,Female,0-14 years,0-14,65.0,295493.0,22.0
26426,Chlamydia,274.0,Kansas,2014.0,Female,15-19 years,15-19,2658.0,97016.0,2739.75
26427,Chlamydia,274.0,Kansas,2014.0,Female,20-24 years,20-24,3344.0,102918.0,3249.19
26428,Chlamydia,274.0,Kansas,2014.0,Female,25-29 years,25-29,1315.0,93934.0,1399.92
26429,Chlamydia,274.0,Kansas,2014.0,Female,30-34 years,30-34,506.0,94767.0,533.94
26430,Chlamydia,274.0,Kansas,2014.0,Female,35-39 years,35-39,223.0,84093.0,265.18
26431,Chlamydia,274.0,Kansas,2014.0,Female,40+ years,40+,165.0,683788.0,24.13
26432,Chlamydia,274.0,Kentucky,1996.0,Female,0-14 years,0-14,197.0,393822.0,50.02
26433,Chlamydia,274.0,Kentucky,1996.0,Female,15-19 years,15-19,2527.0,143491.0,1761.09
26434,Chlamydia,274.0,Kentucky,1996.0,Female,20-24 years,20-24,1882.0,137665.0,1367.09
26435,Chlamydia,274.0,Kentucky,1996.0,Female,25-29 years,25-29,537.0,140845.0,381.27
26436,Chlamydia,274.0,Kentucky,1996.0,Female,30-34 years,30-34,193.0,153988.0,125.33
26437,Chlamydia,274.0,Kentucky,1996.0,Female,35-39 years,35-39,84.0,164116.0,51.18
26438,Chlamydia,274.0,Kentucky,1996.0,Female,40+ years,40+,54.0,879021.0,6.14
26439,Chlamydia,274.0,Kentucky,1996.0,Female,Unknown,99,110.0,,
26440,Chlamydia,274.0,Kentucky,1997.0,Female,0-14 years,0-14,181.0,400557.0,45.19
26441,Chlamydia,274.0,Kentucky,1997.0,Female,15-19 years,15-19,2335.0,144476.0,1616.19
26442,Chlamydia,274.0,Kentucky,1997.0,Female,20-24 years,20-24,1687.0,136029.0,1240.18
26443,Chlamydia,274.0,Kentucky,1997.0,Female,25-29 years,25-29,491.0,141627.0,346.69
26444,Chlamydia,274.0,Kentucky,1997.0,Female,30-34 years,30-34,176.0,149403.0,117.8
26445,Chlamydia,274.0,Kentucky,1997.0,Female,35-39 years,35-39,67.0,163342.0,41.02
26446,Chlamydia,274.0,Kentucky,1997.0,Female,40+ years,40+,66.0,892635.0,7.39
26447,Chlamydia,274.0,Kentucky,1997.0,Female,Unknown,99,134.0,,
26448,Chlamydia,274.0,Kentucky,1998.0,Female,0-14 years,0-14,143.0,399386.0,35.8
26449,Chlamydia,274.0,Kentucky,1998.0,Female,15-19 years,15-19,2471.0,144288.0,1712.55
26450,Chlamydia,274.0,Kentucky,1998.0,Female,20-24 years,20-24,1813.0,137072.0,1322.66
26451,Chlamydia,274.0,Kentucky,1998.0,Female,25-29 years,25-29,553.0,142025.0,389.37
26452,Chlamydia,274.0,Kentucky,1998.0,Female,30-34 years,30-34,151.0,146230.0,103.26
26453,Chlamydia,274.0,Kentucky,1998.0,Female,35-39 years,35-39,57.0,163430.0,34.88
26454,Chlamydia,274.0,Kentucky,1998.0,Female,40+ years,40+,49.0,910309.0,5.38
26455,Chlamydia,274.0,Kentucky,1998.0,Female,Unknown,99,72.0,,
26456,Chlamydia,274.0,Kentucky,1999.0,Female,0-14 years,0-14,169.0,400663.0,42.18
26457,Chlamydia,274.0,Kentucky,1999.0,Female,15-19 years,15-19,2848.0,142606.0,1997.11
26458,Chlamydia,274.0,Kentucky,1999.0,Female,20-24 years,20-24,2114.0,138317.0,1528.37
26459,Chlamydia,274.0,Kentucky,1999.0,Female,25-29 years,25-29,577.0,140894.0,409.53
26460,Chlamydia,274.0,Kentucky,1999.0,Female,30-34 years,30-34,148.0,143778.0,102.94
26461,Chlamydia,274.0,Kentucky,1999.0,Female,35-39 years,35-39,69.0,163406.0,42.23
26462,Chlamydia,274.0,Kentucky,1999.0,Female,40+ years,40+,48.0,926737.0,5.18
26463,Chlamydia,274.0,Kentucky,1999.0,Female,Unknown,99,39.0,,
26464,Chlamydia,274.0,Kentucky,2000.0,Female,0-14 years,0-14,163.0,384466.0,42.4
26465,Chlamydia,274.0,Kentucky,2000.0,Female,15-19 years,15-19,2885.0,139429.0,2069.15
26466,Chlamydia,274.0,Kentucky,2000.0,Female,20-24 years,20-24,2346.0,142274.0,1648.93
26467,Chlamydia,274.0,Kentucky,2000.0,Female,25-29 years,25-29,644.0,140196.0,459.36
26468,Chlamydia,274.0,Kentucky,2000.0,Female,30-34 years,30-34,200.0,146018.0,136.97
26469,Chlamydia,274.0,Kentucky,2000.0,Female,35-39 years,35-39,101.0,164235.0,61.5
26470,Chlamydia,274.0,Kentucky,2000.0,Female,40+ years,40+,127.0,953854.0,13.31
26471,Chlamydia,274.0,Kentucky,2001.0,Female,0-14 years,0-14,163.0,385349.0,42.3
26472,Chlamydia,274.0,Kentucky,2001.0,Female,15-19 years,15-19,3017.0,137057.0,2201.27
26473,Chlamydia,274.0,Kentucky,2001.0,Female,20-24 years,20-24,2727.0,144849.0,1882.65
26474,Chlamydia,274.0,Kentucky,2001.0,Female,25-29 years,25-29,750.0,136474.0,549.55
26475,Chlamydia,274.0,Kentucky,2001.0,Female,30-34 years,30-34,230.0,146361.0,157.15
26476,Chlamydia,274.0,Kentucky,2001.0,Female,35-39 years,35-39,84.0,160744.0,52.26
26477,Chlamydia,274.0,Kentucky,2001.0,Female,40+ years,40+,107.0,968269.0,11.05
26478,Chlamydia,274.0,Kentucky,2001.0,Female,Unknown,99,3.0,,
26479,Chlamydia,274.0,Kentucky,2002.0,Female,0-14 years,0-14,161.0,375089.0,42.92
26480,Chlamydia,274.0,Kentucky,2002.0,Female,15-19 years,15-19,2939.0,135147.0,2174.67
26481,Chlamydia,274.0,Kentucky,2002.0,Female,20-24 years,20-24,2739.0,148496.0,1844.49
26482,Chlamydia,274.0,Kentucky,2002.0,Female,25-29 years,25-29,766.0,136526.0,561.07
26483,Chlamydia,274.0,Kentucky,2002.0,Female,30-34 years,30-34,252.0,148662.0,169.51
26484,Chlamydia,274.0,Kentucky,2002.0,Female,35-39 years,35-39,88.0,158195.0,55.63
26485,Chlamydia,274.0,Kentucky,2002.0,Female,40+ years,40+,91.0,989208.0,9.2
26486,Chlamydia,274.0,Kentucky,2002.0,Female,Unknown,99,7.0,,
26487,Chlamydia,274.0,Kentucky,2003.0,Female,0-14 years,0-14,137.0,402750.0,34.02
26488,Chlamydia,274.0,Kentucky,2003.0,Female,15-19 years,15-19,2628.0,136030.0,1931.93
26489,Chlamydia,274.0,Kentucky,2003.0,Female,20-24 years,20-24,2438.0,145583.0,1674.65
26490,Chlamydia,274.0,Kentucky,2003.0,Female,25-29 years,25-29,760.0,135004.0,562.95
26491,Chlamydia,274.0,Kentucky,2003.0,Female,30-34 years,30-34,224.0,143451.0,156.15
26492,Chlamydia,274.0,Kentucky,2003.0,Female,35-39 years,35-39,72.0,150576.0,47.82
26493,Chlamydia,274.0,Kentucky,2003.0,Female,40+ years,40+,91.0,986801.0,9.22
26494,Chlamydia,274.0,Kentucky,2003.0,Female,Unknown,99,3.0,,
26495,Chlamydia,274.0,Kentucky,2004.0,Female,0-14 years,0-14,129.0,396229.0,32.56
26496,Chlamydia,274.0,Kentucky,2004.0,Female,15-19 years,15-19,2037.0,136147.0,1496.18
26497,Chlamydia,274.0,Kentucky,2004.0,Female,20-24 years,20-24,1988.0,145437.0,1366.91
26498,Chlamydia,274.0,Kentucky,2004.0,Female,25-29 years,25-29,566.0,138111.0,409.81
26499,Chlamydia,274.0,Kentucky,2004.0,Female,30-34 years,30-34,167.0,142820.0,116.93
26500,Chlamydia,274.0,Kentucky,2004.0,Female,35-39 years,35-39,71.0,147841.0,48.02
26501,Chlamydia,274.0,Kentucky,2004.0,Female,40+ years,40+,69.0,1005443.0,6.86
26502,Chlamydia,274.0,Kentucky,2005.0,Female,0-14 years,0-14,107.0,395190.0,27.08
26503,Chlamydia,274.0,Kentucky,2005.0,Female,15-19 years,15-19,2445.0,136912.0,1785.82
26504,Chlamydia,274.0,Kentucky,2005.0,Female,20-24 years,20-24,2290.0,142576.0,1606.16
26505,Chlamydia,274.0,Kentucky,2005.0,Female,25-29 years,25-29,768.0,141232.0,543.79
26506,Chlamydia,274.0,Kentucky,2005.0,Female,30-34 years,30-34,256.0,140588.0,182.09
26507,Chlamydia,274.0,Kentucky,2005.0,Female,35-39 years,35-39,82.0,146441.0,56.0
26508,Chlamydia,274.0,Kentucky,2005.0,Female,40+ years,40+,81.0,1020342.0,7.94
26509,Chlamydia,274.0,Kentucky,2005.0,Female,Unknown,99,12.0,,
26510,Chlamydia,274.0,Kentucky,2006.0,Female,0-14 years,0-14,112.0,401806.0,27.87
26511,Chlamydia,274.0,Kentucky,2006.0,Female,15-19 years,15-19,2528.0,135840.0,1861.01
26512,Chlamydia,274.0,Kentucky,2006.0,Female,20-24 years,20-24,2420.0,136197.0,1776.84
26513,Chlamydia,274.0,Kentucky,2006.0,Female,25-29 years,25-29,826.0,154238.0,535.54
26514,Chlamydia,274.0,Kentucky,2006.0,Female,30-34 years,30-34,251.0,135639.0,185.05
26515,Chlamydia,274.0,Kentucky,2006.0,Female,35-39 years,35-39,89.0,146629.0,60.7
26516,Chlamydia,274.0,Kentucky,2006.0,Female,40+ years,40+,98.0,1034415.0,9.47
26517,Chlamydia,274.0,Kentucky,2006.0,Female,Unknown,99,12.0,,
26518,Chlamydia,274.0,Kentucky,2007.0,Female,0-14 years,0-14,107.0,404362.0,26.46
26519,Chlamydia,274.0,Kentucky,2007.0,Female,15-19 years,15-19,2427.0,137048.0,1770.91
26520,Chlamydia,274.0,Kentucky,2007.0,Female,20-24 years,20-24,2241.0,135399.0,1655.11
26521,Chlamydia,274.0,Kentucky,2007.0,Female,25-29 years,25-29,879.0,155867.0,563.94
26522,Chlamydia,274.0,Kentucky,2007.0,Female,30-34 years,30-34,284.0,135361.0,209.81
26523,Chlamydia,274.0,Kentucky,2007.0,Female,35-39 years,35-39,114.0,147304.0,77.39
26524,Chlamydia,274.0,Kentucky,2007.0,Female,40+ years,40+,123.0,1047626.0,11.74
26525,Chlamydia,274.0,Kentucky,2007.0,Female,Unknown,99,9.0,,
26526,Chlamydia,274.0,Kentucky,2008.0,Female,0-14 years,0-14,138.0,407433.0,33.87
26527,Chlamydia,274.0,Kentucky,2008.0,Female,15-19 years,15-19,3471.0,137431.0,2525.63
26528,Chlamydia,274.0,Kentucky,2008.0,Female,20-24 years,20-24,3094.0,134206.0,2305.41
26529,Chlamydia,274.0,Kentucky,2008.0,Female,25-29 years,25-29,1174.0,154764.0,758.57
26530,Chlamydia,274.0,Kentucky,2008.0,Female,30-34 years,30-34,397.0,137575.0,288.57
26531,Chlamydia,274.0,Kentucky,2008.0,Female,35-39 years,35-39,150.0,146358.0,102.49
26532,Chlamydia,274.0,Kentucky,2008.0,Female,40+ years,40+,165.0,1063336.0,15.52
26533,Chlamydia,274.0,Kentucky,2008.0,Female,Unknown,99,33.0,,
26534,Chlamydia,274.0,Kentucky,2009.0,Female,0-14 years,0-14,158.0,411398.0,38.41
26535,Chlamydia,274.0,Kentucky,2009.0,Female,15-19 years,15-19,3851.0,140591.0,2739.15
26536,Chlamydia,274.0,Kentucky,2009.0,Female,20-24 years,20-24,3551.0,144731.0,2453.52
26537,Chlamydia,274.0,Kentucky,2009.0,Female,25-29 years,25-29,1202.0,149293.0,805.13
26538,Chlamydia,274.0,Kentucky,2009.0,Female,30-34 years,30-34,478.0,137008.0,348.88
26539,Chlamydia,274.0,Kentucky,2009.0,Female,35-39 years,35-39,169.0,143856.0,117.48
26540,Chlamydia,274.0,Kentucky,2009.0,Female,40+ years,40+,200.0,1069830.0,18.69
26541,Chlamydia,274.0,Kentucky,2009.0,Female,Unknown,99,12.0,,
26542,Chlamydia,274.0,Kentucky,2010.0,Female,0-14 years,0-14,169.0,414558.0,40.77
26543,Chlamydia,274.0,Kentucky,2010.0,Female,15-19 years,15-19,4608.0,144688.0,3184.78
26544,Chlamydia,274.0,Kentucky,2010.0,Female,20-24 years,20-24,4517.0,142536.0,3169.02
26545,Chlamydia,274.0,Kentucky,2010.0,Female,25-29 years,25-29,1492.0,141589.0,1053.75
26546,Chlamydia,274.0,Kentucky,2010.0,Female,30-34 years,30-34,610.0,138852.0,439.32
26547,Chlamydia,274.0,Kentucky,2010.0,Female,35-39 years,35-39,225.0,141653.0,158.84
26548,Chlamydia,274.0,Kentucky,2010.0,Female,40+ years,40+,171.0,1080539.0,15.83
26549,Chlamydia,274.0,Kentucky,2010.0,Female,Unknown,99,67.0,,
26550,Chlamydia,274.0,Kentucky,2011.0,Female,0-14 years,0-14,150.0,414778.0,36.16
26551,Chlamydia,274.0,Kentucky,2011.0,Female,15-19 years,15-19,4486.0,140497.0,3192.95
26552,Chlamydia,274.0,Kentucky,2011.0,Female,20-24 years,20-24,4674.0,148788.0,3141.38
26553,Chlamydia,274.0,Kentucky,2011.0,Female,25-29 years,25-29,1586.0,139638.0,1135.79
26554,Chlamydia,274.0,Kentucky,2011.0,Female,30-34 years,30-34,624.0,142364.0,438.31
26555,Chlamydia,274.0,Kentucky,2011.0,Female,35-39 years,35-39,241.0,137397.0,175.4
26556,Chlamydia,274.0,Kentucky,2011.0,Female,40+ years,40+,195.0,1096020.0,17.79
26557,Chlamydia,274.0,Kentucky,2011.0,Female,Unknown,99,34.0,,
26558,Chlamydia,274.0,Kentucky,2012.0,Female,0-14 years,0-14,173.0,414532.0,41.73
26559,Chlamydia,274.0,Kentucky,2012.0,Female,15-19 years,15-19,4489.0,137030.0,3275.92
26560,Chlamydia,274.0,Kentucky,2012.0,Female,20-24 years,20-24,4907.0,151995.0,3228.4
26561,Chlamydia,274.0,Kentucky,2012.0,Female,25-29 years,25-29,1649.0,137674.0,1197.76
26562,Chlamydia,274.0,Kentucky,2012.0,Female,30-34 years,30-34,656.0,143026.0,458.66
26563,Chlamydia,274.0,Kentucky,2012.0,Female,35-39 years,35-39,251.0,135851.0,184.76
26564,Chlamydia,274.0,Kentucky,2012.0,Female,40+ years,40+,187.0,1102596.0,16.96
26565,Chlamydia,274.0,Kentucky,2012.0,Female,Unknown,99,54.0,,
26566,Chlamydia,274.0,Kentucky,2013.0,Female,0-14 years,0-14,157.0,412169.0,38.09
26567,Chlamydia,274.0,Kentucky,2013.0,Female,15-19 years,15-19,4035.0,136995.0,2945.36
26568,Chlamydia,274.0,Kentucky,2013.0,Female,20-24 years,20-24,5003.0,153817.0,3252.57
26569,Chlamydia,274.0,Kentucky,2013.0,Female,25-29 years,25-29,1739.0,136775.0,1271.43
26570,Chlamydia,274.0,Kentucky,2013.0,Female,30-34 years,30-34,680.0,143319.0,474.47
26571,Chlamydia,274.0,Kentucky,2013.0,Female,35-39 years,35-39,289.0,136150.0,212.27
26572,Chlamydia,274.0,Kentucky,2013.0,Female,40+ years,40+,163.0,1112674.0,14.65
26573,Chlamydia,274.0,Kentucky,2013.0,Female,Unknown,99,20.0,,
26574,Chlamydia,274.0,Kentucky,2014.0,Female,0-14 years,0-14,114.0,412169.0,27.66
26575,Chlamydia,274.0,Kentucky,2014.0,Female,15-19 years,15-19,3906.0,136995.0,2851.2
26576,Chlamydia,274.0,Kentucky,2014.0,Female,20-24 years,20-24,5053.0,153817.0,3285.07
26577,Chlamydia,274.0,Kentucky,2014.0,Female,25-29 years,25-29,1961.0,136775.0,1433.74
26578,Chlamydia,274.0,Kentucky,2014.0,Female,30-34 years,30-34,795.0,143319.0,554.71
26579,Chlamydia,274.0,Kentucky,2014.0,Female,35-39 years,35-39,315.0,136150.0,231.36
26580,Chlamydia,274.0,Kentucky,2014.0,Female,40+ years,40+,243.0,1112674.0,21.84
26581,Chlamydia,274.0,Kentucky,2014.0,Female,Unknown,99,17.0,,
26582,Chlamydia,274.0,Louisiana,1996.0,Female,0-14 years,0-14,315.0,501017.0,62.87
26583,Chlamydia,274.0,Louisiana,1996.0,Female,15-19 years,15-19,4293.0,178849.0,2400.35
26584,Chlamydia,274.0,Louisiana,1996.0,Female,20-24 years,20-24,2862.0,158638.0,1804.11
26585,Chlamydia,274.0,Louisiana,1996.0,Female,25-29 years,25-29,904.0,158742.0,569.48
26586,Chlamydia,274.0,Louisiana,1996.0,Female,30-34 years,30-34,432.0,169186.0,255.34
26587,Chlamydia,274.0,Louisiana,1996.0,Female,35-39 years,35-39,291.0,185101.0,157.21
26588,Chlamydia,274.0,Louisiana,1996.0,Female,40+ years,40+,236.0,923316.0,25.56
26589,Chlamydia,274.0,Louisiana,1996.0,Female,Unknown,99,101.0,,
26590,Chlamydia,274.0,Louisiana,1997.0,Female,0-14 years,0-14,334.0,496857.0,67.22
26591,Chlamydia,274.0,Louisiana,1997.0,Female,15-19 years,15-19,4489.0,181439.0,2474.11
26592,Chlamydia,274.0,Louisiana,1997.0,Female,20-24 years,20-24,2973.0,158811.0,1872.04
26593,Chlamydia,274.0,Louisiana,1997.0,Female,25-29 years,25-29,889.0,158123.0,562.22
26594,Chlamydia,274.0,Louisiana,1997.0,Female,30-34 years,30-34,310.0,164620.0,188.31
26595,Chlamydia,274.0,Louisiana,1997.0,Female,35-39 years,35-39,114.0,183673.0,62.07
26596,Chlamydia,274.0,Louisiana,1997.0,Female,40+ years,40+,69.0,941615.0,7.33
26597,Chlamydia,274.0,Louisiana,1997.0,Female,Unknown,99,152.0,,
26598,Chlamydia,274.0,Louisiana,1998.0,Female,0-14 years,0-14,364.0,493914.0,73.7
26599,Chlamydia,274.0,Louisiana,1998.0,Female,15-19 years,15-19,5434.0,183446.0,2962.18
26600,Chlamydia,274.0,Louisiana,1998.0,Female,20-24 years,20-24,4043.0,160267.0,2522.67
26601,Chlamydia,274.0,Louisiana,1998.0,Female,25-29 years,25-29,1179.0,156280.0,754.41
26602,Chlamydia,274.0,Louisiana,1998.0,Female,30-34 years,30-34,471.0,160342.0,293.75
26603,Chlamydia,274.0,Louisiana,1998.0,Female,35-39 years,35-39,237.0,181451.0,130.61
26604,Chlamydia,274.0,Louisiana,1998.0,Female,40+ years,40+,179.0,957700.0,18.69
26605,Chlamydia,274.0,Louisiana,1998.0,Female,Unknown,99,314.0,,
26606,Chlamydia,274.0,Louisiana,1999.0,Female,0-14 years,0-14,547.0,492405.0,111.09
26607,Chlamydia,274.0,Louisiana,1999.0,Female,15-19 years,15-19,5882.0,183175.0,3211.14
26608,Chlamydia,274.0,Louisiana,1999.0,Female,20-24 years,20-24,4274.0,162608.0,2628.41
26609,Chlamydia,274.0,Louisiana,1999.0,Female,25-29 years,25-29,1218.0,153448.0,793.75
26610,Chlamydia,274.0,Louisiana,1999.0,Female,30-34 years,30-34,403.0,157043.0,256.62
26611,Chlamydia,274.0,Louisiana,1999.0,Female,35-39 years,35-39,181.0,179140.0,101.04
26612,Chlamydia,274.0,Louisiana,1999.0,Female,40+ years,40+,139.0,974925.0,14.26
26613,Chlamydia,274.0,Louisiana,1999.0,Female,Unknown,99,95.0,,
26614,Chlamydia,274.0,Louisiana,2000.0,Female,0-14 years,0-14,600.0,481812.0,124.53
26615,Chlamydia,274.0,Louisiana,2000.0,Female,15-19 years,15-19,6330.0,180517.0,3506.59
26616,Chlamydia,274.0,Louisiana,2000.0,Female,20-24 years,20-24,4849.0,166905.0,2905.25
26617,Chlamydia,274.0,Louisiana,2000.0,Female,25-29 years,25-29,1478.0,150598.0,981.42
26618,Chlamydia,274.0,Louisiana,2000.0,Female,30-34 years,30-34,456.0,156052.0,292.21
26619,Chlamydia,274.0,Louisiana,2000.0,Female,35-39 years,35-39,227.0,175881.0,129.06
26620,Chlamydia,274.0,Louisiana,2000.0,Female,40+ years,40+,137.0,994877.0,13.77
26621,Chlamydia,274.0,Louisiana,2000.0,Female,Unknown,99,223.0,,
26622,Chlamydia,274.0,Louisiana,2001.0,Female,0-14 years,0-14,581.0,482992.0,120.29
26623,Chlamydia,274.0,Louisiana,2001.0,Female,15-19 years,15-19,6170.0,177155.0,3482.83
26624,Chlamydia,274.0,Louisiana,2001.0,Female,20-24 years,20-24,5186.0,171086.0,3031.22
26625,Chlamydia,274.0,Louisiana,2001.0,Female,25-29 years,25-29,1500.0,147424.0,1017.47
26626,Chlamydia,274.0,Louisiana,2001.0,Female,30-34 years,30-34,470.0,153308.0,306.57
26627,Chlamydia,274.0,Louisiana,2001.0,Female,35-39 years,35-39,216.0,169070.0,127.76
26628,Chlamydia,274.0,Louisiana,2001.0,Female,40+ years,40+,206.0,1004268.0,20.51
26629,Chlamydia,274.0,Louisiana,2001.0,Female,Unknown,99,183.0,,
26630,Chlamydia,274.0,Louisiana,2002.0,Female,0-14 years,0-14,368.0,477790.0,77.02
26631,Chlamydia,274.0,Louisiana,2002.0,Female,15-19 years,15-19,6360.0,173228.0,3671.46
26632,Chlamydia,274.0,Louisiana,2002.0,Female,20-24 years,20-24,5477.0,176953.0,3095.17
26633,Chlamydia,274.0,Louisiana,2002.0,Female,25-29 years,25-29,1596.0,148216.0,1076.81
26634,Chlamydia,274.0,Louisiana,2002.0,Female,30-34 years,30-34,517.0,152379.0,339.29
26635,Chlamydia,274.0,Louisiana,2002.0,Female,35-39 years,35-39,197.0,163490.0,120.5
26636,Chlamydia,274.0,Louisiana,2002.0,Female,40+ years,40+,135.0,1018356.0,13.26
26637,Chlamydia,274.0,Louisiana,2002.0,Female,Unknown,99,108.0,,
26638,Chlamydia,274.0,Louisiana,2003.0,Female,0-14 years,0-14,414.0,475980.0,86.98
26639,Chlamydia,274.0,Louisiana,2003.0,Female,15-19 years,15-19,6800.0,169957.0,4001.01
26640,Chlamydia,274.0,Louisiana,2003.0,Female,20-24 years,20-24,6725.0,178769.0,3761.84
26641,Chlamydia,274.0,Louisiana,2003.0,Female,25-29 years,25-29,2040.0,150511.0,1355.38
26642,Chlamydia,274.0,Louisiana,2003.0,Female,30-34 years,30-34,595.0,149403.0,398.25
26643,Chlamydia,274.0,Louisiana,2003.0,Female,35-39 years,35-39,202.0,158258.0,127.64
26644,Chlamydia,274.0,Louisiana,2003.0,Female,40+ years,40+,170.0,1031124.0,16.49
26645,Chlamydia,274.0,Louisiana,2003.0,Female,Unknown,99,100.0,,
26646,Chlamydia,274.0,Louisiana,2004.0,Female,0-14 years,0-14,396.0,470942.0,84.09
26647,Chlamydia,274.0,Louisiana,2004.0,Female,15-19 years,15-19,6862.0,168289.0,4077.51
26648,Chlamydia,274.0,Louisiana,2004.0,Female,20-24 years,20-24,6804.0,179569.0,3789.07
26649,Chlamydia,274.0,Louisiana,2004.0,Female,25-29 years,25-29,2256.0,155354.0,1452.17
26650,Chlamydia,274.0,Louisiana,2004.0,Female,30-34 years,30-34,637.0,147494.0,431.88
26651,Chlamydia,274.0,Louisiana,2004.0,Female,35-39 years,35-39,275.0,153718.0,178.9
26652,Chlamydia,274.0,Louisiana,2004.0,Female,40+ years,40+,211.0,1046421.0,20.16
26653,Chlamydia,274.0,Louisiana,2004.0,Female,Unknown,99,108.0,,
26654,Chlamydia,274.0,Louisiana,2005.0,Female,0-14 years,0-14,289.0,462742.0,62.45
26655,Chlamydia,274.0,Louisiana,2005.0,Female,15-19 years,15-19,5062.0,166033.0,3048.79
26656,Chlamydia,274.0,Louisiana,2005.0,Female,20-24 years,20-24,5330.0,177607.0,3001.01
26657,Chlamydia,274.0,Louisiana,2005.0,Female,25-29 years,25-29,1769.0,160888.0,1099.52
26658,Chlamydia,274.0,Louisiana,2005.0,Female,30-34 years,30-34,512.0,145217.0,352.58
26659,Chlamydia,274.0,Louisiana,2005.0,Female,35-39 years,35-39,182.0,151466.0,120.16
26660,Chlamydia,274.0,Louisiana,2005.0,Female,40+ years,40+,180.0,1059954.0,16.98
26661,Chlamydia,274.0,Louisiana,2005.0,Female,Unknown,99,71.0,,
26662,Chlamydia,274.0,Louisiana,2006.0,Female,0-14 years,0-14,302.0,438781.0,68.83
26663,Chlamydia,274.0,Louisiana,2006.0,Female,15-19 years,15-19,5410.0,159964.0,3382.01
26664,Chlamydia,274.0,Louisiana,2006.0,Female,20-24 years,20-24,5604.0,160464.0,3492.37
26665,Chlamydia,274.0,Louisiana,2006.0,Female,25-29 years,25-29,1918.0,152147.0,1260.62
26666,Chlamydia,274.0,Louisiana,2006.0,Female,30-34 years,30-34,631.0,128334.0,491.69
26667,Chlamydia,274.0,Louisiana,2006.0,Female,35-39 years,35-39,198.0,141247.0,140.18
26668,Chlamydia,274.0,Louisiana,2006.0,Female,40+ years,40+,149.0,1021070.0,14.59
26669,Chlamydia,274.0,Louisiana,2006.0,Female,Unknown,99,78.0,,
26670,Chlamydia,274.0,Louisiana,2007.0,Female,0-14 years,0-14,323.0,434761.0,74.29
26671,Chlamydia,274.0,Louisiana,2007.0,Female,15-19 years,15-19,5920.0,160532.0,3687.74
26672,Chlamydia,274.0,Louisiana,2007.0,Female,20-24 years,20-24,5824.0,166096.0,3506.41
26673,Chlamydia,274.0,Louisiana,2007.0,Female,25-29 years,25-29,2120.0,156771.0,1352.29
26674,Chlamydia,274.0,Louisiana,2007.0,Female,30-34 years,30-34,685.0,128814.0,531.77
26675,Chlamydia,274.0,Louisiana,2007.0,Female,35-39 years,35-39,201.0,140298.0,143.27
26676,Chlamydia,274.0,Louisiana,2007.0,Female,40+ years,40+,185.0,1020487.0,18.13
26677,Chlamydia,274.0,Louisiana,2007.0,Female,Unknown,99,76.0,,
26678,Chlamydia,274.0,Louisiana,2008.0,Female,0-14 years,0-14,361.0,447002.0,80.76
26679,Chlamydia,274.0,Louisiana,2008.0,Female,15-19 years,15-19,6650.0,162944.0,4081.16
26680,Chlamydia,274.0,Louisiana,2008.0,Female,20-24 years,20-24,6483.0,168110.0,3856.4
26681,Chlamydia,274.0,Louisiana,2008.0,Female,25-29 years,25-29,2492.0,164168.0,1517.96
26682,Chlamydia,274.0,Louisiana,2008.0,Female,30-34 years,30-34,752.0,134199.0,560.36
26683,Chlamydia,274.0,Louisiana,2008.0,Female,35-39 years,35-39,267.0,141232.0,189.05
26684,Chlamydia,274.0,Louisiana,2008.0,Female,40+ years,40+,201.0,1052343.0,19.1
26685,Chlamydia,274.0,Louisiana,2008.0,Female,Unknown,99,54.0,,
26686,Chlamydia,274.0,Louisiana,2009.0,Female,0-14 years,0-14,493.0,455503.0,108.23
26687,Chlamydia,274.0,Louisiana,2009.0,Female,15-19 years,15-19,7959.0,159611.0,4986.5
26688,Chlamydia,274.0,Louisiana,2009.0,Female,20-24 years,20-24,7759.0,170122.0,4560.84
26689,Chlamydia,274.0,Louisiana,2009.0,Female,25-29 years,25-29,3019.0,169990.0,1775.99
26690,Chlamydia,274.0,Louisiana,2009.0,Female,30-34 years,30-34,854.0,143202.0,596.36
26691,Chlamydia,274.0,Louisiana,2009.0,Female,35-39 years,35-39,319.0,140380.0,227.24
26692,Chlamydia,274.0,Louisiana,2009.0,Female,40+ years,40+,254.0,1068133.0,23.78
26693,Chlamydia,274.0,Louisiana,2009.0,Female,Unknown,99,62.0,,
26694,Chlamydia,274.0,Louisiana,2010.0,Female,0-14 years,0-14,419.0,454064.0,92.28
26695,Chlamydia,274.0,Louisiana,2010.0,Female,15-19 years,15-19,7807.0,161032.0,4848.1
26696,Chlamydia,274.0,Louisiana,2010.0,Female,20-24 years,20-24,7833.0,169019.0,4634.39
26697,Chlamydia,274.0,Louisiana,2010.0,Female,25-29 years,25-29,2908.0,165999.0,1751.82
26698,Chlamydia,274.0,Louisiana,2010.0,Female,30-34 years,30-34,929.0,147388.0,630.31
26699,Chlamydia,274.0,Louisiana,2010.0,Female,35-39 years,35-39,357.0,138935.0,256.95
26700,Chlamydia,274.0,Louisiana,2010.0,Female,40+ years,40+,253.0,1077643.0,23.48
26701,Chlamydia,274.0,Louisiana,2010.0,Female,Unknown,99,58.0,,
26702,Chlamydia,274.0,Louisiana,2011.0,Female,0-14 years,0-14,518.0,456684.0,113.43
26703,Chlamydia,274.0,Louisiana,2011.0,Female,15-19 years,15-19,9037.0,154499.0,5849.23
26704,Chlamydia,274.0,Louisiana,2011.0,Female,20-24 years,20-24,8748.0,174332.0,5018.01
26705,Chlamydia,274.0,Louisiana,2011.0,Female,25-29 years,25-29,3241.0,167458.0,1935.41
26706,Chlamydia,274.0,Louisiana,2011.0,Female,30-34 years,30-34,1135.0,153498.0,739.42
26707,Chlamydia,274.0,Louisiana,2011.0,Female,35-39 years,35-39,379.0,136235.0,278.2
26708,Chlamydia,274.0,Louisiana,2011.0,Female,40+ years,40+,319.0,1093761.0,29.17
26709,Chlamydia,274.0,Louisiana,2011.0,Female,Unknown,99,13.0,,
26710,Chlamydia,274.0,Louisiana,2012.0,Female,0-14 years,0-14,383.0,457812.0,83.66
26711,Chlamydia,274.0,Louisiana,2012.0,Female,15-19 years,15-19,7727.0,149959.0,5152.74
26712,Chlamydia,274.0,Louisiana,2012.0,Female,20-24 years,20-24,7808.0,176694.0,4418.94
26713,Chlamydia,274.0,Louisiana,2012.0,Female,25-29 years,25-29,2884.0,167833.0,1718.37
26714,Chlamydia,274.0,Louisiana,2012.0,Female,30-34 years,30-34,1043.0,157695.0,661.4
26715,Chlamydia,274.0,Louisiana,2012.0,Female,35-39 years,35-39,357.0,137248.0,260.11
26716,Chlamydia,274.0,Louisiana,2012.0,Female,40+ years,40+,302.0,1102602.0,27.39
26717,Chlamydia,274.0,Louisiana,2012.0,Female,Unknown,99,3.0,,
26718,Chlamydia,274.0,Louisiana,2013.0,Female,0-14 years,0-14,341.0,455891.0,74.8
26719,Chlamydia,274.0,Louisiana,2013.0,Female,15-19 years,15-19,7588.0,148115.0,5123.05
26720,Chlamydia,274.0,Louisiana,2013.0,Female,20-24 years,20-24,8387.0,175959.0,4766.45
26721,Chlamydia,274.0,Louisiana,2013.0,Female,25-29 years,25-29,3050.0,167915.0,1816.4
26722,Chlamydia,274.0,Louisiana,2013.0,Female,30-34 years,30-34,1132.0,162586.0,696.25
26723,Chlamydia,274.0,Louisiana,2013.0,Female,35-39 years,35-39,448.0,140086.0,319.8
26724,Chlamydia,274.0,Louisiana,2013.0,Female,40+ years,40+,308.0,1110985.0,27.72
26725,Chlamydia,274.0,Louisiana,2013.0,Female,Unknown,99,4.0,,
26726,Chlamydia,274.0,Louisiana,2014.0,Female,0-14 years,0-14,377.0,455891.0,82.7
26727,Chlamydia,274.0,Louisiana,2014.0,Female,15-19 years,15-19,7499.0,148115.0,5062.96
26728,Chlamydia,274.0,Louisiana,2014.0,Female,20-24 years,20-24,8177.0,175959.0,4647.11
26729,Chlamydia,274.0,Louisiana,2014.0,Female,25-29 years,25-29,3175.0,167915.0,1890.84
26730,Chlamydia,274.0,Louisiana,2014.0,Female,30-34 years,30-34,1231.0,162586.0,757.14
26731,Chlamydia,274.0,Louisiana,2014.0,Female,35-39 years,35-39,453.0,140086.0,323.37
26732,Chlamydia,274.0,Louisiana,2014.0,Female,40+ years,40+,385.0,1110985.0,34.65
26733,Chlamydia,274.0,Maine,1996.0,Female,0-14 years,0-14,17.0,123926.0,13.72
26734,Chlamydia,274.0,Maine,1996.0,Female,15-19 years,15-19,364.0,42081.0,865.0
26735,Chlamydia,274.0,Maine,1996.0,Female,20-24 years,20-24,282.0,36543.0,771.69
26736,Chlamydia,274.0,Maine,1996.0,Female,25-29 years,25-29,88.0,38846.0,226.54
26737,Chlamydia,274.0,Maine,1996.0,Female,30-34 years,30-34,37.0,48329.0,76.56
26738,Chlamydia,274.0,Maine,1996.0,Female,35-39 years,35-39,13.0,55195.0,23.55
26739,Chlamydia,274.0,Maine,1996.0,Female,40+ years,40+,8.0,296775.0,2.7
26740,Chlamydia,274.0,Maine,1996.0,Female,Unknown,99,18.0,,
26741,Chlamydia,274.0,Maine,1997.0,Female,0-14 years,0-14,16.0,122292.0,13.08
26742,Chlamydia,274.0,Maine,1997.0,Female,15-19 years,15-19,402.0,42718.0,941.05
26743,Chlamydia,274.0,Maine,1997.0,Female,20-24 years,20-24,277.0,35487.0,780.57
26744,Chlamydia,274.0,Maine,1997.0,Female,25-29 years,25-29,95.0,38744.0,245.2
26745,Chlamydia,274.0,Maine,1997.0,Female,30-34 years,30-34,30.0,46513.0,64.5
26746,Chlamydia,274.0,Maine,1997.0,Female,35-39 years,35-39,15.0,55209.0,27.17
26747,Chlamydia,274.0,Maine,1997.0,Female,40+ years,40+,12.0,303907.0,3.95
26748,Chlamydia,274.0,Maine,1997.0,Female,Unknown,99,51.0,,
26749,Chlamydia,274.0,Maine,1998.0,Female,0-14 years,0-14,19.0,121730.0,15.61
26750,Chlamydia,274.0,Maine,1998.0,Female,15-19 years,15-19,397.0,43251.0,917.9
26751,Chlamydia,274.0,Maine,1998.0,Female,20-24 years,20-24,292.0,34852.0,837.83
26752,Chlamydia,274.0,Maine,1998.0,Female,25-29 years,25-29,107.0,38167.0,280.35
26753,Chlamydia,274.0,Maine,1998.0,Female,30-34 years,30-34,27.0,44784.0,60.29
26754,Chlamydia,274.0,Maine,1998.0,Female,35-39 years,35-39,19.0,54497.0,34.86
26755,Chlamydia,274.0,Maine,1998.0,Female,40+ years,40+,14.0,309784.0,4.52
26756,Chlamydia,274.0,Maine,1998.0,Female,Unknown,99,24.0,,
26757,Chlamydia,274.0,Maine,1999.0,Female,0-14 years,0-14,26.0,120461.0,21.58
26758,Chlamydia,274.0,Maine,1999.0,Female,15-19 years,15-19,476.0,43451.0,1095.49
26759,Chlamydia,274.0,Maine,1999.0,Female,20-24 years,20-24,312.0,34714.0,898.77
26760,Chlamydia,274.0,Maine,1999.0,Female,25-29 years,25-29,87.0,37390.0,232.68
26761,Chlamydia,274.0,Maine,1999.0,Female,30-34 years,30-34,26.0,43793.0,59.37
26762,Chlamydia,274.0,Maine,1999.0,Female,35-39 years,35-39,27.0,53908.0,50.09
26763,Chlamydia,274.0,Maine,1999.0,Female,40+ years,40+,12.0,316881.0,3.79
26764,Chlamydia,274.0,Maine,1999.0,Female,Unknown,99,25.0,,
26765,Chlamydia,274.0,Maine,2000.0,Female,0-14 years,0-14,19.0,114926.0,16.53
26766,Chlamydia,274.0,Maine,2000.0,Female,15-19 years,15-19,501.0,43599.0,1149.11
26767,Chlamydia,274.0,Maine,2000.0,Female,20-24 years,20-24,412.0,35653.0,1155.58
26768,Chlamydia,274.0,Maine,2000.0,Female,25-29 years,25-29,115.0,36523.0,314.87
26769,Chlamydia,274.0,Maine,2000.0,Female,30-34 years,30-34,41.0,44271.0,92.61
26770,Chlamydia,274.0,Maine,2000.0,Female,35-39 years,35-39,24.0,53700.0,44.69
26771,Chlamydia,274.0,Maine,2000.0,Female,40+ years,40+,19.0,327235.0,5.81
26772,Chlamydia,274.0,Maine,2000.0,Female,Unknown,99,12.0,,
26773,Chlamydia,274.0,Maine,2001.0,Female,0-14 years,0-14,14.0,112620.0,12.43
26774,Chlamydia,274.0,Maine,2001.0,Female,15-19 years,15-19,445.0,44488.0,1000.27
26775,Chlamydia,274.0,Maine,2001.0,Female,20-24 years,20-24,379.0,37264.0,1017.07
26776,Chlamydia,274.0,Maine,2001.0,Female,25-29 years,25-29,124.0,35144.0,352.83
26777,Chlamydia,274.0,Maine,2001.0,Female,30-34 years,30-34,36.0,43877.0,82.05
26778,Chlamydia,274.0,Maine,2001.0,Female,35-39 years,35-39,20.0,52412.0,38.16
26779,Chlamydia,274.0,Maine,2001.0,Female,40+ years,40+,13.0,333563.0,3.9
26780,Chlamydia,274.0,Maine,2001.0,Female,Unknown,99,9.0,,
26781,Chlamydia,274.0,Maine,2002.0,Female,0-14 years,0-14,19.0,109279.0,17.39
26782,Chlamydia,274.0,Maine,2002.0,Female,15-19 years,15-19,578.0,44785.0,1290.61
26783,Chlamydia,274.0,Maine,2002.0,Female,20-24 years,20-24,490.0,39950.0,1226.53
26784,Chlamydia,274.0,Maine,2002.0,Female,25-29 years,25-29,145.0,34574.0,419.39
26785,Chlamydia,274.0,Maine,2002.0,Female,30-34 years,30-34,44.0,43651.0,100.8
26786,Chlamydia,274.0,Maine,2002.0,Female,35-39 years,35-39,20.0,51640.0,38.73
26787,Chlamydia,274.0,Maine,2002.0,Female,40+ years,40+,20.0,340448.0,5.87
26788,Chlamydia,274.0,Maine,2002.0,Female,Unknown,99,21.0,,
26789,Chlamydia,274.0,Maine,2003.0,Female,0-14 years,0-14,10.0,112324.0,8.9
26790,Chlamydia,274.0,Maine,2003.0,Female,15-19 years,15-19,591.0,45515.0,1298.47
26791,Chlamydia,274.0,Maine,2003.0,Female,20-24 years,20-24,563.0,40792.0,1380.17
26792,Chlamydia,274.0,Maine,2003.0,Female,25-29 years,25-29,158.0,33276.0,474.82
26793,Chlamydia,274.0,Maine,2003.0,Female,30-34 years,30-34,63.0,40693.0,154.82
26794,Chlamydia,274.0,Maine,2003.0,Female,35-39 years,35-39,29.0,49134.0,59.02
26795,Chlamydia,274.0,Maine,2003.0,Female,40+ years,40+,17.0,347293.0,4.89
26796,Chlamydia,274.0,Maine,2003.0,Female,Unknown,99,21.0,,
26797,Chlamydia,274.0,Maine,2004.0,Female,0-14 years,0-14,16.0,110178.0,14.52
26798,Chlamydia,274.0,Maine,2004.0,Female,15-19 years,15-19,596.0,45652.0,1305.53
26799,Chlamydia,274.0,Maine,2004.0,Female,20-24 years,20-24,605.0,42210.0,1433.31
26800,Chlamydia,274.0,Maine,2004.0,Female,25-29 years,25-29,190.0,33932.0,559.94
26801,Chlamydia,274.0,Maine,2004.0,Female,30-34 years,30-34,79.0,39642.0,199.28
26802,Chlamydia,274.0,Maine,2004.0,Female,35-39 years,35-39,16.0,47761.0,33.5
26803,Chlamydia,274.0,Maine,2004.0,Female,40+ years,40+,30.0,354735.0,8.46
26804,Chlamydia,274.0,Maine,2005.0,Female,0-14 years,0-14,20.0,107782.0,18.56
26805,Chlamydia,274.0,Maine,2005.0,Female,15-19 years,15-19,616.0,45573.0,1351.68
26806,Chlamydia,274.0,Maine,2005.0,Female,20-24 years,20-24,698.0,42955.0,1624.96
26807,Chlamydia,274.0,Maine,2005.0,Female,25-29 years,25-29,180.0,34588.0,520.41
26808,Chlamydia,274.0,Maine,2005.0,Female,30-34 years,30-34,73.0,37766.0,193.3
26809,Chlamydia,274.0,Maine,2005.0,Female,35-39 years,35-39,36.0,46608.0,77.24
26810,Chlamydia,274.0,Maine,2005.0,Female,40+ years,40+,15.0,360640.0,4.16
26811,Chlamydia,274.0,Maine,2005.0,Female,Unknown,99,6.0,,
26812,Chlamydia,274.0,Maine,2006.0,Female,0-14 years,0-14,18.0,109370.0,16.46
26813,Chlamydia,274.0,Maine,2006.0,Female,15-19 years,15-19,645.0,43949.0,1467.61
26814,Chlamydia,274.0,Maine,2006.0,Female,20-24 years,20-24,695.0,39732.0,1749.22
26815,Chlamydia,274.0,Maine,2006.0,Female,25-29 years,25-29,190.0,37700.0,503.98
26816,Chlamydia,274.0,Maine,2006.0,Female,30-34 years,30-34,73.0,38605.0,189.09
26817,Chlamydia,274.0,Maine,2006.0,Female,35-39 years,35-39,21.0,46036.0,45.62
26818,Chlamydia,274.0,Maine,2006.0,Female,40+ years,40+,25.0,359755.0,6.95
26819,Chlamydia,274.0,Maine,2006.0,Female,Unknown,99,5.0,,
26820,Chlamydia,274.0,Maine,2007.0,Female,0-14 years,0-14,21.0,109501.0,19.18
26821,Chlamydia,274.0,Maine,2007.0,Female,15-19 years,15-19,666.0,43500.0,1531.03
26822,Chlamydia,274.0,Maine,2007.0,Female,20-24 years,20-24,735.0,38204.0,1923.88
26823,Chlamydia,274.0,Maine,2007.0,Female,25-29 years,25-29,265.0,38337.0,691.24
26824,Chlamydia,274.0,Maine,2007.0,Female,30-34 years,30-34,81.0,37627.0,215.27
26825,Chlamydia,274.0,Maine,2007.0,Female,35-39 years,35-39,33.0,44941.0,73.43
26826,Chlamydia,274.0,Maine,2007.0,Female,40+ years,40+,25.0,362298.0,6.9
26827,Chlamydia,274.0,Maine,2007.0,Female,Unknown,99,5.0,,
26828,Chlamydia,274.0,Maine,2008.0,Female,0-14 years,0-14,12.0,108191.0,11.09
26829,Chlamydia,274.0,Maine,2008.0,Female,15-19 years,15-19,637.0,42743.0,1490.3
26830,Chlamydia,274.0,Maine,2008.0,Female,20-24 years,20-24,785.0,38250.0,2052.29
26831,Chlamydia,274.0,Maine,2008.0,Female,25-29 years,25-29,276.0,38288.0,720.85
26832,Chlamydia,274.0,Maine,2008.0,Female,30-34 years,30-34,80.0,37369.0,214.08
26833,Chlamydia,274.0,Maine,2008.0,Female,35-39 years,35-39,36.0,43488.0,82.78
26834,Chlamydia,274.0,Maine,2008.0,Female,40+ years,40+,20.0,365758.0,5.47
26835,Chlamydia,274.0,Maine,2008.0,Female,Unknown,99,1.0,,
26836,Chlamydia,274.0,Maine,2009.0,Female,0-14 years,0-14,12.0,107352.0,11.18
26837,Chlamydia,274.0,Maine,2009.0,Female,15-19 years,15-19,578.0,42947.0,1345.84
26838,Chlamydia,274.0,Maine,2009.0,Female,20-24 years,20-24,713.0,39403.0,1809.51
26839,Chlamydia,274.0,Maine,2009.0,Female,25-29 years,25-29,256.0,38138.0,671.25
26840,Chlamydia,274.0,Maine,2009.0,Female,30-34 years,30-34,81.0,36957.0,219.17
26841,Chlamydia,274.0,Maine,2009.0,Female,35-39 years,35-39,31.0,41240.0,75.17
26842,Chlamydia,274.0,Maine,2009.0,Female,40+ years,40+,33.0,368684.0,8.95
26843,Chlamydia,274.0,Maine,2009.0,Female,Unknown,99,1.0,,
26844,Chlamydia,274.0,Maine,2010.0,Female,0-14 years,0-14,12.0,108306.0,11.08
26845,Chlamydia,274.0,Maine,2010.0,Female,15-19 years,15-19,612.0,42769.0,1430.94
26846,Chlamydia,274.0,Maine,2010.0,Female,20-24 years,20-24,740.0,39220.0,1886.79
26847,Chlamydia,274.0,Maine,2010.0,Female,25-29 years,25-29,275.0,36536.0,752.68
26848,Chlamydia,274.0,Maine,2010.0,Female,30-34 years,30-34,109.0,36281.0,300.43
26849,Chlamydia,274.0,Maine,2010.0,Female,35-39 years,35-39,34.0,40603.0,83.74
26850,Chlamydia,274.0,Maine,2010.0,Female,40+ years,40+,25.0,374590.0,6.67
26851,Chlamydia,274.0,Maine,2010.0,Female,Unknown,99,7.0,,
26852,Chlamydia,274.0,Maine,2011.0,Female,0-14 years,0-14,26.0,106602.0,24.39
26853,Chlamydia,274.0,Maine,2011.0,Female,15-19 years,15-19,726.0,41665.0,1742.47
26854,Chlamydia,274.0,Maine,2011.0,Female,20-24 years,20-24,879.0,39420.0,2229.83
26855,Chlamydia,274.0,Maine,2011.0,Female,25-29 years,25-29,304.0,36997.0,821.69
26856,Chlamydia,274.0,Maine,2011.0,Female,30-34 years,30-34,120.0,36738.0,326.64
26857,Chlamydia,274.0,Maine,2011.0,Female,35-39 years,35-39,39.0,38491.0,101.32
26858,Chlamydia,274.0,Maine,2011.0,Female,40+ years,40+,49.0,378212.0,12.96
26859,Chlamydia,274.0,Maine,2011.0,Female,Unknown,99,6.0,,
26860,Chlamydia,274.0,Maine,2012.0,Female,0-14 years,0-14,21.0,105723.0,19.86
26861,Chlamydia,274.0,Maine,2012.0,Female,15-19 years,15-19,820.0,41174.0,1991.55
26862,Chlamydia,274.0,Maine,2012.0,Female,20-24 years,20-24,982.0,39179.0,2506.44
26863,Chlamydia,274.0,Maine,2012.0,Female,25-29 years,25-29,375.0,37340.0,1004.28
26864,Chlamydia,274.0,Maine,2012.0,Female,30-34 years,30-34,121.0,37307.0,324.34
26865,Chlamydia,274.0,Maine,2012.0,Female,35-39 years,35-39,45.0,37355.0,120.47
26866,Chlamydia,274.0,Maine,2012.0,Female,40+ years,40+,46.0,380836.0,12.08
26867,Chlamydia,274.0,Maine,2012.0,Female,Unknown,99,10.0,,
26868,Chlamydia,274.0,Maine,2013.0,Female,0-14 years,0-14,24.0,103827.0,23.12
26869,Chlamydia,274.0,Maine,2013.0,Female,15-19 years,15-19,737.0,40163.0,1835.02
26870,Chlamydia,274.0,Maine,2013.0,Female,20-24 years,20-24,1010.0,38847.0,2599.94
26871,Chlamydia,274.0,Maine,2013.0,Female,25-29 years,25-29,381.0,38062.0,1001.0
26872,Chlamydia,274.0,Maine,2013.0,Female,30-34 years,30-34,126.0,37562.0,335.44
26873,Chlamydia,274.0,Maine,2013.0,Female,35-39 years,35-39,62.0,36885.0,168.09
26874,Chlamydia,274.0,Maine,2013.0,Female,40+ years,40+,58.0,382736.0,15.15
26875,Chlamydia,274.0,Maine,2013.0,Female,Unknown,99,6.0,,
26876,Chlamydia,274.0,Maine,2014.0,Female,0-14 years,0-14,16.0,103827.0,15.41
26877,Chlamydia,274.0,Maine,2014.0,Female,15-19 years,15-19,744.0,40163.0,1852.45
26878,Chlamydia,274.0,Maine,2014.0,Female,20-24 years,20-24,1061.0,38847.0,2731.23
26879,Chlamydia,274.0,Maine,2014.0,Female,25-29 years,25-29,406.0,38062.0,1066.68
26880,Chlamydia,274.0,Maine,2014.0,Female,30-34 years,30-34,146.0,37562.0,388.69
26881,Chlamydia,274.0,Maine,2014.0,Female,35-39 years,35-39,54.0,36885.0,146.4
26882,Chlamydia,274.0,Maine,2014.0,Female,40+ years,40+,46.0,382736.0,12.02
26883,Chlamydia,274.0,Maine,2014.0,Female,Unknown,99,5.0,,
26884,Chlamydia,274.0,Maryland,1996.0,Female,0-14 years,0-14,353.0,540275.0,65.34
26885,Chlamydia,274.0,Maryland,1996.0,Female,15-19 years,15-19,3849.0,157321.0,2446.59
26886,Chlamydia,274.0,Maryland,1996.0,Female,20-24 years,20-24,2894.0,152132.0,1902.3
26887,Chlamydia,274.0,Maryland,1996.0,Female,25-29 years,25-29,1285.0,190392.0,674.92
26888,Chlamydia,274.0,Maryland,1996.0,Female,30-34 years,30-34,517.0,238892.0,216.42
26889,Chlamydia,274.0,Maryland,1996.0,Female,35-39 years,35-39,230.0,238890.0,96.28
26890,Chlamydia,274.0,Maryland,1996.0,Female,40+ years,40+,264.0,1121921.0,23.53
26891,Chlamydia,274.0,Maryland,1996.0,Female,Unknown,99,856.0,,
26892,Chlamydia,274.0,Maryland,1997.0,Female,0-14 years,0-14,350.0,544953.0,64.23
26893,Chlamydia,274.0,Maryland,1997.0,Female,15-19 years,15-19,4688.0,162350.0,2887.59
26894,Chlamydia,274.0,Maryland,1997.0,Female,20-24 years,20-24,3624.0,150698.0,2404.81
26895,Chlamydia,274.0,Maryland,1997.0,Female,25-29 years,25-29,1403.0,186152.0,753.68
26896,Chlamydia,274.0,Maryland,1997.0,Female,30-34 years,30-34,607.0,232064.0,261.57
26897,Chlamydia,274.0,Maryland,1997.0,Female,35-39 years,35-39,293.0,240251.0,121.96
26898,Chlamydia,274.0,Maryland,1997.0,Female,40+ years,40+,306.0,1148426.0,26.65
26899,Chlamydia,274.0,Maryland,1997.0,Female,Unknown,99,926.0,,
26900,Chlamydia,274.0,Maryland,1998.0,Female,0-14 years,0-14,549.0,550587.0,99.71
26901,Chlamydia,274.0,Maryland,1998.0,Female,15-19 years,15-19,5246.0,167554.0,3130.93
26902,Chlamydia,274.0,Maryland,1998.0,Female,20-24 years,20-24,3319.0,151215.0,2194.89
26903,Chlamydia,274.0,Maryland,1998.0,Female,25-29 years,25-29,1259.0,182488.0,689.91
26904,Chlamydia,274.0,Maryland,1998.0,Female,30-34 years,30-34,494.0,223432.0,221.1
26905,Chlamydia,274.0,Maryland,1998.0,Female,35-39 years,35-39,268.0,240308.0,111.52
26906,Chlamydia,274.0,Maryland,1998.0,Female,40+ years,40+,197.0,1175506.0,16.76
26907,Chlamydia,274.0,Maryland,1998.0,Female,Unknown,99,121.0,,
26908,Chlamydia,274.0,Maryland,1999.0,Female,0-14 years,0-14,525.0,553424.0,94.86
26909,Chlamydia,274.0,Maryland,1999.0,Female,15-19 years,15-19,5130.0,171587.0,2989.74
26910,Chlamydia,274.0,Maryland,1999.0,Female,20-24 years,20-24,3465.0,154356.0,2244.81
26911,Chlamydia,274.0,Maryland,1999.0,Female,25-29 years,25-29,1209.0,178831.0,676.06
26912,Chlamydia,274.0,Maryland,1999.0,Female,30-34 years,30-34,537.0,214620.0,250.21
26913,Chlamydia,274.0,Maryland,1999.0,Female,35-39 years,35-39,230.0,240697.0,95.56
26914,Chlamydia,274.0,Maryland,1999.0,Female,40+ years,40+,153.0,1203413.0,12.71
26915,Chlamydia,274.0,Maryland,1999.0,Female,Unknown,99,120.0,,
26916,Chlamydia,274.0,Maryland,2000.0,Female,0-14 years,0-14,469.0,556916.0,84.21
26917,Chlamydia,274.0,Maryland,2000.0,Female,15-19 years,15-19,5411.0,175482.0,3083.51
26918,Chlamydia,274.0,Maryland,2000.0,Female,20-24 years,20-24,3750.0,158685.0,2363.17
26919,Chlamydia,274.0,Maryland,2000.0,Female,25-29 years,25-29,1348.0,174567.0,772.2
26920,Chlamydia,274.0,Maryland,2000.0,Female,30-34 years,30-34,542.0,209498.0,258.71
26921,Chlamydia,274.0,Maryland,2000.0,Female,35-39 years,35-39,289.0,238804.0,121.02
26922,Chlamydia,274.0,Maryland,2000.0,Female,40+ years,40+,200.0,1232473.0,16.23
26923,Chlamydia,274.0,Maryland,2000.0,Female,Unknown,99,90.0,,
26924,Chlamydia,274.0,Maryland,2001.0,Female,0-14 years,0-14,601.0,558845.0,107.54
26925,Chlamydia,274.0,Maryland,2001.0,Female,15-19 years,15-19,5795.0,180046.0,3218.62
26926,Chlamydia,274.0,Maryland,2001.0,Female,20-24 years,20-24,4060.0,162464.0,2499.02
26927,Chlamydia,274.0,Maryland,2001.0,Female,25-29 years,25-29,1342.0,170539.0,786.92
26928,Chlamydia,274.0,Maryland,2001.0,Female,30-34 years,30-34,588.0,210089.0,279.88
26929,Chlamydia,274.0,Maryland,2001.0,Female,35-39 years,35-39,227.0,238340.0,95.24
26930,Chlamydia,274.0,Maryland,2001.0,Female,40+ years,40+,174.0,1263284.0,13.77
26931,Chlamydia,274.0,Maryland,2001.0,Female,Unknown,99,76.0,,
26932,Chlamydia,274.0,Maryland,2002.0,Female,0-14 years,0-14,567.0,562347.0,100.83
26933,Chlamydia,274.0,Maryland,2002.0,Female,15-19 years,15-19,6032.0,184683.0,3266.14
26934,Chlamydia,274.0,Maryland,2002.0,Female,20-24 years,20-24,4382.0,168427.0,2601.72
26935,Chlamydia,274.0,Maryland,2002.0,Female,25-29 years,25-29,1549.0,168616.0,918.65
26936,Chlamydia,274.0,Maryland,2002.0,Female,30-34 years,30-34,682.0,210056.0,324.68
26937,Chlamydia,274.0,Maryland,2002.0,Female,35-39 years,35-39,305.0,235663.0,129.42
26938,Chlamydia,274.0,Maryland,2002.0,Female,40+ years,40+,248.0,1289305.0,19.24
26939,Chlamydia,274.0,Maryland,2002.0,Female,Unknown,99,86.0,,
26940,Chlamydia,274.0,Maryland,2003.0,Female,0-14 years,0-14,474.0,559349.0,84.74
26941,Chlamydia,274.0,Maryland,2003.0,Female,15-19 years,15-19,6064.0,188337.0,3219.76
26942,Chlamydia,274.0,Maryland,2003.0,Female,20-24 years,20-24,4379.0,174293.0,2512.44
26943,Chlamydia,274.0,Maryland,2003.0,Female,25-29 years,25-29,1540.0,167634.0,918.67
26944,Chlamydia,274.0,Maryland,2003.0,Female,30-34 years,30-34,692.0,202038.0,342.51
26945,Chlamydia,274.0,Maryland,2003.0,Female,35-39 years,35-39,290.0,226875.0,127.82
26946,Chlamydia,274.0,Maryland,2003.0,Female,40+ years,40+,233.0,1324740.0,17.59
26947,Chlamydia,274.0,Maryland,2003.0,Female,Unknown,99,74.0,,
26948,Chlamydia,274.0,Maryland,2004.0,Female,0-14 years,0-14,495.0,564586.0,87.67
26949,Chlamydia,274.0,Maryland,2004.0,Female,15-19 years,15-19,6857.0,192934.0,3554.07
26950,Chlamydia,274.0,Maryland,2004.0,Female,20-24 years,20-24,5312.0,178795.0,2971.0
26951,Chlamydia,274.0,Maryland,2004.0,Female,25-29 years,25-29,1862.0,168738.0,1103.49
26952,Chlamydia,274.0,Maryland,2004.0,Female,30-34 years,30-34,825.0,194971.0,423.14
26953,Chlamydia,274.0,Maryland,2004.0,Female,35-39 years,35-39,409.0,219158.0,186.62
26954,Chlamydia,274.0,Maryland,2004.0,Female,40+ years,40+,264.0,1347975.0,19.58
26955,Chlamydia,274.0,Maryland,2004.0,Female,Unknown,99,84.0,,
26956,Chlamydia,274.0,Maryland,2005.0,Female,0-14 years,0-14,408.0,564796.0,72.24
26957,Chlamydia,274.0,Maryland,2005.0,Female,15-19 years,15-19,6319.0,197367.0,3201.65
26958,Chlamydia,274.0,Maryland,2005.0,Female,20-24 years,20-24,4913.0,182501.0,2692.04
26959,Chlamydia,274.0,Maryland,2005.0,Female,25-29 years,25-29,1721.0,171230.0,1005.08
26960,Chlamydia,274.0,Maryland,2005.0,Female,30-34 years,30-34,673.0,187292.0,359.33
26961,Chlamydia,274.0,Maryland,2005.0,Female,35-39 years,35-39,325.0,214237.0,151.7
26962,Chlamydia,274.0,Maryland,2005.0,Female,40+ years,40+,237.0,1369653.0,17.3
26963,Chlamydia,274.0,Maryland,2005.0,Female,Unknown,99,57.0,,
26964,Chlamydia,274.0,Maryland,2006.0,Female,0-14 years,0-14,336.0,544766.0,61.68
26965,Chlamydia,274.0,Maryland,2006.0,Female,15-19 years,15-19,7123.0,199260.0,3574.73
26966,Chlamydia,274.0,Maryland,2006.0,Female,20-24 years,20-24,5921.0,184761.0,3204.68
26967,Chlamydia,274.0,Maryland,2006.0,Female,25-29 years,25-29,2271.0,187820.0,1209.14
26968,Chlamydia,274.0,Maryland,2006.0,Female,30-34 years,30-34,868.0,185529.0,467.85
26969,Chlamydia,274.0,Maryland,2006.0,Female,35-39 years,35-39,457.0,212952.0,214.6
26970,Chlamydia,274.0,Maryland,2006.0,Female,40+ years,40+,282.0,1383785.0,20.38
26971,Chlamydia,274.0,Maryland,2006.0,Female,Unknown,99,81.0,,
26972,Chlamydia,274.0,Maryland,2007.0,Female,0-14 years,0-14,382.0,544275.0,70.19
26973,Chlamydia,274.0,Maryland,2007.0,Female,15-19 years,15-19,7658.0,200244.0,3824.33
26974,Chlamydia,274.0,Maryland,2007.0,Female,20-24 years,20-24,6091.0,187510.0,3248.36
26975,Chlamydia,274.0,Maryland,2007.0,Female,25-29 years,25-29,2370.0,186107.0,1273.46
26976,Chlamydia,274.0,Maryland,2007.0,Female,30-34 years,30-34,896.0,179385.0,499.48
26977,Chlamydia,274.0,Maryland,2007.0,Female,35-39 years,35-39,419.0,207529.0,201.9
26978,Chlamydia,274.0,Maryland,2007.0,Female,40+ years,40+,341.0,1394704.0,24.45
26979,Chlamydia,274.0,Maryland,2007.0,Female,Unknown,99,73.0,,
26980,Chlamydia,274.0,Maryland,2008.0,Female,0-14 years,0-14,436.0,538250.0,81.0
26981,Chlamydia,274.0,Maryland,2008.0,Female,15-19 years,15-19,8026.0,199714.0,4018.75
26982,Chlamydia,274.0,Maryland,2008.0,Female,20-24 years,20-24,6513.0,186727.0,3487.98
26983,Chlamydia,274.0,Maryland,2008.0,Female,25-29 years,25-29,2481.0,189779.0,1307.31
26984,Chlamydia,274.0,Maryland,2008.0,Female,30-34 years,30-34,973.0,179440.0,542.24
26985,Chlamydia,274.0,Maryland,2008.0,Female,35-39 years,35-39,434.0,201972.0,214.88
26986,Chlamydia,274.0,Maryland,2008.0,Female,40+ years,40+,413.0,1410392.0,29.28
26987,Chlamydia,274.0,Maryland,2008.0,Female,Unknown,99,61.0,,
26988,Chlamydia,274.0,Maryland,2009.0,Female,0-14 years,0-14,357.0,546195.0,65.36
26989,Chlamydia,274.0,Maryland,2009.0,Female,15-19 years,15-19,7575.0,196289.0,3859.11
26990,Chlamydia,274.0,Maryland,2009.0,Female,20-24 years,20-24,6564.0,188049.0,3490.58
26991,Chlamydia,274.0,Maryland,2009.0,Female,25-29 years,25-29,2363.0,195382.0,1209.43
26992,Chlamydia,274.0,Maryland,2009.0,Female,30-34 years,30-34,1005.0,183900.0,546.49
26993,Chlamydia,274.0,Maryland,2009.0,Female,35-39 years,35-39,423.0,195626.0,216.23
26994,Chlamydia,274.0,Maryland,2009.0,Female,40+ years,40+,440.0,1430231.0,30.76
26995,Chlamydia,274.0,Maryland,2009.0,Female,Unknown,99,55.0,,
26996,Chlamydia,274.0,Maryland,2010.0,Female,0-14 years,0-14,382.0,544536.0,70.15
26997,Chlamydia,274.0,Maryland,2010.0,Female,15-19 years,15-19,8131.0,197992.0,4106.73
26998,Chlamydia,274.0,Maryland,2010.0,Female,20-24 years,20-24,6913.0,193775.0,3567.54
26999,Chlamydia,274.0,Maryland,2010.0,Female,25-29 years,25-29,2487.0,199325.0,1247.71
27000,Chlamydia,274.0,Maryland,2010.0,Female,30-34 years,30-34,1056.0,189215.0,558.1
27001,Chlamydia,274.0,Maryland,2010.0,Female,35-39 years,35-39,444.0,195866.0,226.69
27002,Chlamydia,274.0,Maryland,2010.0,Female,40+ years,40+,374.0,1461081.0,25.6
27003,Chlamydia,274.0,Maryland,2010.0,Female,Unknown,99,40.0,,
27004,Chlamydia,274.0,Maryland,2011.0,Female,0-14 years,0-14,407.0,544496.0,74.75
27005,Chlamydia,274.0,Maryland,2011.0,Female,15-19 years,15-19,7466.0,193890.0,3850.64
27006,Chlamydia,274.0,Maryland,2011.0,Female,20-24 years,20-24,7762.0,196324.0,3953.67
27007,Chlamydia,274.0,Maryland,2011.0,Female,25-29 years,25-29,2522.0,202245.0,1247.0
27008,Chlamydia,274.0,Maryland,2011.0,Female,30-34 years,30-34,974.0,195354.0,498.58
27009,Chlamydia,274.0,Maryland,2011.0,Female,35-39 years,35-39,393.0,188810.0,208.15
27010,Chlamydia,274.0,Maryland,2011.0,Female,40+ years,40+,442.0,1486596.0,29.73
27011,Chlamydia,274.0,Maryland,2011.0,Female,Unknown,99,38.0,,
27012,Chlamydia,274.0,Maryland,2012.0,Female,0-14 years,0-14,362.0,544281.0,66.51
27013,Chlamydia,274.0,Maryland,2012.0,Female,15-19 years,15-19,6815.0,193764.0,3517.17
27014,Chlamydia,274.0,Maryland,2012.0,Female,20-24 years,20-24,7487.0,197454.0,3791.77
27015,Chlamydia,274.0,Maryland,2012.0,Female,25-29 years,25-29,2681.0,205418.0,1305.14
27016,Chlamydia,274.0,Maryland,2012.0,Female,30-34 years,30-34,994.0,200929.0,494.7
27017,Chlamydia,274.0,Maryland,2012.0,Female,35-39 years,35-39,438.0,186881.0,234.37
27018,Chlamydia,274.0,Maryland,2012.0,Female,40+ years,40+,467.0,1505433.0,31.02
27019,Chlamydia,274.0,Maryland,2012.0,Female,Unknown,99,51.0,,
27020,Chlamydia,274.0,Maryland,2013.0,Female,0-14 years,0-14,316.0,546378.0,57.84
27021,Chlamydia,274.0,Maryland,2013.0,Female,15-19 years,15-19,6259.0,190492.0,3285.7
27022,Chlamydia,274.0,Maryland,2013.0,Female,20-24 years,20-24,7608.0,197151.0,3858.97
27023,Chlamydia,274.0,Maryland,2013.0,Female,25-29 years,25-29,2803.0,207343.0,1351.87
27024,Chlamydia,274.0,Maryland,2013.0,Female,30-34 years,30-34,1131.0,205152.0,551.3
27025,Chlamydia,274.0,Maryland,2013.0,Female,35-39 years,35-39,440.0,188304.0,233.66
27026,Chlamydia,274.0,Maryland,2013.0,Female,40+ years,40+,469.0,1519232.0,30.87
27027,Chlamydia,274.0,Maryland,2013.0,Female,Unknown,99,23.0,,
27028,Chlamydia,274.0,Maryland,2014.0,Female,0-14 years,0-14,278.0,546378.0,50.88
27029,Chlamydia,274.0,Maryland,2014.0,Female,15-19 years,15-19,6036.0,190492.0,3168.64
27030,Chlamydia,274.0,Maryland,2014.0,Female,20-24 years,20-24,7638.0,197151.0,3874.19
27031,Chlamydia,274.0,Maryland,2014.0,Female,25-29 years,25-29,2975.0,207343.0,1434.82
27032,Chlamydia,274.0,Maryland,2014.0,Female,30-34 years,30-34,1157.0,205152.0,563.97
27033,Chlamydia,274.0,Maryland,2014.0,Female,35-39 years,35-39,553.0,188304.0,293.67
27034,Chlamydia,274.0,Maryland,2014.0,Female,40+ years,40+,499.0,1519232.0,32.85
27035,Chlamydia,274.0,Maryland,2014.0,Female,Unknown,99,26.0,,
27036,Chlamydia,274.0,Massachusetts,1996.0,Female,0-14 years,0-14,121.0,606410.0,19.95
27037,Chlamydia,274.0,Massachusetts,1996.0,Female,15-19 years,15-19,2153.0,185376.0,1161.42
27038,Chlamydia,274.0,Massachusetts,1996.0,Female,20-24 years,20-24,1951.0,199596.0,977.47
27039,Chlamydia,274.0,Massachusetts,1996.0,Female,25-29 years,25-29,794.0,259862.0,305.55
27040,Chlamydia,274.0,Massachusetts,1996.0,Female,30-34 years,30-34,328.0,269956.0,121.5
27041,Chlamydia,274.0,Massachusetts,1996.0,Female,35-39 years,35-39,175.0,269021.0,65.05
27042,Chlamydia,274.0,Massachusetts,1996.0,Female,40+ years,40+,122.0,1416228.0,8.61
27043,Chlamydia,274.0,Massachusetts,1996.0,Female,Unknown,99,104.0,,
27044,Chlamydia,274.0,Massachusetts,1997.0,Female,0-14 years,0-14,142.0,608302.0,23.34
27045,Chlamydia,274.0,Massachusetts,1997.0,Female,15-19 years,15-19,2292.0,191172.0,1198.92
27046,Chlamydia,274.0,Massachusetts,1997.0,Female,20-24 years,20-24,1980.0,194357.0,1018.74
27047,Chlamydia,274.0,Massachusetts,1997.0,Female,25-29 years,25-29,831.0,255575.0,325.15
27048,Chlamydia,274.0,Massachusetts,1997.0,Female,30-34 years,30-34,328.0,264613.0,123.95
27049,Chlamydia,274.0,Massachusetts,1997.0,Female,35-39 years,35-39,164.0,272124.0,60.27
27050,Chlamydia,274.0,Massachusetts,1997.0,Female,40+ years,40+,132.0,1443771.0,9.14
27051,Chlamydia,274.0,Massachusetts,1997.0,Female,Unknown,99,124.0,,
27052,Chlamydia,274.0,Massachusetts,1998.0,Female,0-14 years,0-14,108.0,612755.0,17.63
27053,Chlamydia,274.0,Massachusetts,1998.0,Female,15-19 years,15-19,2528.0,197255.0,1281.59
27054,Chlamydia,274.0,Massachusetts,1998.0,Female,20-24 years,20-24,2335.0,195931.0,1191.75
27055,Chlamydia,274.0,Massachusetts,1998.0,Female,25-29 years,25-29,964.0,244663.0,394.01
27056,Chlamydia,274.0,Massachusetts,1998.0,Female,30-34 years,30-34,388.0,258610.0,150.03
27057,Chlamydia,274.0,Massachusetts,1998.0,Female,35-39 years,35-39,186.0,273244.0,68.07
27058,Chlamydia,274.0,Massachusetts,1998.0,Female,40+ years,40+,176.0,1470941.0,11.97
27059,Chlamydia,274.0,Massachusetts,1998.0,Female,Unknown,99,127.0,,
27060,Chlamydia,274.0,Massachusetts,1999.0,Female,0-14 years,0-14,106.0,613384.0,17.28
27061,Chlamydia,274.0,Massachusetts,1999.0,Female,15-19 years,15-19,2620.0,201583.0,1299.71
27062,Chlamydia,274.0,Massachusetts,1999.0,Female,20-24 years,20-24,2490.0,201039.0,1238.57
27063,Chlamydia,274.0,Massachusetts,1999.0,Female,25-29 years,25-29,1044.0,231390.0,451.19
27064,Chlamydia,274.0,Massachusetts,1999.0,Female,30-34 years,30-34,434.0,253627.0,171.12
27065,Chlamydia,274.0,Massachusetts,1999.0,Female,35-39 years,35-39,182.0,274621.0,66.27
27066,Chlamydia,274.0,Massachusetts,1999.0,Female,40+ years,40+,131.0,1499186.0,8.74
27067,Chlamydia,274.0,Massachusetts,1999.0,Female,Unknown,99,70.0,,
27068,Chlamydia,274.0,Massachusetts,2000.0,Female,0-14 years,0-14,113.0,599305.0,18.86
27069,Chlamydia,274.0,Massachusetts,2000.0,Female,15-19 years,15-19,2762.0,203508.0,1357.19
27070,Chlamydia,274.0,Massachusetts,2000.0,Female,20-24 years,20-24,2895.0,209134.0,1384.28
27071,Chlamydia,274.0,Massachusetts,2000.0,Female,25-29 years,25-29,1118.0,220626.0,506.74
27072,Chlamydia,274.0,Massachusetts,2000.0,Female,30-34 years,30-34,453.0,252469.0,179.43
27073,Chlamydia,274.0,Massachusetts,2000.0,Female,35-39 years,35-39,196.0,275514.0,71.14
27074,Chlamydia,274.0,Massachusetts,2000.0,Female,40+ years,40+,152.0,1536415.0,9.89
27075,Chlamydia,274.0,Massachusetts,2000.0,Female,Unknown,99,69.0,,
27076,Chlamydia,274.0,Massachusetts,2001.0,Female,0-14 years,0-14,155.0,599873.0,25.84
27077,Chlamydia,274.0,Massachusetts,2001.0,Female,15-19 years,15-19,2989.0,199876.0,1495.43
27078,Chlamydia,274.0,Massachusetts,2001.0,Female,20-24 years,20-24,2850.0,215496.0,1322.53
27079,Chlamydia,274.0,Massachusetts,2001.0,Female,25-29 years,25-29,1105.0,215103.0,513.71
27080,Chlamydia,274.0,Massachusetts,2001.0,Female,30-34 years,30-34,432.0,250423.0,172.51
27081,Chlamydia,274.0,Massachusetts,2001.0,Female,35-39 years,35-39,190.0,272443.0,69.74
27082,Chlamydia,274.0,Massachusetts,2001.0,Female,40+ years,40+,166.0,1560971.0,10.63
27083,Chlamydia,274.0,Massachusetts,2001.0,Female,Unknown,99,10.0,,
27084,Chlamydia,274.0,Massachusetts,2002.0,Female,0-14 years,0-14,229.0,593621.0,38.58
27085,Chlamydia,274.0,Massachusetts,2002.0,Female,15-19 years,15-19,3034.0,199188.0,1523.18
27086,Chlamydia,274.0,Massachusetts,2002.0,Female,20-24 years,20-24,2915.0,221032.0,1318.81
27087,Chlamydia,274.0,Massachusetts,2002.0,Female,25-29 years,25-29,1124.0,213006.0,527.68
27088,Chlamydia,274.0,Massachusetts,2002.0,Female,30-34 years,30-34,473.0,247814.0,190.87
27089,Chlamydia,274.0,Massachusetts,2002.0,Female,35-39 years,35-39,204.0,268081.0,76.1
27090,Chlamydia,274.0,Massachusetts,2002.0,Female,40+ years,40+,173.0,1582684.0,10.93
27091,Chlamydia,274.0,Massachusetts,2002.0,Female,Unknown,99,25.0,,
27092,Chlamydia,274.0,Massachusetts,2003.0,Female,0-14 years,0-14,180.0,602553.0,29.87
27093,Chlamydia,274.0,Massachusetts,2003.0,Female,15-19 years,15-19,3086.0,202185.0,1526.32
27094,Chlamydia,274.0,Massachusetts,2003.0,Female,20-24 years,20-24,3068.0,217980.0,1407.47
27095,Chlamydia,274.0,Massachusetts,2003.0,Female,25-29 years,25-29,1140.0,211522.0,538.95
27096,Chlamydia,274.0,Massachusetts,2003.0,Female,30-34 years,30-34,493.0,239393.0,205.94
27097,Chlamydia,274.0,Massachusetts,2003.0,Female,35-39 years,35-39,230.0,259945.0,88.48
27098,Chlamydia,274.0,Massachusetts,2003.0,Female,40+ years,40+,169.0,1589366.0,10.63
27099,Chlamydia,274.0,Massachusetts,2003.0,Female,Unknown,99,63.0,,
27100,Chlamydia,274.0,Massachusetts,2004.0,Female,0-14 years,0-14,194.0,590623.0,32.85
27101,Chlamydia,274.0,Massachusetts,2004.0,Female,15-19 years,15-19,3535.0,204745.0,1726.54
27102,Chlamydia,274.0,Massachusetts,2004.0,Female,20-24 years,20-24,3589.0,215365.0,1666.47
27103,Chlamydia,274.0,Massachusetts,2004.0,Female,25-29 years,25-29,1374.0,214224.0,641.38
27104,Chlamydia,274.0,Massachusetts,2004.0,Female,30-34 years,30-34,581.0,232197.0,250.22
27105,Chlamydia,274.0,Massachusetts,2004.0,Female,35-39 years,35-39,250.0,252238.0,99.11
27106,Chlamydia,274.0,Massachusetts,2004.0,Female,40+ years,40+,224.0,1600768.0,13.99
27107,Chlamydia,274.0,Massachusetts,2004.0,Female,Unknown,99,34.0,,
27108,Chlamydia,274.0,Massachusetts,2005.0,Female,0-14 years,0-14,170.0,584837.0,29.07
27109,Chlamydia,274.0,Massachusetts,2005.0,Female,15-19 years,15-19,3783.0,207798.0,1820.52
27110,Chlamydia,274.0,Massachusetts,2005.0,Female,20-24 years,20-24,3951.0,210462.0,1877.3
27111,Chlamydia,274.0,Massachusetts,2005.0,Female,25-29 years,25-29,1512.0,217087.0,696.5
27112,Chlamydia,274.0,Massachusetts,2005.0,Female,30-34 years,30-34,637.0,222704.0,286.03
27113,Chlamydia,274.0,Massachusetts,2005.0,Female,35-39 years,35-39,273.0,246377.0,110.81
27114,Chlamydia,274.0,Massachusetts,2005.0,Female,40+ years,40+,220.0,1608458.0,13.68
27115,Chlamydia,274.0,Massachusetts,2005.0,Female,Unknown,99,41.0,,
27116,Chlamydia,274.0,Massachusetts,2006.0,Female,0-14 years,0-14,189.0,580044.0,32.58
27117,Chlamydia,274.0,Massachusetts,2006.0,Female,15-19 years,15-19,4019.0,221338.0,1815.77
27118,Chlamydia,274.0,Massachusetts,2006.0,Female,20-24 years,20-24,4194.0,225199.0,1862.35
27119,Chlamydia,274.0,Massachusetts,2006.0,Female,25-29 years,25-29,1568.0,207128.0,757.02
27120,Chlamydia,274.0,Massachusetts,2006.0,Female,30-34 years,30-34,622.0,207614.0,299.59
27121,Chlamydia,274.0,Massachusetts,2006.0,Female,35-39 years,35-39,304.0,240320.0,126.5
27122,Chlamydia,274.0,Massachusetts,2006.0,Female,40+ years,40+,221.0,1638345.0,13.49
27123,Chlamydia,274.0,Massachusetts,2006.0,Female,Unknown,99,58.0,,
27124,Chlamydia,274.0,Massachusetts,2007.0,Female,0-14 years,0-14,111.0,571108.0,19.44
27125,Chlamydia,274.0,Massachusetts,2007.0,Female,15-19 years,15-19,4003.0,224406.0,1783.82
27126,Chlamydia,274.0,Massachusetts,2007.0,Female,20-24 years,20-24,4365.0,227906.0,1915.26
27127,Chlamydia,274.0,Massachusetts,2007.0,Female,25-29 years,25-29,1792.0,207846.0,862.18
27128,Chlamydia,274.0,Massachusetts,2007.0,Female,30-34 years,30-34,681.0,202960.0,335.53
27129,Chlamydia,274.0,Massachusetts,2007.0,Female,35-39 years,35-39,351.0,235610.0,148.97
27130,Chlamydia,274.0,Massachusetts,2007.0,Female,40+ years,40+,275.0,1653426.0,16.63
27131,Chlamydia,274.0,Massachusetts,2007.0,Female,Unknown,99,93.0,,
27132,Chlamydia,274.0,Massachusetts,2008.0,Female,0-14 years,0-14,141.0,571385.0,24.68
27133,Chlamydia,274.0,Massachusetts,2008.0,Female,15-19 years,15-19,4259.0,228275.0,1865.73
27134,Chlamydia,274.0,Massachusetts,2008.0,Female,20-24 years,20-24,4839.0,234290.0,2065.39
27135,Chlamydia,274.0,Massachusetts,2008.0,Female,25-29 years,25-29,1894.0,212131.0,892.85
27136,Chlamydia,274.0,Massachusetts,2008.0,Female,30-34 years,30-34,729.0,201193.0,362.34
27137,Chlamydia,274.0,Massachusetts,2008.0,Female,35-39 years,35-39,351.0,228610.0,153.54
27138,Chlamydia,274.0,Massachusetts,2008.0,Female,40+ years,40+,351.0,1668907.0,21.03
27139,Chlamydia,274.0,Massachusetts,2008.0,Female,Unknown,99,82.0,,
27140,Chlamydia,274.0,Massachusetts,2009.0,Female,0-14 years,0-14,135.0,575880.0,23.44
27141,Chlamydia,274.0,Massachusetts,2009.0,Female,15-19 years,15-19,4522.0,229058.0,1974.17
27142,Chlamydia,274.0,Massachusetts,2009.0,Female,20-24 years,20-24,5485.0,230539.0,2379.21
27143,Chlamydia,274.0,Massachusetts,2009.0,Female,25-29 years,25-29,2051.0,216562.0,947.07
27144,Chlamydia,274.0,Massachusetts,2009.0,Female,30-34 years,30-34,807.0,208118.0,387.76
27145,Chlamydia,274.0,Massachusetts,2009.0,Female,35-39 years,35-39,320.0,223718.0,143.04
27146,Chlamydia,274.0,Massachusetts,2009.0,Female,40+ years,40+,392.0,1704729.0,22.99
27147,Chlamydia,274.0,Massachusetts,2009.0,Female,Unknown,99,74.0,,
27148,Chlamydia,274.0,Massachusetts,2010.0,Female,0-14 years,0-14,125.0,566816.0,22.05
27149,Chlamydia,274.0,Massachusetts,2010.0,Female,15-19 years,15-19,4817.0,227876.0,2113.87
27150,Chlamydia,274.0,Massachusetts,2010.0,Female,20-24 years,20-24,5884.0,239412.0,2457.69
27151,Chlamydia,274.0,Massachusetts,2010.0,Female,25-29 years,25-29,2139.0,223270.0,958.03
27152,Chlamydia,274.0,Massachusetts,2010.0,Female,30-34 years,30-34,909.0,205278.0,442.81
27153,Chlamydia,274.0,Massachusetts,2010.0,Female,35-39 years,35-39,415.0,214438.0,193.53
27154,Chlamydia,274.0,Massachusetts,2010.0,Female,40+ years,40+,412.0,1703911.0,24.18
27155,Chlamydia,274.0,Massachusetts,2010.0,Female,Unknown,99,52.0,,
27156,Chlamydia,274.0,Massachusetts,2011.0,Female,0-14 years,0-14,99.0,562633.0,17.6
27157,Chlamydia,274.0,Massachusetts,2011.0,Female,15-19 years,15-19,4805.0,226538.0,2121.06
27158,Chlamydia,274.0,Massachusetts,2011.0,Female,20-24 years,20-24,6636.0,238375.0,2783.85
27159,Chlamydia,274.0,Massachusetts,2011.0,Female,25-29 years,25-29,2357.0,228049.0,1033.55
27160,Chlamydia,274.0,Massachusetts,2011.0,Female,30-34 years,30-34,956.0,210768.0,453.58
27161,Chlamydia,274.0,Massachusetts,2011.0,Female,35-39 years,35-39,402.0,205481.0,195.64
27162,Chlamydia,274.0,Massachusetts,2011.0,Female,40+ years,40+,469.0,1726151.0,27.17
27163,Chlamydia,274.0,Massachusetts,2011.0,Female,Unknown,99,20.0,,
27164,Chlamydia,274.0,Massachusetts,2012.0,Female,0-14 years,0-14,105.0,561801.0,18.69
27165,Chlamydia,274.0,Massachusetts,2012.0,Female,15-19 years,15-19,4641.0,229111.0,2025.66
27166,Chlamydia,274.0,Massachusetts,2012.0,Female,20-24 years,20-24,7087.0,237088.0,2989.19
27167,Chlamydia,274.0,Massachusetts,2012.0,Female,25-29 years,25-29,2514.0,234332.0,1072.84
27168,Chlamydia,274.0,Massachusetts,2012.0,Female,30-34 years,30-34,1014.0,216089.0,469.25
27169,Chlamydia,274.0,Massachusetts,2012.0,Female,35-39 years,35-39,456.0,202812.0,224.84
27170,Chlamydia,274.0,Massachusetts,2012.0,Female,40+ years,40+,482.0,1744538.0,27.63
27171,Chlamydia,274.0,Massachusetts,2012.0,Female,Unknown,99,20.0,,
27172,Chlamydia,274.0,Massachusetts,2013.0,Female,0-14 years,0-14,105.0,559531.0,18.77
27173,Chlamydia,274.0,Massachusetts,2013.0,Female,15-19 years,15-19,3967.0,226727.0,1749.68
27174,Chlamydia,274.0,Massachusetts,2013.0,Female,20-24 years,20-24,7038.0,241252.0,2917.28
27175,Chlamydia,274.0,Massachusetts,2013.0,Female,25-29 years,25-29,2655.0,238505.0,1113.18
27176,Chlamydia,274.0,Massachusetts,2013.0,Female,30-34 years,30-34,1075.0,221759.0,484.76
27177,Chlamydia,274.0,Massachusetts,2013.0,Female,35-39 years,35-39,454.0,202620.0,224.06
27178,Chlamydia,274.0,Massachusetts,2013.0,Female,40+ years,40+,542.0,1757614.0,30.84
27179,Chlamydia,274.0,Massachusetts,2013.0,Female,Unknown,99,15.0,,
27180,Chlamydia,274.0,Massachusetts,2014.0,Female,0-14 years,0-14,86.0,559531.0,15.37
27181,Chlamydia,274.0,Massachusetts,2014.0,Female,15-19 years,15-19,3599.0,226727.0,1587.37
27182,Chlamydia,274.0,Massachusetts,2014.0,Female,20-24 years,20-24,5910.0,241252.0,2449.72
27183,Chlamydia,274.0,Massachusetts,2014.0,Female,25-29 years,25-29,2486.0,238505.0,1042.33
27184,Chlamydia,274.0,Massachusetts,2014.0,Female,30-34 years,30-34,971.0,221759.0,437.86
27185,Chlamydia,274.0,Massachusetts,2014.0,Female,35-39 years,35-39,436.0,202620.0,215.18
27186,Chlamydia,274.0,Massachusetts,2014.0,Female,40+ years,40+,485.0,1757614.0,27.59
27187,Chlamydia,274.0,Massachusetts,2014.0,Female,Unknown,99,27.0,,
27188,Chlamydia,274.0,Michigan,1996.0,Female,0-14 years,0-14,379.0,1044646.0,36.28
27189,Chlamydia,274.0,Michigan,1996.0,Female,15-19 years,15-19,6820.0,342511.0,1991.18
27190,Chlamydia,274.0,Michigan,1996.0,Female,20-24 years,20-24,5579.0,322729.0,1728.69
27191,Chlamydia,274.0,Michigan,1996.0,Female,25-29 years,25-29,2007.0,350059.0,573.33
27192,Chlamydia,274.0,Michigan,1996.0,Female,30-34 years,30-34,734.0,382740.0,191.78
27193,Chlamydia,274.0,Michigan,1996.0,Female,35-39 years,35-39,440.0,416506.0,105.64
27194,Chlamydia,274.0,Michigan,1996.0,Female,40+ years,40+,468.0,2131181.0,21.96
27195,Chlamydia,274.0,Michigan,1996.0,Female,Unknown,99,510.0,,
27196,Chlamydia,274.0,Michigan,1997.0,Female,0-14 years,0-14,550.0,1047831.0,52.49
27197,Chlamydia,274.0,Michigan,1997.0,Female,15-19 years,15-19,8139.0,347519.0,2342.03
27198,Chlamydia,274.0,Michigan,1997.0,Female,20-24 years,20-24,5757.0,316972.0,1816.25
27199,Chlamydia,274.0,Michigan,1997.0,Female,25-29 years,25-29,2054.0,347642.0,590.84
27200,Chlamydia,274.0,Michigan,1997.0,Female,30-34 years,30-34,675.0,371638.0,181.63
27201,Chlamydia,274.0,Michigan,1997.0,Female,35-39 years,35-39,309.0,412211.0,74.96
27202,Chlamydia,274.0,Michigan,1997.0,Female,40+ years,40+,295.0,2167939.0,13.61
27203,Chlamydia,274.0,Michigan,1997.0,Female,Unknown,99,510.0,,
27204,Chlamydia,274.0,Michigan,1998.0,Female,0-14 years,0-14,599.0,1050263.0,57.03
27205,Chlamydia,274.0,Michigan,1998.0,Female,15-19 years,15-19,8267.0,350958.0,2355.55
27206,Chlamydia,274.0,Michigan,1998.0,Female,20-24 years,20-24,5970.0,314987.0,1895.32
27207,Chlamydia,274.0,Michigan,1998.0,Female,25-29 years,25-29,2190.0,342146.0,640.08
27208,Chlamydia,274.0,Michigan,1998.0,Female,30-34 years,30-34,735.0,361479.0,203.33
27209,Chlamydia,274.0,Michigan,1998.0,Female,35-39 years,35-39,302.0,405991.0,74.39
27210,Chlamydia,274.0,Michigan,1998.0,Female,40+ years,40+,252.0,2202235.0,11.44
27211,Chlamydia,274.0,Michigan,1998.0,Female,Unknown,99,454.0,,
27212,Chlamydia,274.0,Michigan,1999.0,Female,0-14 years,0-14,546.0,1053798.0,51.81
27213,Chlamydia,274.0,Michigan,1999.0,Female,15-19 years,15-19,8073.0,351020.0,2299.87
27214,Chlamydia,274.0,Michigan,1999.0,Female,20-24 years,20-24,6216.0,316615.0,1963.27
27215,Chlamydia,274.0,Michigan,1999.0,Female,25-29 years,25-29,2274.0,334124.0,680.59
27216,Chlamydia,274.0,Michigan,1999.0,Female,30-34 years,30-34,790.0,354483.0,222.86
27217,Chlamydia,274.0,Michigan,1999.0,Female,35-39 years,35-39,369.0,400760.0,92.08
27218,Chlamydia,274.0,Michigan,1999.0,Female,40+ years,40+,287.0,2236970.0,12.83
27219,Chlamydia,274.0,Michigan,1999.0,Female,Unknown,99,314.0,,
27220,Chlamydia,274.0,Michigan,2000.0,Female,0-14 years,0-14,569.0,1045609.0,54.42
27221,Chlamydia,274.0,Michigan,2000.0,Female,15-19 years,15-19,8627.0,350542.0,2461.05
27222,Chlamydia,274.0,Michigan,2000.0,Female,20-24 years,20-24,7139.0,323202.0,2208.84
27223,Chlamydia,274.0,Michigan,2000.0,Female,25-29 years,25-29,2541.0,324255.0,783.64
27224,Chlamydia,274.0,Michigan,2000.0,Female,30-34 years,30-34,949.0,355204.0,267.17
27225,Chlamydia,274.0,Michigan,2000.0,Female,35-39 years,35-39,348.0,394834.0,88.14
27226,Chlamydia,274.0,Michigan,2000.0,Female,40+ years,40+,282.0,2280038.0,12.37
27227,Chlamydia,274.0,Michigan,2000.0,Female,Unknown,99,450.0,,
27228,Chlamydia,274.0,Michigan,2001.0,Female,0-14 years,0-14,616.0,1042327.0,59.1
27229,Chlamydia,274.0,Michigan,2001.0,Female,15-19 years,15-19,10067.0,350911.0,2868.82
27230,Chlamydia,274.0,Michigan,2001.0,Female,20-24 years,20-24,8654.0,332658.0,2601.47
27231,Chlamydia,274.0,Michigan,2001.0,Female,25-29 years,25-29,2971.0,313169.0,948.69
27232,Chlamydia,274.0,Michigan,2001.0,Female,30-34 years,30-34,1190.0,356348.0,333.94
27233,Chlamydia,274.0,Michigan,2001.0,Female,35-39 years,35-39,418.0,386682.0,108.1
27234,Chlamydia,274.0,Michigan,2001.0,Female,40+ years,40+,342.0,2314382.0,14.78
27235,Chlamydia,274.0,Michigan,2001.0,Female,Unknown,99,292.0,,
27236,Chlamydia,274.0,Michigan,2002.0,Female,0-14 years,0-14,633.0,1038844.0,60.93
27237,Chlamydia,274.0,Michigan,2002.0,Female,15-19 years,15-19,10305.0,352342.0,2924.72
27238,Chlamydia,274.0,Michigan,2002.0,Female,20-24 years,20-24,8843.0,340473.0,2597.27
27239,Chlamydia,274.0,Michigan,2002.0,Female,25-29 years,25-29,3055.0,306114.0,997.99
27240,Chlamydia,274.0,Michigan,2002.0,Female,30-34 years,30-34,1240.0,355248.0,349.05
27241,Chlamydia,274.0,Michigan,2002.0,Female,35-39 years,35-39,467.0,377997.0,123.55
27242,Chlamydia,274.0,Michigan,2002.0,Female,40+ years,40+,357.0,2345205.0,15.22
27243,Chlamydia,274.0,Michigan,2002.0,Female,Unknown,99,229.0,,
27244,Chlamydia,274.0,Michigan,2003.0,Female,0-14 years,0-14,619.0,1023254.0,60.49
27245,Chlamydia,274.0,Michigan,2003.0,Female,15-19 years,15-19,10675.0,354931.0,3007.63
27246,Chlamydia,274.0,Michigan,2003.0,Female,20-24 years,20-24,8827.0,347113.0,2542.98
27247,Chlamydia,274.0,Michigan,2003.0,Female,25-29 years,25-29,3273.0,306017.0,1069.55
27248,Chlamydia,274.0,Michigan,2003.0,Female,30-34 years,30-34,1349.0,345971.0,389.92
27249,Chlamydia,274.0,Michigan,2003.0,Female,35-39 years,35-39,513.0,367735.0,139.5
27250,Chlamydia,274.0,Michigan,2003.0,Female,40+ years,40+,432.0,2383153.0,18.13
27251,Chlamydia,274.0,Michigan,2003.0,Female,Unknown,99,215.0,,
27252,Chlamydia,274.0,Michigan,2004.0,Female,0-14 years,0-14,746.0,1018658.0,73.23
27253,Chlamydia,274.0,Michigan,2004.0,Female,15-19 years,15-19,13283.0,358671.0,3703.39
27254,Chlamydia,274.0,Michigan,2004.0,Female,20-24 years,20-24,11245.0,346875.0,3241.8
27255,Chlamydia,274.0,Michigan,2004.0,Female,25-29 years,25-29,4230.0,310564.0,1362.04
27256,Chlamydia,274.0,Michigan,2004.0,Female,30-34 years,30-34,1659.0,337229.0,491.95
27257,Chlamydia,274.0,Michigan,2004.0,Female,35-39 years,35-39,652.0,358503.0,181.87
27258,Chlamydia,274.0,Michigan,2004.0,Female,40+ years,40+,543.0,2413457.0,22.5
27259,Chlamydia,274.0,Michigan,2004.0,Female,Unknown,99,266.0,,
27260,Chlamydia,274.0,Michigan,2005.0,Female,0-14 years,0-14,665.0,1007859.0,65.98
27261,Chlamydia,274.0,Michigan,2005.0,Female,15-19 years,15-19,12396.0,363674.0,3408.55
27262,Chlamydia,274.0,Michigan,2005.0,Female,20-24 years,20-24,10343.0,344141.0,3005.45
27263,Chlamydia,274.0,Michigan,2005.0,Female,25-29 years,25-29,3726.0,316496.0,1177.27
27264,Chlamydia,274.0,Michigan,2005.0,Female,30-34 years,30-34,1603.0,324323.0,494.26
27265,Chlamydia,274.0,Michigan,2005.0,Female,35-39 years,35-39,684.0,354307.0,193.05
27266,Chlamydia,274.0,Michigan,2005.0,Female,40+ years,40+,519.0,2434343.0,21.32
27267,Chlamydia,274.0,Michigan,2005.0,Female,Unknown,99,143.0,,
27268,Chlamydia,274.0,Michigan,2006.0,Female,0-14 years,0-14,664.0,985681.0,67.36
27269,Chlamydia,274.0,Michigan,2006.0,Female,15-19 years,15-19,11746.0,364526.0,3222.27
27270,Chlamydia,274.0,Michigan,2006.0,Female,20-24 years,20-24,9344.0,338805.0,2757.93
27271,Chlamydia,274.0,Michigan,2006.0,Female,25-29 years,25-29,3595.0,318565.0,1128.5
27272,Chlamydia,274.0,Michigan,2006.0,Female,30-34 years,30-34,1389.0,310227.0,447.74
27273,Chlamydia,274.0,Michigan,2006.0,Female,35-39 years,35-39,566.0,351572.0,160.99
27274,Chlamydia,274.0,Michigan,2006.0,Female,40+ years,40+,558.0,2456575.0,22.71
27275,Chlamydia,274.0,Michigan,2006.0,Female,Unknown,99,53.0,,
27276,Chlamydia,274.0,Michigan,2007.0,Female,0-14 years,0-14,623.0,969558.0,64.26
27277,Chlamydia,274.0,Michigan,2007.0,Female,15-19 years,15-19,12333.0,365632.0,3373.06
27278,Chlamydia,274.0,Michigan,2007.0,Female,20-24 years,20-24,9461.0,336288.0,2813.36
27279,Chlamydia,274.0,Michigan,2007.0,Female,25-29 years,25-29,3524.0,324529.0,1085.88
27280,Chlamydia,274.0,Michigan,2007.0,Female,30-34 years,30-34,1289.0,298345.0,432.05
27281,Chlamydia,274.0,Michigan,2007.0,Female,35-39 years,35-39,591.0,345639.0,170.99
27282,Chlamydia,274.0,Michigan,2007.0,Female,40+ years,40+,447.0,2472101.0,18.08
27283,Chlamydia,274.0,Michigan,2007.0,Female,Unknown,99,73.0,,
27284,Chlamydia,274.0,Michigan,2008.0,Female,0-14 years,0-14,685.0,950221.0,72.09
27285,Chlamydia,274.0,Michigan,2008.0,Female,15-19 years,15-19,15398.0,361443.0,4260.15
27286,Chlamydia,274.0,Michigan,2008.0,Female,20-24 years,20-24,10950.0,334096.0,3277.5
27287,Chlamydia,274.0,Michigan,2008.0,Female,25-29 years,25-29,3858.0,320993.0,1201.9
27288,Chlamydia,274.0,Michigan,2008.0,Female,30-34 years,30-34,1537.0,293596.0,523.51
27289,Chlamydia,274.0,Michigan,2008.0,Female,35-39 years,35-39,686.0,335620.0,204.4
27290,Chlamydia,274.0,Michigan,2008.0,Female,40+ years,40+,542.0,2483524.0,21.82
27291,Chlamydia,274.0,Michigan,2008.0,Female,Unknown,99,63.0,,
27292,Chlamydia,274.0,Michigan,2009.0,Female,0-14 years,0-14,516.0,937296.0,55.05
27293,Chlamydia,274.0,Michigan,2009.0,Female,15-19 years,15-19,15411.0,358320.0,4300.9
27294,Chlamydia,274.0,Michigan,2009.0,Female,20-24 years,20-24,11280.0,340943.0,3308.47
27295,Chlamydia,274.0,Michigan,2009.0,Female,25-29 years,25-29,3781.0,306515.0,1233.54
27296,Chlamydia,274.0,Michigan,2009.0,Female,30-34 years,30-34,1495.0,287548.0,519.91
27297,Chlamydia,274.0,Michigan,2009.0,Female,35-39 years,35-39,716.0,324262.0,220.81
27298,Chlamydia,274.0,Michigan,2009.0,Female,40+ years,40+,598.0,2511989.0,23.81
27299,Chlamydia,274.0,Michigan,2009.0,Female,Unknown,99,63.0,,
27300,Chlamydia,274.0,Michigan,2010.0,Female,0-14 years,0-14,619.0,932996.0,66.35
27301,Chlamydia,274.0,Michigan,2010.0,Female,15-19 years,15-19,15825.0,360122.0,4394.34
27302,Chlamydia,274.0,Michigan,2010.0,Female,20-24 years,20-24,13014.0,330503.0,3937.63
27303,Chlamydia,274.0,Michigan,2010.0,Female,25-29 years,25-29,4048.0,294260.0,1375.65
27304,Chlamydia,274.0,Michigan,2010.0,Female,30-34 years,30-34,1547.0,289056.0,535.19
27305,Chlamydia,274.0,Michigan,2010.0,Female,35-39 years,35-39,711.0,309591.0,229.66
27306,Chlamydia,274.0,Michigan,2010.0,Female,40+ years,40+,610.0,2518998.0,24.22
27307,Chlamydia,274.0,Michigan,2010.0,Female,Unknown,99,57.0,,
27308,Chlamydia,274.0,Michigan,2011.0,Female,0-14 years,0-14,606.0,916527.0,66.12
27309,Chlamydia,274.0,Michigan,2011.0,Female,15-19 years,15-19,15301.0,347674.0,4400.96
27310,Chlamydia,274.0,Michigan,2011.0,Female,20-24 years,20-24,13592.0,344948.0,3940.3
27311,Chlamydia,274.0,Michigan,2011.0,Female,25-29 years,25-29,3948.0,291922.0,1352.42
27312,Chlamydia,274.0,Michigan,2011.0,Female,30-34 years,30-34,1574.0,293412.0,536.45
27313,Chlamydia,274.0,Michigan,2011.0,Female,35-39 years,35-39,684.0,293192.0,233.29
27314,Chlamydia,274.0,Michigan,2011.0,Female,40+ years,40+,607.0,2542567.0,23.87
27315,Chlamydia,274.0,Michigan,2011.0,Female,Unknown,99,55.0,,
27316,Chlamydia,274.0,Michigan,2012.0,Female,0-14 years,0-14,565.0,906192.0,62.35
27317,Chlamydia,274.0,Michigan,2012.0,Female,15-19 years,15-19,13353.0,339032.0,3938.57
27318,Chlamydia,274.0,Michigan,2012.0,Female,20-24 years,20-24,13636.0,352366.0,3869.84
27319,Chlamydia,274.0,Michigan,2012.0,Female,25-29 years,25-29,4061.0,292345.0,1389.11
27320,Chlamydia,274.0,Michigan,2012.0,Female,30-34 years,30-34,1557.0,296689.0,524.79
27321,Chlamydia,274.0,Michigan,2012.0,Female,35-39 years,35-39,652.0,286205.0,227.81
27322,Chlamydia,274.0,Michigan,2012.0,Female,40+ years,40+,655.0,2560020.0,25.59
27323,Chlamydia,274.0,Michigan,2012.0,Female,Unknown,99,31.0,,
27324,Chlamydia,274.0,Michigan,2013.0,Female,0-14 years,0-14,501.0,898116.0,55.78
27325,Chlamydia,274.0,Michigan,2013.0,Female,15-19 years,15-19,11716.0,334128.0,3506.44
27326,Chlamydia,274.0,Michigan,2013.0,Female,20-24 years,20-24,13048.0,357821.0,3646.52
27327,Chlamydia,274.0,Michigan,2013.0,Female,25-29 years,25-29,3998.0,294348.0,1358.26
27328,Chlamydia,274.0,Michigan,2013.0,Female,30-34 years,30-34,1481.0,297349.0,498.07
27329,Chlamydia,274.0,Michigan,2013.0,Female,35-39 years,35-39,658.0,283538.0,232.07
27330,Chlamydia,274.0,Michigan,2013.0,Female,40+ years,40+,628.0,2571038.0,24.43
27331,Chlamydia,274.0,Michigan,2013.0,Female,Unknown,99,26.0,,
27332,Chlamydia,274.0,Michigan,2014.0,Female,0-14 years,0-14,385.0,898116.0,42.87
27333,Chlamydia,274.0,Michigan,2014.0,Female,15-19 years,15-19,10633.0,334128.0,3182.31
27334,Chlamydia,274.0,Michigan,2014.0,Female,20-24 years,20-24,13128.0,357821.0,3668.87
27335,Chlamydia,274.0,Michigan,2014.0,Female,25-29 years,25-29,4299.0,294348.0,1460.52
27336,Chlamydia,274.0,Michigan,2014.0,Female,30-34 years,30-34,1606.0,297349.0,540.11
27337,Chlamydia,274.0,Michigan,2014.0,Female,35-39 years,35-39,719.0,283538.0,253.58
27338,Chlamydia,274.0,Michigan,2014.0,Female,40+ years,40+,654.0,2571038.0,25.44
27339,Chlamydia,274.0,Michigan,2014.0,Female,Unknown,99,46.0,,
27340,Chlamydia,274.0,Minnesota,1996.0,Female,0-14 years,0-14,130.0,506380.0,25.67
27341,Chlamydia,274.0,Minnesota,1996.0,Female,15-19 years,15-19,1953.0,167924.0,1163.03
27342,Chlamydia,274.0,Minnesota,1996.0,Female,20-24 years,20-24,1442.0,143914.0,1001.99
27343,Chlamydia,274.0,Minnesota,1996.0,Female,25-29 years,25-29,512.0,163105.0,313.91
27344,Chlamydia,274.0,Minnesota,1996.0,Female,30-34 years,30-34,166.0,195793.0,84.78
27345,Chlamydia,274.0,Minnesota,1996.0,Female,35-39 years,35-39,74.0,208954.0,35.41
27346,Chlamydia,274.0,Minnesota,1996.0,Female,40+ years,40+,52.0,1002359.0,5.19
27347,Chlamydia,274.0,Minnesota,1997.0,Female,0-14 years,0-14,125.0,508371.0,24.59
27348,Chlamydia,274.0,Minnesota,1997.0,Female,15-19 years,15-19,2236.0,173973.0,1285.26
27349,Chlamydia,274.0,Minnesota,1997.0,Female,20-24 years,20-24,1738.0,145307.0,1196.09
27350,Chlamydia,274.0,Minnesota,1997.0,Female,25-29 years,25-29,618.0,161777.0,382.01
27351,Chlamydia,274.0,Minnesota,1997.0,Female,30-34 years,30-34,193.0,188233.0,102.53
27352,Chlamydia,274.0,Minnesota,1997.0,Female,35-39 years,35-39,101.0,210071.0,48.08
27353,Chlamydia,274.0,Minnesota,1997.0,Female,40+ years,40+,55.0,1024533.0,5.37
27354,Chlamydia,274.0,Minnesota,1998.0,Female,0-14 years,0-14,143.0,512343.0,27.91
27355,Chlamydia,274.0,Minnesota,1998.0,Female,15-19 years,15-19,2262.0,178893.0,1264.44
27356,Chlamydia,274.0,Minnesota,1998.0,Female,20-24 years,20-24,1724.0,148560.0,1160.47
27357,Chlamydia,274.0,Minnesota,1998.0,Female,25-29 years,25-29,586.0,160060.0,366.11
27358,Chlamydia,274.0,Minnesota,1998.0,Female,30-34 years,30-34,233.0,180658.0,128.97
27359,Chlamydia,274.0,Minnesota,1998.0,Female,35-39 years,35-39,110.0,209099.0,52.61
27360,Chlamydia,274.0,Minnesota,1998.0,Female,40+ years,40+,61.0,1046401.0,5.83
27361,Chlamydia,274.0,Minnesota,1999.0,Female,0-14 years,0-14,182.0,515413.0,35.31
27362,Chlamydia,274.0,Minnesota,1999.0,Female,15-19 years,15-19,2377.0,181500.0,1309.64
27363,Chlamydia,274.0,Minnesota,1999.0,Female,20-24 years,20-24,1848.0,154109.0,1199.15
27364,Chlamydia,274.0,Minnesota,1999.0,Female,25-29 years,25-29,666.0,158344.0,420.6
27365,Chlamydia,274.0,Minnesota,1999.0,Female,30-34 years,30-34,229.0,175948.0,130.15
27366,Chlamydia,274.0,Minnesota,1999.0,Female,35-39 years,35-39,94.0,207444.0,45.31
27367,Chlamydia,274.0,Minnesota,1999.0,Female,40+ years,40+,73.0,1070173.0,6.82
27368,Chlamydia,274.0,Minnesota,2000.0,Female,0-14 years,0-14,138.0,510166.0,27.05
27369,Chlamydia,274.0,Minnesota,2000.0,Female,15-19 years,15-19,2299.0,182859.0,1257.25
27370,Chlamydia,274.0,Minnesota,2000.0,Female,20-24 years,20-24,2145.0,160794.0,1334.01
27371,Chlamydia,274.0,Minnesota,2000.0,Female,25-29 years,25-29,753.0,157329.0,478.62
27372,Chlamydia,274.0,Minnesota,2000.0,Female,30-34 years,30-34,309.0,176129.0,175.44
27373,Chlamydia,274.0,Minnesota,2000.0,Female,35-39 years,35-39,127.0,204090.0,62.23
27374,Chlamydia,274.0,Minnesota,2000.0,Female,40+ years,40+,85.0,1099641.0,7.73
27375,Chlamydia,274.0,Minnesota,2001.0,Female,0-14 years,0-14,116.0,505540.0,22.95
27376,Chlamydia,274.0,Minnesota,2001.0,Female,15-19 years,15-19,2392.0,184689.0,1295.15
27377,Chlamydia,274.0,Minnesota,2001.0,Female,20-24 years,20-24,2199.0,167164.0,1315.47
27378,Chlamydia,274.0,Minnesota,2001.0,Female,25-29 years,25-29,799.0,154999.0,515.49
27379,Chlamydia,274.0,Minnesota,2001.0,Female,30-34 years,30-34,297.0,176619.0,168.16
27380,Chlamydia,274.0,Minnesota,2001.0,Female,35-39 years,35-39,128.0,199712.0,64.09
27381,Chlamydia,274.0,Minnesota,2001.0,Female,40+ years,40+,79.0,1126586.0,7.01
27382,Chlamydia,274.0,Minnesota,2002.0,Female,0-14 years,0-14,141.0,499599.0,28.22
27383,Chlamydia,274.0,Minnesota,2002.0,Female,15-19 years,15-19,2760.0,184726.0,1494.1
27384,Chlamydia,274.0,Minnesota,2002.0,Female,20-24 years,20-24,2848.0,174684.0,1630.37
27385,Chlamydia,274.0,Minnesota,2002.0,Female,25-29 years,25-29,990.0,155120.0,638.22
27386,Chlamydia,274.0,Minnesota,2002.0,Female,30-34 years,30-34,341.0,176186.0,193.54
27387,Chlamydia,274.0,Minnesota,2002.0,Female,35-39 years,35-39,147.0,193704.0,75.89
27388,Chlamydia,274.0,Minnesota,2002.0,Female,40+ years,40+,125.0,1148329.0,10.89
27389,Chlamydia,274.0,Minnesota,2003.0,Female,0-14 years,0-14,162.0,499107.0,32.46
27390,Chlamydia,274.0,Minnesota,2003.0,Female,15-19 years,15-19,2953.0,183820.0,1606.46
27391,Chlamydia,274.0,Minnesota,2003.0,Female,20-24 years,20-24,2982.0,180194.0,1654.88
27392,Chlamydia,274.0,Minnesota,2003.0,Female,25-29 years,25-29,1050.0,158178.0,663.81
27393,Chlamydia,274.0,Minnesota,2003.0,Female,30-34 years,30-34,417.0,173120.0,240.87
27394,Chlamydia,274.0,Minnesota,2003.0,Female,35-39 years,35-39,174.0,186825.0,93.14
27395,Chlamydia,274.0,Minnesota,2003.0,Female,40+ years,40+,128.0,1168999.0,10.95
27396,Chlamydia,274.0,Minnesota,2004.0,Female,0-14 years,0-14,113.0,495383.0,22.81
27397,Chlamydia,274.0,Minnesota,2004.0,Female,15-19 years,15-19,3103.0,184146.0,1685.08
27398,Chlamydia,274.0,Minnesota,2004.0,Female,20-24 years,20-24,3256.0,184724.0,1762.63
27399,Chlamydia,274.0,Minnesota,2004.0,Female,25-29 years,25-29,1243.0,162671.0,764.12
27400,Chlamydia,274.0,Minnesota,2004.0,Female,30-34 years,30-34,478.0,170497.0,280.36
27401,Chlamydia,274.0,Minnesota,2004.0,Female,35-39 years,35-39,177.0,183002.0,96.72
27402,Chlamydia,274.0,Minnesota,2004.0,Female,40+ years,40+,151.0,1188617.0,12.7
27403,Chlamydia,274.0,Minnesota,2005.0,Female,0-14 years,0-14,117.0,489561.0,23.9
27404,Chlamydia,274.0,Minnesota,2005.0,Female,15-19 years,15-19,3121.0,183279.0,1702.87
27405,Chlamydia,274.0,Minnesota,2005.0,Female,20-24 years,20-24,3501.0,187503.0,1867.17
27406,Chlamydia,274.0,Minnesota,2005.0,Female,25-29 years,25-29,1270.0,168011.0,755.9
27407,Chlamydia,274.0,Minnesota,2005.0,Female,30-34 years,30-34,478.0,167246.0,285.81
27408,Chlamydia,274.0,Minnesota,2005.0,Female,35-39 years,35-39,181.0,181075.0,99.96
27409,Chlamydia,274.0,Minnesota,2005.0,Female,40+ years,40+,152.0,1207732.0,12.59
27410,Chlamydia,274.0,Minnesota,2006.0,Female,0-14 years,0-14,109.0,503063.0,21.67
27411,Chlamydia,274.0,Minnesota,2006.0,Female,15-19 years,15-19,3195.0,182605.0,1749.68
27412,Chlamydia,274.0,Minnesota,2006.0,Female,20-24 years,20-24,3642.0,183278.0,1987.15
27413,Chlamydia,274.0,Minnesota,2006.0,Female,25-29 years,25-29,1433.0,168940.0,848.23
27414,Chlamydia,274.0,Minnesota,2006.0,Female,30-34 years,30-34,490.0,159832.0,306.57
27415,Chlamydia,274.0,Minnesota,2006.0,Female,35-39 years,35-39,208.0,176831.0,117.63
27416,Chlamydia,274.0,Minnesota,2006.0,Female,40+ years,40+,166.0,1223683.0,13.57
27417,Chlamydia,274.0,Minnesota,2007.0,Female,0-14 years,0-14,130.0,504997.0,25.74
27418,Chlamydia,274.0,Minnesota,2007.0,Female,15-19 years,15-19,3348.0,181890.0,1840.67
27419,Chlamydia,274.0,Minnesota,2007.0,Female,20-24 years,20-24,3748.0,177442.0,2112.24
27420,Chlamydia,274.0,Minnesota,2007.0,Female,25-29 years,25-29,1497.0,173136.0,864.64
27421,Chlamydia,274.0,Minnesota,2007.0,Female,30-34 years,30-34,552.0,159597.0,345.87
27422,Chlamydia,274.0,Minnesota,2007.0,Female,35-39 years,35-39,232.0,174293.0,133.11
27423,Chlamydia,274.0,Minnesota,2007.0,Female,40+ years,40+,174.0,1238008.0,14.05
27424,Chlamydia,274.0,Minnesota,2008.0,Female,0-14 years,0-14,134.0,505661.0,26.5
27425,Chlamydia,274.0,Minnesota,2008.0,Female,15-19 years,15-19,3578.0,179648.0,1991.67
27426,Chlamydia,274.0,Minnesota,2008.0,Female,20-24 years,20-24,3985.0,177237.0,2248.4
27427,Chlamydia,274.0,Minnesota,2008.0,Female,25-29 years,25-29,1542.0,176210.0,875.09
27428,Chlamydia,274.0,Minnesota,2008.0,Female,30-34 years,30-34,583.0,160553.0,363.12
27429,Chlamydia,274.0,Minnesota,2008.0,Female,35-39 years,35-39,258.0,170024.0,151.74
27430,Chlamydia,274.0,Minnesota,2008.0,Female,40+ years,40+,186.0,1251161.0,14.87
27431,Chlamydia,274.0,Minnesota,2009.0,Female,0-14 years,0-14,133.0,511283.0,26.01
27432,Chlamydia,274.0,Minnesota,2009.0,Female,15-19 years,15-19,3628.0,180690.0,2007.86
27433,Chlamydia,274.0,Minnesota,2009.0,Female,20-24 years,20-24,3866.0,184988.0,2089.87
27434,Chlamydia,274.0,Minnesota,2009.0,Female,25-29 years,25-29,1518.0,179618.0,845.13
27435,Chlamydia,274.0,Minnesota,2009.0,Female,30-34 years,30-34,603.0,159009.0,379.22
27436,Chlamydia,274.0,Minnesota,2009.0,Female,35-39 years,35-39,243.0,164204.0,147.99
27437,Chlamydia,274.0,Minnesota,2009.0,Female,40+ years,40+,213.0,1265852.0,16.83
27438,Chlamydia,274.0,Minnesota,2010.0,Female,0-14 years,0-14,108.0,520070.0,20.77
27439,Chlamydia,274.0,Minnesota,2010.0,Female,15-19 years,15-19,3899.0,179235.0,2175.36
27440,Chlamydia,274.0,Minnesota,2010.0,Female,20-24 years,20-24,4261.0,174926.0,2435.89
27441,Chlamydia,274.0,Minnesota,2010.0,Female,25-29 years,25-29,1631.0,185124.0,881.03
27442,Chlamydia,274.0,Minnesota,2010.0,Female,30-34 years,30-34,570.0,168351.0,338.58
27443,Chlamydia,274.0,Minnesota,2010.0,Female,35-39 years,35-39,267.0,162375.0,164.43
27444,Chlamydia,274.0,Minnesota,2010.0,Female,40+ years,40+,229.0,1281712.0,17.87
27445,Chlamydia,274.0,Minnesota,2011.0,Female,0-14 years,0-14,141.0,518937.0,27.17
27446,Chlamydia,274.0,Minnesota,2011.0,Female,15-19 years,15-19,4084.0,179377.0,2276.77
27447,Chlamydia,274.0,Minnesota,2011.0,Female,20-24 years,20-24,4793.0,172457.0,2779.24
27448,Chlamydia,274.0,Minnesota,2011.0,Female,25-29 years,25-29,1685.0,184947.0,911.07
27449,Chlamydia,274.0,Minnesota,2011.0,Female,30-34 years,30-34,609.0,175431.0,347.14
27450,Chlamydia,274.0,Minnesota,2011.0,Female,35-39 years,35-39,281.0,157272.0,178.67
27451,Chlamydia,274.0,Minnesota,2011.0,Female,40+ years,40+,234.0,1301537.0,17.98
27452,Chlamydia,274.0,Minnesota,2012.0,Female,0-14 years,0-14,176.0,519307.0,33.89
27453,Chlamydia,274.0,Minnesota,2012.0,Female,15-19 years,15-19,4309.0,177697.0,2424.91
27454,Chlamydia,274.0,Minnesota,2012.0,Female,20-24 years,20-24,5062.0,174684.0,2897.8
27455,Chlamydia,274.0,Minnesota,2012.0,Female,25-29 years,25-29,1766.0,182743.0,966.38
27456,Chlamydia,274.0,Minnesota,2012.0,Female,30-34 years,30-34,707.0,181287.0,389.99
27457,Chlamydia,274.0,Minnesota,2012.0,Female,35-39 years,35-39,296.0,157309.0,188.16
27458,Chlamydia,274.0,Minnesota,2012.0,Female,40+ years,40+,252.0,1313943.0,19.18
27459,Chlamydia,274.0,Minnesota,2013.0,Female,0-14 years,0-14,121.0,521297.0,23.21
27460,Chlamydia,274.0,Minnesota,2013.0,Female,15-19 years,15-19,4104.0,175783.0,2334.7
27461,Chlamydia,274.0,Minnesota,2013.0,Female,20-24 years,20-24,5430.0,177718.0,3055.4
27462,Chlamydia,274.0,Minnesota,2013.0,Female,25-29 years,25-29,1940.0,180144.0,1076.92
27463,Chlamydia,274.0,Minnesota,2013.0,Female,30-34 years,30-34,690.0,185760.0,371.45
27464,Chlamydia,274.0,Minnesota,2013.0,Female,35-39 years,35-39,355.0,161132.0,220.32
27465,Chlamydia,274.0,Minnesota,2013.0,Female,40+ years,40+,310.0,1325247.0,23.39
27466,Chlamydia,274.0,Minnesota,2014.0,Female,0-14 years,0-14,126.0,521297.0,24.17
27467,Chlamydia,274.0,Minnesota,2014.0,Female,15-19 years,15-19,4144.0,175783.0,2357.45
27468,Chlamydia,274.0,Minnesota,2014.0,Female,20-24 years,20-24,5579.0,177718.0,3139.24
27469,Chlamydia,274.0,Minnesota,2014.0,Female,25-29 years,25-29,2105.0,180144.0,1168.51
27470,Chlamydia,274.0,Minnesota,2014.0,Female,30-34 years,30-34,867.0,185760.0,466.73
27471,Chlamydia,274.0,Minnesota,2014.0,Female,35-39 years,35-39,357.0,161132.0,221.56
27472,Chlamydia,274.0,Minnesota,2014.0,Female,40+ years,40+,306.0,1325247.0,23.09
27473,Chlamydia,274.0,Mississippi,1996.0,Female,0-14 years,0-14,211.0,308409.0,68.42
27474,Chlamydia,274.0,Mississippi,1996.0,Female,15-19 years,15-19,1757.0,114131.0,1539.46
27475,Chlamydia,274.0,Mississippi,1996.0,Female,20-24 years,20-24,1452.0,106527.0,1363.03
27476,Chlamydia,274.0,Mississippi,1996.0,Female,25-29 years,25-29,451.0,99181.0,454.72
27477,Chlamydia,274.0,Mississippi,1996.0,Female,30-34 years,30-34,161.0,99116.0,162.44
27478,Chlamydia,274.0,Mississippi,1996.0,Female,35-39 years,35-39,61.0,109216.0,55.85
27479,Chlamydia,274.0,Mississippi,1996.0,Female,40+ years,40+,44.0,589767.0,7.46
27480,Chlamydia,274.0,Mississippi,1996.0,Female,Unknown,99,1.0,,
27481,Chlamydia,274.0,Mississippi,1997.0,Female,0-14 years,0-14,463.0,310098.0,149.31
27482,Chlamydia,274.0,Mississippi,1997.0,Female,15-19 years,15-19,3772.0,115629.0,3262.16
27483,Chlamydia,274.0,Mississippi,1997.0,Female,20-24 years,20-24,3081.0,104946.0,2935.8
27484,Chlamydia,274.0,Mississippi,1997.0,Female,25-29 years,25-29,904.0,101660.0,889.24
27485,Chlamydia,274.0,Mississippi,1997.0,Female,30-34 years,30-34,325.0,96860.0,335.54
27486,Chlamydia,274.0,Mississippi,1997.0,Female,35-39 years,35-39,124.0,109323.0,113.42
27487,Chlamydia,274.0,Mississippi,1997.0,Female,40+ years,40+,127.0,601878.0,21.1
27488,Chlamydia,274.0,Mississippi,1998.0,Female,0-14 years,0-14,409.0,310345.0,131.79
27489,Chlamydia,274.0,Mississippi,1998.0,Female,15-19 years,15-19,3870.0,116438.0,3323.66
27490,Chlamydia,274.0,Mississippi,1998.0,Female,20-24 years,20-24,3309.0,105258.0,3143.7
27491,Chlamydia,274.0,Mississippi,1998.0,Female,25-29 years,25-29,1059.0,102119.0,1037.03
27492,Chlamydia,274.0,Mississippi,1998.0,Female,30-34 years,30-34,304.0,95694.0,317.68
27493,Chlamydia,274.0,Mississippi,1998.0,Female,35-39 years,35-39,132.0,109863.0,120.15
27494,Chlamydia,274.0,Mississippi,1998.0,Female,40+ years,40+,121.0,614406.0,19.69
27495,Chlamydia,274.0,Mississippi,1998.0,Female,Unknown,99,1.0,,
27496,Chlamydia,274.0,Mississippi,1999.0,Female,0-14 years,0-14,338.0,312688.0,108.09
27497,Chlamydia,274.0,Mississippi,1999.0,Female,15-19 years,15-19,4305.0,115717.0,3720.28
27498,Chlamydia,274.0,Mississippi,1999.0,Female,20-24 years,20-24,3705.0,105623.0,3507.76
27499,Chlamydia,274.0,Mississippi,1999.0,Female,25-29 years,25-29,1142.0,100566.0,1135.57
27500,Chlamydia,274.0,Mississippi,1999.0,Female,30-34 years,30-34,313.0,95532.0,327.64
27501,Chlamydia,274.0,Mississippi,1999.0,Female,35-39 years,35-39,151.0,109873.0,137.43
27502,Chlamydia,274.0,Mississippi,1999.0,Female,40+ years,40+,125.0,624582.0,20.01
27503,Chlamydia,274.0,Mississippi,2000.0,Female,0-14 years,0-14,329.0,308274.0,106.72
27504,Chlamydia,274.0,Mississippi,2000.0,Female,15-19 years,15-19,4406.0,113307.0,3888.55
27505,Chlamydia,274.0,Mississippi,2000.0,Female,20-24 years,20-24,4079.0,108328.0,3765.42
27506,Chlamydia,274.0,Mississippi,2000.0,Female,25-29 years,25-29,1211.0,98492.0,1229.54
27507,Chlamydia,274.0,Mississippi,2000.0,Female,30-34 years,30-34,382.0,97755.0,390.77
27508,Chlamydia,274.0,Mississippi,2000.0,Female,35-39 years,35-39,187.0,109243.0,171.18
27509,Chlamydia,274.0,Mississippi,2000.0,Female,40+ years,40+,220.0,637929.0,34.49
27510,Chlamydia,274.0,Mississippi,2000.0,Female,Unknown,99,191.0,,
27511,Chlamydia,274.0,Mississippi,2001.0,Female,0-14 years,0-14,302.0,310033.0,97.41
27512,Chlamydia,274.0,Mississippi,2001.0,Female,15-19 years,15-19,4086.0,109918.0,3717.32
27513,Chlamydia,274.0,Mississippi,2001.0,Female,20-24 years,20-24,3893.0,112023.0,3475.18
27514,Chlamydia,274.0,Mississippi,2001.0,Female,25-29 years,25-29,1222.0,96356.0,1268.21
27515,Chlamydia,274.0,Mississippi,2001.0,Female,30-34 years,30-34,361.0,97882.0,368.81
27516,Chlamydia,274.0,Mississippi,2001.0,Female,35-39 years,35-39,150.0,106205.0,141.24
27517,Chlamydia,274.0,Mississippi,2001.0,Female,40+ years,40+,148.0,644881.0,22.95
27518,Chlamydia,274.0,Mississippi,2001.0,Female,Unknown,99,96.0,,
27519,Chlamydia,274.0,Mississippi,2002.0,Female,0-14 years,0-14,314.0,309027.0,101.61
27520,Chlamydia,274.0,Mississippi,2002.0,Female,15-19 years,15-19,4226.0,107645.0,3925.87
27521,Chlamydia,274.0,Mississippi,2002.0,Female,20-24 years,20-24,3816.0,114875.0,3321.87
27522,Chlamydia,274.0,Mississippi,2002.0,Female,25-29 years,25-29,1199.0,96077.0,1247.96
27523,Chlamydia,274.0,Mississippi,2002.0,Female,30-34 years,30-34,355.0,98847.0,359.14
27524,Chlamydia,274.0,Mississippi,2002.0,Female,35-39 years,35-39,154.0,103388.0,148.95
27525,Chlamydia,274.0,Mississippi,2002.0,Female,40+ years,40+,134.0,653044.0,20.52
27526,Chlamydia,274.0,Mississippi,2002.0,Female,Unknown,99,76.0,,
27527,Chlamydia,274.0,Mississippi,2003.0,Female,0-14 years,0-14,291.0,309874.0,93.91
27528,Chlamydia,274.0,Mississippi,2003.0,Female,15-19 years,15-19,4201.0,105992.0,3963.51
27529,Chlamydia,274.0,Mississippi,2003.0,Female,20-24 years,20-24,3982.0,114842.0,3467.37
27530,Chlamydia,274.0,Mississippi,2003.0,Female,25-29 years,25-29,1276.0,96709.0,1319.42
27531,Chlamydia,274.0,Mississippi,2003.0,Female,30-34 years,30-34,423.0,97396.0,434.31
27532,Chlamydia,274.0,Mississippi,2003.0,Female,35-39 years,35-39,153.0,99315.0,154.06
27533,Chlamydia,274.0,Mississippi,2003.0,Female,40+ years,40+,151.0,660939.0,22.85
27534,Chlamydia,274.0,Mississippi,2003.0,Female,Unknown,99,59.0,,
27535,Chlamydia,274.0,Mississippi,2004.0,Female,0-14 years,0-14,396.0,304196.0,130.18
27536,Chlamydia,274.0,Mississippi,2004.0,Female,15-19 years,15-19,5915.0,105697.0,5596.19
27537,Chlamydia,274.0,Mississippi,2004.0,Female,20-24 years,20-24,5824.0,114812.0,5072.64
27538,Chlamydia,274.0,Mississippi,2004.0,Female,25-29 years,25-29,2033.0,100445.0,2023.99
27539,Chlamydia,274.0,Mississippi,2004.0,Female,30-34 years,30-34,490.0,97435.0,502.9
27540,Chlamydia,274.0,Mississippi,2004.0,Female,35-39 years,35-39,215.0,97813.0,219.81
27541,Chlamydia,274.0,Mississippi,2004.0,Female,40+ years,40+,194.0,673835.0,28.79
27542,Chlamydia,274.0,Mississippi,2004.0,Female,Unknown,99,30.0,,
27543,Chlamydia,274.0,Mississippi,2005.0,Female,0-14 years,0-14,422.0,302506.0,139.5
27544,Chlamydia,274.0,Mississippi,2005.0,Female,15-19 years,15-19,6544.0,105928.0,6177.78
27545,Chlamydia,274.0,Mississippi,2005.0,Female,20-24 years,20-24,6309.0,111739.0,5646.19
27546,Chlamydia,274.0,Mississippi,2005.0,Female,25-29 years,25-29,2233.0,104254.0,2141.88
27547,Chlamydia,274.0,Mississippi,2005.0,Female,30-34 years,30-34,639.0,96214.0,664.14
27548,Chlamydia,274.0,Mississippi,2005.0,Female,35-39 years,35-39,256.0,97163.0,263.48
27549,Chlamydia,274.0,Mississippi,2005.0,Female,40+ years,40+,255.0,684671.0,37.24
27550,Chlamydia,274.0,Mississippi,2005.0,Female,Unknown,99,26.0,,
27551,Chlamydia,274.0,Mississippi,2006.0,Female,0-14 years,0-14,358.0,306533.0,116.79
27552,Chlamydia,274.0,Mississippi,2006.0,Female,15-19 years,15-19,6211.0,108259.0,5737.17
27553,Chlamydia,274.0,Mississippi,2006.0,Female,20-24 years,20-24,5345.0,105388.0,5071.73
27554,Chlamydia,274.0,Mississippi,2006.0,Female,25-29 years,25-29,1989.0,100292.0,1983.21
27555,Chlamydia,274.0,Mississippi,2006.0,Female,30-34 years,30-34,562.0,92141.0,609.93
27556,Chlamydia,274.0,Mississippi,2006.0,Female,35-39 years,35-39,219.0,97008.0,225.75
27557,Chlamydia,274.0,Mississippi,2006.0,Female,40+ years,40+,160.0,691571.0,23.14
27558,Chlamydia,274.0,Mississippi,2006.0,Female,Unknown,99,9.0,,
27559,Chlamydia,274.0,Mississippi,2007.0,Female,0-14 years,0-14,408.0,310286.0,131.49
27560,Chlamydia,274.0,Mississippi,2007.0,Female,15-19 years,15-19,7072.0,108589.0,6512.63
27561,Chlamydia,274.0,Mississippi,2007.0,Female,20-24 years,20-24,5895.0,104035.0,5666.36
27562,Chlamydia,274.0,Mississippi,2007.0,Female,25-29 years,25-29,2220.0,102098.0,2174.38
27563,Chlamydia,274.0,Mississippi,2007.0,Female,30-34 years,30-34,627.0,91571.0,684.72
27564,Chlamydia,274.0,Mississippi,2007.0,Female,35-39 years,35-39,258.0,97309.0,265.13
27565,Chlamydia,274.0,Mississippi,2007.0,Female,40+ years,40+,217.0,691188.0,31.4
27566,Chlamydia,274.0,Mississippi,2007.0,Female,Unknown,99,21.0,,
27567,Chlamydia,274.0,Mississippi,2008.0,Female,0-14 years,0-14,408.0,309946.0,131.64
27568,Chlamydia,274.0,Mississippi,2008.0,Female,15-19 years,15-19,7007.0,109461.0,6401.37
27569,Chlamydia,274.0,Mississippi,2008.0,Female,20-24 years,20-24,5707.0,104346.0,5469.3
27570,Chlamydia,274.0,Mississippi,2008.0,Female,25-29 years,25-29,2039.0,102151.0,1996.06
27571,Chlamydia,274.0,Mississippi,2008.0,Female,30-34 years,30-34,640.0,92280.0,693.54
27572,Chlamydia,274.0,Mississippi,2008.0,Female,35-39 years,35-39,272.0,97509.0,278.95
27573,Chlamydia,274.0,Mississippi,2008.0,Female,40+ years,40+,235.0,699084.0,33.62
27574,Chlamydia,274.0,Mississippi,2008.0,Female,Unknown,99,15.0,,
27575,Chlamydia,274.0,Mississippi,2009.0,Female,0-14 years,0-14,430.0,311298.0,138.13
27576,Chlamydia,274.0,Mississippi,2009.0,Female,15-19 years,15-19,7776.0,108206.0,7186.29
27577,Chlamydia,274.0,Mississippi,2009.0,Female,20-24 years,20-24,6100.0,107812.0,5658.0
27578,Chlamydia,274.0,Mississippi,2009.0,Female,25-29 years,25-29,2280.0,105543.0,2160.26
27579,Chlamydia,274.0,Mississippi,2009.0,Female,30-34 years,30-34,725.0,93130.0,778.48
27580,Chlamydia,274.0,Mississippi,2009.0,Female,35-39 years,35-39,272.0,95366.0,285.22
27581,Chlamydia,274.0,Mississippi,2009.0,Female,40+ years,40+,224.0,699601.0,32.02
27582,Chlamydia,274.0,Mississippi,2009.0,Female,Unknown,99,22.0,,
27583,Chlamydia,274.0,Mississippi,2010.0,Female,0-14 years,0-14,371.0,305763.0,121.34
27584,Chlamydia,274.0,Mississippi,2010.0,Female,15-19 years,15-19,6821.0,110474.0,6174.3
27585,Chlamydia,274.0,Mississippi,2010.0,Female,20-24 years,20-24,5679.0,105461.0,5384.93
27586,Chlamydia,274.0,Mississippi,2010.0,Female,25-29 years,25-29,1925.0,100472.0,1915.96
27587,Chlamydia,274.0,Mississippi,2010.0,Female,30-34 years,30-34,681.0,95710.0,711.52
27588,Chlamydia,274.0,Mississippi,2010.0,Female,35-39 years,35-39,252.0,96004.0,262.49
27589,Chlamydia,274.0,Mississippi,2010.0,Female,40+ years,40+,215.0,712173.0,30.19
27590,Chlamydia,274.0,Mississippi,2010.0,Female,Unknown,99,14.0,,
27591,Chlamydia,274.0,Mississippi,2011.0,Female,0-14 years,0-14,329.0,304713.0,107.97
27592,Chlamydia,274.0,Mississippi,2011.0,Female,15-19 years,15-19,6433.0,106822.0,6022.17
27593,Chlamydia,274.0,Mississippi,2011.0,Female,20-24 years,20-24,5762.0,109144.0,5279.26
27594,Chlamydia,274.0,Mississippi,2011.0,Female,25-29 years,25-29,1968.0,99580.0,1976.3
27595,Chlamydia,274.0,Mississippi,2011.0,Female,30-34 years,30-34,722.0,98099.0,735.99
27596,Chlamydia,274.0,Mississippi,2011.0,Female,35-39 years,35-39,246.0,93002.0,264.51
27597,Chlamydia,274.0,Mississippi,2011.0,Female,40+ years,40+,220.0,720608.0,30.53
27598,Chlamydia,274.0,Mississippi,2011.0,Female,Unknown,99,17.0,,
27599,Chlamydia,274.0,Mississippi,2012.0,Female,0-14 years,0-14,325.0,303610.0,107.05
27600,Chlamydia,274.0,Mississippi,2012.0,Female,15-19 years,15-19,6680.0,103793.0,6435.89
27601,Chlamydia,274.0,Mississippi,2012.0,Female,20-24 years,20-24,6328.0,111422.0,5679.31
27602,Chlamydia,274.0,Mississippi,2012.0,Female,25-29 years,25-29,2190.0,98104.0,2232.32
27603,Chlamydia,274.0,Mississippi,2012.0,Female,30-34 years,30-34,754.0,99080.0,761.0
27604,Chlamydia,274.0,Mississippi,2012.0,Female,35-39 years,35-39,263.0,92507.0,284.3
27605,Chlamydia,274.0,Mississippi,2012.0,Female,40+ years,40+,226.0,727119.0,31.08
27606,Chlamydia,274.0,Mississippi,2012.0,Female,Unknown,99,5.0,,
27607,Chlamydia,274.0,Mississippi,2013.0,Female,0-14 years,0-14,209.0,300580.0,69.53
27608,Chlamydia,274.0,Mississippi,2013.0,Female,15-19 years,15-19,4446.0,101966.0,4360.28
27609,Chlamydia,274.0,Mississippi,2013.0,Female,20-24 years,20-24,5226.0,112444.0,4647.65
27610,Chlamydia,274.0,Mississippi,2013.0,Female,25-29 years,25-29,1710.0,97741.0,1749.52
27611,Chlamydia,274.0,Mississippi,2013.0,Female,30-34 years,30-34,651.0,99629.0,653.42
27612,Chlamydia,274.0,Mississippi,2013.0,Female,35-39 years,35-39,243.0,92534.0,262.61
27613,Chlamydia,274.0,Mississippi,2013.0,Female,40+ years,40+,188.0,731726.0,25.69
27614,Chlamydia,274.0,Mississippi,2013.0,Female,Unknown,99,3.0,,
27615,Chlamydia,274.0,Mississippi,2014.0,Female,0-14 years,0-14,266.0,300580.0,88.5
27616,Chlamydia,274.0,Mississippi,2014.0,Female,15-19 years,15-19,5214.0,101966.0,5113.47
27617,Chlamydia,274.0,Mississippi,2014.0,Female,20-24 years,20-24,5507.0,112444.0,4897.55
27618,Chlamydia,274.0,Mississippi,2014.0,Female,25-29 years,25-29,1883.0,97741.0,1926.52
27619,Chlamydia,274.0,Mississippi,2014.0,Female,30-34 years,30-34,678.0,99629.0,680.52
27620,Chlamydia,274.0,Mississippi,2014.0,Female,35-39 years,35-39,272.0,92534.0,293.95
27621,Chlamydia,274.0,Mississippi,2014.0,Female,40+ years,40+,180.0,731726.0,24.6
27622,Chlamydia,274.0,Mississippi,2014.0,Female,Unknown,99,8.0,,
27623,Chlamydia,274.0,Missouri,1996.0,Female,0-14 years,0-14,318.0,568812.0,55.91
27624,Chlamydia,274.0,Missouri,1996.0,Female,15-19 years,15-19,5114.0,192857.0,2651.71
27625,Chlamydia,274.0,Missouri,1996.0,Female,20-24 years,20-24,3224.0,175552.0,1836.49
27626,Chlamydia,274.0,Missouri,1996.0,Female,25-29 years,25-29,1023.0,185911.0,550.26
27627,Chlamydia,274.0,Missouri,1996.0,Female,30-34 years,30-34,428.0,211388.0,202.47
27628,Chlamydia,274.0,Missouri,1996.0,Female,35-39 years,35-39,179.0,228257.0,78.42
27629,Chlamydia,274.0,Missouri,1996.0,Female,40+ years,40+,165.0,1236905.0,13.34
27630,Chlamydia,274.0,Missouri,1996.0,Female,Unknown,99,122.0,,
27631,Chlamydia,274.0,Missouri,1997.0,Female,0-14 years,0-14,416.0,571547.0,72.78
27632,Chlamydia,274.0,Missouri,1997.0,Female,15-19 years,15-19,5129.0,197693.0,2594.43
27633,Chlamydia,274.0,Missouri,1997.0,Female,20-24 years,20-24,3523.0,175405.0,2008.49
27634,Chlamydia,274.0,Missouri,1997.0,Female,25-29 years,25-29,1036.0,187029.0,553.92
27635,Chlamydia,274.0,Missouri,1997.0,Female,30-34 years,30-34,377.0,203580.0,185.19
27636,Chlamydia,274.0,Missouri,1997.0,Female,35-39 years,35-39,158.0,229149.0,68.95
27637,Chlamydia,274.0,Missouri,1997.0,Female,40+ years,40+,110.0,1258885.0,8.74
27638,Chlamydia,274.0,Missouri,1998.0,Female,0-14 years,0-14,333.0,575398.0,57.87
27639,Chlamydia,274.0,Missouri,1998.0,Female,15-19 years,15-19,5297.0,201499.0,2628.8
27640,Chlamydia,274.0,Missouri,1998.0,Female,20-24 years,20-24,3486.0,177465.0,1964.33
27641,Chlamydia,274.0,Missouri,1998.0,Female,25-29 years,25-29,1129.0,186036.0,606.87
27642,Chlamydia,274.0,Missouri,1998.0,Female,30-34 years,30-34,374.0,195494.0,191.31
27643,Chlamydia,274.0,Missouri,1998.0,Female,35-39 years,35-39,186.0,227951.0,81.6
27644,Chlamydia,274.0,Missouri,1998.0,Female,40+ years,40+,258.0,1278777.0,20.18
27645,Chlamydia,274.0,Missouri,1999.0,Female,0-14 years,0-14,498.0,576000.0,86.46
27646,Chlamydia,274.0,Missouri,1999.0,Female,15-19 years,15-19,5180.0,202455.0,2558.59
27647,Chlamydia,274.0,Missouri,1999.0,Female,20-24 years,20-24,3795.0,181344.0,2092.71
27648,Chlamydia,274.0,Missouri,1999.0,Female,25-29 years,25-29,1190.0,184038.0,646.61
27649,Chlamydia,274.0,Missouri,1999.0,Female,30-34 years,30-34,402.0,190122.0,211.44
27650,Chlamydia,274.0,Missouri,1999.0,Female,35-39 years,35-39,202.0,226350.0,89.24
27651,Chlamydia,274.0,Missouri,1999.0,Female,40+ years,40+,167.0,1299857.0,12.85
27652,Chlamydia,274.0,Missouri,1999.0,Female,Unknown,99,81.0,,
27653,Chlamydia,274.0,Missouri,2000.0,Female,0-14 years,0-14,332.0,568105.0,58.44
27654,Chlamydia,274.0,Missouri,2000.0,Female,15-19 years,15-19,5256.0,201880.0,2603.53
27655,Chlamydia,274.0,Missouri,2000.0,Female,20-24 years,20-24,4025.0,187774.0,2143.53
27656,Chlamydia,274.0,Missouri,2000.0,Female,25-29 years,25-29,1156.0,181455.0,637.07
27657,Chlamydia,274.0,Missouri,2000.0,Female,30-34 years,30-34,389.0,190684.0,204.0
27658,Chlamydia,274.0,Missouri,2000.0,Female,35-39 years,35-39,144.0,222635.0,64.68
27659,Chlamydia,274.0,Missouri,2000.0,Female,40+ years,40+,147.0,1327379.0,11.07
27660,Chlamydia,274.0,Missouri,2000.0,Female,Unknown,99,76.0,,
27661,Chlamydia,274.0,Missouri,2001.0,Female,0-14 years,0-14,336.0,566558.0,59.31
27662,Chlamydia,274.0,Missouri,2001.0,Female,15-19 years,15-19,5200.0,200993.0,2587.15
27663,Chlamydia,274.0,Missouri,2001.0,Female,20-24 years,20-24,4223.0,194313.0,2173.3
27664,Chlamydia,274.0,Missouri,2001.0,Female,25-29 years,25-29,1229.0,177937.0,690.69
27665,Chlamydia,274.0,Missouri,2001.0,Female,30-34 years,30-34,443.0,192140.0,230.56
27666,Chlamydia,274.0,Missouri,2001.0,Female,35-39 years,35-39,180.0,215754.0,83.43
27667,Chlamydia,274.0,Missouri,2001.0,Female,40+ years,40+,144.0,1346806.0,10.69
27668,Chlamydia,274.0,Missouri,2001.0,Female,Unknown,99,99.0,,
27669,Chlamydia,274.0,Missouri,2002.0,Female,0-14 years,0-14,335.0,562025.0,59.61
27670,Chlamydia,274.0,Missouri,2002.0,Female,15-19 years,15-19,5757.0,200504.0,2871.26
27671,Chlamydia,274.0,Missouri,2002.0,Female,20-24 years,20-24,4846.0,200302.0,2419.35
27672,Chlamydia,274.0,Missouri,2002.0,Female,25-29 years,25-29,1419.0,178000.0,797.19
27673,Chlamydia,274.0,Missouri,2002.0,Female,30-34 years,30-34,461.0,194047.0,237.57
27674,Chlamydia,274.0,Missouri,2002.0,Female,35-39 years,35-39,201.0,209187.0,96.09
27675,Chlamydia,274.0,Missouri,2002.0,Female,40+ years,40+,181.0,1366684.0,13.24
27676,Chlamydia,274.0,Missouri,2002.0,Female,Unknown,99,53.0,,
27677,Chlamydia,274.0,Missouri,2003.0,Female,0-14 years,0-14,314.0,566645.0,55.41
27678,Chlamydia,274.0,Missouri,2003.0,Female,15-19 years,15-19,6161.0,200876.0,3067.07
27679,Chlamydia,274.0,Missouri,2003.0,Female,20-24 years,20-24,5581.0,203440.0,2743.31
27680,Chlamydia,274.0,Missouri,2003.0,Female,25-29 years,25-29,1629.0,179109.0,909.5
27681,Chlamydia,274.0,Missouri,2003.0,Female,30-34 years,30-34,579.0,190412.0,304.08
27682,Chlamydia,274.0,Missouri,2003.0,Female,35-39 years,35-39,231.0,199891.0,115.56
27683,Chlamydia,274.0,Missouri,2003.0,Female,40+ years,40+,189.0,1381647.0,13.68
27684,Chlamydia,274.0,Missouri,2003.0,Female,Unknown,99,66.0,,
27685,Chlamydia,274.0,Missouri,2004.0,Female,0-14 years,0-14,394.0,556376.0,70.82
27686,Chlamydia,274.0,Missouri,2004.0,Female,15-19 years,15-19,6762.0,201551.0,3354.98
27687,Chlamydia,274.0,Missouri,2004.0,Female,20-24 years,20-24,6073.0,206920.0,2934.95
27688,Chlamydia,274.0,Missouri,2004.0,Female,25-29 years,25-29,1941.0,185477.0,1046.49
27689,Chlamydia,274.0,Missouri,2004.0,Female,30-34 years,30-34,633.0,190335.0,332.57
27690,Chlamydia,274.0,Missouri,2004.0,Female,35-39 years,35-39,238.0,195604.0,121.67
27691,Chlamydia,274.0,Missouri,2004.0,Female,40+ years,40+,208.0,1407503.0,14.78
27692,Chlamydia,274.0,Missouri,2004.0,Female,Unknown,99,57.0,,
27693,Chlamydia,274.0,Missouri,2005.0,Female,0-14 years,0-14,363.0,551563.0,65.81
27694,Chlamydia,274.0,Missouri,2005.0,Female,15-19 years,15-19,6856.0,202673.0,3382.79
27695,Chlamydia,274.0,Missouri,2005.0,Female,20-24 years,20-24,6161.0,206718.0,2980.39
27696,Chlamydia,274.0,Missouri,2005.0,Female,25-29 years,25-29,1981.0,192549.0,1028.83
27697,Chlamydia,274.0,Missouri,2005.0,Female,30-34 years,30-34,722.0,187612.0,384.84
27698,Chlamydia,274.0,Missouri,2005.0,Female,35-39 years,35-39,267.0,194595.0,137.21
27699,Chlamydia,274.0,Missouri,2005.0,Female,40+ years,40+,219.0,1428501.0,15.33
27700,Chlamydia,274.0,Missouri,2005.0,Female,Unknown,99,11.0,,
27701,Chlamydia,274.0,Missouri,2006.0,Female,0-14 years,0-14,369.0,567308.0,65.04
27702,Chlamydia,274.0,Missouri,2006.0,Female,15-19 years,15-19,6909.0,201137.0,3434.97
27703,Chlamydia,274.0,Missouri,2006.0,Female,20-24 years,20-24,6276.0,201043.0,3121.72
27704,Chlamydia,274.0,Missouri,2006.0,Female,25-29 years,25-29,2159.0,205023.0,1053.05
27705,Chlamydia,274.0,Missouri,2006.0,Female,30-34 years,30-34,719.0,179637.0,400.25
27706,Chlamydia,274.0,Missouri,2006.0,Female,35-39 years,35-39,262.0,193039.0,135.72
27707,Chlamydia,274.0,Missouri,2006.0,Female,40+ years,40+,233.0,1440811.0,16.17
27708,Chlamydia,274.0,Missouri,2006.0,Female,Unknown,99,11.0,,
27709,Chlamydia,274.0,Missouri,2007.0,Female,0-14 years,0-14,319.0,571655.0,55.8
27710,Chlamydia,274.0,Missouri,2007.0,Female,15-19 years,15-19,7027.0,202081.0,3477.32
27711,Chlamydia,274.0,Missouri,2007.0,Female,20-24 years,20-24,6294.0,196132.0,3209.06
27712,Chlamydia,274.0,Missouri,2007.0,Female,25-29 years,25-29,2184.0,209533.0,1042.32
27713,Chlamydia,274.0,Missouri,2007.0,Female,30-34 years,30-34,732.0,179333.0,408.18
27714,Chlamydia,274.0,Missouri,2007.0,Female,35-39 years,35-39,294.0,193959.0,151.58
27715,Chlamydia,274.0,Missouri,2007.0,Female,40+ years,40+,216.0,1454700.0,14.85
27716,Chlamydia,274.0,Missouri,2007.0,Female,Unknown,99,14.0,,
27717,Chlamydia,274.0,Missouri,2008.0,Female,0-14 years,0-14,331.0,572184.0,57.85
27718,Chlamydia,274.0,Missouri,2008.0,Female,15-19 years,15-19,7549.0,201433.0,3747.65
27719,Chlamydia,274.0,Missouri,2008.0,Female,20-24 years,20-24,6481.0,196300.0,3301.58
27720,Chlamydia,274.0,Missouri,2008.0,Female,25-29 years,25-29,2420.0,210823.0,1147.88
27721,Chlamydia,274.0,Missouri,2008.0,Female,30-34 years,30-34,754.0,180353.0,418.07
27722,Chlamydia,274.0,Missouri,2008.0,Female,35-39 years,35-39,319.0,192605.0,165.62
27723,Chlamydia,274.0,Missouri,2008.0,Female,40+ years,40+,256.0,1470000.0,17.41
27724,Chlamydia,274.0,Missouri,2008.0,Female,Unknown,99,6.0,,
27725,Chlamydia,274.0,Missouri,2009.0,Female,0-14 years,0-14,293.0,578537.0,50.65
27726,Chlamydia,274.0,Missouri,2009.0,Female,15-19 years,15-19,7922.0,204220.0,3879.15
27727,Chlamydia,274.0,Missouri,2009.0,Female,20-24 years,20-24,6810.0,207821.0,3276.86
27728,Chlamydia,274.0,Missouri,2009.0,Female,25-29 years,25-29,2385.0,208590.0,1143.39
27729,Chlamydia,274.0,Missouri,2009.0,Female,30-34 years,30-34,815.0,183814.0,443.38
27730,Chlamydia,274.0,Missouri,2009.0,Female,35-39 years,35-39,355.0,190273.0,186.57
27731,Chlamydia,274.0,Missouri,2009.0,Female,40+ years,40+,237.0,1488323.0,15.92
27732,Chlamydia,274.0,Missouri,2009.0,Female,Unknown,99,8.0,,
27733,Chlamydia,274.0,Missouri,2010.0,Female,0-14 years,0-14,279.0,575293.0,48.5
27734,Chlamydia,274.0,Missouri,2010.0,Female,15-19 years,15-19,7787.0,206847.0,3764.62
27735,Chlamydia,274.0,Missouri,2010.0,Female,20-24 years,20-24,7148.0,205496.0,3478.41
27736,Chlamydia,274.0,Missouri,2010.0,Female,25-29 years,25-29,2308.0,201801.0,1143.7
27737,Chlamydia,274.0,Missouri,2010.0,Female,30-34 years,30-34,824.0,185922.0,443.2
27738,Chlamydia,274.0,Missouri,2010.0,Female,35-39 years,35-39,281.0,184926.0,151.95
27739,Chlamydia,274.0,Missouri,2010.0,Female,40+ years,40+,238.0,1495165.0,15.92
27740,Chlamydia,274.0,Missouri,2010.0,Female,Unknown,99,2.0,,
27741,Chlamydia,274.0,Missouri,2011.0,Female,0-14 years,0-14,266.0,571733.0,46.53
27742,Chlamydia,274.0,Missouri,2011.0,Female,15-19 years,15-19,7839.0,201536.0,3889.63
27743,Chlamydia,274.0,Missouri,2011.0,Female,20-24 years,20-24,7956.0,209422.0,3799.03
27744,Chlamydia,274.0,Missouri,2011.0,Female,25-29 years,25-29,2490.0,201527.0,1235.57
27745,Chlamydia,274.0,Missouri,2011.0,Female,30-34 years,30-34,885.0,192209.0,460.44
27746,Chlamydia,274.0,Missouri,2011.0,Female,35-39 years,35-39,364.0,178101.0,204.38
27747,Chlamydia,274.0,Missouri,2011.0,Female,40+ years,40+,294.0,1511726.0,19.45
27748,Chlamydia,274.0,Missouri,2011.0,Female,Unknown,99,3.0,,
27749,Chlamydia,274.0,Missouri,2012.0,Female,0-14 years,0-14,283.0,569156.0,49.72
27750,Chlamydia,274.0,Missouri,2012.0,Female,15-19 years,15-19,7442.0,196245.0,3792.2
27751,Chlamydia,274.0,Missouri,2012.0,Female,20-24 years,20-24,7746.0,212684.0,3642.02
27752,Chlamydia,274.0,Missouri,2012.0,Female,25-29 years,25-29,2602.0,200475.0,1297.92
27753,Chlamydia,274.0,Missouri,2012.0,Female,30-34 years,30-34,983.0,195707.0,502.28
27754,Chlamydia,274.0,Missouri,2012.0,Female,35-39 years,35-39,387.0,176592.0,219.15
27755,Chlamydia,274.0,Missouri,2012.0,Female,40+ years,40+,302.0,1520093.0,19.87
27756,Chlamydia,274.0,Missouri,2013.0,Female,0-14 years,0-14,264.0,567092.0,46.55
27757,Chlamydia,274.0,Missouri,2013.0,Female,15-19 years,15-19,6757.0,193698.0,3488.42
27758,Chlamydia,274.0,Missouri,2013.0,Female,20-24 years,20-24,7896.0,214763.0,3676.61
27759,Chlamydia,274.0,Missouri,2013.0,Female,25-29 years,25-29,2649.0,198863.0,1332.07
27760,Chlamydia,274.0,Missouri,2013.0,Female,30-34 years,30-34,1036.0,199569.0,519.12
27761,Chlamydia,274.0,Missouri,2013.0,Female,35-39 years,35-39,374.0,178109.0,209.98
27762,Chlamydia,274.0,Missouri,2013.0,Female,40+ years,40+,327.0,1528120.0,21.4
27763,Chlamydia,274.0,Missouri,2014.0,Female,0-14 years,0-14,205.0,567092.0,36.15
27764,Chlamydia,274.0,Missouri,2014.0,Female,15-19 years,15-19,6467.0,193698.0,3338.7
27765,Chlamydia,274.0,Missouri,2014.0,Female,20-24 years,20-24,8053.0,214763.0,3749.71
27766,Chlamydia,274.0,Missouri,2014.0,Female,25-29 years,25-29,2881.0,198863.0,1448.74
27767,Chlamydia,274.0,Missouri,2014.0,Female,30-34 years,30-34,1116.0,199569.0,559.21
27768,Chlamydia,274.0,Missouri,2014.0,Female,35-39 years,35-39,476.0,178109.0,267.25
27769,Chlamydia,274.0,Missouri,2014.0,Female,40+ years,40+,351.0,1528120.0,22.97
27770,Chlamydia,274.0,Montana,1996.0,Female,0-14 years,0-14,72.0,93278.0,77.19
27771,Chlamydia,274.0,Montana,1996.0,Female,15-19 years,15-19,451.0,33773.0,1335.39
27772,Chlamydia,274.0,Montana,1996.0,Female,20-24 years,20-24,321.0,27249.0,1178.02
27773,Chlamydia,274.0,Montana,1996.0,Female,25-29 years,25-29,102.0,23880.0,427.14
27774,Chlamydia,274.0,Montana,1996.0,Female,30-34 years,30-34,36.0,29432.0,122.32
27775,Chlamydia,274.0,Montana,1996.0,Female,35-39 years,35-39,11.0,37508.0,29.33
27776,Chlamydia,274.0,Montana,1996.0,Female,40+ years,40+,7.0,200130.0,3.5
27777,Chlamydia,274.0,Montana,1996.0,Female,Unknown,99,9.0,,
27778,Chlamydia,274.0,Montana,1997.0,Female,0-14 years,0-14,37.0,91677.0,40.36
27779,Chlamydia,274.0,Montana,1997.0,Female,15-19 years,15-19,428.0,34315.0,1247.27
27780,Chlamydia,274.0,Montana,1997.0,Female,20-24 years,20-24,328.0,27557.0,1190.26
27781,Chlamydia,274.0,Montana,1997.0,Female,25-29 years,25-29,83.0,24123.0,344.07
27782,Chlamydia,274.0,Montana,1997.0,Female,30-34 years,30-34,36.0,27957.0,128.77
27783,Chlamydia,274.0,Montana,1997.0,Female,35-39 years,35-39,18.0,36862.0,48.83
27784,Chlamydia,274.0,Montana,1997.0,Female,40+ years,40+,68.0,204694.0,33.22
27785,Chlamydia,274.0,Montana,1998.0,Female,0-14 years,0-14,31.0,91129.0,34.02
27786,Chlamydia,274.0,Montana,1998.0,Female,15-19 years,15-19,478.0,34639.0,1379.95
27787,Chlamydia,274.0,Montana,1998.0,Female,20-24 years,20-24,339.0,27619.0,1227.42
27788,Chlamydia,274.0,Montana,1998.0,Female,25-29 years,25-29,94.0,24319.0,386.53
27789,Chlamydia,274.0,Montana,1998.0,Female,30-34 years,30-34,42.0,26709.0,157.25
27790,Chlamydia,274.0,Montana,1998.0,Female,35-39 years,35-39,23.0,35748.0,64.34
27791,Chlamydia,274.0,Montana,1998.0,Female,40+ years,40+,14.0,208234.0,6.72
27792,Chlamydia,274.0,Montana,1998.0,Female,Unknown,99,112.0,,
27793,Chlamydia,274.0,Montana,1999.0,Female,0-14 years,0-14,31.0,90850.0,34.12
27794,Chlamydia,274.0,Montana,1999.0,Female,15-19 years,15-19,537.0,34674.0,1548.71
27795,Chlamydia,274.0,Montana,1999.0,Female,20-24 years,20-24,386.0,27842.0,1386.39
27796,Chlamydia,274.0,Montana,1999.0,Female,25-29 years,25-29,109.0,24508.0,444.75
27797,Chlamydia,274.0,Montana,1999.0,Female,30-34 years,30-34,38.0,26067.0,145.78
27798,Chlamydia,274.0,Montana,1999.0,Female,35-39 years,35-39,19.0,34659.0,54.82
27799,Chlamydia,274.0,Montana,1999.0,Female,40+ years,40+,77.0,211943.0,36.33
27800,Chlamydia,274.0,Montana,2000.0,Female,0-14 years,0-14,26.0,87611.0,29.68
27801,Chlamydia,274.0,Montana,2000.0,Female,15-19 years,15-19,528.0,34497.0,1530.57
27802,Chlamydia,274.0,Montana,2000.0,Female,20-24 years,20-24,383.0,28606.0,1338.88
27803,Chlamydia,274.0,Montana,2000.0,Female,25-29 years,25-29,106.0,24802.0,427.38
27804,Chlamydia,274.0,Montana,2000.0,Female,30-34 years,30-34,24.0,26389.0,90.95
27805,Chlamydia,274.0,Montana,2000.0,Female,35-39 years,35-39,23.0,33557.0,68.54
27806,Chlamydia,274.0,Montana,2000.0,Female,40+ years,40+,7.0,217826.0,3.21
27807,Chlamydia,274.0,Montana,2001.0,Female,0-14 years,0-14,41.0,86104.0,47.62
27808,Chlamydia,274.0,Montana,2001.0,Female,15-19 years,15-19,662.0,34976.0,1892.73
27809,Chlamydia,274.0,Montana,2001.0,Female,20-24 years,20-24,504.0,29510.0,1707.9
27810,Chlamydia,274.0,Montana,2001.0,Female,25-29 years,25-29,145.0,24338.0,595.78
27811,Chlamydia,274.0,Montana,2001.0,Female,30-34 years,30-34,57.0,26020.0,219.06
27812,Chlamydia,274.0,Montana,2001.0,Female,35-39 years,35-39,24.0,31596.0,75.96
27813,Chlamydia,274.0,Montana,2001.0,Female,40+ years,40+,13.0,221690.0,5.86
27814,Chlamydia,274.0,Montana,2002.0,Female,0-14 years,0-14,37.0,84503.0,43.79
27815,Chlamydia,274.0,Montana,2002.0,Female,15-19 years,15-19,817.0,34787.0,2348.58
27816,Chlamydia,274.0,Montana,2002.0,Female,20-24 years,20-24,636.0,30655.0,2074.7
27817,Chlamydia,274.0,Montana,2002.0,Female,25-29 years,25-29,194.0,24304.0,798.22
27818,Chlamydia,274.0,Montana,2002.0,Female,30-34 years,30-34,71.0,25838.0,274.79
27819,Chlamydia,274.0,Montana,2002.0,Female,35-39 years,35-39,32.0,29946.0,106.86
27820,Chlamydia,274.0,Montana,2002.0,Female,40+ years,40+,22.0,226283.0,9.72
27821,Chlamydia,274.0,Montana,2002.0,Female,Unknown,99,31.0,,
27822,Chlamydia,274.0,Montana,2003.0,Female,0-14 years,0-14,35.0,84472.0,41.43
27823,Chlamydia,274.0,Montana,2003.0,Female,15-19 years,15-19,817.0,34443.0,2372.03
27824,Chlamydia,274.0,Montana,2003.0,Female,20-24 years,20-24,663.0,32224.0,2057.47
27825,Chlamydia,274.0,Montana,2003.0,Female,25-29 years,25-29,204.0,25091.0,813.04
27826,Chlamydia,274.0,Montana,2003.0,Female,30-34 years,30-34,72.0,25171.0,286.04
27827,Chlamydia,274.0,Montana,2003.0,Female,35-39 years,35-39,22.0,28441.0,77.35
27828,Chlamydia,274.0,Montana,2003.0,Female,40+ years,40+,29.0,230242.0,12.6
27829,Chlamydia,274.0,Montana,2003.0,Female,Unknown,99,23.0,,
27830,Chlamydia,274.0,Montana,2004.0,Female,0-14 years,0-14,48.0,81287.0,59.05
27831,Chlamydia,274.0,Montana,2004.0,Female,15-19 years,15-19,790.0,33992.0,2324.08
27832,Chlamydia,274.0,Montana,2004.0,Female,20-24 years,20-24,744.0,33541.0,2218.18
27833,Chlamydia,274.0,Montana,2004.0,Female,25-29 years,25-29,225.0,26466.0,850.15
27834,Chlamydia,274.0,Montana,2004.0,Female,30-34 years,30-34,53.0,24975.0,212.21
27835,Chlamydia,274.0,Montana,2004.0,Female,35-39 years,35-39,25.0,27751.0,90.09
27836,Chlamydia,274.0,Montana,2004.0,Female,40+ years,40+,18.0,236588.0,7.61
27837,Chlamydia,274.0,Montana,2004.0,Female,Unknown,99,13.0,,
27838,Chlamydia,274.0,Montana,2005.0,Female,0-14 years,0-14,42.0,79729.0,52.68
27839,Chlamydia,274.0,Montana,2005.0,Female,15-19 years,15-19,662.0,33631.0,1968.42
27840,Chlamydia,274.0,Montana,2005.0,Female,20-24 years,20-24,732.0,34239.0,2137.91
27841,Chlamydia,274.0,Montana,2005.0,Female,25-29 years,25-29,218.0,27568.0,790.77
27842,Chlamydia,274.0,Montana,2005.0,Female,30-34 years,30-34,71.0,24733.0,287.07
27843,Chlamydia,274.0,Montana,2005.0,Female,35-39 years,35-39,29.0,27495.0,105.47
27844,Chlamydia,274.0,Montana,2005.0,Female,40+ years,40+,15.0,241367.0,6.21
27845,Chlamydia,274.0,Montana,2005.0,Female,Unknown,99,7.0,,
27846,Chlamydia,274.0,Montana,2006.0,Female,0-14 years,0-14,47.0,85903.0,54.71
27847,Chlamydia,274.0,Montana,2006.0,Female,15-19 years,15-19,719.0,32359.0,2221.95
27848,Chlamydia,274.0,Montana,2006.0,Female,20-24 years,20-24,757.0,32835.0,2305.47
27849,Chlamydia,274.0,Montana,2006.0,Female,25-29 years,25-29,267.0,29082.0,918.09
27850,Chlamydia,274.0,Montana,2006.0,Female,30-34 years,30-34,71.0,25086.0,283.03
27851,Chlamydia,274.0,Montana,2006.0,Female,35-39 years,35-39,33.0,27688.0,119.19
27852,Chlamydia,274.0,Montana,2006.0,Female,40+ years,40+,25.0,239019.0,10.46
27853,Chlamydia,274.0,Montana,2006.0,Female,Unknown,99,13.0,,
27854,Chlamydia,274.0,Montana,2007.0,Female,0-14 years,0-14,28.0,86417.0,32.4
27855,Chlamydia,274.0,Montana,2007.0,Female,15-19 years,15-19,802.0,32594.0,2460.58
27856,Chlamydia,274.0,Montana,2007.0,Female,20-24 years,20-24,774.0,31847.0,2430.37
27857,Chlamydia,274.0,Montana,2007.0,Female,25-29 years,25-29,246.0,31246.0,787.3
27858,Chlamydia,274.0,Montana,2007.0,Female,30-34 years,30-34,87.0,25662.0,339.02
27859,Chlamydia,274.0,Montana,2007.0,Female,35-39 years,35-39,45.0,28026.0,160.56
27860,Chlamydia,274.0,Montana,2007.0,Female,40+ years,40+,33.0,242436.0,13.61
27861,Chlamydia,274.0,Montana,2007.0,Female,Unknown,99,9.0,,
27862,Chlamydia,274.0,Montana,2008.0,Female,0-14 years,0-14,24.0,87464.0,27.44
27863,Chlamydia,274.0,Montana,2008.0,Female,15-19 years,15-19,926.0,32209.0,2874.97
27864,Chlamydia,274.0,Montana,2008.0,Female,20-24 years,20-24,824.0,32289.0,2551.95
27865,Chlamydia,274.0,Montana,2008.0,Female,25-29 years,25-29,270.0,31666.0,852.65
27866,Chlamydia,274.0,Montana,2008.0,Female,30-34 years,30-34,96.0,26406.0,363.55
27867,Chlamydia,274.0,Montana,2008.0,Female,35-39 years,35-39,49.0,27988.0,175.07
27868,Chlamydia,274.0,Montana,2008.0,Female,40+ years,40+,28.0,244933.0,11.43
27869,Chlamydia,274.0,Montana,2008.0,Female,Unknown,99,10.0,,
27870,Chlamydia,274.0,Montana,2009.0,Female,0-14 years,0-14,27.0,88033.0,30.67
27871,Chlamydia,274.0,Montana,2009.0,Female,15-19 years,15-19,806.0,32789.0,2458.14
27872,Chlamydia,274.0,Montana,2009.0,Female,20-24 years,20-24,864.0,35678.0,2421.66
27873,Chlamydia,274.0,Montana,2009.0,Female,25-29 years,25-29,295.0,31821.0,927.06
27874,Chlamydia,274.0,Montana,2009.0,Female,30-34 years,30-34,90.0,26365.0,341.36
27875,Chlamydia,274.0,Montana,2009.0,Female,35-39 years,35-39,34.0,26989.0,125.98
27876,Chlamydia,274.0,Montana,2009.0,Female,40+ years,40+,14.0,245333.0,5.71
27877,Chlamydia,274.0,Montana,2009.0,Female,Unknown,99,4.0,,
27878,Chlamydia,274.0,Montana,2010.0,Female,0-14 years,0-14,35.0,89631.0,39.05
27879,Chlamydia,274.0,Montana,2010.0,Female,15-19 years,15-19,857.0,32209.0,2660.75
27880,Chlamydia,274.0,Montana,2010.0,Female,20-24 years,20-24,854.0,32199.0,2652.26
27881,Chlamydia,274.0,Montana,2010.0,Female,25-29 years,25-29,277.0,30988.0,893.89
27882,Chlamydia,274.0,Montana,2010.0,Female,30-34 years,30-34,96.0,28532.0,336.46
27883,Chlamydia,274.0,Montana,2010.0,Female,35-39 years,35-39,36.0,27220.0,132.26
27884,Chlamydia,274.0,Montana,2010.0,Female,40+ years,40+,32.0,251969.0,12.7
27885,Chlamydia,274.0,Montana,2010.0,Female,Unknown,99,7.0,,
27886,Chlamydia,274.0,Montana,2011.0,Female,0-14 years,0-14,29.0,89709.0,32.33
27887,Chlamydia,274.0,Montana,2011.0,Female,15-19 years,15-19,889.0,31901.0,2786.75
27888,Chlamydia,274.0,Montana,2011.0,Female,20-24 years,20-24,962.0,33211.0,2896.63
27889,Chlamydia,274.0,Montana,2011.0,Female,25-29 years,25-29,311.0,31064.0,1001.16
27890,Chlamydia,274.0,Montana,2011.0,Female,30-34 years,30-34,121.0,29575.0,409.13
27891,Chlamydia,274.0,Montana,2011.0,Female,35-39 years,35-39,40.0,26473.0,151.1
27892,Chlamydia,274.0,Montana,2011.0,Female,40+ years,40+,20.0,255033.0,7.84
27893,Chlamydia,274.0,Montana,2011.0,Female,Unknown,99,18.0,,
27894,Chlamydia,274.0,Montana,2012.0,Female,0-14 years,0-14,44.0,89981.0,48.9
27895,Chlamydia,274.0,Montana,2012.0,Female,15-19 years,15-19,936.0,31003.0,3019.06
27896,Chlamydia,274.0,Montana,2012.0,Female,20-24 years,20-24,1049.0,33973.0,3087.75
27897,Chlamydia,274.0,Montana,2012.0,Female,25-29 years,25-29,385.0,30956.0,1243.7
27898,Chlamydia,274.0,Montana,2012.0,Female,30-34 years,30-34,145.0,30376.0,477.35
27899,Chlamydia,274.0,Montana,2012.0,Female,35-39 years,35-39,52.0,26939.0,193.03
27900,Chlamydia,274.0,Montana,2012.0,Female,40+ years,40+,43.0,256964.0,16.73
27901,Chlamydia,274.0,Montana,2012.0,Female,Unknown,99,1.0,,
27902,Chlamydia,274.0,Montana,2013.0,Female,0-14 years,0-14,40.0,91111.0,43.9
27903,Chlamydia,274.0,Montana,2013.0,Female,15-19 years,15-19,926.0,30653.0,3020.91
27904,Chlamydia,274.0,Montana,2013.0,Female,20-24 years,20-24,1040.0,35109.0,2962.2
27905,Chlamydia,274.0,Montana,2013.0,Female,25-29 years,25-29,418.0,30748.0,1359.44
27906,Chlamydia,274.0,Montana,2013.0,Female,30-34 years,30-34,163.0,31242.0,521.73
27907,Chlamydia,274.0,Montana,2013.0,Female,35-39 years,35-39,61.0,27818.0,219.28
27908,Chlamydia,274.0,Montana,2013.0,Female,40+ years,40+,43.0,258686.0,16.62
27909,Chlamydia,274.0,Montana,2013.0,Female,Unknown,99,10.0,,
27910,Chlamydia,274.0,Montana,2014.0,Female,0-14 years,0-14,33.0,91111.0,36.22
27911,Chlamydia,274.0,Montana,2014.0,Female,15-19 years,15-19,935.0,30653.0,3050.27
27912,Chlamydia,274.0,Montana,2014.0,Female,20-24 years,20-24,1137.0,35109.0,3238.49
27913,Chlamydia,274.0,Montana,2014.0,Female,25-29 years,25-29,455.0,30748.0,1479.77
27914,Chlamydia,274.0,Montana,2014.0,Female,30-34 years,30-34,174.0,31242.0,556.94
27915,Chlamydia,274.0,Montana,2014.0,Female,35-39 years,35-39,79.0,27818.0,283.99
27916,Chlamydia,274.0,Montana,2014.0,Female,40+ years,40+,51.0,258686.0,19.71
27917,Chlamydia,274.0,Montana,2014.0,Female,Unknown,99,14.0,,
27918,Chlamydia,274.0,Nebraska,1996.0,Female,0-14 years,0-14,59.0,179796.0,32.81
27919,Chlamydia,274.0,Nebraska,1996.0,Female,15-19 years,15-19,836.0,62502.0,1337.56
27920,Chlamydia,274.0,Nebraska,1996.0,Female,20-24 years,20-24,749.0,55835.0,1341.45
27921,Chlamydia,274.0,Nebraska,1996.0,Female,25-29 years,25-29,225.0,54422.0,413.44
27922,Chlamydia,274.0,Nebraska,1996.0,Female,30-34 years,30-34,77.0,61493.0,125.22
27923,Chlamydia,274.0,Nebraska,1996.0,Female,35-39 years,35-39,43.0,68414.0,62.85
27924,Chlamydia,274.0,Nebraska,1996.0,Female,40+ years,40+,36.0,369907.0,9.73
27925,Chlamydia,274.0,Nebraska,1997.0,Female,0-14 years,0-14,75.0,180324.0,41.59
27926,Chlamydia,274.0,Nebraska,1997.0,Female,15-19 years,15-19,993.0,64152.0,1547.89
27927,Chlamydia,274.0,Nebraska,1997.0,Female,20-24 years,20-24,763.0,56232.0,1356.88
27928,Chlamydia,274.0,Nebraska,1997.0,Female,25-29 years,25-29,254.0,54751.0,463.92
27929,Chlamydia,274.0,Nebraska,1997.0,Female,30-34 years,30-34,90.0,58945.0,152.69
27930,Chlamydia,274.0,Nebraska,1997.0,Female,35-39 years,35-39,31.0,68121.0,45.51
27931,Chlamydia,274.0,Nebraska,1997.0,Female,40+ years,40+,17.0,375413.0,4.53
27932,Chlamydia,274.0,Nebraska,1997.0,Female,Unknown,99,65.0,,
27933,Chlamydia,274.0,Nebraska,1998.0,Female,0-14 years,0-14,73.0,180620.0,40.42
27934,Chlamydia,274.0,Nebraska,1998.0,Female,15-19 years,15-19,1083.0,65416.0,1655.56
27935,Chlamydia,274.0,Nebraska,1998.0,Female,20-24 years,20-24,803.0,56959.0,1409.79
27936,Chlamydia,274.0,Nebraska,1998.0,Female,25-29 years,25-29,264.0,54870.0,481.14
27937,Chlamydia,274.0,Nebraska,1998.0,Female,30-34 years,30-34,73.0,56451.0,129.32
27938,Chlamydia,274.0,Nebraska,1998.0,Female,35-39 years,35-39,31.0,67343.0,46.03
27939,Chlamydia,274.0,Nebraska,1998.0,Female,40+ years,40+,15.0,380329.0,3.94
27940,Chlamydia,274.0,Nebraska,1998.0,Female,Unknown,99,48.0,,
27941,Chlamydia,274.0,Nebraska,1999.0,Female,0-14 years,0-14,80.0,180880.0,44.23
27942,Chlamydia,274.0,Nebraska,1999.0,Female,15-19 years,15-19,1219.0,65795.0,1852.72
27943,Chlamydia,274.0,Nebraska,1999.0,Female,20-24 years,20-24,1022.0,58005.0,1761.92
27944,Chlamydia,274.0,Nebraska,1999.0,Female,25-29 years,25-29,295.0,54719.0,539.12
27945,Chlamydia,274.0,Nebraska,1999.0,Female,30-34 years,30-34,104.0,54772.0,189.88
27946,Chlamydia,274.0,Nebraska,1999.0,Female,35-39 years,35-39,32.0,66174.0,48.36
27947,Chlamydia,274.0,Nebraska,1999.0,Female,40+ years,40+,19.0,385186.0,4.93
27948,Chlamydia,274.0,Nebraska,1999.0,Female,Unknown,99,132.0,,
27949,Chlamydia,274.0,Nebraska,2000.0,Female,0-14 years,0-14,68.0,177888.0,38.23
27950,Chlamydia,274.0,Nebraska,2000.0,Female,15-19 years,15-19,1198.0,65381.0,1832.34
27951,Chlamydia,274.0,Nebraska,2000.0,Female,20-24 years,20-24,975.0,59926.0,1627.01
27952,Chlamydia,274.0,Nebraska,2000.0,Female,25-29 years,25-29,283.0,54743.0,516.96
27953,Chlamydia,274.0,Nebraska,2000.0,Female,30-34 years,30-34,97.0,54933.0,176.58
27954,Chlamydia,274.0,Nebraska,2000.0,Female,35-39 years,35-39,23.0,64369.0,35.73
27955,Chlamydia,274.0,Nebraska,2000.0,Female,40+ years,40+,23.0,391614.0,5.87
27956,Chlamydia,274.0,Nebraska,2000.0,Female,Unknown,99,351.0,,
27957,Chlamydia,274.0,Nebraska,2001.0,Female,0-14 years,0-14,49.0,177463.0,27.61
27958,Chlamydia,274.0,Nebraska,2001.0,Female,15-19 years,15-19,959.0,65092.0,1473.3
27959,Chlamydia,274.0,Nebraska,2001.0,Female,20-24 years,20-24,841.0,61738.0,1362.21
27960,Chlamydia,274.0,Nebraska,2001.0,Female,25-29 years,25-29,244.0,54287.0,449.46
27961,Chlamydia,274.0,Nebraska,2001.0,Female,30-34 years,30-34,80.0,54971.0,145.53
27962,Chlamydia,274.0,Nebraska,2001.0,Female,35-39 years,35-39,35.0,61672.0,56.75
27963,Chlamydia,274.0,Nebraska,2001.0,Female,40+ years,40+,8.0,396395.0,2.02
27964,Chlamydia,274.0,Nebraska,2001.0,Female,Unknown,99,305.0,,
27965,Chlamydia,274.0,Nebraska,2002.0,Female,0-14 years,0-14,68.0,176398.0,38.55
27966,Chlamydia,274.0,Nebraska,2002.0,Female,15-19 years,15-19,1289.0,64619.0,1994.77
27967,Chlamydia,274.0,Nebraska,2002.0,Female,20-24 years,20-24,1299.0,63802.0,2035.99
27968,Chlamydia,274.0,Nebraska,2002.0,Female,25-29 years,25-29,331.0,54673.0,605.42
27969,Chlamydia,274.0,Nebraska,2002.0,Female,30-34 years,30-34,112.0,55551.0,201.62
27970,Chlamydia,274.0,Nebraska,2002.0,Female,35-39 years,35-39,43.0,59185.0,72.65
27971,Chlamydia,274.0,Nebraska,2002.0,Female,40+ years,40+,27.0,401457.0,6.73
27972,Chlamydia,274.0,Nebraska,2002.0,Female,Unknown,99,440.0,,
27973,Chlamydia,274.0,Nebraska,2003.0,Female,0-14 years,0-14,91.0,177612.0,51.24
27974,Chlamydia,274.0,Nebraska,2003.0,Female,15-19 years,15-19,1205.0,64074.0,1880.64
27975,Chlamydia,274.0,Nebraska,2003.0,Female,20-24 years,20-24,1288.0,65331.0,1971.5
27976,Chlamydia,274.0,Nebraska,2003.0,Female,25-29 years,25-29,388.0,55848.0,694.74
27977,Chlamydia,274.0,Nebraska,2003.0,Female,30-34 years,30-34,131.0,54593.0,239.96
27978,Chlamydia,274.0,Nebraska,2003.0,Female,35-39 years,35-39,53.0,56509.0,93.79
27979,Chlamydia,274.0,Nebraska,2003.0,Female,40+ years,40+,40.0,406040.0,9.85
27980,Chlamydia,274.0,Nebraska,2003.0,Female,Unknown,99,239.0,,
27981,Chlamydia,274.0,Nebraska,2004.0,Female,0-14 years,0-14,58.0,175389.0,33.07
27982,Chlamydia,274.0,Nebraska,2004.0,Female,15-19 years,15-19,1370.0,63119.0,2170.5
27983,Chlamydia,274.0,Nebraska,2004.0,Female,20-24 years,20-24,1377.0,66627.0,2066.73
27984,Chlamydia,274.0,Nebraska,2004.0,Female,25-29 years,25-29,438.0,57550.0,761.08
27985,Chlamydia,274.0,Nebraska,2004.0,Female,30-34 years,30-34,144.0,54358.0,264.91
27986,Chlamydia,274.0,Nebraska,2004.0,Female,35-39 years,35-39,61.0,55219.0,110.47
27987,Chlamydia,274.0,Nebraska,2004.0,Female,40+ years,40+,51.0,411324.0,12.4
27988,Chlamydia,274.0,Nebraska,2004.0,Female,Unknown,99,313.0,,
27989,Chlamydia,274.0,Nebraska,2005.0,Female,0-14 years,0-14,85.0,173837.0,48.9
27990,Chlamydia,274.0,Nebraska,2005.0,Female,15-19 years,15-19,1345.0,62709.0,2144.83
27991,Chlamydia,274.0,Nebraska,2005.0,Female,20-24 years,20-24,1502.0,66751.0,2250.15
27992,Chlamydia,274.0,Nebraska,2005.0,Female,25-29 years,25-29,460.0,59643.0,771.26
27993,Chlamydia,274.0,Nebraska,2005.0,Female,30-34 years,30-34,132.0,54287.0,243.15
27994,Chlamydia,274.0,Nebraska,2005.0,Female,35-39 years,35-39,51.0,54737.0,93.17
27995,Chlamydia,274.0,Nebraska,2005.0,Female,40+ years,40+,46.0,417069.0,11.03
27996,Chlamydia,274.0,Nebraska,2005.0,Female,Unknown,99,92.0,,
27997,Chlamydia,274.0,Nebraska,2006.0,Female,0-14 years,0-14,80.0,179492.0,44.57
27998,Chlamydia,274.0,Nebraska,2006.0,Female,15-19 years,15-19,1483.0,63255.0,2344.48
27999,Chlamydia,274.0,Nebraska,2006.0,Female,20-24 years,20-24,1592.0,66467.0,2395.17
28000,Chlamydia,274.0,Nebraska,2006.0,Female,25-29 years,25-29,519.0,56584.0,917.22
28001,Chlamydia,274.0,Nebraska,2006.0,Female,30-34 years,30-34,161.0,53522.0,300.81
28002,Chlamydia,274.0,Nebraska,2006.0,Female,35-39 years,35-39,63.0,55125.0,114.29
28003,Chlamydia,274.0,Nebraska,2006.0,Female,40+ years,40+,45.0,417132.0,10.79
28004,Chlamydia,274.0,Nebraska,2006.0,Female,Unknown,99,13.0,,
28005,Chlamydia,274.0,Nebraska,2007.0,Female,0-14 years,0-14,52.0,180290.0,28.84
28006,Chlamydia,274.0,Nebraska,2007.0,Female,15-19 years,15-19,1386.0,63223.0,2192.24
28007,Chlamydia,274.0,Nebraska,2007.0,Female,20-24 years,20-24,1492.0,65621.0,2273.66
28008,Chlamydia,274.0,Nebraska,2007.0,Female,25-29 years,25-29,523.0,58490.0,894.17
28009,Chlamydia,274.0,Nebraska,2007.0,Female,30-34 years,30-34,171.0,52483.0,325.82
28010,Chlamydia,274.0,Nebraska,2007.0,Female,35-39 years,35-39,72.0,55021.0,130.86
28011,Chlamydia,274.0,Nebraska,2007.0,Female,40+ years,40+,56.0,420052.0,13.33
28012,Chlamydia,274.0,Nebraska,2007.0,Female,Unknown,99,3.0,,
28013,Chlamydia,274.0,Nebraska,2008.0,Female,0-14 years,0-14,54.0,181619.0,29.73
28014,Chlamydia,274.0,Nebraska,2008.0,Female,15-19 years,15-19,1540.0,62618.0,2459.36
28015,Chlamydia,274.0,Nebraska,2008.0,Female,20-24 years,20-24,1633.0,65298.0,2500.84
28016,Chlamydia,274.0,Nebraska,2008.0,Female,25-29 years,25-29,560.0,59951.0,934.1
28017,Chlamydia,274.0,Nebraska,2008.0,Female,30-34 years,30-34,204.0,52440.0,389.02
28018,Chlamydia,274.0,Nebraska,2008.0,Female,35-39 years,35-39,82.0,54658.0,150.02
28019,Chlamydia,274.0,Nebraska,2008.0,Female,40+ years,40+,48.0,422568.0,11.36
28020,Chlamydia,274.0,Nebraska,2008.0,Female,Unknown,99,2.0,,
28021,Chlamydia,274.0,Nebraska,2009.0,Female,0-14 years,0-14,38.0,184075.0,20.64
28022,Chlamydia,274.0,Nebraska,2009.0,Female,15-19 years,15-19,1382.0,63873.0,2163.67
28023,Chlamydia,274.0,Nebraska,2009.0,Female,20-24 years,20-24,1511.0,68771.0,2197.15
28024,Chlamydia,274.0,Nebraska,2009.0,Female,25-29 years,25-29,653.0,60985.0,1070.76
28025,Chlamydia,274.0,Nebraska,2009.0,Female,30-34 years,30-34,194.0,51702.0,375.23
28026,Chlamydia,274.0,Nebraska,2009.0,Female,35-39 years,35-39,63.0,53164.0,118.5
28027,Chlamydia,274.0,Nebraska,2009.0,Female,40+ years,40+,41.0,422397.0,9.71
28028,Chlamydia,274.0,Nebraska,2009.0,Female,Unknown,99,2.0,,
28029,Chlamydia,274.0,Nebraska,2010.0,Female,0-14 years,0-14,35.0,187338.0,18.68
28030,Chlamydia,274.0,Nebraska,2010.0,Female,15-19 years,15-19,1280.0,62897.0,2035.07
28031,Chlamydia,274.0,Nebraska,2010.0,Female,20-24 years,20-24,1412.0,63044.0,2239.71
28032,Chlamydia,274.0,Nebraska,2010.0,Female,25-29 years,25-29,519.0,63185.0,821.4
28033,Chlamydia,274.0,Nebraska,2010.0,Female,30-34 years,30-34,202.0,57015.0,354.29
28034,Chlamydia,274.0,Nebraska,2010.0,Female,35-39 years,35-39,70.0,54318.0,128.87
28035,Chlamydia,274.0,Nebraska,2010.0,Female,40+ years,40+,43.0,432248.0,9.95
28036,Chlamydia,274.0,Nebraska,2011.0,Female,0-14 years,0-14,62.0,188246.0,32.94
28037,Chlamydia,274.0,Nebraska,2011.0,Female,15-19 years,15-19,1574.0,63539.0,2477.22
28038,Chlamydia,274.0,Nebraska,2011.0,Female,20-24 years,20-24,1879.0,63186.0,2973.76
28039,Chlamydia,274.0,Nebraska,2011.0,Female,25-29 years,25-29,779.0,62836.0,1239.74
28040,Chlamydia,274.0,Nebraska,2011.0,Female,30-34 years,30-34,286.0,59340.0,481.97
28041,Chlamydia,274.0,Nebraska,2011.0,Female,35-39 years,35-39,108.0,53645.0,201.32
28042,Chlamydia,274.0,Nebraska,2011.0,Female,40+ years,40+,89.0,436600.0,20.38
28043,Chlamydia,274.0,Nebraska,2011.0,Female,Unknown,99,6.0,,
28044,Chlamydia,274.0,Nebraska,2012.0,Female,0-14 years,0-14,57.0,190272.0,29.96
28045,Chlamydia,274.0,Nebraska,2012.0,Female,15-19 years,15-19,1470.0,62418.0,2355.09
28046,Chlamydia,274.0,Nebraska,2012.0,Female,20-24 years,20-24,1926.0,64179.0,3000.98
28047,Chlamydia,274.0,Nebraska,2012.0,Female,25-29 years,25-29,732.0,62218.0,1176.51
28048,Chlamydia,274.0,Nebraska,2012.0,Female,30-34 years,30-34,271.0,61115.0,443.43
28049,Chlamydia,274.0,Nebraska,2012.0,Female,35-39 years,35-39,93.0,53630.0,173.41
28050,Chlamydia,274.0,Nebraska,2012.0,Female,40+ years,40+,73.0,439391.0,16.61
28051,Chlamydia,274.0,Nebraska,2012.0,Female,Unknown,99,6.0,,
28052,Chlamydia,274.0,Nebraska,2013.0,Female,0-14 years,0-14,47.0,190607.0,24.66
28053,Chlamydia,274.0,Nebraska,2013.0,Female,15-19 years,15-19,1450.0,62364.0,2325.06
28054,Chlamydia,274.0,Nebraska,2013.0,Female,20-24 years,20-24,2086.0,65657.0,3177.12
28055,Chlamydia,274.0,Nebraska,2013.0,Female,25-29 years,25-29,823.0,60902.0,1351.35
28056,Chlamydia,274.0,Nebraska,2013.0,Female,30-34 years,30-34,324.0,62843.0,515.57
28057,Chlamydia,274.0,Nebraska,2013.0,Female,35-39 years,35-39,132.0,54856.0,240.63
28058,Chlamydia,274.0,Nebraska,2013.0,Female,40+ years,40+,80.0,441461.0,18.12
28059,Chlamydia,274.0,Nebraska,2013.0,Female,Unknown,99,3.0,,
28060,Chlamydia,274.0,Nebraska,2014.0,Female,0-14 years,0-14,52.0,190607.0,27.28
28061,Chlamydia,274.0,Nebraska,2014.0,Female,15-19 years,15-19,1512.0,62364.0,2424.48
28062,Chlamydia,274.0,Nebraska,2014.0,Female,20-24 years,20-24,2119.0,65657.0,3227.38
28063,Chlamydia,274.0,Nebraska,2014.0,Female,25-29 years,25-29,852.0,60902.0,1398.97
28064,Chlamydia,274.0,Nebraska,2014.0,Female,30-34 years,30-34,340.0,62843.0,541.03
28065,Chlamydia,274.0,Nebraska,2014.0,Female,35-39 years,35-39,130.0,54856.0,236.98
28066,Chlamydia,274.0,Nebraska,2014.0,Female,40+ years,40+,103.0,441461.0,23.33
28067,Chlamydia,274.0,Nebraska,2014.0,Female,Unknown,99,2.0,,
28068,Chlamydia,274.0,Nevada,1996.0,Female,0-14 years,0-14,66.0,173694.0,38.0
28069,Chlamydia,274.0,Nevada,1996.0,Female,15-19 years,15-19,1189.0,48966.0,2428.22
28070,Chlamydia,274.0,Nevada,1996.0,Female,20-24 years,20-24,843.0,48692.0,1731.29
28071,Chlamydia,274.0,Nevada,1996.0,Female,25-29 years,25-29,280.0,62048.0,451.26
28072,Chlamydia,274.0,Nevada,1996.0,Female,30-34 years,30-34,110.0,74993.0,146.68
28073,Chlamydia,274.0,Nevada,1996.0,Female,35-39 years,35-39,31.0,69476.0,44.62
28074,Chlamydia,274.0,Nevada,1996.0,Female,40+ years,40+,28.0,341003.0,8.21
28075,Chlamydia,274.0,Nevada,1996.0,Female,Unknown,99,1.0,,
28076,Chlamydia,274.0,Nevada,1997.0,Female,0-14 years,0-14,72.0,183177.0,39.31
28077,Chlamydia,274.0,Nevada,1997.0,Female,15-19 years,15-19,1088.0,52831.0,2059.4
28078,Chlamydia,274.0,Nevada,1997.0,Female,20-24 years,20-24,775.0,52103.0,1487.44
28079,Chlamydia,274.0,Nevada,1997.0,Female,25-29 years,25-29,290.0,64459.0,449.9
28080,Chlamydia,274.0,Nevada,1997.0,Female,30-34 years,30-34,118.0,76535.0,154.18
28081,Chlamydia,274.0,Nevada,1997.0,Female,35-39 years,35-39,42.0,73233.0,57.35
28082,Chlamydia,274.0,Nevada,1997.0,Female,40+ years,40+,38.0,364465.0,10.43
28083,Chlamydia,274.0,Nevada,1997.0,Female,Unknown,99,61.0,,
28084,Chlamydia,274.0,Nevada,1998.0,Female,0-14 years,0-14,65.0,193756.0,33.55
28085,Chlamydia,274.0,Nevada,1998.0,Female,15-19 years,15-19,1257.0,56383.0,2229.4
28086,Chlamydia,274.0,Nevada,1998.0,Female,20-24 years,20-24,936.0,55088.0,1699.1
28087,Chlamydia,274.0,Nevada,1998.0,Female,25-29 years,25-29,333.0,66919.0,497.62
28088,Chlamydia,274.0,Nevada,1998.0,Female,30-34 years,30-34,118.0,76250.0,154.75
28089,Chlamydia,274.0,Nevada,1998.0,Female,35-39 years,35-39,50.0,75924.0,65.86
28090,Chlamydia,274.0,Nevada,1998.0,Female,40+ years,40+,47.0,385873.0,12.18
28091,Chlamydia,274.0,Nevada,1998.0,Female,Unknown,99,14.0,,
28092,Chlamydia,274.0,Nevada,1999.0,Female,0-14 years,0-14,78.0,203934.0,38.25
28093,Chlamydia,274.0,Nevada,1999.0,Female,15-19 years,15-19,1115.0,59135.0,1885.52
28094,Chlamydia,274.0,Nevada,1999.0,Female,20-24 years,20-24,800.0,58798.0,1360.59
28095,Chlamydia,274.0,Nevada,1999.0,Female,25-29 years,25-29,300.0,69222.0,433.39
28096,Chlamydia,274.0,Nevada,1999.0,Female,30-34 years,30-34,110.0,75409.0,145.87
28097,Chlamydia,274.0,Nevada,1999.0,Female,35-39 years,35-39,47.0,77956.0,60.29
28098,Chlamydia,274.0,Nevada,1999.0,Female,40+ years,40+,30.0,404968.0,7.41
28099,Chlamydia,274.0,Nevada,1999.0,Female,Unknown,99,20.0,,
28100,Chlamydia,274.0,Nevada,2000.0,Female,0-14 years,0-14,92.0,224953.0,40.9
28101,Chlamydia,274.0,Nevada,2000.0,Female,15-19 years,15-19,1329.0,62828.0,2115.3
28102,Chlamydia,274.0,Nevada,2000.0,Female,20-24 years,20-24,1061.0,61084.0,1736.95
28103,Chlamydia,274.0,Nevada,2000.0,Female,25-29 years,25-29,354.0,70255.0,503.88
28104,Chlamydia,274.0,Nevada,2000.0,Female,30-34 years,30-34,150.0,74440.0,201.5
28105,Chlamydia,274.0,Nevada,2000.0,Female,35-39 years,35-39,57.0,77555.0,73.5
28106,Chlamydia,274.0,Nevada,2000.0,Female,40+ years,40+,57.0,419056.0,13.6
28107,Chlamydia,274.0,Nevada,2000.0,Female,Unknown,99,24.0,,
28108,Chlamydia,274.0,Nevada,2001.0,Female,0-14 years,0-14,111.0,227917.0,48.7
28109,Chlamydia,274.0,Nevada,2001.0,Female,15-19 years,15-19,1485.0,65248.0,2275.93
28110,Chlamydia,274.0,Nevada,2001.0,Female,20-24 years,20-24,1196.0,63116.0,1894.92
28111,Chlamydia,274.0,Nevada,2001.0,Female,25-29 years,25-29,433.0,72222.0,599.54
28112,Chlamydia,274.0,Nevada,2001.0,Female,30-34 years,30-34,172.0,79598.0,216.09
28113,Chlamydia,274.0,Nevada,2001.0,Female,35-39 years,35-39,82.0,79476.0,103.18
28114,Chlamydia,274.0,Nevada,2001.0,Female,40+ years,40+,70.0,441557.0,15.85
28115,Chlamydia,274.0,Nevada,2001.0,Female,Unknown,99,37.0,,
28116,Chlamydia,274.0,Nevada,2002.0,Female,0-14 years,0-14,107.0,236275.0,45.29
28117,Chlamydia,274.0,Nevada,2002.0,Female,15-19 years,15-19,1765.0,67974.0,2596.58
28118,Chlamydia,274.0,Nevada,2002.0,Female,20-24 years,20-24,1460.0,64103.0,2277.58
28119,Chlamydia,274.0,Nevada,2002.0,Female,25-29 years,25-29,575.0,73369.0,783.71
28120,Chlamydia,274.0,Nevada,2002.0,Female,30-34 years,30-34,220.0,83142.0,264.61
28121,Chlamydia,274.0,Nevada,2002.0,Female,35-39 years,35-39,94.0,80268.0,117.11
28122,Chlamydia,274.0,Nevada,2002.0,Female,40+ years,40+,73.0,461278.0,15.83
28123,Chlamydia,274.0,Nevada,2002.0,Female,Unknown,99,71.0,,
28124,Chlamydia,274.0,Nevada,2003.0,Female,0-14 years,0-14,104.0,239620.0,43.4
28125,Chlamydia,274.0,Nevada,2003.0,Female,15-19 years,15-19,1614.0,70262.0,2297.12
28126,Chlamydia,274.0,Nevada,2003.0,Female,20-24 years,20-24,1497.0,68324.0,2191.03
28127,Chlamydia,274.0,Nevada,2003.0,Female,25-29 years,25-29,589.0,77489.0,760.11
28128,Chlamydia,274.0,Nevada,2003.0,Female,30-34 years,30-34,223.0,86764.0,257.02
28129,Chlamydia,274.0,Nevada,2003.0,Female,35-39 years,35-39,104.0,81845.0,127.07
28130,Chlamydia,274.0,Nevada,2003.0,Female,40+ years,40+,77.0,474949.0,16.21
28131,Chlamydia,274.0,Nevada,2003.0,Female,Unknown,99,60.0,,
28132,Chlamydia,274.0,Nevada,2004.0,Female,0-14 years,0-14,95.0,247945.0,38.31
28133,Chlamydia,274.0,Nevada,2004.0,Female,15-19 years,15-19,1777.0,74312.0,2391.27
28134,Chlamydia,274.0,Nevada,2004.0,Female,20-24 years,20-24,1685.0,72119.0,2336.42
28135,Chlamydia,274.0,Nevada,2004.0,Female,25-29 years,25-29,721.0,80427.0,896.47
28136,Chlamydia,274.0,Nevada,2004.0,Female,30-34 years,30-34,289.0,89262.0,323.77
28137,Chlamydia,274.0,Nevada,2004.0,Female,35-39 years,35-39,124.0,83741.0,148.08
28138,Chlamydia,274.0,Nevada,2004.0,Female,40+ years,40+,122.0,498162.0,24.49
28139,Chlamydia,274.0,Nevada,2004.0,Female,Unknown,99,44.0,,
28140,Chlamydia,274.0,Nevada,2005.0,Female,0-14 years,0-14,84.0,253597.0,33.12
28141,Chlamydia,274.0,Nevada,2005.0,Female,15-19 years,15-19,1886.0,78196.0,2411.89
28142,Chlamydia,274.0,Nevada,2005.0,Female,20-24 years,20-24,1897.0,75773.0,2503.53
28143,Chlamydia,274.0,Nevada,2005.0,Female,25-29 years,25-29,862.0,82817.0,1040.85
28144,Chlamydia,274.0,Nevada,2005.0,Female,30-34 years,30-34,352.0,90174.0,390.36
28145,Chlamydia,274.0,Nevada,2005.0,Female,35-39 years,35-39,140.0,86636.0,161.6
28146,Chlamydia,274.0,Nevada,2005.0,Female,40+ years,40+,125.0,518238.0,24.12
28147,Chlamydia,274.0,Nevada,2005.0,Female,Unknown,99,16.0,,
28148,Chlamydia,274.0,Nevada,2006.0,Female,0-14 years,0-14,97.0,258684.0,37.5
28149,Chlamydia,274.0,Nevada,2006.0,Female,15-19 years,15-19,2157.0,76775.0,2809.51
28150,Chlamydia,274.0,Nevada,2006.0,Female,20-24 years,20-24,2174.0,75778.0,2868.91
28151,Chlamydia,274.0,Nevada,2006.0,Female,25-29 years,25-29,993.0,94562.0,1050.1
28152,Chlamydia,274.0,Nevada,2006.0,Female,30-34 years,30-34,454.0,87109.0,521.19
28153,Chlamydia,274.0,Nevada,2006.0,Female,35-39 years,35-39,159.0,89905.0,176.85
28154,Chlamydia,274.0,Nevada,2006.0,Female,40+ years,40+,130.0,543822.0,23.9
28155,Chlamydia,274.0,Nevada,2006.0,Female,Unknown,99,21.0,,
28156,Chlamydia,274.0,Nevada,2007.0,Female,0-14 years,0-14,117.0,268506.0,43.57
28157,Chlamydia,274.0,Nevada,2007.0,Female,15-19 years,15-19,2610.0,78729.0,3315.17
28158,Chlamydia,274.0,Nevada,2007.0,Female,20-24 years,20-24,2427.0,73567.0,3299.03
28159,Chlamydia,274.0,Nevada,2007.0,Female,25-29 years,25-29,1076.0,95613.0,1125.37
28160,Chlamydia,274.0,Nevada,2007.0,Female,30-34 years,30-34,421.0,87793.0,479.54
28161,Chlamydia,274.0,Nevada,2007.0,Female,35-39 years,35-39,226.0,92174.0,245.19
28162,Chlamydia,274.0,Nevada,2007.0,Female,40+ years,40+,137.0,562251.0,24.37
28163,Chlamydia,274.0,Nevada,2007.0,Female,Unknown,99,30.0,,
28164,Chlamydia,274.0,Nevada,2008.0,Female,0-14 years,0-14,87.0,272666.0,31.91
28165,Chlamydia,274.0,Nevada,2008.0,Female,15-19 years,15-19,2634.0,79683.0,3305.6
28166,Chlamydia,274.0,Nevada,2008.0,Female,20-24 years,20-24,2473.0,73753.0,3353.08
28167,Chlamydia,274.0,Nevada,2008.0,Female,25-29 years,25-29,1085.0,95133.0,1140.51
28168,Chlamydia,274.0,Nevada,2008.0,Female,30-34 years,30-34,439.0,89371.0,491.21
28169,Chlamydia,274.0,Nevada,2008.0,Female,35-39 years,35-39,215.0,92431.0,232.61
28170,Chlamydia,274.0,Nevada,2008.0,Female,40+ years,40+,183.0,572540.0,31.96
28171,Chlamydia,274.0,Nevada,2008.0,Female,Unknown,99,15.0,,
28172,Chlamydia,274.0,Nevada,2009.0,Female,0-14 years,0-14,79.0,278923.0,28.32
28173,Chlamydia,274.0,Nevada,2009.0,Female,15-19 years,15-19,2485.0,81858.0,3035.74
28174,Chlamydia,274.0,Nevada,2009.0,Female,20-24 years,20-24,2542.0,79736.0,3188.02
28175,Chlamydia,274.0,Nevada,2009.0,Female,25-29 years,25-29,1129.0,97286.0,1160.5
28176,Chlamydia,274.0,Nevada,2009.0,Female,30-34 years,30-34,526.0,90601.0,580.57
28177,Chlamydia,274.0,Nevada,2009.0,Female,35-39 years,35-39,178.0,90773.0,196.09
28178,Chlamydia,274.0,Nevada,2009.0,Female,40+ years,40+,168.0,577862.0,29.07
28179,Chlamydia,274.0,Nevada,2009.0,Female,Unknown,99,5.0,,
28180,Chlamydia,274.0,Nevada,2010.0,Female,0-14 years,0-14,82.0,270511.0,30.31
28181,Chlamydia,274.0,Nevada,2010.0,Female,15-19 years,15-19,2411.0,88527.0,2723.46
28182,Chlamydia,274.0,Nevada,2010.0,Female,20-24 years,20-24,2468.0,86361.0,2857.77
28183,Chlamydia,274.0,Nevada,2010.0,Female,25-29 years,25-29,1051.0,96343.0,1090.89
28184,Chlamydia,274.0,Nevada,2010.0,Female,30-34 years,30-34,465.0,92840.0,500.86
28185,Chlamydia,274.0,Nevada,2010.0,Female,35-39 years,35-39,221.0,93687.0,235.89
28186,Chlamydia,274.0,Nevada,2010.0,Female,40+ years,40+,196.0,608666.0,32.2
28187,Chlamydia,274.0,Nevada,2010.0,Female,Unknown,99,3.0,,
28188,Chlamydia,274.0,Nevada,2011.0,Female,0-14 years,0-14,75.0,270263.0,27.75
28189,Chlamydia,274.0,Nevada,2011.0,Female,15-19 years,15-19,2443.0,85229.0,2866.4
28190,Chlamydia,274.0,Nevada,2011.0,Female,20-24 years,20-24,2731.0,89876.0,3038.63
28191,Chlamydia,274.0,Nevada,2011.0,Female,25-29 years,25-29,1027.0,95822.0,1071.78
28192,Chlamydia,274.0,Nevada,2011.0,Female,30-34 years,30-34,496.0,94310.0,525.92
28193,Chlamydia,274.0,Nevada,2011.0,Female,35-39 years,35-39,224.0,90654.0,247.09
28194,Chlamydia,274.0,Nevada,2011.0,Female,40+ years,40+,216.0,622610.0,34.69
28195,Chlamydia,274.0,Nevada,2011.0,Female,Unknown,99,3.0,,
28196,Chlamydia,274.0,Nevada,2012.0,Female,0-14 years,0-14,92.0,269673.0,34.12
28197,Chlamydia,274.0,Nevada,2012.0,Female,15-19 years,15-19,2444.0,85608.0,2854.87
28198,Chlamydia,274.0,Nevada,2012.0,Female,20-24 years,20-24,2909.0,92547.0,3143.27
28199,Chlamydia,274.0,Nevada,2012.0,Female,25-29 years,25-29,1165.0,95155.0,1224.32
28200,Chlamydia,274.0,Nevada,2012.0,Female,30-34 years,30-34,551.0,95679.0,575.88
28201,Chlamydia,274.0,Nevada,2012.0,Female,35-39 years,35-39,229.0,90459.0,253.15
28202,Chlamydia,274.0,Nevada,2012.0,Female,40+ years,40+,236.0,638603.0,36.96
28203,Chlamydia,274.0,Nevada,2012.0,Female,Unknown,99,2.0,,
28204,Chlamydia,274.0,Nevada,2013.0,Female,0-14 years,0-14,73.0,268880.0,27.15
28205,Chlamydia,274.0,Nevada,2013.0,Female,15-19 years,15-19,2451.0,85807.0,2856.41
28206,Chlamydia,274.0,Nevada,2013.0,Female,20-24 years,20-24,3151.0,92425.0,3409.25
28207,Chlamydia,274.0,Nevada,2013.0,Female,25-29 years,25-29,1363.0,96069.0,1418.77
28208,Chlamydia,274.0,Nevada,2013.0,Female,30-34 years,30-34,584.0,97136.0,601.22
28209,Chlamydia,274.0,Nevada,2013.0,Female,35-39 years,35-39,307.0,90794.0,338.13
28210,Chlamydia,274.0,Nevada,2013.0,Female,40+ years,40+,253.0,653591.0,38.71
28211,Chlamydia,274.0,Nevada,2013.0,Female,Unknown,99,1.0,,
28212,Chlamydia,274.0,Nevada,2014.0,Female,0-14 years,0-14,67.0,268880.0,24.92
28213,Chlamydia,274.0,Nevada,2014.0,Female,15-19 years,15-19,2230.0,85807.0,2598.86
28214,Chlamydia,274.0,Nevada,2014.0,Female,20-24 years,20-24,3204.0,92425.0,3466.59
28215,Chlamydia,274.0,Nevada,2014.0,Female,25-29 years,25-29,1359.0,96069.0,1414.61
28216,Chlamydia,274.0,Nevada,2014.0,Female,30-34 years,30-34,607.0,97136.0,624.9
28217,Chlamydia,274.0,Nevada,2014.0,Female,35-39 years,35-39,308.0,90794.0,339.23
28218,Chlamydia,274.0,Nevada,2014.0,Female,40+ years,40+,263.0,653591.0,40.24
28219,Chlamydia,274.0,Nevada,2014.0,Female,Unknown,99,1.0,,
28220,Chlamydia,274.0,New Hampshire,1996.0,Female,0-14 years,0-14,17.0,123280.0,13.79
28221,Chlamydia,274.0,New Hampshire,1996.0,Female,15-19 years,15-19,257.0,37967.0,676.9
28222,Chlamydia,274.0,New Hampshire,1996.0,Female,20-24 years,20-24,219.0,33367.0,656.34
28223,Chlamydia,274.0,New Hampshire,1996.0,Female,25-29 years,25-29,55.0,39835.0,138.07
28224,Chlamydia,274.0,New Hampshire,1996.0,Female,30-34 years,30-34,15.0,49289.0,30.43
28225,Chlamydia,274.0,New Hampshire,1996.0,Female,35-39 years,35-39,8.0,56621.0,14.13
28226,Chlamydia,274.0,New Hampshire,1996.0,Female,40+ years,40+,8.0,257885.0,3.1
28227,Chlamydia,274.0,New Hampshire,1997.0,Female,0-14 years,0-14,14.0,123729.0,11.32
28228,Chlamydia,274.0,New Hampshire,1997.0,Female,15-19 years,15-19,315.0,39441.0,798.66
28229,Chlamydia,274.0,New Hampshire,1997.0,Female,20-24 years,20-24,208.0,32656.0,636.94
28230,Chlamydia,274.0,New Hampshire,1997.0,Female,25-29 years,25-29,58.0,39672.0,146.2
28231,Chlamydia,274.0,New Hampshire,1997.0,Female,30-34 years,30-34,23.0,47309.0,48.62
28232,Chlamydia,274.0,New Hampshire,1997.0,Female,35-39 years,35-39,11.0,56995.0,19.3
28233,Chlamydia,274.0,New Hampshire,1997.0,Female,40+ years,40+,10.0,265651.0,3.76
28234,Chlamydia,274.0,New Hampshire,1998.0,Female,0-14 years,0-14,9.0,125157.0,7.19
28235,Chlamydia,274.0,New Hampshire,1998.0,Female,15-19 years,15-19,361.0,40897.0,882.71
28236,Chlamydia,274.0,New Hampshire,1998.0,Female,20-24 years,20-24,230.0,32929.0,698.47
28237,Chlamydia,274.0,New Hampshire,1998.0,Female,25-29 years,25-29,75.0,38573.0,194.44
28238,Chlamydia,274.0,New Hampshire,1998.0,Female,30-34 years,30-34,26.0,45582.0,57.04
28239,Chlamydia,274.0,New Hampshire,1998.0,Female,35-39 years,35-39,13.0,56683.0,22.93
28240,Chlamydia,274.0,New Hampshire,1998.0,Female,40+ years,40+,12.0,274030.0,4.38
28241,Chlamydia,274.0,New Hampshire,1999.0,Female,0-14 years,0-14,9.0,125431.0,7.18
28242,Chlamydia,274.0,New Hampshire,1999.0,Female,15-19 years,15-19,392.0,41820.0,937.35
28243,Chlamydia,274.0,New Hampshire,1999.0,Female,20-24 years,20-24,265.0,33683.0,786.75
28244,Chlamydia,274.0,New Hampshire,1999.0,Female,25-29 years,25-29,67.0,37116.0,180.51
28245,Chlamydia,274.0,New Hampshire,1999.0,Female,30-34 years,30-34,26.0,44732.0,58.12
28246,Chlamydia,274.0,New Hampshire,1999.0,Female,35-39 years,35-39,9.0,56304.0,15.98
28247,Chlamydia,274.0,New Hampshire,1999.0,Female,40+ years,40+,1.0,282323.0,0.35
28248,Chlamydia,274.0,New Hampshire,2000.0,Female,0-14 years,0-14,18.0,125454.0,14.35
28249,Chlamydia,274.0,New Hampshire,2000.0,Female,15-19 years,15-19,396.0,42762.0,926.06
28250,Chlamydia,274.0,New Hampshire,2000.0,Female,20-24 years,20-24,339.0,35135.0,964.85
28251,Chlamydia,274.0,New Hampshire,2000.0,Female,25-29 years,25-29,75.0,35482.0,211.38
28252,Chlamydia,274.0,New Hampshire,2000.0,Female,30-34 years,30-34,32.0,44822.0,71.39
28253,Chlamydia,274.0,New Hampshire,2000.0,Female,35-39 years,35-39,17.0,55498.0,30.63
28254,Chlamydia,274.0,New Hampshire,2000.0,Female,40+ years,40+,12.0,291185.0,4.12
28255,Chlamydia,274.0,New Hampshire,2001.0,Female,0-14 years,0-14,10.0,123694.0,8.08
28256,Chlamydia,274.0,New Hampshire,2001.0,Female,15-19 years,15-19,468.0,43296.0,1080.93
28257,Chlamydia,274.0,New Hampshire,2001.0,Female,20-24 years,20-24,377.0,38281.0,984.82
28258,Chlamydia,274.0,New Hampshire,2001.0,Female,25-29 years,25-29,110.0,34316.0,320.55
28259,Chlamydia,274.0,New Hampshire,2001.0,Female,30-34 years,30-34,43.0,45099.0,95.35
28260,Chlamydia,274.0,New Hampshire,2001.0,Female,35-39 years,35-39,17.0,55165.0,30.82
28261,Chlamydia,274.0,New Hampshire,2001.0,Female,40+ years,40+,17.0,299766.0,5.67
28262,Chlamydia,274.0,New Hampshire,2002.0,Female,0-14 years,0-14,12.0,123082.0,9.75
28263,Chlamydia,274.0,New Hampshire,2002.0,Female,15-19 years,15-19,514.0,44127.0,1164.82
28264,Chlamydia,274.0,New Hampshire,2002.0,Female,20-24 years,20-24,461.0,40427.0,1140.33
28265,Chlamydia,274.0,New Hampshire,2002.0,Female,25-29 years,25-29,126.0,33361.0,377.69
28266,Chlamydia,274.0,New Hampshire,2002.0,Female,30-34 years,30-34,40.0,44916.0,89.06
28267,Chlamydia,274.0,New Hampshire,2002.0,Female,35-39 years,35-39,9.0,54135.0,16.63
28268,Chlamydia,274.0,New Hampshire,2002.0,Female,40+ years,40+,6.0,307387.0,1.95
28269,Chlamydia,274.0,New Hampshire,2003.0,Female,0-14 years,0-14,14.0,121389.0,11.53
28270,Chlamydia,274.0,New Hampshire,2003.0,Female,15-19 years,15-19,496.0,45350.0,1093.72
28271,Chlamydia,274.0,New Hampshire,2003.0,Female,20-24 years,20-24,477.0,41994.0,1135.88
28272,Chlamydia,274.0,New Hampshire,2003.0,Female,25-29 years,25-29,144.0,32426.0,444.09
28273,Chlamydia,274.0,New Hampshire,2003.0,Female,30-34 years,30-34,39.0,42376.0,92.03
28274,Chlamydia,274.0,New Hampshire,2003.0,Female,35-39 years,35-39,17.0,51890.0,32.76
28275,Chlamydia,274.0,New Hampshire,2003.0,Female,40+ years,40+,9.0,317788.0,2.83
28276,Chlamydia,274.0,New Hampshire,2004.0,Female,0-14 years,0-14,10.0,120164.0,8.32
28277,Chlamydia,274.0,New Hampshire,2004.0,Female,15-19 years,15-19,522.0,46577.0,1120.72
28278,Chlamydia,274.0,New Hampshire,2004.0,Female,20-24 years,20-24,529.0,42446.0,1246.29
28279,Chlamydia,274.0,New Hampshire,2004.0,Female,25-29 years,25-29,136.0,33753.0,402.93
28280,Chlamydia,274.0,New Hampshire,2004.0,Female,30-34 years,30-34,35.0,40645.0,86.11
28281,Chlamydia,274.0,New Hampshire,2004.0,Female,35-39 years,35-39,19.0,50023.0,37.98
28282,Chlamydia,274.0,New Hampshire,2004.0,Female,40+ years,40+,14.0,324952.0,4.31
28283,Chlamydia,274.0,New Hampshire,2005.0,Female,0-14 years,0-14,7.0,118617.0,5.9
28284,Chlamydia,274.0,New Hampshire,2005.0,Female,15-19 years,15-19,539.0,47365.0,1137.97
28285,Chlamydia,274.0,New Hampshire,2005.0,Female,20-24 years,20-24,579.0,42318.0,1368.21
28286,Chlamydia,274.0,New Hampshire,2005.0,Female,25-29 years,25-29,139.0,35493.0,391.63
28287,Chlamydia,274.0,New Hampshire,2005.0,Female,30-34 years,30-34,47.0,38607.0,121.74
28288,Chlamydia,274.0,New Hampshire,2005.0,Female,35-39 years,35-39,20.0,48532.0,41.21
28289,Chlamydia,274.0,New Hampshire,2005.0,Female,40+ years,40+,12.0,333297.0,3.6
28290,Chlamydia,274.0,New Hampshire,2006.0,Female,0-14 years,0-14,4.0,117000.0,3.42
28291,Chlamydia,274.0,New Hampshire,2006.0,Female,15-19 years,15-19,540.0,46369.0,1164.57
28292,Chlamydia,274.0,New Hampshire,2006.0,Female,20-24 years,20-24,605.0,40935.0,1477.95
28293,Chlamydia,274.0,New Hampshire,2006.0,Female,25-29 years,25-29,225.0,37702.0,596.78
28294,Chlamydia,274.0,New Hampshire,2006.0,Female,30-34 years,30-34,63.0,38902.0,161.94
28295,Chlamydia,274.0,New Hampshire,2006.0,Female,35-39 years,35-39,26.0,48954.0,53.11
28296,Chlamydia,274.0,New Hampshire,2006.0,Female,40+ years,40+,21.0,336465.0,6.24
28297,Chlamydia,274.0,New Hampshire,2007.0,Female,0-14 years,0-14,8.0,117509.0,6.81
28298,Chlamydia,274.0,New Hampshire,2007.0,Female,15-19 years,15-19,569.0,46252.0,1230.22
28299,Chlamydia,274.0,New Hampshire,2007.0,Female,20-24 years,20-24,624.0,40509.0,1540.4
28300,Chlamydia,274.0,New Hampshire,2007.0,Female,25-29 years,25-29,225.0,37751.0,596.01
28301,Chlamydia,274.0,New Hampshire,2007.0,Female,30-34 years,30-34,65.0,37532.0,173.19
28302,Chlamydia,274.0,New Hampshire,2007.0,Female,35-39 years,35-39,30.0,47346.0,63.36
28303,Chlamydia,274.0,New Hampshire,2007.0,Female,40+ years,40+,12.0,339630.0,3.53
28304,Chlamydia,274.0,New Hampshire,2008.0,Female,0-14 years,0-14,17.0,115847.0,14.67
28305,Chlamydia,274.0,New Hampshire,2008.0,Female,15-19 years,15-19,549.0,45541.0,1205.51
28306,Chlamydia,274.0,New Hampshire,2008.0,Female,20-24 years,20-24,616.0,40585.0,1517.8
28307,Chlamydia,274.0,New Hampshire,2008.0,Female,25-29 years,25-29,226.0,38524.0,586.65
28308,Chlamydia,274.0,New Hampshire,2008.0,Female,30-34 years,30-34,79.0,36231.0,218.04
28309,Chlamydia,274.0,New Hampshire,2008.0,Female,35-39 years,35-39,30.0,46291.0,64.81
28310,Chlamydia,274.0,New Hampshire,2008.0,Female,40+ years,40+,26.0,343703.0,7.56
28311,Chlamydia,274.0,New Hampshire,2008.0,Female,Unknown,99,5.0,,
28312,Chlamydia,274.0,New Hampshire,2009.0,Female,0-14 years,0-14,4.0,114863.0,3.48
28313,Chlamydia,274.0,New Hampshire,2009.0,Female,15-19 years,15-19,506.0,46736.0,1082.68
28314,Chlamydia,274.0,New Hampshire,2009.0,Female,20-24 years,20-24,683.0,44249.0,1543.54
28315,Chlamydia,274.0,New Hampshire,2009.0,Female,25-29 years,25-29,222.0,37971.0,584.66
28316,Chlamydia,274.0,New Hampshire,2009.0,Female,30-34 years,30-34,84.0,36253.0,231.71
28317,Chlamydia,274.0,New Hampshire,2009.0,Female,35-39 years,35-39,23.0,42904.0,53.61
28318,Chlamydia,274.0,New Hampshire,2009.0,Female,40+ years,40+,20.0,348651.0,5.74
28319,Chlamydia,274.0,New Hampshire,2010.0,Female,0-14 years,0-14,11.0,113458.0,9.7
28320,Chlamydia,274.0,New Hampshire,2010.0,Female,15-19 years,15-19,631.0,45852.0,1376.17
28321,Chlamydia,274.0,New Hampshire,2010.0,Female,20-24 years,20-24,771.0,41448.0,1860.16
28322,Chlamydia,274.0,New Hampshire,2010.0,Female,25-29 years,25-29,255.0,36183.0,704.75
28323,Chlamydia,274.0,New Hampshire,2010.0,Female,30-34 years,30-34,78.0,36050.0,216.37
28324,Chlamydia,274.0,New Hampshire,2010.0,Female,35-39 years,35-39,37.0,41596.0,88.95
28325,Chlamydia,274.0,New Hampshire,2010.0,Female,40+ years,40+,25.0,352489.0,7.09
28326,Chlamydia,274.0,New Hampshire,2011.0,Female,0-14 years,0-14,18.0,110643.0,16.27
28327,Chlamydia,274.0,New Hampshire,2011.0,Female,15-19 years,15-19,779.0,45927.0,1696.17
28328,Chlamydia,274.0,New Hampshire,2011.0,Female,20-24 years,20-24,942.0,41408.0,2274.92
28329,Chlamydia,274.0,New Hampshire,2011.0,Female,25-29 years,25-29,273.0,36503.0,747.88
28330,Chlamydia,274.0,New Hampshire,2011.0,Female,30-34 years,30-34,110.0,36496.0,301.4
28331,Chlamydia,274.0,New Hampshire,2011.0,Female,35-39 years,35-39,32.0,39001.0,82.05
28332,Chlamydia,274.0,New Hampshire,2011.0,Female,40+ years,40+,30.0,357363.0,8.39
28333,Chlamydia,274.0,New Hampshire,2012.0,Female,0-14 years,0-14,7.0,108588.0,6.45
28334,Chlamydia,274.0,New Hampshire,2012.0,Female,15-19 years,15-19,761.0,45524.0,1671.65
28335,Chlamydia,274.0,New Hampshire,2012.0,Female,20-24 years,20-24,932.0,41987.0,2219.73
28336,Chlamydia,274.0,New Hampshire,2012.0,Female,25-29 years,25-29,270.0,36643.0,736.84
28337,Chlamydia,274.0,New Hampshire,2012.0,Female,30-34 years,30-34,102.0,37117.0,274.81
28338,Chlamydia,274.0,New Hampshire,2012.0,Female,35-39 years,35-39,40.0,37462.0,106.78
28339,Chlamydia,274.0,New Hampshire,2012.0,Female,40+ years,40+,38.0,361160.0,10.52
28340,Chlamydia,274.0,New Hampshire,2013.0,Female,0-14 years,0-14,9.0,107545.0,8.37
28341,Chlamydia,274.0,New Hampshire,2013.0,Female,15-19 years,15-19,678.0,44559.0,1521.58
28342,Chlamydia,274.0,New Hampshire,2013.0,Female,20-24 years,20-24,1004.0,43056.0,2331.85
28343,Chlamydia,274.0,New Hampshire,2013.0,Female,25-29 years,25-29,284.0,37307.0,761.25
28344,Chlamydia,274.0,New Hampshire,2013.0,Female,30-34 years,30-34,125.0,37237.0,335.69
28345,Chlamydia,274.0,New Hampshire,2013.0,Female,35-39 years,35-39,42.0,36650.0,114.6
28346,Chlamydia,274.0,New Hampshire,2013.0,Female,40+ years,40+,45.0,363392.0,12.38
28347,Chlamydia,274.0,New Hampshire,2014.0,Female,0-14 years,0-14,7.0,107545.0,6.51
28348,Chlamydia,274.0,New Hampshire,2014.0,Female,15-19 years,15-19,659.0,44559.0,1478.94
28349,Chlamydia,274.0,New Hampshire,2014.0,Female,20-24 years,20-24,1097.0,43056.0,2547.84
28350,Chlamydia,274.0,New Hampshire,2014.0,Female,25-29 years,25-29,428.0,37307.0,1147.24
28351,Chlamydia,274.0,New Hampshire,2014.0,Female,30-34 years,30-34,142.0,37237.0,381.34
28352,Chlamydia,274.0,New Hampshire,2014.0,Female,35-39 years,35-39,67.0,36650.0,182.81
28353,Chlamydia,274.0,New Hampshire,2014.0,Female,40+ years,40+,52.0,363392.0,14.31
28354,Chlamydia,274.0,New Jersey,1996.0,Female,0-14 years,0-14,313.0,830099.0,37.71
28355,Chlamydia,274.0,New Jersey,1996.0,Female,15-19 years,15-19,5077.0,245765.0,2065.79
28356,Chlamydia,274.0,New Jersey,1996.0,Female,20-24 years,20-24,3667.0,235277.0,1558.59
28357,Chlamydia,274.0,New Jersey,1996.0,Female,25-29 years,25-29,1385.0,283318.0,488.85
28358,Chlamydia,274.0,New Jersey,1996.0,Female,30-34 years,30-34,514.0,356248.0,144.28
28359,Chlamydia,274.0,New Jersey,1996.0,Female,35-39 years,35-39,288.0,366024.0,78.68
28360,Chlamydia,274.0,New Jersey,1996.0,Female,40+ years,40+,226.0,1884603.0,11.99
28361,Chlamydia,274.0,New Jersey,1996.0,Female,Unknown,99,1.0,,
28362,Chlamydia,274.0,New Jersey,1997.0,Female,0-14 years,0-14,276.0,833977.0,33.09
28363,Chlamydia,274.0,New Jersey,1997.0,Female,15-19 years,15-19,4128.0,248198.0,1663.19
28364,Chlamydia,274.0,New Jersey,1997.0,Female,20-24 years,20-24,3111.0,234097.0,1328.94
28365,Chlamydia,274.0,New Jersey,1997.0,Female,25-29 years,25-29,1003.0,279191.0,359.25
28366,Chlamydia,274.0,New Jersey,1997.0,Female,30-34 years,30-34,449.0,350098.0,128.25
28367,Chlamydia,274.0,New Jersey,1997.0,Female,35-39 years,35-39,219.0,369846.0,59.21
28368,Chlamydia,274.0,New Jersey,1997.0,Female,40+ years,40+,176.0,1920261.0,9.17
28369,Chlamydia,274.0,New Jersey,1997.0,Female,Unknown,99,279.0,,
28370,Chlamydia,274.0,New Jersey,1998.0,Female,0-14 years,0-14,276.0,839729.0,32.87
28371,Chlamydia,274.0,New Jersey,1998.0,Female,15-19 years,15-19,4669.0,250965.0,1860.42
28372,Chlamydia,274.0,New Jersey,1998.0,Female,20-24 years,20-24,3569.0,233415.0,1529.04
28373,Chlamydia,274.0,New Jersey,1998.0,Female,25-29 years,25-29,1222.0,277108.0,440.98
28374,Chlamydia,274.0,New Jersey,1998.0,Female,30-34 years,30-34,476.0,341302.0,139.47
28375,Chlamydia,274.0,New Jersey,1998.0,Female,35-39 years,35-39,190.0,371013.0,51.21
28376,Chlamydia,274.0,New Jersey,1998.0,Female,40+ years,40+,155.0,1955636.0,7.93
28377,Chlamydia,274.0,New Jersey,1998.0,Female,Unknown,99,178.0,,
28378,Chlamydia,274.0,New Jersey,1999.0,Female,0-14 years,0-14,270.0,850297.0,31.75
28379,Chlamydia,274.0,New Jersey,1999.0,Female,15-19 years,15-19,4522.0,252487.0,1790.98
28380,Chlamydia,274.0,New Jersey,1999.0,Female,20-24 years,20-24,3939.0,234381.0,1680.6
28381,Chlamydia,274.0,New Jersey,1999.0,Female,25-29 years,25-29,1249.0,274353.0,455.25
28382,Chlamydia,274.0,New Jersey,1999.0,Female,30-34 years,30-34,533.0,331258.0,160.9
28383,Chlamydia,274.0,New Jersey,1999.0,Female,35-39 years,35-39,213.0,370291.0,57.52
28384,Chlamydia,274.0,New Jersey,1999.0,Female,40+ years,40+,193.0,1991204.0,9.69
28385,Chlamydia,274.0,New Jersey,1999.0,Female,Unknown,99,204.0,,
28386,Chlamydia,274.0,New Jersey,2000.0,Female,0-14 years,0-14,324.0,862048.0,37.58
28387,Chlamydia,274.0,New Jersey,2000.0,Female,15-19 years,15-19,3997.0,256582.0,1557.79
28388,Chlamydia,274.0,New Jersey,2000.0,Female,20-24 years,20-24,3358.0,234943.0,1429.28
28389,Chlamydia,274.0,New Jersey,2000.0,Female,25-29 years,25-29,982.0,268456.0,365.8
28390,Chlamydia,274.0,New Jersey,2000.0,Female,30-34 years,30-34,404.0,324409.0,124.53
28391,Chlamydia,274.0,New Jersey,2000.0,Female,35-39 years,35-39,189.0,366552.0,51.56
28392,Chlamydia,274.0,New Jersey,2000.0,Female,40+ years,40+,150.0,2027524.0,7.4
28393,Chlamydia,274.0,New Jersey,2000.0,Female,Unknown,99,82.0,,
28394,Chlamydia,274.0,New Jersey,2001.0,Female,0-14 years,0-14,305.0,865996.0,35.22
28395,Chlamydia,274.0,New Jersey,2001.0,Female,15-19 years,15-19,5034.0,265958.0,1892.78
28396,Chlamydia,274.0,New Jersey,2001.0,Female,20-24 years,20-24,5392.0,233820.0,2306.05
28397,Chlamydia,274.0,New Jersey,2001.0,Female,25-29 years,25-29,1893.0,258472.0,732.38
28398,Chlamydia,274.0,New Jersey,2001.0,Female,30-34 years,30-34,799.0,321263.0,248.71
28399,Chlamydia,274.0,New Jersey,2001.0,Female,35-39 years,35-39,357.0,365440.0,97.69
28400,Chlamydia,274.0,New Jersey,2001.0,Female,40+ years,40+,294.0,2067050.0,14.22
28401,Chlamydia,274.0,New Jersey,2001.0,Female,Unknown,99,278.0,,
28402,Chlamydia,274.0,New Jersey,2002.0,Female,0-14 years,0-14,299.0,870938.0,34.33
28403,Chlamydia,274.0,New Jersey,2002.0,Female,15-19 years,15-19,4766.0,274077.0,1738.93
28404,Chlamydia,274.0,New Jersey,2002.0,Female,20-24 years,20-24,4349.0,231444.0,1879.07
28405,Chlamydia,274.0,New Jersey,2002.0,Female,25-29 years,25-29,1559.0,249936.0,623.76
28406,Chlamydia,274.0,New Jersey,2002.0,Female,30-34 years,30-34,596.0,316244.0,188.46
28407,Chlamydia,274.0,New Jersey,2002.0,Female,35-39 years,35-39,304.0,361492.0,84.1
28408,Chlamydia,274.0,New Jersey,2002.0,Female,40+ years,40+,208.0,2112245.0,9.85
28409,Chlamydia,274.0,New Jersey,2002.0,Female,Unknown,99,102.0,,
28410,Chlamydia,274.0,New Jersey,2003.0,Female,0-14 years,0-14,305.0,870029.0,35.06
28411,Chlamydia,274.0,New Jersey,2003.0,Female,15-19 years,15-19,5149.0,279639.0,1841.3
28412,Chlamydia,274.0,New Jersey,2003.0,Female,20-24 years,20-24,4875.0,244738.0,1991.93
28413,Chlamydia,274.0,New Jersey,2003.0,Female,25-29 years,25-29,1865.0,247606.0,753.21
28414,Chlamydia,274.0,New Jersey,2003.0,Female,30-34 years,30-34,773.0,307580.0,251.32
28415,Chlamydia,274.0,New Jersey,2003.0,Female,35-39 years,35-39,370.0,352083.0,105.09
28416,Chlamydia,274.0,New Jersey,2003.0,Female,40+ years,40+,300.0,2133109.0,14.06
28417,Chlamydia,274.0,New Jersey,2003.0,Female,Unknown,99,176.0,,
28418,Chlamydia,274.0,New Jersey,2004.0,Female,0-14 years,0-14,262.0,877087.0,29.87
28419,Chlamydia,274.0,New Jersey,2004.0,Female,15-19 years,15-19,5325.0,287101.0,1854.75
28420,Chlamydia,274.0,New Jersey,2004.0,Female,20-24 years,20-24,5240.0,251272.0,2085.39
28421,Chlamydia,274.0,New Jersey,2004.0,Female,25-29 years,25-29,1976.0,244470.0,808.28
28422,Chlamydia,274.0,New Jersey,2004.0,Female,30-34 years,30-34,802.0,298205.0,268.94
28423,Chlamydia,274.0,New Jersey,2004.0,Female,35-39 years,35-39,379.0,342295.0,110.72
28424,Chlamydia,274.0,New Jersey,2004.0,Female,40+ years,40+,303.0,2162596.0,14.01
28425,Chlamydia,274.0,New Jersey,2004.0,Female,Unknown,99,204.0,,
28426,Chlamydia,274.0,New Jersey,2005.0,Female,0-14 years,0-14,267.0,874001.0,30.55
28427,Chlamydia,274.0,New Jersey,2005.0,Female,15-19 years,15-19,5728.0,294110.0,1947.57
28428,Chlamydia,274.0,New Jersey,2005.0,Female,20-24 years,20-24,5655.0,256966.0,2200.68
28429,Chlamydia,274.0,New Jersey,2005.0,Female,25-29 years,25-29,2297.0,241562.0,950.89
28430,Chlamydia,274.0,New Jersey,2005.0,Female,30-34 years,30-34,905.0,284586.0,318.01
28431,Chlamydia,274.0,New Jersey,2005.0,Female,35-39 years,35-39,466.0,334451.0,139.33
28432,Chlamydia,274.0,New Jersey,2005.0,Female,40+ years,40+,363.0,2183352.0,16.63
28433,Chlamydia,274.0,New Jersey,2005.0,Female,Unknown,99,145.0,,
28434,Chlamydia,274.0,New Jersey,2006.0,Female,0-14 years,0-14,248.0,839347.0,29.55
28435,Chlamydia,274.0,New Jersey,2006.0,Female,15-19 years,15-19,6068.0,287937.0,2107.41
28436,Chlamydia,274.0,New Jersey,2006.0,Female,20-24 years,20-24,5861.0,262444.0,2233.24
28437,Chlamydia,274.0,New Jersey,2006.0,Female,25-29 years,25-29,2451.0,249107.0,983.91
28438,Chlamydia,274.0,New Jersey,2006.0,Female,30-34 years,30-34,949.0,284445.0,333.63
28439,Chlamydia,274.0,New Jersey,2006.0,Female,35-39 years,35-39,462.0,334128.0,138.27
28440,Chlamydia,274.0,New Jersey,2006.0,Female,40+ years,40+,375.0,2204861.0,17.01
28441,Chlamydia,274.0,New Jersey,2006.0,Female,Unknown,99,146.0,,
28442,Chlamydia,274.0,New Jersey,2007.0,Female,0-14 years,0-14,261.0,826832.0,31.57
28443,Chlamydia,274.0,New Jersey,2007.0,Female,15-19 years,15-19,6116.0,287895.0,2124.39
28444,Chlamydia,274.0,New Jersey,2007.0,Female,20-24 years,20-24,6345.0,263931.0,2404.04
28445,Chlamydia,274.0,New Jersey,2007.0,Female,25-29 years,25-29,2594.0,249532.0,1039.55
28446,Chlamydia,274.0,New Jersey,2007.0,Female,30-34 years,30-34,1043.0,275641.0,378.39
28447,Chlamydia,274.0,New Jersey,2007.0,Female,35-39 years,35-39,479.0,323310.0,148.16
28448,Chlamydia,274.0,New Jersey,2007.0,Female,40+ years,40+,415.0,2209913.0,18.78
28449,Chlamydia,274.0,New Jersey,2007.0,Female,Unknown,99,102.0,,
28450,Chlamydia,274.0,New Jersey,2008.0,Female,0-14 years,0-14,279.0,822392.0,33.93
28451,Chlamydia,274.0,New Jersey,2008.0,Female,15-19 years,15-19,6723.0,286330.0,2347.99
28452,Chlamydia,274.0,New Jersey,2008.0,Female,20-24 years,20-24,6397.0,263756.0,2425.35
28453,Chlamydia,274.0,New Jersey,2008.0,Female,25-29 years,25-29,2569.0,253003.0,1015.4
28454,Chlamydia,274.0,New Jersey,2008.0,Female,30-34 years,30-34,1042.0,268947.0,387.44
28455,Chlamydia,274.0,New Jersey,2008.0,Female,35-39 years,35-39,472.0,314404.0,150.12
28456,Chlamydia,274.0,New Jersey,2008.0,Female,40+ years,40+,421.0,2222047.0,18.95
28457,Chlamydia,274.0,New Jersey,2008.0,Female,Unknown,99,98.0,,
28458,Chlamydia,274.0,New Jersey,2009.0,Female,0-14 years,0-14,204.0,824485.0,24.74
28459,Chlamydia,274.0,New Jersey,2009.0,Female,15-19 years,15-19,6977.0,281747.0,2476.34
28460,Chlamydia,274.0,New Jersey,2009.0,Female,20-24 years,20-24,6776.0,260617.0,2599.98
28461,Chlamydia,274.0,New Jersey,2009.0,Female,25-29 years,25-29,2555.0,270171.0,945.7
28462,Chlamydia,274.0,New Jersey,2009.0,Female,30-34 years,30-34,1103.0,270188.0,408.23
28463,Chlamydia,274.0,New Jersey,2009.0,Female,35-39 years,35-39,514.0,297983.0,172.49
28464,Chlamydia,274.0,New Jersey,2009.0,Female,40+ years,40+,529.0,2234204.0,23.68
28465,Chlamydia,274.0,New Jersey,2009.0,Female,Unknown,99,99.0,,
28466,Chlamydia,274.0,New Jersey,2010.0,Female,0-14 years,0-14,271.0,827899.0,32.73
28467,Chlamydia,274.0,New Jersey,2010.0,Female,15-19 years,15-19,7232.0,288755.0,2504.55
28468,Chlamydia,274.0,New Jersey,2010.0,Female,20-24 years,20-24,7601.0,261808.0,2903.27
28469,Chlamydia,274.0,New Jersey,2010.0,Female,25-29 years,25-29,2730.0,275364.0,991.41
28470,Chlamydia,274.0,New Jersey,2010.0,Female,30-34 years,30-34,1174.0,281296.0,417.35
28471,Chlamydia,274.0,New Jersey,2010.0,Female,35-39 years,35-39,551.0,298981.0,184.29
28472,Chlamydia,274.0,New Jersey,2010.0,Female,40+ years,40+,494.0,2278191.0,21.68
28473,Chlamydia,274.0,New Jersey,2010.0,Female,Unknown,99,75.0,,
28474,Chlamydia,274.0,New Jersey,2011.0,Female,0-14 years,0-14,186.0,820756.0,22.66
28475,Chlamydia,274.0,New Jersey,2011.0,Female,15-19 years,15-19,6562.0,286067.0,2293.87
28476,Chlamydia,274.0,New Jersey,2011.0,Female,20-24 years,20-24,7998.0,263510.0,3035.18
28477,Chlamydia,274.0,New Jersey,2011.0,Female,25-29 years,25-29,2869.0,275922.0,1039.79
28478,Chlamydia,274.0,New Jersey,2011.0,Female,30-34 years,30-34,1128.0,284838.0,396.01
28479,Chlamydia,274.0,New Jersey,2011.0,Female,35-39 years,35-39,559.0,287515.0,194.43
28480,Chlamydia,274.0,New Jersey,2011.0,Female,40+ years,40+,498.0,2302355.0,21.63
28481,Chlamydia,274.0,New Jersey,2011.0,Female,Unknown,99,86.0,,
28482,Chlamydia,274.0,New Jersey,2012.0,Female,0-14 years,0-14,136.0,815044.0,16.69
28483,Chlamydia,274.0,New Jersey,2012.0,Female,15-19 years,15-19,5017.0,285885.0,1754.9
28484,Chlamydia,274.0,New Jersey,2012.0,Female,20-24 years,20-24,7738.0,267978.0,2887.55
28485,Chlamydia,274.0,New Jersey,2012.0,Female,25-29 years,25-29,2841.0,276770.0,1026.48
28486,Chlamydia,274.0,New Jersey,2012.0,Female,30-34 years,30-34,1216.0,287690.0,422.68
28487,Chlamydia,274.0,New Jersey,2012.0,Female,35-39 years,35-39,537.0,284802.0,188.55
28488,Chlamydia,274.0,New Jersey,2012.0,Female,40+ years,40+,596.0,2322736.0,25.66
28489,Chlamydia,274.0,New Jersey,2012.0,Female,Unknown,99,2150.0,,
28490,Chlamydia,274.0,New Jersey,2013.0,Female,0-14 years,0-14,137.0,814759.0,16.81
28491,Chlamydia,274.0,New Jersey,2013.0,Female,15-19 years,15-19,5540.0,282926.0,1958.11
28492,Chlamydia,274.0,New Jersey,2013.0,Female,20-24 years,20-24,8751.0,273742.0,3196.81
28493,Chlamydia,274.0,New Jersey,2013.0,Female,25-29 years,25-29,3405.0,277109.0,1228.76
28494,Chlamydia,274.0,New Jersey,2013.0,Female,30-34 years,30-34,1516.0,288361.0,525.73
28495,Chlamydia,274.0,New Jersey,2013.0,Female,35-39 years,35-39,624.0,283439.0,220.15
28496,Chlamydia,274.0,New Jersey,2013.0,Female,40+ years,40+,689.0,2335038.0,29.51
28497,Chlamydia,274.0,New Jersey,2013.0,Female,Unknown,99,109.0,,
28498,Chlamydia,274.0,New Jersey,2014.0,Female,0-14 years,0-14,145.0,814759.0,17.8
28499,Chlamydia,274.0,New Jersey,2014.0,Female,15-19 years,15-19,5201.0,282926.0,1838.29
28500,Chlamydia,274.0,New Jersey,2014.0,Female,20-24 years,20-24,9148.0,273742.0,3341.83
28501,Chlamydia,274.0,New Jersey,2014.0,Female,25-29 years,25-29,3847.0,277109.0,1388.26
28502,Chlamydia,274.0,New Jersey,2014.0,Female,30-34 years,30-34,1597.0,288361.0,553.82
28503,Chlamydia,274.0,New Jersey,2014.0,Female,35-39 years,35-39,763.0,283439.0,269.19
28504,Chlamydia,274.0,New Jersey,2014.0,Female,40+ years,40+,797.0,2335038.0,34.13
28505,Chlamydia,274.0,New Jersey,2014.0,Female,Unknown,99,58.0,,
28506,Chlamydia,274.0,New Mexico,1996.0,Female,0-14 years,0-14,52.0,206903.0,25.13
28507,Chlamydia,274.0,New Mexico,1996.0,Female,15-19 years,15-19,1412.0,67757.0,2083.92
28508,Chlamydia,274.0,New Mexico,1996.0,Female,20-24 years,20-24,1171.0,58068.0,2016.6
28509,Chlamydia,274.0,New Mexico,1996.0,Female,25-29 years,25-29,488.0,55375.0,881.26
28510,Chlamydia,274.0,New Mexico,1996.0,Female,30-34 years,30-34,192.0,67963.0,282.51
28511,Chlamydia,274.0,New Mexico,1996.0,Female,35-39 years,35-39,92.0,73602.0,125.0
28512,Chlamydia,274.0,New Mexico,1996.0,Female,40+ years,40+,83.0,359492.0,23.09
28513,Chlamydia,274.0,New Mexico,1996.0,Female,Unknown,99,1.0,,
28514,Chlamydia,274.0,New Mexico,1997.0,Female,0-14 years,0-14,55.0,208727.0,26.35
28515,Chlamydia,274.0,New Mexico,1997.0,Female,15-19 years,15-19,1372.0,69436.0,1975.92
28516,Chlamydia,274.0,New Mexico,1997.0,Female,20-24 years,20-24,1212.0,58527.0,2070.84
28517,Chlamydia,274.0,New Mexico,1997.0,Female,25-29 years,25-29,474.0,55635.0,851.98
28518,Chlamydia,274.0,New Mexico,1997.0,Female,30-34 years,30-34,180.0,65103.0,276.49
28519,Chlamydia,274.0,New Mexico,1997.0,Female,35-39 years,35-39,85.0,73461.0,115.71
28520,Chlamydia,274.0,New Mexico,1997.0,Female,40+ years,40+,87.0,370144.0,23.5
28521,Chlamydia,274.0,New Mexico,1998.0,Female,0-14 years,0-14,84.0,207573.0,40.47
28522,Chlamydia,274.0,New Mexico,1998.0,Female,15-19 years,15-19,1271.0,70837.0,1794.26
28523,Chlamydia,274.0,New Mexico,1998.0,Female,20-24 years,20-24,1079.0,58919.0,1831.33
28524,Chlamydia,274.0,New Mexico,1998.0,Female,25-29 years,25-29,414.0,56647.0,730.84
28525,Chlamydia,274.0,New Mexico,1998.0,Female,30-34 years,30-34,190.0,62496.0,304.02
28526,Chlamydia,274.0,New Mexico,1998.0,Female,35-39 years,35-39,74.0,73312.0,100.94
28527,Chlamydia,274.0,New Mexico,1998.0,Female,40+ years,40+,72.0,380979.0,18.9
28528,Chlamydia,274.0,New Mexico,1998.0,Female,Unknown,99,13.0,,
28529,Chlamydia,274.0,New Mexico,1999.0,Female,0-14 years,0-14,76.0,206953.0,36.72
28530,Chlamydia,274.0,New Mexico,1999.0,Female,15-19 years,15-19,1696.0,71114.0,2384.9
28531,Chlamydia,274.0,New Mexico,1999.0,Female,20-24 years,20-24,1447.0,59377.0,2436.97
28532,Chlamydia,274.0,New Mexico,1999.0,Female,25-29 years,25-29,560.0,57285.0,977.57
28533,Chlamydia,274.0,New Mexico,1999.0,Female,30-34 years,30-34,207.0,60318.0,343.18
28534,Chlamydia,274.0,New Mexico,1999.0,Female,35-39 years,35-39,107.0,72356.0,147.88
28535,Chlamydia,274.0,New Mexico,1999.0,Female,40+ years,40+,85.0,391258.0,21.72
28536,Chlamydia,274.0,New Mexico,2000.0,Female,0-14 years,0-14,74.0,203154.0,36.43
28537,Chlamydia,274.0,New Mexico,2000.0,Female,15-19 years,15-19,1695.0,71021.0,2386.62
28538,Chlamydia,274.0,New Mexico,2000.0,Female,20-24 years,20-24,1465.0,60738.0,2412.0
28539,Chlamydia,274.0,New Mexico,2000.0,Female,25-29 years,25-29,515.0,57552.0,894.84
28540,Chlamydia,274.0,New Mexico,2000.0,Female,30-34 years,30-34,202.0,59843.0,337.55
28541,Chlamydia,274.0,New Mexico,2000.0,Female,35-39 years,35-39,98.0,70571.0,138.87
28542,Chlamydia,274.0,New Mexico,2000.0,Female,40+ years,40+,74.0,403270.0,18.35
28543,Chlamydia,274.0,New Mexico,2000.0,Female,Unknown,99,48.0,,
28544,Chlamydia,274.0,New Mexico,2001.0,Female,0-14 years,0-14,111.0,202815.0,54.73
28545,Chlamydia,274.0,New Mexico,2001.0,Female,15-19 years,15-19,1985.0,71681.0,2769.21
28546,Chlamydia,274.0,New Mexico,2001.0,Female,20-24 years,20-24,1622.0,62006.0,2615.88
28547,Chlamydia,274.0,New Mexico,2001.0,Female,25-29 years,25-29,640.0,56403.0,1134.69
28548,Chlamydia,274.0,New Mexico,2001.0,Female,30-34 years,30-34,250.0,59307.0,421.54
28549,Chlamydia,274.0,New Mexico,2001.0,Female,35-39 years,35-39,129.0,67712.0,190.51
28550,Chlamydia,274.0,New Mexico,2001.0,Female,40+ years,40+,94.0,410913.0,22.88
28551,Chlamydia,274.0,New Mexico,2001.0,Female,Unknown,99,60.0,,
28552,Chlamydia,274.0,New Mexico,2002.0,Female,0-14 years,0-14,124.0,202534.0,61.22
28553,Chlamydia,274.0,New Mexico,2002.0,Female,15-19 years,15-19,2239.0,72288.0,3097.33
28554,Chlamydia,274.0,New Mexico,2002.0,Female,20-24 years,20-24,2027.0,64847.0,3125.82
28555,Chlamydia,274.0,New Mexico,2002.0,Female,25-29 years,25-29,818.0,56273.0,1453.63
28556,Chlamydia,274.0,New Mexico,2002.0,Female,30-34 years,30-34,341.0,59961.0,568.7
28557,Chlamydia,274.0,New Mexico,2002.0,Female,35-39 years,35-39,130.0,65623.0,198.1
28558,Chlamydia,274.0,New Mexico,2002.0,Female,40+ years,40+,116.0,421374.0,27.53
28559,Chlamydia,274.0,New Mexico,2002.0,Female,Unknown,99,123.0,,
28560,Chlamydia,274.0,New Mexico,2003.0,Female,0-14 years,0-14,94.0,203523.0,46.19
28561,Chlamydia,274.0,New Mexico,2003.0,Female,15-19 years,15-19,2229.0,72200.0,3087.26
28562,Chlamydia,274.0,New Mexico,2003.0,Female,20-24 years,20-24,2119.0,67557.0,3136.61
28563,Chlamydia,274.0,New Mexico,2003.0,Female,25-29 years,25-29,834.0,56688.0,1471.21
28564,Chlamydia,274.0,New Mexico,2003.0,Female,30-34 years,30-34,350.0,58566.0,597.62
28565,Chlamydia,274.0,New Mexico,2003.0,Female,35-39 years,35-39,158.0,61957.0,255.02
28566,Chlamydia,274.0,New Mexico,2003.0,Female,40+ years,40+,117.0,431668.0,27.1
28567,Chlamydia,274.0,New Mexico,2003.0,Female,Unknown,99,72.0,,
28568,Chlamydia,274.0,New Mexico,2004.0,Female,0-14 years,0-14,94.0,199240.0,47.18
28569,Chlamydia,274.0,New Mexico,2004.0,Female,15-19 years,15-19,2495.0,72384.0,3446.89
28570,Chlamydia,274.0,New Mexico,2004.0,Female,20-24 years,20-24,2471.0,70514.0,3504.27
28571,Chlamydia,274.0,New Mexico,2004.0,Female,25-29 years,25-29,973.0,58701.0,1657.55
28572,Chlamydia,274.0,New Mexico,2004.0,Female,30-34 years,30-34,364.0,58764.0,619.43
28573,Chlamydia,274.0,New Mexico,2004.0,Female,35-39 years,35-39,198.0,61022.0,324.47
28574,Chlamydia,274.0,New Mexico,2004.0,Female,40+ years,40+,171.0,446597.0,38.29
28575,Chlamydia,274.0,New Mexico,2004.0,Female,Unknown,99,110.0,,
28576,Chlamydia,274.0,New Mexico,2005.0,Female,0-14 years,0-14,83.0,197686.0,41.99
28577,Chlamydia,274.0,New Mexico,2005.0,Female,15-19 years,15-19,2318.0,72625.0,3191.74
28578,Chlamydia,274.0,New Mexico,2005.0,Female,20-24 years,20-24,2245.0,71911.0,3121.91
28579,Chlamydia,274.0,New Mexico,2005.0,Female,25-29 years,25-29,912.0,60834.0,1499.16
28580,Chlamydia,274.0,New Mexico,2005.0,Female,30-34 years,30-34,339.0,58050.0,583.98
28581,Chlamydia,274.0,New Mexico,2005.0,Female,35-39 years,35-39,143.0,60380.0,236.83
28582,Chlamydia,274.0,New Mexico,2005.0,Female,40+ years,40+,144.0,458494.0,31.41
28583,Chlamydia,274.0,New Mexico,2005.0,Female,Unknown,99,149.0,,
28584,Chlamydia,274.0,New Mexico,2006.0,Female,0-14 years,0-14,104.0,205543.0,50.6
28585,Chlamydia,274.0,New Mexico,2006.0,Female,15-19 years,15-19,2645.0,72216.0,3662.62
28586,Chlamydia,274.0,New Mexico,2006.0,Female,20-24 years,20-24,2682.0,71217.0,3765.95
28587,Chlamydia,274.0,New Mexico,2006.0,Female,25-29 years,25-29,1174.0,66530.0,1764.62
28588,Chlamydia,274.0,New Mexico,2006.0,Female,30-34 years,30-34,453.0,60116.0,753.54
28589,Chlamydia,274.0,New Mexico,2006.0,Female,35-39 years,35-39,203.0,61771.0,328.63
28590,Chlamydia,274.0,New Mexico,2006.0,Female,40+ years,40+,175.0,452398.0,38.68
28591,Chlamydia,274.0,New Mexico,2006.0,Female,Unknown,99,20.0,,
28592,Chlamydia,274.0,New Mexico,2007.0,Female,0-14 years,0-14,103.0,203050.0,50.73
28593,Chlamydia,274.0,New Mexico,2007.0,Female,15-19 years,15-19,2463.0,71361.0,3451.47
28594,Chlamydia,274.0,New Mexico,2007.0,Female,20-24 years,20-24,2488.0,70583.0,3524.93
28595,Chlamydia,274.0,New Mexico,2007.0,Female,25-29 years,25-29,1123.0,69272.0,1621.15
28596,Chlamydia,274.0,New Mexico,2007.0,Female,30-34 years,30-34,446.0,59627.0,747.98
28597,Chlamydia,274.0,New Mexico,2007.0,Female,35-39 years,35-39,214.0,62555.0,342.1
28598,Chlamydia,274.0,New Mexico,2007.0,Female,40+ years,40+,183.0,461694.0,39.64
28599,Chlamydia,274.0,New Mexico,2007.0,Female,Unknown,99,24.0,,
28600,Chlamydia,274.0,New Mexico,2008.0,Female,0-14 years,0-14,89.0,204824.0,43.45
28601,Chlamydia,274.0,New Mexico,2008.0,Female,15-19 years,15-19,2438.0,70861.0,3440.54
28602,Chlamydia,274.0,New Mexico,2008.0,Female,20-24 years,20-24,2440.0,70136.0,3478.96
28603,Chlamydia,274.0,New Mexico,2008.0,Female,25-29 years,25-29,1179.0,70153.0,1680.61
28604,Chlamydia,274.0,New Mexico,2008.0,Female,30-34 years,30-34,450.0,60205.0,747.45
28605,Chlamydia,274.0,New Mexico,2008.0,Female,35-39 years,35-39,192.0,62038.0,309.49
28606,Chlamydia,274.0,New Mexico,2008.0,Female,40+ years,40+,181.0,467813.0,38.69
28607,Chlamydia,274.0,New Mexico,2008.0,Female,Unknown,99,17.0,,
28608,Chlamydia,274.0,New Mexico,2009.0,Female,0-14 years,0-14,93.0,209420.0,44.41
28609,Chlamydia,274.0,New Mexico,2009.0,Female,15-19 years,15-19,2359.0,69482.0,3395.12
28610,Chlamydia,274.0,New Mexico,2009.0,Female,20-24 years,20-24,2574.0,69311.0,3713.7
28611,Chlamydia,274.0,New Mexico,2009.0,Female,25-29 years,25-29,1121.0,71354.0,1571.04
28612,Chlamydia,274.0,New Mexico,2009.0,Female,30-34 years,30-34,441.0,62581.0,704.69
28613,Chlamydia,274.0,New Mexico,2009.0,Female,35-39 years,35-39,203.0,60721.0,334.32
28614,Chlamydia,274.0,New Mexico,2009.0,Female,40+ years,40+,170.0,472167.0,36.0
28615,Chlamydia,274.0,New Mexico,2009.0,Female,Unknown,99,26.0,,
28616,Chlamydia,274.0,New Mexico,2010.0,Female,0-14 years,0-14,101.0,211145.0,47.83
28617,Chlamydia,274.0,New Mexico,2010.0,Female,15-19 years,15-19,2863.0,73069.0,3918.21
28618,Chlamydia,274.0,New Mexico,2010.0,Female,20-24 years,20-24,3259.0,69396.0,4696.24
28619,Chlamydia,274.0,New Mexico,2010.0,Female,25-29 years,25-29,1460.0,68259.0,2138.91
28620,Chlamydia,274.0,New Mexico,2010.0,Female,30-34 years,30-34,546.0,62981.0,866.93
28621,Chlamydia,274.0,New Mexico,2010.0,Female,35-39 years,35-39,259.0,61911.0,418.34
28622,Chlamydia,274.0,New Mexico,2010.0,Female,40+ years,40+,219.0,494997.0,44.24
28623,Chlamydia,274.0,New Mexico,2010.0,Female,Unknown,99,11.0,,
28624,Chlamydia,274.0,New Mexico,2011.0,Female,0-14 years,0-14,99.0,212884.0,46.5
28625,Chlamydia,274.0,New Mexico,2011.0,Female,15-19 years,15-19,2627.0,70713.0,3715.02
28626,Chlamydia,274.0,New Mexico,2011.0,Female,20-24 years,20-24,3180.0,71632.0,4439.36
28627,Chlamydia,274.0,New Mexico,2011.0,Female,25-29 years,25-29,1384.0,69169.0,2000.9
28628,Chlamydia,274.0,New Mexico,2011.0,Female,30-34 years,30-34,567.0,64717.0,876.12
28629,Chlamydia,274.0,New Mexico,2011.0,Female,35-39 years,35-39,241.0,60634.0,397.47
28630,Chlamydia,274.0,New Mexico,2011.0,Female,40+ years,40+,208.0,502365.0,41.4
28631,Chlamydia,274.0,New Mexico,2011.0,Female,Unknown,99,3.0,,
28632,Chlamydia,274.0,New Mexico,2012.0,Female,0-14 years,0-14,104.0,210976.0,49.29
28633,Chlamydia,274.0,New Mexico,2012.0,Female,15-19 years,15-19,2673.0,68952.0,3876.61
28634,Chlamydia,274.0,New Mexico,2012.0,Female,20-24 years,20-24,3279.0,72157.0,4544.26
28635,Chlamydia,274.0,New Mexico,2012.0,Female,25-29 years,25-29,1515.0,69391.0,2183.28
28636,Chlamydia,274.0,New Mexico,2012.0,Female,30-34 years,30-34,617.0,65867.0,936.74
28637,Chlamydia,274.0,New Mexico,2012.0,Female,35-39 years,35-39,286.0,60223.0,474.9
28638,Chlamydia,274.0,New Mexico,2012.0,Female,40+ years,40+,249.0,505265.0,49.28
28639,Chlamydia,274.0,New Mexico,2012.0,Female,Unknown,99,1.0,,
28640,Chlamydia,274.0,New Mexico,2013.0,Female,0-14 years,0-14,106.0,208281.0,50.89
28641,Chlamydia,274.0,New Mexico,2013.0,Female,15-19 years,15-19,2583.0,68376.0,3777.64
28642,Chlamydia,274.0,New Mexico,2013.0,Female,20-24 years,20-24,3384.0,73620.0,4596.58
28643,Chlamydia,274.0,New Mexico,2013.0,Female,25-29 years,25-29,1555.0,67930.0,2289.12
28644,Chlamydia,274.0,New Mexico,2013.0,Female,30-34 years,30-34,758.0,66994.0,1131.44
28645,Chlamydia,274.0,New Mexico,2013.0,Female,35-39 years,35-39,345.0,59971.0,575.28
28646,Chlamydia,274.0,New Mexico,2013.0,Female,40+ years,40+,301.0,506506.0,59.43
28647,Chlamydia,274.0,New Mexico,2013.0,Female,Unknown,99,1.0,,
28648,Chlamydia,274.0,New Mexico,2014.0,Female,0-14 years,0-14,89.0,208281.0,42.73
28649,Chlamydia,274.0,New Mexico,2014.0,Female,15-19 years,15-19,2431.0,68376.0,3555.34
28650,Chlamydia,274.0,New Mexico,2014.0,Female,20-24 years,20-24,3064.0,73620.0,4161.91
28651,Chlamydia,274.0,New Mexico,2014.0,Female,25-29 years,25-29,1505.0,67930.0,2215.52
28652,Chlamydia,274.0,New Mexico,2014.0,Female,30-34 years,30-34,741.0,66994.0,1106.07
28653,Chlamydia,274.0,New Mexico,2014.0,Female,35-39 years,35-39,300.0,59971.0,500.24
28654,Chlamydia,274.0,New Mexico,2014.0,Female,40+ years,40+,265.0,506506.0,52.32
28655,Chlamydia,274.0,New York,1996.0,Female,0-14 years,0-14,531.0,780623.0,68.02
28656,Chlamydia,274.0,New York,1996.0,Female,15-19 years,15-19,7943.0,242608.0,3274.01
28657,Chlamydia,274.0,New York,1996.0,Female,20-24 years,20-24,6242.0,279944.0,2229.73
28658,Chlamydia,274.0,New York,1996.0,Female,25-29 years,25-29,2943.0,361780.0,813.48
28659,Chlamydia,274.0,New York,1996.0,Female,30-34 years,30-34,1449.0,363661.0,398.45
28660,Chlamydia,274.0,New York,1996.0,Female,35-39 years,35-39,719.0,332734.0,216.09
28661,Chlamydia,274.0,New York,1996.0,Female,40+ years,40+,655.0,1697116.0,38.59
28662,Chlamydia,274.0,New York,1996.0,Female,Unknown,99,3892.0,,
28663,Chlamydia,274.0,New York,1997.0,Female,0-14 years,0-14,441.0,785555.0,56.14
28664,Chlamydia,274.0,New York,1997.0,Female,15-19 years,15-19,7799.0,246576.0,3162.92
28665,Chlamydia,274.0,New York,1997.0,Female,20-24 years,20-24,7421.0,282792.0,2624.19
28666,Chlamydia,274.0,New York,1997.0,Female,25-29 years,25-29,3384.0,363694.0,930.45
28667,Chlamydia,274.0,New York,1997.0,Female,30-34 years,30-34,1763.0,361402.0,487.82
28668,Chlamydia,274.0,New York,1997.0,Female,35-39 years,35-39,925.0,335696.0,275.55
28669,Chlamydia,274.0,New York,1997.0,Female,40+ years,40+,909.0,1719557.0,52.86
28670,Chlamydia,274.0,New York,1997.0,Female,Unknown,99,2764.0,,
28671,Chlamydia,274.0,New York,1998.0,Female,0-14 years,0-14,424.0,786696.0,53.9
28672,Chlamydia,274.0,New York,1998.0,Female,15-19 years,15-19,7111.0,250584.0,2837.77
28673,Chlamydia,274.0,New York,1998.0,Female,20-24 years,20-24,7285.0,290849.0,2504.74
28674,Chlamydia,274.0,New York,1998.0,Female,25-29 years,25-29,3431.0,363358.0,944.25
28675,Chlamydia,274.0,New York,1998.0,Female,30-34 years,30-34,1705.0,358296.0,475.86
28676,Chlamydia,274.0,New York,1998.0,Female,35-39 years,35-39,883.0,339529.0,260.07
28677,Chlamydia,274.0,New York,1998.0,Female,40+ years,40+,824.0,1745730.0,47.2
28678,Chlamydia,274.0,New York,1998.0,Female,Unknown,99,1796.0,,
28679,Chlamydia,274.0,New York,1999.0,Female,0-14 years,0-14,314.0,794407.0,39.53
28680,Chlamydia,274.0,New York,1999.0,Female,15-19 years,15-19,7487.0,252963.0,2959.72
28681,Chlamydia,274.0,New York,1999.0,Female,20-24 years,20-24,8401.0,299042.0,2809.3
28682,Chlamydia,274.0,New York,1999.0,Female,25-29 years,25-29,3901.0,358458.0,1088.27
28683,Chlamydia,274.0,New York,1999.0,Female,30-34 years,30-34,1956.0,354427.0,551.88
28684,Chlamydia,274.0,New York,1999.0,Female,35-39 years,35-39,986.0,339490.0,290.44
28685,Chlamydia,274.0,New York,1999.0,Female,40+ years,40+,873.0,1782960.0,48.96
28686,Chlamydia,274.0,New York,1999.0,Female,Unknown,99,1.0,,
28687,Chlamydia,274.0,New York,2000.0,Female,0-14 years,0-14,555.0,1884281.0,29.45
28688,Chlamydia,274.0,New York,2000.0,Female,15-19 years,15-19,9674.0,622580.0,1553.86
28689,Chlamydia,274.0,New York,2000.0,Female,20-24 years,20-24,9025.0,627810.0,1437.54
28690,Chlamydia,274.0,New York,2000.0,Female,25-29 years,25-29,3818.0,662176.0,576.58
28691,Chlamydia,274.0,New York,2000.0,Female,30-34 years,30-34,1929.0,741862.0,260.02
28692,Chlamydia,274.0,New York,2000.0,Female,35-39 years,35-39,961.0,797770.0,120.46
28693,Chlamydia,274.0,New York,2000.0,Female,40+ years,40+,930.0,4505647.0,20.64
28694,Chlamydia,274.0,New York,2000.0,Female,Unknown,99,13.0,,
28695,Chlamydia,274.0,New York,2001.0,Female,0-14 years,0-14,830.0,1890625.0,43.9
28696,Chlamydia,274.0,New York,2001.0,Female,15-19 years,15-19,14154.0,621870.0,2276.04
28697,Chlamydia,274.0,New York,2001.0,Female,20-24 years,20-24,13152.0,631424.0,2082.91
28698,Chlamydia,274.0,New York,2001.0,Female,25-29 years,25-29,5322.0,645258.0,824.79
28699,Chlamydia,274.0,New York,2001.0,Female,30-34 years,30-34,2430.0,736848.0,329.78
28700,Chlamydia,274.0,New York,2001.0,Female,35-39 years,35-39,1236.0,788328.0,156.79
28701,Chlamydia,274.0,New York,2001.0,Female,40+ years,40+,1062.0,4562313.0,23.28
28702,Chlamydia,274.0,New York,2001.0,Female,Unknown,99,42.0,,
28703,Chlamydia,274.0,New York,2002.0,Female,0-14 years,0-14,806.0,1878953.0,42.9
28704,Chlamydia,274.0,New York,2002.0,Female,15-19 years,15-19,14832.0,623800.0,2377.69
28705,Chlamydia,274.0,New York,2002.0,Female,20-24 years,20-24,13929.0,641502.0,2171.31
28706,Chlamydia,274.0,New York,2002.0,Female,25-29 years,25-29,5821.0,640820.0,908.37
28707,Chlamydia,274.0,New York,2002.0,Female,30-34 years,30-34,2707.0,732676.0,369.47
28708,Chlamydia,274.0,New York,2002.0,Female,35-39 years,35-39,1368.0,776924.0,176.08
28709,Chlamydia,274.0,New York,2002.0,Female,40+ years,40+,1311.0,4611562.0,28.43
28710,Chlamydia,274.0,New York,2002.0,Female,Unknown,99,428.0,,
28711,Chlamydia,274.0,New York,2003.0,Female,0-14 years,0-14,840.0,1840435.0,45.64
28712,Chlamydia,274.0,New York,2003.0,Female,15-19 years,15-19,15907.0,623989.0,2549.24
28713,Chlamydia,274.0,New York,2003.0,Female,20-24 years,20-24,15156.0,642067.0,2360.5
28714,Chlamydia,274.0,New York,2003.0,Female,25-29 years,25-29,6362.0,638451.0,996.47
28715,Chlamydia,274.0,New York,2003.0,Female,30-34 years,30-34,2817.0,712520.0,395.36
28716,Chlamydia,274.0,New York,2003.0,Female,35-39 years,35-39,1347.0,757508.0,177.82
28717,Chlamydia,274.0,New York,2003.0,Female,40+ years,40+,1257.0,4698720.0,26.75
28718,Chlamydia,274.0,New York,2003.0,Female,Unknown,99,221.0,,
28719,Chlamydia,274.0,New York,2004.0,Female,0-14 years,0-14,843.0,1852398.0,45.51
28720,Chlamydia,274.0,New York,2004.0,Female,15-19 years,15-19,16341.0,633458.0,2579.65
28721,Chlamydia,274.0,New York,2004.0,Female,20-24 years,20-24,15497.0,638356.0,2427.64
28722,Chlamydia,274.0,New York,2004.0,Female,25-29 years,25-29,6529.0,637711.0,1023.82
28723,Chlamydia,274.0,New York,2004.0,Female,30-34 years,30-34,2790.0,690080.0,404.3
28724,Chlamydia,274.0,New York,2004.0,Female,35-39 years,35-39,1417.0,735329.0,192.7
28725,Chlamydia,274.0,New York,2004.0,Female,40+ years,40+,1398.0,4735175.0,29.52
28726,Chlamydia,274.0,New York,2004.0,Female,Unknown,99,160.0,,
28727,Chlamydia,274.0,New York,2005.0,Female,0-14 years,0-14,807.0,1829978.0,44.1
28728,Chlamydia,274.0,New York,2005.0,Female,15-19 years,15-19,16463.0,643315.0,2559.09
28729,Chlamydia,274.0,New York,2005.0,Female,20-24 years,20-24,15710.0,634156.0,2477.31
28730,Chlamydia,274.0,New York,2005.0,Female,25-29 years,25-29,6578.0,640113.0,1027.63
28731,Chlamydia,274.0,New York,2005.0,Female,30-34 years,30-34,2721.0,666257.0,408.4
28732,Chlamydia,274.0,New York,2005.0,Female,35-39 years,35-39,1420.0,724764.0,195.93
28733,Chlamydia,274.0,New York,2005.0,Female,40+ years,40+,1470.0,4788995.0,30.7
28734,Chlamydia,274.0,New York,2005.0,Female,Unknown,99,222.0,,
28735,Chlamydia,274.0,New York,2006.0,Female,0-14 years,0-14,737.0,1806605.0,40.79
28736,Chlamydia,274.0,New York,2006.0,Female,15-19 years,15-19,17351.0,677708.0,2560.25
28737,Chlamydia,274.0,New York,2006.0,Female,20-24 years,20-24,16789.0,679094.0,2472.26
28738,Chlamydia,274.0,New York,2006.0,Female,25-29 years,25-29,7258.0,635746.0,1141.65
28739,Chlamydia,274.0,New York,2006.0,Female,30-34 years,30-34,3017.0,635895.0,474.45
28740,Chlamydia,274.0,New York,2006.0,Female,35-39 years,35-39,1527.0,707838.0,215.73
28741,Chlamydia,274.0,New York,2006.0,Female,40+ years,40+,1686.0,4808277.0,35.06
28742,Chlamydia,274.0,New York,2006.0,Female,Unknown,99,203.0,,
28743,Chlamydia,274.0,New York,2007.0,Female,0-14 years,0-14,939.0,1757776.0,53.42
28744,Chlamydia,274.0,New York,2007.0,Female,15-19 years,15-19,20327.0,683829.0,2972.53
28745,Chlamydia,274.0,New York,2007.0,Female,20-24 years,20-24,19404.0,692597.0,2801.63
28746,Chlamydia,274.0,New York,2007.0,Female,25-29 years,25-29,8258.0,633813.0,1302.91
28747,Chlamydia,274.0,New York,2007.0,Female,30-34 years,30-34,3594.0,626852.0,573.34
28748,Chlamydia,274.0,New York,2007.0,Female,35-39 years,35-39,1828.0,696043.0,262.63
28749,Chlamydia,274.0,New York,2007.0,Female,40+ years,40+,1981.0,4846083.0,40.88
28750,Chlamydia,274.0,New York,2007.0,Female,Unknown,99,259.0,,
28751,Chlamydia,274.0,New York,2008.0,Female,0-14 years,0-14,1023.0,1761261.0,58.08
28752,Chlamydia,274.0,New York,2008.0,Female,15-19 years,15-19,23052.0,686495.0,3357.93
28753,Chlamydia,274.0,New York,2008.0,Female,20-24 years,20-24,20463.0,697167.0,2935.16
28754,Chlamydia,274.0,New York,2008.0,Female,25-29 years,25-29,8762.0,651570.0,1344.75
28755,Chlamydia,274.0,New York,2008.0,Female,30-34 years,30-34,3720.0,625428.0,594.79
28756,Chlamydia,274.0,New York,2008.0,Female,35-39 years,35-39,1936.0,682431.0,283.69
28757,Chlamydia,274.0,New York,2008.0,Female,40+ years,40+,2111.0,4923882.0,42.87
28758,Chlamydia,274.0,New York,2008.0,Female,Unknown,99,213.0,,
28759,Chlamydia,274.0,New York,2009.0,Female,0-14 years,0-14,1135.0,1776998.0,63.87
28760,Chlamydia,274.0,New York,2009.0,Female,15-19 years,15-19,24083.0,667979.0,3605.35
28761,Chlamydia,274.0,New York,2009.0,Female,20-24 years,20-24,21386.0,668847.0,3197.44
28762,Chlamydia,274.0,New York,2009.0,Female,25-29 years,25-29,9067.0,676045.0,1341.18
28763,Chlamydia,274.0,New York,2009.0,Female,30-34 years,30-34,3777.0,641219.0,589.03
28764,Chlamydia,274.0,New York,2009.0,Female,35-39 years,35-39,1878.0,657855.0,285.47
28765,Chlamydia,274.0,New York,2009.0,Female,40+ years,40+,2333.0,4953347.0,47.1
28766,Chlamydia,274.0,New York,2009.0,Female,Unknown,99,223.0,,
28767,Chlamydia,274.0,New York,2010.0,Female,0-14 years,0-14,1256.0,1726749.0,72.74
28768,Chlamydia,274.0,New York,2010.0,Female,15-19 years,15-19,25364.0,666730.0,3804.24
28769,Chlamydia,274.0,New York,2010.0,Female,20-24 years,20-24,23377.0,698933.0,3344.67
28770,Chlamydia,274.0,New York,2010.0,Female,25-29 years,25-29,9627.0,699974.0,1375.34
28771,Chlamydia,274.0,New York,2010.0,Female,30-34 years,30-34,4098.0,649401.0,631.04
28772,Chlamydia,274.0,New York,2010.0,Female,35-39 years,35-39,2068.0,640349.0,322.95
28773,Chlamydia,274.0,New York,2010.0,Female,40+ years,40+,2629.0,4918819.0,53.45
28774,Chlamydia,274.0,New York,2010.0,Female,Unknown,99,274.0,,
28775,Chlamydia,274.0,New York,2011.0,Female,0-14 years,0-14,1319.0,1718335.0,76.76
28776,Chlamydia,274.0,New York,2011.0,Female,15-19 years,15-19,25484.0,646710.0,3940.56
28777,Chlamydia,274.0,New York,2011.0,Female,20-24 years,20-24,24770.0,708276.0,3497.22
28778,Chlamydia,274.0,New York,2011.0,Female,25-29 years,25-29,9718.0,707766.0,1373.05
28779,Chlamydia,274.0,New York,2011.0,Female,30-34 years,30-34,4280.0,663888.0,644.69
28780,Chlamydia,274.0,New York,2011.0,Female,35-39 years,35-39,2006.0,618340.0,324.42
28781,Chlamydia,274.0,New York,2011.0,Female,40+ years,40+,2559.0,4970078.0,51.49
28782,Chlamydia,274.0,New York,2011.0,Female,Unknown,99,330.0,,
28783,Chlamydia,274.0,New York,2012.0,Female,0-14 years,0-14,1141.0,1714620.0,66.55
28784,Chlamydia,274.0,New York,2012.0,Female,15-19 years,15-19,23094.0,640786.0,3604.01
28785,Chlamydia,274.0,New York,2012.0,Female,20-24 years,20-24,24689.0,712666.0,3464.32
28786,Chlamydia,274.0,New York,2012.0,Female,25-29 years,25-29,9864.0,716659.0,1376.39
28787,Chlamydia,274.0,New York,2012.0,Female,30-34 years,30-34,4553.0,674177.0,675.34
28788,Chlamydia,274.0,New York,2012.0,Female,35-39 years,35-39,2138.0,615883.0,347.14
28789,Chlamydia,274.0,New York,2012.0,Female,40+ years,40+,2802.0,5006253.0,55.97
28790,Chlamydia,274.0,New York,2012.0,Female,Unknown,99,56.0,,
28791,Chlamydia,274.0,New York,2013.0,Female,0-14 years,0-14,929.0,1711258.0,54.29
28792,Chlamydia,274.0,New York,2013.0,Female,15-19 years,15-19,20310.0,627830.0,3234.95
28793,Chlamydia,274.0,New York,2013.0,Female,20-24 years,20-24,23742.0,713418.0,3327.92
28794,Chlamydia,274.0,New York,2013.0,Female,25-29 years,25-29,9985.0,724576.0,1378.05
28795,Chlamydia,274.0,New York,2013.0,Female,30-34 years,30-34,4428.0,686140.0,645.35
28796,Chlamydia,274.0,New York,2013.0,Female,35-39 years,35-39,2138.0,620055.0,344.81
28797,Chlamydia,274.0,New York,2013.0,Female,40+ years,40+,2604.0,5031657.0,51.75
28798,Chlamydia,274.0,New York,2013.0,Female,Unknown,99,318.0,,
28799,Chlamydia,274.0,New York,2014.0,Female,0-14 years,0-14,813.0,1711258.0,47.51
28800,Chlamydia,274.0,New York,2014.0,Female,15-19 years,15-19,19292.0,627830.0,3072.81
28801,Chlamydia,274.0,New York,2014.0,Female,20-24 years,20-24,23923.0,713418.0,3353.29
28802,Chlamydia,274.0,New York,2014.0,Female,25-29 years,25-29,11031.0,724576.0,1522.41
28803,Chlamydia,274.0,New York,2014.0,Female,30-34 years,30-34,4700.0,686140.0,684.99
28804,Chlamydia,274.0,New York,2014.0,Female,35-39 years,35-39,2254.0,620055.0,363.52
28805,Chlamydia,274.0,New York,2014.0,Female,40+ years,40+,2980.0,5031657.0,59.23
28806,Chlamydia,274.0,New York,2014.0,Female,Unknown,99,121.0,,
28807,Chlamydia,274.0,North Carolina,1996.0,Female,0-14 years,0-14,462.0,746253.0,61.91
28808,Chlamydia,274.0,North Carolina,1996.0,Female,15-19 years,15-19,5820.0,245385.0,2371.78
28809,Chlamydia,274.0,North Carolina,1996.0,Female,20-24 years,20-24,4128.0,258784.0,1595.15
28810,Chlamydia,274.0,North Carolina,1996.0,Female,25-29 years,25-29,1474.0,303923.0,484.99
28811,Chlamydia,274.0,North Carolina,1996.0,Female,30-34 years,30-34,503.0,302812.0,166.11
28812,Chlamydia,274.0,North Carolina,1996.0,Female,35-39 years,35-39,194.0,317376.0,61.13
28813,Chlamydia,274.0,North Carolina,1996.0,Female,40+ years,40+,107.0,1675783.0,6.39
28814,Chlamydia,274.0,North Carolina,1996.0,Female,Unknown,99,424.0,,
28815,Chlamydia,274.0,North Carolina,1997.0,Female,0-14 years,0-14,399.0,762221.0,52.35
28816,Chlamydia,274.0,North Carolina,1997.0,Female,15-19 years,15-19,6300.0,251040.0,2509.56
28817,Chlamydia,274.0,North Carolina,1997.0,Female,20-24 years,20-24,4475.0,258303.0,1732.46
28818,Chlamydia,274.0,North Carolina,1997.0,Female,25-29 years,25-29,1580.0,308645.0,511.92
28819,Chlamydia,274.0,North Carolina,1997.0,Female,30-34 years,30-34,506.0,299937.0,168.7
28820,Chlamydia,274.0,North Carolina,1997.0,Female,35-39 years,35-39,218.0,322038.0,67.69
28821,Chlamydia,274.0,North Carolina,1997.0,Female,40+ years,40+,140.0,1723353.0,8.12
28822,Chlamydia,274.0,North Carolina,1997.0,Female,Unknown,99,361.0,,
28823,Chlamydia,274.0,North Carolina,1998.0,Female,0-14 years,0-14,552.0,776562.0,71.08
28824,Chlamydia,274.0,North Carolina,1998.0,Female,15-19 years,15-19,8584.0,256256.0,3349.78
28825,Chlamydia,274.0,North Carolina,1998.0,Female,20-24 years,20-24,5915.0,263301.0,2246.48
28826,Chlamydia,274.0,North Carolina,1998.0,Female,25-29 years,25-29,2057.0,307394.0,669.17
28827,Chlamydia,274.0,North Carolina,1998.0,Female,30-34 years,30-34,718.0,299122.0,240.04
28828,Chlamydia,274.0,North Carolina,1998.0,Female,35-39 years,35-39,271.0,326547.0,82.99
28829,Chlamydia,274.0,North Carolina,1998.0,Female,40+ years,40+,149.0,1770069.0,8.42
28830,Chlamydia,274.0,North Carolina,1998.0,Female,Unknown,99,400.0,,
28831,Chlamydia,274.0,North Carolina,1999.0,Female,0-14 years,0-14,494.0,793647.0,62.24
28832,Chlamydia,274.0,North Carolina,1999.0,Female,15-19 years,15-19,7973.0,259279.0,3075.07
28833,Chlamydia,274.0,North Carolina,1999.0,Female,20-24 years,20-24,5946.0,269222.0,2208.59
28834,Chlamydia,274.0,North Carolina,1999.0,Female,25-29 years,25-29,2156.0,301053.0,716.15
28835,Chlamydia,274.0,North Carolina,1999.0,Female,30-34 years,30-34,678.0,300053.0,225.96
28836,Chlamydia,274.0,North Carolina,1999.0,Female,35-39 years,35-39,287.0,329526.0,87.09
28837,Chlamydia,274.0,North Carolina,1999.0,Female,40+ years,40+,140.0,1809930.0,7.74
28838,Chlamydia,274.0,North Carolina,1999.0,Female,Unknown,99,742.0,,
28839,Chlamydia,274.0,North Carolina,2000.0,Female,0-14 years,0-14,522.0,823886.0,63.36
28840,Chlamydia,274.0,North Carolina,2000.0,Female,15-19 years,15-19,7899.0,262292.0,3011.53
28841,Chlamydia,274.0,North Carolina,2000.0,Female,20-24 years,20-24,6753.0,274738.0,2457.98
28842,Chlamydia,274.0,North Carolina,2000.0,Female,25-29 years,25-29,2111.0,290046.0,727.82
28843,Chlamydia,274.0,North Carolina,2000.0,Female,30-34 years,30-34,803.0,303023.0,265.0
28844,Chlamydia,274.0,North Carolina,2000.0,Female,35-39 years,35-39,317.0,326552.0,97.07
28845,Chlamydia,274.0,North Carolina,2000.0,Female,40+ years,40+,220.0,1841618.0,11.95
28846,Chlamydia,274.0,North Carolina,2001.0,Female,0-14 years,0-14,444.0,834312.0,53.22
28847,Chlamydia,274.0,North Carolina,2001.0,Female,15-19 years,15-19,7602.0,260724.0,2915.73
28848,Chlamydia,274.0,North Carolina,2001.0,Female,20-24 years,20-24,7141.0,281500.0,2536.77
28849,Chlamydia,274.0,North Carolina,2001.0,Female,25-29 years,25-29,2159.0,283911.0,760.45
28850,Chlamydia,274.0,North Carolina,2001.0,Female,30-34 years,30-34,766.0,310602.0,246.62
28851,Chlamydia,274.0,North Carolina,2001.0,Female,35-39 years,35-39,310.0,325311.0,95.29
28852,Chlamydia,274.0,North Carolina,2001.0,Female,40+ years,40+,201.0,1887849.0,10.65
28853,Chlamydia,274.0,North Carolina,2001.0,Female,Unknown,99,5.0,,
28854,Chlamydia,274.0,North Carolina,2002.0,Female,0-14 years,0-14,612.0,850088.0,71.99
28855,Chlamydia,274.0,North Carolina,2002.0,Female,15-19 years,15-19,8448.0,263359.0,3207.79
28856,Chlamydia,274.0,North Carolina,2002.0,Female,20-24 years,20-24,7562.0,285066.0,2652.72
28857,Chlamydia,274.0,North Carolina,2002.0,Female,25-29 years,25-29,2360.0,280082.0,842.61
28858,Chlamydia,274.0,North Carolina,2002.0,Female,30-34 years,30-34,866.0,314672.0,275.21
28859,Chlamydia,274.0,North Carolina,2002.0,Female,35-39 years,35-39,315.0,321730.0,97.91
28860,Chlamydia,274.0,North Carolina,2002.0,Female,40+ years,40+,221.0,1923629.0,11.49
28861,Chlamydia,274.0,North Carolina,2003.0,Female,0-14 years,0-14,586.0,856084.0,68.45
28862,Chlamydia,274.0,North Carolina,2003.0,Female,15-19 years,15-19,8919.0,268638.0,3320.08
28863,Chlamydia,274.0,North Carolina,2003.0,Female,20-24 years,20-24,8064.0,286234.0,2817.28
28864,Chlamydia,274.0,North Carolina,2003.0,Female,25-29 years,25-29,2597.0,285812.0,908.64
28865,Chlamydia,274.0,North Carolina,2003.0,Female,30-34 years,30-34,1020.0,312822.0,326.06
28866,Chlamydia,274.0,North Carolina,2003.0,Female,35-39 years,35-39,373.0,314154.0,118.73
28867,Chlamydia,274.0,North Carolina,2003.0,Female,40+ years,40+,248.0,1953057.0,12.7
28868,Chlamydia,274.0,North Carolina,2004.0,Female,0-14 years,0-14,535.0,866272.0,61.76
28869,Chlamydia,274.0,North Carolina,2004.0,Female,15-19 years,15-19,9699.0,277742.0,3492.09
28870,Chlamydia,274.0,North Carolina,2004.0,Female,20-24 years,20-24,8752.0,285710.0,3063.25
28871,Chlamydia,274.0,North Carolina,2004.0,Female,25-29 years,25-29,3013.0,291776.0,1032.64
28872,Chlamydia,274.0,North Carolina,2004.0,Female,30-34 years,30-34,1212.0,312428.0,387.93
28873,Chlamydia,274.0,North Carolina,2004.0,Female,35-39 years,35-39,401.0,311961.0,128.54
28874,Chlamydia,274.0,North Carolina,2004.0,Female,40+ years,40+,304.0,1996481.0,15.23
28875,Chlamydia,274.0,North Carolina,2005.0,Female,0-14 years,0-14,519.0,870775.0,59.6
28876,Chlamydia,274.0,North Carolina,2005.0,Female,15-19 years,15-19,10366.0,287312.0,3607.92
28877,Chlamydia,274.0,North Carolina,2005.0,Female,20-24 years,20-24,9540.0,284484.0,3353.44
28878,Chlamydia,274.0,North Carolina,2005.0,Female,25-29 years,25-29,3328.0,299611.0,1110.77
28879,Chlamydia,274.0,North Carolina,2005.0,Female,30-34 years,30-34,1138.0,308606.0,368.75
28880,Chlamydia,274.0,North Carolina,2005.0,Female,35-39 years,35-39,498.0,316121.0,157.53
28881,Chlamydia,274.0,North Carolina,2005.0,Female,40+ years,40+,313.0,2044764.0,15.31
28882,Chlamydia,274.0,North Carolina,2006.0,Female,0-14 years,0-14,462.0,869252.0,53.15
28883,Chlamydia,274.0,North Carolina,2006.0,Female,15-19 years,15-19,10812.0,295912.0,3653.79
28884,Chlamydia,274.0,North Carolina,2006.0,Female,20-24 years,20-24,10135.0,282668.0,3585.48
28885,Chlamydia,274.0,North Carolina,2006.0,Female,25-29 years,25-29,3638.0,302124.0,1204.14
28886,Chlamydia,274.0,North Carolina,2006.0,Female,30-34 years,30-34,1305.0,305619.0,427.0
28887,Chlamydia,274.0,North Carolina,2006.0,Female,35-39 years,35-39,554.0,327368.0,169.23
28888,Chlamydia,274.0,North Carolina,2006.0,Female,40+ years,40+,395.0,2132264.0,18.52
28889,Chlamydia,274.0,North Carolina,2007.0,Female,0-14 years,0-14,337.0,899894.0,37.45
28890,Chlamydia,274.0,North Carolina,2007.0,Female,15-19 years,15-19,9689.0,302427.0,3203.75
28891,Chlamydia,274.0,North Carolina,2007.0,Female,20-24 years,20-24,9381.0,290480.0,3229.48
28892,Chlamydia,274.0,North Carolina,2007.0,Female,25-29 years,25-29,3413.0,307106.0,1111.34
28893,Chlamydia,274.0,North Carolina,2007.0,Female,30-34 years,30-34,1354.0,306661.0,441.53
28894,Chlamydia,274.0,North Carolina,2007.0,Female,35-39 years,35-39,529.0,335668.0,157.6
28895,Chlamydia,274.0,North Carolina,2007.0,Female,40+ years,40+,407.0,2191235.0,18.57
28896,Chlamydia,274.0,North Carolina,2008.0,Female,0-14 years,0-14,430.0,913205.0,47.09
28897,Chlamydia,274.0,North Carolina,2008.0,Female,15-19 years,15-19,11819.0,306177.0,3860.19
28898,Chlamydia,274.0,North Carolina,2008.0,Female,20-24 years,20-24,11673.0,294847.0,3959.0
28899,Chlamydia,274.0,North Carolina,2008.0,Female,25-29 years,25-29,4111.0,309204.0,1329.54
28900,Chlamydia,274.0,North Carolina,2008.0,Female,30-34 years,30-34,1509.0,308716.0,488.8
28901,Chlamydia,274.0,North Carolina,2008.0,Female,35-39 years,35-39,650.0,337749.0,192.45
28902,Chlamydia,274.0,North Carolina,2008.0,Female,40+ years,40+,438.0,2235529.0,19.59
28903,Chlamydia,274.0,North Carolina,2008.0,Female,Unknown,99,63.0,,
28904,Chlamydia,274.0,North Carolina,2009.0,Female,0-14 years,0-14,430.0,931432.0,46.17
28905,Chlamydia,274.0,North Carolina,2009.0,Female,15-19 years,15-19,12886.0,313702.0,4107.72
28906,Chlamydia,274.0,North Carolina,2009.0,Female,20-24 years,20-24,12496.0,315417.0,3961.74
28907,Chlamydia,274.0,North Carolina,2009.0,Female,25-29 years,25-29,4294.0,312056.0,1376.04
28908,Chlamydia,274.0,North Carolina,2009.0,Female,30-34 years,30-34,1679.0,306767.0,547.32
28909,Chlamydia,274.0,North Carolina,2009.0,Female,35-39 years,35-39,686.0,333088.0,205.95
28910,Chlamydia,274.0,North Carolina,2009.0,Female,40+ years,40+,489.0,2278237.0,21.46
28911,Chlamydia,274.0,North Carolina,2009.0,Female,Unknown,99,42.0,,
28912,Chlamydia,274.0,North Carolina,2010.0,Female,0-14 years,0-14,414.0,928523.0,44.59
28913,Chlamydia,274.0,North Carolina,2010.0,Female,15-19 years,15-19,12757.0,321320.0,3970.19
28914,Chlamydia,274.0,North Carolina,2010.0,Female,20-24 years,20-24,13233.0,324925.0,4072.63
28915,Chlamydia,274.0,North Carolina,2010.0,Female,25-29 years,25-29,4381.0,315537.0,1388.43
28916,Chlamydia,274.0,North Carolina,2010.0,Female,30-34 years,30-34,1750.0,314750.0,556.0
28917,Chlamydia,274.0,North Carolina,2010.0,Female,35-39 years,35-39,744.0,335162.0,221.98
28918,Chlamydia,274.0,North Carolina,2010.0,Female,40+ years,40+,518.0,2349774.0,22.04
28919,Chlamydia,274.0,North Carolina,2010.0,Female,Unknown,99,39.0,,
28920,Chlamydia,274.0,North Carolina,2011.0,Female,0-14 years,0-14,478.0,933810.0,51.19
28921,Chlamydia,274.0,North Carolina,2011.0,Female,15-19 years,15-19,15981.0,317555.0,5032.51
28922,Chlamydia,274.0,North Carolina,2011.0,Female,20-24 years,20-24,17174.0,333614.0,5147.87
28923,Chlamydia,274.0,North Carolina,2011.0,Female,25-29 years,25-29,5473.0,317867.0,1721.79
28924,Chlamydia,274.0,North Carolina,2011.0,Female,30-34 years,30-34,2251.0,320476.0,702.39
28925,Chlamydia,274.0,North Carolina,2011.0,Female,35-39 years,35-39,878.0,323367.0,271.52
28926,Chlamydia,274.0,North Carolina,2011.0,Female,40+ years,40+,726.0,2405990.0,30.17
28927,Chlamydia,274.0,North Carolina,2011.0,Female,Unknown,99,31.0,,
28928,Chlamydia,274.0,North Carolina,2012.0,Female,0-14 years,0-14,439.0,934871.0,46.96
28929,Chlamydia,274.0,North Carolina,2012.0,Female,15-19 years,15-19,13743.0,316767.0,4338.52
28930,Chlamydia,274.0,North Carolina,2012.0,Female,20-24 years,20-24,15943.0,338887.0,4704.52
28931,Chlamydia,274.0,North Carolina,2012.0,Female,25-29 years,25-29,5268.0,317764.0,1657.83
28932,Chlamydia,274.0,North Carolina,2012.0,Female,30-34 years,30-34,2138.0,322589.0,662.76
28933,Chlamydia,274.0,North Carolina,2012.0,Female,35-39 years,35-39,854.0,319016.0,267.7
28934,Chlamydia,274.0,North Carolina,2012.0,Female,40+ years,40+,742.0,2449281.0,30.29
28935,Chlamydia,274.0,North Carolina,2012.0,Female,Unknown,99,13.0,,
28936,Chlamydia,274.0,North Carolina,2013.0,Female,0-14 years,0-14,385.0,933804.0,41.23
28937,Chlamydia,274.0,North Carolina,2013.0,Female,15-19 years,15-19,12265.0,317166.0,3867.06
28938,Chlamydia,274.0,North Carolina,2013.0,Female,20-24 years,20-24,15453.0,341902.0,4519.72
28939,Chlamydia,274.0,North Carolina,2013.0,Female,25-29 years,25-29,5271.0,321563.0,1639.18
28940,Chlamydia,274.0,North Carolina,2013.0,Female,30-34 years,30-34,2138.0,323446.0,661.01
28941,Chlamydia,274.0,North Carolina,2013.0,Female,35-39 years,35-39,877.0,318005.0,275.78
28942,Chlamydia,274.0,North Carolina,2013.0,Female,40+ years,40+,747.0,2491562.0,29.98
28943,Chlamydia,274.0,North Carolina,2013.0,Female,Unknown,99,10.0,,
28944,Chlamydia,274.0,North Carolina,2014.0,Female,0-14 years,0-14,373.0,933804.0,39.94
28945,Chlamydia,274.0,North Carolina,2014.0,Female,15-19 years,15-19,11019.0,317166.0,3474.21
28946,Chlamydia,274.0,North Carolina,2014.0,Female,20-24 years,20-24,14782.0,341902.0,4323.46
28947,Chlamydia,274.0,North Carolina,2014.0,Female,25-29 years,25-29,5510.0,321563.0,1713.51
28948,Chlamydia,274.0,North Carolina,2014.0,Female,30-34 years,30-34,2093.0,323446.0,647.09
28949,Chlamydia,274.0,North Carolina,2014.0,Female,35-39 years,35-39,960.0,318005.0,301.88
28950,Chlamydia,274.0,North Carolina,2014.0,Female,40+ years,40+,746.0,2491562.0,29.94
28951,Chlamydia,274.0,North Carolina,2014.0,Female,Unknown,99,11.0,,
28952,Chlamydia,274.0,North Dakota,1996.0,Female,0-14 years,0-14,9.0,67199.0,13.39
28953,Chlamydia,274.0,North Dakota,1996.0,Female,15-19 years,15-19,267.0,25070.0,1065.02
28954,Chlamydia,274.0,North Dakota,1996.0,Female,20-24 years,20-24,372.0,22214.0,1674.62
28955,Chlamydia,274.0,North Dakota,1996.0,Female,25-29 years,25-29,86.0,21178.0,406.08
28956,Chlamydia,274.0,North Dakota,1996.0,Female,30-34 years,30-34,32.0,21420.0,149.39
28957,Chlamydia,274.0,North Dakota,1996.0,Female,35-39 years,35-39,12.0,25867.0,46.39
28958,Chlamydia,274.0,North Dakota,1996.0,Female,40+ years,40+,19.0,142552.0,13.33
28959,Chlamydia,274.0,North Dakota,1997.0,Female,0-14 years,0-14,14.0,66028.0,21.2
28960,Chlamydia,274.0,North Dakota,1997.0,Female,15-19 years,15-19,233.0,25681.0,907.29
28961,Chlamydia,274.0,North Dakota,1997.0,Female,20-24 years,20-24,282.0,22535.0,1251.39
28962,Chlamydia,274.0,North Dakota,1997.0,Female,25-29 years,25-29,92.0,20771.0,442.93
28963,Chlamydia,274.0,North Dakota,1997.0,Female,30-34 years,30-34,26.0,20338.0,127.84
28964,Chlamydia,274.0,North Dakota,1997.0,Female,35-39 years,35-39,15.0,25477.0,58.88
28965,Chlamydia,274.0,North Dakota,1997.0,Female,40+ years,40+,11.0,144467.0,7.61
28966,Chlamydia,274.0,North Dakota,1998.0,Female,0-14 years,0-14,9.0,64967.0,13.85
28967,Chlamydia,274.0,North Dakota,1998.0,Female,15-19 years,15-19,286.0,26097.0,1095.91
28968,Chlamydia,274.0,North Dakota,1998.0,Female,20-24 years,20-24,328.0,22919.0,1431.13
28969,Chlamydia,274.0,North Dakota,1998.0,Female,25-29 years,25-29,91.0,20045.0,453.98
28970,Chlamydia,274.0,North Dakota,1998.0,Female,30-34 years,30-34,23.0,19410.0,118.5
28971,Chlamydia,274.0,North Dakota,1998.0,Female,35-39 years,35-39,10.0,24809.0,40.31
28972,Chlamydia,274.0,North Dakota,1998.0,Female,40+ years,40+,5.0,146024.0,3.42
28973,Chlamydia,274.0,North Dakota,1999.0,Female,0-14 years,0-14,3.0,64004.0,4.69
28974,Chlamydia,274.0,North Dakota,1999.0,Female,15-19 years,15-19,255.0,26081.0,977.72
28975,Chlamydia,274.0,North Dakota,1999.0,Female,20-24 years,20-24,267.0,23292.0,1146.32
28976,Chlamydia,274.0,North Dakota,1999.0,Female,25-29 years,25-29,93.0,19119.0,486.43
28977,Chlamydia,274.0,North Dakota,1999.0,Female,30-34 years,30-34,23.0,18775.0,122.5
28978,Chlamydia,274.0,North Dakota,1999.0,Female,35-39 years,35-39,20.0,23977.0,83.41
28979,Chlamydia,274.0,North Dakota,1999.0,Female,40+ years,40+,10.0,147369.0,6.79
28980,Chlamydia,274.0,North Dakota,2000.0,Female,0-14 years,0-14,14.0,60125.0,23.28
28981,Chlamydia,274.0,North Dakota,2000.0,Female,15-19 years,15-19,265.0,25473.0,1040.32
28982,Chlamydia,274.0,North Dakota,2000.0,Female,20-24 years,20-24,288.0,24389.0,1180.86
28983,Chlamydia,274.0,North Dakota,2000.0,Female,25-29 years,25-29,67.0,18750.0,357.33
28984,Chlamydia,274.0,North Dakota,2000.0,Female,30-34 years,30-34,16.0,18739.0,85.38
28985,Chlamydia,274.0,North Dakota,2000.0,Female,35-39 years,35-39,9.0,23280.0,38.66
28986,Chlamydia,274.0,North Dakota,2000.0,Female,40+ years,40+,4.0,150384.0,2.66
28987,Chlamydia,274.0,North Dakota,2001.0,Female,0-14 years,0-14,10.0,59201.0,16.89
28988,Chlamydia,274.0,North Dakota,2001.0,Female,15-19 years,15-19,299.0,24710.0,1210.04
28989,Chlamydia,274.0,North Dakota,2001.0,Female,20-24 years,20-24,291.0,25327.0,1148.97
28990,Chlamydia,274.0,North Dakota,2001.0,Female,25-29 years,25-29,81.0,18707.0,432.99
28991,Chlamydia,274.0,North Dakota,2001.0,Female,30-34 years,30-34,20.0,18071.0,110.67
28992,Chlamydia,274.0,North Dakota,2001.0,Female,35-39 years,35-39,11.0,21771.0,50.53
28993,Chlamydia,274.0,North Dakota,2001.0,Female,40+ years,40+,4.0,151053.0,2.65
28994,Chlamydia,274.0,North Dakota,2002.0,Female,0-14 years,0-14,8.0,57499.0,13.91
28995,Chlamydia,274.0,North Dakota,2002.0,Female,15-19 years,15-19,303.0,23966.0,1264.29
28996,Chlamydia,274.0,North Dakota,2002.0,Female,20-24 years,20-24,375.0,25973.0,1443.81
28997,Chlamydia,274.0,North Dakota,2002.0,Female,25-29 years,25-29,98.0,19196.0,510.52
28998,Chlamydia,274.0,North Dakota,2002.0,Female,30-34 years,30-34,26.0,17824.0,145.87
28999,Chlamydia,274.0,North Dakota,2002.0,Female,35-39 years,35-39,13.0,20482.0,63.47
29000,Chlamydia,274.0,North Dakota,2002.0,Female,40+ years,40+,2.0,152592.0,1.31
29001,Chlamydia,274.0,North Dakota,2002.0,Female,Unknown,99,1.0,,
29002,Chlamydia,274.0,North Dakota,2003.0,Female,0-14 years,0-14,14.0,57889.0,24.18
29003,Chlamydia,274.0,North Dakota,2003.0,Female,15-19 years,15-19,403.0,23390.0,1722.96
29004,Chlamydia,274.0,North Dakota,2003.0,Female,20-24 years,20-24,484.0,26297.0,1840.51
29005,Chlamydia,274.0,North Dakota,2003.0,Female,25-29 years,25-29,128.0,19752.0,648.04
29006,Chlamydia,274.0,North Dakota,2003.0,Female,30-34 years,30-34,36.0,16964.0,212.21
29007,Chlamydia,274.0,North Dakota,2003.0,Female,35-39 years,35-39,12.0,19008.0,63.13
29008,Chlamydia,274.0,North Dakota,2003.0,Female,40+ years,40+,10.0,153792.0,6.5
29009,Chlamydia,274.0,North Dakota,2004.0,Female,0-14 years,0-14,12.0,54552.0,22.0
29010,Chlamydia,274.0,North Dakota,2004.0,Female,15-19 years,15-19,419.0,22869.0,1832.17
29011,Chlamydia,274.0,North Dakota,2004.0,Female,20-24 years,20-24,551.0,26450.0,2083.18
29012,Chlamydia,274.0,North Dakota,2004.0,Female,25-29 years,25-29,153.0,21215.0,721.19
29013,Chlamydia,274.0,North Dakota,2004.0,Female,30-34 years,30-34,51.0,16960.0,300.71
29014,Chlamydia,274.0,North Dakota,2004.0,Female,35-39 years,35-39,15.0,18364.0,81.68
29015,Chlamydia,274.0,North Dakota,2004.0,Female,40+ years,40+,3.0,157325.0,1.91
29016,Chlamydia,274.0,North Dakota,2004.0,Female,Unknown,99,2.0,,
29017,Chlamydia,274.0,North Dakota,2005.0,Female,0-14 years,0-14,14.0,53549.0,26.14
29018,Chlamydia,274.0,North Dakota,2005.0,Female,15-19 years,15-19,350.0,22274.0,1571.34
29019,Chlamydia,274.0,North Dakota,2005.0,Female,20-24 years,20-24,498.0,26048.0,1911.86
29020,Chlamydia,274.0,North Dakota,2005.0,Female,25-29 years,25-29,150.0,22396.0,669.76
29021,Chlamydia,274.0,North Dakota,2005.0,Female,30-34 years,30-34,46.0,16763.0,274.41
29022,Chlamydia,274.0,North Dakota,2005.0,Female,35-39 years,35-39,16.0,17925.0,89.26
29023,Chlamydia,274.0,North Dakota,2005.0,Female,40+ years,40+,11.0,159950.0,6.88
29024,Chlamydia,274.0,North Dakota,2005.0,Female,Unknown,99,6.0,,
29025,Chlamydia,274.0,North Dakota,2006.0,Female,0-14 years,0-14,17.0,57500.0,29.57
29026,Chlamydia,274.0,North Dakota,2006.0,Female,15-19 years,15-19,404.0,23870.0,1692.5
29027,Chlamydia,274.0,North Dakota,2006.0,Female,20-24 years,20-24,571.0,27785.0,2055.07
29028,Chlamydia,274.0,North Dakota,2006.0,Female,25-29 years,25-29,175.0,18455.0,948.25
29029,Chlamydia,274.0,North Dakota,2006.0,Female,30-34 years,30-34,41.0,16512.0,248.3
29030,Chlamydia,274.0,North Dakota,2006.0,Female,35-39 years,35-39,16.0,17836.0,89.71
29031,Chlamydia,274.0,North Dakota,2006.0,Female,40+ years,40+,7.0,154482.0,4.53
29032,Chlamydia,274.0,North Dakota,2007.0,Female,0-14 years,0-14,9.0,56934.0,15.81
29033,Chlamydia,274.0,North Dakota,2007.0,Female,15-19 years,15-19,377.0,23791.0,1584.63
29034,Chlamydia,274.0,North Dakota,2007.0,Female,20-24 years,20-24,541.0,27959.0,1934.98
29035,Chlamydia,274.0,North Dakota,2007.0,Female,25-29 years,25-29,190.0,19953.0,952.24
29036,Chlamydia,274.0,North Dakota,2007.0,Female,30-34 years,30-34,49.0,16985.0,288.49
29037,Chlamydia,274.0,North Dakota,2007.0,Female,35-39 years,35-39,11.0,17806.0,61.78
29038,Chlamydia,274.0,North Dakota,2007.0,Female,40+ years,40+,14.0,155227.0,9.02
29039,Chlamydia,274.0,North Dakota,2007.0,Female,Unknown,99,3.0,,
29040,Chlamydia,274.0,North Dakota,2008.0,Female,0-14 years,0-14,9.0,57541.0,15.64
29041,Chlamydia,274.0,North Dakota,2008.0,Female,15-19 years,15-19,428.0,23269.0,1839.36
29042,Chlamydia,274.0,North Dakota,2008.0,Female,20-24 years,20-24,576.0,27856.0,2067.78
29043,Chlamydia,274.0,North Dakota,2008.0,Female,25-29 years,25-29,193.0,20896.0,923.62
29044,Chlamydia,274.0,North Dakota,2008.0,Female,30-34 years,30-34,54.0,16696.0,323.43
29045,Chlamydia,274.0,North Dakota,2008.0,Female,35-39 years,35-39,17.0,17639.0,96.38
29046,Chlamydia,274.0,North Dakota,2008.0,Female,40+ years,40+,12.0,155651.0,7.71
29047,Chlamydia,274.0,North Dakota,2008.0,Female,Unknown,99,2.0,,
29048,Chlamydia,274.0,North Dakota,2009.0,Female,0-14 years,0-14,5.0,58242.0,8.58
29049,Chlamydia,274.0,North Dakota,2009.0,Female,15-19 years,15-19,410.0,23743.0,1726.82
29050,Chlamydia,274.0,North Dakota,2009.0,Female,20-24 years,20-24,587.0,30253.0,1940.3
29051,Chlamydia,274.0,North Dakota,2009.0,Female,25-29 years,25-29,193.0,21533.0,896.3
29052,Chlamydia,274.0,North Dakota,2009.0,Female,30-34 years,30-34,64.0,16363.0,391.13
29053,Chlamydia,274.0,North Dakota,2009.0,Female,35-39 years,35-39,22.0,17189.0,127.99
29054,Chlamydia,274.0,North Dakota,2009.0,Female,40+ years,40+,14.0,154521.0,9.06
29055,Chlamydia,274.0,North Dakota,2009.0,Female,Unknown,99,2.0,,
29056,Chlamydia,274.0,North Dakota,2010.0,Female,0-14 years,0-14,19.0,60759.0,31.27
29057,Chlamydia,274.0,North Dakota,2010.0,Female,15-19 years,15-19,477.0,22848.0,2087.71
29058,Chlamydia,274.0,North Dakota,2010.0,Female,20-24 years,20-24,753.0,27426.0,2745.57
29059,Chlamydia,274.0,North Dakota,2010.0,Female,25-29 years,25-29,227.0,23145.0,980.77
29060,Chlamydia,274.0,North Dakota,2010.0,Female,30-34 years,30-34,62.0,19288.0,321.44
29061,Chlamydia,274.0,North Dakota,2010.0,Female,35-39 years,35-39,28.0,17856.0,156.81
29062,Chlamydia,274.0,North Dakota,2010.0,Female,40+ years,40+,10.0,161405.0,6.2
29063,Chlamydia,274.0,North Dakota,2010.0,Female,Unknown,99,1.0,,
29064,Chlamydia,274.0,North Dakota,2011.0,Female,0-14 years,0-14,14.0,61682.0,22.7
29065,Chlamydia,274.0,North Dakota,2011.0,Female,15-19 years,15-19,512.0,22969.0,2229.09
29066,Chlamydia,274.0,North Dakota,2011.0,Female,20-24 years,20-24,724.0,28376.0,2551.45
29067,Chlamydia,274.0,North Dakota,2011.0,Female,25-29 years,25-29,226.0,23634.0,956.25
29068,Chlamydia,274.0,North Dakota,2011.0,Female,30-34 years,30-34,79.0,20433.0,386.63
29069,Chlamydia,274.0,North Dakota,2011.0,Female,35-39 years,35-39,31.0,17625.0,175.89
29070,Chlamydia,274.0,North Dakota,2011.0,Female,40+ years,40+,16.0,162943.0,9.82
29071,Chlamydia,274.0,North Dakota,2011.0,Female,Unknown,99,1.0,,
29072,Chlamydia,274.0,North Dakota,2012.0,Female,0-14 years,0-14,24.0,63276.0,37.93
29073,Chlamydia,274.0,North Dakota,2012.0,Female,15-19 years,15-19,613.0,22765.0,2692.73
29074,Chlamydia,274.0,North Dakota,2012.0,Female,20-24 years,20-24,802.0,29730.0,2697.61
29075,Chlamydia,274.0,North Dakota,2012.0,Female,25-29 years,25-29,296.0,24313.0,1217.46
29076,Chlamydia,274.0,North Dakota,2012.0,Female,30-34 years,30-34,97.0,21786.0,445.24
29077,Chlamydia,274.0,North Dakota,2012.0,Female,35-39 years,35-39,40.0,18069.0,221.37
29078,Chlamydia,274.0,North Dakota,2012.0,Female,40+ years,40+,26.0,163947.0,15.86
29079,Chlamydia,274.0,North Dakota,2013.0,Female,0-14 years,0-14,16.0,66823.0,23.94
29080,Chlamydia,274.0,North Dakota,2013.0,Female,15-19 years,15-19,596.0,23380.0,2549.19
29081,Chlamydia,274.0,North Dakota,2013.0,Female,20-24 years,20-24,848.0,31587.0,2684.65
29082,Chlamydia,274.0,North Dakota,2013.0,Female,25-29 years,25-29,290.0,24584.0,1179.63
29083,Chlamydia,274.0,North Dakota,2013.0,Female,30-34 years,30-34,110.0,23366.0,470.77
29084,Chlamydia,274.0,North Dakota,2013.0,Female,35-39 years,35-39,39.0,18998.0,205.28
29085,Chlamydia,274.0,North Dakota,2013.0,Female,40+ years,40+,24.0,164654.0,14.58
29086,Chlamydia,274.0,North Dakota,2014.0,Female,0-14 years,0-14,25.0,66823.0,37.41
29087,Chlamydia,274.0,North Dakota,2014.0,Female,15-19 years,15-19,610.0,23380.0,2609.07
29088,Chlamydia,274.0,North Dakota,2014.0,Female,20-24 years,20-24,965.0,31587.0,3055.05
29089,Chlamydia,274.0,North Dakota,2014.0,Female,25-29 years,25-29,363.0,24584.0,1476.57
29090,Chlamydia,274.0,North Dakota,2014.0,Female,30-34 years,30-34,148.0,23366.0,633.4
29091,Chlamydia,274.0,North Dakota,2014.0,Female,35-39 years,35-39,50.0,18998.0,263.19
29092,Chlamydia,274.0,North Dakota,2014.0,Female,40+ years,40+,41.0,164654.0,24.9
29093,Chlamydia,274.0,Ohio,1996.0,Female,0-14 years,0-14,719.0,1167517.0,61.58
29094,Chlamydia,274.0,Ohio,1996.0,Female,15-19 years,15-19,8682.0,393784.0,2204.76
29095,Chlamydia,274.0,Ohio,1996.0,Female,20-24 years,20-24,5731.0,367606.0,1559.01
29096,Chlamydia,274.0,Ohio,1996.0,Female,25-29 years,25-29,1815.0,396676.0,457.55
29097,Chlamydia,274.0,Ohio,1996.0,Female,30-34 years,30-34,694.0,430871.0,161.07
29098,Chlamydia,274.0,Ohio,1996.0,Female,35-39 years,35-39,331.0,476689.0,69.44
29099,Chlamydia,274.0,Ohio,1996.0,Female,40+ years,40+,247.0,2564621.0,9.63
29100,Chlamydia,274.0,Ohio,1996.0,Female,Unknown,99,2.0,,
29101,Chlamydia,274.0,Ohio,1997.0,Female,0-14 years,0-14,690.0,1170715.0,58.94
29102,Chlamydia,274.0,Ohio,1997.0,Female,15-19 years,15-19,9616.0,399757.0,2405.46
29103,Chlamydia,274.0,Ohio,1997.0,Female,20-24 years,20-24,6358.0,361292.0,1759.8
29104,Chlamydia,274.0,Ohio,1997.0,Female,25-29 years,25-29,2073.0,393807.0,526.4
29105,Chlamydia,274.0,Ohio,1997.0,Female,30-34 years,30-34,703.0,416436.0,168.81
29106,Chlamydia,274.0,Ohio,1997.0,Female,35-39 years,35-39,276.0,470552.0,58.65
29107,Chlamydia,274.0,Ohio,1997.0,Female,40+ years,40+,200.0,2599746.0,7.69
29108,Chlamydia,274.0,Ohio,1998.0,Female,0-14 years,0-14,719.0,1171441.0,61.38
29109,Chlamydia,274.0,Ohio,1998.0,Female,15-19 years,15-19,10641.0,403714.0,2635.78
29110,Chlamydia,274.0,Ohio,1998.0,Female,20-24 years,20-24,7487.0,360683.0,2075.78
29111,Chlamydia,274.0,Ohio,1998.0,Female,25-29 years,25-29,2392.0,387494.0,617.3
29112,Chlamydia,274.0,Ohio,1998.0,Female,30-34 years,30-34,797.0,405212.0,196.69
29113,Chlamydia,274.0,Ohio,1998.0,Female,35-39 years,35-39,412.0,462044.0,89.17
29114,Chlamydia,274.0,Ohio,1998.0,Female,40+ years,40+,289.0,2637001.0,10.96
29115,Chlamydia,274.0,Ohio,1998.0,Female,Unknown,99,511.0,,
29116,Chlamydia,274.0,Ohio,1999.0,Female,0-14 years,0-14,696.0,1172855.0,59.34
29117,Chlamydia,274.0,Ohio,1999.0,Female,15-19 years,15-19,10454.0,402533.0,2597.05
29118,Chlamydia,274.0,Ohio,1999.0,Female,20-24 years,20-24,7703.0,362732.0,2123.61
29119,Chlamydia,274.0,Ohio,1999.0,Female,25-29 years,25-29,2460.0,377529.0,651.61
29120,Chlamydia,274.0,Ohio,1999.0,Female,30-34 years,30-34,837.0,396443.0,211.13
29121,Chlamydia,274.0,Ohio,1999.0,Female,35-39 years,35-39,371.0,454500.0,81.63
29122,Chlamydia,274.0,Ohio,1999.0,Female,40+ years,40+,325.0,2668425.0,12.18
29123,Chlamydia,274.0,Ohio,1999.0,Female,Unknown,99,534.0,,
29124,Chlamydia,274.0,Ohio,2000.0,Female,0-14 years,0-14,719.0,1166011.0,61.66
29125,Chlamydia,274.0,Ohio,2000.0,Female,15-19 years,15-19,10593.0,399817.0,2649.46
29126,Chlamydia,274.0,Ohio,2000.0,Female,20-24 years,20-24,8743.0,368999.0,2369.38
29127,Chlamydia,274.0,Ohio,2000.0,Female,25-29 years,25-29,2800.0,365659.0,765.74
29128,Chlamydia,274.0,Ohio,2000.0,Female,30-34 years,30-34,984.0,395193.0,248.99
29129,Chlamydia,274.0,Ohio,2000.0,Female,35-39 years,35-39,459.0,445176.0,103.11
29130,Chlamydia,274.0,Ohio,2000.0,Female,40+ years,40+,347.0,2704602.0,12.83
29131,Chlamydia,274.0,Ohio,2000.0,Female,Unknown,99,460.0,,
29132,Chlamydia,274.0,Ohio,2001.0,Female,0-14 years,0-14,730.0,1166779.0,62.57
29133,Chlamydia,274.0,Ohio,2001.0,Female,15-19 years,15-19,12122.0,397548.0,3049.19
29134,Chlamydia,274.0,Ohio,2001.0,Female,20-24 years,20-24,10633.0,379189.0,2804.14
29135,Chlamydia,274.0,Ohio,2001.0,Female,25-29 years,25-29,3405.0,353223.0,963.98
29136,Chlamydia,274.0,Ohio,2001.0,Female,30-34 years,30-34,1179.0,395233.0,298.31
29137,Chlamydia,274.0,Ohio,2001.0,Female,35-39 years,35-39,503.0,431935.0,116.45
29138,Chlamydia,274.0,Ohio,2001.0,Female,40+ years,40+,393.0,2731502.0,14.39
29139,Chlamydia,274.0,Ohio,2001.0,Female,Unknown,99,556.0,,
29140,Chlamydia,274.0,Ohio,2002.0,Female,0-14 years,0-14,818.0,1167428.0,70.07
29141,Chlamydia,274.0,Ohio,2002.0,Female,15-19 years,15-19,12488.0,396932.0,3146.13
29142,Chlamydia,274.0,Ohio,2002.0,Female,20-24 years,20-24,10444.0,389122.0,2683.99
29143,Chlamydia,274.0,Ohio,2002.0,Female,25-29 years,25-29,3358.0,347302.0,966.88
29144,Chlamydia,274.0,Ohio,2002.0,Female,30-34 years,30-34,1161.0,394532.0,294.27
29145,Chlamydia,274.0,Ohio,2002.0,Female,35-39 years,35-39,447.0,418867.0,106.72
29146,Chlamydia,274.0,Ohio,2002.0,Female,40+ years,40+,439.0,2753900.0,15.94
29147,Chlamydia,274.0,Ohio,2002.0,Female,Unknown,99,403.0,,
29148,Chlamydia,274.0,Ohio,2003.0,Female,0-14 years,0-14,890.0,1138819.0,78.15
29149,Chlamydia,274.0,Ohio,2003.0,Female,15-19 years,15-19,13816.0,395374.0,3494.41
29150,Chlamydia,274.0,Ohio,2003.0,Female,20-24 years,20-24,12142.0,395697.0,3068.51
29151,Chlamydia,274.0,Ohio,2003.0,Female,25-29 years,25-29,3871.0,347662.0,1113.44
29152,Chlamydia,274.0,Ohio,2003.0,Female,30-34 years,30-34,1373.0,385064.0,356.56
29153,Chlamydia,274.0,Ohio,2003.0,Female,35-39 years,35-39,539.0,406969.0,132.44
29154,Chlamydia,274.0,Ohio,2003.0,Female,40+ years,40+,391.0,2799999.0,13.96
29155,Chlamydia,274.0,Ohio,2003.0,Female,Unknown,99,527.0,,
29156,Chlamydia,274.0,Ohio,2004.0,Female,0-14 years,0-14,777.0,1121342.0,69.29
29157,Chlamydia,274.0,Ohio,2004.0,Female,15-19 years,15-19,12725.0,397224.0,3203.48
29158,Chlamydia,274.0,Ohio,2004.0,Female,20-24 years,20-24,10804.0,396470.0,2725.05
29159,Chlamydia,274.0,Ohio,2004.0,Female,25-29 years,25-29,3601.0,354925.0,1014.58
29160,Chlamydia,274.0,Ohio,2004.0,Female,30-34 years,30-34,1280.0,376674.0,339.82
29161,Chlamydia,274.0,Ohio,2004.0,Female,35-39 years,35-39,469.0,397913.0,117.86
29162,Chlamydia,274.0,Ohio,2004.0,Female,40+ years,40+,392.0,2833828.0,13.83
29163,Chlamydia,274.0,Ohio,2004.0,Female,Unknown,99,329.0,,
29164,Chlamydia,274.0,Ohio,2005.0,Female,0-14 years,0-14,867.0,1108718.0,78.2
29165,Chlamydia,274.0,Ohio,2005.0,Female,15-19 years,15-19,14115.0,398166.0,3545.0
29166,Chlamydia,274.0,Ohio,2005.0,Female,20-24 years,20-24,11577.0,392892.0,2946.61
29167,Chlamydia,274.0,Ohio,2005.0,Female,25-29 years,25-29,4132.0,363322.0,1137.28
29168,Chlamydia,274.0,Ohio,2005.0,Female,30-34 years,30-34,1341.0,364582.0,367.82
29169,Chlamydia,274.0,Ohio,2005.0,Female,35-39 years,35-39,532.0,392929.0,135.39
29170,Chlamydia,274.0,Ohio,2005.0,Female,40+ years,40+,409.0,2855826.0,14.32
29171,Chlamydia,274.0,Ohio,2005.0,Female,Unknown,99,339.0,,
29172,Chlamydia,274.0,Ohio,2006.0,Female,0-14 years,0-14,653.0,1109957.0,58.83
29173,Chlamydia,274.0,Ohio,2006.0,Female,15-19 years,15-19,12381.0,396845.0,3119.86
29174,Chlamydia,274.0,Ohio,2006.0,Female,20-24 years,20-24,10714.0,384607.0,2785.7
29175,Chlamydia,274.0,Ohio,2006.0,Female,25-29 years,25-29,3924.0,378768.0,1035.99
29176,Chlamydia,274.0,Ohio,2006.0,Female,30-34 years,30-34,1225.0,351005.0,349.0
29177,Chlamydia,274.0,Ohio,2006.0,Female,35-39 years,35-39,529.0,390283.0,135.54
29178,Chlamydia,274.0,Ohio,2006.0,Female,40+ years,40+,415.0,2868864.0,14.47
29179,Chlamydia,274.0,Ohio,2006.0,Female,Unknown,99,642.0,,
29180,Chlamydia,274.0,Ohio,2007.0,Female,0-14 years,0-14,672.0,1101717.0,61.0
29181,Chlamydia,274.0,Ohio,2007.0,Female,15-19 years,15-19,15102.0,395973.0,3813.9
29182,Chlamydia,274.0,Ohio,2007.0,Female,20-24 years,20-24,12626.0,376514.0,3353.39
29183,Chlamydia,274.0,Ohio,2007.0,Female,25-29 years,25-29,4615.0,385679.0,1196.59
29184,Chlamydia,274.0,Ohio,2007.0,Female,30-34 years,30-34,1572.0,344751.0,455.98
29185,Chlamydia,274.0,Ohio,2007.0,Female,35-39 years,35-39,626.0,388439.0,161.16
29186,Chlamydia,274.0,Ohio,2007.0,Female,40+ years,40+,499.0,2882683.0,17.31
29187,Chlamydia,274.0,Ohio,2007.0,Female,Unknown,99,431.0,,
29188,Chlamydia,274.0,Ohio,2008.0,Female,0-14 years,0-14,684.0,1095455.0,62.44
29189,Chlamydia,274.0,Ohio,2008.0,Female,15-19 years,15-19,15219.0,395164.0,3851.31
29190,Chlamydia,274.0,Ohio,2008.0,Female,20-24 years,20-24,12097.0,376414.0,3213.75
29191,Chlamydia,274.0,Ohio,2008.0,Female,25-29 years,25-29,4379.0,385731.0,1135.25
29192,Chlamydia,274.0,Ohio,2008.0,Female,30-34 years,30-34,1479.0,344542.0,429.27
29193,Chlamydia,274.0,Ohio,2008.0,Female,35-39 years,35-39,618.0,382288.0,161.66
29194,Chlamydia,274.0,Ohio,2008.0,Female,40+ years,40+,426.0,2902548.0,14.68
29195,Chlamydia,274.0,Ohio,2008.0,Female,Unknown,99,119.0,,
29196,Chlamydia,274.0,Ohio,2009.0,Female,0-14 years,0-14,697.0,1092466.0,63.8
29197,Chlamydia,274.0,Ohio,2009.0,Female,15-19 years,15-19,15507.0,396980.0,3906.24
29198,Chlamydia,274.0,Ohio,2009.0,Female,20-24 years,20-24,12817.0,372432.0,3441.43
29199,Chlamydia,274.0,Ohio,2009.0,Female,25-29 years,25-29,4432.0,378452.0,1171.09
29200,Chlamydia,274.0,Ohio,2009.0,Female,30-34 years,30-34,1663.0,357296.0,465.44
29201,Chlamydia,274.0,Ohio,2009.0,Female,35-39 years,35-39,632.0,372977.0,169.45
29202,Chlamydia,274.0,Ohio,2009.0,Female,40+ years,40+,476.0,2938639.0,16.2
29203,Chlamydia,274.0,Ohio,2009.0,Female,Unknown,99,500.0,,
29204,Chlamydia,274.0,Ohio,2010.0,Female,0-14 years,0-14,711.0,1097172.0,64.8
29205,Chlamydia,274.0,Ohio,2010.0,Female,15-19 years,15-19,16100.0,402707.0,3997.94
29206,Chlamydia,274.0,Ohio,2010.0,Female,20-24 years,20-24,13985.0,378914.0,3690.81
29207,Chlamydia,274.0,Ohio,2010.0,Female,25-29 years,25-29,4840.0,360793.0,1341.49
29208,Chlamydia,274.0,Ohio,2010.0,Female,30-34 years,30-34,1687.0,347242.0,485.83
29209,Chlamydia,274.0,Ohio,2010.0,Female,35-39 years,35-39,691.0,362042.0,190.86
29210,Chlamydia,274.0,Ohio,2010.0,Female,40+ years,40+,496.0,2955478.0,16.78
29211,Chlamydia,274.0,Ohio,2010.0,Female,Unknown,99,126.0,,
29212,Chlamydia,274.0,Ohio,2011.0,Female,0-14 years,0-14,731.0,1085118.0,67.37
29213,Chlamydia,274.0,Ohio,2011.0,Female,15-19 years,15-19,15638.0,391532.0,3994.05
29214,Chlamydia,274.0,Ohio,2011.0,Female,20-24 years,20-24,14591.0,385215.0,3787.75
29215,Chlamydia,274.0,Ohio,2011.0,Female,25-29 years,25-29,4893.0,360466.0,1357.41
29216,Chlamydia,274.0,Ohio,2011.0,Female,30-34 years,30-34,1740.0,354482.0,490.86
29217,Chlamydia,274.0,Ohio,2011.0,Female,35-39 years,35-39,699.0,345027.0,202.59
29218,Chlamydia,274.0,Ohio,2011.0,Female,40+ years,40+,532.0,2983759.0,17.83
29219,Chlamydia,274.0,Ohio,2011.0,Female,Unknown,99,90.0,,
29220,Chlamydia,274.0,Ohio,2012.0,Female,0-14 years,0-14,688.0,1074394.0,64.04
29221,Chlamydia,274.0,Ohio,2012.0,Female,15-19 years,15-19,14705.0,383772.0,3831.7
29222,Chlamydia,274.0,Ohio,2012.0,Female,20-24 years,20-24,15216.0,390872.0,3892.83
29223,Chlamydia,274.0,Ohio,2012.0,Female,25-29 years,25-29,5012.0,359957.0,1392.39
29224,Chlamydia,274.0,Ohio,2012.0,Female,30-34 years,30-34,1914.0,358828.0,533.4
29225,Chlamydia,274.0,Ohio,2012.0,Female,35-39 years,35-39,707.0,337932.0,209.21
29226,Chlamydia,274.0,Ohio,2012.0,Female,40+ years,40+,588.0,2995850.0,19.63
29227,Chlamydia,274.0,Ohio,2012.0,Female,Unknown,99,49.0,,
29228,Chlamydia,274.0,Ohio,2013.0,Female,0-14 years,0-14,691.0,1068199.0,64.69
29229,Chlamydia,274.0,Ohio,2013.0,Female,15-19 years,15-19,13623.0,381082.0,3574.82
29230,Chlamydia,274.0,Ohio,2013.0,Female,20-24 years,20-24,15241.0,393176.0,3876.38
29231,Chlamydia,274.0,Ohio,2013.0,Female,25-29 years,25-29,5263.0,364324.0,1444.59
29232,Chlamydia,274.0,Ohio,2013.0,Female,30-34 years,30-34,2011.0,361813.0,555.81
29233,Chlamydia,274.0,Ohio,2013.0,Female,35-39 years,35-39,810.0,337688.0,239.87
29234,Chlamydia,274.0,Ohio,2013.0,Female,40+ years,40+,601.0,3004867.0,20.0
29235,Chlamydia,274.0,Ohio,2013.0,Female,Unknown,99,53.0,,
29236,Chlamydia,274.0,Ohio,2014.0,Female,0-14 years,0-14,568.0,1068199.0,53.17
29237,Chlamydia,274.0,Ohio,2014.0,Female,15-19 years,15-19,13314.0,381082.0,3493.74
29238,Chlamydia,274.0,Ohio,2014.0,Female,20-24 years,20-24,15707.0,393176.0,3994.9
29239,Chlamydia,274.0,Ohio,2014.0,Female,25-29 years,25-29,5681.0,364324.0,1559.33
29240,Chlamydia,274.0,Ohio,2014.0,Female,30-34 years,30-34,2240.0,361813.0,619.1
29241,Chlamydia,274.0,Ohio,2014.0,Female,35-39 years,35-39,831.0,337688.0,246.09
29242,Chlamydia,274.0,Ohio,2014.0,Female,40+ years,40+,672.0,3004867.0,22.36
29243,Chlamydia,274.0,Ohio,2014.0,Female,Unknown,99,20.0,,
29244,Chlamydia,274.0,Oklahoma,1996.0,Female,0-14 years,0-14,188.0,356405.0,52.75
29245,Chlamydia,274.0,Oklahoma,1996.0,Female,15-19 years,15-19,3189.0,123226.0,2587.93
29246,Chlamydia,274.0,Oklahoma,1996.0,Female,20-24 years,20-24,2002.0,113602.0,1762.29
29247,Chlamydia,274.0,Oklahoma,1996.0,Female,25-29 years,25-29,569.0,110116.0,516.73
29248,Chlamydia,274.0,Oklahoma,1996.0,Female,30-34 years,30-34,187.0,119974.0,155.87
29249,Chlamydia,274.0,Oklahoma,1996.0,Female,35-39 years,35-39,74.0,134308.0,55.1
29250,Chlamydia,274.0,Oklahoma,1996.0,Female,40+ years,40+,57.0,746230.0,7.64
29251,Chlamydia,274.0,Oklahoma,1996.0,Female,Unknown,99,1.0,,
29252,Chlamydia,274.0,Oklahoma,1997.0,Female,0-14 years,0-14,180.0,357489.0,50.35
29253,Chlamydia,274.0,Oklahoma,1997.0,Female,15-19 years,15-19,3068.0,126408.0,2427.06
29254,Chlamydia,274.0,Oklahoma,1997.0,Female,20-24 years,20-24,2114.0,114222.0,1850.78
29255,Chlamydia,274.0,Oklahoma,1997.0,Female,25-29 years,25-29,581.0,112174.0,517.95
29256,Chlamydia,274.0,Oklahoma,1997.0,Female,30-34 years,30-34,183.0,115340.0,158.66
29257,Chlamydia,274.0,Oklahoma,1997.0,Female,35-39 years,35-39,93.0,134264.0,69.27
29258,Chlamydia,274.0,Oklahoma,1997.0,Female,40+ years,40+,50.0,759681.0,6.58
29259,Chlamydia,274.0,Oklahoma,1998.0,Female,0-14 years,0-14,232.0,358832.0,64.65
29260,Chlamydia,274.0,Oklahoma,1998.0,Female,15-19 years,15-19,3776.0,129548.0,2914.75
29261,Chlamydia,274.0,Oklahoma,1998.0,Female,20-24 years,20-24,2576.0,115472.0,2230.84
29262,Chlamydia,274.0,Oklahoma,1998.0,Female,25-29 years,25-29,744.0,112991.0,658.46
29263,Chlamydia,274.0,Oklahoma,1998.0,Female,30-34 years,30-34,208.0,111564.0,186.44
29264,Chlamydia,274.0,Oklahoma,1998.0,Female,35-39 years,35-39,89.0,133603.0,66.62
29265,Chlamydia,274.0,Oklahoma,1998.0,Female,40+ years,40+,70.0,773307.0,9.05
29266,Chlamydia,274.0,Oklahoma,1998.0,Female,Unknown,99,1.0,,
29267,Chlamydia,274.0,Oklahoma,1999.0,Female,0-14 years,0-14,163.0,358002.0,45.53
29268,Chlamydia,274.0,Oklahoma,1999.0,Female,15-19 years,15-19,3155.0,130625.0,2415.31
29269,Chlamydia,274.0,Oklahoma,1999.0,Female,20-24 years,20-24,2387.0,118049.0,2022.04
29270,Chlamydia,274.0,Oklahoma,1999.0,Female,25-29 years,25-29,652.0,112856.0,577.73
29271,Chlamydia,274.0,Oklahoma,1999.0,Female,30-34 years,30-34,222.0,109939.0,201.93
29272,Chlamydia,274.0,Oklahoma,1999.0,Female,35-39 years,35-39,96.0,132401.0,72.51
29273,Chlamydia,274.0,Oklahoma,1999.0,Female,40+ years,40+,60.0,786911.0,7.62
29274,Chlamydia,274.0,Oklahoma,1999.0,Female,Unknown,99,2.0,,
29275,Chlamydia,274.0,Oklahoma,2000.0,Female,0-14 years,0-14,182.0,352593.0,51.62
29276,Chlamydia,274.0,Oklahoma,2000.0,Female,15-19 years,15-19,3483.0,129483.0,2689.93
29277,Chlamydia,274.0,Oklahoma,2000.0,Female,20-24 years,20-24,2904.0,121138.0,2397.27
29278,Chlamydia,274.0,Oklahoma,2000.0,Female,25-29 years,25-29,756.0,111990.0,675.06
29279,Chlamydia,274.0,Oklahoma,2000.0,Female,30-34 years,30-34,200.0,110955.0,180.25
29280,Chlamydia,274.0,Oklahoma,2000.0,Female,35-39 years,35-39,111.0,128866.0,86.14
29281,Chlamydia,274.0,Oklahoma,2000.0,Female,40+ years,40+,78.0,801508.0,9.73
29282,Chlamydia,274.0,Oklahoma,2000.0,Female,Unknown,99,1.0,,
29283,Chlamydia,274.0,Oklahoma,2001.0,Female,0-14 years,0-14,182.0,352628.0,51.61
29284,Chlamydia,274.0,Oklahoma,2001.0,Female,15-19 years,15-19,3747.0,128237.0,2921.93
29285,Chlamydia,274.0,Oklahoma,2001.0,Female,20-24 years,20-24,3322.0,124921.0,2659.28
29286,Chlamydia,274.0,Oklahoma,2001.0,Female,25-29 years,25-29,896.0,110590.0,810.2
29287,Chlamydia,274.0,Oklahoma,2001.0,Female,30-34 years,30-34,284.0,111353.0,255.04
29288,Chlamydia,274.0,Oklahoma,2001.0,Female,35-39 years,35-39,110.0,123418.0,89.13
29289,Chlamydia,274.0,Oklahoma,2001.0,Female,40+ years,40+,59.0,811236.0,7.27
29290,Chlamydia,274.0,Oklahoma,2002.0,Female,0-14 years,0-14,209.0,351471.0,59.46
29291,Chlamydia,274.0,Oklahoma,2002.0,Female,15-19 years,15-19,3847.0,126808.0,3033.72
29292,Chlamydia,274.0,Oklahoma,2002.0,Female,20-24 years,20-24,3357.0,129474.0,2592.8
29293,Chlamydia,274.0,Oklahoma,2002.0,Female,25-29 years,25-29,872.0,110928.0,786.1
29294,Chlamydia,274.0,Oklahoma,2002.0,Female,30-34 years,30-34,320.0,113020.0,283.14
29295,Chlamydia,274.0,Oklahoma,2002.0,Female,35-39 years,35-39,95.0,118543.0,80.14
29296,Chlamydia,274.0,Oklahoma,2002.0,Female,40+ years,40+,64.0,823597.0,7.77
29297,Chlamydia,274.0,Oklahoma,2003.0,Female,0-14 years,0-14,222.0,354349.0,62.65
29298,Chlamydia,274.0,Oklahoma,2003.0,Female,15-19 years,15-19,3866.0,124951.0,3094.01
29299,Chlamydia,274.0,Oklahoma,2003.0,Female,20-24 years,20-24,3473.0,132669.0,2617.79
29300,Chlamydia,274.0,Oklahoma,2003.0,Female,25-29 years,25-29,952.0,112582.0,845.61
29301,Chlamydia,274.0,Oklahoma,2003.0,Female,30-34 years,30-34,332.0,112326.0,295.57
29302,Chlamydia,274.0,Oklahoma,2003.0,Female,35-39 years,35-39,78.0,114142.0,68.34
29303,Chlamydia,274.0,Oklahoma,2003.0,Female,40+ years,40+,67.0,829064.0,8.08
29304,Chlamydia,274.0,Oklahoma,2004.0,Female,0-14 years,0-14,151.0,346775.0,43.54
29305,Chlamydia,274.0,Oklahoma,2004.0,Female,15-19 years,15-19,3346.0,123416.0,2711.16
29306,Chlamydia,274.0,Oklahoma,2004.0,Female,20-24 years,20-24,3293.0,133855.0,2460.12
29307,Chlamydia,274.0,Oklahoma,2004.0,Female,25-29 years,25-29,982.0,116661.0,841.75
29308,Chlamydia,274.0,Oklahoma,2004.0,Female,30-34 years,30-34,278.0,112132.0,247.92
29309,Chlamydia,274.0,Oklahoma,2004.0,Female,35-39 years,35-39,114.0,111291.0,102.43
29310,Chlamydia,274.0,Oklahoma,2004.0,Female,40+ years,40+,73.0,839158.0,8.7
29311,Chlamydia,274.0,Oklahoma,2005.0,Female,0-14 years,0-14,208.0,342989.0,60.64
29312,Chlamydia,274.0,Oklahoma,2005.0,Female,15-19 years,15-19,4218.0,123240.0,3422.59
29313,Chlamydia,274.0,Oklahoma,2005.0,Female,20-24 years,20-24,4218.0,133267.0,3165.07
29314,Chlamydia,274.0,Oklahoma,2005.0,Female,25-29 years,25-29,1306.0,121323.0,1076.47
29315,Chlamydia,274.0,Oklahoma,2005.0,Female,30-34 years,30-34,424.0,111633.0,379.82
29316,Chlamydia,274.0,Oklahoma,2005.0,Female,35-39 years,35-39,138.0,111482.0,123.79
29317,Chlamydia,274.0,Oklahoma,2005.0,Female,40+ years,40+,95.0,850676.0,11.17
29318,Chlamydia,274.0,Oklahoma,2005.0,Female,Unknown,99,1.0,,
29319,Chlamydia,274.0,Oklahoma,2006.0,Female,0-14 years,0-14,164.0,360464.0,45.5
29320,Chlamydia,274.0,Oklahoma,2006.0,Female,15-19 years,15-19,3923.0,121359.0,3232.56
29321,Chlamydia,274.0,Oklahoma,2006.0,Female,20-24 years,20-24,3741.0,130181.0,2873.69
29322,Chlamydia,274.0,Oklahoma,2006.0,Female,25-29 years,25-29,1254.0,127065.0,986.9
29323,Chlamydia,274.0,Oklahoma,2006.0,Female,30-34 years,30-34,381.0,109681.0,347.37
29324,Chlamydia,274.0,Oklahoma,2006.0,Female,35-39 years,35-39,123.0,111637.0,110.18
29325,Chlamydia,274.0,Oklahoma,2006.0,Female,40+ years,40+,92.0,854311.0,10.77
29326,Chlamydia,274.0,Oklahoma,2007.0,Female,0-14 years,0-14,122.0,362135.0,33.69
29327,Chlamydia,274.0,Oklahoma,2007.0,Female,15-19 years,15-19,3571.0,122723.0,2909.81
29328,Chlamydia,274.0,Oklahoma,2007.0,Female,20-24 years,20-24,3624.0,128722.0,2815.37
29329,Chlamydia,274.0,Oklahoma,2007.0,Female,25-29 years,25-29,1232.0,131441.0,937.3
29330,Chlamydia,274.0,Oklahoma,2007.0,Female,30-34 years,30-34,342.0,109410.0,312.59
29331,Chlamydia,274.0,Oklahoma,2007.0,Female,35-39 years,35-39,151.0,113666.0,132.84
29332,Chlamydia,274.0,Oklahoma,2007.0,Female,40+ years,40+,87.0,861731.0,10.1
29333,Chlamydia,274.0,Oklahoma,2007.0,Female,Unknown,99,1.0,,
29334,Chlamydia,274.0,Oklahoma,2008.0,Female,0-14 years,0-14,139.0,366841.0,37.89
29335,Chlamydia,274.0,Oklahoma,2008.0,Female,15-19 years,15-19,4465.0,121642.0,3670.61
29336,Chlamydia,274.0,Oklahoma,2008.0,Female,20-24 years,20-24,4176.0,128276.0,3255.48
29337,Chlamydia,274.0,Oklahoma,2008.0,Female,25-29 years,25-29,1562.0,133488.0,1170.14
29338,Chlamydia,274.0,Oklahoma,2008.0,Female,30-34 years,30-34,453.0,110105.0,411.43
29339,Chlamydia,274.0,Oklahoma,2008.0,Female,35-39 years,35-39,208.0,113725.0,182.9
29340,Chlamydia,274.0,Oklahoma,2008.0,Female,40+ years,40+,113.0,869443.0,13.0
29341,Chlamydia,274.0,Oklahoma,2008.0,Female,Unknown,99,1.0,,
29342,Chlamydia,274.0,Oklahoma,2009.0,Female,0-14 years,0-14,191.0,374023.0,51.07
29343,Chlamydia,274.0,Oklahoma,2009.0,Female,15-19 years,15-19,4378.0,124070.0,3528.65
29344,Chlamydia,274.0,Oklahoma,2009.0,Female,20-24 years,20-24,4148.0,134318.0,3088.19
29345,Chlamydia,274.0,Oklahoma,2009.0,Female,25-29 years,25-29,1592.0,132927.0,1197.65
29346,Chlamydia,274.0,Oklahoma,2009.0,Female,30-34 years,30-34,489.0,112907.0,433.1
29347,Chlamydia,274.0,Oklahoma,2009.0,Female,35-39 years,35-39,195.0,113340.0,172.05
29348,Chlamydia,274.0,Oklahoma,2009.0,Female,40+ years,40+,103.0,873491.0,11.79
29349,Chlamydia,274.0,Oklahoma,2009.0,Female,Unknown,99,5.0,,
29350,Chlamydia,274.0,Oklahoma,2010.0,Female,0-14 years,0-14,135.0,379248.0,35.6
29351,Chlamydia,274.0,Oklahoma,2010.0,Female,15-19 years,15-19,4008.0,128840.0,3110.84
29352,Chlamydia,274.0,Oklahoma,2010.0,Female,20-24 years,20-24,4018.0,131308.0,3059.98
29353,Chlamydia,274.0,Oklahoma,2010.0,Female,25-29 years,25-29,1356.0,129829.0,1044.45
29354,Chlamydia,274.0,Oklahoma,2010.0,Female,30-34 years,30-34,515.0,118104.0,436.06
29355,Chlamydia,274.0,Oklahoma,2010.0,Female,35-39 years,35-39,155.0,115296.0,134.44
29356,Chlamydia,274.0,Oklahoma,2010.0,Female,40+ years,40+,106.0,891749.0,11.89
29357,Chlamydia,274.0,Oklahoma,2010.0,Female,Unknown,99,4.0,,
29358,Chlamydia,274.0,Oklahoma,2011.0,Female,0-14 years,0-14,125.0,383322.0,32.61
29359,Chlamydia,274.0,Oklahoma,2011.0,Female,15-19 years,15-19,3834.0,125975.0,3043.46
29360,Chlamydia,274.0,Oklahoma,2011.0,Female,20-24 years,20-24,4165.0,135815.0,3066.67
29361,Chlamydia,274.0,Oklahoma,2011.0,Female,25-29 years,25-29,1383.0,130533.0,1059.5
29362,Chlamydia,274.0,Oklahoma,2011.0,Female,30-34 years,30-34,542.0,122264.0,443.3
29363,Chlamydia,274.0,Oklahoma,2011.0,Female,35-39 years,35-39,179.0,113095.0,158.27
29364,Chlamydia,274.0,Oklahoma,2011.0,Female,40+ years,40+,115.0,902755.0,12.74
29365,Chlamydia,274.0,Oklahoma,2011.0,Female,Unknown,99,6.0,,
29366,Chlamydia,274.0,Oklahoma,2012.0,Female,0-14 years,0-14,160.0,384155.0,41.65
29367,Chlamydia,274.0,Oklahoma,2012.0,Female,15-19 years,15-19,4311.0,123520.0,3490.12
29368,Chlamydia,274.0,Oklahoma,2012.0,Female,20-24 years,20-24,4927.0,139228.0,3538.8
29369,Chlamydia,274.0,Oklahoma,2012.0,Female,25-29 years,25-29,1789.0,130163.0,1374.43
29370,Chlamydia,274.0,Oklahoma,2012.0,Female,30-34 years,30-34,721.0,125481.0,574.59
29371,Chlamydia,274.0,Oklahoma,2012.0,Female,35-39 years,35-39,258.0,113396.0,227.52
29372,Chlamydia,274.0,Oklahoma,2012.0,Female,40+ years,40+,173.0,909052.0,19.03
29373,Chlamydia,274.0,Oklahoma,2012.0,Female,Unknown,99,2.0,,
29374,Chlamydia,274.0,Oklahoma,2013.0,Female,0-14 years,0-14,161.0,387988.0,41.5
29375,Chlamydia,274.0,Oklahoma,2013.0,Female,15-19 years,15-19,4370.0,123913.0,3526.67
29376,Chlamydia,274.0,Oklahoma,2013.0,Female,20-24 years,20-24,5358.0,139999.0,3827.17
29377,Chlamydia,274.0,Oklahoma,2013.0,Female,25-29 years,25-29,1896.0,129711.0,1461.71
29378,Chlamydia,274.0,Oklahoma,2013.0,Female,30-34 years,30-34,756.0,130248.0,580.43
29379,Chlamydia,274.0,Oklahoma,2013.0,Female,35-39 years,35-39,288.0,114604.0,251.3
29380,Chlamydia,274.0,Oklahoma,2013.0,Female,40+ years,40+,235.0,916813.0,25.63
29381,Chlamydia,274.0,Oklahoma,2013.0,Female,Unknown,99,1.0,,
29382,Chlamydia,274.0,Oklahoma,2014.0,Female,0-14 years,0-14,145.0,387988.0,37.37
29383,Chlamydia,274.0,Oklahoma,2014.0,Female,15-19 years,15-19,4769.0,123913.0,3848.67
29384,Chlamydia,274.0,Oklahoma,2014.0,Female,20-24 years,20-24,6061.0,139999.0,4329.32
29385,Chlamydia,274.0,Oklahoma,2014.0,Female,25-29 years,25-29,2321.0,129711.0,1789.36
29386,Chlamydia,274.0,Oklahoma,2014.0,Female,30-34 years,30-34,940.0,130248.0,721.7
29387,Chlamydia,274.0,Oklahoma,2014.0,Female,35-39 years,35-39,351.0,114604.0,306.27
29388,Chlamydia,274.0,Oklahoma,2014.0,Female,40+ years,40+,268.0,916813.0,29.23
29389,Chlamydia,274.0,Oregon,1996.0,Female,0-14 years,0-14,131.0,328442.0,39.89
29390,Chlamydia,274.0,Oregon,1996.0,Female,15-19 years,15-19,1778.0,112589.0,1579.2
29391,Chlamydia,274.0,Oregon,1996.0,Female,20-24 years,20-24,1174.0,100148.0,1172.27
29392,Chlamydia,274.0,Oregon,1996.0,Female,25-29 years,25-29,473.0,108944.0,434.17
29393,Chlamydia,274.0,Oregon,1996.0,Female,30-34 years,30-34,217.0,118606.0,182.96
29394,Chlamydia,274.0,Oregon,1996.0,Female,35-39 years,35-39,124.0,133524.0,92.87
29395,Chlamydia,274.0,Oregon,1996.0,Female,40+ years,40+,123.0,740331.0,16.61
29396,Chlamydia,274.0,Oregon,1996.0,Female,Unknown,99,59.0,,
29397,Chlamydia,274.0,Oregon,1997.0,Female,0-14 years,0-14,147.0,333133.0,44.13
29398,Chlamydia,274.0,Oregon,1997.0,Female,15-19 years,15-19,1746.0,115876.0,1506.78
29399,Chlamydia,274.0,Oregon,1997.0,Female,20-24 years,20-24,1212.0,103110.0,1175.44
29400,Chlamydia,274.0,Oregon,1997.0,Female,25-29 years,25-29,444.0,110757.0,400.88
29401,Chlamydia,274.0,Oregon,1997.0,Female,30-34 years,30-34,141.0,116130.0,121.42
29402,Chlamydia,274.0,Oregon,1997.0,Female,35-39 years,35-39,72.0,132684.0,54.26
29403,Chlamydia,274.0,Oregon,1997.0,Female,40+ years,40+,66.0,758311.0,8.7
29404,Chlamydia,274.0,Oregon,1997.0,Female,Unknown,99,5.0,,
29405,Chlamydia,274.0,Oregon,1998.0,Female,0-14 years,0-14,147.0,336640.0,43.67
29406,Chlamydia,274.0,Oregon,1998.0,Female,15-19 years,15-19,1901.0,118232.0,1607.86
29407,Chlamydia,274.0,Oregon,1998.0,Female,20-24 years,20-24,1384.0,106323.0,1301.69
29408,Chlamydia,274.0,Oregon,1998.0,Female,25-29 years,25-29,536.0,112024.0,478.47
29409,Chlamydia,274.0,Oregon,1998.0,Female,30-34 years,30-34,185.0,114168.0,162.04
29410,Chlamydia,274.0,Oregon,1998.0,Female,35-39 years,35-39,102.0,131057.0,77.83
29411,Chlamydia,274.0,Oregon,1998.0,Female,40+ years,40+,52.0,774815.0,6.71
29412,Chlamydia,274.0,Oregon,1999.0,Female,0-14 years,0-14,114.0,339560.0,33.57
29413,Chlamydia,274.0,Oregon,1999.0,Female,15-19 years,15-19,2023.0,119020.0,1699.71
29414,Chlamydia,274.0,Oregon,1999.0,Female,20-24 years,20-24,1523.0,109896.0,1385.86
29415,Chlamydia,274.0,Oregon,1999.0,Female,25-29 years,25-29,486.0,112542.0,431.84
29416,Chlamydia,274.0,Oregon,1999.0,Female,30-34 years,30-34,166.0,113809.0,145.86
29417,Chlamydia,274.0,Oregon,1999.0,Female,35-39 years,35-39,90.0,128928.0,69.81
29418,Chlamydia,274.0,Oregon,1999.0,Female,40+ years,40+,60.0,788471.0,7.61
29419,Chlamydia,274.0,Oregon,2000.0,Female,0-14 years,0-14,128.0,345057.0,37.1
29420,Chlamydia,274.0,Oregon,2000.0,Female,15-19 years,15-19,2233.0,119188.0,1873.51
29421,Chlamydia,274.0,Oregon,2000.0,Female,20-24 years,20-24,1809.0,112281.0,1611.14
29422,Chlamydia,274.0,Oregon,2000.0,Female,25-29 years,25-29,614.0,111951.0,548.45
29423,Chlamydia,274.0,Oregon,2000.0,Female,30-34 years,30-34,244.0,115207.0,211.79
29424,Chlamydia,274.0,Oregon,2000.0,Female,35-39 years,35-39,90.0,125484.0,71.72
29425,Chlamydia,274.0,Oregon,2000.0,Female,40+ years,40+,73.0,800218.0,9.12
29426,Chlamydia,274.0,Oregon,2000.0,Female,Unknown,99,1.0,,
29427,Chlamydia,274.0,Oregon,2001.0,Female,0-14 years,0-14,107.0,344417.0,31.07
29428,Chlamydia,274.0,Oregon,2001.0,Female,15-19 years,15-19,2237.0,119455.0,1872.67
29429,Chlamydia,274.0,Oregon,2001.0,Female,20-24 years,20-24,1969.0,114672.0,1717.07
29430,Chlamydia,274.0,Oregon,2001.0,Female,25-29 years,25-29,717.0,112068.0,639.79
29431,Chlamydia,274.0,Oregon,2001.0,Female,30-34 years,30-34,228.0,118652.0,192.16
29432,Chlamydia,274.0,Oregon,2001.0,Female,35-39 years,35-39,113.0,123551.0,91.46
29433,Chlamydia,274.0,Oregon,2001.0,Female,40+ years,40+,71.0,817248.0,8.69
29434,Chlamydia,274.0,Oregon,2002.0,Female,0-14 years,0-14,91.0,345234.0,26.36
29435,Chlamydia,274.0,Oregon,2002.0,Female,15-19 years,15-19,1946.0,119711.0,1625.58
29436,Chlamydia,274.0,Oregon,2002.0,Female,20-24 years,20-24,1919.0,117524.0,1632.86
29437,Chlamydia,274.0,Oregon,2002.0,Female,25-29 years,25-29,661.0,113438.0,582.7
29438,Chlamydia,274.0,Oregon,2002.0,Female,30-34 years,30-34,258.0,121836.0,211.76
29439,Chlamydia,274.0,Oregon,2002.0,Female,35-39 years,35-39,88.0,121423.0,72.47
29440,Chlamydia,274.0,Oregon,2002.0,Female,40+ years,40+,70.0,834494.0,8.39
29441,Chlamydia,274.0,Oregon,2003.0,Female,0-14 years,0-14,105.0,342585.0,30.65
29442,Chlamydia,274.0,Oregon,2003.0,Female,15-19 years,15-19,2084.0,119517.0,1743.68
29443,Chlamydia,274.0,Oregon,2003.0,Female,20-24 years,20-24,2107.0,121563.0,1733.26
29444,Chlamydia,274.0,Oregon,2003.0,Female,25-29 years,25-29,781.0,117867.0,662.61
29445,Chlamydia,274.0,Oregon,2003.0,Female,30-34 years,30-34,303.0,123627.0,245.09
29446,Chlamydia,274.0,Oregon,2003.0,Female,35-39 years,35-39,111.0,119221.0,93.1
29447,Chlamydia,274.0,Oregon,2003.0,Female,40+ years,40+,99.0,846738.0,11.69
29448,Chlamydia,274.0,Oregon,2004.0,Female,0-14 years,0-14,108.0,343469.0,31.44
29449,Chlamydia,274.0,Oregon,2004.0,Female,15-19 years,15-19,2198.0,120063.0,1830.71
29450,Chlamydia,274.0,Oregon,2004.0,Female,20-24 years,20-24,2374.0,123601.0,1920.7
29451,Chlamydia,274.0,Oregon,2004.0,Female,25-29 years,25-29,863.0,120529.0,716.01
29452,Chlamydia,274.0,Oregon,2004.0,Female,30-34 years,30-34,325.0,123456.0,263.25
29453,Chlamydia,274.0,Oregon,2004.0,Female,35-39 years,35-39,132.0,118960.0,110.96
29454,Chlamydia,274.0,Oregon,2004.0,Female,40+ years,40+,90.0,857739.0,10.49
29455,Chlamydia,274.0,Oregon,2005.0,Female,0-14 years,0-14,82.0,341080.0,24.04
29456,Chlamydia,274.0,Oregon,2005.0,Female,15-19 years,15-19,2199.0,121165.0,1814.88
29457,Chlamydia,274.0,Oregon,2005.0,Female,20-24 years,20-24,2343.0,124854.0,1876.59
29458,Chlamydia,274.0,Oregon,2005.0,Female,25-29 years,25-29,960.0,124429.0,771.52
29459,Chlamydia,274.0,Oregon,2005.0,Female,30-34 years,30-34,367.0,123601.0,296.92
29460,Chlamydia,274.0,Oregon,2005.0,Female,35-39 years,35-39,155.0,121770.0,127.29
29461,Chlamydia,274.0,Oregon,2005.0,Female,40+ years,40+,88.0,873246.0,10.08
29462,Chlamydia,274.0,Oregon,2006.0,Female,0-14 years,0-14,86.0,343027.0,25.07
29463,Chlamydia,274.0,Oregon,2006.0,Female,15-19 years,15-19,2259.0,119973.0,1882.92
29464,Chlamydia,274.0,Oregon,2006.0,Female,20-24 years,20-24,2505.0,119737.0,2092.09
29465,Chlamydia,274.0,Oregon,2006.0,Female,25-29 years,25-29,1042.0,133025.0,783.31
29466,Chlamydia,274.0,Oregon,2006.0,Female,30-34 years,30-34,384.0,119372.0,321.68
29467,Chlamydia,274.0,Oregon,2006.0,Female,35-39 years,35-39,181.0,123413.0,146.66
29468,Chlamydia,274.0,Oregon,2006.0,Female,40+ years,40+,128.0,902523.0,14.18
29469,Chlamydia,274.0,Oregon,2007.0,Female,0-14 years,0-14,80.0,345591.0,23.15
29470,Chlamydia,274.0,Oregon,2007.0,Female,15-19 years,15-19,2435.0,121040.0,2011.73
29471,Chlamydia,274.0,Oregon,2007.0,Female,20-24 years,20-24,2600.0,117934.0,2204.62
29472,Chlamydia,274.0,Oregon,2007.0,Female,25-29 years,25-29,1054.0,135751.0,776.42
29473,Chlamydia,274.0,Oregon,2007.0,Female,30-34 years,30-34,440.0,120955.0,363.77
29474,Chlamydia,274.0,Oregon,2007.0,Female,35-39 years,35-39,171.0,125453.0,136.31
29475,Chlamydia,274.0,Oregon,2007.0,Female,40+ years,40+,110.0,918592.0,11.97
29476,Chlamydia,274.0,Oregon,2008.0,Female,0-14 years,0-14,103.0,349509.0,29.47
29477,Chlamydia,274.0,Oregon,2008.0,Female,15-19 years,15-19,2646.0,120351.0,2198.57
29478,Chlamydia,274.0,Oregon,2008.0,Female,20-24 years,20-24,2840.0,118738.0,2391.82
29479,Chlamydia,274.0,Oregon,2008.0,Female,25-29 years,25-29,1079.0,135720.0,795.02
29480,Chlamydia,274.0,Oregon,2008.0,Female,30-34 years,30-34,443.0,124171.0,356.77
29481,Chlamydia,274.0,Oregon,2008.0,Female,35-39 years,35-39,180.0,126188.0,142.64
29482,Chlamydia,274.0,Oregon,2008.0,Female,40+ years,40+,142.0,932652.0,15.23
29483,Chlamydia,274.0,Oregon,2009.0,Female,0-14 years,0-14,92.0,354484.0,25.95
29484,Chlamydia,274.0,Oregon,2009.0,Female,15-19 years,15-19,3042.0,122840.0,2476.39
29485,Chlamydia,274.0,Oregon,2009.0,Female,20-24 years,20-24,3024.0,128009.0,2362.33
29486,Chlamydia,274.0,Oregon,2009.0,Female,25-29 years,25-29,1145.0,135042.0,847.88
29487,Chlamydia,274.0,Oregon,2009.0,Female,30-34 years,30-34,479.0,123273.0,388.57
29488,Chlamydia,274.0,Oregon,2009.0,Female,35-39 years,35-39,202.0,123843.0,163.11
29489,Chlamydia,274.0,Oregon,2009.0,Female,40+ years,40+,152.0,941112.0,16.15
29490,Chlamydia,274.0,Oregon,2010.0,Female,0-14 years,0-14,101.0,350218.0,28.84
29491,Chlamydia,274.0,Oregon,2010.0,Female,15-19 years,15-19,3088.0,124183.0,2486.65
29492,Chlamydia,274.0,Oregon,2010.0,Female,20-24 years,20-24,3270.0,124587.0,2624.67
29493,Chlamydia,274.0,Oregon,2010.0,Female,25-29 years,25-29,1188.0,131397.0,904.13
29494,Chlamydia,274.0,Oregon,2010.0,Female,30-34 years,30-34,508.0,127972.0,396.96
29495,Chlamydia,274.0,Oregon,2010.0,Female,35-39 years,35-39,229.0,123336.0,185.67
29496,Chlamydia,274.0,Oregon,2010.0,Female,40+ years,40+,180.0,953379.0,18.88
29497,Chlamydia,274.0,Oregon,2010.0,Female,Unknown,99,1.0,,
29498,Chlamydia,274.0,Oregon,2011.0,Female,0-14 years,0-14,114.0,349992.0,32.57
29499,Chlamydia,274.0,Oregon,2011.0,Female,15-19 years,15-19,3435.0,121463.0,2828.02
29500,Chlamydia,274.0,Oregon,2011.0,Female,20-24 years,20-24,3779.0,129273.0,2923.27
29501,Chlamydia,274.0,Oregon,2011.0,Female,25-29 years,25-29,1219.0,130834.0,931.72
29502,Chlamydia,274.0,Oregon,2011.0,Female,30-34 years,30-34,508.0,131510.0,386.28
29503,Chlamydia,274.0,Oregon,2011.0,Female,35-39 years,35-39,231.0,121404.0,190.27
29504,Chlamydia,274.0,Oregon,2011.0,Female,40+ years,40+,202.0,970763.0,20.81
29505,Chlamydia,274.0,Oregon,2011.0,Female,Unknown,99,1.0,,
29506,Chlamydia,274.0,Oregon,2012.0,Female,0-14 years,0-14,107.0,348272.0,30.72
29507,Chlamydia,274.0,Oregon,2012.0,Female,15-19 years,15-19,3310.0,119662.0,2766.12
29508,Chlamydia,274.0,Oregon,2012.0,Female,20-24 years,20-24,3792.0,131128.0,2891.83
29509,Chlamydia,274.0,Oregon,2012.0,Female,25-29 years,25-29,1277.0,129455.0,986.44
29510,Chlamydia,274.0,Oregon,2012.0,Female,30-34 years,30-34,505.0,134294.0,376.04
29511,Chlamydia,274.0,Oregon,2012.0,Female,35-39 years,35-39,244.0,122834.0,198.64
29512,Chlamydia,274.0,Oregon,2012.0,Female,40+ years,40+,189.0,982996.0,19.23
29513,Chlamydia,274.0,Oregon,2012.0,Female,Unknown,99,1.0,,
29514,Chlamydia,274.0,Oregon,2013.0,Female,0-14 years,0-14,88.0,347188.0,25.35
29515,Chlamydia,274.0,Oregon,2013.0,Female,15-19 years,15-19,3099.0,119957.0,2583.43
29516,Chlamydia,274.0,Oregon,2013.0,Female,20-24 years,20-24,3990.0,132631.0,3008.35
29517,Chlamydia,274.0,Oregon,2013.0,Female,25-29 years,25-29,1554.0,129185.0,1202.93
29518,Chlamydia,274.0,Oregon,2013.0,Female,30-34 years,30-34,633.0,136253.0,464.58
29519,Chlamydia,274.0,Oregon,2013.0,Female,35-39 years,35-39,316.0,125490.0,251.81
29520,Chlamydia,274.0,Oregon,2013.0,Female,40+ years,40+,250.0,994951.0,25.13
29521,Chlamydia,274.0,Oregon,2013.0,Female,Unknown,99,2.0,,
29522,Chlamydia,274.0,Oregon,2014.0,Female,0-14 years,0-14,108.0,347188.0,31.11
29523,Chlamydia,274.0,Oregon,2014.0,Female,15-19 years,15-19,3083.0,119957.0,2570.09
29524,Chlamydia,274.0,Oregon,2014.0,Female,20-24 years,20-24,4156.0,132631.0,3133.51
29525,Chlamydia,274.0,Oregon,2014.0,Female,25-29 years,25-29,1681.0,129185.0,1301.23
29526,Chlamydia,274.0,Oregon,2014.0,Female,30-34 years,30-34,807.0,136253.0,592.28
29527,Chlamydia,274.0,Oregon,2014.0,Female,35-39 years,35-39,381.0,125490.0,303.61
29528,Chlamydia,274.0,Oregon,2014.0,Female,40+ years,40+,325.0,994951.0,32.66
29529,Chlamydia,274.0,Oregon,2014.0,Female,Unknown,99,4.0,,
29530,Chlamydia,274.0,Pennsylvania,1996.0,Female,0-14 years,0-14,685.0,1191940.0,57.47
29531,Chlamydia,274.0,Pennsylvania,1996.0,Female,15-19 years,15-19,7696.0,399141.0,1928.14
29532,Chlamydia,274.0,Pennsylvania,1996.0,Female,20-24 years,20-24,5229.0,378345.0,1382.07
29533,Chlamydia,274.0,Pennsylvania,1996.0,Female,25-29 years,25-29,1860.0,418395.0,444.56
29534,Chlamydia,274.0,Pennsylvania,1996.0,Female,30-34 years,30-34,712.0,448098.0,158.89
29535,Chlamydia,274.0,Pennsylvania,1996.0,Female,35-39 years,35-39,311.0,511567.0,60.79
29536,Chlamydia,274.0,Pennsylvania,1996.0,Female,40+ years,40+,239.0,2990157.0,7.99
29537,Chlamydia,274.0,Pennsylvania,1996.0,Female,Unknown,99,494.0,,
29538,Chlamydia,274.0,Pennsylvania,1997.0,Female,0-14 years,0-14,589.0,1189899.0,49.5
29539,Chlamydia,274.0,Pennsylvania,1997.0,Female,15-19 years,15-19,7811.0,406445.0,1921.79
29540,Chlamydia,274.0,Pennsylvania,1997.0,Female,20-24 years,20-24,5420.0,368947.0,1469.05
29541,Chlamydia,274.0,Pennsylvania,1997.0,Female,25-29 years,25-29,1960.0,412416.0,475.25
29542,Chlamydia,274.0,Pennsylvania,1997.0,Female,30-34 years,30-34,682.0,433294.0,157.4
29543,Chlamydia,274.0,Pennsylvania,1997.0,Female,35-39 years,35-39,349.0,505236.0,69.08
29544,Chlamydia,274.0,Pennsylvania,1997.0,Female,40+ years,40+,218.0,3021224.0,7.22
29545,Chlamydia,274.0,Pennsylvania,1997.0,Female,Unknown,99,229.0,,
29546,Chlamydia,274.0,Pennsylvania,1998.0,Female,0-14 years,0-14,665.0,1187555.0,56.0
29547,Chlamydia,274.0,Pennsylvania,1998.0,Female,15-19 years,15-19,9431.0,413476.0,2280.91
29548,Chlamydia,274.0,Pennsylvania,1998.0,Female,20-24 years,20-24,6688.0,367370.0,1820.51
29549,Chlamydia,274.0,Pennsylvania,1998.0,Female,25-29 years,25-29,2505.0,399404.0,627.18
29550,Chlamydia,274.0,Pennsylvania,1998.0,Female,30-34 years,30-34,832.0,423397.0,196.51
29551,Chlamydia,274.0,Pennsylvania,1998.0,Female,35-39 years,35-39,411.0,496102.0,82.85
29552,Chlamydia,274.0,Pennsylvania,1998.0,Female,40+ years,40+,296.0,3057249.0,9.68
29553,Chlamydia,274.0,Pennsylvania,1998.0,Female,Unknown,99,52.0,,
29554,Chlamydia,274.0,Pennsylvania,1999.0,Female,0-14 years,0-14,730.0,1182895.0,61.71
29555,Chlamydia,274.0,Pennsylvania,1999.0,Female,15-19 years,15-19,9944.0,415900.0,2390.96
29556,Chlamydia,274.0,Pennsylvania,1999.0,Female,20-24 years,20-24,7341.0,370143.0,1983.29
29557,Chlamydia,274.0,Pennsylvania,1999.0,Female,25-29 years,25-29,2606.0,381115.0,683.78
29558,Chlamydia,274.0,Pennsylvania,1999.0,Female,30-34 years,30-34,963.0,418304.0,230.22
29559,Chlamydia,274.0,Pennsylvania,1999.0,Female,35-39 years,35-39,473.0,488756.0,96.78
29560,Chlamydia,274.0,Pennsylvania,1999.0,Female,40+ years,40+,344.0,3089951.0,11.13
29561,Chlamydia,274.0,Pennsylvania,1999.0,Female,Unknown,99,50.0,,
29562,Chlamydia,274.0,Pennsylvania,2000.0,Female,0-14 years,0-14,755.0,1167457.0,64.67
29563,Chlamydia,274.0,Pennsylvania,2000.0,Female,15-19 years,15-19,9324.0,415550.0,2243.77
29564,Chlamydia,274.0,Pennsylvania,2000.0,Female,20-24 years,20-24,7239.0,379000.0,1910.03
29565,Chlamydia,274.0,Pennsylvania,2000.0,Female,25-29 years,25-29,2315.0,362640.0,638.37
29566,Chlamydia,274.0,Pennsylvania,2000.0,Female,30-34 years,30-34,951.0,417974.0,227.53
29567,Chlamydia,274.0,Pennsylvania,2000.0,Female,35-39 years,35-39,409.0,480421.0,85.13
29568,Chlamydia,274.0,Pennsylvania,2000.0,Female,40+ years,40+,319.0,3130236.0,10.19
29569,Chlamydia,274.0,Pennsylvania,2000.0,Female,Unknown,99,72.0,,
29570,Chlamydia,274.0,Pennsylvania,2001.0,Female,0-14 years,0-14,745.0,1158456.0,64.31
29571,Chlamydia,274.0,Pennsylvania,2001.0,Female,15-19 years,15-19,9800.0,411240.0,2383.04
29572,Chlamydia,274.0,Pennsylvania,2001.0,Female,20-24 years,20-24,7507.0,397590.0,1888.13
29573,Chlamydia,274.0,Pennsylvania,2001.0,Female,25-29 years,25-29,2559.0,348524.0,734.24
29574,Chlamydia,274.0,Pennsylvania,2001.0,Female,30-34 years,30-34,966.0,412726.0,234.05
29575,Chlamydia,274.0,Pennsylvania,2001.0,Female,35-39 years,35-39,416.0,468786.0,88.74
29576,Chlamydia,274.0,Pennsylvania,2001.0,Female,40+ years,40+,372.0,3159683.0,11.77
29577,Chlamydia,274.0,Pennsylvania,2001.0,Female,Unknown,99,112.0,,
29578,Chlamydia,274.0,Pennsylvania,2002.0,Female,0-14 years,0-14,858.0,1147799.0,74.75
29579,Chlamydia,274.0,Pennsylvania,2002.0,Female,15-19 years,15-19,9804.0,410282.0,2389.58
29580,Chlamydia,274.0,Pennsylvania,2002.0,Female,20-24 years,20-24,7987.0,412084.0,1938.2
29581,Chlamydia,274.0,Pennsylvania,2002.0,Female,25-29 years,25-29,2801.0,342136.0,818.68
29582,Chlamydia,274.0,Pennsylvania,2002.0,Female,30-34 years,30-34,1132.0,406545.0,278.44
29583,Chlamydia,274.0,Pennsylvania,2002.0,Female,35-39 years,35-39,486.0,456842.0,106.38
29584,Chlamydia,274.0,Pennsylvania,2002.0,Female,40+ years,40+,335.0,3193264.0,10.49
29585,Chlamydia,274.0,Pennsylvania,2002.0,Female,Unknown,99,143.0,,
29586,Chlamydia,274.0,Pennsylvania,2003.0,Female,0-14 years,0-14,950.0,1130621.0,84.02
29587,Chlamydia,274.0,Pennsylvania,2003.0,Female,15-19 years,15-19,11760.0,413685.0,2842.74
29588,Chlamydia,274.0,Pennsylvania,2003.0,Female,20-24 years,20-24,9024.0,421044.0,2143.24
29589,Chlamydia,274.0,Pennsylvania,2003.0,Female,25-29 years,25-29,3234.0,345429.0,936.23
29590,Chlamydia,274.0,Pennsylvania,2003.0,Female,30-34 years,30-34,1327.0,390402.0,339.91
29591,Chlamydia,274.0,Pennsylvania,2003.0,Female,35-39 years,35-39,588.0,442407.0,132.91
29592,Chlamydia,274.0,Pennsylvania,2003.0,Female,40+ years,40+,489.0,3233589.0,15.12
29593,Chlamydia,274.0,Pennsylvania,2003.0,Female,Unknown,99,185.0,,
29594,Chlamydia,274.0,Pennsylvania,2004.0,Female,0-14 years,0-14,814.0,1131096.0,71.97
29595,Chlamydia,274.0,Pennsylvania,2004.0,Female,15-19 years,15-19,11744.0,419802.0,2797.51
29596,Chlamydia,274.0,Pennsylvania,2004.0,Female,20-24 years,20-24,9283.0,418192.0,2219.79
29597,Chlamydia,274.0,Pennsylvania,2004.0,Female,25-29 years,25-29,3440.0,356225.0,965.68
29598,Chlamydia,274.0,Pennsylvania,2004.0,Female,30-34 years,30-34,1236.0,376914.0,327.93
29599,Chlamydia,274.0,Pennsylvania,2004.0,Female,35-39 years,35-39,603.0,428985.0,140.56
29600,Chlamydia,274.0,Pennsylvania,2004.0,Female,40+ years,40+,471.0,3261416.0,14.44
29601,Chlamydia,274.0,Pennsylvania,2004.0,Female,Unknown,99,149.0,,
29602,Chlamydia,274.0,Pennsylvania,2005.0,Female,0-14 years,0-14,720.0,1117454.0,64.43
29603,Chlamydia,274.0,Pennsylvania,2005.0,Female,15-19 years,15-19,11517.0,424923.0,2710.37
29604,Chlamydia,274.0,Pennsylvania,2005.0,Female,20-24 years,20-24,9144.0,412734.0,2215.47
29605,Chlamydia,274.0,Pennsylvania,2005.0,Female,25-29 years,25-29,3358.0,371263.0,904.48
29606,Chlamydia,274.0,Pennsylvania,2005.0,Female,30-34 years,30-34,1238.0,361740.0,342.24
29607,Chlamydia,274.0,Pennsylvania,2005.0,Female,35-39 years,35-39,565.0,421022.0,134.2
29608,Chlamydia,274.0,Pennsylvania,2005.0,Female,40+ years,40+,520.0,3290307.0,15.8
29609,Chlamydia,274.0,Pennsylvania,2005.0,Female,Unknown,99,69.0,,
29610,Chlamydia,274.0,Pennsylvania,2006.0,Female,0-14 years,0-14,701.0,1110686.0,63.11
29611,Chlamydia,274.0,Pennsylvania,2006.0,Female,15-19 years,15-19,12033.0,438533.0,2743.92
29612,Chlamydia,274.0,Pennsylvania,2006.0,Female,20-24 years,20-24,9788.0,407112.0,2404.25
29613,Chlamydia,274.0,Pennsylvania,2006.0,Female,25-29 years,25-29,3666.0,358157.0,1023.57
29614,Chlamydia,274.0,Pennsylvania,2006.0,Female,30-34 years,30-34,1221.0,359958.0,339.21
29615,Chlamydia,274.0,Pennsylvania,2006.0,Female,35-39 years,35-39,569.0,423028.0,134.51
29616,Chlamydia,274.0,Pennsylvania,2006.0,Female,40+ years,40+,480.0,3295610.0,14.56
29617,Chlamydia,274.0,Pennsylvania,2006.0,Female,Unknown,99,45.0,,
29618,Chlamydia,274.0,Pennsylvania,2007.0,Female,0-14 years,0-14,676.0,1104418.0,61.21
29619,Chlamydia,274.0,Pennsylvania,2007.0,Female,15-19 years,15-19,12816.0,438977.0,2919.52
29620,Chlamydia,274.0,Pennsylvania,2007.0,Female,20-24 years,20-24,10547.0,405652.0,2600.01
29621,Chlamydia,274.0,Pennsylvania,2007.0,Female,25-29 years,25-29,3872.0,365384.0,1059.71
29622,Chlamydia,274.0,Pennsylvania,2007.0,Female,30-34 years,30-34,1406.0,354457.0,396.66
29623,Chlamydia,274.0,Pennsylvania,2007.0,Female,35-39 years,35-39,615.0,414849.0,148.25
29624,Chlamydia,274.0,Pennsylvania,2007.0,Female,40+ years,40+,567.0,3300066.0,17.18
29625,Chlamydia,274.0,Pennsylvania,2007.0,Female,Unknown,99,12.0,,
29626,Chlamydia,274.0,Pennsylvania,2008.0,Female,0-14 years,0-14,647.0,1098653.0,58.89
29627,Chlamydia,274.0,Pennsylvania,2008.0,Female,15-19 years,15-19,12912.0,436126.0,2960.61
29628,Chlamydia,274.0,Pennsylvania,2008.0,Female,20-24 years,20-24,10486.0,407019.0,2576.29
29629,Chlamydia,274.0,Pennsylvania,2008.0,Female,25-29 years,25-29,3914.0,369259.0,1059.96
29630,Chlamydia,274.0,Pennsylvania,2008.0,Female,30-34 years,30-34,1368.0,354354.0,386.06
29631,Chlamydia,274.0,Pennsylvania,2008.0,Female,35-39 years,35-39,626.0,405296.0,154.46
29632,Chlamydia,274.0,Pennsylvania,2008.0,Female,40+ years,40+,542.0,3317402.0,16.34
29633,Chlamydia,274.0,Pennsylvania,2008.0,Female,Unknown,99,14.0,,
29634,Chlamydia,274.0,Pennsylvania,2009.0,Female,0-14 years,0-14,667.0,1107974.0,60.2
29635,Chlamydia,274.0,Pennsylvania,2009.0,Female,15-19 years,15-19,12979.0,438087.0,2962.65
29636,Chlamydia,274.0,Pennsylvania,2009.0,Female,20-24 years,20-24,10556.0,412834.0,2556.96
29637,Chlamydia,274.0,Pennsylvania,2009.0,Female,25-29 years,25-29,3704.0,388626.0,953.1
29638,Chlamydia,274.0,Pennsylvania,2009.0,Female,30-34 years,30-34,1355.0,370011.0,366.2
29639,Chlamydia,274.0,Pennsylvania,2009.0,Female,35-39 years,35-39,542.0,393578.0,137.71
29640,Chlamydia,274.0,Pennsylvania,2009.0,Female,40+ years,40+,511.0,3354948.0,15.23
29641,Chlamydia,274.0,Pennsylvania,2009.0,Female,Unknown,99,21.0,,
29642,Chlamydia,274.0,Pennsylvania,2010.0,Female,0-14 years,0-14,726.0,1111522.0,65.32
29643,Chlamydia,274.0,Pennsylvania,2010.0,Female,15-19 years,15-19,13922.0,442601.0,3145.5
29644,Chlamydia,274.0,Pennsylvania,2010.0,Female,20-24 years,20-24,12091.0,432260.0,2797.16
29645,Chlamydia,274.0,Pennsylvania,2010.0,Female,25-29 years,25-29,3884.0,388958.0,998.57
29646,Chlamydia,274.0,Pennsylvania,2010.0,Female,30-34 years,30-34,1452.0,364911.0,397.9
29647,Chlamydia,274.0,Pennsylvania,2010.0,Female,35-39 years,35-39,591.0,384115.0,153.86
29648,Chlamydia,274.0,Pennsylvania,2010.0,Female,40+ years,40+,505.0,3387649.0,14.91
29649,Chlamydia,274.0,Pennsylvania,2010.0,Female,Unknown,99,4.0,,
29650,Chlamydia,274.0,Pennsylvania,2011.0,Female,0-14 years,0-14,777.0,1104272.0,70.36
29651,Chlamydia,274.0,Pennsylvania,2011.0,Female,15-19 years,15-19,14743.0,433523.0,3400.74
29652,Chlamydia,274.0,Pennsylvania,2011.0,Female,20-24 years,20-24,13651.0,436295.0,3128.85
29653,Chlamydia,274.0,Pennsylvania,2011.0,Female,25-29 years,25-29,4311.0,395094.0,1091.13
29654,Chlamydia,274.0,Pennsylvania,2011.0,Female,30-34 years,30-34,1674.0,375389.0,445.94
29655,Chlamydia,274.0,Pennsylvania,2011.0,Female,35-39 years,35-39,695.0,366424.0,189.67
29656,Chlamydia,274.0,Pennsylvania,2011.0,Female,40+ years,40+,604.0,3417327.0,17.67
29657,Chlamydia,274.0,Pennsylvania,2011.0,Female,Unknown,99,8.0,,
29658,Chlamydia,274.0,Pennsylvania,2012.0,Female,0-14 years,0-14,702.0,1098497.0,63.91
29659,Chlamydia,274.0,Pennsylvania,2012.0,Female,15-19 years,15-19,14291.0,424634.0,3365.49
29660,Chlamydia,274.0,Pennsylvania,2012.0,Female,20-24 years,20-24,14300.0,438929.0,3257.93
29661,Chlamydia,274.0,Pennsylvania,2012.0,Female,25-29 years,25-29,4889.0,400168.0,1221.74
29662,Chlamydia,274.0,Pennsylvania,2012.0,Female,30-34 years,30-34,1915.0,382973.0,500.04
29663,Chlamydia,274.0,Pennsylvania,2012.0,Female,35-39 years,35-39,759.0,359699.0,211.01
29664,Chlamydia,274.0,Pennsylvania,2012.0,Female,40+ years,40+,703.0,3428459.0,20.5
29665,Chlamydia,274.0,Pennsylvania,2012.0,Female,Unknown,99,10.0,,
29666,Chlamydia,274.0,Pennsylvania,2013.0,Female,0-14 years,0-14,583.0,1091962.0,53.39
29667,Chlamydia,274.0,Pennsylvania,2013.0,Female,15-19 years,15-19,13018.0,414935.0,3137.36
29668,Chlamydia,274.0,Pennsylvania,2013.0,Female,20-24 years,20-24,13839.0,433149.0,3194.97
29669,Chlamydia,274.0,Pennsylvania,2013.0,Female,25-29 years,25-29,4899.0,409187.0,1197.25
29670,Chlamydia,274.0,Pennsylvania,2013.0,Female,30-34 years,30-34,1876.0,389421.0,481.74
29671,Chlamydia,274.0,Pennsylvania,2013.0,Female,35-39 years,35-39,765.0,359526.0,212.78
29672,Chlamydia,274.0,Pennsylvania,2013.0,Female,40+ years,40+,675.0,3433281.0,19.66
29673,Chlamydia,274.0,Pennsylvania,2013.0,Female,Unknown,99,2.0,,
29674,Chlamydia,274.0,Pennsylvania,2014.0,Female,0-14 years,0-14,539.0,1091962.0,49.36
29675,Chlamydia,274.0,Pennsylvania,2014.0,Female,15-19 years,15-19,11543.0,414935.0,2781.88
29676,Chlamydia,274.0,Pennsylvania,2014.0,Female,20-24 years,20-24,13558.0,433149.0,3130.1
29677,Chlamydia,274.0,Pennsylvania,2014.0,Female,25-29 years,25-29,5087.0,409187.0,1243.2
29678,Chlamydia,274.0,Pennsylvania,2014.0,Female,30-34 years,30-34,1944.0,389421.0,499.2
29679,Chlamydia,274.0,Pennsylvania,2014.0,Female,35-39 years,35-39,812.0,359526.0,225.85
29680,Chlamydia,274.0,Pennsylvania,2014.0,Female,40+ years,40+,685.0,3433281.0,19.95
29681,Chlamydia,274.0,Pennsylvania,2014.0,Female,Unknown,99,2.0,,
29682,Chlamydia,274.0,Rhode Island,1996.0,Female,0-14 years,0-14,37.0,98482.0,37.57
29683,Chlamydia,274.0,Rhode Island,1996.0,Female,15-19 years,15-19,618.0,33013.0,1871.99
29684,Chlamydia,274.0,Rhode Island,1996.0,Female,20-24 years,20-24,497.0,34455.0,1442.46
29685,Chlamydia,274.0,Rhode Island,1996.0,Female,25-29 years,25-29,216.0,40514.0,533.15
29686,Chlamydia,274.0,Rhode Island,1996.0,Female,30-34 years,30-34,117.0,40036.0,292.24
29687,Chlamydia,274.0,Rhode Island,1996.0,Female,35-39 years,35-39,68.0,44175.0,153.93
29688,Chlamydia,274.0,Rhode Island,1996.0,Female,40+ years,40+,46.0,240360.0,19.14
29689,Chlamydia,274.0,Rhode Island,1996.0,Female,Unknown,99,1.0,,
29690,Chlamydia,274.0,Rhode Island,1997.0,Female,0-14 years,0-14,45.0,98721.0,45.58
29691,Chlamydia,274.0,Rhode Island,1997.0,Female,15-19 years,15-19,717.0,34262.0,2092.7
29692,Chlamydia,274.0,Rhode Island,1997.0,Female,20-24 years,20-24,584.0,33321.0,1752.65
29693,Chlamydia,274.0,Rhode Island,1997.0,Female,25-29 years,25-29,227.0,40018.0,567.25
29694,Chlamydia,274.0,Rhode Island,1997.0,Female,30-34 years,30-34,92.0,38924.0,236.36
29695,Chlamydia,274.0,Rhode Island,1997.0,Female,35-39 years,35-39,43.0,44208.0,97.27
29696,Chlamydia,274.0,Rhode Island,1997.0,Female,40+ years,40+,30.0,243628.0,12.31
29697,Chlamydia,274.0,Rhode Island,1998.0,Female,0-14 years,0-14,37.0,98357.0,37.62
29698,Chlamydia,274.0,Rhode Island,1998.0,Female,15-19 years,15-19,723.0,35377.0,2043.7
29699,Chlamydia,274.0,Rhode Island,1998.0,Female,20-24 years,20-24,634.0,34082.0,1860.22
29700,Chlamydia,274.0,Rhode Island,1998.0,Female,25-29 years,25-29,234.0,38007.0,615.68
29701,Chlamydia,274.0,Rhode Island,1998.0,Female,30-34 years,30-34,77.0,38396.0,200.54
29702,Chlamydia,274.0,Rhode Island,1998.0,Female,35-39 years,35-39,43.0,44087.0,97.53
29703,Chlamydia,274.0,Rhode Island,1998.0,Female,40+ years,40+,31.0,247924.0,12.5
29704,Chlamydia,274.0,Rhode Island,1999.0,Female,0-14 years,0-14,38.0,100556.0,37.79
29705,Chlamydia,274.0,Rhode Island,1999.0,Female,15-19 years,15-19,690.0,36461.0,1892.43
29706,Chlamydia,274.0,Rhode Island,1999.0,Female,20-24 years,20-24,643.0,35059.0,1834.05
29707,Chlamydia,274.0,Rhode Island,1999.0,Female,25-29 years,25-29,228.0,35151.0,648.63
29708,Chlamydia,274.0,Rhode Island,1999.0,Female,30-34 years,30-34,90.0,38221.0,235.47
29709,Chlamydia,274.0,Rhode Island,1999.0,Female,35-39 years,35-39,44.0,43780.0,100.5
29710,Chlamydia,274.0,Rhode Island,1999.0,Female,40+ years,40+,36.0,251496.0,14.31
29711,Chlamydia,274.0,Rhode Island,2000.0,Female,0-14 years,0-14,41.0,98985.0,41.42
29712,Chlamydia,274.0,Rhode Island,2000.0,Female,15-19 years,15-19,771.0,36560.0,2108.86
29713,Chlamydia,274.0,Rhode Island,2000.0,Female,20-24 years,20-24,722.0,37424.0,1929.24
29714,Chlamydia,274.0,Rhode Island,2000.0,Female,25-29 years,25-29,257.0,32860.0,782.11
29715,Chlamydia,274.0,Rhode Island,2000.0,Female,30-34 years,30-34,116.0,38962.0,297.73
29716,Chlamydia,274.0,Rhode Island,2000.0,Female,35-39 years,35-39,40.0,43707.0,91.52
29717,Chlamydia,274.0,Rhode Island,2000.0,Female,40+ years,40+,20.0,257400.0,7.77
29718,Chlamydia,274.0,Rhode Island,2000.0,Female,Unknown,99,2.0,,
29719,Chlamydia,274.0,Rhode Island,2001.0,Female,0-14 years,0-14,56.0,98721.0,56.73
29720,Chlamydia,274.0,Rhode Island,2001.0,Female,15-19 years,15-19,771.0,34347.0,2244.74
29721,Chlamydia,274.0,Rhode Island,2001.0,Female,20-24 years,20-24,831.0,40990.0,2027.32
29722,Chlamydia,274.0,Rhode Island,2001.0,Female,25-29 years,25-29,321.0,32066.0,1001.06
29723,Chlamydia,274.0,Rhode Island,2001.0,Female,30-34 years,30-34,124.0,38724.0,320.21
29724,Chlamydia,274.0,Rhode Island,2001.0,Female,35-39 years,35-39,57.0,43288.0,131.68
29725,Chlamydia,274.0,Rhode Island,2001.0,Female,40+ years,40+,35.0,262076.0,13.35
29726,Chlamydia,274.0,Rhode Island,2001.0,Female,Unknown,99,2.0,,
29727,Chlamydia,274.0,Rhode Island,2002.0,Female,0-14 years,0-14,42.0,96772.0,43.4
29728,Chlamydia,274.0,Rhode Island,2002.0,Female,15-19 years,15-19,729.0,33580.0,2170.94
29729,Chlamydia,274.0,Rhode Island,2002.0,Female,20-24 years,20-24,793.0,43440.0,1825.51
29730,Chlamydia,274.0,Rhode Island,2002.0,Female,25-29 years,25-29,280.0,32335.0,865.93
29731,Chlamydia,274.0,Rhode Island,2002.0,Female,30-34 years,30-34,109.0,38540.0,282.82
29732,Chlamydia,274.0,Rhode Island,2002.0,Female,35-39 years,35-39,55.0,43057.0,127.74
29733,Chlamydia,274.0,Rhode Island,2002.0,Female,40+ years,40+,48.0,267272.0,17.96
29734,Chlamydia,274.0,Rhode Island,2002.0,Female,Unknown,99,1.0,,
29735,Chlamydia,274.0,Rhode Island,2003.0,Female,0-14 years,0-14,37.0,98525.0,37.55
29736,Chlamydia,274.0,Rhode Island,2003.0,Female,15-19 years,15-19,796.0,34360.0,2316.65
29737,Chlamydia,274.0,Rhode Island,2003.0,Female,20-24 years,20-24,857.0,43203.0,1983.66
29738,Chlamydia,274.0,Rhode Island,2003.0,Female,25-29 years,25-29,303.0,33231.0,911.8
29739,Chlamydia,274.0,Rhode Island,2003.0,Female,30-34 years,30-34,122.0,36336.0,335.75
29740,Chlamydia,274.0,Rhode Island,2003.0,Female,35-39 years,35-39,62.0,41548.0,149.22
29741,Chlamydia,274.0,Rhode Island,2003.0,Female,40+ years,40+,48.0,270548.0,17.74
29742,Chlamydia,274.0,Rhode Island,2003.0,Female,Unknown,99,7.0,,
29743,Chlamydia,274.0,Rhode Island,2004.0,Female,0-14 years,0-14,50.0,98106.0,50.97
29744,Chlamydia,274.0,Rhode Island,2004.0,Female,15-19 years,15-19,876.0,34976.0,2504.57
29745,Chlamydia,274.0,Rhode Island,2004.0,Female,20-24 years,20-24,983.0,41606.0,2362.64
29746,Chlamydia,274.0,Rhode Island,2004.0,Female,25-29 years,25-29,381.0,35661.0,1068.39
29747,Chlamydia,274.0,Rhode Island,2004.0,Female,30-34 years,30-34,113.0,34892.0,323.86
29748,Chlamydia,274.0,Rhode Island,2004.0,Female,35-39 years,35-39,46.0,40478.0,113.64
29749,Chlamydia,274.0,Rhode Island,2004.0,Female,40+ years,40+,49.0,273698.0,17.9
29750,Chlamydia,274.0,Rhode Island,2004.0,Female,Unknown,99,4.0,,
29751,Chlamydia,274.0,Rhode Island,2005.0,Female,0-14 years,0-14,32.0,98325.0,32.55
29752,Chlamydia,274.0,Rhode Island,2005.0,Female,15-19 years,15-19,873.0,35627.0,2450.39
29753,Chlamydia,274.0,Rhode Island,2005.0,Female,20-24 years,20-24,902.0,38871.0,2320.5
29754,Chlamydia,274.0,Rhode Island,2005.0,Female,25-29 years,25-29,342.0,38179.0,895.78
29755,Chlamydia,274.0,Rhode Island,2005.0,Female,30-34 years,30-34,123.0,32638.0,376.86
29756,Chlamydia,274.0,Rhode Island,2005.0,Female,35-39 years,35-39,67.0,39161.0,171.09
29757,Chlamydia,274.0,Rhode Island,2005.0,Female,40+ years,40+,56.0,273541.0,20.47
29758,Chlamydia,274.0,Rhode Island,2005.0,Female,Unknown,99,1.0,,
29759,Chlamydia,274.0,Rhode Island,2006.0,Female,0-14 years,0-14,28.0,94412.0,29.66
29760,Chlamydia,274.0,Rhode Island,2006.0,Female,15-19 years,15-19,809.0,40481.0,1998.47
29761,Chlamydia,274.0,Rhode Island,2006.0,Female,20-24 years,20-24,847.0,38899.0,2177.43
29762,Chlamydia,274.0,Rhode Island,2006.0,Female,25-29 years,25-29,299.0,33828.0,883.88
29763,Chlamydia,274.0,Rhode Island,2006.0,Female,30-34 years,30-34,109.0,32739.0,332.94
29764,Chlamydia,274.0,Rhode Island,2006.0,Female,35-39 years,35-39,47.0,38615.0,121.71
29765,Chlamydia,274.0,Rhode Island,2006.0,Female,40+ years,40+,35.0,272423.0,12.85
29766,Chlamydia,274.0,Rhode Island,2006.0,Female,Unknown,99,1.0,,
29767,Chlamydia,274.0,Rhode Island,2007.0,Female,0-14 years,0-14,39.0,92368.0,42.22
29768,Chlamydia,274.0,Rhode Island,2007.0,Female,15-19 years,15-19,829.0,39722.0,2087.0
29769,Chlamydia,274.0,Rhode Island,2007.0,Female,20-24 years,20-24,832.0,38843.0,2141.96
29770,Chlamydia,274.0,Rhode Island,2007.0,Female,25-29 years,25-29,331.0,33449.0,989.57
29771,Chlamydia,274.0,Rhode Island,2007.0,Female,30-34 years,30-34,130.0,31410.0,413.88
29772,Chlamydia,274.0,Rhode Island,2007.0,Female,35-39 years,35-39,69.0,37449.0,184.25
29773,Chlamydia,274.0,Rhode Island,2007.0,Female,40+ years,40+,50.0,272734.0,18.33
29774,Chlamydia,274.0,Rhode Island,2007.0,Female,Unknown,99,2.0,,
29775,Chlamydia,274.0,Rhode Island,2008.0,Female,0-14 years,0-14,25.0,90817.0,27.53
29776,Chlamydia,274.0,Rhode Island,2008.0,Female,15-19 years,15-19,881.0,39428.0,2234.45
29777,Chlamydia,274.0,Rhode Island,2008.0,Female,20-24 years,20-24,894.0,38407.0,2327.7
29778,Chlamydia,274.0,Rhode Island,2008.0,Female,25-29 years,25-29,340.0,33260.0,1022.25
29779,Chlamydia,274.0,Rhode Island,2008.0,Female,30-34 years,30-34,130.0,31492.0,412.8
29780,Chlamydia,274.0,Rhode Island,2008.0,Female,35-39 years,35-39,66.0,35908.0,183.8
29781,Chlamydia,274.0,Rhode Island,2008.0,Female,40+ years,40+,64.0,272771.0,23.46
29782,Chlamydia,274.0,Rhode Island,2009.0,Female,0-14 years,0-14,33.0,90051.0,36.65
29783,Chlamydia,274.0,Rhode Island,2009.0,Female,15-19 years,15-19,962.0,39184.0,2455.08
29784,Chlamydia,274.0,Rhode Island,2009.0,Female,20-24 years,20-24,1044.0,36769.0,2839.35
29785,Chlamydia,274.0,Rhode Island,2009.0,Female,25-29 years,25-29,333.0,32336.0,1029.81
29786,Chlamydia,274.0,Rhode Island,2009.0,Female,30-34 years,30-34,133.0,32437.0,410.03
29787,Chlamydia,274.0,Rhode Island,2009.0,Female,35-39 years,35-39,49.0,34207.0,143.25
29788,Chlamydia,274.0,Rhode Island,2009.0,Female,40+ years,40+,48.0,276735.0,17.35
29789,Chlamydia,274.0,Rhode Island,2009.0,Female,Unknown,99,1.0,,
29790,Chlamydia,274.0,Rhode Island,2010.0,Female,0-14 years,0-14,21.0,88592.0,23.7
29791,Chlamydia,274.0,Rhode Island,2010.0,Female,15-19 years,15-19,907.0,39889.0,2273.81
29792,Chlamydia,274.0,Rhode Island,2010.0,Female,20-24 years,20-24,970.0,40938.0,2369.44
29793,Chlamydia,274.0,Rhode Island,2010.0,Female,25-29 years,25-29,335.0,32673.0,1025.31
29794,Chlamydia,274.0,Rhode Island,2010.0,Female,30-34 years,30-34,130.0,31107.0,417.91
29795,Chlamydia,274.0,Rhode Island,2010.0,Female,35-39 years,35-39,57.0,32545.0,175.14
29796,Chlamydia,274.0,Rhode Island,2010.0,Female,40+ years,40+,57.0,278423.0,20.47
29797,Chlamydia,274.0,Rhode Island,2010.0,Female,Unknown,99,1.0,,
29798,Chlamydia,274.0,Rhode Island,2011.0,Female,0-14 years,0-14,29.0,87174.0,33.27
29799,Chlamydia,274.0,Rhode Island,2011.0,Female,15-19 years,15-19,1062.0,38947.0,2726.78
29800,Chlamydia,274.0,Rhode Island,2011.0,Female,20-24 years,20-24,1246.0,41556.0,2998.36
29801,Chlamydia,274.0,Rhode Island,2011.0,Female,25-29 years,25-29,390.0,32816.0,1188.44
29802,Chlamydia,274.0,Rhode Island,2011.0,Female,30-34 years,30-34,144.0,31780.0,453.12
29803,Chlamydia,274.0,Rhode Island,2011.0,Female,35-39 years,35-39,65.0,30730.0,211.52
29804,Chlamydia,274.0,Rhode Island,2011.0,Female,40+ years,40+,48.0,280052.0,17.14
29805,Chlamydia,274.0,Rhode Island,2012.0,Female,0-14 years,0-14,32.0,86103.0,37.16
29806,Chlamydia,274.0,Rhode Island,2012.0,Female,15-19 years,15-19,1119.0,38216.0,2928.09
29807,Chlamydia,274.0,Rhode Island,2012.0,Female,20-24 years,20-24,1254.0,41521.0,3020.16
29808,Chlamydia,274.0,Rhode Island,2012.0,Female,25-29 years,25-29,408.0,33179.0,1229.69
29809,Chlamydia,274.0,Rhode Island,2012.0,Female,30-34 years,30-34,171.0,32249.0,530.25
29810,Chlamydia,274.0,Rhode Island,2012.0,Female,35-39 years,35-39,51.0,30209.0,168.82
29811,Chlamydia,274.0,Rhode Island,2012.0,Female,40+ years,40+,56.0,280539.0,19.96
29812,Chlamydia,274.0,Rhode Island,2013.0,Female,0-14 years,0-14,34.0,85298.0,39.86
29813,Chlamydia,274.0,Rhode Island,2013.0,Female,15-19 years,15-19,944.0,37267.0,2533.07
29814,Chlamydia,274.0,Rhode Island,2013.0,Female,20-24 years,20-24,1256.0,40809.0,3077.75
29815,Chlamydia,274.0,Rhode Island,2013.0,Female,25-29 years,25-29,458.0,34509.0,1327.19
29816,Chlamydia,274.0,Rhode Island,2013.0,Female,30-34 years,30-34,200.0,32520.0,615.01
29817,Chlamydia,274.0,Rhode Island,2013.0,Female,35-39 years,35-39,82.0,30107.0,272.36
29818,Chlamydia,274.0,Rhode Island,2013.0,Female,40+ years,40+,70.0,281574.0,24.86
29819,Chlamydia,274.0,Rhode Island,2014.0,Female,0-14 years,0-14,19.0,85298.0,22.27
29820,Chlamydia,274.0,Rhode Island,2014.0,Female,15-19 years,15-19,904.0,37267.0,2425.74
29821,Chlamydia,274.0,Rhode Island,2014.0,Female,20-24 years,20-24,1288.0,40809.0,3156.17
29822,Chlamydia,274.0,Rhode Island,2014.0,Female,25-29 years,25-29,482.0,34509.0,1396.74
29823,Chlamydia,274.0,Rhode Island,2014.0,Female,30-34 years,30-34,193.0,32520.0,593.48
29824,Chlamydia,274.0,Rhode Island,2014.0,Female,35-39 years,35-39,81.0,30107.0,269.04
29825,Chlamydia,274.0,Rhode Island,2014.0,Female,40+ years,40+,70.0,281574.0,24.86
29826,Chlamydia,274.0,South Carolina,1996.0,Female,0-14 years,0-14,258.0,400840.0,64.36
29827,Chlamydia,274.0,South Carolina,1996.0,Female,15-19 years,15-19,3673.0,138905.0,2644.25
29828,Chlamydia,274.0,South Carolina,1996.0,Female,20-24 years,20-24,2514.0,135726.0,1852.26
29829,Chlamydia,274.0,South Carolina,1996.0,Female,25-29 years,25-29,847.0,142657.0,593.73
29830,Chlamydia,274.0,South Carolina,1996.0,Female,30-34 years,30-34,309.0,149253.0,207.03
29831,Chlamydia,274.0,South Carolina,1996.0,Female,35-39 years,35-39,124.0,155786.0,79.6
29832,Chlamydia,274.0,South Carolina,1996.0,Female,40+ years,40+,56.0,837325.0,6.69
29833,Chlamydia,274.0,South Carolina,1996.0,Female,Unknown,99,703.0,,
29834,Chlamydia,274.0,South Carolina,1997.0,Female,0-14 years,0-14,336.0,405800.0,82.8
29835,Chlamydia,274.0,South Carolina,1997.0,Female,15-19 years,15-19,5427.0,141807.0,3827.03
29836,Chlamydia,274.0,South Carolina,1997.0,Female,20-24 years,20-24,3583.0,134276.0,2668.38
29837,Chlamydia,274.0,South Carolina,1997.0,Female,25-29 years,25-29,1098.0,144406.0,760.36
29838,Chlamydia,274.0,South Carolina,1997.0,Female,30-34 years,30-34,403.0,146482.0,275.12
29839,Chlamydia,274.0,South Carolina,1997.0,Female,35-39 years,35-39,143.0,156796.0,91.2
29840,Chlamydia,274.0,South Carolina,1997.0,Female,40+ years,40+,89.0,862889.0,10.31
29841,Chlamydia,274.0,South Carolina,1997.0,Female,Unknown,99,326.0,,
29842,Chlamydia,274.0,South Carolina,1998.0,Female,0-14 years,0-14,561.0,407950.0,137.52
29843,Chlamydia,274.0,South Carolina,1998.0,Female,15-19 years,15-19,7592.0,144042.0,5270.68
29844,Chlamydia,274.0,South Carolina,1998.0,Female,20-24 years,20-24,5632.0,135187.0,4166.08
29845,Chlamydia,274.0,South Carolina,1998.0,Female,25-29 years,25-29,1779.0,144242.0,1233.34
29846,Chlamydia,274.0,South Carolina,1998.0,Female,30-34 years,30-34,526.0,144229.0,364.7
29847,Chlamydia,274.0,South Carolina,1998.0,Female,35-39 years,35-39,249.0,158282.0,157.31
29848,Chlamydia,274.0,South Carolina,1998.0,Female,40+ years,40+,137.0,887266.0,15.44
29849,Chlamydia,274.0,South Carolina,1998.0,Female,Unknown,99,310.0,,
29850,Chlamydia,274.0,South Carolina,1999.0,Female,0-14 years,0-14,326.0,409086.0,79.69
29851,Chlamydia,274.0,South Carolina,1999.0,Female,15-19 years,15-19,6894.0,144637.0,4766.42
29852,Chlamydia,274.0,South Carolina,1999.0,Female,20-24 years,20-24,6519.0,136980.0,4759.09
29853,Chlamydia,274.0,South Carolina,1999.0,Female,25-29 years,25-29,2014.0,141774.0,1420.57
29854,Chlamydia,274.0,South Carolina,1999.0,Female,30-34 years,30-34,632.0,142930.0,442.17
29855,Chlamydia,274.0,South Carolina,1999.0,Female,35-39 years,35-39,254.0,159873.0,158.88
29856,Chlamydia,274.0,South Carolina,1999.0,Female,40+ years,40+,151.0,910326.0,16.59
29857,Chlamydia,274.0,South Carolina,2000.0,Female,0-14 years,0-14,213.0,399096.0,53.37
29858,Chlamydia,274.0,South Carolina,2000.0,Female,15-19 years,15-19,3528.0,143024.0,2466.72
29859,Chlamydia,274.0,South Carolina,2000.0,Female,20-24 years,20-24,3215.0,142043.0,2263.4
29860,Chlamydia,274.0,South Carolina,2000.0,Female,25-29 years,25-29,993.0,139084.0,713.96
29861,Chlamydia,274.0,South Carolina,2000.0,Female,30-34 years,30-34,360.0,145364.0,247.65
29862,Chlamydia,274.0,South Carolina,2000.0,Female,35-39 years,35-39,140.0,160969.0,86.97
29863,Chlamydia,274.0,South Carolina,2000.0,Female,40+ years,40+,103.0,939991.0,10.96
29864,Chlamydia,274.0,South Carolina,2000.0,Female,Unknown,99,169.0,,
29865,Chlamydia,274.0,South Carolina,2001.0,Female,0-14 years,0-14,335.0,401085.0,83.52
29866,Chlamydia,274.0,South Carolina,2001.0,Female,15-19 years,15-19,5354.0,139958.0,3825.43
29867,Chlamydia,274.0,South Carolina,2001.0,Female,20-24 years,20-24,5127.0,147997.0,3464.26
29868,Chlamydia,274.0,South Carolina,2001.0,Female,25-29 years,25-29,1495.0,136189.0,1097.74
29869,Chlamydia,274.0,South Carolina,2001.0,Female,30-34 years,30-34,595.0,145999.0,407.54
29870,Chlamydia,274.0,South Carolina,2001.0,Female,35-39 years,35-39,217.0,159095.0,136.4
29871,Chlamydia,274.0,South Carolina,2001.0,Female,40+ years,40+,142.0,957845.0,14.82
29872,Chlamydia,274.0,South Carolina,2001.0,Female,Unknown,99,263.0,,
29873,Chlamydia,274.0,South Carolina,2002.0,Female,0-14 years,0-14,272.0,396757.0,68.56
29874,Chlamydia,274.0,South Carolina,2002.0,Female,15-19 years,15-19,4984.0,138356.0,3602.3
29875,Chlamydia,274.0,South Carolina,2002.0,Female,20-24 years,20-24,4802.0,153418.0,3130.01
29876,Chlamydia,274.0,South Carolina,2002.0,Female,25-29 years,25-29,1433.0,136648.0,1048.68
29877,Chlamydia,274.0,South Carolina,2002.0,Female,30-34 years,30-34,556.0,148595.0,374.17
29878,Chlamydia,274.0,South Carolina,2002.0,Female,35-39 years,35-39,191.0,157293.0,121.43
29879,Chlamydia,274.0,South Carolina,2002.0,Female,40+ years,40+,131.0,980831.0,13.36
29880,Chlamydia,274.0,South Carolina,2002.0,Female,Unknown,99,99.0,,
29881,Chlamydia,274.0,South Carolina,2003.0,Female,0-14 years,0-14,273.0,415054.0,65.77
29882,Chlamydia,274.0,South Carolina,2003.0,Female,15-19 years,15-19,5130.0,140829.0,3642.72
29883,Chlamydia,274.0,South Carolina,2003.0,Female,20-24 years,20-24,4818.0,151259.0,3185.27
29884,Chlamydia,274.0,South Carolina,2003.0,Female,25-29 years,25-29,1545.0,135740.0,1138.21
29885,Chlamydia,274.0,South Carolina,2003.0,Female,30-34 years,30-34,531.0,144573.0,367.29
29886,Chlamydia,274.0,South Carolina,2003.0,Female,35-39 years,35-39,216.0,150347.0,143.67
29887,Chlamydia,274.0,South Carolina,2003.0,Female,40+ years,40+,147.0,990758.0,14.84
29888,Chlamydia,274.0,South Carolina,2003.0,Female,Unknown,99,85.0,,
29889,Chlamydia,274.0,South Carolina,2004.0,Female,0-14 years,0-14,272.0,413885.0,65.72
29890,Chlamydia,274.0,South Carolina,2004.0,Female,15-19 years,15-19,6144.0,143376.0,4285.24
29891,Chlamydia,274.0,South Carolina,2004.0,Female,20-24 years,20-24,6099.0,151033.0,4038.19
29892,Chlamydia,274.0,South Carolina,2004.0,Female,25-29 years,25-29,2101.0,139939.0,1501.37
29893,Chlamydia,274.0,South Carolina,2004.0,Female,30-34 years,30-34,674.0,143742.0,468.9
29894,Chlamydia,274.0,South Carolina,2004.0,Female,35-39 years,35-39,299.0,147597.0,202.58
29895,Chlamydia,274.0,South Carolina,2004.0,Female,40+ years,40+,231.0,1013319.0,22.8
29896,Chlamydia,274.0,South Carolina,2004.0,Female,Unknown,99,105.0,,
29897,Chlamydia,274.0,South Carolina,2005.0,Female,0-14 years,0-14,260.0,412150.0,63.08
29898,Chlamydia,274.0,South Carolina,2005.0,Female,15-19 years,15-19,6058.0,146702.0,4129.46
29899,Chlamydia,274.0,South Carolina,2005.0,Female,20-24 years,20-24,6019.0,148998.0,4039.65
29900,Chlamydia,274.0,South Carolina,2005.0,Female,25-29 years,25-29,2036.0,145937.0,1395.12
29901,Chlamydia,274.0,South Carolina,2005.0,Female,30-34 years,30-34,730.0,141607.0,515.51
29902,Chlamydia,274.0,South Carolina,2005.0,Female,35-39 years,35-39,270.0,147537.0,183.0
29903,Chlamydia,274.0,South Carolina,2005.0,Female,40+ years,40+,222.0,1037921.0,21.39
29904,Chlamydia,274.0,South Carolina,2005.0,Female,Unknown,99,99.0,,
29905,Chlamydia,274.0,South Carolina,2006.0,Female,0-14 years,0-14,293.0,415318.0,70.55
29906,Chlamydia,274.0,South Carolina,2006.0,Female,15-19 years,15-19,7416.0,154353.0,4804.57
29907,Chlamydia,274.0,South Carolina,2006.0,Female,20-24 years,20-24,7157.0,144074.0,4967.59
29908,Chlamydia,274.0,South Carolina,2006.0,Female,25-29 years,25-29,2640.0,146571.0,1801.17
29909,Chlamydia,274.0,South Carolina,2006.0,Female,30-34 years,30-34,819.0,137618.0,595.13
29910,Chlamydia,274.0,South Carolina,2006.0,Female,35-39 years,35-39,382.0,149132.0,256.15
29911,Chlamydia,274.0,South Carolina,2006.0,Female,40+ years,40+,248.0,1070470.0,23.17
29912,Chlamydia,274.0,South Carolina,2006.0,Female,Unknown,99,100.0,,
29913,Chlamydia,274.0,South Carolina,2007.0,Female,0-14 years,0-14,342.0,424256.0,80.61
29914,Chlamydia,274.0,South Carolina,2007.0,Female,15-19 years,15-19,8249.0,155330.0,5310.63
29915,Chlamydia,274.0,South Carolina,2007.0,Female,20-24 years,20-24,7717.0,144432.0,5343.0
29916,Chlamydia,274.0,South Carolina,2007.0,Female,25-29 years,25-29,2724.0,149649.0,1820.26
29917,Chlamydia,274.0,South Carolina,2007.0,Female,30-34 years,30-34,1004.0,138047.0,727.29
29918,Chlamydia,274.0,South Carolina,2007.0,Female,35-39 years,35-39,379.0,151943.0,249.44
29919,Chlamydia,274.0,South Carolina,2007.0,Female,40+ years,40+,323.0,1096906.0,29.45
29920,Chlamydia,274.0,South Carolina,2007.0,Female,Unknown,99,55.0,,
29921,Chlamydia,274.0,South Carolina,2008.0,Female,0-14 years,0-14,333.0,428855.0,77.65
29922,Chlamydia,274.0,South Carolina,2008.0,Female,15-19 years,15-19,8328.0,156819.0,5310.58
29923,Chlamydia,274.0,South Carolina,2008.0,Female,20-24 years,20-24,7307.0,146072.0,5002.33
29924,Chlamydia,274.0,South Carolina,2008.0,Female,25-29 years,25-29,2779.0,150999.0,1840.41
29925,Chlamydia,274.0,South Carolina,2008.0,Female,30-34 years,30-34,1014.0,140244.0,723.03
29926,Chlamydia,274.0,South Carolina,2008.0,Female,35-39 years,35-39,410.0,152507.0,268.84
29927,Chlamydia,274.0,South Carolina,2008.0,Female,40+ years,40+,303.0,1123026.0,26.98
29928,Chlamydia,274.0,South Carolina,2008.0,Female,Unknown,99,18.0,,
29929,Chlamydia,274.0,South Carolina,2009.0,Female,0-14 years,0-14,315.0,437346.0,72.03
29930,Chlamydia,274.0,South Carolina,2009.0,Female,15-19 years,15-19,8866.0,155806.0,5690.41
29931,Chlamydia,274.0,South Carolina,2009.0,Female,20-24 years,20-24,7544.0,151641.0,4974.91
29932,Chlamydia,274.0,South Carolina,2009.0,Female,25-29 years,25-29,2734.0,156044.0,1752.07
29933,Chlamydia,274.0,South Carolina,2009.0,Female,30-34 years,30-34,987.0,144788.0,681.69
29934,Chlamydia,274.0,South Carolina,2009.0,Female,35-39 years,35-39,381.0,151470.0,251.53
29935,Chlamydia,274.0,South Carolina,2009.0,Female,40+ years,40+,284.0,1143013.0,24.85
29936,Chlamydia,274.0,South Carolina,2009.0,Female,Unknown,99,13.0,,
29937,Chlamydia,274.0,South Carolina,2010.0,Female,0-14 years,0-14,301.0,439537.0,68.48
29938,Chlamydia,274.0,South Carolina,2010.0,Female,15-19 years,15-19,8185.0,160739.0,5092.11
29939,Chlamydia,274.0,South Carolina,2010.0,Female,20-24 years,20-24,7864.0,163948.0,4796.64
29940,Chlamydia,274.0,South Carolina,2010.0,Female,25-29 years,25-29,2693.0,152758.0,1762.92
29941,Chlamydia,274.0,South Carolina,2010.0,Female,30-34 years,30-34,1071.0,144797.0,739.66
29942,Chlamydia,274.0,South Carolina,2010.0,Female,35-39 years,35-39,404.0,150777.0,267.94
29943,Chlamydia,274.0,South Carolina,2010.0,Female,40+ years,40+,324.0,1162707.0,27.87
29944,Chlamydia,274.0,South Carolina,2011.0,Female,0-14 years,0-14,309.0,441567.0,69.98
29945,Chlamydia,274.0,South Carolina,2011.0,Female,15-19 years,15-19,8440.0,154210.0,5473.06
29946,Chlamydia,274.0,South Carolina,2011.0,Female,20-24 years,20-24,8741.0,169450.0,5158.45
29947,Chlamydia,274.0,South Carolina,2011.0,Female,25-29 years,25-29,2852.0,153471.0,1858.33
29948,Chlamydia,274.0,South Carolina,2011.0,Female,30-34 years,30-34,1134.0,149321.0,759.44
29949,Chlamydia,274.0,South Carolina,2011.0,Female,35-39 years,35-39,390.0,145219.0,268.56
29950,Chlamydia,274.0,South Carolina,2011.0,Female,40+ years,40+,394.0,1189364.0,33.13
29951,Chlamydia,274.0,South Carolina,2011.0,Female,Unknown,99,18.0,,
29952,Chlamydia,274.0,South Carolina,2012.0,Female,0-14 years,0-14,266.0,442925.0,60.06
29953,Chlamydia,274.0,South Carolina,2012.0,Female,15-19 years,15-19,7305.0,151482.0,4822.36
29954,Chlamydia,274.0,South Carolina,2012.0,Female,20-24 years,20-24,8338.0,172304.0,4839.12
29955,Chlamydia,274.0,South Carolina,2012.0,Female,25-29 years,25-29,2743.0,154019.0,1780.95
29956,Chlamydia,274.0,South Carolina,2012.0,Female,30-34 years,30-34,1098.0,151848.0,723.09
29957,Chlamydia,274.0,South Carolina,2012.0,Female,35-39 years,35-39,416.0,144288.0,288.31
29958,Chlamydia,274.0,South Carolina,2012.0,Female,40+ years,40+,315.0,1209644.0,26.04
29959,Chlamydia,274.0,South Carolina,2012.0,Female,Unknown,99,16.0,,
29960,Chlamydia,274.0,South Carolina,2013.0,Female,0-14 years,0-14,207.0,442576.0,46.77
29961,Chlamydia,274.0,South Carolina,2013.0,Female,15-19 years,15-19,6228.0,150631.0,4134.61
29962,Chlamydia,274.0,South Carolina,2013.0,Female,20-24 years,20-24,8015.0,173236.0,4626.64
29963,Chlamydia,274.0,South Carolina,2013.0,Female,25-29 years,25-29,2819.0,155625.0,1811.41
29964,Chlamydia,274.0,South Carolina,2013.0,Female,30-34 years,30-34,1082.0,154312.0,701.18
29965,Chlamydia,274.0,South Carolina,2013.0,Female,35-39 years,35-39,400.0,144611.0,276.6
29966,Chlamydia,274.0,South Carolina,2013.0,Female,40+ years,40+,341.0,1230729.0,27.71
29967,Chlamydia,274.0,South Carolina,2013.0,Female,Unknown,99,11.0,,
29968,Chlamydia,274.0,South Carolina,2014.0,Female,0-14 years,0-14,266.0,442576.0,60.1
29969,Chlamydia,274.0,South Carolina,2014.0,Female,15-19 years,15-19,6502.0,150631.0,4316.51
29970,Chlamydia,274.0,South Carolina,2014.0,Female,20-24 years,20-24,8492.0,173236.0,4901.98
29971,Chlamydia,274.0,South Carolina,2014.0,Female,25-29 years,25-29,3229.0,155625.0,2074.86
29972,Chlamydia,274.0,South Carolina,2014.0,Female,30-34 years,30-34,1219.0,154312.0,789.96
29973,Chlamydia,274.0,South Carolina,2014.0,Female,35-39 years,35-39,470.0,144611.0,325.01
29974,Chlamydia,274.0,South Carolina,2014.0,Female,40+ years,40+,397.0,1230729.0,32.26
29975,Chlamydia,274.0,South Carolina,2014.0,Female,Unknown,99,6.0,,
29976,Chlamydia,274.0,South Dakota,1996.0,Female,0-14 years,0-14,22.0,81962.0,26.84
29977,Chlamydia,274.0,South Dakota,1996.0,Female,15-19 years,15-19,516.0,29657.0,1739.89
29978,Chlamydia,274.0,South Dakota,1996.0,Female,20-24 years,20-24,454.0,24155.0,1879.53
29979,Chlamydia,274.0,South Dakota,1996.0,Female,25-29 years,25-29,122.0,22746.0,536.36
29980,Chlamydia,274.0,South Dakota,1996.0,Female,30-34 years,30-34,36.0,25507.0,141.14
29981,Chlamydia,274.0,South Dakota,1996.0,Female,35-39 years,35-39,22.0,29434.0,74.74
29982,Chlamydia,274.0,South Dakota,1996.0,Female,40+ years,40+,8.0,161819.0,4.94
29983,Chlamydia,274.0,South Dakota,1996.0,Female,Unknown,99,4.0,,
29984,Chlamydia,274.0,South Dakota,1997.0,Female,0-14 years,0-14,31.0,81638.0,37.97
29985,Chlamydia,274.0,South Dakota,1997.0,Female,15-19 years,15-19,426.0,30175.0,1411.76
29986,Chlamydia,274.0,South Dakota,1997.0,Female,20-24 years,20-24,362.0,24369.0,1485.49
29987,Chlamydia,274.0,South Dakota,1997.0,Female,25-29 years,25-29,114.0,22525.0,506.1
29988,Chlamydia,274.0,South Dakota,1997.0,Female,30-34 years,30-34,39.0,24217.0,161.04
29989,Chlamydia,274.0,South Dakota,1997.0,Female,35-39 years,35-39,16.0,29289.0,54.63
29990,Chlamydia,274.0,South Dakota,1997.0,Female,40+ years,40+,7.0,163938.0,4.27
29991,Chlamydia,274.0,South Dakota,1997.0,Female,Unknown,99,26.0,,
29992,Chlamydia,274.0,South Dakota,1998.0,Female,0-14 years,0-14,31.0,81154.0,38.2
29993,Chlamydia,274.0,South Dakota,1998.0,Female,15-19 years,15-19,526.0,30520.0,1723.46
29994,Chlamydia,274.0,South Dakota,1998.0,Female,20-24 years,20-24,381.0,24669.0,1544.45
29995,Chlamydia,274.0,South Dakota,1998.0,Female,25-29 years,25-29,143.0,22322.0,640.62
29996,Chlamydia,274.0,South Dakota,1998.0,Female,30-34 years,30-34,40.0,23102.0,173.15
29997,Chlamydia,274.0,South Dakota,1998.0,Female,35-39 years,35-39,9.0,28967.0,31.07
29998,Chlamydia,274.0,South Dakota,1998.0,Female,40+ years,40+,8.0,166115.0,4.82
29999,Chlamydia,274.0,South Dakota,1998.0,Female,Unknown,99,33.0,,
30000,Chlamydia,274.0,South Dakota,1999.0,Female,0-14 years,0-14,34.0,80784.0,42.09
30001,Chlamydia,274.0,South Dakota,1999.0,Female,15-19 years,15-19,546.0,30482.0,1791.22
30002,Chlamydia,274.0,South Dakota,1999.0,Female,20-24 years,20-24,402.0,25221.0,1593.91
30003,Chlamydia,274.0,South Dakota,1999.0,Female,25-29 years,25-29,134.0,22105.0,606.2
30004,Chlamydia,274.0,South Dakota,1999.0,Female,30-34 years,30-34,38.0,22523.0,168.72
30005,Chlamydia,274.0,South Dakota,1999.0,Female,35-39 years,35-39,13.0,28571.0,45.5
30006,Chlamydia,274.0,South Dakota,1999.0,Female,40+ years,40+,10.0,168814.0,5.92
30007,Chlamydia,274.0,South Dakota,1999.0,Female,Unknown,99,17.0,,
30008,Chlamydia,274.0,South Dakota,2000.0,Female,0-14 years,0-14,33.0,78991.0,41.78
30009,Chlamydia,274.0,South Dakota,2000.0,Female,15-19 years,15-19,563.0,30220.0,1863.0
30010,Chlamydia,274.0,South Dakota,2000.0,Female,20-24 years,20-24,482.0,26207.0,1839.2
30011,Chlamydia,274.0,South Dakota,2000.0,Female,25-29 years,25-29,132.0,22077.0,597.91
30012,Chlamydia,274.0,South Dakota,2000.0,Female,30-34 years,30-34,56.0,22583.0,247.97
30013,Chlamydia,274.0,South Dakota,2000.0,Female,35-39 years,35-39,17.0,28001.0,60.71
30014,Chlamydia,274.0,South Dakota,2000.0,Female,40+ years,40+,14.0,172612.0,8.11
30015,Chlamydia,274.0,South Dakota,2000.0,Female,Unknown,99,11.0,,
30016,Chlamydia,274.0,South Dakota,2001.0,Female,0-14 years,0-14,26.0,78441.0,33.15
30017,Chlamydia,274.0,South Dakota,2001.0,Female,15-19 years,15-19,563.0,30083.0,1871.49
30018,Chlamydia,274.0,South Dakota,2001.0,Female,20-24 years,20-24,492.0,27524.0,1787.53
30019,Chlamydia,274.0,South Dakota,2001.0,Female,25-29 years,25-29,139.0,21680.0,641.14
30020,Chlamydia,274.0,South Dakota,2001.0,Female,30-34 years,30-34,49.0,22394.0,218.81
30021,Chlamydia,274.0,South Dakota,2001.0,Female,35-39 years,35-39,16.0,26705.0,59.91
30022,Chlamydia,274.0,South Dakota,2001.0,Female,40+ years,40+,16.0,175061.0,9.14
30023,Chlamydia,274.0,South Dakota,2001.0,Female,Unknown,99,10.0,,
30024,Chlamydia,274.0,South Dakota,2002.0,Female,0-14 years,0-14,36.0,77559.0,46.42
30025,Chlamydia,274.0,South Dakota,2002.0,Female,15-19 years,15-19,661.0,29926.0,2208.78
30026,Chlamydia,274.0,South Dakota,2002.0,Female,20-24 years,20-24,608.0,28096.0,2164.01
30027,Chlamydia,274.0,South Dakota,2002.0,Female,25-29 years,25-29,178.0,21628.0,823.01
30028,Chlamydia,274.0,South Dakota,2002.0,Female,30-34 years,30-34,75.0,22189.0,338.0
30029,Chlamydia,274.0,South Dakota,2002.0,Female,35-39 years,35-39,22.0,25266.0,87.07
30030,Chlamydia,274.0,South Dakota,2002.0,Female,40+ years,40+,19.0,178438.0,10.65
30031,Chlamydia,274.0,South Dakota,2002.0,Female,Unknown,99,9.0,,
30032,Chlamydia,274.0,South Dakota,2003.0,Female,0-14 years,0-14,31.0,77656.0,39.92
30033,Chlamydia,274.0,South Dakota,2003.0,Female,15-19 years,15-19,814.0,29626.0,2747.59
30034,Chlamydia,274.0,South Dakota,2003.0,Female,20-24 years,20-24,638.0,29127.0,2190.41
30035,Chlamydia,274.0,South Dakota,2003.0,Female,25-29 years,25-29,227.0,22289.0,1018.44
30036,Chlamydia,274.0,South Dakota,2003.0,Female,30-34 years,30-34,55.0,21653.0,254.01
30037,Chlamydia,274.0,South Dakota,2003.0,Female,35-39 years,35-39,46.0,23931.0,192.22
30038,Chlamydia,274.0,South Dakota,2003.0,Female,40+ years,40+,31.0,180160.0,17.21
30039,Chlamydia,274.0,South Dakota,2003.0,Female,Unknown,99,22.0,,
30040,Chlamydia,274.0,South Dakota,2004.0,Female,0-14 years,0-14,29.0,75892.0,38.21
30041,Chlamydia,274.0,South Dakota,2004.0,Female,15-19 years,15-19,728.0,29128.0,2499.31
30042,Chlamydia,274.0,South Dakota,2004.0,Female,20-24 years,20-24,695.0,29865.0,2327.14
30043,Chlamydia,274.0,South Dakota,2004.0,Female,25-29 years,25-29,234.0,23459.0,997.49
30044,Chlamydia,274.0,South Dakota,2004.0,Female,30-34 years,30-34,80.0,21620.0,370.03
30045,Chlamydia,274.0,South Dakota,2004.0,Female,35-39 years,35-39,30.0,23287.0,128.83
30046,Chlamydia,274.0,South Dakota,2004.0,Female,40+ years,40+,28.0,184383.0,15.19
30047,Chlamydia,274.0,South Dakota,2005.0,Female,0-14 years,0-14,41.0,74770.0,54.83
30048,Chlamydia,274.0,South Dakota,2005.0,Female,15-19 years,15-19,753.0,28827.0,2612.13
30049,Chlamydia,274.0,South Dakota,2005.0,Female,20-24 years,20-24,704.0,29701.0,2370.29
30050,Chlamydia,274.0,South Dakota,2005.0,Female,25-29 years,25-29,276.0,24745.0,1115.38
30051,Chlamydia,274.0,South Dakota,2005.0,Female,30-34 years,30-34,77.0,21494.0,358.24
30052,Chlamydia,274.0,South Dakota,2005.0,Female,35-39 years,35-39,38.0,22804.0,166.64
30053,Chlamydia,274.0,South Dakota,2005.0,Female,40+ years,40+,20.0,187972.0,10.64
30054,Chlamydia,274.0,South Dakota,2005.0,Female,Unknown,99,15.0,,
30055,Chlamydia,274.0,South Dakota,2006.0,Female,0-14 years,0-14,43.0,77861.0,55.23
30056,Chlamydia,274.0,South Dakota,2006.0,Female,15-19 years,15-19,754.0,27957.0,2697.0
30057,Chlamydia,274.0,South Dakota,2006.0,Female,20-24 years,20-24,704.0,28880.0,2437.67
30058,Chlamydia,274.0,South Dakota,2006.0,Female,25-29 years,25-29,236.0,24366.0,968.56
30059,Chlamydia,274.0,South Dakota,2006.0,Female,30-34 years,30-34,89.0,21260.0,418.63
30060,Chlamydia,274.0,South Dakota,2006.0,Female,35-39 years,35-39,31.0,22598.0,137.18
30061,Chlamydia,274.0,South Dakota,2006.0,Female,40+ years,40+,42.0,188419.0,22.29
30062,Chlamydia,274.0,South Dakota,2006.0,Female,Unknown,99,24.0,,
30063,Chlamydia,274.0,South Dakota,2007.0,Female,0-14 years,0-14,34.0,79105.0,42.98
30064,Chlamydia,274.0,South Dakota,2007.0,Female,15-19 years,15-19,663.0,28203.0,2350.81
30065,Chlamydia,274.0,South Dakota,2007.0,Female,20-24 years,20-24,759.0,28421.0,2670.56
30066,Chlamydia,274.0,South Dakota,2007.0,Female,25-29 years,25-29,253.0,25751.0,982.49
30067,Chlamydia,274.0,South Dakota,2007.0,Female,30-34 years,30-34,96.0,21972.0,436.92
30068,Chlamydia,274.0,South Dakota,2007.0,Female,35-39 years,35-39,28.0,22884.0,122.36
30069,Chlamydia,274.0,South Dakota,2007.0,Female,40+ years,40+,19.0,193066.0,9.84
30070,Chlamydia,274.0,South Dakota,2007.0,Female,Unknown,99,42.0,,
30071,Chlamydia,274.0,South Dakota,2008.0,Female,0-14 years,0-14,28.0,80300.0,34.87
30072,Chlamydia,274.0,South Dakota,2008.0,Female,15-19 years,15-19,803.0,27901.0,2878.03
30073,Chlamydia,274.0,South Dakota,2008.0,Female,20-24 years,20-24,831.0,28639.0,2901.64
30074,Chlamydia,274.0,South Dakota,2008.0,Female,25-29 years,25-29,369.0,26108.0,1413.36
30075,Chlamydia,274.0,South Dakota,2008.0,Female,30-34 years,30-34,95.0,22522.0,421.81
30076,Chlamydia,274.0,South Dakota,2008.0,Female,35-39 years,35-39,28.0,22714.0,123.27
30077,Chlamydia,274.0,South Dakota,2008.0,Female,40+ years,40+,23.0,195149.0,11.79
30078,Chlamydia,274.0,South Dakota,2008.0,Female,Unknown,99,8.0,,
30079,Chlamydia,274.0,South Dakota,2009.0,Female,0-14 years,0-14,15.0,81069.0,18.5
30080,Chlamydia,274.0,South Dakota,2009.0,Female,15-19 years,15-19,693.0,28424.0,2438.08
30081,Chlamydia,274.0,South Dakota,2009.0,Female,20-24 years,20-24,928.0,30014.0,3091.89
30082,Chlamydia,274.0,South Dakota,2009.0,Female,25-29 years,25-29,358.0,26747.0,1338.47
30083,Chlamydia,274.0,South Dakota,2009.0,Female,30-34 years,30-34,130.0,22361.0,581.37
30084,Chlamydia,274.0,South Dakota,2009.0,Female,35-39 years,35-39,47.0,22470.0,209.17
30085,Chlamydia,274.0,South Dakota,2009.0,Female,40+ years,40+,40.0,195378.0,20.47
30086,Chlamydia,274.0,South Dakota,2009.0,Female,Unknown,99,3.0,,
30087,Chlamydia,274.0,South Dakota,2010.0,Female,0-14 years,0-14,19.0,82355.0,23.07
30088,Chlamydia,274.0,South Dakota,2010.0,Female,15-19 years,15-19,774.0,27946.0,2769.63
30089,Chlamydia,274.0,South Dakota,2010.0,Female,20-24 years,20-24,949.0,27933.0,3397.42
30090,Chlamydia,274.0,South Dakota,2010.0,Female,25-29 years,25-29,367.0,26612.0,1379.08
30091,Chlamydia,274.0,South Dakota,2010.0,Female,30-34 years,30-34,121.0,24234.0,499.3
30092,Chlamydia,274.0,South Dakota,2010.0,Female,35-39 years,35-39,34.0,22490.0,151.18
30093,Chlamydia,274.0,South Dakota,2010.0,Female,40+ years,40+,36.0,195229.0,18.44
30094,Chlamydia,274.0,South Dakota,2011.0,Female,0-14 years,0-14,35.0,82766.0,42.29
30095,Chlamydia,274.0,South Dakota,2011.0,Female,15-19 years,15-19,836.0,28102.0,2974.88
30096,Chlamydia,274.0,South Dakota,2011.0,Female,20-24 years,20-24,994.0,28157.0,3530.21
30097,Chlamydia,274.0,South Dakota,2011.0,Female,25-29 years,25-29,370.0,26753.0,1383.02
30098,Chlamydia,274.0,South Dakota,2011.0,Female,30-34 years,30-34,169.0,25310.0,667.72
30099,Chlamydia,274.0,South Dakota,2011.0,Female,35-39 years,35-39,50.0,22124.0,226.0
30100,Chlamydia,274.0,South Dakota,2011.0,Female,40+ years,40+,30.0,197693.0,15.18
30101,Chlamydia,274.0,South Dakota,2011.0,Female,Unknown,99,7.0,,
30102,Chlamydia,274.0,South Dakota,2012.0,Female,0-14 years,0-14,41.0,83289.0,49.23
30103,Chlamydia,274.0,South Dakota,2012.0,Female,15-19 years,15-19,957.0,27881.0,3432.45
30104,Chlamydia,274.0,South Dakota,2012.0,Female,20-24 years,20-24,1100.0,28355.0,3879.39
30105,Chlamydia,274.0,South Dakota,2012.0,Female,25-29 years,25-29,440.0,27164.0,1619.79
30106,Chlamydia,274.0,South Dakota,2012.0,Female,30-34 years,30-34,163.0,26056.0,625.58
30107,Chlamydia,274.0,South Dakota,2012.0,Female,35-39 years,35-39,58.0,22384.0,259.11
30108,Chlamydia,274.0,South Dakota,2012.0,Female,40+ years,40+,42.0,199909.0,21.01
30109,Chlamydia,274.0,South Dakota,2013.0,Female,0-14 years,0-14,46.0,84893.0,54.19
30110,Chlamydia,274.0,South Dakota,2013.0,Female,15-19 years,15-19,877.0,27939.0,3138.98
30111,Chlamydia,274.0,South Dakota,2013.0,Female,20-24 years,20-24,1098.0,29141.0,3767.89
30112,Chlamydia,274.0,South Dakota,2013.0,Female,25-29 years,25-29,469.0,26984.0,1738.07
30113,Chlamydia,274.0,South Dakota,2013.0,Female,30-34 years,30-34,198.0,26765.0,739.77
30114,Chlamydia,274.0,South Dakota,2013.0,Female,35-39 years,35-39,70.0,22954.0,304.96
30115,Chlamydia,274.0,South Dakota,2013.0,Female,40+ years,40+,35.0,201823.0,17.34
30116,Chlamydia,274.0,South Dakota,2014.0,Female,0-14 years,0-14,35.0,84893.0,41.23
30117,Chlamydia,274.0,South Dakota,2014.0,Female,15-19 years,15-19,883.0,27939.0,3160.46
30118,Chlamydia,274.0,South Dakota,2014.0,Female,20-24 years,20-24,1140.0,29141.0,3912.01
30119,Chlamydia,274.0,South Dakota,2014.0,Female,25-29 years,25-29,503.0,26984.0,1864.07
30120,Chlamydia,274.0,South Dakota,2014.0,Female,30-34 years,30-34,234.0,26765.0,874.28
30121,Chlamydia,274.0,South Dakota,2014.0,Female,35-39 years,35-39,83.0,22954.0,361.59
30122,Chlamydia,274.0,South Dakota,2014.0,Female,40+ years,40+,64.0,201823.0,31.71
30123,Chlamydia,274.0,Tennessee,1996.0,Female,0-14 years,0-14,401.0,542595.0,73.9
30124,Chlamydia,274.0,Tennessee,1996.0,Female,15-19 years,15-19,4934.0,187018.0,2638.25
30125,Chlamydia,274.0,Tennessee,1996.0,Female,20-24 years,20-24,3087.0,186759.0,1652.93
30126,Chlamydia,274.0,Tennessee,1996.0,Female,25-29 years,25-29,980.0,201469.0,486.43
30127,Chlamydia,274.0,Tennessee,1996.0,Female,30-34 years,30-34,335.0,218597.0,153.25
30128,Chlamydia,274.0,Tennessee,1996.0,Female,35-39 years,35-39,150.0,225714.0,66.46
30129,Chlamydia,274.0,Tennessee,1996.0,Female,40+ years,40+,88.0,1230945.0,7.15
30130,Chlamydia,274.0,Tennessee,1996.0,Female,Unknown,99,27.0,,
30131,Chlamydia,274.0,Tennessee,1997.0,Female,0-14 years,0-14,372.0,547485.0,67.95
30132,Chlamydia,274.0,Tennessee,1997.0,Female,15-19 years,15-19,4719.0,190442.0,2477.92
30133,Chlamydia,274.0,Tennessee,1997.0,Female,20-24 years,20-24,2903.0,185949.0,1561.18
30134,Chlamydia,274.0,Tennessee,1997.0,Female,25-29 years,25-29,947.0,204971.0,462.02
30135,Chlamydia,274.0,Tennessee,1997.0,Female,30-34 years,30-34,350.0,215422.0,162.47
30136,Chlamydia,274.0,Tennessee,1997.0,Female,35-39 years,35-39,150.0,227686.0,65.88
30137,Chlamydia,274.0,Tennessee,1997.0,Female,40+ years,40+,87.0,1262556.0,6.89
30138,Chlamydia,274.0,Tennessee,1997.0,Female,Unknown,99,77.0,,
30139,Chlamydia,274.0,Tennessee,1998.0,Female,0-14 years,0-14,402.0,553079.0,72.68
30140,Chlamydia,274.0,Tennessee,1998.0,Female,15-19 years,15-19,5128.0,192611.0,2662.36
30141,Chlamydia,274.0,Tennessee,1998.0,Female,20-24 years,20-24,3326.0,187191.0,1776.79
30142,Chlamydia,274.0,Tennessee,1998.0,Female,25-29 years,25-29,1070.0,205683.0,520.22
30143,Chlamydia,274.0,Tennessee,1998.0,Female,30-34 years,30-34,340.0,210816.0,161.28
30144,Chlamydia,274.0,Tennessee,1998.0,Female,35-39 years,35-39,151.0,229184.0,65.89
30145,Chlamydia,274.0,Tennessee,1998.0,Female,40+ years,40+,99.0,1289143.0,7.68
30146,Chlamydia,274.0,Tennessee,1998.0,Female,Unknown,99,36.0,,
30147,Chlamydia,274.0,Tennessee,1999.0,Female,0-14 years,0-14,385.0,561403.0,68.58
30148,Chlamydia,274.0,Tennessee,1999.0,Female,15-19 years,15-19,5179.0,192848.0,2685.53
30149,Chlamydia,274.0,Tennessee,1999.0,Female,20-24 years,20-24,3734.0,189434.0,1971.14
30150,Chlamydia,274.0,Tennessee,1999.0,Female,25-29 years,25-29,1128.0,203748.0,553.62
30151,Chlamydia,274.0,Tennessee,1999.0,Female,30-34 years,30-34,373.0,206922.0,180.26
30152,Chlamydia,274.0,Tennessee,1999.0,Female,35-39 years,35-39,133.0,230518.0,57.7
30153,Chlamydia,274.0,Tennessee,1999.0,Female,40+ years,40+,90.0,1312593.0,6.86
30154,Chlamydia,274.0,Tennessee,1999.0,Female,Unknown,99,62.0,,
30155,Chlamydia,274.0,Tennessee,2000.0,Female,0-14 years,0-14,382.0,564475.0,67.67
30156,Chlamydia,274.0,Tennessee,2000.0,Female,15-19 years,15-19,5141.0,191825.0,2680.05
30157,Chlamydia,274.0,Tennessee,2000.0,Female,20-24 years,20-24,4049.0,193457.0,2092.97
30158,Chlamydia,274.0,Tennessee,2000.0,Female,25-29 years,25-29,1278.0,199426.0,640.84
30159,Chlamydia,274.0,Tennessee,2000.0,Female,30-34 years,30-34,426.0,207672.0,205.13
30160,Chlamydia,274.0,Tennessee,2000.0,Female,35-39 years,35-39,182.0,230070.0,79.11
30161,Chlamydia,274.0,Tennessee,2000.0,Female,40+ years,40+,128.0,1339028.0,9.56
30162,Chlamydia,274.0,Tennessee,2000.0,Female,Unknown,99,62.0,,
30163,Chlamydia,274.0,Tennessee,2001.0,Female,0-14 years,0-14,380.0,567072.0,67.01
30164,Chlamydia,274.0,Tennessee,2001.0,Female,15-19 years,15-19,5308.0,189848.0,2795.92
30165,Chlamydia,274.0,Tennessee,2001.0,Female,20-24 years,20-24,4257.0,197631.0,2154.01
30166,Chlamydia,274.0,Tennessee,2001.0,Female,25-29 years,25-29,1318.0,194440.0,677.84
30167,Chlamydia,274.0,Tennessee,2001.0,Female,30-34 years,30-34,469.0,209983.0,223.35
30168,Chlamydia,274.0,Tennessee,2001.0,Female,35-39 years,35-39,188.0,227234.0,82.73
30169,Chlamydia,274.0,Tennessee,2001.0,Female,40+ years,40+,127.0,1361213.0,9.33
30170,Chlamydia,274.0,Tennessee,2001.0,Female,Unknown,99,58.0,,
30171,Chlamydia,274.0,Tennessee,2002.0,Female,0-14 years,0-14,385.0,569577.0,67.59
30172,Chlamydia,274.0,Tennessee,2002.0,Female,15-19 years,15-19,5344.0,189577.0,2818.91
30173,Chlamydia,274.0,Tennessee,2002.0,Female,20-24 years,20-24,4538.0,197320.0,2299.82
30174,Chlamydia,274.0,Tennessee,2002.0,Female,25-29 years,25-29,1418.0,190952.0,742.6
30175,Chlamydia,274.0,Tennessee,2002.0,Female,30-34 years,30-34,523.0,212581.0,246.02
30176,Chlamydia,274.0,Tennessee,2002.0,Female,35-39 years,35-39,182.0,222856.0,81.67
30177,Chlamydia,274.0,Tennessee,2002.0,Female,40+ years,40+,152.0,1388210.0,10.95
30178,Chlamydia,274.0,Tennessee,2002.0,Female,Unknown,99,83.0,,
30179,Chlamydia,274.0,Tennessee,2003.0,Female,0-14 years,0-14,378.0,565157.0,66.88
30180,Chlamydia,274.0,Tennessee,2003.0,Female,15-19 years,15-19,6018.0,190669.0,3156.26
30181,Chlamydia,274.0,Tennessee,2003.0,Female,20-24 years,20-24,5215.0,203065.0,2568.14
30182,Chlamydia,274.0,Tennessee,2003.0,Female,25-29 years,25-29,1790.0,194789.0,918.94
30183,Chlamydia,274.0,Tennessee,2003.0,Female,30-34 years,30-34,697.0,211992.0,328.79
30184,Chlamydia,274.0,Tennessee,2003.0,Female,35-39 years,35-39,290.0,217042.0,133.62
30185,Chlamydia,274.0,Tennessee,2003.0,Female,40+ years,40+,212.0,1406639.0,15.07
30186,Chlamydia,274.0,Tennessee,2003.0,Female,Unknown,99,69.0,,
30187,Chlamydia,274.0,Tennessee,2004.0,Female,0-14 years,0-14,435.0,562299.0,77.36
30188,Chlamydia,274.0,Tennessee,2004.0,Female,15-19 years,15-19,6595.0,193618.0,3406.19
30189,Chlamydia,274.0,Tennessee,2004.0,Female,20-24 years,20-24,5757.0,202803.0,2838.72
30190,Chlamydia,274.0,Tennessee,2004.0,Female,25-29 years,25-29,2045.0,199263.0,1026.28
30191,Chlamydia,274.0,Tennessee,2004.0,Female,30-34 years,30-34,780.0,211377.0,369.01
30192,Chlamydia,274.0,Tennessee,2004.0,Female,35-39 years,35-39,302.0,213185.0,141.66
30193,Chlamydia,274.0,Tennessee,2004.0,Female,40+ years,40+,266.0,1432133.0,18.57
30194,Chlamydia,274.0,Tennessee,2004.0,Female,Unknown,99,57.0,,
30195,Chlamydia,274.0,Tennessee,2005.0,Female,0-14 years,0-14,408.0,559192.0,72.96
30196,Chlamydia,274.0,Tennessee,2005.0,Female,15-19 years,15-19,6711.0,196568.0,3414.09
30197,Chlamydia,274.0,Tennessee,2005.0,Female,20-24 years,20-24,5815.0,201728.0,2882.59
30198,Chlamydia,274.0,Tennessee,2005.0,Female,25-29 years,25-29,2121.0,204582.0,1036.75
30199,Chlamydia,274.0,Tennessee,2005.0,Female,30-34 years,30-34,739.0,208754.0,354.0
30200,Chlamydia,274.0,Tennessee,2005.0,Female,35-39 years,35-39,345.0,213231.0,161.8
30201,Chlamydia,274.0,Tennessee,2005.0,Female,40+ years,40+,296.0,1458238.0,20.3
30202,Chlamydia,274.0,Tennessee,2005.0,Female,Unknown,99,18.0,,
30203,Chlamydia,274.0,Tennessee,2006.0,Female,0-14 years,0-14,452.0,580897.0,77.81
30204,Chlamydia,274.0,Tennessee,2006.0,Female,15-19 years,15-19,7315.0,197161.0,3710.17
30205,Chlamydia,274.0,Tennessee,2006.0,Female,20-24 years,20-24,6437.0,195412.0,3294.07
30206,Chlamydia,274.0,Tennessee,2006.0,Female,25-29 years,25-29,2522.0,218327.0,1155.15
30207,Chlamydia,274.0,Tennessee,2006.0,Female,30-34 years,30-34,921.0,198240.0,464.59
30208,Chlamydia,274.0,Tennessee,2006.0,Female,35-39 years,35-39,378.0,211107.0,179.06
30209,Chlamydia,274.0,Tennessee,2006.0,Female,40+ years,40+,320.0,1486769.0,21.52
30210,Chlamydia,274.0,Tennessee,2006.0,Female,Unknown,99,7.0,,
30211,Chlamydia,274.0,Tennessee,2007.0,Female,0-14 years,0-14,414.0,594626.0,69.62
30212,Chlamydia,274.0,Tennessee,2007.0,Female,15-19 years,15-19,8153.0,200319.0,4070.01
30213,Chlamydia,274.0,Tennessee,2007.0,Female,20-24 years,20-24,6660.0,195137.0,3412.99
30214,Chlamydia,274.0,Tennessee,2007.0,Female,25-29 years,25-29,2664.0,222281.0,1198.48
30215,Chlamydia,274.0,Tennessee,2007.0,Female,30-34 years,30-34,960.0,199061.0,482.26
30216,Chlamydia,274.0,Tennessee,2007.0,Female,35-39 years,35-39,406.0,216326.0,187.68
30217,Chlamydia,274.0,Tennessee,2007.0,Female,40+ years,40+,335.0,1522851.0,22.0
30218,Chlamydia,274.0,Tennessee,2007.0,Female,Unknown,99,12.0,,
30219,Chlamydia,274.0,Tennessee,2008.0,Female,0-14 years,0-14,357.0,599518.0,59.55
30220,Chlamydia,274.0,Tennessee,2008.0,Female,15-19 years,15-19,8435.0,200800.0,4200.7
30221,Chlamydia,274.0,Tennessee,2008.0,Female,20-24 years,20-24,7257.0,195290.0,3716.01
30222,Chlamydia,274.0,Tennessee,2008.0,Female,25-29 years,25-29,2614.0,221886.0,1178.08
30223,Chlamydia,274.0,Tennessee,2008.0,Female,30-34 years,30-34,973.0,200989.0,484.11
30224,Chlamydia,274.0,Tennessee,2008.0,Female,35-39 years,35-39,485.0,216877.0,223.63
30225,Chlamydia,274.0,Tennessee,2008.0,Female,40+ years,40+,344.0,1550413.0,22.19
30226,Chlamydia,274.0,Tennessee,2008.0,Female,Unknown,99,14.0,,
30227,Chlamydia,274.0,Tennessee,2009.0,Female,0-14 years,0-14,325.0,608592.0,53.4
30228,Chlamydia,274.0,Tennessee,2009.0,Female,15-19 years,15-19,8815.0,204963.0,4300.78
30229,Chlamydia,274.0,Tennessee,2009.0,Female,20-24 years,20-24,7812.0,205403.0,3803.26
30230,Chlamydia,274.0,Tennessee,2009.0,Female,25-29 years,25-29,2791.0,218775.0,1275.74
30231,Chlamydia,274.0,Tennessee,2009.0,Female,30-34 years,30-34,1044.0,206971.0,504.42
30232,Chlamydia,274.0,Tennessee,2009.0,Female,35-39 years,35-39,432.0,216048.0,199.96
30233,Chlamydia,274.0,Tennessee,2009.0,Female,40+ years,40+,433.0,1566259.0,27.65
30234,Chlamydia,274.0,Tennessee,2009.0,Female,Unknown,99,3.0,,
30235,Chlamydia,274.0,Tennessee,2010.0,Female,0-14 years,0-14,301.0,605687.0,49.7
30236,Chlamydia,274.0,Tennessee,2010.0,Female,15-19 years,15-19,8294.0,214184.0,3872.37
30237,Chlamydia,274.0,Tennessee,2010.0,Female,20-24 years,20-24,7686.0,213339.0,3602.72
30238,Chlamydia,274.0,Tennessee,2010.0,Female,25-29 years,25-29,2564.0,210686.0,1216.98
30239,Chlamydia,274.0,Tennessee,2010.0,Female,30-34 years,30-34,960.0,204785.0,468.78
30240,Chlamydia,274.0,Tennessee,2010.0,Female,35-39 years,35-39,359.0,213862.0,167.87
30241,Chlamydia,274.0,Tennessee,2010.0,Female,40+ years,40+,385.0,1590058.0,24.21
30242,Chlamydia,274.0,Tennessee,2010.0,Female,Unknown,99,10.0,,
30243,Chlamydia,274.0,Tennessee,2011.0,Female,0-14 years,0-14,303.0,605962.0,50.0
30244,Chlamydia,274.0,Tennessee,2011.0,Female,15-19 years,15-19,8610.0,208025.0,4138.93
30245,Chlamydia,274.0,Tennessee,2011.0,Female,20-24 years,20-24,8560.0,220971.0,3873.81
30246,Chlamydia,274.0,Tennessee,2011.0,Female,25-29 years,25-29,2806.0,211707.0,1325.42
30247,Chlamydia,274.0,Tennessee,2011.0,Female,30-34 years,30-34,1080.0,210250.0,513.67
30248,Chlamydia,274.0,Tennessee,2011.0,Female,35-39 years,35-39,435.0,205831.0,211.34
30249,Chlamydia,274.0,Tennessee,2011.0,Female,40+ years,40+,398.0,1619676.0,24.57
30250,Chlamydia,274.0,Tennessee,2011.0,Female,Unknown,99,8.0,,
30251,Chlamydia,274.0,Tennessee,2012.0,Female,0-14 years,0-14,336.0,607751.0,55.29
30252,Chlamydia,274.0,Tennessee,2012.0,Female,15-19 years,15-19,8421.0,205291.0,4101.98
30253,Chlamydia,274.0,Tennessee,2012.0,Female,20-24 years,20-24,8976.0,226885.0,3956.19
30254,Chlamydia,274.0,Tennessee,2012.0,Female,25-29 years,25-29,2956.0,212712.0,1389.67
30255,Chlamydia,274.0,Tennessee,2012.0,Female,30-34 years,30-34,1147.0,213230.0,537.92
30256,Chlamydia,274.0,Tennessee,2012.0,Female,35-39 years,35-39,434.0,203585.0,213.18
30257,Chlamydia,274.0,Tennessee,2012.0,Female,40+ years,40+,458.0,1638026.0,27.96
30258,Chlamydia,274.0,Tennessee,2012.0,Female,Unknown,99,4.0,,
30259,Chlamydia,274.0,Tennessee,2013.0,Female,0-14 years,0-14,259.0,607902.0,42.61
30260,Chlamydia,274.0,Tennessee,2013.0,Female,15-19 years,15-19,7293.0,204642.0,3563.78
30261,Chlamydia,274.0,Tennessee,2013.0,Female,20-24 years,20-24,8512.0,229454.0,3709.68
30262,Chlamydia,274.0,Tennessee,2013.0,Female,25-29 years,25-29,2992.0,212706.0,1406.64
30263,Chlamydia,274.0,Tennessee,2013.0,Female,30-34 years,30-34,1140.0,215057.0,530.09
30264,Chlamydia,274.0,Tennessee,2013.0,Female,35-39 years,35-39,448.0,203129.0,220.55
30265,Chlamydia,274.0,Tennessee,2013.0,Female,40+ years,40+,411.0,1655994.0,24.82
30266,Chlamydia,274.0,Tennessee,2013.0,Female,Unknown,99,2.0,,
30267,Chlamydia,274.0,Tennessee,2014.0,Female,0-14 years,0-14,242.0,607902.0,39.81
30268,Chlamydia,274.0,Tennessee,2014.0,Female,15-19 years,15-19,7066.0,204642.0,3452.86
30269,Chlamydia,274.0,Tennessee,2014.0,Female,20-24 years,20-24,8481.0,229454.0,3696.17
30270,Chlamydia,274.0,Tennessee,2014.0,Female,25-29 years,25-29,3276.0,212706.0,1540.15
30271,Chlamydia,274.0,Tennessee,2014.0,Female,30-34 years,30-34,1257.0,215057.0,584.5
30272,Chlamydia,274.0,Tennessee,2014.0,Female,35-39 years,35-39,490.0,203129.0,241.23
30273,Chlamydia,274.0,Tennessee,2014.0,Female,40+ years,40+,390.0,1655994.0,23.55
30274,Chlamydia,274.0,Tennessee,2014.0,Female,Unknown,99,1.0,,
30275,Chlamydia,274.0,Texas,1996.0,Female,0-14 years,0-14,1445.0,2268222.0,63.71
30276,Chlamydia,274.0,Texas,1996.0,Female,15-19 years,15-19,15044.0,715427.0,2102.8
30277,Chlamydia,274.0,Texas,1996.0,Female,20-24 years,20-24,11641.0,683324.0,1703.58
30278,Chlamydia,274.0,Texas,1996.0,Female,25-29 years,25-29,4382.0,734675.0,596.45
30279,Chlamydia,274.0,Texas,1996.0,Female,30-34 years,30-34,1810.0,815297.0,222.0
30280,Chlamydia,274.0,Texas,1996.0,Female,35-39 years,35-39,733.0,825560.0,88.79
30281,Chlamydia,274.0,Texas,1996.0,Female,40+ years,40+,501.0,3729347.0,13.43
30282,Chlamydia,274.0,Texas,1996.0,Female,Unknown,99,1542.0,,
30283,Chlamydia,274.0,Texas,1997.0,Female,0-14 years,0-14,1172.0,2301979.0,50.91
30284,Chlamydia,274.0,Texas,1997.0,Female,15-19 years,15-19,16719.0,740088.0,2259.06
30285,Chlamydia,274.0,Texas,1997.0,Female,20-24 years,20-24,12870.0,692386.0,1858.79
30286,Chlamydia,274.0,Texas,1997.0,Female,25-29 years,25-29,4757.0,749353.0,634.81
30287,Chlamydia,274.0,Texas,1997.0,Female,30-34 years,30-34,1810.0,799973.0,226.26
30288,Chlamydia,274.0,Texas,1997.0,Female,35-39 years,35-39,745.0,834748.0,89.25
30289,Chlamydia,274.0,Texas,1997.0,Female,40+ years,40+,518.0,3847775.0,13.46
30290,Chlamydia,274.0,Texas,1997.0,Female,Unknown,99,3968.0,,
30291,Chlamydia,274.0,Texas,1998.0,Female,0-14 years,0-14,1568.0,2342925.0,66.92
30292,Chlamydia,274.0,Texas,1998.0,Female,15-19 years,15-19,21404.0,765663.0,2795.49
30293,Chlamydia,274.0,Texas,1998.0,Female,20-24 years,20-24,16444.0,706170.0,2328.62
30294,Chlamydia,274.0,Texas,1998.0,Female,25-29 years,25-29,6088.0,763015.0,797.89
30295,Chlamydia,274.0,Texas,1998.0,Female,30-34 years,30-34,2256.0,783121.0,288.08
30296,Chlamydia,274.0,Texas,1998.0,Female,35-39 years,35-39,926.0,841411.0,110.05
30297,Chlamydia,274.0,Texas,1998.0,Female,40+ years,40+,677.0,3968220.0,17.06
30298,Chlamydia,274.0,Texas,1998.0,Female,Unknown,99,740.0,,
30299,Chlamydia,274.0,Texas,1999.0,Female,0-14 years,0-14,1496.0,2379456.0,62.87
30300,Chlamydia,274.0,Texas,1999.0,Female,15-19 years,15-19,21960.0,781157.0,2811.21
30301,Chlamydia,274.0,Texas,1999.0,Female,20-24 years,20-24,17629.0,725660.0,2429.37
30302,Chlamydia,274.0,Texas,1999.0,Female,25-29 years,25-29,6576.0,773408.0,850.26
30303,Chlamydia,274.0,Texas,1999.0,Female,30-34 years,30-34,2296.0,771770.0,297.5
30304,Chlamydia,274.0,Texas,1999.0,Female,35-39 years,35-39,985.0,843958.0,116.71
30305,Chlamydia,274.0,Texas,1999.0,Female,40+ years,40+,613.0,4084793.0,15.01
30306,Chlamydia,274.0,Texas,1999.0,Female,Unknown,99,516.0,,
30307,Chlamydia,274.0,Texas,2000.0,Female,0-14 years,0-14,1731.0,2440035.0,70.94
30308,Chlamydia,274.0,Texas,2000.0,Female,15-19 years,15-19,23505.0,791597.0,2969.31
30309,Chlamydia,274.0,Texas,2000.0,Female,20-24 years,20-24,19872.0,746299.0,2662.74
30310,Chlamydia,274.0,Texas,2000.0,Female,25-29 years,25-29,6930.0,773976.0,895.38
30311,Chlamydia,274.0,Texas,2000.0,Female,30-34 years,30-34,2549.0,773644.0,329.48
30312,Chlamydia,274.0,Texas,2000.0,Female,35-39 years,35-39,1028.0,831657.0,123.61
30313,Chlamydia,274.0,Texas,2000.0,Female,40+ years,40+,737.0,4191273.0,17.58
30314,Chlamydia,274.0,Texas,2000.0,Female,Unknown,99,465.0,,
30315,Chlamydia,274.0,Texas,2001.0,Female,0-14 years,0-14,1465.0,2464176.0,59.45
30316,Chlamydia,274.0,Texas,2001.0,Female,15-19 years,15-19,23178.0,800119.0,2896.82
30317,Chlamydia,274.0,Texas,2001.0,Female,20-24 years,20-24,20897.0,768588.0,2718.88
30318,Chlamydia,274.0,Texas,2001.0,Female,25-29 years,25-29,7254.0,772614.0,938.89
30319,Chlamydia,274.0,Texas,2001.0,Female,30-34 years,30-34,2618.0,794663.0,329.45
30320,Chlamydia,274.0,Texas,2001.0,Female,35-39 years,35-39,1063.0,823671.0,129.06
30321,Chlamydia,274.0,Texas,2001.0,Female,40+ years,40+,716.0,4329337.0,16.54
30322,Chlamydia,274.0,Texas,2001.0,Female,Unknown,99,420.0,,
30323,Chlamydia,274.0,Texas,2002.0,Female,0-14 years,0-14,1295.0,2494056.0,51.92
30324,Chlamydia,274.0,Texas,2002.0,Female,15-19 years,15-19,22615.0,809988.0,2792.02
30325,Chlamydia,274.0,Texas,2002.0,Female,20-24 years,20-24,21202.0,779507.0,2719.92
30326,Chlamydia,274.0,Texas,2002.0,Female,25-29 years,25-29,7212.0,768445.0,938.52
30327,Chlamydia,274.0,Texas,2002.0,Female,30-34 years,30-34,2797.0,812266.0,344.35
30328,Chlamydia,274.0,Texas,2002.0,Female,35-39 years,35-39,1048.0,809505.0,129.46
30329,Chlamydia,274.0,Texas,2002.0,Female,40+ years,40+,721.0,4480202.0,16.09
30330,Chlamydia,274.0,Texas,2002.0,Female,Unknown,99,548.0,,
30331,Chlamydia,274.0,Texas,2003.0,Female,0-14 years,0-14,1217.0,2560382.0,47.53
30332,Chlamydia,274.0,Texas,2003.0,Female,15-19 years,15-19,22166.0,812383.0,2728.52
30333,Chlamydia,274.0,Texas,2003.0,Female,20-24 years,20-24,21534.0,808069.0,2664.87
30334,Chlamydia,274.0,Texas,2003.0,Female,25-29 years,25-29,7511.0,778468.0,964.84
30335,Chlamydia,274.0,Texas,2003.0,Female,30-34 years,30-34,2794.0,826957.0,337.87
30336,Chlamydia,274.0,Texas,2003.0,Female,35-39 years,35-39,1150.0,798638.0,144.0
30337,Chlamydia,274.0,Texas,2003.0,Female,40+ years,40+,814.0,4524218.0,17.99
30338,Chlamydia,274.0,Texas,2003.0,Female,Unknown,99,363.0,,
30339,Chlamydia,274.0,Texas,2004.0,Female,0-14 years,0-14,1090.0,2571692.0,42.38
30340,Chlamydia,274.0,Texas,2004.0,Female,15-19 years,15-19,21985.0,820602.0,2679.13
30341,Chlamydia,274.0,Texas,2004.0,Female,20-24 years,20-24,21415.0,826830.0,2590.01
30342,Chlamydia,274.0,Texas,2004.0,Female,25-29 years,25-29,7977.0,792434.0,1006.65
30343,Chlamydia,274.0,Texas,2004.0,Female,30-34 years,30-34,2874.0,835362.0,344.04
30344,Chlamydia,274.0,Texas,2004.0,Female,35-39 years,35-39,1117.0,796361.0,140.26
30345,Chlamydia,274.0,Texas,2004.0,Female,40+ years,40+,809.0,4645473.0,17.41
30346,Chlamydia,274.0,Texas,2004.0,Female,Unknown,99,203.0,,
30347,Chlamydia,274.0,Texas,2005.0,Female,0-14 years,0-14,969.0,2591549.0,37.39
30348,Chlamydia,274.0,Texas,2005.0,Female,15-19 years,15-19,22108.0,830787.0,2661.09
30349,Chlamydia,274.0,Texas,2005.0,Female,20-24 years,20-24,22119.0,835560.0,2647.21
30350,Chlamydia,274.0,Texas,2005.0,Female,25-29 years,25-29,8191.0,810042.0,1011.18
30351,Chlamydia,274.0,Texas,2005.0,Female,30-34 years,30-34,3106.0,833264.0,372.75
30352,Chlamydia,274.0,Texas,2005.0,Female,35-39 years,35-39,1250.0,805949.0,155.1
30353,Chlamydia,274.0,Texas,2005.0,Female,40+ years,40+,827.0,4764638.0,17.36
30354,Chlamydia,274.0,Texas,2005.0,Female,Unknown,99,98.0,,
30355,Chlamydia,274.0,Texas,2006.0,Female,0-14 years,0-14,931.0,2657598.0,35.03
30356,Chlamydia,274.0,Texas,2006.0,Female,15-19 years,15-19,22631.0,841496.0,2689.38
30357,Chlamydia,274.0,Texas,2006.0,Female,20-24 years,20-24,22621.0,845998.0,2673.88
30358,Chlamydia,274.0,Texas,2006.0,Female,25-29 years,25-29,8623.0,857304.0,1005.83
30359,Chlamydia,274.0,Texas,2006.0,Female,30-34 years,30-34,3217.0,830571.0,387.32
30360,Chlamydia,274.0,Texas,2006.0,Female,35-39 years,35-39,1340.0,840564.0,159.42
30361,Chlamydia,274.0,Texas,2006.0,Female,40+ years,40+,827.0,4920184.0,16.81
30362,Chlamydia,274.0,Texas,2006.0,Female,Unknown,99,137.0,,
30363,Chlamydia,274.0,Texas,2007.0,Female,0-14 years,0-14,1072.0,2713864.0,39.5
30364,Chlamydia,274.0,Texas,2007.0,Female,15-19 years,15-19,25252.0,846040.0,2984.73
30365,Chlamydia,274.0,Texas,2007.0,Female,20-24 years,20-24,25506.0,835788.0,3051.73
30366,Chlamydia,274.0,Texas,2007.0,Female,25-29 years,25-29,9948.0,880638.0,1129.64
30367,Chlamydia,274.0,Texas,2007.0,Female,30-34 years,30-34,3627.0,828709.0,437.67
30368,Chlamydia,274.0,Texas,2007.0,Female,35-39 years,35-39,1435.0,858504.0,167.15
30369,Chlamydia,274.0,Texas,2007.0,Female,40+ years,40+,1035.0,5014973.0,20.64
30370,Chlamydia,274.0,Texas,2007.0,Female,Unknown,99,91.0,,
30371,Chlamydia,274.0,Texas,2008.0,Female,0-14 years,0-14,1138.0,2763617.0,41.18
30372,Chlamydia,274.0,Texas,2008.0,Female,15-19 years,15-19,29587.0,856078.0,3456.11
30373,Chlamydia,274.0,Texas,2008.0,Female,20-24 years,20-24,28570.0,841257.0,3396.11
30374,Chlamydia,274.0,Texas,2008.0,Female,25-29 years,25-29,11832.0,895951.0,1320.61
30375,Chlamydia,274.0,Texas,2008.0,Female,30-34 years,30-34,4571.0,831263.0,549.89
30376,Chlamydia,274.0,Texas,2008.0,Female,35-39 years,35-39,1888.0,871249.0,216.7
30377,Chlamydia,274.0,Texas,2008.0,Female,40+ years,40+,1315.0,5124001.0,25.66
30378,Chlamydia,274.0,Texas,2008.0,Female,Unknown,99,101.0,,
30379,Chlamydia,274.0,Texas,2009.0,Female,0-14 years,0-14,1151.0,2843745.0,40.47
30380,Chlamydia,274.0,Texas,2009.0,Female,15-19 years,15-19,30999.0,868122.0,3570.81
30381,Chlamydia,274.0,Texas,2009.0,Female,20-24 years,20-24,30229.0,867183.0,3485.88
30382,Chlamydia,274.0,Texas,2009.0,Female,25-29 years,25-29,11973.0,914887.0,1308.69
30383,Chlamydia,274.0,Texas,2009.0,Female,30-34 years,30-34,4648.0,847878.0,548.19
30384,Chlamydia,274.0,Texas,2009.0,Female,35-39 years,35-39,2015.0,864495.0,233.08
30385,Chlamydia,274.0,Texas,2009.0,Female,40+ years,40+,1466.0,5197900.0,28.2
30386,Chlamydia,274.0,Texas,2009.0,Female,Unknown,99,70.0,,
30387,Chlamydia,274.0,Texas,2010.0,Female,0-14 years,0-14,1215.0,2807761.0,43.27
30388,Chlamydia,274.0,Texas,2010.0,Female,15-19 years,15-19,33641.0,914438.0,3678.87
30389,Chlamydia,274.0,Texas,2010.0,Female,20-24 years,20-24,34788.0,884726.0,3932.06
30390,Chlamydia,274.0,Texas,2010.0,Female,25-29 years,25-29,13483.0,914073.0,1475.05
30391,Chlamydia,274.0,Texas,2010.0,Female,30-34 years,30-34,5603.0,877547.0,638.48
30392,Chlamydia,274.0,Texas,2010.0,Female,35-39 years,35-39,2315.0,887448.0,260.86
30393,Chlamydia,274.0,Texas,2010.0,Female,40+ years,40+,1720.0,5387288.0,31.93
30394,Chlamydia,274.0,Texas,2010.0,Female,Unknown,99,82.0,,
30395,Chlamydia,274.0,Texas,2011.0,Female,0-14 years,0-14,1237.0,2853834.0,43.35
30396,Chlamydia,274.0,Texas,2011.0,Female,15-19 years,15-19,33666.0,911763.0,3692.41
30397,Chlamydia,274.0,Texas,2011.0,Female,20-24 years,20-24,36222.0,913389.0,3965.67
30398,Chlamydia,274.0,Texas,2011.0,Female,25-29 years,25-29,14034.0,924159.0,1518.57
30399,Chlamydia,274.0,Texas,2011.0,Female,30-34 years,30-34,5773.0,904687.0,638.12
30400,Chlamydia,274.0,Texas,2011.0,Female,35-39 years,35-39,2398.0,879380.0,272.69
30401,Chlamydia,274.0,Texas,2011.0,Female,40+ years,40+,1962.0,5545027.0,35.38
30402,Chlamydia,274.0,Texas,2011.0,Female,Unknown,99,34.0,,
30403,Chlamydia,274.0,Texas,2012.0,Female,0-14 years,0-14,1257.0,2865365.0,43.87
30404,Chlamydia,274.0,Texas,2012.0,Female,15-19 years,15-19,32231.0,910824.0,3538.66
30405,Chlamydia,274.0,Texas,2012.0,Female,20-24 years,20-24,37331.0,937209.0,3983.21
30406,Chlamydia,274.0,Texas,2012.0,Female,25-29 years,25-29,14477.0,930372.0,1556.04
30407,Chlamydia,274.0,Texas,2012.0,Female,30-34 years,30-34,6160.0,925423.0,665.64
30408,Chlamydia,274.0,Texas,2012.0,Female,35-39 years,35-39,2598.0,879531.0,295.38
30409,Chlamydia,274.0,Texas,2012.0,Female,40+ years,40+,2300.0,5662745.0,40.62
30410,Chlamydia,274.0,Texas,2012.0,Female,Unknown,99,51.0,,
30411,Chlamydia,274.0,Texas,2013.0,Female,0-14 years,0-14,1125.0,2887923.0,38.96
30412,Chlamydia,274.0,Texas,2013.0,Female,15-19 years,15-19,30533.0,915489.0,3335.16
30413,Chlamydia,274.0,Texas,2013.0,Female,20-24 years,20-24,38189.0,951812.0,4012.24
30414,Chlamydia,274.0,Texas,2013.0,Female,25-29 years,25-29,15339.0,938580.0,1634.28
30415,Chlamydia,274.0,Texas,2013.0,Female,30-34 years,30-34,6579.0,945780.0,695.62
30416,Chlamydia,274.0,Texas,2013.0,Female,35-39 years,35-39,2771.0,886049.0,312.74
30417,Chlamydia,274.0,Texas,2013.0,Female,40+ years,40+,2362.0,5775558.0,40.9
30418,Chlamydia,274.0,Texas,2013.0,Female,Unknown,99,25.0,,
30419,Chlamydia,274.0,Texas,2014.0,Female,0-14 years,0-14,989.0,2887923.0,34.25
30420,Chlamydia,274.0,Texas,2014.0,Female,15-19 years,15-19,28928.0,915489.0,3159.84
30421,Chlamydia,274.0,Texas,2014.0,Female,20-24 years,20-24,38634.0,951812.0,4058.99
30422,Chlamydia,274.0,Texas,2014.0,Female,25-29 years,25-29,15710.0,938580.0,1673.81
30423,Chlamydia,274.0,Texas,2014.0,Female,30-34 years,30-34,6866.0,945780.0,725.96
30424,Chlamydia,274.0,Texas,2014.0,Female,35-39 years,35-39,3086.0,886049.0,348.29
30425,Chlamydia,274.0,Texas,2014.0,Female,40+ years,40+,2721.0,5775558.0,47.11
30426,Chlamydia,274.0,Texas,2014.0,Female,Unknown,99,25.0,,
30427,Chlamydia,274.0,Utah,1996.0,Female,0-14 years,0-14,40.0,271774.0,14.72
30428,Chlamydia,274.0,Utah,1996.0,Female,15-19 years,15-19,551.0,107625.0,511.96
30429,Chlamydia,274.0,Utah,1996.0,Female,20-24 years,20-24,407.0,92287.0,441.02
30430,Chlamydia,274.0,Utah,1996.0,Female,25-29 years,25-29,124.0,78175.0,158.62
30431,Chlamydia,274.0,Utah,1996.0,Female,30-34 years,30-34,56.0,73388.0,76.31
30432,Chlamydia,274.0,Utah,1996.0,Female,35-39 years,35-39,25.0,75262.0,33.22
30433,Chlamydia,274.0,Utah,1996.0,Female,40+ years,40+,13.0,336949.0,3.86
30434,Chlamydia,274.0,Utah,1996.0,Female,Unknown,99,13.0,,
30435,Chlamydia,274.0,Utah,1997.0,Female,0-14 years,0-14,40.0,276804.0,14.45
30436,Chlamydia,274.0,Utah,1997.0,Female,15-19 years,15-19,602.0,109713.0,548.7
30437,Chlamydia,274.0,Utah,1997.0,Female,20-24 years,20-24,432.0,97854.0,441.47
30438,Chlamydia,274.0,Utah,1997.0,Female,25-29 years,25-29,153.0,80244.0,190.67
30439,Chlamydia,274.0,Utah,1997.0,Female,30-34 years,30-34,59.0,72908.0,80.92
30440,Chlamydia,274.0,Utah,1997.0,Female,35-39 years,35-39,27.0,75606.0,35.71
30441,Chlamydia,274.0,Utah,1997.0,Female,40+ years,40+,44.0,347519.0,12.66
30442,Chlamydia,274.0,Utah,1998.0,Female,0-14 years,0-14,43.0,281933.0,15.25
30443,Chlamydia,274.0,Utah,1998.0,Female,15-19 years,15-19,748.0,110746.0,675.42
30444,Chlamydia,274.0,Utah,1998.0,Female,20-24 years,20-24,511.0,103717.0,492.69
30445,Chlamydia,274.0,Utah,1998.0,Female,25-29 years,25-29,201.0,81585.0,246.37
30446,Chlamydia,274.0,Utah,1998.0,Female,30-34 years,30-34,64.0,72462.0,88.32
30447,Chlamydia,274.0,Utah,1998.0,Female,35-39 years,35-39,30.0,75334.0,39.82
30448,Chlamydia,274.0,Utah,1998.0,Female,40+ years,40+,18.0,356989.0,5.04
30449,Chlamydia,274.0,Utah,1998.0,Female,Unknown,99,1.0,,
30450,Chlamydia,274.0,Utah,1999.0,Female,0-14 years,0-14,34.0,286171.0,11.88
30451,Chlamydia,274.0,Utah,1999.0,Female,15-19 years,15-19,690.0,109716.0,628.9
30452,Chlamydia,274.0,Utah,1999.0,Female,20-24 years,20-24,559.0,108969.0,512.99
30453,Chlamydia,274.0,Utah,1999.0,Female,25-29 years,25-29,211.0,83443.0,252.87
30454,Chlamydia,274.0,Utah,1999.0,Female,30-34 years,30-34,74.0,71840.0,103.01
30455,Chlamydia,274.0,Utah,1999.0,Female,35-39 years,35-39,33.0,74660.0,44.2
30456,Chlamydia,274.0,Utah,1999.0,Female,40+ years,40+,13.0,365368.0,3.56
30457,Chlamydia,274.0,Utah,1999.0,Female,Unknown,99,4.0,,
30458,Chlamydia,274.0,Utah,2000.0,Female,0-14 years,0-14,33.0,286060.0,11.54
30459,Chlamydia,274.0,Utah,2000.0,Female,15-19 years,15-19,657.0,107344.0,612.05
30460,Chlamydia,274.0,Utah,2000.0,Female,20-24 years,20-24,576.0,114259.0,504.12
30461,Chlamydia,274.0,Utah,2000.0,Female,25-29 years,25-29,200.0,87408.0,228.81
30462,Chlamydia,274.0,Utah,2000.0,Female,30-34 years,30-34,88.0,72952.0,120.63
30463,Chlamydia,274.0,Utah,2000.0,Female,35-39 years,35-39,36.0,74106.0,48.58
30464,Chlamydia,274.0,Utah,2000.0,Female,40+ years,40+,18.0,377004.0,4.77
30465,Chlamydia,274.0,Utah,2000.0,Female,Unknown,99,2.0,,
30466,Chlamydia,274.0,Utah,2001.0,Female,0-14 years,0-14,51.0,290220.0,17.57
30467,Chlamydia,274.0,Utah,2001.0,Female,15-19 years,15-19,780.0,101502.0,768.46
30468,Chlamydia,274.0,Utah,2001.0,Female,20-24 years,20-24,807.0,119842.0,673.39
30469,Chlamydia,274.0,Utah,2001.0,Female,25-29 years,25-29,284.0,91848.0,309.21
30470,Chlamydia,274.0,Utah,2001.0,Female,30-34 years,30-34,115.0,75128.0,153.07
30471,Chlamydia,274.0,Utah,2001.0,Female,35-39 years,35-39,43.0,71779.0,59.91
30472,Chlamydia,274.0,Utah,2001.0,Female,40+ years,40+,31.0,385947.0,8.03
30473,Chlamydia,274.0,Utah,2001.0,Female,Unknown,99,8.0,,
30474,Chlamydia,274.0,Utah,2002.0,Female,0-14 years,0-14,65.0,290397.0,22.38
30475,Chlamydia,274.0,Utah,2002.0,Female,15-19 years,15-19,950.0,97213.0,977.24
30476,Chlamydia,274.0,Utah,2002.0,Female,20-24 years,20-24,924.0,123660.0,747.21
30477,Chlamydia,274.0,Utah,2002.0,Female,25-29 years,25-29,353.0,98644.0,357.85
30478,Chlamydia,274.0,Utah,2002.0,Female,30-34 years,30-34,129.0,77963.0,165.46
30479,Chlamydia,274.0,Utah,2002.0,Female,35-39 years,35-39,43.0,70326.0,61.14
30480,Chlamydia,274.0,Utah,2002.0,Female,40+ years,40+,25.0,396599.0,6.3
30481,Chlamydia,274.0,Utah,2002.0,Female,Unknown,99,5.0,,
30482,Chlamydia,274.0,Utah,2003.0,Female,0-14 years,0-14,60.0,304720.0,19.69
30483,Chlamydia,274.0,Utah,2003.0,Female,15-19 years,15-19,1021.0,95499.0,1069.12
30484,Chlamydia,274.0,Utah,2003.0,Female,20-24 years,20-24,1079.0,122026.0,884.24
30485,Chlamydia,274.0,Utah,2003.0,Female,25-29 years,25-29,400.0,103289.0,387.26
30486,Chlamydia,274.0,Utah,2003.0,Female,30-34 years,30-34,142.0,77932.0,182.21
30487,Chlamydia,274.0,Utah,2003.0,Female,35-39 years,35-39,52.0,68033.0,76.43
30488,Chlamydia,274.0,Utah,2003.0,Female,40+ years,40+,22.0,399485.0,5.51
30489,Chlamydia,274.0,Utah,2003.0,Female,Unknown,99,11.0,,
30490,Chlamydia,274.0,Utah,2004.0,Female,0-14 years,0-14,67.0,304150.0,22.03
30491,Chlamydia,274.0,Utah,2004.0,Female,15-19 years,15-19,977.0,94250.0,1036.6
30492,Chlamydia,274.0,Utah,2004.0,Female,20-24 years,20-24,1065.0,121164.0,878.97
30493,Chlamydia,274.0,Utah,2004.0,Female,25-29 years,25-29,377.0,110793.0,340.27
30494,Chlamydia,274.0,Utah,2004.0,Female,30-34 years,30-34,152.0,80614.0,188.55
30495,Chlamydia,274.0,Utah,2004.0,Female,35-39 years,35-39,47.0,68410.0,68.7
30496,Chlamydia,274.0,Utah,2004.0,Female,40+ years,40+,35.0,410343.0,8.53
30497,Chlamydia,274.0,Utah,2005.0,Female,0-14 years,0-14,49.0,304761.0,16.08
30498,Chlamydia,274.0,Utah,2005.0,Female,15-19 years,15-19,1069.0,95315.0,1121.54
30499,Chlamydia,274.0,Utah,2005.0,Female,20-24 years,20-24,1216.0,119662.0,1016.2
30500,Chlamydia,274.0,Utah,2005.0,Female,25-29 years,25-29,453.0,121945.0,371.48
30501,Chlamydia,274.0,Utah,2005.0,Female,30-34 years,30-34,180.0,85994.0,209.32
30502,Chlamydia,274.0,Utah,2005.0,Female,35-39 years,35-39,74.0,72171.0,102.53
30503,Chlamydia,274.0,Utah,2005.0,Female,40+ years,40+,40.0,429526.0,9.31
30504,Chlamydia,274.0,Utah,2006.0,Female,0-14 years,0-14,51.0,325066.0,15.69
30505,Chlamydia,274.0,Utah,2006.0,Female,15-19 years,15-19,1196.0,102858.0,1162.77
30506,Chlamydia,274.0,Utah,2006.0,Female,20-24 years,20-24,1309.0,112268.0,1165.96
30507,Chlamydia,274.0,Utah,2006.0,Female,25-29 years,25-29,579.0,112795.0,513.32
30508,Chlamydia,274.0,Utah,2006.0,Female,30-34 years,30-34,188.0,87508.0,214.84
30509,Chlamydia,274.0,Utah,2006.0,Female,35-39 years,35-39,80.0,78260.0,102.22
30510,Chlamydia,274.0,Utah,2006.0,Female,40+ years,40+,50.0,448907.0,11.14
30511,Chlamydia,274.0,Utah,2006.0,Female,Unknown,99,4.0,,
30512,Chlamydia,274.0,Utah,2007.0,Female,0-14 years,0-14,54.0,335870.0,16.08
30513,Chlamydia,274.0,Utah,2007.0,Female,15-19 years,15-19,1396.0,104714.0,1333.16
30514,Chlamydia,274.0,Utah,2007.0,Female,20-24 years,20-24,1398.0,113453.0,1232.23
30515,Chlamydia,274.0,Utah,2007.0,Female,25-29 years,25-29,672.0,116707.0,575.8
30516,Chlamydia,274.0,Utah,2007.0,Female,30-34 years,30-34,238.0,92498.0,257.3
30517,Chlamydia,274.0,Utah,2007.0,Female,35-39 years,35-39,97.0,81858.0,118.5
30518,Chlamydia,274.0,Utah,2007.0,Female,40+ years,40+,71.0,464483.0,15.29
30519,Chlamydia,274.0,Utah,2008.0,Female,0-14 years,0-14,52.0,351037.0,14.81
30520,Chlamydia,274.0,Utah,2008.0,Female,15-19 years,15-19,1406.0,106960.0,1314.51
30521,Chlamydia,274.0,Utah,2008.0,Female,20-24 years,20-24,1456.0,114249.0,1274.41
30522,Chlamydia,274.0,Utah,2008.0,Female,25-29 years,25-29,640.0,115735.0,552.99
30523,Chlamydia,274.0,Utah,2008.0,Female,30-34 years,30-34,248.0,99742.0,248.64
30524,Chlamydia,274.0,Utah,2008.0,Female,35-39 years,35-39,106.0,85594.0,123.84
30525,Chlamydia,274.0,Utah,2008.0,Female,40+ years,40+,73.0,481846.0,15.15
30526,Chlamydia,274.0,Utah,2008.0,Female,Unknown,99,1.0,,
30527,Chlamydia,274.0,Utah,2009.0,Female,0-14 years,0-14,50.0,361027.0,13.85
30528,Chlamydia,274.0,Utah,2009.0,Female,15-19 years,15-19,1451.0,108992.0,1331.29
30529,Chlamydia,274.0,Utah,2009.0,Female,20-24 years,20-24,1452.0,121569.0,1194.38
30530,Chlamydia,274.0,Utah,2009.0,Female,25-29 years,25-29,648.0,115085.0,563.06
30531,Chlamydia,274.0,Utah,2009.0,Female,30-34 years,30-34,243.0,101769.0,238.78
30532,Chlamydia,274.0,Utah,2009.0,Female,35-39 years,35-39,101.0,86775.0,116.39
30533,Chlamydia,274.0,Utah,2009.0,Female,40+ years,40+,73.0,488381.0,14.95
30534,Chlamydia,274.0,Utah,2009.0,Female,Unknown,99,1.0,,
30535,Chlamydia,274.0,Utah,2010.0,Female,0-14 years,0-14,45.0,361075.0,12.46
30536,Chlamydia,274.0,Utah,2010.0,Female,15-19 years,15-19,1546.0,109363.0,1413.64
30537,Chlamydia,274.0,Utah,2010.0,Female,20-24 years,20-24,1657.0,112912.0,1467.51
30538,Chlamydia,274.0,Utah,2010.0,Female,25-29 years,25-29,713.0,111128.0,641.6
30539,Chlamydia,274.0,Utah,2010.0,Female,30-34 years,30-34,298.0,105641.0,282.09
30540,Chlamydia,274.0,Utah,2010.0,Female,35-39 years,35-39,122.0,87589.0,139.29
30541,Chlamydia,274.0,Utah,2010.0,Female,40+ years,40+,92.0,487860.0,18.86
30542,Chlamydia,274.0,Utah,2011.0,Female,0-14 years,0-14,48.0,365284.0,13.14
30543,Chlamydia,274.0,Utah,2011.0,Female,15-19 years,15-19,1617.0,110196.0,1467.39
30544,Chlamydia,274.0,Utah,2011.0,Female,20-24 years,20-24,1871.0,115534.0,1619.44
30545,Chlamydia,274.0,Utah,2011.0,Female,25-29 years,25-29,741.0,109158.0,678.83
30546,Chlamydia,274.0,Utah,2011.0,Female,30-34 years,30-34,298.0,109418.0,272.35
30547,Chlamydia,274.0,Utah,2011.0,Female,35-39 years,35-39,145.0,89576.0,161.87
30548,Chlamydia,274.0,Utah,2011.0,Female,40+ years,40+,101.0,502549.0,20.1
30549,Chlamydia,274.0,Utah,2012.0,Female,0-14 years,0-14,57.0,367289.0,15.52
30550,Chlamydia,274.0,Utah,2012.0,Female,15-19 years,15-19,1744.0,107266.0,1625.86
30551,Chlamydia,274.0,Utah,2012.0,Female,20-24 years,20-24,1993.0,119095.0,1673.45
30552,Chlamydia,274.0,Utah,2012.0,Female,25-29 years,25-29,710.0,107108.0,662.88
30553,Chlamydia,274.0,Utah,2012.0,Female,30-34 years,30-34,376.0,111266.0,337.93
30554,Chlamydia,274.0,Utah,2012.0,Female,35-39 years,35-39,155.0,93648.0,165.51
30555,Chlamydia,274.0,Utah,2012.0,Female,40+ years,40+,114.0,513755.0,22.19
30556,Chlamydia,274.0,Utah,2013.0,Female,0-14 years,0-14,40.0,369755.0,10.82
30557,Chlamydia,274.0,Utah,2013.0,Female,15-19 years,15-19,1664.0,109556.0,1518.86
30558,Chlamydia,274.0,Utah,2013.0,Female,20-24 years,20-24,1901.0,120676.0,1575.29
30559,Chlamydia,274.0,Utah,2013.0,Female,25-29 years,25-29,777.0,105301.0,737.88
30560,Chlamydia,274.0,Utah,2013.0,Female,30-34 years,30-34,384.0,111530.0,344.3
30561,Chlamydia,274.0,Utah,2013.0,Female,35-39 years,35-39,162.0,98656.0,164.21
30562,Chlamydia,274.0,Utah,2013.0,Female,40+ years,40+,122.0,526417.0,23.18
30563,Chlamydia,274.0,Utah,2014.0,Female,0-14 years,0-14,49.0,369755.0,13.25
30564,Chlamydia,274.0,Utah,2014.0,Female,15-19 years,15-19,1687.0,109556.0,1539.85
30565,Chlamydia,274.0,Utah,2014.0,Female,20-24 years,20-24,2086.0,120676.0,1728.6
30566,Chlamydia,274.0,Utah,2014.0,Female,25-29 years,25-29,794.0,105301.0,754.03
30567,Chlamydia,274.0,Utah,2014.0,Female,30-34 years,30-34,460.0,111530.0,412.44
30568,Chlamydia,274.0,Utah,2014.0,Female,35-39 years,35-39,187.0,98656.0,189.55
30569,Chlamydia,274.0,Utah,2014.0,Female,40+ years,40+,151.0,526417.0,28.68
30570,Chlamydia,274.0,Vermont,1996.0,Female,0-14 years,0-14,6.0,61226.0,9.8
30571,Chlamydia,274.0,Vermont,1996.0,Female,15-19 years,15-19,160.0,20343.0,786.51
30572,Chlamydia,274.0,Vermont,1996.0,Female,20-24 years,20-24,114.0,18284.0,623.5
30573,Chlamydia,274.0,Vermont,1996.0,Female,25-29 years,25-29,36.0,20570.0,175.01
30574,Chlamydia,274.0,Vermont,1996.0,Female,30-34 years,30-34,12.0,21387.0,56.11
30575,Chlamydia,274.0,Vermont,1996.0,Female,35-39 years,35-39,4.0,26568.0,15.06
30576,Chlamydia,274.0,Vermont,1996.0,Female,40+ years,40+,4.0,134433.0,2.98
30577,Chlamydia,274.0,Vermont,1997.0,Female,0-14 years,0-14,4.0,60185.0,6.65
30578,Chlamydia,274.0,Vermont,1997.0,Female,15-19 years,15-19,151.0,20979.0,719.77
30579,Chlamydia,274.0,Vermont,1997.0,Female,20-24 years,20-24,141.0,17691.0,797.01
30580,Chlamydia,274.0,Vermont,1997.0,Female,25-29 years,25-29,54.0,20552.0,262.75
30581,Chlamydia,274.0,Vermont,1997.0,Female,30-34 years,30-34,22.0,20591.0,106.84
30582,Chlamydia,274.0,Vermont,1997.0,Female,35-39 years,35-39,5.0,26409.0,18.93
30583,Chlamydia,274.0,Vermont,1997.0,Female,40+ years,40+,2.0,138330.0,1.45
30584,Chlamydia,274.0,Vermont,1998.0,Female,0-14 years,0-14,8.0,59247.0,13.5
30585,Chlamydia,274.0,Vermont,1998.0,Female,15-19 years,15-19,154.0,21576.0,713.76
30586,Chlamydia,274.0,Vermont,1998.0,Female,20-24 years,20-24,122.0,17784.0,686.01
30587,Chlamydia,274.0,Vermont,1998.0,Female,25-29 years,25-29,45.0,19627.0,229.28
30588,Chlamydia,274.0,Vermont,1998.0,Female,30-34 years,30-34,16.0,20247.0,79.02
30589,Chlamydia,274.0,Vermont,1998.0,Female,35-39 years,35-39,8.0,25990.0,30.78
30590,Chlamydia,274.0,Vermont,1998.0,Female,40+ years,40+,4.0,141954.0,2.82
30591,Chlamydia,274.0,Vermont,1999.0,Female,0-14 years,0-14,5.0,58892.0,8.49
30592,Chlamydia,274.0,Vermont,1999.0,Female,15-19 years,15-19,201.0,21953.0,915.59
30593,Chlamydia,274.0,Vermont,1999.0,Female,20-24 years,20-24,138.0,18093.0,762.73
30594,Chlamydia,274.0,Vermont,1999.0,Female,25-29 years,25-29,46.0,18216.0,252.53
30595,Chlamydia,274.0,Vermont,1999.0,Female,30-34 years,30-34,8.0,20365.0,39.28
30596,Chlamydia,274.0,Vermont,1999.0,Female,35-39 years,35-39,13.0,25623.0,50.74
30597,Chlamydia,274.0,Vermont,1999.0,Female,40+ years,40+,3.0,145256.0,2.07
30598,Chlamydia,274.0,Vermont,2000.0,Female,0-14 years,0-14,5.0,56902.0,8.79
30599,Chlamydia,274.0,Vermont,2000.0,Female,15-19 years,15-19,196.0,22046.0,889.05
30600,Chlamydia,274.0,Vermont,2000.0,Female,20-24 years,20-24,147.0,19044.0,771.9
30601,Chlamydia,274.0,Vermont,2000.0,Female,25-29 years,25-29,56.0,17102.0,327.45
30602,Chlamydia,274.0,Vermont,2000.0,Female,30-34 years,30-34,20.0,20800.0,96.15
30603,Chlamydia,274.0,Vermont,2000.0,Female,35-39 years,35-39,5.0,25334.0,19.74
30604,Chlamydia,274.0,Vermont,2000.0,Female,40+ years,40+,3.0,149864.0,2.0
30605,Chlamydia,274.0,Vermont,2001.0,Female,0-14 years,0-14,7.0,55643.0,12.58
30606,Chlamydia,274.0,Vermont,2001.0,Female,15-19 years,15-19,218.0,21942.0,993.53
30607,Chlamydia,274.0,Vermont,2001.0,Female,20-24 years,20-24,210.0,20386.0,1030.12
30608,Chlamydia,274.0,Vermont,2001.0,Female,25-29 years,25-29,62.0,16522.0,375.26
30609,Chlamydia,274.0,Vermont,2001.0,Female,30-34 years,30-34,13.0,20443.0,63.59
30610,Chlamydia,274.0,Vermont,2001.0,Female,35-39 years,35-39,9.0,24618.0,36.56
30611,Chlamydia,274.0,Vermont,2001.0,Female,40+ years,40+,4.0,153002.0,2.61
30612,Chlamydia,274.0,Vermont,2002.0,Female,0-14 years,0-14,12.0,54665.0,21.95
30613,Chlamydia,274.0,Vermont,2002.0,Female,15-19 years,15-19,306.0,22063.0,1386.94
30614,Chlamydia,274.0,Vermont,2002.0,Female,20-24 years,20-24,296.0,21385.0,1384.15
30615,Chlamydia,274.0,Vermont,2002.0,Female,25-29 years,25-29,83.0,16293.0,509.42
30616,Chlamydia,274.0,Vermont,2002.0,Female,30-34 years,30-34,28.0,20022.0,139.85
30617,Chlamydia,274.0,Vermont,2002.0,Female,35-39 years,35-39,15.0,23818.0,62.98
30618,Chlamydia,274.0,Vermont,2002.0,Female,40+ years,40+,6.0,156102.0,3.84
30619,Chlamydia,274.0,Vermont,2003.0,Female,0-14 years,0-14,9.0,53514.0,16.82
30620,Chlamydia,274.0,Vermont,2003.0,Female,15-19 years,15-19,321.0,22119.0,1451.24
30621,Chlamydia,274.0,Vermont,2003.0,Female,20-24 years,20-24,347.0,22118.0,1568.86
30622,Chlamydia,274.0,Vermont,2003.0,Female,25-29 years,25-29,90.0,16479.0,546.15
30623,Chlamydia,274.0,Vermont,2003.0,Female,30-34 years,30-34,38.0,18749.0,202.68
30624,Chlamydia,274.0,Vermont,2003.0,Female,35-39 years,35-39,16.0,22692.0,70.51
30625,Chlamydia,274.0,Vermont,2003.0,Female,40+ years,40+,7.0,159343.0,4.39
30626,Chlamydia,274.0,Vermont,2004.0,Female,0-14 years,0-14,6.0,52157.0,11.5
30627,Chlamydia,274.0,Vermont,2004.0,Female,15-19 years,15-19,360.0,22108.0,1628.37
30628,Chlamydia,274.0,Vermont,2004.0,Female,20-24 years,20-24,339.0,21301.0,1591.47
30629,Chlamydia,274.0,Vermont,2004.0,Female,25-29 years,25-29,107.0,16882.0,633.81
30630,Chlamydia,274.0,Vermont,2004.0,Female,30-34 years,30-34,29.0,17680.0,164.03
30631,Chlamydia,274.0,Vermont,2004.0,Female,35-39 years,35-39,9.0,21843.0,41.2
30632,Chlamydia,274.0,Vermont,2004.0,Female,40+ years,40+,11.0,163621.0,6.72
30633,Chlamydia,274.0,Vermont,2005.0,Female,0-14 years,0-14,6.0,51056.0,11.75
30634,Chlamydia,274.0,Vermont,2005.0,Female,15-19 years,15-19,262.0,22204.0,1179.97
30635,Chlamydia,274.0,Vermont,2005.0,Female,20-24 years,20-24,319.0,22053.0,1446.52
30636,Chlamydia,274.0,Vermont,2005.0,Female,25-29 years,25-29,83.0,18306.0,453.4
30637,Chlamydia,274.0,Vermont,2005.0,Female,30-34 years,30-34,29.0,17052.0,170.07
30638,Chlamydia,274.0,Vermont,2005.0,Female,35-39 years,35-39,16.0,21396.0,74.78
30639,Chlamydia,274.0,Vermont,2005.0,Female,40+ years,40+,10.0,164107.0,6.09
30640,Chlamydia,274.0,Vermont,2006.0,Female,0-14 years,0-14,11.0,51846.0,21.22
30641,Chlamydia,274.0,Vermont,2006.0,Female,15-19 years,15-19,320.0,22497.0,1422.41
30642,Chlamydia,274.0,Vermont,2006.0,Female,20-24 years,20-24,396.0,20835.0,1900.65
30643,Chlamydia,274.0,Vermont,2006.0,Female,25-29 years,25-29,110.0,17805.0,617.8
30644,Chlamydia,274.0,Vermont,2006.0,Female,30-34 years,30-34,35.0,17386.0,201.31
30645,Chlamydia,274.0,Vermont,2006.0,Female,35-39 years,35-39,12.0,21241.0,56.49
30646,Chlamydia,274.0,Vermont,2006.0,Female,40+ years,40+,13.0,165275.0,7.87
30647,Chlamydia,274.0,Vermont,2007.0,Female,0-14 years,0-14,4.0,50888.0,7.86
30648,Chlamydia,274.0,Vermont,2007.0,Female,15-19 years,15-19,297.0,22331.0,1329.99
30649,Chlamydia,274.0,Vermont,2007.0,Female,20-24 years,20-24,336.0,20599.0,1631.15
30650,Chlamydia,274.0,Vermont,2007.0,Female,25-29 years,25-29,107.0,17576.0,608.78
30651,Chlamydia,274.0,Vermont,2007.0,Female,30-34 years,30-34,40.0,17318.0,230.97
30652,Chlamydia,274.0,Vermont,2007.0,Female,35-39 years,35-39,16.0,20597.0,77.68
30653,Chlamydia,274.0,Vermont,2007.0,Female,40+ years,40+,12.0,166160.0,7.22
30654,Chlamydia,274.0,Vermont,2008.0,Female,0-14 years,0-14,4.0,50230.0,7.96
30655,Chlamydia,274.0,Vermont,2008.0,Female,15-19 years,15-19,328.0,22160.0,1480.14
30656,Chlamydia,274.0,Vermont,2008.0,Female,20-24 years,20-24,388.0,20471.0,1895.36
30657,Chlamydia,274.0,Vermont,2008.0,Female,25-29 years,25-29,111.0,18101.0,613.23
30658,Chlamydia,274.0,Vermont,2008.0,Female,30-34 years,30-34,31.0,17171.0,180.54
30659,Chlamydia,274.0,Vermont,2008.0,Female,35-39 years,35-39,15.0,19906.0,75.35
30660,Chlamydia,274.0,Vermont,2008.0,Female,40+ years,40+,19.0,167508.0,11.34
30661,Chlamydia,274.0,Vermont,2009.0,Female,0-14 years,0-14,4.0,49546.0,8.07
30662,Chlamydia,274.0,Vermont,2009.0,Female,15-19 years,15-19,333.0,22539.0,1477.44
30663,Chlamydia,274.0,Vermont,2009.0,Female,20-24 years,20-24,355.0,23102.0,1536.66
30664,Chlamydia,274.0,Vermont,2009.0,Female,25-29 years,25-29,115.0,17913.0,641.99
30665,Chlamydia,274.0,Vermont,2009.0,Female,30-34 years,30-34,47.0,16246.0,289.3
30666,Chlamydia,274.0,Vermont,2009.0,Female,35-39 years,35-39,23.0,18779.0,122.48
30667,Chlamydia,274.0,Vermont,2009.0,Female,40+ years,40+,12.0,167611.0,7.16
30668,Chlamydia,274.0,Vermont,2010.0,Female,0-14 years,0-14,7.0,50699.0,13.81
30669,Chlamydia,274.0,Vermont,2010.0,Female,15-19 years,15-19,302.0,22353.0,1351.05
30670,Chlamydia,274.0,Vermont,2010.0,Female,20-24 years,20-24,378.0,21169.0,1785.63
30671,Chlamydia,274.0,Vermont,2010.0,Female,25-29 years,25-29,137.0,17728.0,772.79
30672,Chlamydia,274.0,Vermont,2010.0,Female,30-34 years,30-34,57.0,17273.0,330.0
30673,Chlamydia,274.0,Vermont,2010.0,Female,35-39 years,35-39,17.0,18376.0,92.51
30674,Chlamydia,274.0,Vermont,2010.0,Female,40+ years,40+,11.0,169937.0,6.47
30675,Chlamydia,274.0,Vermont,2010.0,Female,Unknown,99,1.0,,
30676,Chlamydia,274.0,Vermont,2011.0,Female,0-14 years,0-14,5.0,49682.0,10.06
30677,Chlamydia,274.0,Vermont,2011.0,Female,15-19 years,15-19,383.0,22344.0,1714.11
30678,Chlamydia,274.0,Vermont,2011.0,Female,20-24 years,20-24,464.0,21233.0,2185.28
30679,Chlamydia,274.0,Vermont,2011.0,Female,25-29 years,25-29,151.0,17649.0,855.57
30680,Chlamydia,274.0,Vermont,2011.0,Female,30-34 years,30-34,60.0,17749.0,338.05
30681,Chlamydia,274.0,Vermont,2011.0,Female,35-39 years,35-39,24.0,17282.0,138.87
30682,Chlamydia,274.0,Vermont,2011.0,Female,40+ years,40+,19.0,171642.0,11.07
30683,Chlamydia,274.0,Vermont,2012.0,Female,0-14 years,0-14,5.0,48830.0,10.24
30684,Chlamydia,274.0,Vermont,2012.0,Female,15-19 years,15-19,417.0,22110.0,1886.02
30685,Chlamydia,274.0,Vermont,2012.0,Female,20-24 years,20-24,575.0,21325.0,2696.37
30686,Chlamydia,274.0,Vermont,2012.0,Female,25-29 years,25-29,190.0,17636.0,1077.34
30687,Chlamydia,274.0,Vermont,2012.0,Female,30-34 years,30-34,60.0,17930.0,334.63
30688,Chlamydia,274.0,Vermont,2012.0,Female,35-39 years,35-39,28.0,17023.0,164.48
30689,Chlamydia,274.0,Vermont,2012.0,Female,40+ years,40+,21.0,172379.0,12.18
30690,Chlamydia,274.0,Vermont,2013.0,Female,0-14 years,0-14,9.0,48316.0,18.63
30691,Chlamydia,274.0,Vermont,2013.0,Female,15-19 years,15-19,440.0,21806.0,2017.79
30692,Chlamydia,274.0,Vermont,2013.0,Female,20-24 years,20-24,577.0,21773.0,2650.07
30693,Chlamydia,274.0,Vermont,2013.0,Female,25-29 years,25-29,174.0,17716.0,982.16
30694,Chlamydia,274.0,Vermont,2013.0,Female,30-34 years,30-34,75.0,18163.0,412.93
30695,Chlamydia,274.0,Vermont,2013.0,Female,35-39 years,35-39,24.0,17211.0,139.45
30696,Chlamydia,274.0,Vermont,2013.0,Female,40+ years,40+,19.0,172457.0,11.02
30697,Chlamydia,274.0,Vermont,2013.0,Female,Unknown,99,1.0,,
30698,Chlamydia,274.0,Vermont,2014.0,Female,0-14 years,0-14,11.0,48316.0,22.77
30699,Chlamydia,274.0,Vermont,2014.0,Female,15-19 years,15-19,519.0,21806.0,2380.08
30700,Chlamydia,274.0,Vermont,2014.0,Female,20-24 years,20-24,696.0,21773.0,3196.62
30701,Chlamydia,274.0,Vermont,2014.0,Female,25-29 years,25-29,207.0,17716.0,1168.44
30702,Chlamydia,274.0,Vermont,2014.0,Female,30-34 years,30-34,116.0,18163.0,638.66
30703,Chlamydia,274.0,Vermont,2014.0,Female,35-39 years,35-39,27.0,17211.0,156.88
30704,Chlamydia,274.0,Vermont,2014.0,Female,40+ years,40+,37.0,172457.0,21.45
30705,Chlamydia,274.0,Virginia,1996.0,Female,0-14 years,0-14,329.0,682148.0,48.23
30706,Chlamydia,274.0,Virginia,1996.0,Female,15-19 years,15-19,4631.0,218564.0,2118.83
30707,Chlamydia,274.0,Virginia,1996.0,Female,20-24 years,20-24,3373.0,222848.0,1513.59
30708,Chlamydia,274.0,Virginia,1996.0,Female,25-29 years,25-29,1304.0,260901.0,499.81
30709,Chlamydia,274.0,Virginia,1996.0,Female,30-34 years,30-34,476.0,294853.0,161.44
30710,Chlamydia,274.0,Virginia,1996.0,Female,35-39 years,35-39,180.0,301224.0,59.76
30711,Chlamydia,274.0,Virginia,1996.0,Female,40+ years,40+,112.0,1462446.0,7.66
30712,Chlamydia,274.0,Virginia,1996.0,Female,Unknown,99,234.0,,
30713,Chlamydia,274.0,Virginia,1997.0,Female,0-14 years,0-14,372.0,688089.0,54.06
30714,Chlamydia,274.0,Virginia,1997.0,Female,15-19 years,15-19,4669.0,224013.0,2084.25
30715,Chlamydia,274.0,Virginia,1997.0,Female,20-24 years,20-24,3416.0,221130.0,1544.79
30716,Chlamydia,274.0,Virginia,1997.0,Female,25-29 years,25-29,1171.0,259086.0,451.97
30717,Chlamydia,274.0,Virginia,1997.0,Female,30-34 years,30-34,387.0,288042.0,134.35
30718,Chlamydia,274.0,Virginia,1997.0,Female,35-39 years,35-39,175.0,303336.0,57.69
30719,Chlamydia,274.0,Virginia,1997.0,Female,40+ years,40+,262.0,1500862.0,17.46
30720,Chlamydia,274.0,Virginia,1998.0,Female,0-14 years,0-14,364.0,697252.0,52.2
30721,Chlamydia,274.0,Virginia,1998.0,Female,15-19 years,15-19,5243.0,229166.0,2287.86
30722,Chlamydia,274.0,Virginia,1998.0,Female,20-24 years,20-24,3740.0,222052.0,1684.29
30723,Chlamydia,274.0,Virginia,1998.0,Female,25-29 years,25-29,1295.0,254495.0,508.85
30724,Chlamydia,274.0,Virginia,1998.0,Female,30-34 years,30-34,493.0,278975.0,176.72
30725,Chlamydia,274.0,Virginia,1998.0,Female,35-39 years,35-39,219.0,304280.0,71.97
30726,Chlamydia,274.0,Virginia,1998.0,Female,40+ years,40+,143.0,1535054.0,9.32
30727,Chlamydia,274.0,Virginia,1998.0,Female,Unknown,99,70.0,,
30728,Chlamydia,274.0,Virginia,1999.0,Female,0-14 years,0-14,331.0,704640.0,46.97
30729,Chlamydia,274.0,Virginia,1999.0,Female,15-19 years,15-19,5206.0,233103.0,2233.35
30730,Chlamydia,274.0,Virginia,1999.0,Female,20-24 years,20-24,3896.0,226652.0,1718.93
30731,Chlamydia,274.0,Virginia,1999.0,Female,25-29 years,25-29,1315.0,249866.0,526.28
30732,Chlamydia,274.0,Virginia,1999.0,Female,30-34 years,30-34,466.0,272539.0,170.99
30733,Chlamydia,274.0,Virginia,1999.0,Female,35-39 years,35-39,186.0,307074.0,60.57
30734,Chlamydia,274.0,Virginia,1999.0,Female,40+ years,40+,102.0,1575809.0,6.47
30735,Chlamydia,274.0,Virginia,1999.0,Female,Unknown,99,54.0,,
30736,Chlamydia,274.0,Virginia,2000.0,Female,0-14 years,0-14,333.0,715022.0,46.57
30737,Chlamydia,274.0,Virginia,2000.0,Female,15-19 years,15-19,5573.0,236561.0,2355.84
30738,Chlamydia,274.0,Virginia,2000.0,Female,20-24 years,20-24,4637.0,233385.0,1986.85
30739,Chlamydia,274.0,Virginia,2000.0,Female,25-29 years,25-29,1456.0,243577.0,597.76
30740,Chlamydia,274.0,Virginia,2000.0,Female,30-34 years,30-34,538.0,270366.0,198.99
30741,Chlamydia,274.0,Virginia,2000.0,Female,35-39 years,35-39,238.0,305921.0,77.8
30742,Chlamydia,274.0,Virginia,2000.0,Female,40+ years,40+,147.0,1615067.0,9.1
30743,Chlamydia,274.0,Virginia,2000.0,Female,Unknown,99,54.0,,
30744,Chlamydia,274.0,Virginia,2001.0,Female,0-14 years,0-14,389.0,719340.0,54.08
30745,Chlamydia,274.0,Virginia,2001.0,Female,15-19 years,15-19,6482.0,237457.0,2729.76
30746,Chlamydia,274.0,Virginia,2001.0,Female,20-24 years,20-24,5469.0,241049.0,2268.83
30747,Chlamydia,274.0,Virginia,2001.0,Female,25-29 years,25-29,1681.0,239770.0,701.09
30748,Chlamydia,274.0,Virginia,2001.0,Female,30-34 years,30-34,639.0,272923.0,234.13
30749,Chlamydia,274.0,Virginia,2001.0,Female,35-39 years,35-39,276.0,303054.0,91.07
30750,Chlamydia,274.0,Virginia,2001.0,Female,40+ years,40+,182.0,1652742.0,11.01
30751,Chlamydia,274.0,Virginia,2001.0,Female,Unknown,99,59.0,,
30752,Chlamydia,274.0,Virginia,2002.0,Female,0-14 years,0-14,334.0,725332.0,46.05
30753,Chlamydia,274.0,Virginia,2002.0,Female,15-19 years,15-19,6268.0,240138.0,2610.17
30754,Chlamydia,274.0,Virginia,2002.0,Female,20-24 years,20-24,5586.0,248508.0,2247.81
30755,Chlamydia,274.0,Virginia,2002.0,Female,25-29 years,25-29,1797.0,239341.0,750.81
30756,Chlamydia,274.0,Virginia,2002.0,Female,30-34 years,30-34,627.0,274700.0,228.25
30757,Chlamydia,274.0,Virginia,2002.0,Female,35-39 years,35-39,245.0,298132.0,82.18
30758,Chlamydia,274.0,Virginia,2002.0,Female,40+ years,40+,182.0,1686642.0,10.79
30759,Chlamydia,274.0,Virginia,2002.0,Female,Unknown,99,63.0,,
30760,Chlamydia,274.0,Virginia,2003.0,Female,0-14 years,0-14,293.0,731911.0,40.03
30761,Chlamydia,274.0,Virginia,2003.0,Female,15-19 years,15-19,6287.0,244732.0,2568.93
30762,Chlamydia,274.0,Virginia,2003.0,Female,20-24 years,20-24,5890.0,250963.0,2346.96
30763,Chlamydia,274.0,Virginia,2003.0,Female,25-29 years,25-29,1877.0,237631.0,789.88
30764,Chlamydia,274.0,Virginia,2003.0,Female,30-34 years,30-34,663.0,266454.0,248.82
30765,Chlamydia,274.0,Virginia,2003.0,Female,35-39 years,35-39,287.0,288145.0,99.6
30766,Chlamydia,274.0,Virginia,2003.0,Female,40+ years,40+,181.0,1734836.0,10.43
30767,Chlamydia,274.0,Virginia,2003.0,Female,Unknown,99,57.0,,
30768,Chlamydia,274.0,Virginia,2004.0,Female,0-14 years,0-14,310.0,732876.0,42.3
30769,Chlamydia,274.0,Virginia,2004.0,Female,15-19 years,15-19,6653.0,249509.0,2666.44
30770,Chlamydia,274.0,Virginia,2004.0,Female,20-24 years,20-24,6215.0,253308.0,2453.53
30771,Chlamydia,274.0,Virginia,2004.0,Female,25-29 years,25-29,2080.0,241198.0,862.36
30772,Chlamydia,274.0,Virginia,2004.0,Female,30-34 years,30-34,775.0,260964.0,296.98
30773,Chlamydia,274.0,Virginia,2004.0,Female,35-39 years,35-39,267.0,281003.0,95.02
30774,Chlamydia,274.0,Virginia,2004.0,Female,40+ years,40+,231.0,1769536.0,13.05
30775,Chlamydia,274.0,Virginia,2004.0,Female,Unknown,99,47.0,,
30776,Chlamydia,274.0,Virginia,2005.0,Female,0-14 years,0-14,304.0,738118.0,41.19
30777,Chlamydia,274.0,Virginia,2005.0,Female,15-19 years,15-19,6527.0,255029.0,2559.32
30778,Chlamydia,274.0,Virginia,2005.0,Female,20-24 years,20-24,6481.0,254457.0,2546.99
30779,Chlamydia,274.0,Virginia,2005.0,Female,25-29 years,25-29,2251.0,247864.0,908.16
30780,Chlamydia,274.0,Virginia,2005.0,Female,30-34 years,30-34,725.0,254972.0,284.35
30781,Chlamydia,274.0,Virginia,2005.0,Female,35-39 years,35-39,304.0,278702.0,109.08
30782,Chlamydia,274.0,Virginia,2005.0,Female,40+ years,40+,176.0,1814958.0,9.7
30783,Chlamydia,274.0,Virginia,2005.0,Female,Unknown,99,37.0,,
30784,Chlamydia,274.0,Virginia,2006.0,Female,0-14 years,0-14,254.0,728372.0,34.87
30785,Chlamydia,274.0,Virginia,2006.0,Female,15-19 years,15-19,6767.0,258515.0,2617.64
30786,Chlamydia,274.0,Virginia,2006.0,Female,20-24 years,20-24,6861.0,254172.0,2699.35
30787,Chlamydia,274.0,Virginia,2006.0,Female,25-29 years,25-29,2420.0,262561.0,921.69
30788,Chlamydia,274.0,Virginia,2006.0,Female,30-34 years,30-34,780.0,257385.0,303.05
30789,Chlamydia,274.0,Virginia,2006.0,Female,35-39 years,35-39,333.0,285025.0,116.83
30790,Chlamydia,274.0,Virginia,2006.0,Female,40+ years,40+,256.0,1840083.0,13.91
30791,Chlamydia,274.0,Virginia,2006.0,Female,Unknown,99,11.0,,
30792,Chlamydia,274.0,Virginia,2007.0,Female,0-14 years,0-14,233.0,738413.0,31.55
30793,Chlamydia,274.0,Virginia,2007.0,Female,15-19 years,15-19,6692.0,262314.0,2551.14
30794,Chlamydia,274.0,Virginia,2007.0,Female,20-24 years,20-24,7019.0,260043.0,2699.17
30795,Chlamydia,274.0,Virginia,2007.0,Female,25-29 years,25-29,2651.0,263661.0,1005.46
30796,Chlamydia,274.0,Virginia,2007.0,Female,30-34 years,30-34,862.0,254069.0,339.28
30797,Chlamydia,274.0,Virginia,2007.0,Female,35-39 years,35-39,388.0,283282.0,136.97
30798,Chlamydia,274.0,Virginia,2007.0,Female,40+ years,40+,271.0,1865270.0,14.53
30799,Chlamydia,274.0,Virginia,2007.0,Female,Unknown,99,20.0,,
30800,Chlamydia,274.0,Virginia,2008.0,Female,0-14 years,0-14,290.0,739519.0,39.21
30801,Chlamydia,274.0,Virginia,2008.0,Female,15-19 years,15-19,8585.0,263050.0,3263.64
30802,Chlamydia,274.0,Virginia,2008.0,Female,20-24 years,20-24,8896.0,258876.0,3436.39
30803,Chlamydia,274.0,Virginia,2008.0,Female,25-29 years,25-29,3287.0,266668.0,1232.62
30804,Chlamydia,274.0,Virginia,2008.0,Female,30-34 years,30-34,1121.0,254925.0,439.74
30805,Chlamydia,274.0,Virginia,2008.0,Female,35-39 years,35-39,510.0,280249.0,181.98
30806,Chlamydia,274.0,Virginia,2008.0,Female,40+ years,40+,410.0,1888760.0,21.71
30807,Chlamydia,274.0,Virginia,2008.0,Female,Unknown,99,73.0,,
30808,Chlamydia,274.0,Virginia,2009.0,Female,0-14 years,0-14,283.0,752954.0,37.59
30809,Chlamydia,274.0,Virginia,2009.0,Female,15-19 years,15-19,8432.0,265725.0,3173.21
30810,Chlamydia,274.0,Virginia,2009.0,Female,20-24 years,20-24,8572.0,277691.0,3086.88
30811,Chlamydia,274.0,Virginia,2009.0,Female,25-29 years,25-29,3045.0,277556.0,1097.08
30812,Chlamydia,274.0,Virginia,2009.0,Female,30-34 years,30-34,1161.0,253444.0,458.09
30813,Chlamydia,274.0,Virginia,2009.0,Female,35-39 years,35-39,468.0,271666.0,172.27
30814,Chlamydia,274.0,Virginia,2009.0,Female,40+ years,40+,395.0,1908689.0,20.69
30815,Chlamydia,274.0,Virginia,2009.0,Female,Unknown,99,34.0,,
30816,Chlamydia,274.0,Virginia,2010.0,Female,0-14 years,0-14,234.0,750440.0,31.18
30817,Chlamydia,274.0,Virginia,2010.0,Female,15-19 years,15-19,7995.0,269463.0,2967.01
30818,Chlamydia,274.0,Virginia,2010.0,Female,20-24 years,20-24,9013.0,278050.0,3241.5
30819,Chlamydia,274.0,Virginia,2010.0,Female,25-29 years,25-29,3086.0,280372.0,1100.68
30820,Chlamydia,274.0,Virginia,2010.0,Female,30-34 years,30-34,1195.0,264423.0,451.93
30821,Chlamydia,274.0,Virginia,2010.0,Female,35-39 years,35-39,443.0,271926.0,162.91
30822,Chlamydia,274.0,Virginia,2010.0,Female,40+ years,40+,361.0,1960367.0,18.41
30823,Chlamydia,274.0,Virginia,2010.0,Female,Unknown,99,21.0,,
30824,Chlamydia,274.0,Virginia,2011.0,Female,0-14 years,0-14,261.0,753854.0,34.62
30825,Chlamydia,274.0,Virginia,2011.0,Female,15-19 years,15-19,8937.0,265862.0,3361.52
30826,Chlamydia,274.0,Virginia,2011.0,Female,20-24 years,20-24,10912.0,283109.0,3854.35
30827,Chlamydia,274.0,Virginia,2011.0,Female,25-29 years,25-29,3706.0,283781.0,1305.94
30828,Chlamydia,274.0,Virginia,2011.0,Female,30-34 years,30-34,1387.0,273711.0,506.74
30829,Chlamydia,274.0,Virginia,2011.0,Female,35-39 years,35-39,571.0,263072.0,217.05
30830,Chlamydia,274.0,Virginia,2011.0,Female,40+ years,40+,479.0,1997050.0,23.99
30831,Chlamydia,274.0,Virginia,2011.0,Female,Unknown,99,30.0,,
30832,Chlamydia,274.0,Virginia,2012.0,Female,0-14 years,0-14,236.0,757008.0,31.18
30833,Chlamydia,274.0,Virginia,2012.0,Female,15-19 years,15-19,8159.0,265240.0,3076.08
30834,Chlamydia,274.0,Virginia,2012.0,Female,20-24 years,20-24,10335.0,287460.0,3595.28
30835,Chlamydia,274.0,Virginia,2012.0,Female,25-29 years,25-29,3453.0,286367.0,1205.8
30836,Chlamydia,274.0,Virginia,2012.0,Female,30-34 years,30-34,1403.0,280865.0,499.53
30837,Chlamydia,274.0,Virginia,2012.0,Female,35-39 years,35-39,546.0,262174.0,208.26
30838,Chlamydia,274.0,Virginia,2012.0,Female,40+ years,40+,516.0,2025228.0,25.48
30839,Chlamydia,274.0,Virginia,2012.0,Female,Unknown,99,22.0,,
30840,Chlamydia,274.0,Virginia,2013.0,Female,0-14 years,0-14,210.0,761687.0,27.57
30841,Chlamydia,274.0,Virginia,2013.0,Female,15-19 years,15-19,7177.0,263763.0,2721.0
30842,Chlamydia,274.0,Virginia,2013.0,Female,20-24 years,20-24,9747.0,290690.0,3353.06
30843,Chlamydia,274.0,Virginia,2013.0,Female,25-29 years,25-29,3568.0,286838.0,1243.91
30844,Chlamydia,274.0,Virginia,2013.0,Female,30-34 years,30-34,1430.0,286877.0,498.47
30845,Chlamydia,274.0,Virginia,2013.0,Female,35-39 years,35-39,548.0,263154.0,208.24
30846,Chlamydia,274.0,Virginia,2013.0,Female,40+ years,40+,456.0,2045194.0,22.3
30847,Chlamydia,274.0,Virginia,2013.0,Female,Unknown,99,31.0,,
30848,Chlamydia,274.0,Virginia,2014.0,Female,0-14 years,0-14,207.0,761687.0,27.18
30849,Chlamydia,274.0,Virginia,2014.0,Female,15-19 years,15-19,7256.0,263763.0,2750.95
30850,Chlamydia,274.0,Virginia,2014.0,Female,20-24 years,20-24,10414.0,290690.0,3582.51
30851,Chlamydia,274.0,Virginia,2014.0,Female,25-29 years,25-29,4033.0,286838.0,1406.02
30852,Chlamydia,274.0,Virginia,2014.0,Female,30-34 years,30-34,1551.0,286877.0,540.65
30853,Chlamydia,274.0,Virginia,2014.0,Female,35-39 years,35-39,667.0,263154.0,253.46
30854,Chlamydia,274.0,Virginia,2014.0,Female,40+ years,40+,608.0,2045194.0,29.73
30855,Chlamydia,274.0,Virginia,2014.0,Female,Unknown,99,18.0,,
30856,Chlamydia,274.0,Washington,1996.0,Female,0-14 years,0-14,594.0,589141.0,100.83
30857,Chlamydia,274.0,Washington,1996.0,Female,15-19 years,15-19,2999.0,188685.0,1589.42
30858,Chlamydia,274.0,Washington,1996.0,Female,20-24 years,20-24,2095.0,169421.0,1236.56
30859,Chlamydia,274.0,Washington,1996.0,Female,25-29 years,25-29,804.0,195066.0,412.17
30860,Chlamydia,274.0,Washington,1996.0,Female,30-34 years,30-34,324.0,229590.0,141.12
30861,Chlamydia,274.0,Washington,1996.0,Female,35-39 years,35-39,188.0,245642.0,76.53
30862,Chlamydia,274.0,Washington,1996.0,Female,40+ years,40+,190.0,1181939.0,16.08
30863,Chlamydia,274.0,Washington,1997.0,Female,0-14 years,0-14,234.0,595885.0,39.27
30864,Chlamydia,274.0,Washington,1997.0,Female,15-19 years,15-19,3123.0,195922.0,1594.0
30865,Chlamydia,274.0,Washington,1997.0,Female,20-24 years,20-24,2238.0,173987.0,1286.3
30866,Chlamydia,274.0,Washington,1997.0,Female,25-29 years,25-29,857.0,196668.0,435.76
30867,Chlamydia,274.0,Washington,1997.0,Female,30-34 years,30-34,343.0,224298.0,152.92
30868,Chlamydia,274.0,Washington,1997.0,Female,35-39 years,35-39,157.0,246501.0,63.69
30869,Chlamydia,274.0,Washington,1997.0,Female,40+ years,40+,125.0,1217806.0,10.26
30870,Chlamydia,274.0,Washington,1997.0,Female,Unknown,99,254.0,,
30871,Chlamydia,274.0,Washington,1998.0,Female,0-14 years,0-14,268.0,603605.0,44.4
30872,Chlamydia,274.0,Washington,1998.0,Female,15-19 years,15-19,3528.0,202492.0,1742.29
30873,Chlamydia,274.0,Washington,1998.0,Female,20-24 years,20-24,2633.0,179075.0,1470.33
30874,Chlamydia,274.0,Washington,1998.0,Female,25-29 years,25-29,947.0,197444.0,479.63
30875,Chlamydia,274.0,Washington,1998.0,Female,30-34 years,30-34,370.0,219139.0,168.84
30876,Chlamydia,274.0,Washington,1998.0,Female,35-39 years,35-39,212.0,245989.0,86.18
30877,Chlamydia,274.0,Washington,1998.0,Female,40+ years,40+,179.0,1251829.0,14.3
30878,Chlamydia,274.0,Washington,1998.0,Female,Unknown,99,240.0,,
30879,Chlamydia,274.0,Washington,1999.0,Female,0-14 years,0-14,238.0,609112.0,39.07
30880,Chlamydia,274.0,Washington,1999.0,Female,15-19 years,15-19,3747.0,205963.0,1819.26
30881,Chlamydia,274.0,Washington,1999.0,Female,20-24 years,20-24,2918.0,184768.0,1579.28
30882,Chlamydia,274.0,Washington,1999.0,Female,25-29 years,25-29,1029.0,196827.0,522.79
30883,Chlamydia,274.0,Washington,1999.0,Female,30-34 years,30-34,398.0,215109.0,185.02
30884,Chlamydia,274.0,Washington,1999.0,Female,35-39 years,35-39,186.0,243413.0,76.41
30885,Chlamydia,274.0,Washington,1999.0,Female,40+ years,40+,153.0,1279709.0,11.96
30886,Chlamydia,274.0,Washington,1999.0,Female,Unknown,99,211.0,,
30887,Chlamydia,274.0,Washington,2000.0,Female,0-14 years,0-14,262.0,610814.0,42.89
30888,Chlamydia,274.0,Washington,2000.0,Female,15-19 years,15-19,3960.0,208102.0,1902.91
30889,Chlamydia,274.0,Washington,2000.0,Female,20-24 years,20-24,3279.0,191000.0,1716.75
30890,Chlamydia,274.0,Washington,2000.0,Female,25-29 years,25-29,1130.0,195512.0,577.97
30891,Chlamydia,274.0,Washington,2000.0,Female,30-34 years,30-34,440.0,215584.0,204.1
30892,Chlamydia,274.0,Washington,2000.0,Female,35-39 years,35-39,220.0,238745.0,92.15
30893,Chlamydia,274.0,Washington,2000.0,Female,40+ years,40+,143.0,1308577.0,10.93
30894,Chlamydia,274.0,Washington,2000.0,Female,Unknown,99,149.0,,
30895,Chlamydia,274.0,Washington,2001.0,Female,0-14 years,0-14,220.0,608620.0,36.15
30896,Chlamydia,274.0,Washington,2001.0,Female,15-19 years,15-19,4176.0,211067.0,1978.52
30897,Chlamydia,274.0,Washington,2001.0,Female,20-24 years,20-24,3588.0,197580.0,1815.97
30898,Chlamydia,274.0,Washington,2001.0,Female,25-29 years,25-29,1228.0,193734.0,633.86
30899,Chlamydia,274.0,Washington,2001.0,Female,30-34 years,30-34,465.0,220645.0,210.75
30900,Chlamydia,274.0,Washington,2001.0,Female,35-39 years,35-39,205.0,235483.0,87.06
30901,Chlamydia,274.0,Washington,2001.0,Female,40+ years,40+,155.0,1341912.0,11.55
30902,Chlamydia,274.0,Washington,2001.0,Female,Unknown,99,122.0,,
30903,Chlamydia,274.0,Washington,2002.0,Female,0-14 years,0-14,225.0,609082.0,36.94
30904,Chlamydia,274.0,Washington,2002.0,Female,15-19 years,15-19,4334.0,213161.0,2033.2
30905,Chlamydia,274.0,Washington,2002.0,Female,20-24 years,20-24,4019.0,201712.0,1992.44
30906,Chlamydia,274.0,Washington,2002.0,Female,25-29 years,25-29,1378.0,193245.0,713.08
30907,Chlamydia,274.0,Washington,2002.0,Female,30-34 years,30-34,527.0,223070.0,236.25
30908,Chlamydia,274.0,Washington,2002.0,Female,35-39 years,35-39,212.0,231116.0,91.73
30909,Chlamydia,274.0,Washington,2002.0,Female,40+ years,40+,152.0,1374554.0,11.06
30910,Chlamydia,274.0,Washington,2002.0,Female,Unknown,99,156.0,,
30911,Chlamydia,274.0,Washington,2003.0,Female,0-14 years,0-14,250.0,601593.0,41.56
30912,Chlamydia,274.0,Washington,2003.0,Female,15-19 years,15-19,4803.0,213619.0,2248.4
30913,Chlamydia,274.0,Washington,2003.0,Female,20-24 years,20-24,4670.0,211173.0,2211.46
30914,Chlamydia,274.0,Washington,2003.0,Female,25-29 years,25-29,1455.0,197158.0,737.99
30915,Chlamydia,274.0,Washington,2003.0,Female,30-34 years,30-34,576.0,219350.0,262.59
30916,Chlamydia,274.0,Washington,2003.0,Female,35-39 years,35-39,238.0,225804.0,105.4
30917,Chlamydia,274.0,Washington,2003.0,Female,40+ years,40+,180.0,1405685.0,12.81
30918,Chlamydia,274.0,Washington,2003.0,Female,Unknown,99,169.0,,
30919,Chlamydia,274.0,Washington,2004.0,Female,0-14 years,0-14,223.0,596116.0,37.41
30920,Chlamydia,274.0,Washington,2004.0,Female,15-19 years,15-19,4798.0,215324.0,2228.27
30921,Chlamydia,274.0,Washington,2004.0,Female,20-24 years,20-24,4890.0,217375.0,2249.57
30922,Chlamydia,274.0,Washington,2004.0,Female,25-29 years,25-29,1725.0,202016.0,853.89
30923,Chlamydia,274.0,Washington,2004.0,Female,30-34 years,30-34,612.0,217053.0,281.96
30924,Chlamydia,274.0,Washington,2004.0,Female,35-39 years,35-39,281.0,224246.0,125.31
30925,Chlamydia,274.0,Washington,2004.0,Female,40+ years,40+,175.0,1437187.0,12.18
30926,Chlamydia,274.0,Washington,2004.0,Female,Unknown,99,131.0,,
30927,Chlamydia,274.0,Washington,2005.0,Female,0-14 years,0-14,218.0,593308.0,36.74
30928,Chlamydia,274.0,Washington,2005.0,Female,15-19 years,15-19,4909.0,217015.0,2262.06
30929,Chlamydia,274.0,Washington,2005.0,Female,20-24 years,20-24,5079.0,221350.0,2294.56
30930,Chlamydia,274.0,Washington,2005.0,Female,25-29 years,25-29,1828.0,208493.0,876.77
30931,Chlamydia,274.0,Washington,2005.0,Female,30-34 years,30-34,708.0,212808.0,332.69
30932,Chlamydia,274.0,Washington,2005.0,Female,35-39 years,35-39,327.0,226481.0,144.38
30933,Chlamydia,274.0,Washington,2005.0,Female,40+ years,40+,223.0,1469325.0,15.18
30934,Chlamydia,274.0,Washington,2005.0,Female,Unknown,99,179.0,,
30935,Chlamydia,274.0,Washington,2006.0,Female,0-14 years,0-14,179.0,609311.0,29.38
30936,Chlamydia,274.0,Washington,2006.0,Female,15-19 years,15-19,4644.0,212751.0,2182.83
30937,Chlamydia,274.0,Washington,2006.0,Female,20-24 years,20-24,4863.0,211399.0,2300.39
30938,Chlamydia,274.0,Washington,2006.0,Female,25-29 years,25-29,1887.0,229336.0,822.81
30939,Chlamydia,274.0,Washington,2006.0,Female,30-34 years,30-34,682.0,210296.0,324.31
30940,Chlamydia,274.0,Washington,2006.0,Female,35-39 years,35-39,365.0,228864.0,159.48
30941,Chlamydia,274.0,Washington,2006.0,Female,40+ years,40+,273.0,1504211.0,18.15
30942,Chlamydia,274.0,Washington,2006.0,Female,Unknown,99,128.0,,
30943,Chlamydia,274.0,Washington,2007.0,Female,0-14 years,0-14,190.0,615329.0,30.88
30944,Chlamydia,274.0,Washington,2007.0,Female,15-19 years,15-19,4740.0,213688.0,2218.19
30945,Chlamydia,274.0,Washington,2007.0,Female,20-24 years,20-24,5198.0,207074.0,2510.21
30946,Chlamydia,274.0,Washington,2007.0,Female,25-29 years,25-29,2136.0,234350.0,911.46
30947,Chlamydia,274.0,Washington,2007.0,Female,30-34 years,30-34,735.0,210391.0,349.35
30948,Chlamydia,274.0,Washington,2007.0,Female,35-39 years,35-39,359.0,229741.0,156.26
30949,Chlamydia,274.0,Washington,2007.0,Female,40+ years,40+,270.0,1534925.0,17.59
30950,Chlamydia,274.0,Washington,2007.0,Female,Unknown,99,165.0,,
30951,Chlamydia,274.0,Washington,2008.0,Female,0-14 years,0-14,205.0,619945.0,33.07
30952,Chlamydia,274.0,Washington,2008.0,Female,15-19 years,15-19,5485.0,213396.0,2570.34
30953,Chlamydia,274.0,Washington,2008.0,Female,20-24 years,20-24,5763.0,209371.0,2752.53
30954,Chlamydia,274.0,Washington,2008.0,Female,25-29 years,25-29,2436.0,236546.0,1029.82
30955,Chlamydia,274.0,Washington,2008.0,Female,30-34 years,30-34,895.0,213485.0,419.23
30956,Chlamydia,274.0,Washington,2008.0,Female,35-39 years,35-39,393.0,227786.0,172.53
30957,Chlamydia,274.0,Washington,2008.0,Female,40+ years,40+,326.0,1558770.0,20.91
30958,Chlamydia,274.0,Washington,2008.0,Female,Unknown,99,78.0,,
30959,Chlamydia,274.0,Washington,2009.0,Female,0-14 years,0-14,201.0,636683.0,31.57
30960,Chlamydia,274.0,Washington,2009.0,Female,15-19 years,15-19,5457.0,215016.0,2537.95
30961,Chlamydia,274.0,Washington,2009.0,Female,20-24 years,20-24,6016.0,222591.0,2702.71
30962,Chlamydia,274.0,Washington,2009.0,Female,25-29 years,25-29,2486.0,243181.0,1022.28
30963,Chlamydia,274.0,Washington,2009.0,Female,30-34 years,30-34,859.0,218462.0,393.2
30964,Chlamydia,274.0,Washington,2009.0,Female,35-39 years,35-39,386.0,221787.0,174.04
30965,Chlamydia,274.0,Washington,2009.0,Female,40+ years,40+,329.0,1577522.0,20.86
30966,Chlamydia,274.0,Washington,2009.0,Female,Unknown,99,7.0,,
30967,Chlamydia,274.0,Washington,2010.0,Female,0-14 years,0-14,210.0,638260.0,32.9
30968,Chlamydia,274.0,Washington,2010.0,Female,15-19 years,15-19,5209.0,224551.0,2319.74
30969,Chlamydia,274.0,Washington,2010.0,Female,20-24 years,20-24,6036.0,223381.0,2702.11
30970,Chlamydia,274.0,Washington,2010.0,Female,25-29 years,25-29,2382.0,235384.0,1011.96
30971,Chlamydia,274.0,Washington,2010.0,Female,30-34 years,30-34,1047.0,223520.0,468.41
30972,Chlamydia,274.0,Washington,2010.0,Female,35-39 years,35-39,415.0,221757.0,187.14
30973,Chlamydia,274.0,Washington,2010.0,Female,40+ years,40+,332.0,1607980.0,20.65
30974,Chlamydia,274.0,Washington,2010.0,Female,Unknown,99,3.0,,
30975,Chlamydia,274.0,Washington,2011.0,Female,0-14 years,0-14,177.0,641599.0,27.59
30976,Chlamydia,274.0,Washington,2011.0,Female,15-19 years,15-19,5440.0,217556.0,2500.51
30977,Chlamydia,274.0,Washington,2011.0,Female,20-24 years,20-24,6643.0,232115.0,2861.94
30978,Chlamydia,274.0,Washington,2011.0,Female,25-29 years,25-29,2434.0,238093.0,1022.29
30979,Chlamydia,274.0,Washington,2011.0,Female,30-34 years,30-34,1086.0,231520.0,469.07
30980,Chlamydia,274.0,Washington,2011.0,Female,35-39 years,35-39,482.0,216088.0,223.06
30981,Chlamydia,274.0,Washington,2011.0,Female,40+ years,40+,374.0,1643385.0,22.76
30982,Chlamydia,274.0,Washington,2011.0,Female,Unknown,99,5.0,,
30983,Chlamydia,274.0,Washington,2012.0,Female,0-14 years,0-14,165.0,644154.0,25.61
30984,Chlamydia,274.0,Washington,2012.0,Female,15-19 years,15-19,5272.0,214478.0,2458.06
30985,Chlamydia,274.0,Washington,2012.0,Female,20-24 years,20-24,7016.0,236674.0,2964.42
30986,Chlamydia,274.0,Washington,2012.0,Female,25-29 years,25-29,2680.0,238802.0,1122.27
30987,Chlamydia,274.0,Washington,2012.0,Female,30-34 years,30-34,1179.0,237696.0,496.01
30988,Chlamydia,274.0,Washington,2012.0,Female,35-39 years,35-39,496.0,217116.0,228.45
30989,Chlamydia,274.0,Washington,2012.0,Female,40+ years,40+,446.0,1666542.0,26.76
30990,Chlamydia,274.0,Washington,2012.0,Female,Unknown,99,17.0,,
30991,Chlamydia,274.0,Washington,2013.0,Female,0-14 years,0-14,160.0,649167.0,24.65
30992,Chlamydia,274.0,Washington,2013.0,Female,15-19 years,15-19,4984.0,213899.0,2330.07
30993,Chlamydia,274.0,Washington,2013.0,Female,20-24 years,20-24,7095.0,236018.0,3006.13
30994,Chlamydia,274.0,Washington,2013.0,Female,25-29 years,25-29,2897.0,240810.0,1203.02
30995,Chlamydia,274.0,Washington,2013.0,Female,30-34 years,30-34,1251.0,243085.0,514.63
30996,Chlamydia,274.0,Washington,2013.0,Female,35-39 years,35-39,572.0,220372.0,259.56
30997,Chlamydia,274.0,Washington,2013.0,Female,40+ years,40+,481.0,1685385.0,28.54
30998,Chlamydia,274.0,Washington,2013.0,Female,Unknown,99,12.0,,
30999,Chlamydia,274.0,Washington,2014.0,Female,0-14 years,0-14,170.0,649167.0,26.19
31000,Chlamydia,274.0,Washington,2014.0,Female,15-19 years,15-19,4980.0,213899.0,2328.2
31001,Chlamydia,274.0,Washington,2014.0,Female,20-24 years,20-24,7153.0,236018.0,3030.7
31002,Chlamydia,274.0,Washington,2014.0,Female,25-29 years,25-29,3199.0,240810.0,1328.43
31003,Chlamydia,274.0,Washington,2014.0,Female,30-34 years,30-34,1503.0,243085.0,618.3
31004,Chlamydia,274.0,Washington,2014.0,Female,35-39 years,35-39,672.0,220372.0,304.94
31005,Chlamydia,274.0,Washington,2014.0,Female,40+ years,40+,506.0,1685385.0,30.02
31006,Chlamydia,274.0,Washington,2014.0,Female,Unknown,99,10.0,,
31007,Chlamydia,274.0,West Virginia,1996.0,Female,0-14 years,0-14,46.0,165323.0,27.82
31008,Chlamydia,274.0,West Virginia,1996.0,Female,15-19 years,15-19,789.0,67666.0,1166.02
31009,Chlamydia,274.0,West Virginia,1996.0,Female,20-24 years,20-24,649.0,63414.0,1023.43
31010,Chlamydia,274.0,West Virginia,1996.0,Female,25-29 years,25-29,205.0,58224.0,352.09
31011,Chlamydia,274.0,West Virginia,1996.0,Female,30-34 years,30-34,81.0,60104.0,134.77
31012,Chlamydia,274.0,West Virginia,1996.0,Female,35-39 years,35-39,32.0,72448.0,44.17
31013,Chlamydia,274.0,West Virginia,1996.0,Female,40+ years,40+,33.0,453238.0,7.28
31014,Chlamydia,274.0,West Virginia,1996.0,Female,Unknown,99,61.0,,
31015,Chlamydia,274.0,West Virginia,1997.0,Female,0-14 years,0-14,72.0,163864.0,43.94
31016,Chlamydia,274.0,West Virginia,1997.0,Female,15-19 years,15-19,1146.0,66497.0,1723.39
31017,Chlamydia,274.0,West Virginia,1997.0,Female,20-24 years,20-24,856.0,61911.0,1382.63
31018,Chlamydia,274.0,West Virginia,1997.0,Female,25-29 years,25-29,288.0,59065.0,487.6
31019,Chlamydia,274.0,West Virginia,1997.0,Female,30-34 years,30-34,108.0,58396.0,184.94
31020,Chlamydia,274.0,West Virginia,1997.0,Female,35-39 years,35-39,33.0,70554.0,46.77
31021,Chlamydia,274.0,West Virginia,1997.0,Female,40+ years,40+,30.0,457240.0,6.56
31022,Chlamydia,274.0,West Virginia,1998.0,Female,0-14 years,0-14,46.0,162692.0,28.27
31023,Chlamydia,274.0,West Virginia,1998.0,Female,15-19 years,15-19,1052.0,64999.0,1618.49
31024,Chlamydia,274.0,West Virginia,1998.0,Female,20-24 years,20-24,876.0,61024.0,1435.5
31025,Chlamydia,274.0,West Virginia,1998.0,Female,25-29 years,25-29,230.0,58889.0,390.56
31026,Chlamydia,274.0,West Virginia,1998.0,Female,30-34 years,30-34,78.0,57379.0,135.94
31027,Chlamydia,274.0,West Virginia,1998.0,Female,35-39 years,35-39,38.0,68713.0,55.3
31028,Chlamydia,274.0,West Virginia,1998.0,Female,40+ years,40+,18.0,461328.0,3.9
31029,Chlamydia,274.0,West Virginia,1998.0,Female,Unknown,99,2.0,,
31030,Chlamydia,274.0,West Virginia,1999.0,Female,0-14 years,0-14,36.0,161306.0,22.32
31031,Chlamydia,274.0,West Virginia,1999.0,Female,15-19 years,15-19,744.0,62818.0,1184.37
31032,Chlamydia,274.0,West Virginia,1999.0,Female,20-24 years,20-24,595.0,60233.0,987.83
31033,Chlamydia,274.0,West Virginia,1999.0,Female,25-29 years,25-29,146.0,57835.0,252.44
31034,Chlamydia,274.0,West Virginia,1999.0,Female,30-34 years,30-34,40.0,57277.0,69.84
31035,Chlamydia,274.0,West Virginia,1999.0,Female,35-39 years,35-39,16.0,67386.0,23.74
31036,Chlamydia,274.0,West Virginia,1999.0,Female,40+ years,40+,9.0,464954.0,1.94
31037,Chlamydia,274.0,West Virginia,1999.0,Female,Unknown,99,1.0,,
31038,Chlamydia,274.0,West Virginia,2000.0,Female,0-14 years,0-14,39.0,158925.0,24.54
31039,Chlamydia,274.0,West Virginia,2000.0,Female,15-19 years,15-19,809.0,60473.0,1337.79
31040,Chlamydia,274.0,West Virginia,2000.0,Female,20-24 years,20-24,688.0,60020.0,1146.28
31041,Chlamydia,274.0,West Virginia,2000.0,Female,25-29 years,25-29,186.0,56088.0,331.62
31042,Chlamydia,274.0,West Virginia,2000.0,Female,30-34 years,30-34,48.0,58091.0,82.63
31043,Chlamydia,274.0,West Virginia,2000.0,Female,35-39 years,35-39,9.0,65946.0,13.65
31044,Chlamydia,274.0,West Virginia,2000.0,Female,40+ years,40+,9.0,468971.0,1.92
31045,Chlamydia,274.0,West Virginia,2001.0,Female,0-14 years,0-14,33.0,157150.0,21.0
31046,Chlamydia,274.0,West Virginia,2001.0,Female,15-19 years,15-19,836.0,58847.0,1420.63
31047,Chlamydia,274.0,West Virginia,2001.0,Female,20-24 years,20-24,832.0,61356.0,1356.02
31048,Chlamydia,274.0,West Virginia,2001.0,Female,25-29 years,25-29,193.0,54355.0,355.07
31049,Chlamydia,274.0,West Virginia,2001.0,Female,30-34 years,30-34,48.0,57764.0,83.1
31050,Chlamydia,274.0,West Virginia,2001.0,Female,35-39 years,35-39,14.0,63692.0,21.98
31051,Chlamydia,274.0,West Virginia,2001.0,Female,40+ years,40+,23.0,471695.0,4.88
31052,Chlamydia,274.0,West Virginia,2002.0,Female,0-14 years,0-14,36.0,155317.0,23.18
31053,Chlamydia,274.0,West Virginia,2002.0,Female,15-19 years,15-19,886.0,57756.0,1534.04
31054,Chlamydia,274.0,West Virginia,2002.0,Female,20-24 years,20-24,836.0,61875.0,1351.11
31055,Chlamydia,274.0,West Virginia,2002.0,Female,25-29 years,25-29,186.0,53645.0,346.72
31056,Chlamydia,274.0,West Virginia,2002.0,Female,30-34 years,30-34,64.0,57841.0,110.65
31057,Chlamydia,274.0,West Virginia,2002.0,Female,35-39 years,35-39,24.0,62016.0,38.7
31058,Chlamydia,274.0,West Virginia,2002.0,Female,40+ years,40+,20.0,476420.0,4.2
31059,Chlamydia,274.0,West Virginia,2002.0,Female,Unknown,99,20.0,,
31060,Chlamydia,274.0,West Virginia,2003.0,Female,0-14 years,0-14,34.0,156838.0,21.68
31061,Chlamydia,274.0,West Virginia,2003.0,Female,15-19 years,15-19,824.0,56823.0,1450.12
31062,Chlamydia,274.0,West Virginia,2003.0,Female,20-24 years,20-24,897.0,62453.0,1436.28
31063,Chlamydia,274.0,West Virginia,2003.0,Female,25-29 years,25-29,227.0,54352.0,417.65
31064,Chlamydia,274.0,West Virginia,2003.0,Female,30-34 years,30-34,70.0,57048.0,122.7
31065,Chlamydia,274.0,West Virginia,2003.0,Female,35-39 years,35-39,15.0,60457.0,24.81
31066,Chlamydia,274.0,West Virginia,2003.0,Female,40+ years,40+,18.0,479496.0,3.75
31067,Chlamydia,274.0,West Virginia,2003.0,Female,Unknown,99,17.0,,
31068,Chlamydia,274.0,West Virginia,2004.0,Female,0-14 years,0-14,30.0,154465.0,19.42
31069,Chlamydia,274.0,West Virginia,2004.0,Female,15-19 years,15-19,883.0,56426.0,1564.88
31070,Chlamydia,274.0,West Virginia,2004.0,Female,20-24 years,20-24,869.0,61312.0,1417.34
31071,Chlamydia,274.0,West Virginia,2004.0,Female,25-29 years,25-29,223.0,56209.0,396.73
31072,Chlamydia,274.0,West Virginia,2004.0,Female,30-34 years,30-34,58.0,56322.0,102.98
31073,Chlamydia,274.0,West Virginia,2004.0,Female,35-39 years,35-39,20.0,59293.0,33.73
31074,Chlamydia,274.0,West Virginia,2004.0,Female,40+ years,40+,12.0,484025.0,2.48
31075,Chlamydia,274.0,West Virginia,2004.0,Female,Unknown,99,10.0,,
31076,Chlamydia,274.0,West Virginia,2005.0,Female,0-14 years,0-14,25.0,153299.0,16.31
31077,Chlamydia,274.0,West Virginia,2005.0,Female,15-19 years,15-19,872.0,56444.0,1544.89
31078,Chlamydia,274.0,West Virginia,2005.0,Female,20-24 years,20-24,926.0,59238.0,1563.19
31079,Chlamydia,274.0,West Virginia,2005.0,Female,25-29 years,25-29,296.0,57848.0,511.69
31080,Chlamydia,274.0,West Virginia,2005.0,Female,30-34 years,30-34,83.0,55220.0,150.31
31081,Chlamydia,274.0,West Virginia,2005.0,Female,35-39 years,35-39,33.0,58582.0,56.33
31082,Chlamydia,274.0,West Virginia,2005.0,Female,40+ years,40+,27.0,486984.0,5.54
31083,Chlamydia,274.0,West Virginia,2005.0,Female,Unknown,99,10.0,,
31084,Chlamydia,274.0,West Virginia,2006.0,Female,0-14 years,0-14,26.0,155072.0,16.77
31085,Chlamydia,274.0,West Virginia,2006.0,Female,15-19 years,15-19,841.0,57618.0,1459.61
31086,Chlamydia,274.0,West Virginia,2006.0,Female,20-24 years,20-24,903.0,55984.0,1612.96
31087,Chlamydia,274.0,West Virginia,2006.0,Female,25-29 years,25-29,303.0,59673.0,507.77
31088,Chlamydia,274.0,West Virginia,2006.0,Female,30-34 years,30-34,78.0,55399.0,140.8
31089,Chlamydia,274.0,West Virginia,2006.0,Female,35-39 years,35-39,28.0,59189.0,47.31
31090,Chlamydia,274.0,West Virginia,2006.0,Female,40+ years,40+,22.0,484947.0,4.54
31091,Chlamydia,274.0,West Virginia,2006.0,Female,Unknown,99,7.0,,
31092,Chlamydia,274.0,West Virginia,2007.0,Female,0-14 years,0-14,30.0,154652.0,19.4
31093,Chlamydia,274.0,West Virginia,2007.0,Female,15-19 years,15-19,922.0,57217.0,1611.41
31094,Chlamydia,274.0,West Virginia,2007.0,Female,20-24 years,20-24,982.0,54574.0,1799.39
31095,Chlamydia,274.0,West Virginia,2007.0,Female,25-29 years,25-29,324.0,60288.0,537.42
31096,Chlamydia,274.0,West Virginia,2007.0,Female,30-34 years,30-34,109.0,54825.0,198.81
31097,Chlamydia,274.0,West Virginia,2007.0,Female,35-39 years,35-39,31.0,59612.0,52.0
31098,Chlamydia,274.0,West Virginia,2007.0,Female,40+ years,40+,23.0,483649.0,4.76
31099,Chlamydia,274.0,West Virginia,2007.0,Female,Unknown,99,2.0,,
31100,Chlamydia,274.0,West Virginia,2008.0,Female,0-14 years,0-14,31.0,154824.0,20.02
31101,Chlamydia,274.0,West Virginia,2008.0,Female,15-19 years,15-19,961.0,56746.0,1693.51
31102,Chlamydia,274.0,West Virginia,2008.0,Female,20-24 years,20-24,1042.0,53717.0,1939.8
31103,Chlamydia,274.0,West Virginia,2008.0,Female,25-29 years,25-29,322.0,58882.0,546.86
31104,Chlamydia,274.0,West Virginia,2008.0,Female,30-34 years,30-34,74.0,55916.0,132.34
31105,Chlamydia,274.0,West Virginia,2008.0,Female,35-39 years,35-39,41.0,59486.0,68.92
31106,Chlamydia,274.0,West Virginia,2008.0,Female,40+ years,40+,18.0,486201.0,3.7
31107,Chlamydia,274.0,West Virginia,2008.0,Female,Unknown,99,1.0,,
31108,Chlamydia,274.0,West Virginia,2009.0,Female,0-14 years,0-14,24.0,155659.0,15.42
31109,Chlamydia,274.0,West Virginia,2009.0,Female,15-19 years,15-19,1067.0,57088.0,1869.04
31110,Chlamydia,274.0,West Virginia,2009.0,Female,20-24 years,20-24,1088.0,58329.0,1865.28
31111,Chlamydia,274.0,West Virginia,2009.0,Female,25-29 years,25-29,337.0,56847.0,592.82
31112,Chlamydia,274.0,West Virginia,2009.0,Female,30-34 years,30-34,102.0,54656.0,186.62
31113,Chlamydia,274.0,West Virginia,2009.0,Female,35-39 years,35-39,41.0,58256.0,70.38
31114,Chlamydia,274.0,West Virginia,2009.0,Female,40+ years,40+,24.0,486822.0,4.93
31115,Chlamydia,274.0,West Virginia,2009.0,Female,Unknown,99,1.0,,
31116,Chlamydia,274.0,West Virginia,2010.0,Female,0-14 years,0-14,35.0,155848.0,22.46
31117,Chlamydia,274.0,West Virginia,2010.0,Female,15-19 years,15-19,1125.0,58233.0,1931.89
31118,Chlamydia,274.0,West Virginia,2010.0,Female,20-24 years,20-24,1166.0,57279.0,2035.65
31119,Chlamydia,274.0,West Virginia,2010.0,Female,25-29 years,25-29,340.0,53371.0,637.05
31120,Chlamydia,274.0,West Virginia,2010.0,Female,30-34 years,30-34,95.0,55433.0,171.38
31121,Chlamydia,274.0,West Virginia,2010.0,Female,35-39 years,35-39,39.0,58024.0,67.21
31122,Chlamydia,274.0,West Virginia,2010.0,Female,40+ years,40+,31.0,501220.0,6.18
31123,Chlamydia,274.0,West Virginia,2010.0,Female,Unknown,99,1.0,,
31124,Chlamydia,274.0,West Virginia,2011.0,Female,0-14 years,0-14,38.0,155185.0,24.49
31125,Chlamydia,274.0,West Virginia,2011.0,Female,15-19 years,15-19,1171.0,56565.0,2070.18
31126,Chlamydia,274.0,West Virginia,2011.0,Female,20-24 years,20-24,1286.0,59758.0,2152.01
31127,Chlamydia,274.0,West Virginia,2011.0,Female,25-29 years,25-29,358.0,52536.0,681.44
31128,Chlamydia,274.0,West Virginia,2011.0,Female,30-34 years,30-34,142.0,56460.0,251.5
31129,Chlamydia,274.0,West Virginia,2011.0,Female,35-39 years,35-39,45.0,55994.0,80.37
31130,Chlamydia,274.0,West Virginia,2011.0,Female,40+ years,40+,51.0,503785.0,10.12
31131,Chlamydia,274.0,West Virginia,2011.0,Female,Unknown,99,1.0,,
31132,Chlamydia,274.0,West Virginia,2012.0,Female,0-14 years,0-14,37.0,155174.0,23.84
31133,Chlamydia,274.0,West Virginia,2012.0,Female,15-19 years,15-19,1319.0,54571.0,2417.03
31134,Chlamydia,274.0,West Virginia,2012.0,Female,20-24 years,20-24,1414.0,61298.0,2306.76
31135,Chlamydia,274.0,West Virginia,2012.0,Female,25-29 years,25-29,385.0,52209.0,737.42
31136,Chlamydia,274.0,West Virginia,2012.0,Female,30-34 years,30-34,152.0,56278.0,270.09
31137,Chlamydia,274.0,West Virginia,2012.0,Female,35-39 years,35-39,58.0,55251.0,104.97
31138,Chlamydia,274.0,West Virginia,2012.0,Female,40+ years,40+,40.0,505227.0,7.92
31139,Chlamydia,274.0,West Virginia,2013.0,Female,0-14 years,0-14,36.0,154447.0,23.31
31140,Chlamydia,274.0,West Virginia,2013.0,Female,15-19 years,15-19,1249.0,54315.0,2299.55
31141,Chlamydia,274.0,West Virginia,2013.0,Female,20-24 years,20-24,1578.0,61654.0,2559.44
31142,Chlamydia,274.0,West Virginia,2013.0,Female,25-29 years,25-29,456.0,51955.0,877.68
31143,Chlamydia,274.0,West Virginia,2013.0,Female,30-34 years,30-34,181.0,55774.0,324.52
31144,Chlamydia,274.0,West Virginia,2013.0,Female,35-39 years,35-39,77.0,55158.0,139.6
31145,Chlamydia,274.0,West Virginia,2013.0,Female,40+ years,40+,46.0,505425.0,9.1
31146,Chlamydia,274.0,West Virginia,2013.0,Female,Unknown,99,1.0,,
31147,Chlamydia,274.0,West Virginia,2014.0,Female,0-14 years,0-14,38.0,154447.0,24.6
31148,Chlamydia,274.0,West Virginia,2014.0,Female,15-19 years,15-19,1079.0,54315.0,1986.56
31149,Chlamydia,274.0,West Virginia,2014.0,Female,20-24 years,20-24,1485.0,61654.0,2408.6
31150,Chlamydia,274.0,West Virginia,2014.0,Female,25-29 years,25-29,462.0,51955.0,889.23
31151,Chlamydia,274.0,West Virginia,2014.0,Female,30-34 years,30-34,156.0,55774.0,279.7
31152,Chlamydia,274.0,West Virginia,2014.0,Female,35-39 years,35-39,73.0,55158.0,132.35
31153,Chlamydia,274.0,West Virginia,2014.0,Female,40+ years,40+,62.0,505425.0,12.27
31154,Chlamydia,274.0,West Virginia,2014.0,Female,Unknown,99,1.0,,
31155,Chlamydia,274.0,Wisconsin,1996.0,Female,0-14 years,0-14,311.0,543629.0,57.21
31156,Chlamydia,274.0,Wisconsin,1996.0,Female,15-19 years,15-19,3574.0,188799.0,1893.02
31157,Chlamydia,274.0,Wisconsin,1996.0,Female,20-24 years,20-24,2574.0,166326.0,1547.56
31158,Chlamydia,274.0,Wisconsin,1996.0,Female,25-29 years,25-29,950.0,180396.0,526.62
31159,Chlamydia,274.0,Wisconsin,1996.0,Female,30-34 years,30-34,365.0,201287.0,181.33
31160,Chlamydia,274.0,Wisconsin,1996.0,Female,35-39 years,35-39,187.0,224334.0,83.36
31161,Chlamydia,274.0,Wisconsin,1996.0,Female,40+ years,40+,133.0,1151788.0,11.55
31162,Chlamydia,274.0,Wisconsin,1996.0,Female,Unknown,99,63.0,,
31163,Chlamydia,274.0,Wisconsin,1997.0,Female,0-14 years,0-14,257.0,544059.0,47.24
31164,Chlamydia,274.0,Wisconsin,1997.0,Female,15-19 years,15-19,3457.0,193511.0,1786.46
31165,Chlamydia,274.0,Wisconsin,1997.0,Female,20-24 years,20-24,2612.0,166528.0,1568.5
31166,Chlamydia,274.0,Wisconsin,1997.0,Female,25-29 years,25-29,955.0,176927.0,539.77
31167,Chlamydia,274.0,Wisconsin,1997.0,Female,30-34 years,30-34,368.0,194915.0,188.8
31168,Chlamydia,274.0,Wisconsin,1997.0,Female,35-39 years,35-39,174.0,224408.0,77.54
31169,Chlamydia,274.0,Wisconsin,1997.0,Female,40+ years,40+,121.0,1172611.0,10.32
31170,Chlamydia,274.0,Wisconsin,1997.0,Female,Unknown,99,36.0,,
31171,Chlamydia,274.0,Wisconsin,1998.0,Female,0-14 years,0-14,377.0,545215.0,69.15
31172,Chlamydia,274.0,Wisconsin,1998.0,Female,15-19 years,15-19,4752.0,197123.0,2410.68
31173,Chlamydia,274.0,Wisconsin,1998.0,Female,20-24 years,20-24,3438.0,168696.0,2037.99
31174,Chlamydia,274.0,Wisconsin,1998.0,Female,25-29 years,25-29,1255.0,172010.0,729.61
31175,Chlamydia,274.0,Wisconsin,1998.0,Female,30-34 years,30-34,464.0,189245.0,245.19
31176,Chlamydia,274.0,Wisconsin,1998.0,Female,35-39 years,35-39,242.0,222513.0,108.76
31177,Chlamydia,274.0,Wisconsin,1998.0,Female,40+ years,40+,181.0,1192469.0,15.18
31178,Chlamydia,274.0,Wisconsin,1998.0,Female,Unknown,99,4.0,,
31179,Chlamydia,274.0,Wisconsin,1999.0,Female,0-14 years,0-14,334.0,547762.0,60.98
31180,Chlamydia,274.0,Wisconsin,1999.0,Female,15-19 years,15-19,4755.0,198303.0,2397.85
31181,Chlamydia,274.0,Wisconsin,1999.0,Female,20-24 years,20-24,3819.0,171922.0,2221.36
31182,Chlamydia,274.0,Wisconsin,1999.0,Female,25-29 years,25-29,1374.0,166974.0,822.88
31183,Chlamydia,274.0,Wisconsin,1999.0,Female,30-34 years,30-34,505.0,185152.0,272.75
31184,Chlamydia,274.0,Wisconsin,1999.0,Female,35-39 years,35-39,235.0,220291.0,106.68
31185,Chlamydia,274.0,Wisconsin,1999.0,Female,40+ years,40+,165.0,1211121.0,13.62
31186,Chlamydia,274.0,Wisconsin,1999.0,Female,Unknown,99,38.0,,
31187,Chlamydia,274.0,Wisconsin,2000.0,Female,0-14 years,0-14,300.0,545292.0,55.02
31188,Chlamydia,274.0,Wisconsin,2000.0,Female,15-19 years,15-19,5067.0,198183.0,2556.73
31189,Chlamydia,274.0,Wisconsin,2000.0,Female,20-24 years,20-24,4342.0,177473.0,2446.57
31190,Chlamydia,274.0,Wisconsin,2000.0,Female,25-29 years,25-29,1573.0,162750.0,966.51
31191,Chlamydia,274.0,Wisconsin,2000.0,Female,30-34 years,30-34,613.0,183994.0,333.16
31192,Chlamydia,274.0,Wisconsin,2000.0,Female,35-39 years,35-39,276.0,216486.0,127.49
31193,Chlamydia,274.0,Wisconsin,2000.0,Female,40+ years,40+,181.0,1235417.0,14.65
31194,Chlamydia,274.0,Wisconsin,2001.0,Female,0-14 years,0-14,311.0,540127.0,57.58
31195,Chlamydia,274.0,Wisconsin,2001.0,Female,15-19 years,15-19,4827.0,198847.0,2427.49
31196,Chlamydia,274.0,Wisconsin,2001.0,Female,20-24 years,20-24,4466.0,185614.0,2406.07
31197,Chlamydia,274.0,Wisconsin,2001.0,Female,25-29 years,25-29,1484.0,158694.0,935.13
31198,Chlamydia,274.0,Wisconsin,2001.0,Female,30-34 years,30-34,555.0,181588.0,305.64
31199,Chlamydia,274.0,Wisconsin,2001.0,Female,35-39 years,35-39,252.0,210864.0,119.51
31200,Chlamydia,274.0,Wisconsin,2001.0,Female,40+ years,40+,155.0,1258627.0,12.31
31201,Chlamydia,274.0,Wisconsin,2002.0,Female,0-14 years,0-14,332.0,533016.0,62.29
31202,Chlamydia,274.0,Wisconsin,2002.0,Female,15-19 years,15-19,5014.0,199068.0,2518.74
31203,Chlamydia,274.0,Wisconsin,2002.0,Female,20-24 years,20-24,4462.0,193611.0,2304.62
31204,Chlamydia,274.0,Wisconsin,2002.0,Female,25-29 years,25-29,1525.0,159218.0,957.81
31205,Chlamydia,274.0,Wisconsin,2002.0,Female,30-34 years,30-34,565.0,179376.0,314.98
31206,Chlamydia,274.0,Wisconsin,2002.0,Female,35-39 years,35-39,223.0,205452.0,108.54
31207,Chlamydia,274.0,Wisconsin,2002.0,Female,40+ years,40+,170.0,1281698.0,13.26
31208,Chlamydia,274.0,Wisconsin,2002.0,Female,Unknown,99,5.0,,
31209,Chlamydia,274.0,Wisconsin,2003.0,Female,0-14 years,0-14,298.0,531305.0,56.09
31210,Chlamydia,274.0,Wisconsin,2003.0,Female,15-19 years,15-19,5142.0,198927.0,2584.87
31211,Chlamydia,274.0,Wisconsin,2003.0,Female,20-24 years,20-24,4785.0,197024.0,2428.64
31212,Chlamydia,274.0,Wisconsin,2003.0,Female,25-29 years,25-29,1622.0,162170.0,1000.18
31213,Chlamydia,274.0,Wisconsin,2003.0,Female,30-34 years,30-34,605.0,173119.0,349.47
31214,Chlamydia,274.0,Wisconsin,2003.0,Female,35-39 years,35-39,203.0,197472.0,102.8
31215,Chlamydia,274.0,Wisconsin,2003.0,Female,40+ years,40+,172.0,1304718.0,13.18
31216,Chlamydia,274.0,Wisconsin,2003.0,Female,Unknown,99,11.0,,
31217,Chlamydia,274.0,Wisconsin,2004.0,Female,0-14 years,0-14,363.0,520693.0,69.71
31218,Chlamydia,274.0,Wisconsin,2004.0,Female,15-19 years,15-19,5429.0,198514.0,2734.82
31219,Chlamydia,274.0,Wisconsin,2004.0,Female,20-24 years,20-24,5259.0,200246.0,2626.27
31220,Chlamydia,274.0,Wisconsin,2004.0,Female,25-29 years,25-29,1778.0,169435.0,1049.37
31221,Chlamydia,274.0,Wisconsin,2004.0,Female,30-34 years,30-34,636.0,170047.0,374.01
31222,Chlamydia,274.0,Wisconsin,2004.0,Female,35-39 years,35-39,250.0,192481.0,129.88
31223,Chlamydia,274.0,Wisconsin,2004.0,Female,40+ years,40+,198.0,1330618.0,14.88
31224,Chlamydia,274.0,Wisconsin,2005.0,Female,0-14 years,0-14,317.0,514094.0,61.66
31225,Chlamydia,274.0,Wisconsin,2005.0,Female,15-19 years,15-19,5571.0,198059.0,2812.8
31226,Chlamydia,274.0,Wisconsin,2005.0,Female,20-24 years,20-24,5658.0,199888.0,2830.59
31227,Chlamydia,274.0,Wisconsin,2005.0,Female,25-29 years,25-29,1998.0,177024.0,1128.66
31228,Chlamydia,274.0,Wisconsin,2005.0,Female,30-34 years,30-34,697.0,165633.0,420.81
31229,Chlamydia,274.0,Wisconsin,2005.0,Female,35-39 years,35-39,279.0,188579.0,147.95
31230,Chlamydia,274.0,Wisconsin,2005.0,Female,40+ years,40+,231.0,1351069.0,17.1
31231,Chlamydia,274.0,Wisconsin,2006.0,Female,0-14 years,0-14,298.0,522185.0,57.07
31232,Chlamydia,274.0,Wisconsin,2006.0,Female,15-19 years,15-19,5569.0,194592.0,2861.89
31233,Chlamydia,274.0,Wisconsin,2006.0,Female,20-24 years,20-24,5437.0,196481.0,2767.19
31234,Chlamydia,274.0,Wisconsin,2006.0,Female,25-29 years,25-29,2099.0,173545.0,1209.48
31235,Chlamydia,274.0,Wisconsin,2006.0,Female,30-34 years,30-34,681.0,165458.0,411.58
31236,Chlamydia,274.0,Wisconsin,2006.0,Female,35-39 years,35-39,309.0,186449.0,165.73
31237,Chlamydia,274.0,Wisconsin,2006.0,Female,40+ years,40+,213.0,1356854.0,15.7
31238,Chlamydia,274.0,Wisconsin,2007.0,Female,0-14 years,0-14,259.0,527671.0,49.08
31239,Chlamydia,274.0,Wisconsin,2007.0,Female,15-19 years,15-19,5514.0,193652.0,2847.38
31240,Chlamydia,274.0,Wisconsin,2007.0,Female,20-24 years,20-24,5377.0,192042.0,2799.91
31241,Chlamydia,274.0,Wisconsin,2007.0,Female,25-29 years,25-29,2080.0,179682.0,1157.6
31242,Chlamydia,274.0,Wisconsin,2007.0,Female,30-34 years,30-34,692.0,164941.0,419.54
31243,Chlamydia,274.0,Wisconsin,2007.0,Female,35-39 years,35-39,299.0,183505.0,162.94
31244,Chlamydia,274.0,Wisconsin,2007.0,Female,40+ years,40+,217.0,1375977.0,15.77
31245,Chlamydia,274.0,Wisconsin,2008.0,Female,0-14 years,0-14,271.0,527333.0,51.39
31246,Chlamydia,274.0,Wisconsin,2008.0,Female,15-19 years,15-19,5837.0,193131.0,3022.3
31247,Chlamydia,274.0,Wisconsin,2008.0,Female,20-24 years,20-24,5583.0,192982.0,2893.02
31248,Chlamydia,274.0,Wisconsin,2008.0,Female,25-29 years,25-29,2164.0,182252.0,1187.37
31249,Chlamydia,274.0,Wisconsin,2008.0,Female,30-34 years,30-34,779.0,165444.0,470.85
31250,Chlamydia,274.0,Wisconsin,2008.0,Female,35-39 years,35-39,340.0,179602.0,189.31
31251,Chlamydia,274.0,Wisconsin,2008.0,Female,40+ years,40+,242.0,1389574.0,17.42
31252,Chlamydia,274.0,Wisconsin,2008.0,Female,Unknown,99,13.0,,
31253,Chlamydia,274.0,Wisconsin,2009.0,Female,0-14 years,0-14,212.0,528149.0,40.14
31254,Chlamydia,274.0,Wisconsin,2009.0,Female,15-19 years,15-19,5656.0,197045.0,2870.41
31255,Chlamydia,274.0,Wisconsin,2009.0,Female,20-24 years,20-24,5690.0,205851.0,2764.14
31256,Chlamydia,274.0,Wisconsin,2009.0,Female,25-29 years,25-29,2147.0,181338.0,1183.98
31257,Chlamydia,274.0,Wisconsin,2009.0,Female,30-34 years,30-34,738.0,161521.0,456.91
31258,Chlamydia,274.0,Wisconsin,2009.0,Female,35-39 years,35-39,304.0,173701.0,175.01
31259,Chlamydia,274.0,Wisconsin,2009.0,Female,40+ years,40+,243.0,1398103.0,17.38
31260,Chlamydia,274.0,Wisconsin,2009.0,Female,Unknown,99,48.0,,
31261,Chlamydia,274.0,Wisconsin,2010.0,Female,0-14 years,0-14,239.0,539078.0,44.34
31262,Chlamydia,274.0,Wisconsin,2010.0,Female,15-19 years,15-19,6113.0,194406.0,3144.45
31263,Chlamydia,274.0,Wisconsin,2010.0,Female,20-24 years,20-24,6364.0,189655.0,3355.57
31264,Chlamydia,274.0,Wisconsin,2010.0,Female,25-29 years,25-29,2328.0,182998.0,1272.15
31265,Chlamydia,274.0,Wisconsin,2010.0,Female,30-34 years,30-34,907.0,171227.0,529.71
31266,Chlamydia,274.0,Wisconsin,2010.0,Female,35-39 years,35-39,372.0,170709.0,217.91
31267,Chlamydia,274.0,Wisconsin,2010.0,Female,40+ years,40+,272.0,1416513.0,19.2
31268,Chlamydia,274.0,Wisconsin,2010.0,Female,Unknown,99,62.0,,
31269,Chlamydia,274.0,Wisconsin,2011.0,Female,0-14 years,0-14,261.0,535668.0,48.72
31270,Chlamydia,274.0,Wisconsin,2011.0,Female,15-19 years,15-19,6252.0,194015.0,3222.43
31271,Chlamydia,274.0,Wisconsin,2011.0,Female,20-24 years,20-24,6762.0,189860.0,3561.57
31272,Chlamydia,274.0,Wisconsin,2011.0,Female,25-29 years,25-29,2387.0,182681.0,1306.65
31273,Chlamydia,274.0,Wisconsin,2011.0,Female,30-34 years,30-34,996.0,176529.0,564.21
31274,Chlamydia,274.0,Wisconsin,2011.0,Female,35-39 years,35-39,426.0,164053.0,259.67
31275,Chlamydia,274.0,Wisconsin,2011.0,Female,40+ years,40+,291.0,1432869.0,20.31
31276,Chlamydia,274.0,Wisconsin,2011.0,Female,Unknown,99,27.0,,
31277,Chlamydia,274.0,Wisconsin,2012.0,Female,0-14 years,0-14,215.0,533132.0,40.33
31278,Chlamydia,274.0,Wisconsin,2012.0,Female,15-19 years,15-19,5741.0,190295.0,3016.89
31279,Chlamydia,274.0,Wisconsin,2012.0,Female,20-24 years,20-24,6738.0,191920.0,3510.84
31280,Chlamydia,274.0,Wisconsin,2012.0,Female,25-29 years,25-29,2464.0,180550.0,1364.72
31281,Chlamydia,274.0,Wisconsin,2012.0,Female,30-34 years,30-34,887.0,180130.0,492.42
31282,Chlamydia,274.0,Wisconsin,2012.0,Female,35-39 years,35-39,366.0,163234.0,224.22
31283,Chlamydia,274.0,Wisconsin,2012.0,Female,40+ years,40+,316.0,1444065.0,21.88
31284,Chlamydia,274.0,Wisconsin,2013.0,Female,0-14 years,0-14,199.0,529021.0,37.62
31285,Chlamydia,274.0,Wisconsin,2013.0,Female,15-19 years,15-19,5403.0,188096.0,2872.47
31286,Chlamydia,274.0,Wisconsin,2013.0,Female,20-24 years,20-24,6669.0,196273.0,3397.82
31287,Chlamydia,274.0,Wisconsin,2013.0,Female,25-29 years,25-29,2446.0,176767.0,1383.74
31288,Chlamydia,274.0,Wisconsin,2013.0,Female,30-34 years,30-34,1011.0,182904.0,552.75
31289,Chlamydia,274.0,Wisconsin,2013.0,Female,35-39 years,35-39,410.0,165028.0,248.44
31290,Chlamydia,274.0,Wisconsin,2013.0,Female,40+ years,40+,310.0,1452464.0,21.34
31291,Chlamydia,274.0,Wisconsin,2014.0,Female,0-14 years,0-14,174.0,529021.0,32.89
31292,Chlamydia,274.0,Wisconsin,2014.0,Female,15-19 years,15-19,5203.0,188096.0,2766.14
31293,Chlamydia,274.0,Wisconsin,2014.0,Female,20-24 years,20-24,6503.0,196273.0,3313.24
31294,Chlamydia,274.0,Wisconsin,2014.0,Female,25-29 years,25-29,2448.0,176767.0,1384.87
31295,Chlamydia,274.0,Wisconsin,2014.0,Female,30-34 years,30-34,994.0,182904.0,543.45
31296,Chlamydia,274.0,Wisconsin,2014.0,Female,35-39 years,35-39,416.0,165028.0,252.08
31297,Chlamydia,274.0,Wisconsin,2014.0,Female,40+ years,40+,324.0,1452464.0,22.31
31298,Chlamydia,274.0,Wisconsin,2014.0,Female,Unknown,99,1.0,,
31299,Chlamydia,274.0,Wyoming,1996.0,Female,0-14 years,0-14,26.0,53320.0,48.76
31300,Chlamydia,274.0,Wyoming,1996.0,Female,15-19 years,15-19,226.0,20114.0,1123.6
31301,Chlamydia,274.0,Wyoming,1996.0,Female,20-24 years,20-24,159.0,15775.0,1007.92
31302,Chlamydia,274.0,Wyoming,1996.0,Female,25-29 years,25-29,48.0,13461.0,356.59
31303,Chlamydia,274.0,Wyoming,1996.0,Female,30-34 years,30-34,19.0,16467.0,115.38
31304,Chlamydia,274.0,Wyoming,1996.0,Female,35-39 years,35-39,6.0,21429.0,28.0
31305,Chlamydia,274.0,Wyoming,1996.0,Female,40+ years,40+,8.0,102344.0,7.82
31306,Chlamydia,274.0,Wyoming,1996.0,Female,Unknown,99,29.0,,
31307,Chlamydia,274.0,Wyoming,1997.0,Female,0-14 years,0-14,14.0,52425.0,26.7
31308,Chlamydia,274.0,Wyoming,1997.0,Female,15-19 years,15-19,250.0,20404.0,1225.25
31309,Chlamydia,274.0,Wyoming,1997.0,Female,20-24 years,20-24,186.0,15785.0,1178.33
31310,Chlamydia,274.0,Wyoming,1997.0,Female,25-29 years,25-29,46.0,13763.0,334.23
31311,Chlamydia,274.0,Wyoming,1997.0,Female,30-34 years,30-34,13.0,15451.0,84.14
31312,Chlamydia,274.0,Wyoming,1997.0,Female,35-39 years,35-39,7.0,20775.0,33.69
31313,Chlamydia,274.0,Wyoming,1997.0,Female,40+ years,40+,20.0,104892.0,19.07
31314,Chlamydia,274.0,Wyoming,1998.0,Female,0-14 years,0-14,10.0,51694.0,19.34
31315,Chlamydia,274.0,Wyoming,1998.0,Female,15-19 years,15-19,265.0,20552.0,1289.41
31316,Chlamydia,274.0,Wyoming,1998.0,Female,20-24 years,20-24,219.0,15782.0,1387.66
31317,Chlamydia,274.0,Wyoming,1998.0,Female,25-29 years,25-29,63.0,14048.0,448.46
31318,Chlamydia,274.0,Wyoming,1998.0,Female,30-34 years,30-34,12.0,14714.0,81.56
31319,Chlamydia,274.0,Wyoming,1998.0,Female,35-39 years,35-39,4.0,19897.0,20.1
31320,Chlamydia,274.0,Wyoming,1998.0,Female,40+ years,40+,13.0,106982.0,12.15
31321,Chlamydia,274.0,Wyoming,1998.0,Female,Unknown,99,9.0,,
31322,Chlamydia,274.0,Wyoming,1999.0,Female,0-14 years,0-14,16.0,51004.0,31.37
31323,Chlamydia,274.0,Wyoming,1999.0,Female,15-19 years,15-19,301.0,20408.0,1474.91
31324,Chlamydia,274.0,Wyoming,1999.0,Female,20-24 years,20-24,234.0,15854.0,1475.97
31325,Chlamydia,274.0,Wyoming,1999.0,Female,25-29 years,25-29,61.0,14334.0,425.56
31326,Chlamydia,274.0,Wyoming,1999.0,Female,30-34 years,30-34,15.0,14403.0,104.14
31327,Chlamydia,274.0,Wyoming,1999.0,Female,35-39 years,35-39,4.0,19093.0,20.95
31328,Chlamydia,274.0,Wyoming,1999.0,Female,40+ years,40+,11.0,109422.0,10.05
31329,Chlamydia,274.0,Wyoming,1999.0,Female,Unknown,99,7.0,,
31330,Chlamydia,274.0,Wyoming,2000.0,Female,0-14 years,0-14,5.0,49158.0,10.17
31331,Chlamydia,274.0,Wyoming,2000.0,Female,15-19 years,15-19,305.0,20066.0,1519.98
31332,Chlamydia,274.0,Wyoming,2000.0,Female,20-24 years,20-24,259.0,16287.0,1590.23
31333,Chlamydia,274.0,Wyoming,2000.0,Female,25-29 years,25-29,58.0,14451.0,401.36
31334,Chlamydia,274.0,Wyoming,2000.0,Female,30-34 years,30-34,22.0,14685.0,149.81
31335,Chlamydia,274.0,Wyoming,2000.0,Female,35-39 years,35-39,8.0,18279.0,43.77
31336,Chlamydia,274.0,Wyoming,2000.0,Female,40+ years,40+,7.0,112595.0,6.22
31337,Chlamydia,274.0,Wyoming,2000.0,Female,Unknown,99,3.0,,
31338,Chlamydia,274.0,Wyoming,2001.0,Female,0-14 years,0-14,17.0,48283.0,35.21
31339,Chlamydia,274.0,Wyoming,2001.0,Female,15-19 years,15-19,299.0,20062.0,1490.38
31340,Chlamydia,274.0,Wyoming,2001.0,Female,20-24 years,20-24,267.0,17050.0,1565.98
31341,Chlamydia,274.0,Wyoming,2001.0,Female,25-29 years,25-29,60.0,14109.0,425.26
31342,Chlamydia,274.0,Wyoming,2001.0,Female,30-34 years,30-34,12.0,14475.0,82.9
31343,Chlamydia,274.0,Wyoming,2001.0,Female,35-39 years,35-39,7.0,17052.0,41.05
31344,Chlamydia,274.0,Wyoming,2001.0,Female,40+ years,40+,8.0,114300.0,7.0
31345,Chlamydia,274.0,Wyoming,2001.0,Female,Unknown,99,9.0,,
31346,Chlamydia,274.0,Wyoming,2002.0,Female,0-14 years,0-14,10.0,47486.0,21.06
31347,Chlamydia,274.0,Wyoming,2002.0,Female,15-19 years,15-19,338.0,20133.0,1678.84
31348,Chlamydia,274.0,Wyoming,2002.0,Female,20-24 years,20-24,321.0,17754.0,1808.04
31349,Chlamydia,274.0,Wyoming,2002.0,Female,25-29 years,25-29,52.0,13973.0,372.15
31350,Chlamydia,274.0,Wyoming,2002.0,Female,30-34 years,30-34,20.0,14583.0,137.15
31351,Chlamydia,274.0,Wyoming,2002.0,Female,35-39 years,35-39,6.0,16041.0,37.4
31352,Chlamydia,274.0,Wyoming,2002.0,Female,40+ years,40+,5.0,117855.0,4.24
31353,Chlamydia,274.0,Wyoming,2002.0,Female,Unknown,99,3.0,,
31354,Chlamydia,274.0,Wyoming,2003.0,Female,0-14 years,0-14,3.0,47273.0,6.35
31355,Chlamydia,274.0,Wyoming,2003.0,Female,15-19 years,15-19,298.0,19536.0,1525.39
31356,Chlamydia,274.0,Wyoming,2003.0,Female,20-24 years,20-24,294.0,18638.0,1577.42
31357,Chlamydia,274.0,Wyoming,2003.0,Female,25-29 years,25-29,78.0,14166.0,550.61
31358,Chlamydia,274.0,Wyoming,2003.0,Female,30-34 years,30-34,25.0,14481.0,172.64
31359,Chlamydia,274.0,Wyoming,2003.0,Female,35-39 years,35-39,6.0,15387.0,38.99
31360,Chlamydia,274.0,Wyoming,2003.0,Female,40+ years,40+,4.0,119419.0,3.35
31361,Chlamydia,274.0,Wyoming,2003.0,Female,Unknown,99,9.0,,
31362,Chlamydia,274.0,Wyoming,2004.0,Female,0-14 years,0-14,12.0,45714.0,26.25
31363,Chlamydia,274.0,Wyoming,2004.0,Female,15-19 years,15-19,327.0,18977.0,1723.14
31364,Chlamydia,274.0,Wyoming,2004.0,Female,20-24 years,20-24,317.0,19318.0,1640.96
31365,Chlamydia,274.0,Wyoming,2004.0,Female,25-29 years,25-29,107.0,14828.0,721.61
31366,Chlamydia,274.0,Wyoming,2004.0,Female,30-34 years,30-34,22.0,14577.0,150.92
31367,Chlamydia,274.0,Wyoming,2004.0,Female,35-39 years,35-39,13.0,15034.0,86.47
31368,Chlamydia,274.0,Wyoming,2004.0,Female,40+ years,40+,2.0,123025.0,1.63
31369,Chlamydia,274.0,Wyoming,2004.0,Female,Unknown,99,20.0,,
31370,Chlamydia,274.0,Wyoming,2005.0,Female,0-14 years,0-14,11.0,44671.0,24.62
31371,Chlamydia,274.0,Wyoming,2005.0,Female,15-19 years,15-19,328.0,18417.0,1780.96
31372,Chlamydia,274.0,Wyoming,2005.0,Female,20-24 years,20-24,347.0,19474.0,1781.86
31373,Chlamydia,274.0,Wyoming,2005.0,Female,25-29 years,25-29,121.0,15505.0,780.39
31374,Chlamydia,274.0,Wyoming,2005.0,Female,30-34 years,30-34,32.0,14408.0,222.1
31375,Chlamydia,274.0,Wyoming,2005.0,Female,35-39 years,35-39,17.0,14925.0,113.9
31376,Chlamydia,274.0,Wyoming,2005.0,Female,40+ years,40+,8.0,125168.0,6.39
31377,Chlamydia,274.0,Wyoming,2005.0,Female,Unknown,99,10.0,,
31378,Chlamydia,274.0,Wyoming,2006.0,Female,0-14 years,0-14,12.0,48362.0,24.81
31379,Chlamydia,274.0,Wyoming,2006.0,Female,15-19 years,15-19,360.0,17965.0,2003.9
31380,Chlamydia,274.0,Wyoming,2006.0,Female,20-24 years,20-24,428.0,18500.0,2313.51
31381,Chlamydia,274.0,Wyoming,2006.0,Female,25-29 years,25-29,139.0,17235.0,806.5
31382,Chlamydia,274.0,Wyoming,2006.0,Female,30-34 years,30-34,60.0,14826.0,404.69
31383,Chlamydia,274.0,Wyoming,2006.0,Female,35-39 years,35-39,26.0,15182.0,171.25
31384,Chlamydia,274.0,Wyoming,2006.0,Female,40+ years,40+,13.0,121932.0,10.66
31385,Chlamydia,274.0,Wyoming,2006.0,Female,Unknown,99,13.0,,
31386,Chlamydia,274.0,Wyoming,2007.0,Female,0-14 years,0-14,8.0,49738.0,16.08
31387,Chlamydia,274.0,Wyoming,2007.0,Female,15-19 years,15-19,366.0,17754.0,2061.51
31388,Chlamydia,274.0,Wyoming,2007.0,Female,20-24 years,20-24,339.0,17867.0,1897.35
31389,Chlamydia,274.0,Wyoming,2007.0,Female,25-29 years,25-29,133.0,18477.0,719.81
31390,Chlamydia,274.0,Wyoming,2007.0,Female,30-34 years,30-34,39.0,15028.0,259.52
31391,Chlamydia,274.0,Wyoming,2007.0,Female,35-39 years,35-39,19.0,15629.0,121.57
31392,Chlamydia,274.0,Wyoming,2007.0,Female,40+ years,40+,5.0,123292.0,4.06
31393,Chlamydia,274.0,Wyoming,2007.0,Female,Unknown,99,4.0,,
31394,Chlamydia,274.0,Wyoming,2008.0,Female,0-14 years,0-14,17.0,51507.0,33.01
31395,Chlamydia,274.0,Wyoming,2008.0,Female,15-19 years,15-19,404.0,17879.0,2259.63
31396,Chlamydia,274.0,Wyoming,2008.0,Female,20-24 years,20-24,368.0,18026.0,2041.5
31397,Chlamydia,274.0,Wyoming,2008.0,Female,25-29 years,25-29,150.0,18855.0,795.54
31398,Chlamydia,274.0,Wyoming,2008.0,Female,30-34 years,30-34,43.0,15691.0,274.04
31399,Chlamydia,274.0,Wyoming,2008.0,Female,35-39 years,35-39,19.0,15875.0,119.69
31400,Chlamydia,274.0,Wyoming,2008.0,Female,40+ years,40+,10.0,124645.0,8.02
31401,Chlamydia,274.0,Wyoming,2009.0,Female,0-14 years,0-14,12.0,53390.0,22.48
31402,Chlamydia,274.0,Wyoming,2009.0,Female,15-19 years,15-19,463.0,18099.0,2558.15
31403,Chlamydia,274.0,Wyoming,2009.0,Female,20-24 years,20-24,474.0,20050.0,2364.09
31404,Chlamydia,274.0,Wyoming,2009.0,Female,25-29 years,25-29,164.0,19668.0,833.84
31405,Chlamydia,274.0,Wyoming,2009.0,Female,30-34 years,30-34,45.0,16026.0,280.79
31406,Chlamydia,274.0,Wyoming,2009.0,Female,35-39 years,35-39,20.0,15732.0,127.13
31407,Chlamydia,274.0,Wyoming,2009.0,Female,40+ years,40+,9.0,124265.0,7.24
31408,Chlamydia,274.0,Wyoming,2010.0,Female,0-14 years,0-14,14.0,54980.0,25.46
31409,Chlamydia,274.0,Wyoming,2010.0,Female,15-19 years,15-19,491.0,18516.0,2651.76
31410,Chlamydia,274.0,Wyoming,2010.0,Female,20-24 years,20-24,499.0,19003.0,2625.9
31411,Chlamydia,274.0,Wyoming,2010.0,Female,25-29 years,25-29,189.0,19524.0,968.04
31412,Chlamydia,274.0,Wyoming,2010.0,Female,30-34 years,30-34,69.0,17454.0,395.32
31413,Chlamydia,274.0,Wyoming,2010.0,Female,35-39 years,35-39,24.0,16159.0,148.52
31414,Chlamydia,274.0,Wyoming,2010.0,Female,40+ years,40+,19.0,130553.0,14.55
31415,Chlamydia,274.0,Wyoming,2011.0,Female,0-14 years,0-14,15.0,55210.0,27.17
31416,Chlamydia,274.0,Wyoming,2011.0,Female,15-19 years,15-19,514.0,17779.0,2891.05
31417,Chlamydia,274.0,Wyoming,2011.0,Female,20-24 years,20-24,546.0,19779.0,2760.5
31418,Chlamydia,274.0,Wyoming,2011.0,Female,25-29 years,25-29,174.0,19414.0,896.26
31419,Chlamydia,274.0,Wyoming,2011.0,Female,30-34 years,30-34,66.0,18199.0,362.66
31420,Chlamydia,274.0,Wyoming,2011.0,Female,35-39 years,35-39,24.0,15822.0,151.69
31421,Chlamydia,274.0,Wyoming,2011.0,Female,40+ years,40+,18.0,132198.0,13.62
31422,Chlamydia,274.0,Wyoming,2012.0,Female,0-14 years,0-14,17.0,55499.0,30.63
31423,Chlamydia,274.0,Wyoming,2012.0,Female,15-19 years,15-19,566.0,17934.0,3156.02
31424,Chlamydia,274.0,Wyoming,2012.0,Female,20-24 years,20-24,555.0,20061.0,2766.56
31425,Chlamydia,274.0,Wyoming,2012.0,Female,25-29 years,25-29,231.0,19546.0,1181.83
31426,Chlamydia,274.0,Wyoming,2012.0,Female,30-34 years,30-34,86.0,18898.0,455.07
31427,Chlamydia,274.0,Wyoming,2012.0,Female,35-39 years,35-39,19.0,16237.0,117.02
31428,Chlamydia,274.0,Wyoming,2012.0,Female,40+ years,40+,18.0,133956.0,13.44
31429,Chlamydia,274.0,Wyoming,2013.0,Female,0-14 years,0-14,11.0,56267.0,19.55
31430,Chlamydia,274.0,Wyoming,2013.0,Female,15-19 years,15-19,513.0,18244.0,2811.88
31431,Chlamydia,274.0,Wyoming,2013.0,Female,20-24 years,20-24,540.0,20169.0,2677.38
31432,Chlamydia,274.0,Wyoming,2013.0,Female,25-29 years,25-29,188.0,19383.0,969.92
31433,Chlamydia,274.0,Wyoming,2013.0,Female,30-34 years,30-34,71.0,19451.0,365.02
31434,Chlamydia,274.0,Wyoming,2013.0,Female,35-39 years,35-39,49.0,16736.0,292.78
31435,Chlamydia,274.0,Wyoming,2013.0,Female,40+ years,40+,14.0,135130.0,10.36
31436,Chlamydia,274.0,Wyoming,2013.0,Female,Unknown,99,1.0,,
31437,Chlamydia,274.0,Wyoming,2014.0,Female,0-14 years,0-14,8.0,56267.0,14.22
31438,Chlamydia,274.0,Wyoming,2014.0,Female,15-19 years,15-19,447.0,18244.0,2450.12
31439,Chlamydia,274.0,Wyoming,2014.0,Female,20-24 years,20-24,542.0,20169.0,2687.29
31440,Chlamydia,274.0,Wyoming,2014.0,Female,25-29 years,25-29,229.0,19383.0,1181.45
31441,Chlamydia,274.0,Wyoming,2014.0,Female,30-34 years,30-34,76.0,19451.0,390.73
31442,Chlamydia,274.0,Wyoming,2014.0,Female,35-39 years,35-39,27.0,16736.0,161.33
31443,Chlamydia,274.0,Wyoming,2014.0,Female,40+ years,40+,23.0,135130.0,17.02
31444,Gonorrhea,280.0,Alabama,1996.0,Female,0-14 years,0-14,265.0,446376.0,59.37
31445,Gonorrhea,280.0,Alabama,1996.0,Female,15-19 years,15-19,2788.0,160943.0,1732.29
31446,Gonorrhea,280.0,Alabama,1996.0,Female,20-24 years,20-24,1952.0,156405.0,1248.04
31447,Gonorrhea,280.0,Alabama,1996.0,Female,25-29 years,25-29,790.0,156680.0,504.21
31448,Gonorrhea,280.0,Alabama,1996.0,Female,30-34 years,30-34,427.0,161922.0,263.71
31449,Gonorrhea,280.0,Alabama,1996.0,Female,35-39 years,35-39,217.0,176144.0,123.19
31450,Gonorrhea,280.0,Alabama,1996.0,Female,40+ years,40+,125.0,988753.0,12.64
31451,Gonorrhea,280.0,Alabama,1996.0,Female,Unknown,99,165.0,,
31452,Gonorrhea,280.0,Alabama,1997.0,Female,0-14 years,0-14,204.0,450606.0,45.27
31453,Gonorrhea,280.0,Alabama,1997.0,Female,15-19 years,15-19,2395.0,162192.0,1476.64
31454,Gonorrhea,280.0,Alabama,1997.0,Female,20-24 years,20-24,1885.0,154168.0,1222.69
31455,Gonorrhea,280.0,Alabama,1997.0,Female,25-29 years,25-29,714.0,158086.0,451.65
31456,Gonorrhea,280.0,Alabama,1997.0,Female,30-34 years,30-34,376.0,157694.0,238.44
31457,Gonorrhea,280.0,Alabama,1997.0,Female,35-39 years,35-39,196.0,175456.0,111.71
31458,Gonorrhea,280.0,Alabama,1997.0,Female,40+ years,40+,214.0,1006608.0,21.26
31459,Gonorrhea,280.0,Alabama,1998.0,Female,0-14 years,0-14,218.0,449745.0,48.47
31460,Gonorrhea,280.0,Alabama,1998.0,Female,15-19 years,15-19,2519.0,162688.0,1548.36
31461,Gonorrhea,280.0,Alabama,1998.0,Female,20-24 years,20-24,2059.0,154610.0,1331.74
31462,Gonorrhea,280.0,Alabama,1998.0,Female,25-29 years,25-29,748.0,158147.0,472.98
31463,Gonorrhea,280.0,Alabama,1998.0,Female,30-34 years,30-34,373.0,155065.0,240.54
31464,Gonorrhea,280.0,Alabama,1998.0,Female,35-39 years,35-39,206.0,175869.0,117.13
31465,Gonorrhea,280.0,Alabama,1998.0,Female,40+ years,40+,190.0,1025742.0,18.52
31466,Gonorrhea,280.0,Alabama,1999.0,Female,0-14 years,0-14,169.0,452586.0,37.34
31467,Gonorrhea,280.0,Alabama,1999.0,Female,15-19 years,15-19,2048.0,161690.0,1266.62
31468,Gonorrhea,280.0,Alabama,1999.0,Female,20-24 years,20-24,1924.0,154634.0,1244.23
31469,Gonorrhea,280.0,Alabama,1999.0,Female,25-29 years,25-29,656.0,155151.0,422.81
31470,Gonorrhea,280.0,Alabama,1999.0,Female,30-34 years,30-34,302.0,153099.0,197.26
31471,Gonorrhea,280.0,Alabama,1999.0,Female,35-39 years,35-39,179.0,175011.0,102.28
31472,Gonorrhea,280.0,Alabama,1999.0,Female,40+ years,40+,149.0,1041088.0,14.31
31473,Gonorrhea,280.0,Alabama,1999.0,Female,Unknown,99,33.0,,
31474,Gonorrhea,280.0,Alabama,2000.0,Female,0-14 years,0-14,151.0,448616.0,33.66
31475,Gonorrhea,280.0,Alabama,2000.0,Female,15-19 years,15-19,2234.0,159102.0,1404.13
31476,Gonorrhea,280.0,Alabama,2000.0,Female,20-24 years,20-24,2190.0,157040.0,1394.55
31477,Gonorrhea,280.0,Alabama,2000.0,Female,25-29 years,25-29,740.0,151271.0,489.19
31478,Gonorrhea,280.0,Alabama,2000.0,Female,30-34 years,30-34,271.0,154221.0,175.72
31479,Gonorrhea,280.0,Alabama,2000.0,Female,35-39 years,35-39,179.0,173382.0,103.24
31480,Gonorrhea,280.0,Alabama,2000.0,Female,40+ years,40+,167.0,1059451.0,15.76
31481,Gonorrhea,280.0,Alabama,2000.0,Female,Unknown,99,52.0,,
31482,Gonorrhea,280.0,Alabama,2001.0,Female,0-14 years,0-14,171.0,449742.0,38.02
31483,Gonorrhea,280.0,Alabama,2001.0,Female,15-19 years,15-19,2047.0,156153.0,1310.89
31484,Gonorrhea,280.0,Alabama,2001.0,Female,20-24 years,20-24,2126.0,160821.0,1321.97
31485,Gonorrhea,280.0,Alabama,2001.0,Female,25-29 years,25-29,691.0,147850.0,467.37
31486,Gonorrhea,280.0,Alabama,2001.0,Female,30-34 years,30-34,297.0,154662.0,192.03
31487,Gonorrhea,280.0,Alabama,2001.0,Female,35-39 years,35-39,165.0,169253.0,97.49
31488,Gonorrhea,280.0,Alabama,2001.0,Female,40+ years,40+,181.0,1071378.0,16.89
31489,Gonorrhea,280.0,Alabama,2001.0,Female,Unknown,99,34.0,,
31490,Gonorrhea,280.0,Alabama,2002.0,Female,0-14 years,0-14,140.0,447752.0,31.27
31491,Gonorrhea,280.0,Alabama,2002.0,Female,15-19 years,15-19,1794.0,154592.0,1160.47
31492,Gonorrhea,280.0,Alabama,2002.0,Female,20-24 years,20-24,1850.0,163924.0,1128.57
31493,Gonorrhea,280.0,Alabama,2002.0,Female,25-29 years,25-29,616.0,147338.0,418.09
31494,Gonorrhea,280.0,Alabama,2002.0,Female,30-34 years,30-34,290.0,156261.0,185.59
31495,Gonorrhea,280.0,Alabama,2002.0,Female,35-39 years,35-39,131.0,164738.0,79.52
31496,Gonorrhea,280.0,Alabama,2002.0,Female,40+ years,40+,127.0,1082768.0,11.73
31497,Gonorrhea,280.0,Alabama,2002.0,Female,Unknown,99,26.0,,
31498,Gonorrhea,280.0,Alabama,2003.0,Female,0-14 years,0-14,115.0,448258.0,25.65
31499,Gonorrhea,280.0,Alabama,2003.0,Female,15-19 years,15-19,1658.0,154584.0,1072.56
31500,Gonorrhea,280.0,Alabama,2003.0,Female,20-24 years,20-24,1674.0,162941.0,1027.37
31501,Gonorrhea,280.0,Alabama,2003.0,Female,25-29 years,25-29,613.0,147224.0,416.37
31502,Gonorrhea,280.0,Alabama,2003.0,Female,30-34 years,30-34,239.0,153010.0,156.2
31503,Gonorrhea,280.0,Alabama,2003.0,Female,35-39 years,35-39,119.0,158679.0,74.99
31504,Gonorrhea,280.0,Alabama,2003.0,Female,40+ years,40+,123.0,1096892.0,11.21
31505,Gonorrhea,280.0,Alabama,2003.0,Female,Unknown,99,42.0,,
31506,Gonorrhea,280.0,Alabama,2004.0,Female,0-14 years,0-14,101.0,441942.0,22.85
31507,Gonorrhea,280.0,Alabama,2004.0,Female,15-19 years,15-19,1271.0,154962.0,820.2
31508,Gonorrhea,280.0,Alabama,2004.0,Female,20-24 years,20-24,1336.0,162408.0,822.62
31509,Gonorrhea,280.0,Alabama,2004.0,Female,25-29 years,25-29,514.0,151240.0,339.86
31510,Gonorrhea,280.0,Alabama,2004.0,Female,30-34 years,30-34,205.0,152792.0,134.17
31511,Gonorrhea,280.0,Alabama,2004.0,Female,35-39 years,35-39,95.0,155625.0,61.04
31512,Gonorrhea,280.0,Alabama,2004.0,Female,40+ years,40+,124.0,1115005.0,11.12
31513,Gonorrhea,280.0,Alabama,2004.0,Female,Unknown,99,27.0,,
31514,Gonorrhea,280.0,Alabama,2005.0,Female,0-14 years,0-14,108.0,438135.0,24.65
31515,Gonorrhea,280.0,Alabama,2005.0,Female,15-19 years,15-19,1573.0,156226.0,1006.87
31516,Gonorrhea,280.0,Alabama,2005.0,Female,20-24 years,20-24,1553.0,159962.0,970.86
31517,Gonorrhea,280.0,Alabama,2005.0,Female,25-29 years,25-29,695.0,155782.0,446.14
31518,Gonorrhea,280.0,Alabama,2005.0,Female,30-34 years,30-34,259.0,150221.0,172.41
31519,Gonorrhea,280.0,Alabama,2005.0,Female,35-39 years,35-39,113.0,154608.0,73.09
31520,Gonorrhea,280.0,Alabama,2005.0,Female,40+ years,40+,160.0,1131212.0,14.14
31521,Gonorrhea,280.0,Alabama,2005.0,Female,Unknown,99,33.0,,
31522,Gonorrhea,280.0,Alabama,2006.0,Female,0-14 years,0-14,139.0,447461.0,31.06
31523,Gonorrhea,280.0,Alabama,2006.0,Female,15-19 years,15-19,2157.0,159480.0,1352.52
31524,Gonorrhea,280.0,Alabama,2006.0,Female,20-24 years,20-24,2080.0,158533.0,1312.03
31525,Gonorrhea,280.0,Alabama,2006.0,Female,25-29 years,25-29,939.0,156727.0,599.13
31526,Gonorrhea,280.0,Alabama,2006.0,Female,30-34 years,30-34,324.0,144988.0,223.47
31527,Gonorrhea,280.0,Alabama,2006.0,Female,35-39 years,35-39,132.0,154635.0,85.36
31528,Gonorrhea,280.0,Alabama,2006.0,Female,40+ years,40+,170.0,1147737.0,14.81
31529,Gonorrhea,280.0,Alabama,2006.0,Female,Unknown,99,42.0,,
31530,Gonorrhea,280.0,Alabama,2007.0,Female,0-14 years,0-14,126.0,452446.0,27.85
31531,Gonorrhea,280.0,Alabama,2007.0,Female,15-19 years,15-19,2095.0,160711.0,1303.58
31532,Gonorrhea,280.0,Alabama,2007.0,Female,20-24 years,20-24,2258.0,158899.0,1421.03
31533,Gonorrhea,280.0,Alabama,2007.0,Female,25-29 years,25-29,913.0,159303.0,573.12
31534,Gonorrhea,280.0,Alabama,2007.0,Female,30-34 years,30-34,358.0,143886.0,248.81
31535,Gonorrhea,280.0,Alabama,2007.0,Female,35-39 years,35-39,151.0,155387.0,97.18
31536,Gonorrhea,280.0,Alabama,2007.0,Female,40+ years,40+,179.0,1155094.0,15.5
31537,Gonorrhea,280.0,Alabama,2007.0,Female,Unknown,99,15.0,,
31538,Gonorrhea,280.0,Alabama,2008.0,Female,0-14 years,0-14,125.0,452432.0,27.63
31539,Gonorrhea,280.0,Alabama,2008.0,Female,15-19 years,15-19,2078.0,161617.0,1285.76
31540,Gonorrhea,280.0,Alabama,2008.0,Female,20-24 years,20-24,1964.0,158935.0,1235.73
31541,Gonorrhea,280.0,Alabama,2008.0,Female,25-29 years,25-29,817.0,159769.0,511.36
31542,Gonorrhea,280.0,Alabama,2008.0,Female,30-34 years,30-34,302.0,144883.0,208.44
31543,Gonorrhea,280.0,Alabama,2008.0,Female,35-39 years,35-39,124.0,156054.0,79.46
31544,Gonorrhea,280.0,Alabama,2008.0,Female,40+ years,40+,162.0,1170123.0,13.84
31545,Gonorrhea,280.0,Alabama,2008.0,Female,Unknown,99,10.0,,
31546,Gonorrhea,280.0,Alabama,2009.0,Female,0-14 years,0-14,68.0,457384.0,14.87
31547,Gonorrhea,280.0,Alabama,2009.0,Female,15-19 years,15-19,1591.0,161876.0,982.85
31548,Gonorrhea,280.0,Alabama,2009.0,Female,20-24 years,20-24,1587.0,163928.0,968.11
31549,Gonorrhea,280.0,Alabama,2009.0,Female,25-29 years,25-29,581.0,162557.0,357.41
31550,Gonorrhea,280.0,Alabama,2009.0,Female,30-34 years,30-34,237.0,148949.0,159.12
31551,Gonorrhea,280.0,Alabama,2009.0,Female,35-39 years,35-39,83.0,155874.0,53.25
31552,Gonorrhea,280.0,Alabama,2009.0,Female,40+ years,40+,87.0,1176528.0,7.39
31553,Gonorrhea,280.0,Alabama,2009.0,Female,Unknown,99,6.0,,
31554,Gonorrhea,280.0,Alabama,2010.0,Female,0-14 years,0-14,64.0,456819.0,14.01
31555,Gonorrhea,280.0,Alabama,2010.0,Female,15-19 years,15-19,1698.0,168320.0,1008.79
31556,Gonorrhea,280.0,Alabama,2010.0,Female,20-24 years,20-24,1615.0,167802.0,962.44
31557,Gonorrhea,280.0,Alabama,2010.0,Female,25-29 years,25-29,622.0,157318.0,395.38
31558,Gonorrhea,280.0,Alabama,2010.0,Female,30-34 years,30-34,251.0,151464.0,165.72
31559,Gonorrhea,280.0,Alabama,2010.0,Female,35-39 years,35-39,93.0,157352.0,59.1
31560,Gonorrhea,280.0,Alabama,2010.0,Female,40+ years,40+,79.0,1200473.0,6.58
31561,Gonorrhea,280.0,Alabama,2010.0,Female,Unknown,99,10.0,,
31562,Gonorrhea,280.0,Alabama,2011.0,Female,0-14 years,0-14,97.0,455910.0,21.28
31563,Gonorrhea,280.0,Alabama,2011.0,Female,15-19 years,15-19,1862.0,163082.0,1141.76
31564,Gonorrhea,280.0,Alabama,2011.0,Female,20-24 years,20-24,1939.0,174254.0,1112.74
31565,Gonorrhea,280.0,Alabama,2011.0,Female,25-29 years,25-29,711.0,157023.0,452.8
31566,Gonorrhea,280.0,Alabama,2011.0,Female,30-34 years,30-34,310.0,154895.0,200.14
31567,Gonorrhea,280.0,Alabama,2011.0,Female,35-39 years,35-39,86.0,151554.0,56.75
31568,Gonorrhea,280.0,Alabama,2011.0,Female,40+ years,40+,91.0,1216531.0,7.48
31569,Gonorrhea,280.0,Alabama,2011.0,Female,Unknown,99,7.0,,
31570,Gonorrhea,280.0,Alabama,2012.0,Female,0-14 years,0-14,91.0,457018.0,19.91
31571,Gonorrhea,280.0,Alabama,2012.0,Female,15-19 years,15-19,1838.0,158223.0,1161.65
31572,Gonorrhea,280.0,Alabama,2012.0,Female,20-24 years,20-24,1976.0,176721.0,1118.15
31573,Gonorrhea,280.0,Alabama,2012.0,Female,25-29 years,25-29,718.0,157071.0,457.12
31574,Gonorrhea,280.0,Alabama,2012.0,Female,30-34 years,30-34,288.0,156557.0,183.96
31575,Gonorrhea,280.0,Alabama,2012.0,Female,35-39 years,35-39,141.0,149864.0,94.09
31576,Gonorrhea,280.0,Alabama,2012.0,Female,40+ years,40+,130.0,1228012.0,10.59
31577,Gonorrhea,280.0,Alabama,2012.0,Female,Unknown,99,5.0,,
31578,Gonorrhea,280.0,Alabama,2013.0,Female,0-14 years,0-14,66.0,451176.0,14.63
31579,Gonorrhea,280.0,Alabama,2013.0,Female,15-19 years,15-19,1541.0,157099.0,980.91
31580,Gonorrhea,280.0,Alabama,2013.0,Female,20-24 years,20-24,1805.0,176886.0,1020.43
31581,Gonorrhea,280.0,Alabama,2013.0,Female,25-29 years,25-29,692.0,157896.0,438.26
31582,Gonorrhea,280.0,Alabama,2013.0,Female,30-34 years,30-34,304.0,157079.0,193.53
31583,Gonorrhea,280.0,Alabama,2013.0,Female,35-39 years,35-39,129.0,149455.0,86.31
31584,Gonorrhea,280.0,Alabama,2013.0,Female,40+ years,40+,130.0,1238784.0,10.49
31585,Gonorrhea,280.0,Alabama,2013.0,Female,Unknown,99,1.0,,
31586,Gonorrhea,280.0,Alabama,2014.0,Female,0-14 years,0-14,38.0,451176.0,8.42
31587,Gonorrhea,280.0,Alabama,2014.0,Female,15-19 years,15-19,1155.0,157099.0,735.21
31588,Gonorrhea,280.0,Alabama,2014.0,Female,20-24 years,20-24,1652.0,176886.0,933.93
31589,Gonorrhea,280.0,Alabama,2014.0,Female,25-29 years,25-29,736.0,157896.0,466.13
31590,Gonorrhea,280.0,Alabama,2014.0,Female,30-34 years,30-34,269.0,157079.0,171.25
31591,Gonorrhea,280.0,Alabama,2014.0,Female,35-39 years,35-39,141.0,149455.0,94.34
31592,Gonorrhea,280.0,Alabama,2014.0,Female,40+ years,40+,97.0,1238784.0,7.83
31593,Gonorrhea,280.0,Alabama,2014.0,Female,Unknown,99,2.0,,
31594,Gonorrhea,280.0,Alaska,1996.0,Female,0-14 years,0-14,8.0,76025.0,10.52
31595,Gonorrhea,280.0,Alaska,1996.0,Female,15-19 years,15-19,82.0,21581.0,379.96
31596,Gonorrhea,280.0,Alaska,1996.0,Female,20-24 years,20-24,53.0,17767.0,298.31
31597,Gonorrhea,280.0,Alaska,1996.0,Female,25-29 years,25-29,26.0,18759.0,138.6
31598,Gonorrhea,280.0,Alaska,1996.0,Female,30-34 years,30-34,25.0,28087.0,89.01
31599,Gonorrhea,280.0,Alaska,1996.0,Female,35-39 years,35-39,20.0,30034.0,66.59
31600,Gonorrhea,280.0,Alaska,1996.0,Female,40+ years,40+,21.0,99702.0,21.06
31601,Gonorrhea,280.0,Alaska,1996.0,Female,Unknown,99,5.0,,
31602,Gonorrhea,280.0,Alaska,1997.0,Female,0-14 years,0-14,5.0,76770.0,6.51
31603,Gonorrhea,280.0,Alaska,1997.0,Female,15-19 years,15-19,67.0,22313.0,300.27
31604,Gonorrhea,280.0,Alaska,1997.0,Female,20-24 years,20-24,58.0,18060.0,321.15
31605,Gonorrhea,280.0,Alaska,1997.0,Female,25-29 years,25-29,37.0,18543.0,199.54
31606,Gonorrhea,280.0,Alaska,1997.0,Female,30-34 years,30-34,27.0,26446.0,102.09
31607,Gonorrhea,280.0,Alaska,1997.0,Female,35-39 years,35-39,17.0,29408.0,57.81
31608,Gonorrhea,280.0,Alaska,1997.0,Female,40+ years,40+,14.0,103272.0,13.56
31609,Gonorrhea,280.0,Alaska,1997.0,Female,Unknown,99,5.0,,
31610,Gonorrhea,280.0,Alaska,1998.0,Female,0-14 years,0-14,4.0,78237.0,5.11
31611,Gonorrhea,280.0,Alaska,1998.0,Female,15-19 years,15-19,59.0,23174.0,254.6
31612,Gonorrhea,280.0,Alaska,1998.0,Female,20-24 years,20-24,46.0,18124.0,253.81
31613,Gonorrhea,280.0,Alaska,1998.0,Female,25-29 years,25-29,28.0,19159.0,146.15
31614,Gonorrhea,280.0,Alaska,1998.0,Female,30-34 years,30-34,16.0,24622.0,64.98
31615,Gonorrhea,280.0,Alaska,1998.0,Female,35-39 years,35-39,17.0,28682.0,59.27
31616,Gonorrhea,280.0,Alaska,1998.0,Female,40+ years,40+,11.0,106511.0,10.33
31617,Gonorrhea,280.0,Alaska,1999.0,Female,0-14 years,0-14,3.0,77413.0,3.88
31618,Gonorrhea,280.0,Alaska,1999.0,Female,15-19 years,15-19,55.0,23567.0,233.38
31619,Gonorrhea,280.0,Alaska,1999.0,Female,20-24 years,20-24,39.0,18485.0,210.98
31620,Gonorrhea,280.0,Alaska,1999.0,Female,25-29 years,25-29,21.0,20053.0,104.72
31621,Gonorrhea,280.0,Alaska,1999.0,Female,30-34 years,30-34,17.0,23259.0,73.09
31622,Gonorrhea,280.0,Alaska,1999.0,Female,35-39 years,35-39,10.0,28001.0,35.71
31623,Gonorrhea,280.0,Alaska,1999.0,Female,40+ years,40+,6.0,110488.0,5.43
31624,Gonorrhea,280.0,Alaska,1999.0,Female,Unknown,99,2.0,,
31625,Gonorrhea,280.0,Alaska,2000.0,Female,0-14 years,0-14,8.0,76604.0,10.44
31626,Gonorrhea,280.0,Alaska,2000.0,Female,15-19 years,15-19,53.0,24148.0,219.48
31627,Gonorrhea,280.0,Alaska,2000.0,Female,20-24 years,20-24,53.0,18802.0,281.88
31628,Gonorrhea,280.0,Alaska,2000.0,Female,25-29 years,25-29,37.0,20536.0,180.17
31629,Gonorrhea,280.0,Alaska,2000.0,Female,30-34 years,30-34,11.0,22263.0,49.41
31630,Gonorrhea,280.0,Alaska,2000.0,Female,35-39 years,35-39,17.0,26806.0,63.42
31631,Gonorrhea,280.0,Alaska,2000.0,Female,40+ years,40+,19.0,113950.0,16.67
31632,Gonorrhea,280.0,Alaska,2001.0,Female,0-14 years,0-14,3.0,76331.0,3.93
31633,Gonorrhea,280.0,Alaska,2001.0,Female,15-19 years,15-19,71.0,25761.0,275.61
31634,Gonorrhea,280.0,Alaska,2001.0,Female,20-24 years,20-24,65.0,19023.0,341.69
31635,Gonorrhea,280.0,Alaska,2001.0,Female,25-29 years,25-29,40.0,19767.0,202.36
31636,Gonorrhea,280.0,Alaska,2001.0,Female,30-34 years,30-34,23.0,21972.0,104.68
31637,Gonorrhea,280.0,Alaska,2001.0,Female,35-39 years,35-39,20.0,25487.0,78.47
31638,Gonorrhea,280.0,Alaska,2001.0,Female,40+ years,40+,22.0,117828.0,18.67
31639,Gonorrhea,280.0,Alaska,2002.0,Female,0-14 years,0-14,4.0,76746.0,5.21
31640,Gonorrhea,280.0,Alaska,2002.0,Female,15-19 years,15-19,109.0,27019.0,403.42
31641,Gonorrhea,280.0,Alaska,2002.0,Female,20-24 years,20-24,110.0,16403.0,670.61
31642,Gonorrhea,280.0,Alaska,2002.0,Female,25-29 years,25-29,41.0,17909.0,228.94
31643,Gonorrhea,280.0,Alaska,2002.0,Female,30-34 years,30-34,28.0,21154.0,132.36
31644,Gonorrhea,280.0,Alaska,2002.0,Female,35-39 years,35-39,24.0,23960.0,100.17
31645,Gonorrhea,280.0,Alaska,2002.0,Female,40+ years,40+,37.0,127474.0,29.03
31646,Gonorrhea,280.0,Alaska,2003.0,Female,0-14 years,0-14,2.0,75438.0,2.65
31647,Gonorrhea,280.0,Alaska,2003.0,Female,15-19 years,15-19,94.0,27255.0,344.89
31648,Gonorrhea,280.0,Alaska,2003.0,Female,20-24 years,20-24,121.0,21031.0,575.34
31649,Gonorrhea,280.0,Alaska,2003.0,Female,25-29 years,25-29,42.0,18580.0,226.05
31650,Gonorrhea,280.0,Alaska,2003.0,Female,30-34 years,30-34,31.0,21293.0,145.59
31651,Gonorrhea,280.0,Alaska,2003.0,Female,35-39 years,35-39,23.0,23321.0,98.62
31652,Gonorrhea,280.0,Alaska,2003.0,Female,40+ years,40+,26.0,126621.0,20.53
31653,Gonorrhea,280.0,Alaska,2004.0,Female,0-14 years,0-14,5.0,74856.0,6.68
31654,Gonorrhea,280.0,Alaska,2004.0,Female,15-19 years,15-19,114.0,27555.0,413.72
31655,Gonorrhea,280.0,Alaska,2004.0,Female,20-24 years,20-24,107.0,22533.0,474.86
31656,Gonorrhea,280.0,Alaska,2004.0,Female,25-29 years,25-29,48.0,18160.0,264.32
31657,Gonorrhea,280.0,Alaska,2004.0,Female,30-34 years,30-34,18.0,20870.0,86.25
31658,Gonorrhea,280.0,Alaska,2004.0,Female,35-39 years,35-39,18.0,22565.0,79.77
31659,Gonorrhea,280.0,Alaska,2004.0,Female,40+ years,40+,27.0,129986.0,20.77
31660,Gonorrhea,280.0,Alaska,2005.0,Female,0-14 years,0-14,4.0,74421.0,5.37
31661,Gonorrhea,280.0,Alaska,2005.0,Female,15-19 years,15-19,85.0,27818.0,305.56
31662,Gonorrhea,280.0,Alaska,2005.0,Female,20-24 years,20-24,107.0,23981.0,446.19
31663,Gonorrhea,280.0,Alaska,2005.0,Female,25-29 years,25-29,62.0,17992.0,344.6
31664,Gonorrhea,280.0,Alaska,2005.0,Female,30-34 years,30-34,40.0,20322.0,196.83
31665,Gonorrhea,280.0,Alaska,2005.0,Female,35-39 years,35-39,21.0,22070.0,95.15
31666,Gonorrhea,280.0,Alaska,2005.0,Female,40+ years,40+,30.0,133875.0,22.41
31667,Gonorrhea,280.0,Alaska,2006.0,Female,0-14 years,0-14,2.0,71432.0,2.8
31668,Gonorrhea,280.0,Alaska,2006.0,Female,15-19 years,15-19,92.0,24877.0,369.82
31669,Gonorrhea,280.0,Alaska,2006.0,Female,20-24 years,20-24,106.0,23375.0,453.48
31670,Gonorrhea,280.0,Alaska,2006.0,Female,25-29 years,25-29,63.0,25110.0,250.9
31671,Gonorrhea,280.0,Alaska,2006.0,Female,30-34 years,30-34,36.0,21951.0,164.0
31672,Gonorrhea,280.0,Alaska,2006.0,Female,35-39 years,35-39,19.0,22844.0,83.17
31673,Gonorrhea,280.0,Alaska,2006.0,Female,40+ years,40+,38.0,134053.0,28.35
31674,Gonorrhea,280.0,Alaska,2007.0,Female,0-14 years,0-14,1.0,72005.0,1.39
31675,Gonorrhea,280.0,Alaska,2007.0,Female,15-19 years,15-19,77.0,24985.0,308.19
31676,Gonorrhea,280.0,Alaska,2007.0,Female,20-24 years,20-24,100.0,23194.0,431.15
31677,Gonorrhea,280.0,Alaska,2007.0,Female,25-29 years,25-29,62.0,25685.0,241.39
31678,Gonorrhea,280.0,Alaska,2007.0,Female,30-34 years,30-34,32.0,21939.0,145.86
31679,Gonorrhea,280.0,Alaska,2007.0,Female,35-39 years,35-39,19.0,22913.0,82.92
31680,Gonorrhea,280.0,Alaska,2007.0,Female,40+ years,40+,35.0,137917.0,25.38
31681,Gonorrhea,280.0,Alaska,2008.0,Female,0-14 years,0-14,3.0,71875.0,4.17
31682,Gonorrhea,280.0,Alaska,2008.0,Female,15-19 years,15-19,80.0,24243.0,329.99
31683,Gonorrhea,280.0,Alaska,2008.0,Female,20-24 years,20-24,115.0,22983.0,500.37
31684,Gonorrhea,280.0,Alaska,2008.0,Female,25-29 years,25-29,57.0,26277.0,216.92
31685,Gonorrhea,280.0,Alaska,2008.0,Female,30-34 years,30-34,22.0,22046.0,99.79
31686,Gonorrhea,280.0,Alaska,2008.0,Female,35-39 years,35-39,17.0,22625.0,75.14
31687,Gonorrhea,280.0,Alaska,2008.0,Female,40+ years,40+,27.0,138637.0,19.48
31688,Gonorrhea,280.0,Alaska,2009.0,Female,0-14 years,0-14,4.0,73913.0,5.41
31689,Gonorrhea,280.0,Alaska,2009.0,Female,15-19 years,15-19,119.0,24833.0,479.2
31690,Gonorrhea,280.0,Alaska,2009.0,Female,20-24 years,20-24,177.0,26046.0,679.57
31691,Gonorrhea,280.0,Alaska,2009.0,Female,25-29 years,25-29,83.0,27166.0,305.53
31692,Gonorrhea,280.0,Alaska,2009.0,Female,30-34 years,30-34,47.0,22308.0,210.69
31693,Gonorrhea,280.0,Alaska,2009.0,Female,35-39 years,35-39,38.0,21905.0,173.48
31694,Gonorrhea,280.0,Alaska,2009.0,Female,40+ years,40+,48.0,140077.0,34.27
31695,Gonorrhea,280.0,Alaska,2010.0,Female,0-14 years,0-14,7.0,75618.0,9.26
31696,Gonorrhea,280.0,Alaska,2010.0,Female,15-19 years,15-19,161.0,24962.0,644.98
31697,Gonorrhea,280.0,Alaska,2010.0,Female,20-24 years,20-24,235.0,24713.0,950.92
31698,Gonorrhea,280.0,Alaska,2010.0,Female,25-29 years,25-29,120.0,26112.0,459.56
31699,Gonorrhea,280.0,Alaska,2010.0,Female,30-34 years,30-34,68.0,22845.0,297.66
31700,Gonorrhea,280.0,Alaska,2010.0,Female,35-39 years,35-39,52.0,22102.0,235.27
31701,Gonorrhea,280.0,Alaska,2010.0,Female,40+ years,40+,55.0,144251.0,38.13
31702,Gonorrhea,280.0,Alaska,2011.0,Female,0-14 years,0-14,9.0,76396.0,11.78
31703,Gonorrhea,280.0,Alaska,2011.0,Female,15-19 years,15-19,100.0,24340.0,410.85
31704,Gonorrhea,280.0,Alaska,2011.0,Female,20-24 years,20-24,177.0,25852.0,684.67
31705,Gonorrhea,280.0,Alaska,2011.0,Female,25-29 years,25-29,110.0,27263.0,403.48
31706,Gonorrhea,280.0,Alaska,2011.0,Female,30-34 years,30-34,44.0,24059.0,182.88
31707,Gonorrhea,280.0,Alaska,2011.0,Female,35-39 years,35-39,31.0,21614.0,143.43
31708,Gonorrhea,280.0,Alaska,2011.0,Female,40+ years,40+,44.0,148002.0,29.73
31709,Gonorrhea,280.0,Alaska,2012.0,Female,0-14 years,0-14,3.0,75955.0,3.95
31710,Gonorrhea,280.0,Alaska,2012.0,Female,15-19 years,15-19,60.0,23681.0,253.37
31711,Gonorrhea,280.0,Alaska,2012.0,Female,20-24 years,20-24,131.0,26829.0,488.28
31712,Gonorrhea,280.0,Alaska,2012.0,Female,25-29 years,25-29,79.0,27688.0,285.32
31713,Gonorrhea,280.0,Alaska,2012.0,Female,30-34 years,30-34,46.0,24788.0,185.57
31714,Gonorrhea,280.0,Alaska,2012.0,Female,35-39 years,35-39,24.0,21758.0,110.3
31715,Gonorrhea,280.0,Alaska,2012.0,Female,40+ years,40+,42.0,149512.0,28.09
31716,Gonorrhea,280.0,Alaska,2013.0,Female,0-14 years,0-14,4.0,76411.0,5.23
31717,Gonorrhea,280.0,Alaska,2013.0,Female,15-19 years,15-19,66.0,23386.0,282.22
31718,Gonorrhea,280.0,Alaska,2013.0,Female,20-24 years,20-24,198.0,26977.0,733.96
31719,Gonorrhea,280.0,Alaska,2013.0,Female,25-29 years,25-29,138.0,27793.0,496.53
31720,Gonorrhea,280.0,Alaska,2013.0,Female,30-34 years,30-34,91.0,25496.0,356.92
31721,Gonorrhea,280.0,Alaska,2013.0,Female,35-39 years,35-39,45.0,21553.0,208.79
31722,Gonorrhea,280.0,Alaska,2013.0,Female,40+ years,40+,47.0,147948.0,31.77
31723,Gonorrhea,280.0,Alaska,2014.0,Female,0-14 years,0-14,3.0,76411.0,3.93
31724,Gonorrhea,280.0,Alaska,2014.0,Female,15-19 years,15-19,87.0,23386.0,372.02
31725,Gonorrhea,280.0,Alaska,2014.0,Female,20-24 years,20-24,197.0,26977.0,730.25
31726,Gonorrhea,280.0,Alaska,2014.0,Female,25-29 years,25-29,169.0,27793.0,608.07
31727,Gonorrhea,280.0,Alaska,2014.0,Female,30-34 years,30-34,79.0,25496.0,309.85
31728,Gonorrhea,280.0,Alaska,2014.0,Female,35-39 years,35-39,47.0,21553.0,218.07
31729,Gonorrhea,280.0,Alaska,2014.0,Female,40+ years,40+,83.0,147948.0,56.1
31730,Gonorrhea,280.0,Arizona,1996.0,Female,0-14 years,0-14,63.0,499367.0,12.62
31731,Gonorrhea,280.0,Arizona,1996.0,Female,15-19 years,15-19,574.0,153912.0,372.94
31732,Gonorrhea,280.0,Arizona,1996.0,Female,20-24 years,20-24,458.0,149522.0,306.31
31733,Gonorrhea,280.0,Arizona,1996.0,Female,25-29 years,25-29,245.0,170333.0,143.84
31734,Gonorrhea,280.0,Arizona,1996.0,Female,30-34 years,30-34,142.0,183034.0,77.58
31735,Gonorrhea,280.0,Arizona,1996.0,Female,35-39 years,35-39,124.0,183785.0,67.47
31736,Gonorrhea,280.0,Arizona,1996.0,Female,40+ years,40+,80.0,966929.0,8.27
31737,Gonorrhea,280.0,Arizona,1997.0,Female,0-14 years,0-14,38.0,506147.0,7.51
31738,Gonorrhea,280.0,Arizona,1997.0,Female,15-19 years,15-19,521.0,160708.0,324.19
31739,Gonorrhea,280.0,Arizona,1997.0,Female,20-24 years,20-24,410.0,154746.0,264.95
31740,Gonorrhea,280.0,Arizona,1997.0,Female,25-29 years,25-29,284.0,175420.0,161.9
31741,Gonorrhea,280.0,Arizona,1997.0,Female,30-34 years,30-34,170.0,182019.0,93.4
31742,Gonorrhea,280.0,Arizona,1997.0,Female,35-39 years,35-39,123.0,189587.0,64.88
31743,Gonorrhea,280.0,Arizona,1997.0,Female,40+ years,40+,73.0,1010960.0,7.22
31744,Gonorrhea,280.0,Arizona,1998.0,Female,0-14 years,0-14,36.0,526409.0,6.84
31745,Gonorrhea,280.0,Arizona,1998.0,Female,15-19 years,15-19,551.0,167956.0,328.06
31746,Gonorrhea,280.0,Arizona,1998.0,Female,20-24 years,20-24,453.0,159835.0,283.42
31747,Gonorrhea,280.0,Arizona,1998.0,Female,25-29 years,25-29,300.0,177129.0,169.37
31748,Gonorrhea,280.0,Arizona,1998.0,Female,30-34 years,30-34,168.0,178584.0,94.07
31749,Gonorrhea,280.0,Arizona,1998.0,Female,35-39 years,35-39,117.0,192085.0,60.91
31750,Gonorrhea,280.0,Arizona,1998.0,Female,40+ years,40+,85.0,1048590.0,8.11
31751,Gonorrhea,280.0,Arizona,1999.0,Female,0-14 years,0-14,39.0,546847.0,7.13
31752,Gonorrhea,280.0,Arizona,1999.0,Female,15-19 years,15-19,588.0,173368.0,339.16
31753,Gonorrhea,280.0,Arizona,1999.0,Female,20-24 years,20-24,486.0,166323.0,292.2
31754,Gonorrhea,280.0,Arizona,1999.0,Female,25-29 years,25-29,258.0,178042.0,144.91
31755,Gonorrhea,280.0,Arizona,1999.0,Female,30-34 years,30-34,168.0,176739.0,95.06
31756,Gonorrhea,280.0,Arizona,1999.0,Female,35-39 years,35-39,120.0,193497.0,62.02
31757,Gonorrhea,280.0,Arizona,1999.0,Female,40+ years,40+,90.0,1083483.0,8.31
31758,Gonorrhea,280.0,Arizona,2000.0,Female,0-14 years,0-14,36.0,583174.0,6.17
31759,Gonorrhea,280.0,Arizona,2000.0,Female,15-19 years,15-19,572.0,178642.0,320.19
31760,Gonorrhea,280.0,Arizona,2000.0,Female,20-24 years,20-24,499.0,171318.0,291.27
31761,Gonorrhea,280.0,Arizona,2000.0,Female,25-29 years,25-29,271.0,176286.0,153.73
31762,Gonorrhea,280.0,Arizona,2000.0,Female,30-34 years,30-34,175.0,176349.0,99.23
31763,Gonorrhea,280.0,Arizona,2000.0,Female,35-39 years,35-39,108.0,190309.0,56.75
31764,Gonorrhea,280.0,Arizona,2000.0,Female,40+ years,40+,97.0,1111112.0,8.73
31765,Gonorrhea,280.0,Arizona,2001.0,Female,0-14 years,0-14,38.0,591414.0,6.43
31766,Gonorrhea,280.0,Arizona,2001.0,Female,15-19 years,15-19,535.0,181180.0,295.29
31767,Gonorrhea,280.0,Arizona,2001.0,Female,20-24 years,20-24,563.0,178760.0,314.95
31768,Gonorrhea,280.0,Arizona,2001.0,Female,25-29 years,25-29,247.0,178559.0,138.33
31769,Gonorrhea,280.0,Arizona,2001.0,Female,30-34 years,30-34,137.0,183107.0,74.82
31770,Gonorrhea,280.0,Arizona,2001.0,Female,35-39 years,35-39,85.0,190445.0,44.63
31771,Gonorrhea,280.0,Arizona,2001.0,Female,40+ years,40+,98.0,1153402.0,8.5
31772,Gonorrhea,280.0,Arizona,2002.0,Female,0-14 years,0-14,30.0,607122.0,4.94
31773,Gonorrhea,280.0,Arizona,2002.0,Female,15-19 years,15-19,469.0,185694.0,252.57
31774,Gonorrhea,280.0,Arizona,2002.0,Female,20-24 years,20-24,531.0,185999.0,285.49
31775,Gonorrhea,280.0,Arizona,2002.0,Female,25-29 years,25-29,254.0,181698.0,139.79
31776,Gonorrhea,280.0,Arizona,2002.0,Female,30-34 years,30-34,158.0,189092.0,83.56
31777,Gonorrhea,280.0,Arizona,2002.0,Female,35-39 years,35-39,106.0,189047.0,56.07
31778,Gonorrhea,280.0,Arizona,2002.0,Female,40+ years,40+,103.0,1191945.0,8.64
31779,Gonorrhea,280.0,Arizona,2003.0,Female,0-14 years,0-14,35.0,625401.0,5.6
31780,Gonorrhea,280.0,Arizona,2003.0,Female,15-19 years,15-19,503.0,189118.0,265.97
31781,Gonorrhea,280.0,Arizona,2003.0,Female,20-24 years,20-24,539.0,191717.0,281.14
31782,Gonorrhea,280.0,Arizona,2003.0,Female,25-29 years,25-29,241.0,188749.0,127.68
31783,Gonorrhea,280.0,Arizona,2003.0,Female,30-34 years,30-34,149.0,193941.0,76.83
31784,Gonorrhea,280.0,Arizona,2003.0,Female,35-39 years,35-39,87.0,186772.0,46.58
31785,Gonorrhea,280.0,Arizona,2003.0,Female,40+ years,40+,82.0,1213606.0,6.76
31786,Gonorrhea,280.0,Arizona,2004.0,Female,0-14 years,0-14,44.0,636353.0,6.91
31787,Gonorrhea,280.0,Arizona,2004.0,Female,15-19 years,15-19,530.0,195412.0,271.22
31788,Gonorrhea,280.0,Arizona,2004.0,Female,20-24 years,20-24,602.0,198195.0,303.74
31789,Gonorrhea,280.0,Arizona,2004.0,Female,25-29 years,25-29,265.0,195820.0,135.33
31790,Gonorrhea,280.0,Arizona,2004.0,Female,30-34 years,30-34,150.0,198928.0,75.4
31791,Gonorrhea,280.0,Arizona,2004.0,Female,35-39 years,35-39,83.0,187924.0,44.17
31792,Gonorrhea,280.0,Arizona,2004.0,Female,40+ years,40+,113.0,1257539.0,8.99
31793,Gonorrhea,280.0,Arizona,2005.0,Female,0-14 years,0-14,47.0,647383.0,7.26
31794,Gonorrhea,280.0,Arizona,2005.0,Female,15-19 years,15-19,721.0,203231.0,354.77
31795,Gonorrhea,280.0,Arizona,2005.0,Female,20-24 years,20-24,744.0,203862.0,364.95
31796,Gonorrhea,280.0,Arizona,2005.0,Female,25-29 years,25-29,390.0,205562.0,189.72
31797,Gonorrhea,280.0,Arizona,2005.0,Female,30-34 years,30-34,188.0,202539.0,92.82
31798,Gonorrhea,280.0,Arizona,2005.0,Female,35-39 years,35-39,116.0,193946.0,59.81
31799,Gonorrhea,280.0,Arizona,2005.0,Female,40+ years,40+,132.0,1309695.0,10.08
31800,Gonorrhea,280.0,Arizona,2006.0,Female,0-14 years,0-14,46.0,665142.0,6.92
31801,Gonorrhea,280.0,Arizona,2006.0,Female,15-19 years,15-19,804.0,206887.0,388.62
31802,Gonorrhea,280.0,Arizona,2006.0,Female,20-24 years,20-24,893.0,202187.0,441.67
31803,Gonorrhea,280.0,Arizona,2006.0,Female,25-29 years,25-29,580.0,223104.0,259.97
31804,Gonorrhea,280.0,Arizona,2006.0,Female,30-34 years,30-34,228.0,205995.0,110.68
31805,Gonorrhea,280.0,Arizona,2006.0,Female,35-39 years,35-39,149.0,205899.0,72.37
31806,Gonorrhea,280.0,Arizona,2006.0,Female,40+ years,40+,147.0,1371349.0,10.72
31807,Gonorrhea,280.0,Arizona,2007.0,Female,0-14 years,0-14,41.0,683862.0,6.0
31808,Gonorrhea,280.0,Arizona,2007.0,Female,15-19 years,15-19,710.0,210354.0,337.53
31809,Gonorrhea,280.0,Arizona,2007.0,Female,20-24 years,20-24,739.0,200385.0,368.79
31810,Gonorrhea,280.0,Arizona,2007.0,Female,25-29 years,25-29,402.0,229044.0,175.51
31811,Gonorrhea,280.0,Arizona,2007.0,Female,30-34 years,30-34,214.0,208202.0,102.78
31812,Gonorrhea,280.0,Arizona,2007.0,Female,35-39 years,35-39,110.0,211449.0,52.02
31813,Gonorrhea,280.0,Arizona,2007.0,Female,40+ years,40+,126.0,1422315.0,8.86
31814,Gonorrhea,280.0,Arizona,2008.0,Female,0-14 years,0-14,24.0,701217.0,3.42
31815,Gonorrhea,280.0,Arizona,2008.0,Female,15-19 years,15-19,468.0,214292.0,218.39
31816,Gonorrhea,280.0,Arizona,2008.0,Female,20-24 years,20-24,548.0,203336.0,269.5
31817,Gonorrhea,280.0,Arizona,2008.0,Female,25-29 years,25-29,260.0,231204.0,112.45
31818,Gonorrhea,280.0,Arizona,2008.0,Female,30-34 years,30-34,111.0,212471.0,52.24
31819,Gonorrhea,280.0,Arizona,2008.0,Female,35-39 years,35-39,84.0,214503.0,39.16
31820,Gonorrhea,280.0,Arizona,2008.0,Female,40+ years,40+,82.0,1466466.0,5.59
31821,Gonorrhea,280.0,Arizona,2009.0,Female,0-14 years,0-14,27.0,713789.0,3.78
31822,Gonorrhea,280.0,Arizona,2009.0,Female,15-19 years,15-19,453.0,215054.0,210.65
31823,Gonorrhea,280.0,Arizona,2009.0,Female,20-24 years,20-24,520.0,207790.0,250.25
31824,Gonorrhea,280.0,Arizona,2009.0,Female,25-29 years,25-29,235.0,235319.0,99.86
31825,Gonorrhea,280.0,Arizona,2009.0,Female,30-34 years,30-34,110.0,218966.0,50.24
31826,Gonorrhea,280.0,Arizona,2009.0,Female,35-39 years,35-39,73.0,214929.0,33.96
31827,Gonorrhea,280.0,Arizona,2009.0,Female,40+ years,40+,57.0,1483090.0,3.84
31828,Gonorrhea,280.0,Arizona,2010.0,Female,0-14 years,0-14,24.0,665256.0,3.61
31829,Gonorrhea,280.0,Arizona,2010.0,Female,15-19 years,15-19,524.0,224302.0,233.61
31830,Gonorrhea,280.0,Arizona,2010.0,Female,20-24 years,20-24,544.0,213022.0,255.37
31831,Gonorrhea,280.0,Arizona,2010.0,Female,25-29 years,25-29,221.0,214390.0,103.08
31832,Gonorrhea,280.0,Arizona,2010.0,Female,30-34 years,30-34,114.0,204472.0,55.75
31833,Gonorrhea,280.0,Arizona,2010.0,Female,35-39 years,35-39,55.0,205469.0,26.77
31834,Gonorrhea,280.0,Arizona,2010.0,Female,40+ years,40+,71.0,1489283.0,4.77
31835,Gonorrhea,280.0,Arizona,2011.0,Female,0-14 years,0-14,29.0,664010.0,4.37
31836,Gonorrhea,280.0,Arizona,2011.0,Female,15-19 years,15-19,684.0,218214.0,313.45
31837,Gonorrhea,280.0,Arizona,2011.0,Female,20-24 years,20-24,803.0,222818.0,360.38
31838,Gonorrhea,280.0,Arizona,2011.0,Female,25-29 years,25-29,335.0,214612.0,156.1
31839,Gonorrhea,280.0,Arizona,2011.0,Female,30-34 years,30-34,170.0,209135.0,81.29
31840,Gonorrhea,280.0,Arizona,2011.0,Female,35-39 years,35-39,76.0,200948.0,37.82
31841,Gonorrhea,280.0,Arizona,2011.0,Female,40+ years,40+,115.0,1528897.0,7.52
31842,Gonorrhea,280.0,Arizona,2012.0,Female,0-14 years,0-14,24.0,662164.0,3.62
31843,Gonorrhea,280.0,Arizona,2012.0,Female,15-19 years,15-19,809.0,216974.0,372.86
31844,Gonorrhea,280.0,Arizona,2012.0,Female,20-24 years,20-24,987.0,228468.0,432.01
31845,Gonorrhea,280.0,Arizona,2012.0,Female,25-29 years,25-29,494.0,214147.0,230.68
31846,Gonorrhea,280.0,Arizona,2012.0,Female,30-34 years,30-34,244.0,212548.0,114.8
31847,Gonorrhea,280.0,Arizona,2012.0,Female,35-39 years,35-39,121.0,200386.0,60.38
31848,Gonorrhea,280.0,Arizona,2012.0,Female,40+ years,40+,148.0,1560085.0,9.49
31849,Gonorrhea,280.0,Arizona,2013.0,Female,0-14 years,0-14,30.0,660521.0,4.54
31850,Gonorrhea,280.0,Arizona,2013.0,Female,15-19 years,15-19,724.0,218723.0,331.01
31851,Gonorrhea,280.0,Arizona,2013.0,Female,20-24 years,20-24,1068.0,233787.0,456.83
31852,Gonorrhea,280.0,Arizona,2013.0,Female,25-29 years,25-29,589.0,211815.0,278.07
31853,Gonorrhea,280.0,Arizona,2013.0,Female,30-34 years,30-34,335.0,215187.0,155.68
31854,Gonorrhea,280.0,Arizona,2013.0,Female,35-39 years,35-39,173.0,202010.0,85.64
31855,Gonorrhea,280.0,Arizona,2013.0,Female,40+ years,40+,183.0,1589462.0,11.51
31856,Gonorrhea,280.0,Arizona,2014.0,Female,0-14 years,0-14,21.0,660521.0,3.18
31857,Gonorrhea,280.0,Arizona,2014.0,Female,15-19 years,15-19,699.0,218723.0,319.58
31858,Gonorrhea,280.0,Arizona,2014.0,Female,20-24 years,20-24,1216.0,233787.0,520.13
31859,Gonorrhea,280.0,Arizona,2014.0,Female,25-29 years,25-29,708.0,211815.0,334.25
31860,Gonorrhea,280.0,Arizona,2014.0,Female,30-34 years,30-34,443.0,215187.0,205.87
31861,Gonorrhea,280.0,Arizona,2014.0,Female,35-39 years,35-39,223.0,202010.0,110.39
31862,Gonorrhea,280.0,Arizona,2014.0,Female,40+ years,40+,254.0,1589462.0,15.98
31863,Gonorrhea,280.0,Arkansas,1996.0,Female,0-14 years,0-14,128.0,271613.0,47.13
31864,Gonorrhea,280.0,Arkansas,1996.0,Female,15-19 years,15-19,1103.0,95549.0,1154.38
31865,Gonorrhea,280.0,Arkansas,1996.0,Female,20-24 years,20-24,686.0,88180.0,777.95
31866,Gonorrhea,280.0,Arkansas,1996.0,Female,25-29 years,25-29,282.0,84503.0,333.72
31867,Gonorrhea,280.0,Arkansas,1996.0,Female,30-34 years,30-34,129.0,93568.0,137.87
31868,Gonorrhea,280.0,Arkansas,1996.0,Female,35-39 years,35-39,71.0,98661.0,71.96
31869,Gonorrhea,280.0,Arkansas,1996.0,Female,40+ years,40+,53.0,591629.0,8.96
31870,Gonorrhea,280.0,Arkansas,1996.0,Female,Unknown,99,34.0,,
31871,Gonorrhea,280.0,Arkansas,1997.0,Female,0-14 years,0-14,99.0,272052.0,36.39
31872,Gonorrhea,280.0,Arkansas,1997.0,Female,15-19 years,15-19,887.0,96519.0,918.99
31873,Gonorrhea,280.0,Arkansas,1997.0,Female,20-24 years,20-24,647.0,88402.0,731.88
31874,Gonorrhea,280.0,Arkansas,1997.0,Female,25-29 years,25-29,238.0,86177.0,276.18
31875,Gonorrhea,280.0,Arkansas,1997.0,Female,30-34 years,30-34,95.0,91360.0,103.98
31876,Gonorrhea,280.0,Arkansas,1997.0,Female,35-39 years,35-39,71.0,99445.0,71.4
31877,Gonorrhea,280.0,Arkansas,1997.0,Female,40+ years,40+,38.0,603199.0,6.3
31878,Gonorrhea,280.0,Arkansas,1998.0,Female,0-14 years,0-14,63.0,273978.0,22.99
31879,Gonorrhea,280.0,Arkansas,1998.0,Female,15-19 years,15-19,836.0,97428.0,858.07
31880,Gonorrhea,280.0,Arkansas,1998.0,Female,20-24 years,20-24,603.0,88491.0,681.42
31881,Gonorrhea,280.0,Arkansas,1998.0,Female,25-29 years,25-29,219.0,87156.0,251.27
31882,Gonorrhea,280.0,Arkansas,1998.0,Female,30-34 years,30-34,87.0,88838.0,97.93
31883,Gonorrhea,280.0,Arkansas,1998.0,Female,35-39 years,35-39,57.0,100026.0,56.99
31884,Gonorrhea,280.0,Arkansas,1998.0,Female,40+ years,40+,47.0,612503.0,7.67
31885,Gonorrhea,280.0,Arkansas,1998.0,Female,Unknown,99,10.0,,
31886,Gonorrhea,280.0,Arkansas,1999.0,Female,0-14 years,0-14,61.0,274039.0,22.26
31887,Gonorrhea,280.0,Arkansas,1999.0,Female,15-19 years,15-19,685.0,97269.0,704.23
31888,Gonorrhea,280.0,Arkansas,1999.0,Female,20-24 years,20-24,513.0,89045.0,576.11
31889,Gonorrhea,280.0,Arkansas,1999.0,Female,25-29 years,25-29,163.0,87684.0,185.9
31890,Gonorrhea,280.0,Arkansas,1999.0,Female,30-34 years,30-34,64.0,87562.0,73.09
31891,Gonorrhea,280.0,Arkansas,1999.0,Female,35-39 years,35-39,42.0,100929.0,41.61
31892,Gonorrhea,280.0,Arkansas,1999.0,Female,40+ years,40+,27.0,622917.0,4.33
31893,Gonorrhea,280.0,Arkansas,1999.0,Female,Unknown,99,21.0,,
31894,Gonorrhea,280.0,Arkansas,2000.0,Female,0-14 years,0-14,52.0,274034.0,18.98
31895,Gonorrhea,280.0,Arkansas,2000.0,Female,15-19 years,15-19,719.0,96376.0,746.04
31896,Gonorrhea,280.0,Arkansas,2000.0,Female,20-24 years,20-24,657.0,90626.0,724.96
31897,Gonorrhea,280.0,Arkansas,2000.0,Female,25-29 years,25-29,217.0,87056.0,249.26
31898,Gonorrhea,280.0,Arkansas,2000.0,Female,30-34 years,30-34,78.0,88288.0,88.35
31899,Gonorrhea,280.0,Arkansas,2000.0,Female,35-39 years,35-39,47.0,100506.0,46.76
31900,Gonorrhea,280.0,Arkansas,2000.0,Female,40+ years,40+,31.0,634240.0,4.89
31901,Gonorrhea,280.0,Arkansas,2000.0,Female,Unknown,99,6.0,,
31902,Gonorrhea,280.0,Arkansas,2001.0,Female,0-14 years,0-14,72.0,274703.0,26.21
31903,Gonorrhea,280.0,Arkansas,2001.0,Female,15-19 years,15-19,891.0,95369.0,934.27
31904,Gonorrhea,280.0,Arkansas,2001.0,Female,20-24 years,20-24,811.0,93155.0,870.59
31905,Gonorrhea,280.0,Arkansas,2001.0,Female,25-29 years,25-29,327.0,85563.0,382.18
31906,Gonorrhea,280.0,Arkansas,2001.0,Female,30-34 years,30-34,141.0,89018.0,158.4
31907,Gonorrhea,280.0,Arkansas,2001.0,Female,35-39 years,35-39,80.0,98343.0,81.35
31908,Gonorrhea,280.0,Arkansas,2001.0,Female,40+ years,40+,53.0,642301.0,8.25
31909,Gonorrhea,280.0,Arkansas,2001.0,Female,Unknown,99,29.0,,
31910,Gonorrhea,280.0,Arkansas,2002.0,Female,0-14 years,0-14,86.0,273804.0,31.41
31911,Gonorrhea,280.0,Arkansas,2002.0,Female,15-19 years,15-19,911.0,94869.0,960.27
31912,Gonorrhea,280.0,Arkansas,2002.0,Female,20-24 years,20-24,842.0,95596.0,880.79
31913,Gonorrhea,280.0,Arkansas,2002.0,Female,25-29 years,25-29,311.0,85248.0,364.82
31914,Gonorrhea,280.0,Arkansas,2002.0,Female,30-34 years,30-34,112.0,90157.0,124.23
31915,Gonorrhea,280.0,Arkansas,2002.0,Female,35-39 years,35-39,69.0,95816.0,72.01
31916,Gonorrhea,280.0,Arkansas,2002.0,Female,40+ years,40+,39.0,650023.0,6.0
31917,Gonorrhea,280.0,Arkansas,2002.0,Female,Unknown,99,18.0,,
31918,Gonorrhea,280.0,Arkansas,2003.0,Female,0-14 years,0-14,69.0,276209.0,24.98
31919,Gonorrhea,280.0,Arkansas,2003.0,Female,15-19 years,15-19,758.0,94707.0,800.36
31920,Gonorrhea,280.0,Arkansas,2003.0,Female,20-24 years,20-24,751.0,96850.0,775.43
31921,Gonorrhea,280.0,Arkansas,2003.0,Female,25-29 years,25-29,265.0,86091.0,307.81
31922,Gonorrhea,280.0,Arkansas,2003.0,Female,30-34 years,30-34,123.0,89198.0,137.9
31923,Gonorrhea,280.0,Arkansas,2003.0,Female,35-39 years,35-39,62.0,92202.0,67.24
31924,Gonorrhea,280.0,Arkansas,2003.0,Female,40+ years,40+,65.0,656581.0,9.9
31925,Gonorrhea,280.0,Arkansas,2003.0,Female,Unknown,99,15.0,,
31926,Gonorrhea,280.0,Arkansas,2004.0,Female,0-14 years,0-14,75.0,273807.0,27.39
31927,Gonorrhea,280.0,Arkansas,2004.0,Female,15-19 years,15-19,737.0,94784.0,777.56
31928,Gonorrhea,280.0,Arkansas,2004.0,Female,20-24 years,20-24,720.0,98022.0,734.53
31929,Gonorrhea,280.0,Arkansas,2004.0,Female,25-29 years,25-29,291.0,88627.0,328.34
31930,Gonorrhea,280.0,Arkansas,2004.0,Female,30-34 years,30-34,93.0,89509.0,103.9
31931,Gonorrhea,280.0,Arkansas,2004.0,Female,35-39 years,35-39,71.0,90405.0,78.54
31932,Gonorrhea,280.0,Arkansas,2004.0,Female,40+ years,40+,39.0,668756.0,5.83
31933,Gonorrhea,280.0,Arkansas,2004.0,Female,Unknown,99,6.0,,
31934,Gonorrhea,280.0,Arkansas,2005.0,Female,0-14 years,0-14,84.0,272616.0,30.81
31935,Gonorrhea,280.0,Arkansas,2005.0,Female,15-19 years,15-19,844.0,95546.0,883.34
31936,Gonorrhea,280.0,Arkansas,2005.0,Female,20-24 years,20-24,799.0,97755.0,817.35
31937,Gonorrhea,280.0,Arkansas,2005.0,Female,25-29 years,25-29,314.0,91514.0,343.12
31938,Gonorrhea,280.0,Arkansas,2005.0,Female,30-34 years,30-34,102.0,88918.0,114.71
31939,Gonorrhea,280.0,Arkansas,2005.0,Female,35-39 years,35-39,52.0,90379.0,57.54
31940,Gonorrhea,280.0,Arkansas,2005.0,Female,40+ years,40+,45.0,679463.0,6.62
31941,Gonorrhea,280.0,Arkansas,2005.0,Female,Unknown,99,12.0,,
31942,Gonorrhea,280.0,Arkansas,2006.0,Female,0-14 years,0-14,61.0,278969.0,21.87
31943,Gonorrhea,280.0,Arkansas,2006.0,Female,15-19 years,15-19,859.0,95410.0,900.33
31944,Gonorrhea,280.0,Arkansas,2006.0,Female,20-24 years,20-24,745.0,92554.0,804.93
31945,Gonorrhea,280.0,Arkansas,2006.0,Female,25-29 years,25-29,305.0,99744.0,305.78
31946,Gonorrhea,280.0,Arkansas,2006.0,Female,30-34 years,30-34,95.0,87474.0,108.6
31947,Gonorrhea,280.0,Arkansas,2006.0,Female,35-39 years,35-39,60.0,91210.0,65.78
31948,Gonorrhea,280.0,Arkansas,2006.0,Female,40+ years,40+,54.0,687800.0,7.85
31949,Gonorrhea,280.0,Arkansas,2006.0,Female,Unknown,99,3.0,,
31950,Gonorrhea,280.0,Arkansas,2007.0,Female,0-14 years,0-14,51.0,283230.0,18.01
31951,Gonorrhea,280.0,Arkansas,2007.0,Female,15-19 years,15-19,930.0,96115.0,967.59
31952,Gonorrhea,280.0,Arkansas,2007.0,Female,20-24 years,20-24,756.0,91084.0,830.0
31953,Gonorrhea,280.0,Arkansas,2007.0,Female,25-29 years,25-29,307.0,101082.0,303.71
31954,Gonorrhea,280.0,Arkansas,2007.0,Female,30-34 years,30-34,138.0,87219.0,158.22
31955,Gonorrhea,280.0,Arkansas,2007.0,Female,35-39 years,35-39,41.0,92386.0,44.38
31956,Gonorrhea,280.0,Arkansas,2007.0,Female,40+ years,40+,48.0,694482.0,6.91
31957,Gonorrhea,280.0,Arkansas,2007.0,Female,Unknown,99,4.0,,
31958,Gonorrhea,280.0,Arkansas,2008.0,Female,0-14 years,0-14,68.0,285319.0,23.83
31959,Gonorrhea,280.0,Arkansas,2008.0,Female,15-19 years,15-19,971.0,96050.0,1010.93
31960,Gonorrhea,280.0,Arkansas,2008.0,Female,20-24 years,20-24,854.0,90881.0,939.69
31961,Gonorrhea,280.0,Arkansas,2008.0,Female,25-29 years,25-29,374.0,100167.0,373.38
31962,Gonorrhea,280.0,Arkansas,2008.0,Female,30-34 years,30-34,116.0,89094.0,130.2
31963,Gonorrhea,280.0,Arkansas,2008.0,Female,35-39 years,35-39,70.0,92599.0,75.59
31964,Gonorrhea,280.0,Arkansas,2008.0,Female,40+ years,40+,62.0,702645.0,8.82
31965,Gonorrhea,280.0,Arkansas,2008.0,Female,Unknown,99,5.0,,
31966,Gonorrhea,280.0,Arkansas,2009.0,Female,0-14 years,0-14,50.0,289734.0,17.26
31967,Gonorrhea,280.0,Arkansas,2009.0,Female,15-19 years,15-19,1033.0,97173.0,1063.05
31968,Gonorrhea,280.0,Arkansas,2009.0,Female,20-24 years,20-24,911.0,94043.0,968.71
31969,Gonorrhea,280.0,Arkansas,2009.0,Female,25-29 years,25-29,335.0,100619.0,332.94
31970,Gonorrhea,280.0,Arkansas,2009.0,Female,30-34 years,30-34,135.0,92137.0,146.52
31971,Gonorrhea,280.0,Arkansas,2009.0,Female,35-39 years,35-39,50.0,92075.0,54.3
31972,Gonorrhea,280.0,Arkansas,2009.0,Female,40+ years,40+,38.0,708169.0,5.37
31973,Gonorrhea,280.0,Arkansas,2009.0,Female,Unknown,99,10.0,,
31974,Gonorrhea,280.0,Arkansas,2010.0,Female,0-14 years,0-14,49.0,289408.0,16.93
31975,Gonorrhea,280.0,Arkansas,2010.0,Female,15-19 years,15-19,1053.0,99627.0,1056.94
31976,Gonorrhea,280.0,Arkansas,2010.0,Female,20-24 years,20-24,1011.0,98849.0,1022.77
31977,Gonorrhea,280.0,Arkansas,2010.0,Female,25-29 years,25-29,351.0,95998.0,365.63
31978,Gonorrhea,280.0,Arkansas,2010.0,Female,30-34 years,30-34,144.0,91462.0,157.44
31979,Gonorrhea,280.0,Arkansas,2010.0,Female,35-39 years,35-39,74.0,92130.0,80.32
31980,Gonorrhea,280.0,Arkansas,2010.0,Female,40+ years,40+,46.0,716807.0,6.42
31981,Gonorrhea,280.0,Arkansas,2010.0,Female,Unknown,99,1.0,,
31982,Gonorrhea,280.0,Arkansas,2011.0,Female,0-14 years,0-14,49.0,290098.0,16.89
31983,Gonorrhea,280.0,Arkansas,2011.0,Female,15-19 years,15-19,1002.0,95607.0,1048.04
31984,Gonorrhea,280.0,Arkansas,2011.0,Female,20-24 years,20-24,963.0,102312.0,941.24
31985,Gonorrhea,280.0,Arkansas,2011.0,Female,25-29 years,25-29,387.0,95982.0,403.2
31986,Gonorrhea,280.0,Arkansas,2011.0,Female,30-34 years,30-34,161.0,94226.0,170.87
31987,Gonorrhea,280.0,Arkansas,2011.0,Female,35-39 years,35-39,69.0,89982.0,76.68
31988,Gonorrhea,280.0,Arkansas,2011.0,Female,40+ years,40+,56.0,726993.0,7.7
31989,Gonorrhea,280.0,Arkansas,2012.0,Female,0-14 years,0-14,51.0,289865.0,17.59
31990,Gonorrhea,280.0,Arkansas,2012.0,Female,15-19 years,15-19,887.0,95250.0,931.23
31991,Gonorrhea,280.0,Arkansas,2012.0,Female,20-24 years,20-24,871.0,103292.0,843.24
31992,Gonorrhea,280.0,Arkansas,2012.0,Female,25-29 years,25-29,360.0,96026.0,374.9
31993,Gonorrhea,280.0,Arkansas,2012.0,Female,30-34 years,30-34,163.0,95319.0,171.0
31994,Gonorrhea,280.0,Arkansas,2012.0,Female,35-39 years,35-39,50.0,89318.0,55.98
31995,Gonorrhea,280.0,Arkansas,2012.0,Female,40+ years,40+,49.0,731571.0,6.7
31996,Gonorrhea,280.0,Arkansas,2012.0,Female,Unknown,99,1.0,,
31997,Gonorrhea,280.0,Arkansas,2013.0,Female,0-14 years,0-14,32.0,289042.0,11.07
31998,Gonorrhea,280.0,Arkansas,2013.0,Female,15-19 years,15-19,685.0,95464.0,717.55
31999,Gonorrhea,280.0,Arkansas,2013.0,Female,20-24 years,20-24,863.0,104139.0,828.7
32000,Gonorrhea,280.0,Arkansas,2013.0,Female,25-29 years,25-29,327.0,95095.0,343.87
32001,Gonorrhea,280.0,Arkansas,2013.0,Female,30-34 years,30-34,138.0,95811.0,144.03
32002,Gonorrhea,280.0,Arkansas,2013.0,Female,35-39 years,35-39,67.0,89775.0,74.63
32003,Gonorrhea,280.0,Arkansas,2013.0,Female,40+ years,40+,44.0,736456.0,5.97
32004,Gonorrhea,280.0,Arkansas,2013.0,Female,Unknown,99,4.0,,
32005,Gonorrhea,280.0,Arkansas,2014.0,Female,0-14 years,0-14,33.0,289042.0,11.42
32006,Gonorrhea,280.0,Arkansas,2014.0,Female,15-19 years,15-19,753.0,95464.0,788.78
32007,Gonorrhea,280.0,Arkansas,2014.0,Female,20-24 years,20-24,953.0,104139.0,915.12
32008,Gonorrhea,280.0,Arkansas,2014.0,Female,25-29 years,25-29,426.0,95095.0,447.97
32009,Gonorrhea,280.0,Arkansas,2014.0,Female,30-34 years,30-34,205.0,95811.0,213.96
32010,Gonorrhea,280.0,Arkansas,2014.0,Female,35-39 years,35-39,81.0,89775.0,90.23
32011,Gonorrhea,280.0,Arkansas,2014.0,Female,40+ years,40+,72.0,736456.0,9.78
32012,Gonorrhea,280.0,Arkansas,2014.0,Female,Unknown,99,4.0,,
32013,Gonorrhea,280.0,California,1996.0,Female,0-14 years,0-14,336.0,3773067.0,8.91
32014,Gonorrhea,280.0,California,1996.0,Female,15-19 years,15-19,3398.0,1036919.0,327.7
32015,Gonorrhea,280.0,California,1996.0,Female,20-24 years,20-24,2341.0,1002422.0,233.53
32016,Gonorrhea,280.0,California,1996.0,Female,25-29 years,25-29,1175.0,1263294.0,93.01
32017,Gonorrhea,280.0,California,1996.0,Female,30-34 years,30-34,709.0,1382143.0,51.3
32018,Gonorrhea,280.0,California,1996.0,Female,35-39 years,35-39,404.0,1352234.0,29.88
32019,Gonorrhea,280.0,California,1996.0,Female,40+ years,40+,387.0,6228163.0,6.21
32020,Gonorrhea,280.0,California,1996.0,Female,Unknown,99,127.0,,
32021,Gonorrhea,280.0,California,1997.0,Female,0-14 years,0-14,344.0,3775311.0,9.11
32022,Gonorrhea,280.0,California,1997.0,Female,15-19 years,15-19,3255.0,1076600.0,302.34
32023,Gonorrhea,280.0,California,1997.0,Female,20-24 years,20-24,2246.0,1020527.0,220.08
32024,Gonorrhea,280.0,California,1997.0,Female,25-29 years,25-29,1145.0,1259742.0,90.89
32025,Gonorrhea,280.0,California,1997.0,Female,30-34 years,30-34,645.0,1363206.0,47.31
32026,Gonorrhea,280.0,California,1997.0,Female,35-39 years,35-39,386.0,1369461.0,28.19
32027,Gonorrhea,280.0,California,1997.0,Female,40+ years,40+,348.0,6416272.0,5.42
32028,Gonorrhea,280.0,California,1997.0,Female,Unknown,99,130.0,,
32029,Gonorrhea,280.0,California,1998.0,Female,0-14 years,0-14,299.0,3773534.0,7.92
32030,Gonorrhea,280.0,California,1998.0,Female,15-19 years,15-19,3385.0,1119557.0,302.35
32031,Gonorrhea,280.0,California,1998.0,Female,20-24 years,20-24,2698.0,1050631.0,256.8
32032,Gonorrhea,280.0,California,1998.0,Female,25-29 years,25-29,1340.0,1256271.0,106.67
32033,Gonorrhea,280.0,California,1998.0,Female,30-34 years,30-34,707.0,1340469.0,52.74
32034,Gonorrhea,280.0,California,1998.0,Female,35-39 years,35-39,427.0,1385478.0,30.82
32035,Gonorrhea,280.0,California,1998.0,Female,40+ years,40+,411.0,6606323.0,6.22
32036,Gonorrhea,280.0,California,1998.0,Female,Unknown,99,103.0,,
32037,Gonorrhea,280.0,California,1999.0,Female,0-14 years,0-14,279.0,3785279.0,7.37
32038,Gonorrhea,280.0,California,1999.0,Female,15-19 years,15-19,3278.0,1154633.0,283.9
32039,Gonorrhea,280.0,California,1999.0,Female,20-24 years,20-24,2661.0,1095927.0,242.81
32040,Gonorrhea,280.0,California,1999.0,Female,25-29 years,25-29,1173.0,1241325.0,94.5
32041,Gonorrhea,280.0,California,1999.0,Female,30-34 years,30-34,633.0,1318261.0,48.02
32042,Gonorrhea,280.0,California,1999.0,Female,35-39 years,35-39,440.0,1391548.0,31.62
32043,Gonorrhea,280.0,California,1999.0,Female,40+ years,40+,414.0,6813188.0,6.08
32044,Gonorrhea,280.0,California,1999.0,Female,Unknown,99,106.0,,
32045,Gonorrhea,280.0,California,2000.0,Female,0-14 years,0-14,275.0,3819443.0,7.2
32046,Gonorrhea,280.0,California,2000.0,Female,15-19 years,15-19,3290.0,1182526.0,278.22
32047,Gonorrhea,280.0,California,2000.0,Female,20-24 years,20-24,2904.0,1142702.0,254.13
32048,Gonorrhea,280.0,California,2000.0,Female,25-29 years,25-29,1352.0,1227631.0,110.13
32049,Gonorrhea,280.0,California,2000.0,Female,30-34 years,30-34,722.0,1309311.0,55.14
32050,Gonorrhea,280.0,California,2000.0,Female,35-39 years,35-39,487.0,1379079.0,35.31
32051,Gonorrhea,280.0,California,2000.0,Female,40+ years,40+,515.0,7002797.0,7.35
32052,Gonorrhea,280.0,California,2000.0,Female,Unknown,99,72.0,,
32053,Gonorrhea,280.0,California,2001.0,Female,0-14 years,0-14,295.0,3851139.0,7.66
32054,Gonorrhea,280.0,California,2001.0,Female,15-19 years,15-19,3622.0,1202588.0,301.18
32055,Gonorrhea,280.0,California,2001.0,Female,20-24 years,20-24,3211.0,1173015.0,273.74
32056,Gonorrhea,280.0,California,2001.0,Female,25-29 years,25-29,1445.0,1232606.0,117.23
32057,Gonorrhea,280.0,California,2001.0,Female,30-34 years,30-34,846.0,1337628.0,63.25
32058,Gonorrhea,280.0,California,2001.0,Female,35-39 years,35-39,482.0,1370446.0,35.17
32059,Gonorrhea,280.0,California,2001.0,Female,40+ years,40+,493.0,7183255.0,6.86
32060,Gonorrhea,280.0,California,2001.0,Female,Unknown,99,56.0,,
32061,Gonorrhea,280.0,California,2002.0,Female,0-14 years,0-14,273.0,3875748.0,7.04
32062,Gonorrhea,280.0,California,2002.0,Female,15-19 years,15-19,3646.0,1222477.0,298.25
32063,Gonorrhea,280.0,California,2002.0,Female,20-24 years,20-24,3339.0,1209232.0,276.13
32064,Gonorrhea,280.0,California,2002.0,Female,25-29 years,25-29,1610.0,1241929.0,129.64
32065,Gonorrhea,280.0,California,2002.0,Female,30-34 years,30-34,907.0,1355279.0,66.92
32066,Gonorrhea,280.0,California,2002.0,Female,35-39 years,35-39,502.0,1355682.0,37.03
32067,Gonorrhea,280.0,California,2002.0,Female,40+ years,40+,517.0,7339234.0,7.04
32068,Gonorrhea,280.0,California,2002.0,Female,Unknown,99,63.0,,
32069,Gonorrhea,280.0,California,2003.0,Female,0-14 years,0-14,250.0,3853483.0,6.49
32070,Gonorrhea,280.0,California,2003.0,Female,15-19 years,15-19,3807.0,1229421.0,309.66
32071,Gonorrhea,280.0,California,2003.0,Female,20-24 years,20-24,3691.0,1217371.0,303.19
32072,Gonorrhea,280.0,California,2003.0,Female,25-29 years,25-29,1932.0,1217419.0,158.7
32073,Gonorrhea,280.0,California,2003.0,Female,30-34 years,30-34,937.0,1340121.0,69.92
32074,Gonorrhea,280.0,California,2003.0,Female,35-39 years,35-39,594.0,1343405.0,44.22
32075,Gonorrhea,280.0,California,2003.0,Female,40+ years,40+,631.0,7572039.0,8.33
32076,Gonorrhea,280.0,California,2003.0,Female,Unknown,99,70.0,,
32077,Gonorrhea,280.0,California,2004.0,Female,0-14 years,0-14,312.0,3915643.0,7.97
32078,Gonorrhea,280.0,California,2004.0,Female,15-19 years,15-19,4273.0,1259900.0,339.15
32079,Gonorrhea,280.0,California,2004.0,Female,20-24 years,20-24,4263.0,1231345.0,346.21
32080,Gonorrhea,280.0,California,2004.0,Female,25-29 years,25-29,2155.0,1214300.0,177.47
32081,Gonorrhea,280.0,California,2004.0,Female,30-34 years,30-34,1118.0,1316865.0,84.9
32082,Gonorrhea,280.0,California,2004.0,Female,35-39 years,35-39,674.0,1323923.0,50.91
32083,Gonorrhea,280.0,California,2004.0,Female,40+ years,40+,728.0,7718106.0,9.43
32084,Gonorrhea,280.0,California,2004.0,Female,Unknown,99,97.0,,
32085,Gonorrhea,280.0,California,2005.0,Female,0-14 years,0-14,296.0,3935914.0,7.52
32086,Gonorrhea,280.0,California,2005.0,Female,15-19 years,15-19,5076.0,1289638.0,393.6
32087,Gonorrhea,280.0,California,2005.0,Female,20-24 years,20-24,5053.0,1232022.0,410.14
32088,Gonorrhea,280.0,California,2005.0,Female,25-29 years,25-29,2491.0,1208778.0,206.08
32089,Gonorrhea,280.0,California,2005.0,Female,30-34 years,30-34,1192.0,1277092.0,93.34
32090,Gonorrhea,280.0,California,2005.0,Female,35-39 years,35-39,761.0,1317283.0,57.77
32091,Gonorrhea,280.0,California,2005.0,Female,40+ years,40+,874.0,7825967.0,11.17
32092,Gonorrhea,280.0,California,2005.0,Female,Unknown,99,84.0,,
32093,Gonorrhea,280.0,California,2006.0,Female,0-14 years,0-14,278.0,3851043.0,7.22
32094,Gonorrhea,280.0,California,2006.0,Female,15-19 years,15-19,4990.0,1322446.0,377.33
32095,Gonorrhea,280.0,California,2006.0,Female,20-24 years,20-24,4979.0,1287295.0,386.78
32096,Gonorrhea,280.0,California,2006.0,Female,25-29 years,25-29,2553.0,1262335.0,202.24
32097,Gonorrhea,280.0,California,2006.0,Female,30-34 years,30-34,1228.0,1261405.0,97.35
32098,Gonorrhea,280.0,California,2006.0,Female,35-39 years,35-39,771.0,1340100.0,57.53
32099,Gonorrhea,280.0,California,2006.0,Female,40+ years,40+,826.0,7908481.0,10.44
32100,Gonorrhea,280.0,California,2006.0,Female,Unknown,99,63.0,,
32101,Gonorrhea,280.0,California,2007.0,Female,0-14 years,0-14,230.0,3769097.0,6.1
32102,Gonorrhea,280.0,California,2007.0,Female,15-19 years,15-19,4866.0,1346665.0,361.34
32103,Gonorrhea,280.0,California,2007.0,Female,20-24 years,20-24,4553.0,1303485.0,349.29
32104,Gonorrhea,280.0,California,2007.0,Female,25-29 years,25-29,2339.0,1269396.0,184.26
32105,Gonorrhea,280.0,California,2007.0,Female,30-34 years,30-34,1136.0,1234947.0,91.99
32106,Gonorrhea,280.0,California,2007.0,Female,35-39 years,35-39,628.0,1328733.0,47.26
32107,Gonorrhea,280.0,California,2007.0,Female,40+ years,40+,715.0,8023097.0,8.91
32108,Gonorrhea,280.0,California,2007.0,Female,Unknown,99,66.0,,
32109,Gonorrhea,280.0,California,2008.0,Female,0-14 years,0-14,206.0,3774460.0,5.46
32110,Gonorrhea,280.0,California,2008.0,Female,15-19 years,15-19,3891.0,1347578.0,288.74
32111,Gonorrhea,280.0,California,2008.0,Female,20-24 years,20-24,3666.0,1302446.0,281.47
32112,Gonorrhea,280.0,California,2008.0,Female,25-29 years,25-29,1816.0,1288582.0,140.93
32113,Gonorrhea,280.0,California,2008.0,Female,30-34 years,30-34,855.0,1218317.0,70.18
32114,Gonorrhea,280.0,California,2008.0,Female,35-39 years,35-39,508.0,1307338.0,38.86
32115,Gonorrhea,280.0,California,2008.0,Female,40+ years,40+,646.0,8129923.0,7.95
32116,Gonorrhea,280.0,California,2008.0,Female,Unknown,99,37.0,,
32117,Gonorrhea,280.0,California,2009.0,Female,0-14 years,0-14,118.0,3819708.0,3.09
32118,Gonorrhea,280.0,California,2009.0,Female,15-19 years,15-19,3016.0,1308294.0,230.53
32119,Gonorrhea,280.0,California,2009.0,Female,20-24 years,20-24,3204.0,1268234.0,252.63
32120,Gonorrhea,280.0,California,2009.0,Female,25-29 years,25-29,1539.0,1331456.0,115.59
32121,Gonorrhea,280.0,California,2009.0,Female,30-34 years,30-34,680.0,1243564.0,54.68
32122,Gonorrhea,280.0,California,2009.0,Female,35-39 years,35-39,401.0,1268685.0,31.61
32123,Gonorrhea,280.0,California,2009.0,Female,40+ years,40+,454.0,8216521.0,5.53
32124,Gonorrhea,280.0,California,2009.0,Female,Unknown,99,18.0,,
32125,Gonorrhea,280.0,California,2010.0,Female,0-14 years,0-14,154.0,3728568.0,4.13
32126,Gonorrhea,280.0,California,2010.0,Female,15-19 years,15-19,3256.0,1368858.0,237.86
32127,Gonorrhea,280.0,California,2010.0,Female,20-24 years,20-24,3570.0,1325164.0,269.4
32128,Gonorrhea,280.0,California,2010.0,Female,25-29 years,25-29,1697.0,1335711.0,127.05
32129,Gonorrhea,280.0,California,2010.0,Female,30-34 years,30-34,884.0,1269121.0,69.65
32130,Gonorrhea,280.0,California,2010.0,Female,35-39 years,35-39,434.0,1282209.0,33.85
32131,Gonorrhea,280.0,California,2010.0,Female,40+ years,40+,526.0,8426495.0,6.24
32132,Gonorrhea,280.0,California,2010.0,Female,Unknown,99,25.0,,
32133,Gonorrhea,280.0,California,2011.0,Female,0-14 years,0-14,141.0,3730320.0,3.78
32134,Gonorrhea,280.0,California,2011.0,Female,15-19 years,15-19,3133.0,1333782.0,234.9
32135,Gonorrhea,280.0,California,2011.0,Female,20-24 years,20-24,3704.0,1375323.0,269.32
32136,Gonorrhea,280.0,California,2011.0,Female,25-29 years,25-29,1845.0,1341880.0,137.49
32137,Gonorrhea,280.0,California,2011.0,Female,30-34 years,30-34,876.0,1296888.0,67.55
32138,Gonorrhea,280.0,California,2011.0,Female,35-39 years,35-39,452.0,1254773.0,36.02
32139,Gonorrhea,280.0,California,2011.0,Female,40+ years,40+,623.0,8610619.0,7.24
32140,Gonorrhea,280.0,California,2011.0,Female,Unknown,99,37.0,,
32141,Gonorrhea,280.0,California,2012.0,Female,0-14 years,0-14,124.0,3729291.0,3.33
32142,Gonorrhea,280.0,California,2012.0,Female,15-19 years,15-19,3092.0,1316658.0,234.84
32143,Gonorrhea,280.0,California,2012.0,Female,20-24 years,20-24,4617.0,1407397.0,328.05
32144,Gonorrhea,280.0,California,2012.0,Female,25-29 years,25-29,2427.0,1345492.0,180.38
32145,Gonorrhea,280.0,California,2012.0,Female,30-34 years,30-34,1225.0,1321501.0,92.7
32146,Gonorrhea,280.0,California,2012.0,Female,35-39 years,35-39,616.0,1250927.0,49.24
32147,Gonorrhea,280.0,California,2012.0,Female,40+ years,40+,893.0,8751600.0,10.2
32148,Gonorrhea,280.0,California,2012.0,Female,Unknown,99,51.0,,
32149,Gonorrhea,280.0,California,2013.0,Female,0-14 years,0-14,127.0,3714727.0,3.42
32150,Gonorrhea,280.0,California,2013.0,Female,15-19 years,15-19,3150.0,1293600.0,243.51
32151,Gonorrhea,280.0,California,2013.0,Female,20-24 years,20-24,4657.0,1411162.0,330.01
32152,Gonorrhea,280.0,California,2013.0,Female,25-29 years,25-29,2840.0,1368015.0,207.6
32153,Gonorrhea,280.0,California,2013.0,Female,30-34 years,30-34,1541.0,1346427.0,114.45
32154,Gonorrhea,280.0,California,2013.0,Female,35-39 years,35-39,795.0,1253558.0,63.42
32155,Gonorrhea,280.0,California,2013.0,Female,40+ years,40+,1074.0,8880836.0,12.09
32156,Gonorrhea,280.0,California,2013.0,Female,Unknown,99,74.0,,
32157,Gonorrhea,280.0,California,2014.0,Female,0-14 years,0-14,126.0,3714727.0,3.39
32158,Gonorrhea,280.0,California,2014.0,Female,15-19 years,15-19,3308.0,1293600.0,255.72
32159,Gonorrhea,280.0,California,2014.0,Female,20-24 years,20-24,5192.0,1411162.0,367.92
32160,Gonorrhea,280.0,California,2014.0,Female,25-29 years,25-29,3266.0,1368015.0,238.74
32161,Gonorrhea,280.0,California,2014.0,Female,30-34 years,30-34,1765.0,1346427.0,131.09
32162,Gonorrhea,280.0,California,2014.0,Female,35-39 years,35-39,974.0,1253558.0,77.7
32163,Gonorrhea,280.0,California,2014.0,Female,40+ years,40+,1293.0,8880836.0,14.56
32164,Gonorrhea,280.0,California,2014.0,Female,Unknown,99,85.0,,
32165,Gonorrhea,280.0,Colorado,1996.0,Female,0-14 years,0-14,33.0,409351.0,8.06
32166,Gonorrhea,280.0,Colorado,1996.0,Female,15-19 years,15-19,404.0,129109.0,312.91
32167,Gonorrhea,280.0,Colorado,1996.0,Female,20-24 years,20-24,318.0,124739.0,254.93
32168,Gonorrhea,280.0,Colorado,1996.0,Female,25-29 years,25-29,148.0,146404.0,101.09
32169,Gonorrhea,280.0,Colorado,1996.0,Female,30-34 years,30-34,63.0,166728.0,37.79
32170,Gonorrhea,280.0,Colorado,1996.0,Female,35-39 years,35-39,47.0,184518.0,25.47
32171,Gonorrhea,280.0,Colorado,1996.0,Female,40+ years,40+,19.0,798623.0,2.38
32172,Gonorrhea,280.0,Colorado,1997.0,Female,0-14 years,0-14,30.0,418220.0,7.17
32173,Gonorrhea,280.0,Colorado,1997.0,Female,15-19 years,15-19,470.0,134863.0,348.5
32174,Gonorrhea,280.0,Colorado,1997.0,Female,20-24 years,20-24,360.0,127953.0,281.35
32175,Gonorrhea,280.0,Colorado,1997.0,Female,25-29 years,25-29,164.0,150379.0,109.06
32176,Gonorrhea,280.0,Colorado,1997.0,Female,30-34 years,30-34,111.0,161792.0,68.61
32177,Gonorrhea,280.0,Colorado,1997.0,Female,35-39 years,35-39,54.0,185385.0,29.13
32178,Gonorrhea,280.0,Colorado,1997.0,Female,40+ years,40+,32.0,826913.0,3.87
32179,Gonorrhea,280.0,Colorado,1997.0,Female,Unknown,99,3.0,,
32180,Gonorrhea,280.0,Colorado,1998.0,Female,0-14 years,0-14,27.0,429747.0,6.28
32181,Gonorrhea,280.0,Colorado,1998.0,Female,15-19 years,15-19,413.0,140563.0,293.82
32182,Gonorrhea,280.0,Colorado,1998.0,Female,20-24 years,20-24,337.0,132310.0,254.71
32183,Gonorrhea,280.0,Colorado,1998.0,Female,25-29 years,25-29,138.0,152755.0,90.34
32184,Gonorrhea,280.0,Colorado,1998.0,Female,30-34 years,30-34,63.0,158006.0,39.87
32185,Gonorrhea,280.0,Colorado,1998.0,Female,35-39 years,35-39,39.0,184461.0,21.14
32186,Gonorrhea,280.0,Colorado,1998.0,Female,40+ years,40+,37.0,852884.0,4.34
32187,Gonorrhea,280.0,Colorado,1998.0,Female,Unknown,99,1.0,,
32188,Gonorrhea,280.0,Colorado,1999.0,Female,0-14 years,0-14,42.0,439544.0,9.56
32189,Gonorrhea,280.0,Colorado,1999.0,Female,15-19 years,15-19,466.0,145017.0,321.34
32190,Gonorrhea,280.0,Colorado,1999.0,Female,20-24 years,20-24,409.0,138595.0,295.1
32191,Gonorrhea,280.0,Colorado,1999.0,Female,25-29 years,25-29,176.0,154802.0,113.69
32192,Gonorrhea,280.0,Colorado,1999.0,Female,30-34 years,30-34,81.0,157805.0,51.33
32193,Gonorrhea,280.0,Colorado,1999.0,Female,35-39 years,35-39,58.0,183302.0,31.64
32194,Gonorrhea,280.0,Colorado,1999.0,Female,40+ years,40+,37.0,882293.0,4.19
32195,Gonorrhea,280.0,Colorado,1999.0,Female,Unknown,99,2.0,,
32196,Gonorrhea,280.0,Colorado,2000.0,Female,0-14 years,0-14,55.0,458246.0,12.0
32197,Gonorrhea,280.0,Colorado,2000.0,Female,15-19 years,15-19,532.0,148373.0,358.56
32198,Gonorrhea,280.0,Colorado,2000.0,Female,20-24 years,20-24,457.0,143380.0,318.73
32199,Gonorrhea,280.0,Colorado,2000.0,Female,25-29 years,25-29,218.0,154323.0,141.26
32200,Gonorrhea,280.0,Colorado,2000.0,Female,30-34 years,30-34,123.0,159742.0,77.0
32201,Gonorrhea,280.0,Colorado,2000.0,Female,35-39 years,35-39,81.0,178051.0,45.49
32202,Gonorrhea,280.0,Colorado,2000.0,Female,40+ years,40+,74.0,905411.0,8.17
32203,Gonorrhea,280.0,Colorado,2000.0,Female,Unknown,99,4.0,,
32204,Gonorrhea,280.0,Colorado,2001.0,Female,0-14 years,0-14,37.0,461699.0,8.01
32205,Gonorrhea,280.0,Colorado,2001.0,Female,15-19 years,15-19,563.0,151642.0,371.27
32206,Gonorrhea,280.0,Colorado,2001.0,Female,20-24 years,20-24,505.0,147095.0,343.32
32207,Gonorrhea,280.0,Colorado,2001.0,Female,25-29 years,25-29,231.0,154575.0,149.44
32208,Gonorrhea,280.0,Colorado,2001.0,Female,30-34 years,30-34,121.0,165285.0,73.21
32209,Gonorrhea,280.0,Colorado,2001.0,Female,35-39 years,35-39,70.0,175334.0,39.92
32210,Gonorrhea,280.0,Colorado,2001.0,Female,40+ years,40+,56.0,943999.0,5.93
32211,Gonorrhea,280.0,Colorado,2001.0,Female,Unknown,99,5.0,,
32212,Gonorrhea,280.0,Colorado,2002.0,Female,0-14 years,0-14,45.0,467567.0,9.62
32213,Gonorrhea,280.0,Colorado,2002.0,Female,15-19 years,15-19,519.0,153905.0,337.22
32214,Gonorrhea,280.0,Colorado,2002.0,Female,20-24 years,20-24,528.0,151142.0,349.34
32215,Gonorrhea,280.0,Colorado,2002.0,Female,25-29 years,25-29,259.0,154063.0,168.11
32216,Gonorrhea,280.0,Colorado,2002.0,Female,30-34 years,30-34,141.0,168538.0,83.66
32217,Gonorrhea,280.0,Colorado,2002.0,Female,35-39 years,35-39,76.0,170334.0,44.62
32218,Gonorrhea,280.0,Colorado,2002.0,Female,40+ years,40+,75.0,970842.0,7.73
32219,Gonorrhea,280.0,Colorado,2003.0,Female,0-14 years,0-14,30.0,469328.0,6.39
32220,Gonorrhea,280.0,Colorado,2003.0,Female,15-19 years,15-19,485.0,152575.0,317.88
32221,Gonorrhea,280.0,Colorado,2003.0,Female,20-24 years,20-24,522.0,154474.0,337.92
32222,Gonorrhea,280.0,Colorado,2003.0,Female,25-29 years,25-29,229.0,163347.0,140.19
32223,Gonorrhea,280.0,Colorado,2003.0,Female,30-34 years,30-34,126.0,174994.0,72.0
32224,Gonorrhea,280.0,Colorado,2003.0,Female,35-39 years,35-39,69.0,166917.0,41.34
32225,Gonorrhea,280.0,Colorado,2003.0,Female,40+ years,40+,67.0,973813.0,6.88
32226,Gonorrhea,280.0,Colorado,2003.0,Female,Unknown,99,1.0,,
32227,Gonorrhea,280.0,Colorado,2004.0,Female,0-14 years,0-14,38.0,480971.0,7.9
32228,Gonorrhea,280.0,Colorado,2004.0,Female,15-19 years,15-19,465.0,154321.0,301.32
32229,Gonorrhea,280.0,Colorado,2004.0,Female,20-24 years,20-24,543.0,156414.0,347.16
32230,Gonorrhea,280.0,Colorado,2004.0,Female,25-29 years,25-29,264.0,164421.0,160.56
32231,Gonorrhea,280.0,Colorado,2004.0,Female,30-34 years,30-34,148.0,173720.0,85.19
32232,Gonorrhea,280.0,Colorado,2004.0,Female,35-39 years,35-39,87.0,164075.0,53.02
32233,Gonorrhea,280.0,Colorado,2004.0,Female,40+ years,40+,109.0,985983.0,11.05
32234,Gonorrhea,280.0,Colorado,2004.0,Female,Unknown,99,2.0,,
32235,Gonorrhea,280.0,Colorado,2005.0,Female,0-14 years,0-14,28.0,480607.0,5.83
32236,Gonorrhea,280.0,Colorado,2005.0,Female,15-19 years,15-19,494.0,155966.0,316.74
32237,Gonorrhea,280.0,Colorado,2005.0,Female,20-24 years,20-24,546.0,159441.0,342.45
32238,Gonorrhea,280.0,Colorado,2005.0,Female,25-29 years,25-29,260.0,168009.0,154.75
32239,Gonorrhea,280.0,Colorado,2005.0,Female,30-34 years,30-34,131.0,173008.0,75.72
32240,Gonorrhea,280.0,Colorado,2005.0,Female,35-39 years,35-39,72.0,166479.0,43.25
32241,Gonorrhea,280.0,Colorado,2005.0,Female,40+ years,40+,85.0,1006061.0,8.45
32242,Gonorrhea,280.0,Colorado,2005.0,Female,Unknown,99,3.0,,
32243,Gonorrhea,280.0,Colorado,2006.0,Female,0-14 years,0-14,34.0,474380.0,7.17
32244,Gonorrhea,280.0,Colorado,2006.0,Female,15-19 years,15-19,580.0,153408.0,378.08
32245,Gonorrhea,280.0,Colorado,2006.0,Female,20-24 years,20-24,653.0,160005.0,408.11
32246,Gonorrhea,280.0,Colorado,2006.0,Female,25-29 years,25-29,312.0,179462.0,173.85
32247,Gonorrhea,280.0,Colorado,2006.0,Female,30-34 years,30-34,141.0,165173.0,85.36
32248,Gonorrhea,280.0,Colorado,2006.0,Female,35-39 years,35-39,89.0,170736.0,52.13
32249,Gonorrhea,280.0,Colorado,2006.0,Female,40+ years,40+,70.0,1057209.0,6.62
32250,Gonorrhea,280.0,Colorado,2007.0,Female,0-14 years,0-14,22.0,485485.0,4.53
32251,Gonorrhea,280.0,Colorado,2007.0,Female,15-19 years,15-19,571.0,155294.0,367.69
32252,Gonorrhea,280.0,Colorado,2007.0,Female,20-24 years,20-24,605.0,158735.0,381.14
32253,Gonorrhea,280.0,Colorado,2007.0,Female,25-29 years,25-29,306.0,183212.0,167.02
32254,Gonorrhea,280.0,Colorado,2007.0,Female,30-34 years,30-34,132.0,166313.0,79.37
32255,Gonorrhea,280.0,Colorado,2007.0,Female,35-39 years,35-39,70.0,174656.0,40.08
32256,Gonorrhea,280.0,Colorado,2007.0,Female,40+ years,40+,101.0,1087238.0,9.29
32257,Gonorrhea,280.0,Colorado,2008.0,Female,0-14 years,0-14,38.0,493091.0,7.71
32258,Gonorrhea,280.0,Colorado,2008.0,Female,15-19 years,15-19,652.0,156181.0,417.46
32259,Gonorrhea,280.0,Colorado,2008.0,Female,20-24 years,20-24,627.0,160152.0,391.5
32260,Gonorrhea,280.0,Colorado,2008.0,Female,25-29 years,25-29,327.0,184789.0,176.96
32261,Gonorrhea,280.0,Colorado,2008.0,Female,30-34 years,30-34,147.0,169372.0,86.79
32262,Gonorrhea,280.0,Colorado,2008.0,Female,35-39 years,35-39,100.0,175736.0,56.9
32263,Gonorrhea,280.0,Colorado,2008.0,Female,40+ years,40+,86.0,1109094.0,7.75
32264,Gonorrhea,280.0,Colorado,2008.0,Female,Unknown,99,1.0,,
32265,Gonorrhea,280.0,Colorado,2009.0,Female,0-14 years,0-14,22.0,503855.0,4.37
32266,Gonorrhea,280.0,Colorado,2009.0,Female,15-19 years,15-19,513.0,161251.0,318.14
32267,Gonorrhea,280.0,Colorado,2009.0,Female,20-24 years,20-24,531.0,171995.0,308.73
32268,Gonorrhea,280.0,Colorado,2009.0,Female,25-29 years,25-29,219.0,184061.0,118.98
32269,Gonorrhea,280.0,Colorado,2009.0,Female,30-34 years,30-34,109.0,167784.0,64.96
32270,Gonorrhea,280.0,Colorado,2009.0,Female,35-39 years,35-39,68.0,173141.0,39.27
32271,Gonorrhea,280.0,Colorado,2009.0,Female,40+ years,40+,40.0,1131576.0,3.53
32272,Gonorrhea,280.0,Colorado,2010.0,Female,0-14 years,0-14,26.0,500882.0,5.19
32273,Gonorrhea,280.0,Colorado,2010.0,Female,15-19 years,15-19,499.0,163745.0,304.74
32274,Gonorrhea,280.0,Colorado,2010.0,Female,20-24 years,20-24,577.0,166850.0,345.82
32275,Gonorrhea,280.0,Colorado,2010.0,Female,25-29 years,25-29,214.0,180452.0,118.59
32276,Gonorrhea,280.0,Colorado,2010.0,Female,30-34 years,30-34,91.0,172502.0,52.75
32277,Gonorrhea,280.0,Colorado,2010.0,Female,35-39 years,35-39,61.0,171255.0,35.62
32278,Gonorrhea,280.0,Colorado,2010.0,Female,40+ years,40+,46.0,1152848.0,3.99
32279,Gonorrhea,280.0,Colorado,2011.0,Female,0-14 years,0-14,15.0,503873.0,2.98
32280,Gonorrhea,280.0,Colorado,2011.0,Female,15-19 years,15-19,401.0,163799.0,244.81
32281,Gonorrhea,280.0,Colorado,2011.0,Female,20-24 years,20-24,462.0,171810.0,268.9
32282,Gonorrhea,280.0,Colorado,2011.0,Female,25-29 years,25-29,246.0,182829.0,134.55
32283,Gonorrhea,280.0,Colorado,2011.0,Female,30-34 years,30-34,95.0,178398.0,53.25
32284,Gonorrhea,280.0,Colorado,2011.0,Female,35-39 years,35-39,36.0,167595.0,21.48
32285,Gonorrhea,280.0,Colorado,2011.0,Female,40+ years,40+,30.0,1181297.0,2.54
32286,Gonorrhea,280.0,Colorado,2012.0,Female,0-14 years,0-14,14.0,504438.0,2.78
32287,Gonorrhea,280.0,Colorado,2012.0,Female,15-19 years,15-19,422.0,163502.0,258.1
32288,Gonorrhea,280.0,Colorado,2012.0,Female,20-24 years,20-24,494.0,174836.0,282.55
32289,Gonorrhea,280.0,Colorado,2012.0,Female,25-29 years,25-29,228.0,184262.0,123.74
32290,Gonorrhea,280.0,Colorado,2012.0,Female,30-34 years,30-34,112.0,183544.0,61.02
32291,Gonorrhea,280.0,Colorado,2012.0,Female,35-39 years,35-39,50.0,168180.0,29.73
32292,Gonorrhea,280.0,Colorado,2012.0,Female,40+ years,40+,42.0,1205115.0,3.49
32293,Gonorrhea,280.0,Colorado,2013.0,Female,0-14 years,0-14,11.0,506800.0,2.17
32294,Gonorrhea,280.0,Colorado,2013.0,Female,15-19 years,15-19,318.0,163751.0,194.2
32295,Gonorrhea,280.0,Colorado,2013.0,Female,20-24 years,20-24,472.0,178961.0,263.75
32296,Gonorrhea,280.0,Colorado,2013.0,Female,25-29 years,25-29,229.0,187341.0,122.24
32297,Gonorrhea,280.0,Colorado,2013.0,Female,30-34 years,30-34,106.0,188049.0,56.37
32298,Gonorrhea,280.0,Colorado,2013.0,Female,35-39 years,35-39,64.0,170993.0,37.43
32299,Gonorrhea,280.0,Colorado,2013.0,Female,40+ years,40+,43.0,1226026.0,3.51
32300,Gonorrhea,280.0,Colorado,2014.0,Female,0-14 years,0-14,10.0,506800.0,1.97
32301,Gonorrhea,280.0,Colorado,2014.0,Female,15-19 years,15-19,282.0,163751.0,172.21
32302,Gonorrhea,280.0,Colorado,2014.0,Female,20-24 years,20-24,482.0,178961.0,269.33
32303,Gonorrhea,280.0,Colorado,2014.0,Female,25-29 years,25-29,265.0,187341.0,141.45
32304,Gonorrhea,280.0,Colorado,2014.0,Female,30-34 years,30-34,139.0,188049.0,73.92
32305,Gonorrhea,280.0,Colorado,2014.0,Female,35-39 years,35-39,70.0,170993.0,40.94
32306,Gonorrhea,280.0,Colorado,2014.0,Female,40+ years,40+,70.0,1226026.0,5.71
32307,Gonorrhea,280.0,Connecticut,1996.0,Female,0-14 years,0-14,73.0,336166.0,21.72
32308,Gonorrhea,280.0,Connecticut,1996.0,Female,15-19 years,15-19,720.0,97807.0,736.14
32309,Gonorrhea,280.0,Connecticut,1996.0,Female,20-24 years,20-24,469.0,93533.0,501.43
32310,Gonorrhea,280.0,Connecticut,1996.0,Female,25-29 years,25-29,269.0,116450.0,231.0
32311,Gonorrhea,280.0,Connecticut,1996.0,Female,30-34 years,30-34,154.0,141480.0,108.85
32312,Gonorrhea,280.0,Connecticut,1996.0,Female,35-39 years,35-39,67.0,150078.0,44.64
32313,Gonorrhea,280.0,Connecticut,1996.0,Female,40+ years,40+,47.0,786271.0,5.98
32314,Gonorrhea,280.0,Connecticut,1996.0,Female,Unknown,99,16.0,,
32315,Gonorrhea,280.0,Connecticut,1997.0,Female,0-14 years,0-14,50.0,336351.0,14.87
32316,Gonorrhea,280.0,Connecticut,1997.0,Female,15-19 years,15-19,623.0,99606.0,625.46
32317,Gonorrhea,280.0,Connecticut,1997.0,Female,20-24 years,20-24,459.0,91660.0,500.76
32318,Gonorrhea,280.0,Connecticut,1997.0,Female,25-29 years,25-29,216.0,113179.0,190.85
32319,Gonorrhea,280.0,Connecticut,1997.0,Female,30-34 years,30-34,144.0,137922.0,104.41
32320,Gonorrhea,280.0,Connecticut,1997.0,Female,35-39 years,35-39,81.0,150653.0,53.77
32321,Gonorrhea,280.0,Connecticut,1997.0,Female,40+ years,40+,59.0,798848.0,7.39
32322,Gonorrhea,280.0,Connecticut,1997.0,Female,Unknown,99,10.0,,
32323,Gonorrhea,280.0,Connecticut,1998.0,Female,0-14 years,0-14,38.0,340210.0,11.17
32324,Gonorrhea,280.0,Connecticut,1998.0,Female,15-19 years,15-19,634.0,101956.0,621.84
32325,Gonorrhea,280.0,Connecticut,1998.0,Female,20-24 years,20-24,513.0,90952.0,564.03
32326,Gonorrhea,280.0,Connecticut,1998.0,Female,25-29 years,25-29,242.0,109325.0,221.36
32327,Gonorrhea,280.0,Connecticut,1998.0,Female,30-34 years,30-34,140.0,133582.0,104.81
32328,Gonorrhea,280.0,Connecticut,1998.0,Female,35-39 years,35-39,83.0,149828.0,55.4
32329,Gonorrhea,280.0,Connecticut,1998.0,Female,40+ years,40+,40.0,811333.0,4.93
32330,Gonorrhea,280.0,Connecticut,1998.0,Female,Unknown,99,24.0,,
32331,Gonorrhea,280.0,Connecticut,1999.0,Female,0-14 years,0-14,38.0,343888.0,11.05
32332,Gonorrhea,280.0,Connecticut,1999.0,Female,15-19 years,15-19,699.0,103613.0,674.63
32333,Gonorrhea,280.0,Connecticut,1999.0,Female,20-24 years,20-24,550.0,91683.0,599.89
32334,Gonorrhea,280.0,Connecticut,1999.0,Female,25-29 years,25-29,240.0,104776.0,229.06
32335,Gonorrhea,280.0,Connecticut,1999.0,Female,30-34 years,30-34,125.0,129662.0,96.4
32336,Gonorrhea,280.0,Connecticut,1999.0,Female,35-39 years,35-39,80.0,149312.0,53.58
32337,Gonorrhea,280.0,Connecticut,1999.0,Female,40+ years,40+,38.0,824214.0,4.61
32338,Gonorrhea,280.0,Connecticut,1999.0,Female,Unknown,99,26.0,,
32339,Gonorrhea,280.0,Connecticut,2000.0,Female,0-14 years,0-14,35.0,352832.0,9.92
32340,Gonorrhea,280.0,Connecticut,2000.0,Female,15-19 years,15-19,621.0,106439.0,583.43
32341,Gonorrhea,280.0,Connecticut,2000.0,Female,20-24 years,20-24,527.0,92540.0,569.48
32342,Gonorrhea,280.0,Connecticut,2000.0,Female,25-29 years,25-29,228.0,99353.0,229.49
32343,Gonorrhea,280.0,Connecticut,2000.0,Female,30-34 years,30-34,97.0,126058.0,76.95
32344,Gonorrhea,280.0,Connecticut,2000.0,Female,35-39 years,35-39,52.0,146776.0,35.43
32345,Gonorrhea,280.0,Connecticut,2000.0,Female,40+ years,40+,41.0,834856.0,4.91
32346,Gonorrhea,280.0,Connecticut,2000.0,Female,Unknown,99,20.0,,
32347,Gonorrhea,280.0,Connecticut,2001.0,Female,0-14 years,0-14,35.0,351959.0,9.94
32348,Gonorrhea,280.0,Connecticut,2001.0,Female,15-19 years,15-19,522.0,109408.0,477.11
32349,Gonorrhea,280.0,Connecticut,2001.0,Female,20-24 years,20-24,453.0,95076.0,476.46
32350,Gonorrhea,280.0,Connecticut,2001.0,Female,25-29 years,25-29,200.0,94796.0,210.98
32351,Gonorrhea,280.0,Connecticut,2001.0,Female,30-34 years,30-34,92.0,123528.0,74.48
32352,Gonorrhea,280.0,Connecticut,2001.0,Female,35-39 years,35-39,49.0,145016.0,33.79
32353,Gonorrhea,280.0,Connecticut,2001.0,Female,40+ years,40+,41.0,849669.0,4.83
32354,Gonorrhea,280.0,Connecticut,2001.0,Female,Unknown,99,19.0,,
32355,Gonorrhea,280.0,Connecticut,2002.0,Female,0-14 years,0-14,33.0,356361.0,9.26
32356,Gonorrhea,280.0,Connecticut,2002.0,Female,15-19 years,15-19,650.0,112426.0,578.16
32357,Gonorrhea,280.0,Connecticut,2002.0,Female,20-24 years,20-24,596.0,98184.0,607.02
32358,Gonorrhea,280.0,Connecticut,2002.0,Female,25-29 years,25-29,263.0,91978.0,285.94
32359,Gonorrhea,280.0,Connecticut,2002.0,Female,30-34 years,30-34,138.0,120608.0,114.42
32360,Gonorrhea,280.0,Connecticut,2002.0,Female,35-39 years,35-39,108.0,141302.0,76.43
32361,Gonorrhea,280.0,Connecticut,2002.0,Female,40+ years,40+,70.0,860418.0,8.14
32362,Gonorrhea,280.0,Connecticut,2002.0,Female,Unknown,99,52.0,,
32363,Gonorrhea,280.0,Connecticut,2003.0,Female,0-14 years,0-14,26.0,338231.0,7.69
32364,Gonorrhea,280.0,Connecticut,2003.0,Female,15-19 years,15-19,586.0,114307.0,512.65
32365,Gonorrhea,280.0,Connecticut,2003.0,Female,20-24 years,20-24,610.0,103375.0,590.09
32366,Gonorrhea,280.0,Connecticut,2003.0,Female,25-29 years,25-29,300.0,92181.0,325.45
32367,Gonorrhea,280.0,Connecticut,2003.0,Female,30-34 years,30-34,143.0,117097.0,122.12
32368,Gonorrhea,280.0,Connecticut,2003.0,Female,35-39 years,35-39,115.0,139618.0,82.37
32369,Gonorrhea,280.0,Connecticut,2003.0,Female,40+ years,40+,84.0,887361.0,9.47
32370,Gonorrhea,280.0,Connecticut,2003.0,Female,Unknown,99,46.0,,
32371,Gonorrhea,280.0,Connecticut,2004.0,Female,0-14 years,0-14,43.0,338225.0,12.71
32372,Gonorrhea,280.0,Connecticut,2004.0,Female,15-19 years,15-19,524.0,117612.0,445.53
32373,Gonorrhea,280.0,Connecticut,2004.0,Female,20-24 years,20-24,565.0,105301.0,536.56
32374,Gonorrhea,280.0,Connecticut,2004.0,Female,25-29 years,25-29,279.0,93217.0,299.3
32375,Gonorrhea,280.0,Connecticut,2004.0,Female,30-34 years,30-34,142.0,111523.0,127.33
32376,Gonorrhea,280.0,Connecticut,2004.0,Female,35-39 years,35-39,102.0,134944.0,75.59
32377,Gonorrhea,280.0,Connecticut,2004.0,Female,40+ years,40+,93.0,902596.0,10.3
32378,Gonorrhea,280.0,Connecticut,2004.0,Female,Unknown,99,8.0,,
32379,Gonorrhea,280.0,Connecticut,2005.0,Female,0-14 years,0-14,22.0,333917.0,6.59
32380,Gonorrhea,280.0,Connecticut,2005.0,Female,15-19 years,15-19,478.0,120767.0,395.8
32381,Gonorrhea,280.0,Connecticut,2005.0,Female,20-24 years,20-24,518.0,107086.0,483.72
32382,Gonorrhea,280.0,Connecticut,2005.0,Female,25-29 years,25-29,275.0,94818.0,290.03
32383,Gonorrhea,280.0,Connecticut,2005.0,Female,30-34 years,30-34,137.0,104999.0,130.48
32384,Gonorrhea,280.0,Connecticut,2005.0,Female,35-39 years,35-39,82.0,131425.0,62.39
32385,Gonorrhea,280.0,Connecticut,2005.0,Female,40+ years,40+,70.0,912254.0,7.67
32386,Gonorrhea,280.0,Connecticut,2005.0,Female,Unknown,99,8.0,,
32387,Gonorrhea,280.0,Connecticut,2006.0,Female,0-14 years,0-14,24.0,325316.0,7.38
32388,Gonorrhea,280.0,Connecticut,2006.0,Female,15-19 years,15-19,457.0,122256.0,373.81
32389,Gonorrhea,280.0,Connecticut,2006.0,Female,20-24 years,20-24,494.0,107942.0,457.65
32390,Gonorrhea,280.0,Connecticut,2006.0,Female,25-29 years,25-29,231.0,97793.0,236.21
32391,Gonorrhea,280.0,Connecticut,2006.0,Female,30-34 years,30-34,134.0,105047.0,127.56
32392,Gonorrhea,280.0,Connecticut,2006.0,Female,35-39 years,35-39,69.0,129636.0,53.23
32393,Gonorrhea,280.0,Connecticut,2006.0,Female,40+ years,40+,65.0,910631.0,7.14
32394,Gonorrhea,280.0,Connecticut,2006.0,Female,Unknown,99,4.0,,
32395,Gonorrhea,280.0,Connecticut,2007.0,Female,0-14 years,0-14,29.0,326241.0,8.89
32396,Gonorrhea,280.0,Connecticut,2007.0,Female,15-19 years,15-19,434.0,122618.0,353.94
32397,Gonorrhea,280.0,Connecticut,2007.0,Female,20-24 years,20-24,443.0,108452.0,408.48
32398,Gonorrhea,280.0,Connecticut,2007.0,Female,25-29 years,25-29,231.0,98630.0,234.21
32399,Gonorrhea,280.0,Connecticut,2007.0,Female,30-34 years,30-34,111.0,101407.0,109.46
32400,Gonorrhea,280.0,Connecticut,2007.0,Female,35-39 years,35-39,54.0,125621.0,42.99
32401,Gonorrhea,280.0,Connecticut,2007.0,Female,40+ years,40+,62.0,912353.0,6.8
32402,Gonorrhea,280.0,Connecticut,2007.0,Female,Unknown,99,8.0,,
32403,Gonorrhea,280.0,Connecticut,2008.0,Female,0-14 years,0-14,28.0,323975.0,8.64
32404,Gonorrhea,280.0,Connecticut,2008.0,Female,15-19 years,15-19,538.0,122022.0,440.9
32405,Gonorrhea,280.0,Connecticut,2008.0,Female,20-24 years,20-24,552.0,108738.0,507.64
32406,Gonorrhea,280.0,Connecticut,2008.0,Female,25-29 years,25-29,292.0,100669.0,290.06
32407,Gonorrhea,280.0,Connecticut,2008.0,Female,30-34 years,30-34,125.0,100207.0,124.74
32408,Gonorrhea,280.0,Connecticut,2008.0,Female,35-39 years,35-39,68.0,121311.0,56.05
32409,Gonorrhea,280.0,Connecticut,2008.0,Female,40+ years,40+,78.0,916920.0,8.51
32410,Gonorrhea,280.0,Connecticut,2008.0,Female,Unknown,99,5.0,,
32411,Gonorrhea,280.0,Connecticut,2009.0,Female,0-14 years,0-14,17.0,322804.0,5.27
32412,Gonorrhea,280.0,Connecticut,2009.0,Female,15-19 years,15-19,461.0,123986.0,371.82
32413,Gonorrhea,280.0,Connecticut,2009.0,Female,20-24 years,20-24,539.0,113190.0,476.19
32414,Gonorrhea,280.0,Connecticut,2009.0,Female,25-29 years,25-29,260.0,101976.0,254.96
32415,Gonorrhea,280.0,Connecticut,2009.0,Female,30-34 years,30-34,88.0,100293.0,87.74
32416,Gonorrhea,280.0,Connecticut,2009.0,Female,35-39 years,35-39,54.0,115597.0,46.71
32417,Gonorrhea,280.0,Connecticut,2009.0,Female,40+ years,40+,64.0,922806.0,6.94
32418,Gonorrhea,280.0,Connecticut,2009.0,Female,Unknown,99,8.0,,
32419,Gonorrhea,280.0,Connecticut,2010.0,Female,0-14 years,0-14,13.0,324780.0,4.0
32420,Gonorrhea,280.0,Connecticut,2010.0,Female,15-19 years,15-19,437.0,121885.0,358.54
32421,Gonorrhea,280.0,Connecticut,2010.0,Female,20-24 years,20-24,569.0,110781.0,513.63
32422,Gonorrhea,280.0,Connecticut,2010.0,Female,25-29 years,25-29,237.0,106159.0,223.25
32423,Gonorrhea,280.0,Connecticut,2010.0,Female,30-34 years,30-34,99.0,104194.0,95.02
32424,Gonorrhea,280.0,Connecticut,2010.0,Female,35-39 years,35-39,45.0,113764.0,39.56
32425,Gonorrhea,280.0,Connecticut,2010.0,Female,40+ years,40+,48.0,952920.0,5.04
32426,Gonorrhea,280.0,Connecticut,2010.0,Female,Unknown,99,1.0,,
32427,Gonorrhea,280.0,Connecticut,2011.0,Female,0-14 years,0-14,14.0,319502.0,4.38
32428,Gonorrhea,280.0,Connecticut,2011.0,Female,15-19 years,15-19,430.0,123249.0,348.89
32429,Gonorrhea,280.0,Connecticut,2011.0,Female,20-24 years,20-24,492.0,109969.0,447.4
32430,Gonorrhea,280.0,Connecticut,2011.0,Female,25-29 years,25-29,230.0,107509.0,213.94
32431,Gonorrhea,280.0,Connecticut,2011.0,Female,30-34 years,30-34,108.0,105870.0,102.01
32432,Gonorrhea,280.0,Connecticut,2011.0,Female,35-39 years,35-39,52.0,107960.0,48.17
32433,Gonorrhea,280.0,Connecticut,2011.0,Female,40+ years,40+,52.0,961834.0,5.41
32434,Gonorrhea,280.0,Connecticut,2012.0,Female,0-14 years,0-14,18.0,315800.0,5.7
32435,Gonorrhea,280.0,Connecticut,2012.0,Female,15-19 years,15-19,335.0,124986.0,268.03
32436,Gonorrhea,280.0,Connecticut,2012.0,Female,20-24 years,20-24,429.0,110187.0,389.34
32437,Gonorrhea,280.0,Connecticut,2012.0,Female,25-29 years,25-29,186.0,108559.0,171.34
32438,Gonorrhea,280.0,Connecticut,2012.0,Female,30-34 years,30-34,86.0,108167.0,79.51
32439,Gonorrhea,280.0,Connecticut,2012.0,Female,35-39 years,35-39,45.0,105998.0,42.45
32440,Gonorrhea,280.0,Connecticut,2012.0,Female,40+ years,40+,53.0,966734.0,5.48
32441,Gonorrhea,280.0,Connecticut,2012.0,Female,Unknown,99,1.0,,
32442,Gonorrhea,280.0,Connecticut,2013.0,Female,0-14 years,0-14,12.0,312739.0,3.84
32443,Gonorrhea,280.0,Connecticut,2013.0,Female,15-19 years,15-19,322.0,124102.0,259.46
32444,Gonorrhea,280.0,Connecticut,2013.0,Female,20-24 years,20-24,502.0,113326.0,442.97
32445,Gonorrhea,280.0,Connecticut,2013.0,Female,25-29 years,25-29,289.0,108982.0,265.18
32446,Gonorrhea,280.0,Connecticut,2013.0,Female,30-34 years,30-34,141.0,109822.0,128.39
32447,Gonorrhea,280.0,Connecticut,2013.0,Female,35-39 years,35-39,62.0,105086.0,59.0
32448,Gonorrhea,280.0,Connecticut,2013.0,Female,40+ years,40+,86.0,967872.0,8.89
32449,Gonorrhea,280.0,Connecticut,2013.0,Female,Unknown,99,5.0,,
32450,Gonorrhea,280.0,Connecticut,2014.0,Female,0-14 years,0-14,13.0,312739.0,4.16
32451,Gonorrhea,280.0,Connecticut,2014.0,Female,15-19 years,15-19,234.0,124102.0,188.56
32452,Gonorrhea,280.0,Connecticut,2014.0,Female,20-24 years,20-24,380.0,113326.0,335.32
32453,Gonorrhea,280.0,Connecticut,2014.0,Female,25-29 years,25-29,207.0,108982.0,189.94
32454,Gonorrhea,280.0,Connecticut,2014.0,Female,30-34 years,30-34,121.0,109822.0,110.18
32455,Gonorrhea,280.0,Connecticut,2014.0,Female,35-39 years,35-39,71.0,105086.0,67.56
32456,Gonorrhea,280.0,Connecticut,2014.0,Female,40+ years,40+,80.0,967872.0,8.27
32457,Gonorrhea,280.0,Connecticut,2014.0,Female,Unknown,99,2.0,,
32458,Gonorrhea,280.0,Delaware,1996.0,Female,0-14 years,0-14,38.0,75245.0,50.5
32459,Gonorrhea,280.0,Delaware,1996.0,Female,15-19 years,15-19,363.0,24805.0,1463.41
32460,Gonorrhea,280.0,Delaware,1996.0,Female,20-24 years,20-24,214.0,23946.0,893.68
32461,Gonorrhea,280.0,Delaware,1996.0,Female,25-29 years,25-29,89.0,29333.0,303.41
32462,Gonorrhea,280.0,Delaware,1996.0,Female,30-34 years,30-34,51.0,31038.0,164.31
32463,Gonorrhea,280.0,Delaware,1996.0,Female,35-39 years,35-39,33.0,32675.0,101.0
32464,Gonorrhea,280.0,Delaware,1996.0,Female,40+ years,40+,11.0,164111.0,6.7
32465,Gonorrhea,280.0,Delaware,1997.0,Female,0-14 years,0-14,32.0,76019.0,42.09
32466,Gonorrhea,280.0,Delaware,1997.0,Female,15-19 years,15-19,326.0,25703.0,1268.33
32467,Gonorrhea,280.0,Delaware,1997.0,Female,20-24 years,20-24,196.0,23744.0,825.47
32468,Gonorrhea,280.0,Delaware,1997.0,Female,25-29 years,25-29,77.0,29097.0,264.63
32469,Gonorrhea,280.0,Delaware,1997.0,Female,30-34 years,30-34,48.0,30297.0,158.43
32470,Gonorrhea,280.0,Delaware,1997.0,Female,35-39 years,35-39,18.0,32956.0,54.62
32471,Gonorrhea,280.0,Delaware,1997.0,Female,40+ years,40+,8.0,168788.0,4.74
32472,Gonorrhea,280.0,Delaware,1998.0,Female,0-14 years,0-14,30.0,77127.0,38.9
32473,Gonorrhea,280.0,Delaware,1998.0,Female,15-19 years,15-19,366.0,26597.0,1376.1
32474,Gonorrhea,280.0,Delaware,1998.0,Female,20-24 years,20-24,252.0,24312.0,1036.53
32475,Gonorrhea,280.0,Delaware,1998.0,Female,25-29 years,25-29,102.0,28247.0,361.1
32476,Gonorrhea,280.0,Delaware,1998.0,Female,30-34 years,30-34,58.0,29644.0,195.66
32477,Gonorrhea,280.0,Delaware,1998.0,Female,35-39 years,35-39,31.0,32949.0,94.08
32478,Gonorrhea,280.0,Delaware,1998.0,Female,40+ years,40+,16.0,174106.0,9.19
32479,Gonorrhea,280.0,Delaware,1999.0,Female,0-14 years,0-14,29.0,78478.0,36.95
32480,Gonorrhea,280.0,Delaware,1999.0,Female,15-19 years,15-19,340.0,27299.0,1245.47
32481,Gonorrhea,280.0,Delaware,1999.0,Female,20-24 years,20-24,274.0,25263.0,1084.59
32482,Gonorrhea,280.0,Delaware,1999.0,Female,25-29 years,25-29,111.0,26844.0,413.5
32483,Gonorrhea,280.0,Delaware,1999.0,Female,30-34 years,30-34,73.0,29265.0,249.44
32484,Gonorrhea,280.0,Delaware,1999.0,Female,35-39 years,35-39,57.0,32964.0,172.92
32485,Gonorrhea,280.0,Delaware,1999.0,Female,40+ years,40+,28.0,178619.0,15.68
32486,Gonorrhea,280.0,Delaware,2000.0,Female,0-14 years,0-14,36.0,77348.0,46.54
32487,Gonorrhea,280.0,Delaware,2000.0,Female,15-19 years,15-19,420.0,27426.0,1531.39
32488,Gonorrhea,280.0,Delaware,2000.0,Female,20-24 years,20-24,303.0,26791.0,1130.98
32489,Gonorrhea,280.0,Delaware,2000.0,Female,25-29 years,25-29,99.0,25813.0,383.53
32490,Gonorrhea,280.0,Delaware,2000.0,Female,30-34 years,30-34,61.0,29565.0,206.32
32491,Gonorrhea,280.0,Delaware,2000.0,Female,35-39 years,35-39,46.0,33178.0,138.65
32492,Gonorrhea,280.0,Delaware,2000.0,Female,40+ years,40+,22.0,184532.0,11.92
32493,Gonorrhea,280.0,Delaware,2001.0,Female,0-14 years,0-14,36.0,77592.0,46.4
32494,Gonorrhea,280.0,Delaware,2001.0,Female,15-19 years,15-19,431.0,26534.0,1624.33
32495,Gonorrhea,280.0,Delaware,2001.0,Female,20-24 years,20-24,315.0,28841.0,1092.2
32496,Gonorrhea,280.0,Delaware,2001.0,Female,25-29 years,25-29,113.0,25237.0,447.75
32497,Gonorrhea,280.0,Delaware,2001.0,Female,30-34 years,30-34,59.0,29678.0,198.8
32498,Gonorrhea,280.0,Delaware,2001.0,Female,35-39 years,35-39,34.0,32859.0,103.47
32499,Gonorrhea,280.0,Delaware,2001.0,Female,40+ years,40+,14.0,188890.0,7.41
32500,Gonorrhea,280.0,Delaware,2002.0,Female,0-14 years,0-14,22.0,76872.0,28.62
32501,Gonorrhea,280.0,Delaware,2002.0,Female,15-19 years,15-19,367.0,26130.0,1404.52
32502,Gonorrhea,280.0,Delaware,2002.0,Female,20-24 years,20-24,258.0,30499.0,845.93
32503,Gonorrhea,280.0,Delaware,2002.0,Female,25-29 years,25-29,103.0,25419.0,405.21
32504,Gonorrhea,280.0,Delaware,2002.0,Female,30-34 years,30-34,56.0,29805.0,187.89
32505,Gonorrhea,280.0,Delaware,2002.0,Female,35-39 years,35-39,32.0,32699.0,97.86
32506,Gonorrhea,280.0,Delaware,2002.0,Female,40+ years,40+,20.0,193586.0,10.33
32507,Gonorrhea,280.0,Delaware,2003.0,Female,0-14 years,0-14,19.0,80614.0,23.57
32508,Gonorrhea,280.0,Delaware,2003.0,Female,15-19 years,15-19,226.0,26833.0,842.25
32509,Gonorrhea,280.0,Delaware,2003.0,Female,20-24 years,20-24,196.0,30258.0,647.76
32510,Gonorrhea,280.0,Delaware,2003.0,Female,25-29 years,25-29,94.0,25482.0,368.89
32511,Gonorrhea,280.0,Delaware,2003.0,Female,30-34 years,30-34,39.0,28268.0,137.97
32512,Gonorrhea,280.0,Delaware,2003.0,Female,35-39 years,35-39,13.0,31095.0,41.81
32513,Gonorrhea,280.0,Delaware,2003.0,Female,40+ years,40+,15.0,196822.0,7.62
32514,Gonorrhea,280.0,Delaware,2004.0,Female,0-14 years,0-14,12.0,78131.0,15.36
32515,Gonorrhea,280.0,Delaware,2004.0,Female,15-19 years,15-19,207.0,27133.0,762.91
32516,Gonorrhea,280.0,Delaware,2004.0,Female,20-24 years,20-24,180.0,30491.0,590.34
32517,Gonorrhea,280.0,Delaware,2004.0,Female,25-29 years,25-29,59.0,27390.0,215.41
32518,Gonorrhea,280.0,Delaware,2004.0,Female,30-34 years,30-34,28.0,28148.0,99.47
32519,Gonorrhea,280.0,Delaware,2004.0,Female,35-39 years,35-39,13.0,30945.0,42.01
32520,Gonorrhea,280.0,Delaware,2004.0,Female,40+ years,40+,9.0,203450.0,4.42
32521,Gonorrhea,280.0,Delaware,2005.0,Female,0-14 years,0-14,13.0,78673.0,16.52
32522,Gonorrhea,280.0,Delaware,2005.0,Female,15-19 years,15-19,209.0,27815.0,751.39
32523,Gonorrhea,280.0,Delaware,2005.0,Female,20-24 years,20-24,145.0,29864.0,485.53
32524,Gonorrhea,280.0,Delaware,2005.0,Female,25-29 years,25-29,95.0,29047.0,327.06
32525,Gonorrhea,280.0,Delaware,2005.0,Female,30-34 years,30-34,25.0,27340.0,91.44
32526,Gonorrhea,280.0,Delaware,2005.0,Female,35-39 years,35-39,10.0,30611.0,32.67
32527,Gonorrhea,280.0,Delaware,2005.0,Female,40+ years,40+,18.0,208868.0,8.62
32528,Gonorrhea,280.0,Delaware,2006.0,Female,0-14 years,0-14,11.0,82046.0,13.41
32529,Gonorrhea,280.0,Delaware,2006.0,Female,15-19 years,15-19,310.0,30116.0,1029.35
32530,Gonorrhea,280.0,Delaware,2006.0,Female,20-24 years,20-24,263.0,28760.0,914.47
32531,Gonorrhea,280.0,Delaware,2006.0,Female,25-29 years,25-29,133.0,28796.0,461.87
32532,Gonorrhea,280.0,Delaware,2006.0,Female,30-34 years,30-34,53.0,26754.0,198.1
32533,Gonorrhea,280.0,Delaware,2006.0,Female,35-39 years,35-39,35.0,30335.0,115.38
32534,Gonorrhea,280.0,Delaware,2006.0,Female,40+ years,40+,24.0,212425.0,11.3
32535,Gonorrhea,280.0,Delaware,2007.0,Female,0-14 years,0-14,10.0,82934.0,12.06
32536,Gonorrhea,280.0,Delaware,2007.0,Female,15-19 years,15-19,228.0,30613.0,744.78
32537,Gonorrhea,280.0,Delaware,2007.0,Female,20-24 years,20-24,238.0,29114.0,817.48
32538,Gonorrhea,280.0,Delaware,2007.0,Female,25-29 years,25-29,125.0,28363.0,440.71
32539,Gonorrhea,280.0,Delaware,2007.0,Female,30-34 years,30-34,37.0,26621.0,138.99
32540,Gonorrhea,280.0,Delaware,2007.0,Female,35-39 years,35-39,34.0,30120.0,112.88
32541,Gonorrhea,280.0,Delaware,2007.0,Female,40+ years,40+,27.0,217705.0,12.4
32542,Gonorrhea,280.0,Delaware,2008.0,Female,0-14 years,0-14,6.0,83349.0,7.2
32543,Gonorrhea,280.0,Delaware,2008.0,Female,15-19 years,15-19,207.0,30601.0,676.45
32544,Gonorrhea,280.0,Delaware,2008.0,Female,20-24 years,20-24,196.0,28869.0,678.93
32545,Gonorrhea,280.0,Delaware,2008.0,Female,25-29 years,25-29,104.0,28647.0,363.04
32546,Gonorrhea,280.0,Delaware,2008.0,Female,30-34 years,30-34,42.0,26771.0,156.89
32547,Gonorrhea,280.0,Delaware,2008.0,Female,35-39 years,35-39,20.0,29671.0,67.41
32548,Gonorrhea,280.0,Delaware,2008.0,Female,40+ years,40+,31.0,221848.0,13.97
32549,Gonorrhea,280.0,Delaware,2009.0,Female,0-14 years,0-14,10.0,83915.0,11.92
32550,Gonorrhea,280.0,Delaware,2009.0,Female,15-19 years,15-19,187.0,30622.0,610.67
32551,Gonorrhea,280.0,Delaware,2009.0,Female,20-24 years,20-24,226.0,27942.0,808.82
32552,Gonorrhea,280.0,Delaware,2009.0,Female,25-29 years,25-29,84.0,29445.0,285.28
32553,Gonorrhea,280.0,Delaware,2009.0,Female,30-34 years,30-34,32.0,28579.0,111.97
32554,Gonorrhea,280.0,Delaware,2009.0,Female,35-39 years,35-39,12.0,28836.0,41.61
32555,Gonorrhea,280.0,Delaware,2009.0,Female,40+ years,40+,13.0,226121.0,5.75
32556,Gonorrhea,280.0,Delaware,2010.0,Female,0-14 years,0-14,6.0,83075.0,7.22
32557,Gonorrhea,280.0,Delaware,2010.0,Female,15-19 years,15-19,235.0,31931.0,735.96
32558,Gonorrhea,280.0,Delaware,2010.0,Female,20-24 years,20-24,214.0,31374.0,682.09
32559,Gonorrhea,280.0,Delaware,2010.0,Female,25-29 years,25-29,93.0,28884.0,321.98
32560,Gonorrhea,280.0,Delaware,2010.0,Female,30-34 years,30-34,43.0,27405.0,156.91
32561,Gonorrhea,280.0,Delaware,2010.0,Female,35-39 years,35-39,17.0,28270.0,60.13
32562,Gonorrhea,280.0,Delaware,2010.0,Female,40+ years,40+,13.0,232056.0,5.6
32563,Gonorrhea,280.0,Delaware,2011.0,Female,0-14 years,0-14,4.0,83006.0,4.82
32564,Gonorrhea,280.0,Delaware,2011.0,Female,15-19 years,15-19,155.0,30666.0,505.45
32565,Gonorrhea,280.0,Delaware,2011.0,Female,20-24 years,20-24,174.0,32377.0,537.42
32566,Gonorrhea,280.0,Delaware,2011.0,Female,25-29 years,25-29,71.0,29137.0,243.68
32567,Gonorrhea,280.0,Delaware,2011.0,Female,30-34 years,30-34,37.0,28379.0,130.38
32568,Gonorrhea,280.0,Delaware,2011.0,Female,35-39 years,35-39,15.0,27153.0,55.24
32569,Gonorrhea,280.0,Delaware,2011.0,Female,40+ years,40+,15.0,236581.0,6.34
32570,Gonorrhea,280.0,Delaware,2012.0,Female,0-14 years,0-14,6.0,83659.0,7.17
32571,Gonorrhea,280.0,Delaware,2012.0,Female,15-19 years,15-19,137.0,30390.0,450.81
32572,Gonorrhea,280.0,Delaware,2012.0,Female,20-24 years,20-24,154.0,33451.0,460.38
32573,Gonorrhea,280.0,Delaware,2012.0,Female,25-29 years,25-29,98.0,29237.0,335.19
32574,Gonorrhea,280.0,Delaware,2012.0,Female,30-34 years,30-34,50.0,29118.0,171.72
32575,Gonorrhea,280.0,Delaware,2012.0,Female,35-39 years,35-39,27.0,26750.0,100.94
32576,Gonorrhea,280.0,Delaware,2012.0,Female,40+ years,40+,24.0,240129.0,9.99
32577,Gonorrhea,280.0,Delaware,2013.0,Female,0-14 years,0-14,7.0,83752.0,8.36
32578,Gonorrhea,280.0,Delaware,2013.0,Female,15-19 years,15-19,199.0,29521.0,674.1
32579,Gonorrhea,280.0,Delaware,2013.0,Female,20-24 years,20-24,296.0,32742.0,904.04
32580,Gonorrhea,280.0,Delaware,2013.0,Female,25-29 years,25-29,148.0,30812.0,480.33
32581,Gonorrhea,280.0,Delaware,2013.0,Female,30-34 years,30-34,66.0,29567.0,223.22
32582,Gonorrhea,280.0,Delaware,2013.0,Female,35-39 years,35-39,30.0,26966.0,111.25
32583,Gonorrhea,280.0,Delaware,2013.0,Female,40+ years,40+,17.0,244442.0,6.95
32584,Gonorrhea,280.0,Delaware,2014.0,Female,0-14 years,0-14,6.0,83752.0,7.16
32585,Gonorrhea,280.0,Delaware,2014.0,Female,15-19 years,15-19,155.0,29521.0,525.05
32586,Gonorrhea,280.0,Delaware,2014.0,Female,20-24 years,20-24,256.0,32742.0,781.87
32587,Gonorrhea,280.0,Delaware,2014.0,Female,25-29 years,25-29,156.0,30812.0,506.3
32588,Gonorrhea,280.0,Delaware,2014.0,Female,30-34 years,30-34,63.0,29567.0,213.07
32589,Gonorrhea,280.0,Delaware,2014.0,Female,35-39 years,35-39,31.0,26966.0,114.96
32590,Gonorrhea,280.0,Delaware,2014.0,Female,40+ years,40+,26.0,244442.0,10.64
32591,Gonorrhea,280.0,District of Columbia,1996.0,Female,0-14 years,0-14,113.0,51167.0,220.84
32592,Gonorrhea,280.0,District of Columbia,1996.0,Female,15-19 years,15-19,746.0,17091.0,4364.87
32593,Gonorrhea,280.0,District of Columbia,1996.0,Female,20-24 years,20-24,402.0,24605.0,1633.81
32594,Gonorrhea,280.0,District of Columbia,1996.0,Female,25-29 years,25-29,241.0,34074.0,707.28
32595,Gonorrhea,280.0,District of Columbia,1996.0,Female,30-34 years,30-34,144.0,27315.0,527.18
32596,Gonorrhea,280.0,District of Columbia,1996.0,Female,35-39 years,35-39,86.0,23405.0,367.44
32597,Gonorrhea,280.0,District of Columbia,1996.0,Female,40+ years,40+,65.0,126352.0,51.44
32598,Gonorrhea,280.0,District of Columbia,1996.0,Female,Unknown,99,30.0,,
32599,Gonorrhea,280.0,District of Columbia,1997.0,Female,0-14 years,0-14,92.0,50526.0,182.08
32600,Gonorrhea,280.0,District of Columbia,1997.0,Female,15-19 years,15-19,755.0,17652.0,4277.14
32601,Gonorrhea,280.0,District of Columbia,1997.0,Female,20-24 years,20-24,502.0,23220.0,2161.93
32602,Gonorrhea,280.0,District of Columbia,1997.0,Female,25-29 years,25-29,208.0,33601.0,619.03
32603,Gonorrhea,280.0,District of Columbia,1997.0,Female,30-34 years,30-34,152.0,26390.0,575.98
32604,Gonorrhea,280.0,District of Columbia,1997.0,Female,35-39 years,35-39,83.0,23077.0,359.67
32605,Gonorrhea,280.0,District of Columbia,1997.0,Female,40+ years,40+,89.0,126277.0,70.48
32606,Gonorrhea,280.0,District of Columbia,1997.0,Female,Unknown,99,39.0,,
32607,Gonorrhea,280.0,District of Columbia,1998.0,Female,0-14 years,0-14,95.0,48160.0,197.26
32608,Gonorrhea,280.0,District of Columbia,1998.0,Female,15-19 years,15-19,784.0,18265.0,4292.36
32609,Gonorrhea,280.0,District of Columbia,1998.0,Female,20-24 years,20-24,497.0,24281.0,2046.87
32610,Gonorrhea,280.0,District of Columbia,1998.0,Female,25-29 years,25-29,241.0,32303.0,746.06
32611,Gonorrhea,280.0,District of Columbia,1998.0,Female,30-34 years,30-34,120.0,25590.0,468.93
32612,Gonorrhea,280.0,District of Columbia,1998.0,Female,35-39 years,35-39,74.0,23019.0,321.47
32613,Gonorrhea,280.0,District of Columbia,1998.0,Female,40+ years,40+,69.0,127712.0,54.03
32614,Gonorrhea,280.0,District of Columbia,1998.0,Female,Unknown,99,24.0,,
32615,Gonorrhea,280.0,District of Columbia,1999.0,Female,0-14 years,0-14,72.0,48609.0,148.12
32616,Gonorrhea,280.0,District of Columbia,1999.0,Female,15-19 years,15-19,577.0,19213.0,3003.17
32617,Gonorrhea,280.0,District of Columbia,1999.0,Female,20-24 years,20-24,427.0,26317.0,1622.53
32618,Gonorrhea,280.0,District of Columbia,1999.0,Female,25-29 years,25-29,184.0,29880.0,615.8
32619,Gonorrhea,280.0,District of Columbia,1999.0,Female,30-34 years,30-34,116.0,24860.0,466.61
32620,Gonorrhea,280.0,District of Columbia,1999.0,Female,35-39 years,35-39,91.0,22908.0,397.24
32621,Gonorrhea,280.0,District of Columbia,1999.0,Female,40+ years,40+,46.0,130010.0,35.38
32622,Gonorrhea,280.0,District of Columbia,1999.0,Female,Unknown,99,2.0,,
32623,Gonorrhea,280.0,District of Columbia,2000.0,Female,0-14 years,0-14,51.0,46327.0,110.09
32624,Gonorrhea,280.0,District of Columbia,2000.0,Female,15-19 years,15-19,483.0,18768.0,2573.53
32625,Gonorrhea,280.0,District of Columbia,2000.0,Female,20-24 years,20-24,374.0,28919.0,1293.27
32626,Gonorrhea,280.0,District of Columbia,2000.0,Female,25-29 years,25-29,137.0,27961.0,489.97
32627,Gonorrhea,280.0,District of Columbia,2000.0,Female,30-34 years,30-34,78.0,24923.0,312.96
32628,Gonorrhea,280.0,District of Columbia,2000.0,Female,35-39 years,35-39,66.0,22772.0,289.83
32629,Gonorrhea,280.0,District of Columbia,2000.0,Female,40+ years,40+,67.0,132829.0,50.44
32630,Gonorrhea,280.0,District of Columbia,2000.0,Female,Unknown,99,15.0,,
32631,Gonorrhea,280.0,District of Columbia,2001.0,Female,0-14 years,0-14,50.0,47724.0,104.77
32632,Gonorrhea,280.0,District of Columbia,2001.0,Female,15-19 years,15-19,462.0,15419.0,2996.3
32633,Gonorrhea,280.0,District of Columbia,2001.0,Female,20-24 years,20-24,363.0,29832.0,1216.81
32634,Gonorrhea,280.0,District of Columbia,2001.0,Female,25-29 years,25-29,147.0,28716.0,511.91
32635,Gonorrhea,280.0,District of Columbia,2001.0,Female,30-34 years,30-34,84.0,25854.0,324.9
32636,Gonorrhea,280.0,District of Columbia,2001.0,Female,35-39 years,35-39,47.0,22524.0,208.67
32637,Gonorrhea,280.0,District of Columbia,2001.0,Female,40+ years,40+,65.0,133249.0,48.78
32638,Gonorrhea,280.0,District of Columbia,2001.0,Female,Unknown,99,23.0,,
32639,Gonorrhea,280.0,District of Columbia,2002.0,Female,0-14 years,0-14,47.0,47759.0,98.41
32640,Gonorrhea,280.0,District of Columbia,2002.0,Female,15-19 years,15-19,416.0,13562.0,3067.39
32641,Gonorrhea,280.0,District of Columbia,2002.0,Female,20-24 years,20-24,384.0,29376.0,1307.19
32642,Gonorrhea,280.0,District of Columbia,2002.0,Female,25-29 years,25-29,127.0,29383.0,432.22
32643,Gonorrhea,280.0,District of Columbia,2002.0,Female,30-34 years,30-34,78.0,26364.0,295.86
32644,Gonorrhea,280.0,District of Columbia,2002.0,Female,35-39 years,35-39,49.0,22231.0,220.41
32645,Gonorrhea,280.0,District of Columbia,2002.0,Female,40+ years,40+,105.0,132575.0,79.2
32646,Gonorrhea,280.0,District of Columbia,2002.0,Female,Unknown,99,18.0,,
32647,Gonorrhea,280.0,District of Columbia,2003.0,Female,0-14 years,0-14,51.0,46151.0,110.51
32648,Gonorrhea,280.0,District of Columbia,2003.0,Female,15-19 years,15-19,400.0,13900.0,2877.7
32649,Gonorrhea,280.0,District of Columbia,2003.0,Female,20-24 years,20-24,350.0,27766.0,1260.53
32650,Gonorrhea,280.0,District of Columbia,2003.0,Female,25-29 years,25-29,146.0,31332.0,465.98
32651,Gonorrhea,280.0,District of Columbia,2003.0,Female,30-34 years,30-34,73.0,26397.0,276.55
32652,Gonorrhea,280.0,District of Columbia,2003.0,Female,35-39 years,35-39,52.0,21553.0,241.27
32653,Gonorrhea,280.0,District of Columbia,2003.0,Female,40+ years,40+,57.0,131166.0,43.46
32654,Gonorrhea,280.0,District of Columbia,2003.0,Female,Unknown,99,8.0,,
32655,Gonorrhea,280.0,District of Columbia,2004.0,Female,0-14 years,0-14,50.0,46474.0,107.59
32656,Gonorrhea,280.0,District of Columbia,2004.0,Female,15-19 years,15-19,452.0,12937.0,3493.85
32657,Gonorrhea,280.0,District of Columbia,2004.0,Female,20-24 years,20-24,371.0,24882.0,1491.04
32658,Gonorrhea,280.0,District of Columbia,2004.0,Female,25-29 years,25-29,190.0,31775.0,597.95
32659,Gonorrhea,280.0,District of Columbia,2004.0,Female,30-34 years,30-34,82.0,25918.0,316.38
32660,Gonorrhea,280.0,District of Columbia,2004.0,Female,35-39 years,35-39,55.0,20858.0,263.69
32661,Gonorrhea,280.0,District of Columbia,2004.0,Female,40+ years,40+,84.0,128949.0,65.14
32662,Gonorrhea,280.0,District of Columbia,2004.0,Female,Unknown,99,9.0,,
32663,Gonorrhea,280.0,District of Columbia,2005.0,Female,0-14 years,0-14,28.0,47554.0,58.88
32664,Gonorrhea,280.0,District of Columbia,2005.0,Female,15-19 years,15-19,378.0,13448.0,2810.83
32665,Gonorrhea,280.0,District of Columbia,2005.0,Female,20-24 years,20-24,320.0,21369.0,1497.5
32666,Gonorrhea,280.0,District of Columbia,2005.0,Female,25-29 years,25-29,139.0,32692.0,425.18
32667,Gonorrhea,280.0,District of Columbia,2005.0,Female,30-34 years,30-34,54.0,25476.0,211.96
32668,Gonorrhea,280.0,District of Columbia,2005.0,Female,35-39 years,35-39,40.0,20933.0,191.09
32669,Gonorrhea,280.0,District of Columbia,2005.0,Female,40+ years,40+,68.0,127911.0,53.16
32670,Gonorrhea,280.0,District of Columbia,2005.0,Female,Unknown,99,2.0,,
32671,Gonorrhea,280.0,District of Columbia,2006.0,Female,0-14 years,0-14,26.0,47277.0,54.99
32672,Gonorrhea,280.0,District of Columbia,2006.0,Female,15-19 years,15-19,332.0,20646.0,1608.06
32673,Gonorrhea,280.0,District of Columbia,2006.0,Female,20-24 years,20-24,237.0,28065.0,844.47
32674,Gonorrhea,280.0,District of Columbia,2006.0,Female,25-29 years,25-29,96.0,29958.0,320.45
32675,Gonorrhea,280.0,District of Columbia,2006.0,Female,30-34 years,30-34,45.0,24680.0,182.33
32676,Gonorrhea,280.0,District of Columbia,2006.0,Female,35-39 years,35-39,29.0,22288.0,130.12
32677,Gonorrhea,280.0,District of Columbia,2006.0,Female,40+ years,40+,38.0,135952.0,27.95
32678,Gonorrhea,280.0,District of Columbia,2006.0,Female,Unknown,99,5.0,,
32679,Gonorrhea,280.0,District of Columbia,2007.0,Female,0-14 years,0-14,26.0,45965.0,56.56
32680,Gonorrhea,280.0,District of Columbia,2007.0,Female,15-19 years,15-19,403.0,21115.0,1908.6
32681,Gonorrhea,280.0,District of Columbia,2007.0,Female,20-24 years,20-24,337.0,28622.0,1177.42
32682,Gonorrhea,280.0,District of Columbia,2007.0,Female,25-29 years,25-29,147.0,30487.0,482.17
32683,Gonorrhea,280.0,District of Columbia,2007.0,Female,30-34 years,30-34,71.0,25024.0,283.73
32684,Gonorrhea,280.0,District of Columbia,2007.0,Female,35-39 years,35-39,25.0,22131.0,112.96
32685,Gonorrhea,280.0,District of Columbia,2007.0,Female,40+ years,40+,61.0,136841.0,44.58
32686,Gonorrhea,280.0,District of Columbia,2007.0,Female,Unknown,99,7.0,,
32687,Gonorrhea,280.0,District of Columbia,2008.0,Female,0-14 years,0-14,50.0,45365.0,110.22
32688,Gonorrhea,280.0,District of Columbia,2008.0,Female,15-19 years,15-19,549.0,21290.0,2578.68
32689,Gonorrhea,280.0,District of Columbia,2008.0,Female,20-24 years,20-24,331.0,29113.0,1136.95
32690,Gonorrhea,280.0,District of Columbia,2008.0,Female,25-29 years,25-29,153.0,31484.0,485.96
32691,Gonorrhea,280.0,District of Columbia,2008.0,Female,30-34 years,30-34,83.0,24794.0,334.76
32692,Gonorrhea,280.0,District of Columbia,2008.0,Female,35-39 years,35-39,27.0,22017.0,122.63
32693,Gonorrhea,280.0,District of Columbia,2008.0,Female,40+ years,40+,64.0,137890.0,46.41
32694,Gonorrhea,280.0,District of Columbia,2008.0,Female,Unknown,99,2.0,,
32695,Gonorrhea,280.0,District of Columbia,2009.0,Female,0-14 years,0-14,28.0,46270.0,60.51
32696,Gonorrhea,280.0,District of Columbia,2009.0,Female,15-19 years,15-19,546.0,21678.0,2518.68
32697,Gonorrhea,280.0,District of Columbia,2009.0,Female,20-24 years,20-24,370.0,27179.0,1361.35
32698,Gonorrhea,280.0,District of Columbia,2009.0,Female,25-29 years,25-29,154.0,32253.0,477.48
32699,Gonorrhea,280.0,District of Columbia,2009.0,Female,30-34 years,30-34,59.0,26807.0,220.09
32700,Gonorrhea,280.0,District of Columbia,2009.0,Female,35-39 years,35-39,35.0,23072.0,151.7
32701,Gonorrhea,280.0,District of Columbia,2009.0,Female,40+ years,40+,41.0,139335.0,29.43
32702,Gonorrhea,280.0,District of Columbia,2010.0,Female,0-14 years,0-14,27.0,41429.0,65.17
32703,Gonorrhea,280.0,District of Columbia,2010.0,Female,15-19 years,15-19,492.0,20968.0,2346.43
32704,Gonorrhea,280.0,District of Columbia,2010.0,Female,20-24 years,20-24,337.0,35309.0,954.43
32705,Gonorrhea,280.0,District of Columbia,2010.0,Female,25-29 years,25-29,115.0,37482.0,306.81
32706,Gonorrhea,280.0,District of Columbia,2010.0,Female,30-34 years,30-34,49.0,28479.0,172.06
32707,Gonorrhea,280.0,District of Columbia,2010.0,Female,35-39 years,35-39,25.0,21478.0,116.4
32708,Gonorrhea,280.0,District of Columbia,2010.0,Female,40+ years,40+,28.0,132356.0,21.16
32709,Gonorrhea,280.0,District of Columbia,2011.0,Female,0-14 years,0-14,41.0,43745.0,93.72
32710,Gonorrhea,280.0,District of Columbia,2011.0,Female,15-19 years,15-19,557.0,20531.0,2712.97
32711,Gonorrhea,280.0,District of Columbia,2011.0,Female,20-24 years,20-24,375.0,33984.0,1103.46
32712,Gonorrhea,280.0,District of Columbia,2011.0,Female,25-29 years,25-29,131.0,39741.0,329.63
32713,Gonorrhea,280.0,District of Columbia,2011.0,Female,30-34 years,30-34,52.0,30851.0,168.55
32714,Gonorrhea,280.0,District of Columbia,2011.0,Female,35-39 years,35-39,16.0,21784.0,73.45
32715,Gonorrhea,280.0,District of Columbia,2011.0,Female,40+ years,40+,37.0,135139.0,27.38
32716,Gonorrhea,280.0,District of Columbia,2012.0,Female,0-14 years,0-14,38.0,46039.0,82.54
32717,Gonorrhea,280.0,District of Columbia,2012.0,Female,15-19 years,15-19,447.0,20511.0,2179.32
32718,Gonorrhea,280.0,District of Columbia,2012.0,Female,20-24 years,20-24,344.0,32649.0,1053.63
32719,Gonorrhea,280.0,District of Columbia,2012.0,Female,25-29 years,25-29,90.0,41207.0,218.41
32720,Gonorrhea,280.0,District of Columbia,2012.0,Female,30-34 years,30-34,41.0,33095.0,123.89
32721,Gonorrhea,280.0,District of Columbia,2012.0,Female,35-39 years,35-39,22.0,22744.0,96.73
32722,Gonorrhea,280.0,District of Columbia,2012.0,Female,40+ years,40+,22.0,137037.0,16.05
32723,Gonorrhea,280.0,District of Columbia,2012.0,Female,Unknown,99,2.0,,
32724,Gonorrhea,280.0,District of Columbia,2013.0,Female,0-14 years,0-14,29.0,47450.0,61.12
32725,Gonorrhea,280.0,District of Columbia,2013.0,Female,15-19 years,15-19,343.0,19822.0,1730.4
32726,Gonorrhea,280.0,District of Columbia,2013.0,Female,20-24 years,20-24,342.0,31691.0,1079.17
32727,Gonorrhea,280.0,District of Columbia,2013.0,Female,25-29 years,25-29,106.0,41919.0,252.87
32728,Gonorrhea,280.0,District of Columbia,2013.0,Female,30-34 years,30-34,68.0,35670.0,190.64
32729,Gonorrhea,280.0,District of Columbia,2013.0,Female,35-39 years,35-39,30.0,24409.0,122.91
32730,Gonorrhea,280.0,District of Columbia,2013.0,Female,40+ years,40+,34.0,139238.0,24.42
32731,Gonorrhea,280.0,District of Columbia,2013.0,Female,Unknown,99,1.0,,
32732,Gonorrhea,280.0,District of Columbia,2014.0,Female,0-14 years,0-14,32.0,47450.0,67.44
32733,Gonorrhea,280.0,District of Columbia,2014.0,Female,15-19 years,15-19,324.0,19822.0,1634.55
32734,Gonorrhea,280.0,District of Columbia,2014.0,Female,20-24 years,20-24,314.0,31691.0,990.82
32735,Gonorrhea,280.0,District of Columbia,2014.0,Female,25-29 years,25-29,108.0,41919.0,257.64
32736,Gonorrhea,280.0,District of Columbia,2014.0,Female,30-34 years,30-34,37.0,35670.0,103.73
32737,Gonorrhea,280.0,District of Columbia,2014.0,Female,35-39 years,35-39,19.0,24409.0,77.84
32738,Gonorrhea,280.0,District of Columbia,2014.0,Female,40+ years,40+,22.0,139238.0,15.8
32739,Gonorrhea,280.0,District of Columbia,2014.0,Female,Unknown,99,2.0,,
32740,Gonorrhea,280.0,Florida,1996.0,Female,0-14 years,0-14,355.0,1407451.0,25.22
32741,Gonorrhea,280.0,Florida,1996.0,Female,15-19 years,15-19,3700.0,433398.0,853.72
32742,Gonorrhea,280.0,Florida,1996.0,Female,20-24 years,20-24,2794.0,422324.0,661.58
32743,Gonorrhea,280.0,Florida,1996.0,Female,25-29 years,25-29,1273.0,481783.0,264.23
32744,Gonorrhea,280.0,Florida,1996.0,Female,30-34 years,30-34,678.0,586040.0,115.69
32745,Gonorrhea,280.0,Florida,1996.0,Female,35-39 years,35-39,334.0,599424.0,55.72
32746,Gonorrhea,280.0,Florida,1996.0,Female,40+ years,40+,269.0,3695277.0,7.28
32747,Gonorrhea,280.0,Florida,1997.0,Female,0-14 years,0-14,321.0,1429572.0,22.45
32748,Gonorrhea,280.0,Florida,1997.0,Female,15-19 years,15-19,3749.0,451125.0,831.03
32749,Gonorrhea,280.0,Florida,1997.0,Female,20-24 years,20-24,2805.0,425946.0,658.53
32750,Gonorrhea,280.0,Florida,1997.0,Female,25-29 years,25-29,1262.0,486023.0,259.66
32751,Gonorrhea,280.0,Florida,1997.0,Female,30-34 years,30-34,682.0,575595.0,118.49
32752,Gonorrhea,280.0,Florida,1997.0,Female,35-39 years,35-39,395.0,612941.0,64.44
32753,Gonorrhea,280.0,Florida,1997.0,Female,40+ years,40+,290.0,3807244.0,7.62
32754,Gonorrhea,280.0,Florida,1997.0,Female,Unknown,99,9.0,,
32755,Gonorrhea,280.0,Florida,1998.0,Female,0-14 years,0-14,351.0,1448096.0,24.24
32756,Gonorrhea,280.0,Florida,1998.0,Female,15-19 years,15-19,3418.0,468027.0,730.3
32757,Gonorrhea,280.0,Florida,1998.0,Female,20-24 years,20-24,2694.0,432917.0,622.29
32758,Gonorrhea,280.0,Florida,1998.0,Female,25-29 years,25-29,1158.0,490375.0,236.15
32759,Gonorrhea,280.0,Florida,1998.0,Female,30-34 years,30-34,618.0,559578.0,110.44
32760,Gonorrhea,280.0,Florida,1998.0,Female,35-39 years,35-39,390.0,623381.0,62.56
32761,Gonorrhea,280.0,Florida,1998.0,Female,40+ years,40+,288.0,3916337.0,7.35
32762,Gonorrhea,280.0,Florida,1998.0,Female,Unknown,99,6.0,,
32763,Gonorrhea,280.0,Florida,1999.0,Female,0-14 years,0-14,368.0,1467783.0,25.07
32764,Gonorrhea,280.0,Florida,1999.0,Female,15-19 years,15-19,4235.0,481898.0,878.82
32765,Gonorrhea,280.0,Florida,1999.0,Female,20-24 years,20-24,3328.0,443023.0,751.2
32766,Gonorrhea,280.0,Florida,1999.0,Female,25-29 years,25-29,1399.0,491143.0,284.85
32767,Gonorrhea,280.0,Florida,1999.0,Female,30-34 years,30-34,704.0,544936.0,129.19
32768,Gonorrhea,280.0,Florida,1999.0,Female,35-39 years,35-39,463.0,629366.0,73.57
32769,Gonorrhea,280.0,Florida,1999.0,Female,40+ years,40+,342.0,4015698.0,8.52
32770,Gonorrhea,280.0,Florida,1999.0,Female,Unknown,99,121.0,,
32771,Gonorrhea,280.0,Florida,2000.0,Female,0-14 years,0-14,368.0,1529868.0,24.05
32772,Gonorrhea,280.0,Florida,2000.0,Female,15-19 years,15-19,4121.0,497983.0,827.54
32773,Gonorrhea,280.0,Florida,2000.0,Female,20-24 years,20-24,3432.0,452899.0,757.78
32774,Gonorrhea,280.0,Florida,2000.0,Female,25-29 years,25-29,1396.0,482810.0,289.14
32775,Gonorrhea,280.0,Florida,2000.0,Female,30-34 years,30-34,687.0,535552.0,128.28
32776,Gonorrhea,280.0,Florida,2000.0,Female,35-39 years,35-39,479.0,621078.0,77.12
32777,Gonorrhea,280.0,Florida,2000.0,Female,40+ years,40+,336.0,4096391.0,8.2
32778,Gonorrhea,280.0,Florida,2000.0,Female,Unknown,99,43.0,,
32779,Gonorrhea,280.0,Florida,2001.0,Female,0-14 years,0-14,305.0,1538357.0,19.83
32780,Gonorrhea,280.0,Florida,2001.0,Female,15-19 years,15-19,3771.0,508031.0,742.28
32781,Gonorrhea,280.0,Florida,2001.0,Female,20-24 years,20-24,3520.0,474191.0,742.32
32782,Gonorrhea,280.0,Florida,2001.0,Female,25-29 years,25-29,1300.0,480121.0,270.76
32783,Gonorrhea,280.0,Florida,2001.0,Female,30-34 years,30-34,663.0,544677.0,121.72
32784,Gonorrhea,280.0,Florida,2001.0,Female,35-39 years,35-39,414.0,619947.0,66.78
32785,Gonorrhea,280.0,Florida,2001.0,Female,40+ years,40+,374.0,4209554.0,8.88
32786,Gonorrhea,280.0,Florida,2001.0,Female,Unknown,99,33.0,,
32787,Gonorrhea,280.0,Florida,2002.0,Female,0-14 years,0-14,275.0,1573180.0,17.48
32788,Gonorrhea,280.0,Florida,2002.0,Female,15-19 years,15-19,3766.0,521159.0,722.62
32789,Gonorrhea,280.0,Florida,2002.0,Female,20-24 years,20-24,3448.0,480995.0,716.85
32790,Gonorrhea,280.0,Florida,2002.0,Female,25-29 years,25-29,1420.0,474546.0,299.23
32791,Gonorrhea,280.0,Florida,2002.0,Female,30-34 years,30-34,682.0,550147.0,123.97
32792,Gonorrhea,280.0,Florida,2002.0,Female,35-39 years,35-39,378.0,610575.0,61.91
32793,Gonorrhea,280.0,Florida,2002.0,Female,40+ years,40+,373.0,4331344.0,8.61
32794,Gonorrhea,280.0,Florida,2002.0,Female,Unknown,99,31.0,,
32795,Gonorrhea,280.0,Florida,2003.0,Female,0-14 years,0-14,248.0,1588800.0,15.61
32796,Gonorrhea,280.0,Florida,2003.0,Female,15-19 years,15-19,3288.0,535160.0,614.4
32797,Gonorrhea,280.0,Florida,2003.0,Female,20-24 years,20-24,3202.0,513935.0,623.04
32798,Gonorrhea,280.0,Florida,2003.0,Female,25-29 years,25-29,1296.0,486315.0,266.49
32799,Gonorrhea,280.0,Florida,2003.0,Female,30-34 years,30-34,622.0,552731.0,112.53
32800,Gonorrhea,280.0,Florida,2003.0,Female,35-39 years,35-39,347.0,600183.0,57.82
32801,Gonorrhea,280.0,Florida,2003.0,Female,40+ years,40+,387.0,4407250.0,8.78
32802,Gonorrhea,280.0,Florida,2003.0,Female,Unknown,99,29.0,,
32803,Gonorrhea,280.0,Florida,2004.0,Female,0-14 years,0-14,224.0,1617842.0,13.85
32804,Gonorrhea,280.0,Florida,2004.0,Female,15-19 years,15-19,3330.0,552216.0,603.02
32805,Gonorrhea,280.0,Florida,2004.0,Female,20-24 years,20-24,3142.0,534158.0,588.22
32806,Gonorrhea,280.0,Florida,2004.0,Female,25-29 years,25-29,1340.0,500000.0,268.0
32807,Gonorrhea,280.0,Florida,2004.0,Female,30-34 years,30-34,581.0,552349.0,105.19
32808,Gonorrhea,280.0,Florida,2004.0,Female,35-39 years,35-39,352.0,589824.0,59.68
32809,Gonorrhea,280.0,Florida,2004.0,Female,40+ years,40+,396.0,4526374.0,8.75
32810,Gonorrhea,280.0,Florida,2004.0,Female,Unknown,99,6.0,,
32811,Gonorrhea,280.0,Florida,2005.0,Female,0-14 years,0-14,230.0,1636545.0,14.05
32812,Gonorrhea,280.0,Florida,2005.0,Female,15-19 years,15-19,3644.0,569568.0,639.78
32813,Gonorrhea,280.0,Florida,2005.0,Female,20-24 years,20-24,3341.0,549480.0,608.03
32814,Gonorrhea,280.0,Florida,2005.0,Female,25-29 years,25-29,1465.0,518562.0,282.51
32815,Gonorrhea,280.0,Florida,2005.0,Female,30-34 years,30-34,708.0,545211.0,129.86
32816,Gonorrhea,280.0,Florida,2005.0,Female,35-39 years,35-39,370.0,589500.0,62.77
32817,Gonorrhea,280.0,Florida,2005.0,Female,40+ years,40+,430.0,4656272.0,9.23
32818,Gonorrhea,280.0,Florida,2005.0,Female,Unknown,99,16.0,,
32819,Gonorrhea,280.0,Florida,2006.0,Female,0-14 years,0-14,274.0,1611254.0,17.01
32820,Gonorrhea,280.0,Florida,2006.0,Female,15-19 years,15-19,4619.0,561236.0,823.0
32821,Gonorrhea,280.0,Florida,2006.0,Female,20-24 years,20-24,3975.0,559945.0,709.89
32822,Gonorrhea,280.0,Florida,2006.0,Female,25-29 years,25-29,1814.0,567439.0,319.68
32823,Gonorrhea,280.0,Florida,2006.0,Female,30-34 years,30-34,782.0,545358.0,143.39
32824,Gonorrhea,280.0,Florida,2006.0,Female,35-39 years,35-39,447.0,608122.0,73.5
32825,Gonorrhea,280.0,Florida,2006.0,Female,40+ years,40+,495.0,4752399.0,10.42
32826,Gonorrhea,280.0,Florida,2006.0,Female,Unknown,99,21.0,,
32827,Gonorrhea,280.0,Florida,2007.0,Female,0-14 years,0-14,248.0,1621680.0,15.29
32828,Gonorrhea,280.0,Florida,2007.0,Female,15-19 years,15-19,4280.0,565147.0,757.33
32829,Gonorrhea,280.0,Florida,2007.0,Female,20-24 years,20-24,3963.0,552570.0,717.19
32830,Gonorrhea,280.0,Florida,2007.0,Female,25-29 years,25-29,1764.0,576688.0,305.88
32831,Gonorrhea,280.0,Florida,2007.0,Female,30-34 years,30-34,703.0,536785.0,130.97
32832,Gonorrhea,280.0,Florida,2007.0,Female,35-39 years,35-39,379.0,607114.0,62.43
32833,Gonorrhea,280.0,Florida,2007.0,Female,40+ years,40+,446.0,4822416.0,9.25
32834,Gonorrhea,280.0,Florida,2007.0,Female,Unknown,99,10.0,,
32835,Gonorrhea,280.0,Florida,2008.0,Female,0-14 years,0-14,243.0,1611294.0,15.08
32836,Gonorrhea,280.0,Florida,2008.0,Female,15-19 years,15-19,4607.0,562752.0,818.65
32837,Gonorrhea,280.0,Florida,2008.0,Female,20-24 years,20-24,4104.0,554812.0,739.71
32838,Gonorrhea,280.0,Florida,2008.0,Female,25-29 years,25-29,1776.0,580024.0,306.19
32839,Gonorrhea,280.0,Florida,2008.0,Female,30-34 years,30-34,729.0,533272.0,136.7
32840,Gonorrhea,280.0,Florida,2008.0,Female,35-39 years,35-39,399.0,597929.0,66.73
32841,Gonorrhea,280.0,Florida,2008.0,Female,40+ years,40+,419.0,4882975.0,8.58
32842,Gonorrhea,280.0,Florida,2008.0,Female,Unknown,99,2.0,,
32843,Gonorrhea,280.0,Florida,2009.0,Female,0-14 years,0-14,225.0,1640531.0,13.72
32844,Gonorrhea,280.0,Florida,2009.0,Female,15-19 years,15-19,4067.0,564106.0,720.96
32845,Gonorrhea,280.0,Florida,2009.0,Female,20-24 years,20-24,3609.0,575469.0,627.14
32846,Gonorrhea,280.0,Florida,2009.0,Female,25-29 years,25-29,1500.0,595349.0,251.95
32847,Gonorrhea,280.0,Florida,2009.0,Female,30-34 years,30-34,638.0,542880.0,117.52
32848,Gonorrhea,280.0,Florida,2009.0,Female,35-39 years,35-39,334.0,586452.0,56.95
32849,Gonorrhea,280.0,Florida,2009.0,Female,40+ years,40+,371.0,4909256.0,7.56
32850,Gonorrhea,280.0,Florida,2009.0,Female,Unknown,99,1.0,,
32851,Gonorrhea,280.0,Florida,2010.0,Female,0-14 years,0-14,160.0,1606881.0,9.96
32852,Gonorrhea,280.0,Florida,2010.0,Female,15-19 years,15-19,3737.0,597095.0,625.86
32853,Gonorrhea,280.0,Florida,2010.0,Female,20-24 years,20-24,3666.0,601695.0,609.28
32854,Gonorrhea,280.0,Florida,2010.0,Female,25-29 years,25-29,1478.0,584330.0,252.94
32855,Gonorrhea,280.0,Florida,2010.0,Female,30-34 years,30-34,638.0,555079.0,114.94
32856,Gonorrhea,280.0,Florida,2010.0,Female,35-39 years,35-39,262.0,593326.0,44.16
32857,Gonorrhea,280.0,Florida,2010.0,Female,40+ years,40+,298.0,5073549.0,5.87
32858,Gonorrhea,280.0,Florida,2010.0,Female,Unknown,99,1.0,,
32859,Gonorrhea,280.0,Florida,2011.0,Female,0-14 years,0-14,143.0,1607618.0,8.9
32860,Gonorrhea,280.0,Florida,2011.0,Female,15-19 years,15-19,3377.0,579650.0,582.59
32861,Gonorrhea,280.0,Florida,2011.0,Female,20-24 years,20-24,3652.0,628087.0,581.45
32862,Gonorrhea,280.0,Florida,2011.0,Female,25-29 years,25-29,1583.0,591985.0,267.4
32863,Gonorrhea,280.0,Florida,2011.0,Female,30-34 years,30-34,610.0,569991.0,107.02
32864,Gonorrhea,280.0,Florida,2011.0,Female,35-39 years,35-39,299.0,575209.0,51.98
32865,Gonorrhea,280.0,Florida,2011.0,Female,40+ years,40+,334.0,5183626.0,6.44
32866,Gonorrhea,280.0,Florida,2011.0,Female,Unknown,99,1.0,,
32867,Gonorrhea,280.0,Florida,2012.0,Female,0-14 years,0-14,127.0,1615578.0,7.86
32868,Gonorrhea,280.0,Florida,2012.0,Female,15-19 years,15-19,2818.0,570075.0,494.32
32869,Gonorrhea,280.0,Florida,2012.0,Female,20-24 years,20-24,3562.0,644718.0,552.49
32870,Gonorrhea,280.0,Florida,2012.0,Female,25-29 years,25-29,1598.0,602534.0,265.21
32871,Gonorrhea,280.0,Florida,2012.0,Female,30-34 years,30-34,743.0,586222.0,126.74
32872,Gonorrhea,280.0,Florida,2012.0,Female,35-39 years,35-39,309.0,571494.0,54.07
32873,Gonorrhea,280.0,Florida,2012.0,Female,40+ years,40+,409.0,5279120.0,7.75
32874,Gonorrhea,280.0,Florida,2012.0,Female,Unknown,99,4.0,,
32875,Gonorrhea,280.0,Florida,2013.0,Female,0-14 years,0-14,127.0,1626364.0,7.81
32876,Gonorrhea,280.0,Florida,2013.0,Female,15-19 years,15-19,2581.0,567540.0,454.77
32877,Gonorrhea,280.0,Florida,2013.0,Female,20-24 years,20-24,3658.0,642940.0,568.95
32878,Gonorrhea,280.0,Florida,2013.0,Female,25-29 years,25-29,1718.0,615059.0,279.32
32879,Gonorrhea,280.0,Florida,2013.0,Female,30-34 years,30-34,801.0,599059.0,133.71
32880,Gonorrhea,280.0,Florida,2013.0,Female,35-39 years,35-39,386.0,573662.0,67.29
32881,Gonorrhea,280.0,Florida,2013.0,Female,40+ years,40+,443.0,5365589.0,8.26
32882,Gonorrhea,280.0,Florida,2013.0,Female,Unknown,99,4.0,,
32883,Gonorrhea,280.0,Florida,2014.0,Female,0-14 years,0-14,117.0,1626364.0,7.19
32884,Gonorrhea,280.0,Florida,2014.0,Female,15-19 years,15-19,2289.0,567540.0,403.32
32885,Gonorrhea,280.0,Florida,2014.0,Female,20-24 years,20-24,3419.0,642940.0,531.78
32886,Gonorrhea,280.0,Florida,2014.0,Female,25-29 years,25-29,1696.0,615059.0,275.75
32887,Gonorrhea,280.0,Florida,2014.0,Female,30-34 years,30-34,795.0,599059.0,132.71
32888,Gonorrhea,280.0,Florida,2014.0,Female,35-39 years,35-39,415.0,573662.0,72.34
32889,Gonorrhea,280.0,Florida,2014.0,Female,40+ years,40+,496.0,5365589.0,9.24
32890,Gonorrhea,280.0,Florida,2014.0,Female,Unknown,99,1.0,,
32891,Gonorrhea,280.0,Georgia,1996.0,Female,0-14 years,0-14,394.0,812644.0,48.48
32892,Gonorrhea,280.0,Georgia,1996.0,Female,15-19 years,15-19,3887.0,263998.0,1472.36
32893,Gonorrhea,280.0,Georgia,1996.0,Female,20-24 years,20-24,2641.0,265280.0,995.55
32894,Gonorrhea,280.0,Georgia,1996.0,Female,25-29 years,25-29,1244.0,300712.0,413.69
32895,Gonorrhea,280.0,Georgia,1996.0,Female,30-34 years,30-34,710.0,337742.0,210.22
32896,Gonorrhea,280.0,Georgia,1996.0,Female,35-39 years,35-39,428.0,331508.0,129.11
32897,Gonorrhea,280.0,Georgia,1996.0,Female,40+ years,40+,282.0,1525257.0,18.49
32898,Gonorrhea,280.0,Georgia,1996.0,Female,Unknown,99,220.0,,
32899,Gonorrhea,280.0,Georgia,1997.0,Female,0-14 years,0-14,363.0,827936.0,43.84
32900,Gonorrhea,280.0,Georgia,1997.0,Female,15-19 years,15-19,3765.0,272250.0,1382.92
32901,Gonorrhea,280.0,Georgia,1997.0,Female,20-24 years,20-24,2592.0,267018.0,970.72
32902,Gonorrhea,280.0,Georgia,1997.0,Female,25-29 years,25-29,1153.0,307508.0,374.95
32903,Gonorrhea,280.0,Georgia,1997.0,Female,30-34 years,30-34,709.0,335873.0,211.09
32904,Gonorrhea,280.0,Georgia,1997.0,Female,35-39 years,35-39,458.0,338114.0,135.46
32905,Gonorrhea,280.0,Georgia,1997.0,Female,40+ years,40+,253.0,1576593.0,16.05
32906,Gonorrhea,280.0,Georgia,1997.0,Female,Unknown,99,308.0,,
32907,Gonorrhea,280.0,Georgia,1998.0,Female,0-14 years,0-14,329.0,847812.0,38.81
32908,Gonorrhea,280.0,Georgia,1998.0,Female,15-19 years,15-19,3863.0,279228.0,1383.46
32909,Gonorrhea,280.0,Georgia,1998.0,Female,20-24 years,20-24,2891.0,271745.0,1063.87
32910,Gonorrhea,280.0,Georgia,1998.0,Female,25-29 years,25-29,1345.0,312653.0,430.19
32911,Gonorrhea,280.0,Georgia,1998.0,Female,30-34 years,30-34,702.0,331386.0,211.84
32912,Gonorrhea,280.0,Georgia,1998.0,Female,35-39 years,35-39,414.0,343804.0,120.42
32913,Gonorrhea,280.0,Georgia,1998.0,Female,40+ years,40+,326.0,1623874.0,20.08
32914,Gonorrhea,280.0,Georgia,1998.0,Female,Unknown,99,231.0,,
32915,Gonorrhea,280.0,Georgia,1999.0,Female,0-14 years,0-14,334.0,871722.0,38.31
32916,Gonorrhea,280.0,Georgia,1999.0,Female,15-19 years,15-19,4055.0,283808.0,1428.78
32917,Gonorrhea,280.0,Georgia,1999.0,Female,20-24 years,20-24,3102.0,278652.0,1113.22
32918,Gonorrhea,280.0,Georgia,1999.0,Female,25-29 years,25-29,1271.0,315585.0,402.74
32919,Gonorrhea,280.0,Georgia,1999.0,Female,30-34 years,30-34,634.0,327147.0,193.8
32920,Gonorrhea,280.0,Georgia,1999.0,Female,35-39 years,35-39,447.0,348881.0,128.12
32921,Gonorrhea,280.0,Georgia,1999.0,Female,40+ years,40+,301.0,1670236.0,18.02
32922,Gonorrhea,280.0,Georgia,1999.0,Female,Unknown,99,9.0,,
32923,Gonorrhea,280.0,Georgia,2000.0,Female,0-14 years,0-14,331.0,901472.0,36.72
32924,Gonorrhea,280.0,Georgia,2000.0,Female,15-19 years,15-19,3811.0,287098.0,1327.42
32925,Gonorrhea,280.0,Georgia,2000.0,Female,20-24 years,20-24,3123.0,287184.0,1087.46
32926,Gonorrhea,280.0,Georgia,2000.0,Female,25-29 years,25-29,1274.0,313372.0,406.55
32927,Gonorrhea,280.0,Georgia,2000.0,Female,30-34 years,30-34,635.0,328734.0,193.16
32928,Gonorrhea,280.0,Georgia,2000.0,Female,35-39 years,35-39,397.0,350366.0,113.31
32929,Gonorrhea,280.0,Georgia,2000.0,Female,40+ years,40+,273.0,1714462.0,15.92
32930,Gonorrhea,280.0,Georgia,2001.0,Female,0-14 years,0-14,331.0,914954.0,36.18
32931,Gonorrhea,280.0,Georgia,2001.0,Female,15-19 years,15-19,3741.0,287916.0,1299.34
32932,Gonorrhea,280.0,Georgia,2001.0,Female,20-24 years,20-24,3155.0,294360.0,1071.82
32933,Gonorrhea,280.0,Georgia,2001.0,Female,25-29 years,25-29,1219.0,309759.0,393.53
32934,Gonorrhea,280.0,Georgia,2001.0,Female,30-34 years,30-34,520.0,339018.0,153.38
32935,Gonorrhea,280.0,Georgia,2001.0,Female,35-39 years,35-39,318.0,353387.0,89.99
32936,Gonorrhea,280.0,Georgia,2001.0,Female,40+ years,40+,305.0,1766866.0,17.26
32937,Gonorrhea,280.0,Georgia,2001.0,Female,Unknown,99,1.0,,
32938,Gonorrhea,280.0,Georgia,2002.0,Female,0-14 years,0-14,329.0,931257.0,35.33
32939,Gonorrhea,280.0,Georgia,2002.0,Female,15-19 years,15-19,3644.0,292120.0,1247.43
32940,Gonorrhea,280.0,Georgia,2002.0,Female,20-24 years,20-24,3072.0,300530.0,1022.19
32941,Gonorrhea,280.0,Georgia,2002.0,Female,25-29 years,25-29,1163.0,307375.0,378.37
32942,Gonorrhea,280.0,Georgia,2002.0,Female,30-34 years,30-34,484.0,348001.0,139.08
32943,Gonorrhea,280.0,Georgia,2002.0,Female,35-39 years,35-39,292.0,352149.0,82.92
32944,Gonorrhea,280.0,Georgia,2002.0,Female,40+ years,40+,271.0,1810902.0,14.96
32945,Gonorrhea,280.0,Georgia,2002.0,Female,Unknown,99,51.0,,
32946,Gonorrhea,280.0,Georgia,2003.0,Female,0-14 years,0-14,271.0,942231.0,28.76
32947,Gonorrhea,280.0,Georgia,2003.0,Female,15-19 years,15-19,3371.0,296639.0,1136.4
32948,Gonorrhea,280.0,Georgia,2003.0,Female,20-24 years,20-24,3120.0,307147.0,1015.8
32949,Gonorrhea,280.0,Georgia,2003.0,Female,25-29 years,25-29,1205.0,312670.0,385.39
32950,Gonorrhea,280.0,Georgia,2003.0,Female,30-34 years,30-34,562.0,350577.0,160.31
32951,Gonorrhea,280.0,Georgia,2003.0,Female,35-39 years,35-39,274.0,345433.0,79.32
32952,Gonorrhea,280.0,Georgia,2003.0,Female,40+ years,40+,270.0,1843338.0,14.65
32953,Gonorrhea,280.0,Georgia,2003.0,Female,Unknown,99,64.0,,
32954,Gonorrhea,280.0,Georgia,2004.0,Female,0-14 years,0-14,254.0,955366.0,26.59
32955,Gonorrhea,280.0,Georgia,2004.0,Female,15-19 years,15-19,2984.0,303451.0,983.36
32956,Gonorrhea,280.0,Georgia,2004.0,Female,20-24 years,20-24,2706.0,310783.0,870.7
32957,Gonorrhea,280.0,Georgia,2004.0,Female,25-29 years,25-29,1150.0,317247.0,362.49
32958,Gonorrhea,280.0,Georgia,2004.0,Female,30-34 years,30-34,483.0,350465.0,137.82
32959,Gonorrhea,280.0,Georgia,2004.0,Female,35-39 years,35-39,232.0,342751.0,67.69
32960,Gonorrhea,280.0,Georgia,2004.0,Female,40+ years,40+,252.0,1883897.0,13.38
32961,Gonorrhea,280.0,Georgia,2004.0,Female,Unknown,99,58.0,,
32962,Gonorrhea,280.0,Georgia,2005.0,Female,0-14 years,0-14,258.0,962942.0,26.79
32963,Gonorrhea,280.0,Georgia,2005.0,Female,15-19 years,15-19,3031.0,314220.0,964.61
32964,Gonorrhea,280.0,Georgia,2005.0,Female,20-24 years,20-24,2445.0,316422.0,772.7
32965,Gonorrhea,280.0,Georgia,2005.0,Female,25-29 years,25-29,1126.0,331424.0,339.75
32966,Gonorrhea,280.0,Georgia,2005.0,Female,30-34 years,30-34,422.0,353253.0,119.46
32967,Gonorrhea,280.0,Georgia,2005.0,Female,35-39 years,35-39,208.0,350908.0,59.27
32968,Gonorrhea,280.0,Georgia,2005.0,Female,40+ years,40+,254.0,1955861.0,12.99
32969,Gonorrhea,280.0,Georgia,2005.0,Female,Unknown,99,75.0,,
32970,Gonorrhea,280.0,Georgia,2006.0,Female,0-14 years,0-14,251.0,997336.0,25.17
32971,Gonorrhea,280.0,Georgia,2006.0,Female,15-19 years,15-19,3808.0,326722.0,1165.52
32972,Gonorrhea,280.0,Georgia,2006.0,Female,20-24 years,20-24,3142.0,315095.0,997.16
32973,Gonorrhea,280.0,Georgia,2006.0,Female,25-29 years,25-29,1464.0,344214.0,425.32
32974,Gonorrhea,280.0,Georgia,2006.0,Female,30-34 years,30-34,637.0,336370.0,189.38
32975,Gonorrhea,280.0,Georgia,2006.0,Female,35-39 years,35-39,303.0,359800.0,84.21
32976,Gonorrhea,280.0,Georgia,2006.0,Female,40+ years,40+,308.0,2073326.0,14.86
32977,Gonorrhea,280.0,Georgia,2006.0,Female,Unknown,99,89.0,,
32978,Gonorrhea,280.0,Georgia,2007.0,Female,0-14 years,0-14,182.0,1030162.0,17.67
32979,Gonorrhea,280.0,Georgia,2007.0,Female,15-19 years,15-19,3371.0,329199.0,1024.0
32980,Gonorrhea,280.0,Georgia,2007.0,Female,20-24 years,20-24,3111.0,312322.0,996.09
32981,Gonorrhea,280.0,Georgia,2007.0,Female,25-29 years,25-29,1473.0,353157.0,417.1
32982,Gonorrhea,280.0,Georgia,2007.0,Female,30-34 years,30-34,557.0,333715.0,166.91
32983,Gonorrhea,280.0,Georgia,2007.0,Female,35-39 years,35-39,283.0,366179.0,77.28
32984,Gonorrhea,280.0,Georgia,2007.0,Female,40+ years,40+,282.0,2126312.0,13.26
32985,Gonorrhea,280.0,Georgia,2007.0,Female,Unknown,99,75.0,,
32986,Gonorrhea,280.0,Georgia,2008.0,Female,0-14 years,0-14,89.0,1038997.0,8.57
32987,Gonorrhea,280.0,Georgia,2008.0,Female,15-19 years,15-19,3010.0,333417.0,902.77
32988,Gonorrhea,280.0,Georgia,2008.0,Female,20-24 years,20-24,3133.0,314939.0,994.8
32989,Gonorrhea,280.0,Georgia,2008.0,Female,25-29 years,25-29,1322.0,353725.0,373.74
32990,Gonorrhea,280.0,Georgia,2008.0,Female,30-34 years,30-34,550.0,333321.0,165.01
32991,Gonorrhea,280.0,Georgia,2008.0,Female,35-39 years,35-39,266.0,368967.0,72.09
32992,Gonorrhea,280.0,Georgia,2008.0,Female,40+ years,40+,278.0,2177403.0,12.77
32993,Gonorrhea,280.0,Georgia,2008.0,Female,Unknown,99,39.0,,
32994,Gonorrhea,280.0,Georgia,2009.0,Female,0-14 years,0-14,126.0,1057266.0,11.92
32995,Gonorrhea,280.0,Georgia,2009.0,Female,15-19 years,15-19,2722.0,342429.0,794.91
32996,Gonorrhea,280.0,Georgia,2009.0,Female,20-24 years,20-24,2528.0,332697.0,759.85
32997,Gonorrhea,280.0,Georgia,2009.0,Female,25-29 years,25-29,1076.0,354458.0,303.56
32998,Gonorrhea,280.0,Georgia,2009.0,Female,30-34 years,30-34,399.0,336882.0,118.44
32999,Gonorrhea,280.0,Georgia,2009.0,Female,35-39 years,35-39,187.0,362996.0,51.52
33000,Gonorrhea,280.0,Georgia,2009.0,Female,40+ years,40+,186.0,2207221.0,8.43
33001,Gonorrhea,280.0,Georgia,2009.0,Female,Unknown,99,29.0,,
33002,Gonorrhea,280.0,Georgia,2010.0,Female,0-14 years,0-14,126.0,1014471.0,12.42
33003,Gonorrhea,280.0,Georgia,2010.0,Female,15-19 years,15-19,3213.0,347065.0,925.76
33004,Gonorrhea,280.0,Georgia,2010.0,Female,20-24 years,20-24,3034.0,335603.0,904.04
33005,Gonorrhea,280.0,Georgia,2010.0,Female,25-29 years,25-29,1068.0,340104.0,314.02
33006,Gonorrhea,280.0,Georgia,2010.0,Female,30-34 years,30-34,474.0,337246.0,140.55
33007,Gonorrhea,280.0,Georgia,2010.0,Female,35-39 years,35-39,194.0,357605.0,54.25
33008,Gonorrhea,280.0,Georgia,2010.0,Female,40+ years,40+,181.0,2226388.0,8.13
33009,Gonorrhea,280.0,Georgia,2010.0,Female,Unknown,99,7.0,,
33010,Gonorrhea,280.0,Georgia,2011.0,Female,0-14 years,0-14,146.0,1015901.0,14.37
33011,Gonorrhea,280.0,Georgia,2011.0,Female,15-19 years,15-19,3116.0,340408.0,915.37
33012,Gonorrhea,280.0,Georgia,2011.0,Female,20-24 years,20-24,3200.0,347112.0,921.89
33013,Gonorrhea,280.0,Georgia,2011.0,Female,25-29 years,25-29,1146.0,338963.0,338.09
33014,Gonorrhea,280.0,Georgia,2011.0,Female,30-34 years,30-34,492.0,344767.0,142.71
33015,Gonorrhea,280.0,Georgia,2011.0,Female,35-39 years,35-39,232.0,344368.0,67.37
33016,Gonorrhea,280.0,Georgia,2011.0,Female,40+ years,40+,252.0,2280884.0,11.05
33017,Gonorrhea,280.0,Georgia,2011.0,Female,Unknown,99,5.0,,
33018,Gonorrhea,280.0,Georgia,2012.0,Female,0-14 years,0-14,126.0,1017605.0,12.38
33019,Gonorrhea,280.0,Georgia,2012.0,Female,15-19 years,15-19,2597.0,340208.0,763.36
33020,Gonorrhea,280.0,Georgia,2012.0,Female,20-24 years,20-24,3031.0,356721.0,849.68
33021,Gonorrhea,280.0,Georgia,2012.0,Female,25-29 years,25-29,1182.0,339333.0,348.33
33022,Gonorrhea,280.0,Georgia,2012.0,Female,30-34 years,30-34,509.0,348127.0,146.21
33023,Gonorrhea,280.0,Georgia,2012.0,Female,35-39 years,35-39,248.0,339531.0,73.04
33024,Gonorrhea,280.0,Georgia,2012.0,Female,40+ years,40+,227.0,2327396.0,9.75
33025,Gonorrhea,280.0,Georgia,2012.0,Female,Unknown,99,1.0,,
33026,Gonorrhea,280.0,Georgia,2013.0,Female,0-14 years,0-14,105.0,1017959.0,10.31
33027,Gonorrhea,280.0,Georgia,2013.0,Female,15-19 years,15-19,2228.0,338478.0,658.24
33028,Gonorrhea,280.0,Georgia,2013.0,Female,20-24 years,20-24,2769.0,358700.0,771.95
33029,Gonorrhea,280.0,Georgia,2013.0,Female,25-29 years,25-29,1025.0,339655.0,301.78
33030,Gonorrhea,280.0,Georgia,2013.0,Female,30-34 years,30-34,501.0,349211.0,143.47
33031,Gonorrhea,280.0,Georgia,2013.0,Female,35-39 years,35-39,197.0,337319.0,58.4
33032,Gonorrhea,280.0,Georgia,2013.0,Female,40+ years,40+,228.0,2369484.0,9.62
33033,Gonorrhea,280.0,Georgia,2013.0,Female,Unknown,99,7.0,,
33034,Gonorrhea,280.0,Georgia,2014.0,Female,0-14 years,0-14,70.0,1017959.0,6.88
33035,Gonorrhea,280.0,Georgia,2014.0,Female,15-19 years,15-19,1913.0,338478.0,565.18
33036,Gonorrhea,280.0,Georgia,2014.0,Female,20-24 years,20-24,2547.0,358700.0,710.06
33037,Gonorrhea,280.0,Georgia,2014.0,Female,25-29 years,25-29,1121.0,339655.0,330.04
33038,Gonorrhea,280.0,Georgia,2014.0,Female,30-34 years,30-34,480.0,349211.0,137.45
33039,Gonorrhea,280.0,Georgia,2014.0,Female,35-39 years,35-39,198.0,337319.0,58.7
33040,Gonorrhea,280.0,Georgia,2014.0,Female,40+ years,40+,215.0,2369484.0,9.07
33041,Gonorrhea,280.0,Georgia,2014.0,Female,Unknown,99,8.0,,
33042,Gonorrhea,280.0,Hawaii,1996.0,Female,0-14 years,0-14,3.0,127202.0,2.36
33043,Gonorrhea,280.0,Hawaii,1996.0,Female,15-19 years,15-19,72.0,38504.0,186.99
33044,Gonorrhea,280.0,Hawaii,1996.0,Female,20-24 years,20-24,96.0,36289.0,264.54
33045,Gonorrhea,280.0,Hawaii,1996.0,Female,25-29 years,25-29,28.0,41227.0,67.92
33046,Gonorrhea,280.0,Hawaii,1996.0,Female,30-34 years,30-34,26.0,49486.0,52.54
33047,Gonorrhea,280.0,Hawaii,1996.0,Female,35-39 years,35-39,10.0,49134.0,20.35
33048,Gonorrhea,280.0,Hawaii,1996.0,Female,40+ years,40+,6.0,252924.0,2.37
33049,Gonorrhea,280.0,Hawaii,1996.0,Female,Unknown,99,5.0,,
33050,Gonorrhea,280.0,Hawaii,1997.0,Female,0-14 years,0-14,4.0,125799.0,3.18
33051,Gonorrhea,280.0,Hawaii,1997.0,Female,15-19 years,15-19,97.0,39021.0,248.58
33052,Gonorrhea,280.0,Hawaii,1997.0,Female,20-24 years,20-24,96.0,37234.0,257.83
33053,Gonorrhea,280.0,Hawaii,1997.0,Female,25-29 years,25-29,42.0,40220.0,104.43
33054,Gonorrhea,280.0,Hawaii,1997.0,Female,30-34 years,30-34,10.0,48574.0,20.59
33055,Gonorrhea,280.0,Hawaii,1997.0,Female,35-39 years,35-39,9.0,48902.0,18.4
33056,Gonorrhea,280.0,Hawaii,1997.0,Female,40+ years,40+,4.0,260783.0,1.53
33057,Gonorrhea,280.0,Hawaii,1997.0,Female,Unknown,99,2.0,,
33058,Gonorrhea,280.0,Hawaii,1998.0,Female,0-14 years,0-14,3.0,123390.0,2.43
33059,Gonorrhea,280.0,Hawaii,1998.0,Female,15-19 years,15-19,78.0,39330.0,198.32
33060,Gonorrhea,280.0,Hawaii,1998.0,Female,20-24 years,20-24,102.0,37430.0,272.51
33061,Gonorrhea,280.0,Hawaii,1998.0,Female,25-29 years,25-29,55.0,40001.0,137.5
33062,Gonorrhea,280.0,Hawaii,1998.0,Female,30-34 years,30-34,26.0,46775.0,55.59
33063,Gonorrhea,280.0,Hawaii,1998.0,Female,35-39 years,35-39,7.0,48605.0,14.4
33064,Gonorrhea,280.0,Hawaii,1998.0,Female,40+ years,40+,7.0,267334.0,2.62
33065,Gonorrhea,280.0,Hawaii,1999.0,Female,0-14 years,0-14,8.0,121285.0,6.6
33066,Gonorrhea,280.0,Hawaii,1999.0,Female,15-19 years,15-19,79.0,39097.0,202.06
33067,Gonorrhea,280.0,Hawaii,1999.0,Female,20-24 years,20-24,76.0,37413.0,203.14
33068,Gonorrhea,280.0,Hawaii,1999.0,Female,25-29 years,25-29,42.0,39679.0,105.85
33069,Gonorrhea,280.0,Hawaii,1999.0,Female,30-34 years,30-34,24.0,44491.0,53.94
33070,Gonorrhea,280.0,Hawaii,1999.0,Female,35-39 years,35-39,13.0,47731.0,27.24
33071,Gonorrhea,280.0,Hawaii,1999.0,Female,40+ years,40+,6.0,272134.0,2.2
33072,Gonorrhea,280.0,Hawaii,1999.0,Female,Unknown,99,3.0,,
33073,Gonorrhea,280.0,Hawaii,2000.0,Female,0-14 years,0-14,4.0,117892.0,3.39
33074,Gonorrhea,280.0,Hawaii,2000.0,Female,15-19 years,15-19,63.0,38863.0,162.11
33075,Gonorrhea,280.0,Hawaii,2000.0,Female,20-24 years,20-24,97.0,37934.0,255.71
33076,Gonorrhea,280.0,Hawaii,2000.0,Female,25-29 years,25-29,36.0,39696.0,90.69
33077,Gonorrhea,280.0,Hawaii,2000.0,Female,30-34 years,30-34,17.0,42883.0,39.64
33078,Gonorrhea,280.0,Hawaii,2000.0,Female,35-39 years,35-39,11.0,47085.0,23.36
33079,Gonorrhea,280.0,Hawaii,2000.0,Female,40+ years,40+,11.0,279216.0,3.94
33080,Gonorrhea,280.0,Hawaii,2000.0,Female,Unknown,99,1.0,,
33081,Gonorrhea,280.0,Hawaii,2001.0,Female,0-14 years,0-14,7.0,119688.0,5.85
33082,Gonorrhea,280.0,Hawaii,2001.0,Female,15-19 years,15-19,60.0,39758.0,150.91
33083,Gonorrhea,280.0,Hawaii,2001.0,Female,20-24 years,20-24,101.0,37842.0,266.9
33084,Gonorrhea,280.0,Hawaii,2001.0,Female,25-29 years,25-29,70.0,38648.0,181.12
33085,Gonorrhea,280.0,Hawaii,2001.0,Female,30-34 years,30-34,32.0,42516.0,75.27
33086,Gonorrhea,280.0,Hawaii,2001.0,Female,35-39 years,35-39,8.0,46616.0,17.16
33087,Gonorrhea,280.0,Hawaii,2001.0,Female,40+ years,40+,11.0,286513.0,3.84
33088,Gonorrhea,280.0,Hawaii,2001.0,Female,Unknown,99,3.0,,
33089,Gonorrhea,280.0,Hawaii,2002.0,Female,0-14 years,0-14,6.0,120221.0,4.99
33090,Gonorrhea,280.0,Hawaii,2002.0,Female,15-19 years,15-19,81.0,40284.0,201.07
33091,Gonorrhea,280.0,Hawaii,2002.0,Female,20-24 years,20-24,140.0,38986.0,359.1
33092,Gonorrhea,280.0,Hawaii,2002.0,Female,25-29 years,25-29,71.0,38490.0,184.46
33093,Gonorrhea,280.0,Hawaii,2002.0,Female,30-34 years,30-34,41.0,42602.0,96.24
33094,Gonorrhea,280.0,Hawaii,2002.0,Female,35-39 years,35-39,33.0,46131.0,71.54
33095,Gonorrhea,280.0,Hawaii,2002.0,Female,40+ years,40+,20.0,294086.0,6.8
33096,Gonorrhea,280.0,Hawaii,2002.0,Female,Unknown,99,2.0,,
33097,Gonorrhea,280.0,Hawaii,2003.0,Female,0-14 years,0-14,16.0,120764.0,13.25
33098,Gonorrhea,280.0,Hawaii,2003.0,Female,15-19 years,15-19,138.0,40314.0,342.31
33099,Gonorrhea,280.0,Hawaii,2003.0,Female,20-24 years,20-24,232.0,39766.0,583.41
33100,Gonorrhea,280.0,Hawaii,2003.0,Female,25-29 years,25-29,129.0,37767.0,341.57
33101,Gonorrhea,280.0,Hawaii,2003.0,Female,30-34 years,30-34,86.0,40961.0,209.96
33102,Gonorrhea,280.0,Hawaii,2003.0,Female,35-39 years,35-39,59.0,43998.0,134.1
33103,Gonorrhea,280.0,Hawaii,2003.0,Female,40+ years,40+,61.0,303522.0,20.1
33104,Gonorrhea,280.0,Hawaii,2003.0,Female,Unknown,99,2.0,,
33105,Gonorrhea,280.0,Hawaii,2004.0,Female,0-14 years,0-14,4.0,121536.0,3.29
33106,Gonorrhea,280.0,Hawaii,2004.0,Female,15-19 years,15-19,145.0,40086.0,361.72
33107,Gonorrhea,280.0,Hawaii,2004.0,Female,20-24 years,20-24,219.0,40629.0,539.02
33108,Gonorrhea,280.0,Hawaii,2004.0,Female,25-29 years,25-29,137.0,36882.0,371.45
33109,Gonorrhea,280.0,Hawaii,2004.0,Female,30-34 years,30-34,67.0,39523.0,169.52
33110,Gonorrhea,280.0,Hawaii,2004.0,Female,35-39 years,35-39,46.0,42435.0,108.4
33111,Gonorrhea,280.0,Hawaii,2004.0,Female,40+ years,40+,57.0,311724.0,18.29
33112,Gonorrhea,280.0,Hawaii,2004.0,Female,Unknown,99,5.0,,
33113,Gonorrhea,280.0,Hawaii,2005.0,Female,0-14 years,0-14,9.0,121465.0,7.41
33114,Gonorrhea,280.0,Hawaii,2005.0,Female,15-19 years,15-19,132.0,40895.0,322.78
33115,Gonorrhea,280.0,Hawaii,2005.0,Female,20-24 years,20-24,209.0,40850.0,511.63
33116,Gonorrhea,280.0,Hawaii,2005.0,Female,25-29 years,25-29,101.0,36758.0,274.77
33117,Gonorrhea,280.0,Hawaii,2005.0,Female,30-34 years,30-34,62.0,38124.0,162.63
33118,Gonorrhea,280.0,Hawaii,2005.0,Female,35-39 years,35-39,48.0,41973.0,114.36
33119,Gonorrhea,280.0,Hawaii,2005.0,Female,40+ years,40+,58.0,319409.0,18.16
33120,Gonorrhea,280.0,Hawaii,2006.0,Female,0-14 years,0-14,8.0,118791.0,6.73
33121,Gonorrhea,280.0,Hawaii,2006.0,Female,15-19 years,15-19,100.0,39957.0,250.27
33122,Gonorrhea,280.0,Hawaii,2006.0,Female,20-24 years,20-24,146.0,41393.0,352.72
33123,Gonorrhea,280.0,Hawaii,2006.0,Female,25-29 years,25-29,83.0,43935.0,188.91
33124,Gonorrhea,280.0,Hawaii,2006.0,Female,30-34 years,30-34,53.0,41945.0,126.36
33125,Gonorrhea,280.0,Hawaii,2006.0,Female,35-39 years,35-39,36.0,44161.0,81.52
33126,Gonorrhea,280.0,Hawaii,2006.0,Female,40+ years,40+,49.0,311988.0,15.71
33127,Gonorrhea,280.0,Hawaii,2006.0,Female,Unknown,99,1.0,,
33128,Gonorrhea,280.0,Hawaii,2007.0,Female,0-14 years,0-14,5.0,113329.0,4.41
33129,Gonorrhea,280.0,Hawaii,2007.0,Female,15-19 years,15-19,76.0,39007.0,194.84
33130,Gonorrhea,280.0,Hawaii,2007.0,Female,20-24 years,20-24,103.0,40802.0,252.44
33131,Gonorrhea,280.0,Hawaii,2007.0,Female,25-29 years,25-29,45.0,43681.0,103.02
33132,Gonorrhea,280.0,Hawaii,2007.0,Female,30-34 years,30-34,26.0,40680.0,63.91
33133,Gonorrhea,280.0,Hawaii,2007.0,Female,35-39 years,35-39,19.0,43566.0,43.61
33134,Gonorrhea,280.0,Hawaii,2007.0,Female,40+ years,40+,20.0,316503.0,6.32
33135,Gonorrhea,280.0,Hawaii,2007.0,Female,Unknown,99,1.0,,
33136,Gonorrhea,280.0,Hawaii,2008.0,Female,0-14 years,0-14,3.0,114006.0,2.63
33137,Gonorrhea,280.0,Hawaii,2008.0,Female,15-19 years,15-19,85.0,38631.0,220.03
33138,Gonorrhea,280.0,Hawaii,2008.0,Female,20-24 years,20-24,99.0,41132.0,240.69
33139,Gonorrhea,280.0,Hawaii,2008.0,Female,25-29 years,25-29,46.0,44112.0,104.28
33140,Gonorrhea,280.0,Hawaii,2008.0,Female,30-34 years,30-34,28.0,39988.0,70.02
33141,Gonorrhea,280.0,Hawaii,2008.0,Female,35-39 years,35-39,13.0,42663.0,30.47
33142,Gonorrhea,280.0,Hawaii,2008.0,Female,40+ years,40+,20.0,318147.0,6.29
33143,Gonorrhea,280.0,Hawaii,2008.0,Female,Unknown,99,4.0,,
33144,Gonorrhea,280.0,Hawaii,2009.0,Female,0-14 years,0-14,1.0,116753.0,0.86
33145,Gonorrhea,280.0,Hawaii,2009.0,Female,15-19 years,15-19,55.0,37849.0,145.31
33146,Gonorrhea,280.0,Hawaii,2009.0,Female,20-24 years,20-24,81.0,40419.0,200.4
33147,Gonorrhea,280.0,Hawaii,2009.0,Female,25-29 years,25-29,65.0,46864.0,138.7
33148,Gonorrhea,280.0,Hawaii,2009.0,Female,30-34 years,30-34,31.0,41873.0,74.03
33149,Gonorrhea,280.0,Hawaii,2009.0,Female,35-39 years,35-39,11.0,41313.0,26.63
33150,Gonorrhea,280.0,Hawaii,2009.0,Female,40+ years,40+,20.0,315686.0,6.34
33151,Gonorrhea,280.0,Hawaii,2010.0,Female,0-14 years,0-14,2.0,122742.0,1.63
33152,Gonorrhea,280.0,Hawaii,2010.0,Female,15-19 years,15-19,54.0,41404.0,130.42
33153,Gonorrhea,280.0,Hawaii,2010.0,Female,20-24 years,20-24,125.0,43848.0,285.08
33154,Gonorrhea,280.0,Hawaii,2010.0,Female,25-29 years,25-29,62.0,46619.0,132.99
33155,Gonorrhea,280.0,Hawaii,2010.0,Female,30-34 years,30-34,29.0,43110.0,67.27
33156,Gonorrhea,280.0,Hawaii,2010.0,Female,35-39 years,35-39,19.0,42762.0,44.43
33157,Gonorrhea,280.0,Hawaii,2010.0,Female,40+ years,40+,23.0,338573.0,6.79
33158,Gonorrhea,280.0,Hawaii,2011.0,Female,15-19 years,15-19,57.0,40014.0,142.45
33159,Gonorrhea,280.0,Hawaii,2011.0,Female,20-24 years,20-24,108.0,45299.0,238.42
33160,Gonorrhea,280.0,Hawaii,2011.0,Female,25-29 years,25-29,48.0,47748.0,100.53
33161,Gonorrhea,280.0,Hawaii,2011.0,Female,30-34 years,30-34,20.0,44708.0,44.73
33162,Gonorrhea,280.0,Hawaii,2011.0,Female,35-39 years,35-39,17.0,41502.0,40.96
33163,Gonorrhea,280.0,Hawaii,2011.0,Female,40+ years,40+,23.0,342495.0,6.72
33164,Gonorrhea,280.0,Hawaii,2012.0,Female,0-14 years,0-14,3.0,123322.0,2.43
33165,Gonorrhea,280.0,Hawaii,2012.0,Female,15-19 years,15-19,74.0,39381.0,187.91
33166,Gonorrhea,280.0,Hawaii,2012.0,Female,20-24 years,20-24,91.0,46128.0,197.28
33167,Gonorrhea,280.0,Hawaii,2012.0,Female,25-29 years,25-29,51.0,48103.0,106.02
33168,Gonorrhea,280.0,Hawaii,2012.0,Female,30-34 years,30-34,43.0,45627.0,94.24
33169,Gonorrhea,280.0,Hawaii,2012.0,Female,35-39 years,35-39,11.0,41546.0,26.48
33170,Gonorrhea,280.0,Hawaii,2012.0,Female,40+ years,40+,25.0,346241.0,7.22
33171,Gonorrhea,280.0,Hawaii,2012.0,Female,Unknown,99,1.0,,
33172,Gonorrhea,280.0,Hawaii,2013.0,Female,0-14 years,0-14,3.0,125813.0,2.38
33173,Gonorrhea,280.0,Hawaii,2013.0,Female,15-19 years,15-19,37.0,38874.0,95.18
33174,Gonorrhea,280.0,Hawaii,2013.0,Female,20-24 years,20-24,89.0,46021.0,193.39
33175,Gonorrhea,280.0,Hawaii,2013.0,Female,25-29 years,25-29,69.0,48630.0,141.89
33176,Gonorrhea,280.0,Hawaii,2013.0,Female,30-34 years,30-34,32.0,47052.0,68.01
33177,Gonorrhea,280.0,Hawaii,2013.0,Female,35-39 years,35-39,19.0,41476.0,45.81
33178,Gonorrhea,280.0,Hawaii,2013.0,Female,40+ years,40+,15.0,346574.0,4.33
33179,Gonorrhea,280.0,Hawaii,2014.0,Female,15-19 years,15-19,66.0,38874.0,169.78
33180,Gonorrhea,280.0,Hawaii,2014.0,Female,20-24 years,20-24,115.0,46021.0,249.89
33181,Gonorrhea,280.0,Hawaii,2014.0,Female,25-29 years,25-29,68.0,48630.0,139.83
33182,Gonorrhea,280.0,Hawaii,2014.0,Female,30-34 years,30-34,43.0,47052.0,91.39
33183,Gonorrhea,280.0,Hawaii,2014.0,Female,35-39 years,35-39,24.0,41476.0,57.86
33184,Gonorrhea,280.0,Hawaii,2014.0,Female,40+ years,40+,34.0,346574.0,9.81
33185,Gonorrhea,280.0,Idaho,1996.0,Female,0-14 years,0-14,1.0,140136.0,0.71
33186,Gonorrhea,280.0,Idaho,1996.0,Female,15-19 years,15-19,16.0,52953.0,30.22
33187,Gonorrhea,280.0,Idaho,1996.0,Female,20-24 years,20-24,11.0,40831.0,26.94
33188,Gonorrhea,280.0,Idaho,1996.0,Female,25-29 years,25-29,14.0,36182.0,38.69
33189,Gonorrhea,280.0,Idaho,1996.0,Female,30-34 years,30-34,7.0,41197.0,16.99
33190,Gonorrhea,280.0,Idaho,1996.0,Female,35-39 years,35-39,3.0,48144.0,6.23
33191,Gonorrhea,280.0,Idaho,1996.0,Female,40+ years,40+,1.0,242504.0,0.41
33192,Gonorrhea,280.0,Idaho,1997.0,Female,0-14 years,0-14,4.0,141433.0,2.83
33193,Gonorrhea,280.0,Idaho,1997.0,Female,15-19 years,15-19,34.0,54241.0,62.68
33194,Gonorrhea,280.0,Idaho,1997.0,Female,20-24 years,20-24,20.0,42041.0,47.57
33195,Gonorrhea,280.0,Idaho,1997.0,Female,25-29 years,25-29,17.0,37705.0,45.09
33196,Gonorrhea,280.0,Idaho,1997.0,Female,30-34 years,30-34,1.0,40349.0,2.48
33197,Gonorrhea,280.0,Idaho,1997.0,Female,35-39 years,35-39,4.0,48322.0,8.28
33198,Gonorrhea,280.0,Idaho,1997.0,Female,40+ years,40+,2.0,250147.0,0.8
33199,Gonorrhea,280.0,Idaho,1997.0,Female,Unknown,99,3.0,,
33200,Gonorrhea,280.0,Idaho,1998.0,Female,0-14 years,0-14,1.0,143474.0,0.7
33201,Gonorrhea,280.0,Idaho,1998.0,Female,15-19 years,15-19,27.0,55136.0,48.97
33202,Gonorrhea,280.0,Idaho,1998.0,Female,20-24 years,20-24,28.0,43167.0,64.86
33203,Gonorrhea,280.0,Idaho,1998.0,Female,25-29 years,25-29,7.0,38878.0,18.0
33204,Gonorrhea,280.0,Idaho,1998.0,Female,30-34 years,30-34,2.0,39915.0,5.01
33205,Gonorrhea,280.0,Idaho,1998.0,Female,35-39 years,35-39,2.0,47995.0,4.17
33206,Gonorrhea,280.0,Idaho,1998.0,Female,40+ years,40+,1.0,257329.0,0.39
33207,Gonorrhea,280.0,Idaho,1998.0,Female,Unknown,99,4.0,,
33208,Gonorrhea,280.0,Idaho,1999.0,Female,0-14 years,0-14,1.0,145880.0,0.69
33209,Gonorrhea,280.0,Idaho,1999.0,Female,15-19 years,15-19,17.0,55083.0,30.86
33210,Gonorrhea,280.0,Idaho,1999.0,Female,20-24 years,20-24,15.0,44373.0,33.8
33211,Gonorrhea,280.0,Idaho,1999.0,Female,25-29 years,25-29,4.0,40055.0,9.99
33212,Gonorrhea,280.0,Idaho,1999.0,Female,30-34 years,30-34,4.0,40173.0,9.96
33213,Gonorrhea,280.0,Idaho,1999.0,Female,40+ years,40+,2.0,263734.0,0.76
33214,Gonorrhea,280.0,Idaho,2000.0,Female,15-19 years,15-19,17.0,54769.0,31.04
33215,Gonorrhea,280.0,Idaho,2000.0,Female,20-24 years,20-24,18.0,45570.0,39.5
33216,Gonorrhea,280.0,Idaho,2000.0,Female,25-29 years,25-29,7.0,40754.0,17.18
33217,Gonorrhea,280.0,Idaho,2000.0,Female,30-34 years,30-34,5.0,41366.0,12.09
33218,Gonorrhea,280.0,Idaho,2000.0,Female,35-39 years,35-39,2.0,46583.0,4.29
33219,Gonorrhea,280.0,Idaho,2000.0,Female,40+ years,40+,2.0,270390.0,0.74
33220,Gonorrhea,280.0,Idaho,2001.0,Female,15-19 years,15-19,15.0,53796.0,27.88
33221,Gonorrhea,280.0,Idaho,2001.0,Female,20-24 years,20-24,9.0,49067.0,18.34
33222,Gonorrhea,280.0,Idaho,2001.0,Female,25-29 years,25-29,8.0,40748.0,19.63
33223,Gonorrhea,280.0,Idaho,2001.0,Female,30-34 years,30-34,3.0,42264.0,7.1
33224,Gonorrhea,280.0,Idaho,2001.0,Female,35-39 years,35-39,1.0,45763.0,2.19
33225,Gonorrhea,280.0,Idaho,2001.0,Female,40+ years,40+,3.0,278573.0,1.08
33226,Gonorrhea,280.0,Idaho,2002.0,Female,15-19 years,15-19,15.0,53240.0,28.17
33227,Gonorrhea,280.0,Idaho,2002.0,Female,20-24 years,20-24,20.0,51659.0,38.72
33228,Gonorrhea,280.0,Idaho,2002.0,Female,25-29 years,25-29,5.0,41384.0,12.08
33229,Gonorrhea,280.0,Idaho,2002.0,Female,30-34 years,30-34,3.0,43080.0,6.96
33230,Gonorrhea,280.0,Idaho,2002.0,Female,40+ years,40+,5.0,286156.0,1.75
33231,Gonorrhea,280.0,Idaho,2002.0,Female,Unknown,99,1.0,,
33232,Gonorrhea,280.0,Idaho,2003.0,Female,0-14 years,0-14,1.0,149995.0,0.67
33233,Gonorrhea,280.0,Idaho,2003.0,Female,15-19 years,15-19,1.0,52842.0,1.89
33234,Gonorrhea,280.0,Idaho,2003.0,Female,20-24 years,20-24,8.0,54042.0,14.8
33235,Gonorrhea,280.0,Idaho,2003.0,Female,25-29 years,25-29,3.0,42489.0,7.06
33236,Gonorrhea,280.0,Idaho,2003.0,Female,30-34 years,30-34,1.0,43419.0,2.3
33237,Gonorrhea,280.0,Idaho,2003.0,Female,35-39 years,35-39,3.0,44034.0,6.81
33238,Gonorrhea,280.0,Idaho,2003.0,Female,40+ years,40+,1.0,294696.0,0.34
33239,Gonorrhea,280.0,Idaho,2004.0,Female,15-19 years,15-19,9.0,53054.0,16.96
33240,Gonorrhea,280.0,Idaho,2004.0,Female,20-24 years,20-24,19.0,55957.0,33.95
33241,Gonorrhea,280.0,Idaho,2004.0,Female,25-29 years,25-29,10.0,44155.0,22.65
33242,Gonorrhea,280.0,Idaho,2004.0,Female,30-34 years,30-34,2.0,43895.0,4.56
33243,Gonorrhea,280.0,Idaho,2004.0,Female,35-39 years,35-39,2.0,44274.0,4.52
33244,Gonorrhea,280.0,Idaho,2005.0,Female,0-14 years,0-14,2.0,150570.0,1.33
33245,Gonorrhea,280.0,Idaho,2005.0,Female,15-19 years,15-19,18.0,53406.0,33.7
33246,Gonorrhea,280.0,Idaho,2005.0,Female,20-24 years,20-24,23.0,56725.0,40.55
33247,Gonorrhea,280.0,Idaho,2005.0,Female,25-29 years,25-29,9.0,47433.0,18.97
33248,Gonorrhea,280.0,Idaho,2005.0,Female,30-34 years,30-34,3.0,44521.0,6.74
33249,Gonorrhea,280.0,Idaho,2005.0,Female,35-39 years,35-39,1.0,45558.0,2.19
33250,Gonorrhea,280.0,Idaho,2005.0,Female,40+ years,40+,1.0,314006.0,0.32
33251,Gonorrhea,280.0,Idaho,2006.0,Female,0-14 years,0-14,2.0,158620.0,1.26
33252,Gonorrhea,280.0,Idaho,2006.0,Female,15-19 years,15-19,29.0,54649.0,53.07
33253,Gonorrhea,280.0,Idaho,2006.0,Female,20-24 years,20-24,48.0,49785.0,96.41
33254,Gonorrhea,280.0,Idaho,2006.0,Female,25-29 years,25-29,19.0,53088.0,35.79
33255,Gonorrhea,280.0,Idaho,2006.0,Female,30-34 years,30-34,5.0,45567.0,10.97
33256,Gonorrhea,280.0,Idaho,2006.0,Female,35-39 years,35-39,4.0,46440.0,8.61
33257,Gonorrhea,280.0,Idaho,2006.0,Female,40+ years,40+,6.0,319950.0,1.88
33258,Gonorrhea,280.0,Idaho,2007.0,Female,0-14 years,0-14,3.0,165453.0,1.81
33259,Gonorrhea,280.0,Idaho,2007.0,Female,15-19 years,15-19,51.0,54561.0,93.47
33260,Gonorrhea,280.0,Idaho,2007.0,Female,20-24 years,20-24,51.0,48587.0,104.97
33261,Gonorrhea,280.0,Idaho,2007.0,Female,25-29 years,25-29,26.0,54124.0,48.04
33262,Gonorrhea,280.0,Idaho,2007.0,Female,30-34 years,30-34,16.0,46898.0,34.12
33263,Gonorrhea,280.0,Idaho,2007.0,Female,35-39 years,35-39,4.0,47398.0,8.44
33264,Gonorrhea,280.0,Idaho,2007.0,Female,40+ years,40+,1.0,327882.0,0.3
33265,Gonorrhea,280.0,Idaho,2008.0,Female,15-19 years,15-19,24.0,54885.0,43.73
33266,Gonorrhea,280.0,Idaho,2008.0,Female,20-24 years,20-24,34.0,48495.0,70.11
33267,Gonorrhea,280.0,Idaho,2008.0,Female,25-29 years,25-29,20.0,54943.0,36.4
33268,Gonorrhea,280.0,Idaho,2008.0,Female,30-34 years,30-34,6.0,48205.0,12.45
33269,Gonorrhea,280.0,Idaho,2008.0,Female,35-39 years,35-39,3.0,47881.0,6.27
33270,Gonorrhea,280.0,Idaho,2008.0,Female,40+ years,40+,2.0,334714.0,0.6
33271,Gonorrhea,280.0,Idaho,2008.0,Female,Unknown,99,1.0,,
33272,Gonorrhea,280.0,Idaho,2009.0,Female,0-14 years,0-14,1.0,171887.0,0.58
33273,Gonorrhea,280.0,Idaho,2009.0,Female,15-19 years,15-19,20.0,56771.0,35.23
33274,Gonorrhea,280.0,Idaho,2009.0,Female,20-24 years,20-24,20.0,53991.0,37.04
33275,Gonorrhea,280.0,Idaho,2009.0,Female,25-29 years,25-29,2.0,54211.0,3.69
33276,Gonorrhea,280.0,Idaho,2009.0,Female,30-34 years,30-34,5.0,48329.0,10.35
33277,Gonorrhea,280.0,Idaho,2009.0,Female,35-39 years,35-39,1.0,47021.0,2.13
33278,Gonorrhea,280.0,Idaho,2009.0,Female,40+ years,40+,1.0,337673.0,0.3
33279,Gonorrhea,280.0,Idaho,2009.0,Female,Unknown,99,1.0,,
33280,Gonorrhea,280.0,Idaho,2010.0,Female,0-14 years,0-14,1.0,175463.0,0.57
33281,Gonorrhea,280.0,Idaho,2010.0,Female,15-19 years,15-19,16.0,56423.0,28.36
33282,Gonorrhea,280.0,Idaho,2010.0,Female,20-24 years,20-24,29.0,53427.0,54.28
33283,Gonorrhea,280.0,Idaho,2010.0,Female,25-29 years,25-29,12.0,51916.0,23.11
33284,Gonorrhea,280.0,Idaho,2010.0,Female,30-34 years,30-34,7.0,50025.0,13.99
33285,Gonorrhea,280.0,Idaho,2010.0,Female,35-39 years,35-39,2.0,47696.0,4.19
33286,Gonorrhea,280.0,Idaho,2010.0,Female,40+ years,40+,1.0,347308.0,0.29
33287,Gonorrhea,280.0,Idaho,2011.0,Female,15-19 years,15-19,18.0,57116.0,31.51
33288,Gonorrhea,280.0,Idaho,2011.0,Female,20-24 years,20-24,36.0,53919.0,66.77
33289,Gonorrhea,280.0,Idaho,2011.0,Female,25-29 years,25-29,12.0,51455.0,23.32
33290,Gonorrhea,280.0,Idaho,2011.0,Female,30-34 years,30-34,8.0,51547.0,15.52
33291,Gonorrhea,280.0,Idaho,2011.0,Female,35-39 years,35-39,2.0,46975.0,4.26
33292,Gonorrhea,280.0,Idaho,2011.0,Female,40+ years,40+,3.0,355276.0,0.84
33293,Gonorrhea,280.0,Idaho,2012.0,Female,0-14 years,0-14,2.0,174460.0,1.15
33294,Gonorrhea,280.0,Idaho,2012.0,Female,15-19 years,15-19,15.0,55452.0,27.05
33295,Gonorrhea,280.0,Idaho,2012.0,Female,20-24 years,20-24,16.0,55283.0,28.94
33296,Gonorrhea,280.0,Idaho,2012.0,Female,25-29 years,25-29,14.0,51260.0,27.31
33297,Gonorrhea,280.0,Idaho,2012.0,Female,30-34 years,30-34,8.0,52096.0,15.36
33298,Gonorrhea,280.0,Idaho,2012.0,Female,35-39 years,35-39,5.0,47682.0,10.49
33299,Gonorrhea,280.0,Idaho,2012.0,Female,40+ years,40+,3.0,360883.0,0.83
33300,Gonorrhea,280.0,Idaho,2013.0,Female,15-19 years,15-19,14.0,55405.0,25.27
33301,Gonorrhea,280.0,Idaho,2013.0,Female,20-24 years,20-24,26.0,54266.0,47.91
33302,Gonorrhea,280.0,Idaho,2013.0,Female,25-29 years,25-29,26.0,51916.0,50.08
33303,Gonorrhea,280.0,Idaho,2013.0,Female,30-34 years,30-34,6.0,52917.0,11.34
33304,Gonorrhea,280.0,Idaho,2013.0,Female,35-39 years,35-39,4.0,48715.0,8.21
33305,Gonorrhea,280.0,Idaho,2013.0,Female,40+ years,40+,10.0,367206.0,2.72
33306,Gonorrhea,280.0,Idaho,2013.0,Female,Unknown,99,1.0,,
33307,Gonorrhea,280.0,Idaho,2014.0,Female,0-14 years,0-14,1.0,174627.0,0.57
33308,Gonorrhea,280.0,Idaho,2014.0,Female,15-19 years,15-19,44.0,55405.0,79.42
33309,Gonorrhea,280.0,Idaho,2014.0,Female,20-24 years,20-24,73.0,54266.0,134.52
33310,Gonorrhea,280.0,Idaho,2014.0,Female,25-29 years,25-29,38.0,51916.0,73.2
33311,Gonorrhea,280.0,Idaho,2014.0,Female,30-34 years,30-34,20.0,52917.0,37.8
33312,Gonorrhea,280.0,Idaho,2014.0,Female,35-39 years,35-39,9.0,48715.0,18.47
33313,Gonorrhea,280.0,Idaho,2014.0,Female,40+ years,40+,11.0,367206.0,3.0
33314,Gonorrhea,280.0,Illinois,1996.0,Female,0-14 years,0-14,307.0,1302916.0,23.56
33315,Gonorrhea,280.0,Illinois,1996.0,Female,15-19 years,15-19,3876.0,412949.0,938.62
33316,Gonorrhea,280.0,Illinois,1996.0,Female,20-24 years,20-24,2616.0,397296.0,658.45
33317,Gonorrhea,280.0,Illinois,1996.0,Female,25-29 years,25-29,1193.0,448439.0,266.03
33318,Gonorrhea,280.0,Illinois,1996.0,Female,30-34 years,30-34,638.0,502657.0,126.93
33319,Gonorrhea,280.0,Illinois,1996.0,Female,35-39 years,35-39,394.0,514653.0,76.56
33320,Gonorrhea,280.0,Illinois,1996.0,Female,40+ years,40+,206.0,2614729.0,7.88
33321,Gonorrhea,280.0,Illinois,1996.0,Female,Unknown,99,50.0,,
33322,Gonorrhea,280.0,Illinois,1997.0,Female,0-14 years,0-14,281.0,1311513.0,21.43
33323,Gonorrhea,280.0,Illinois,1997.0,Female,15-19 years,15-19,3806.0,421096.0,903.83
33324,Gonorrhea,280.0,Illinois,1997.0,Female,20-24 years,20-24,2958.0,396278.0,746.45
33325,Gonorrhea,280.0,Illinois,1997.0,Female,25-29 years,25-29,1223.0,448147.0,272.9
33326,Gonorrhea,280.0,Illinois,1997.0,Female,30-34 years,30-34,623.0,488141.0,127.63
33327,Gonorrhea,280.0,Illinois,1997.0,Female,35-39 years,35-39,386.0,514197.0,75.07
33328,Gonorrhea,280.0,Illinois,1997.0,Female,40+ years,40+,282.0,2653877.0,10.63
33329,Gonorrhea,280.0,Illinois,1997.0,Female,Unknown,99,2.0,,
33330,Gonorrhea,280.0,Illinois,1998.0,Female,0-14 years,0-14,220.0,1312897.0,16.76
33331,Gonorrhea,280.0,Illinois,1998.0,Female,15-19 years,15-19,4007.0,428307.0,935.54
33332,Gonorrhea,280.0,Illinois,1998.0,Female,20-24 years,20-24,3367.0,400359.0,841.0
33333,Gonorrhea,280.0,Illinois,1998.0,Female,25-29 years,25-29,1615.0,448026.0,360.47
33334,Gonorrhea,280.0,Illinois,1998.0,Female,30-34 years,30-34,847.0,474428.0,178.53
33335,Gonorrhea,280.0,Illinois,1998.0,Female,35-39 years,35-39,617.0,511550.0,120.61
33336,Gonorrhea,280.0,Illinois,1998.0,Female,40+ years,40+,561.0,2696789.0,20.8
33337,Gonorrhea,280.0,Illinois,1998.0,Female,Unknown,99,16.0,,
33338,Gonorrhea,280.0,Illinois,1999.0,Female,0-14 years,0-14,297.0,1321370.0,22.48
33339,Gonorrhea,280.0,Illinois,1999.0,Female,15-19 years,15-19,4480.0,431253.0,1038.83
33340,Gonorrhea,280.0,Illinois,1999.0,Female,20-24 years,20-24,3610.0,408098.0,884.59
33341,Gonorrhea,280.0,Illinois,1999.0,Female,25-29 years,25-29,1482.0,444400.0,333.48
33342,Gonorrhea,280.0,Illinois,1999.0,Female,30-34 years,30-34,777.0,462016.0,168.18
33343,Gonorrhea,280.0,Illinois,1999.0,Female,35-39 years,35-39,482.0,507081.0,95.05
33344,Gonorrhea,280.0,Illinois,1999.0,Female,40+ years,40+,394.0,2739132.0,14.38
33345,Gonorrhea,280.0,Illinois,1999.0,Female,Unknown,99,41.0,,
33346,Gonorrhea,280.0,Illinois,2000.0,Female,0-14 years,0-14,217.0,1318828.0,16.45
33347,Gonorrhea,280.0,Illinois,2000.0,Female,15-19 years,15-19,3961.0,430275.0,920.57
33348,Gonorrhea,280.0,Illinois,2000.0,Female,20-24 years,20-24,4156.0,418350.0,993.43
33349,Gonorrhea,280.0,Illinois,2000.0,Female,25-29 years,25-29,1748.0,438468.0,398.66
33350,Gonorrhea,280.0,Illinois,2000.0,Female,30-34 years,30-34,814.0,459470.0,177.16
33351,Gonorrhea,280.0,Illinois,2000.0,Female,35-39 years,35-39,487.0,498632.0,97.67
33352,Gonorrhea,280.0,Illinois,2000.0,Female,40+ years,40+,413.0,2784980.0,14.83
33353,Gonorrhea,280.0,Illinois,2000.0,Female,Unknown,99,33.0,,
33354,Gonorrhea,280.0,Illinois,2001.0,Female,0-14 years,0-14,315.0,1327112.0,23.74
33355,Gonorrhea,280.0,Illinois,2001.0,Female,15-19 years,15-19,4324.0,431038.0,1003.16
33356,Gonorrhea,280.0,Illinois,2001.0,Female,20-24 years,20-24,4229.0,420782.0,1005.03
33357,Gonorrhea,280.0,Illinois,2001.0,Female,25-29 years,25-29,1680.0,430287.0,390.44
33358,Gonorrhea,280.0,Illinois,2001.0,Female,30-34 years,30-34,746.0,463822.0,160.84
33359,Gonorrhea,280.0,Illinois,2001.0,Female,35-39 years,35-39,458.0,488615.0,93.73
33360,Gonorrhea,280.0,Illinois,2001.0,Female,40+ years,40+,394.0,2824520.0,13.95
33361,Gonorrhea,280.0,Illinois,2001.0,Female,Unknown,99,32.0,,
33362,Gonorrhea,280.0,Illinois,2002.0,Female,0-14 years,0-14,256.0,1330611.0,19.24
33363,Gonorrhea,280.0,Illinois,2002.0,Female,15-19 years,15-19,4385.0,431707.0,1015.74
33364,Gonorrhea,280.0,Illinois,2002.0,Female,20-24 years,20-24,4244.0,423973.0,1001.01
33365,Gonorrhea,280.0,Illinois,2002.0,Female,25-29 years,25-29,1629.0,425399.0,382.94
33366,Gonorrhea,280.0,Illinois,2002.0,Female,30-34 years,30-34,822.0,468114.0,175.6
33367,Gonorrhea,280.0,Illinois,2002.0,Female,35-39 years,35-39,430.0,478464.0,89.87
33368,Gonorrhea,280.0,Illinois,2002.0,Female,40+ years,40+,480.0,2865046.0,16.75
33369,Gonorrhea,280.0,Illinois,2002.0,Female,Unknown,99,27.0,,
33370,Gonorrhea,280.0,Illinois,2003.0,Female,0-14 years,0-14,269.0,1320258.0,20.37
33371,Gonorrhea,280.0,Illinois,2003.0,Female,15-19 years,15-19,4254.0,431293.0,986.34
33372,Gonorrhea,280.0,Illinois,2003.0,Female,20-24 years,20-24,3854.0,434898.0,886.18
33373,Gonorrhea,280.0,Illinois,2003.0,Female,25-29 years,25-29,1614.0,426690.0,378.26
33374,Gonorrhea,280.0,Illinois,2003.0,Female,30-34 years,30-34,798.0,463340.0,172.23
33375,Gonorrhea,280.0,Illinois,2003.0,Female,35-39 years,35-39,413.0,466244.0,88.58
33376,Gonorrhea,280.0,Illinois,2003.0,Female,40+ years,40+,415.0,2901182.0,14.3
33377,Gonorrhea,280.0,Illinois,2003.0,Female,Unknown,99,7.0,,
33378,Gonorrhea,280.0,Illinois,2004.0,Female,0-14 years,0-14,203.0,1320713.0,15.37
33379,Gonorrhea,280.0,Illinois,2004.0,Female,15-19 years,15-19,4019.0,435581.0,922.68
33380,Gonorrhea,280.0,Illinois,2004.0,Female,20-24 years,20-24,3883.0,437354.0,887.84
33381,Gonorrhea,280.0,Illinois,2004.0,Female,25-29 years,25-29,1684.0,427488.0,393.93
33382,Gonorrhea,280.0,Illinois,2004.0,Female,30-34 years,30-34,852.0,457560.0,186.21
33383,Gonorrhea,280.0,Illinois,2004.0,Female,35-39 years,35-39,399.0,456170.0,87.47
33384,Gonorrhea,280.0,Illinois,2004.0,Female,40+ years,40+,467.0,2935552.0,15.91
33385,Gonorrhea,280.0,Illinois,2004.0,Female,Unknown,99,3.0,,
33386,Gonorrhea,280.0,Illinois,2005.0,Female,0-14 years,0-14,200.0,1315514.0,15.2
33387,Gonorrhea,280.0,Illinois,2005.0,Female,15-19 years,15-19,4014.0,441021.0,910.16
33388,Gonorrhea,280.0,Illinois,2005.0,Female,20-24 years,20-24,3719.0,436028.0,852.93
33389,Gonorrhea,280.0,Illinois,2005.0,Female,25-29 years,25-29,1564.0,431118.0,362.78
33390,Gonorrhea,280.0,Illinois,2005.0,Female,30-34 years,30-34,693.0,447568.0,154.84
33391,Gonorrhea,280.0,Illinois,2005.0,Female,35-39 years,35-39,401.0,453030.0,88.52
33392,Gonorrhea,280.0,Illinois,2005.0,Female,40+ years,40+,401.0,2968092.0,13.51
33393,Gonorrhea,280.0,Illinois,2005.0,Female,Unknown,99,6.0,,
33394,Gonorrhea,280.0,Illinois,2006.0,Female,0-14 years,0-14,167.0,1299350.0,12.85
33395,Gonorrhea,280.0,Illinois,2006.0,Female,15-19 years,15-19,4053.0,449567.0,901.53
33396,Gonorrhea,280.0,Illinois,2006.0,Female,20-24 years,20-24,3528.0,444348.0,793.97
33397,Gonorrhea,280.0,Illinois,2006.0,Female,25-29 years,25-29,1674.0,444622.0,376.5
33398,Gonorrhea,280.0,Illinois,2006.0,Female,30-34 years,30-34,741.0,431229.0,171.83
33399,Gonorrhea,280.0,Illinois,2006.0,Female,35-39 years,35-39,387.0,453789.0,85.28
33400,Gonorrhea,280.0,Illinois,2006.0,Female,40+ years,40+,370.0,2991605.0,12.37
33401,Gonorrhea,280.0,Illinois,2006.0,Female,Unknown,99,6.0,,
33402,Gonorrhea,280.0,Illinois,2007.0,Female,0-14 years,0-14,198.0,1291139.0,15.34
33403,Gonorrhea,280.0,Illinois,2007.0,Female,15-19 years,15-19,4340.0,452277.0,959.59
33404,Gonorrhea,280.0,Illinois,2007.0,Female,20-24 years,20-24,3693.0,445819.0,828.36
33405,Gonorrhea,280.0,Illinois,2007.0,Female,25-29 years,25-29,1738.0,444335.0,391.15
33406,Gonorrhea,280.0,Illinois,2007.0,Female,30-34 years,30-34,685.0,426074.0,160.77
33407,Gonorrhea,280.0,Illinois,2007.0,Female,35-39 years,35-39,331.0,451195.0,73.36
33408,Gonorrhea,280.0,Illinois,2007.0,Female,40+ years,40+,325.0,3008307.0,10.8
33409,Gonorrhea,280.0,Illinois,2007.0,Female,Unknown,99,2.0,,
33410,Gonorrhea,280.0,Illinois,2008.0,Female,0-14 years,0-14,178.0,1286171.0,13.84
33411,Gonorrhea,280.0,Illinois,2008.0,Female,15-19 years,15-19,4346.0,457329.0,950.3
33412,Gonorrhea,280.0,Illinois,2008.0,Female,20-24 years,20-24,3835.0,447526.0,856.93
33413,Gonorrhea,280.0,Illinois,2008.0,Female,25-29 years,25-29,1613.0,450680.0,357.9
33414,Gonorrhea,280.0,Illinois,2008.0,Female,30-34 years,30-34,698.0,423299.0,164.9
33415,Gonorrhea,280.0,Illinois,2008.0,Female,35-39 years,35-39,343.0,445312.0,77.02
33416,Gonorrhea,280.0,Illinois,2008.0,Female,40+ years,40+,325.0,3031340.0,10.72
33417,Gonorrhea,280.0,Illinois,2008.0,Female,Unknown,99,4.0,,
33418,Gonorrhea,280.0,Illinois,2009.0,Female,0-14 years,0-14,175.0,1290039.0,13.57
33419,Gonorrhea,280.0,Illinois,2009.0,Female,15-19 years,15-19,4121.0,448663.0,918.51
33420,Gonorrhea,280.0,Illinois,2009.0,Female,20-24 years,20-24,4024.0,448269.0,897.67
33421,Gonorrhea,280.0,Illinois,2009.0,Female,25-29 years,25-29,1602.0,455645.0,351.59
33422,Gonorrhea,280.0,Illinois,2009.0,Female,30-34 years,30-34,681.0,420220.0,162.06
33423,Gonorrhea,280.0,Illinois,2009.0,Female,35-39 years,35-39,356.0,433122.0,82.19
33424,Gonorrhea,280.0,Illinois,2009.0,Female,40+ years,40+,289.0,3054825.0,9.46
33425,Gonorrhea,280.0,Illinois,2010.0,Female,0-14 years,0-14,151.0,1260821.0,11.98
33426,Gonorrhea,280.0,Illinois,2010.0,Female,15-19 years,15-19,3609.0,448356.0,804.94
33427,Gonorrhea,280.0,Illinois,2010.0,Female,20-24 years,20-24,3043.0,431451.0,705.29
33428,Gonorrhea,280.0,Illinois,2010.0,Female,25-29 years,25-29,1132.0,453386.0,249.68
33429,Gonorrhea,280.0,Illinois,2010.0,Female,30-34 years,30-34,523.0,431902.0,121.09
33430,Gonorrhea,280.0,Illinois,2010.0,Female,35-39 years,35-39,242.0,429314.0,56.37
33431,Gonorrhea,280.0,Illinois,2010.0,Female,40+ years,40+,222.0,3083126.0,7.2
33432,Gonorrhea,280.0,Illinois,2010.0,Female,Unknown,99,2.0,,
33433,Gonorrhea,280.0,Illinois,2011.0,Female,0-14 years,0-14,209.0,1251006.0,16.71
33434,Gonorrhea,280.0,Illinois,2011.0,Female,15-19 years,15-19,3793.0,442118.0,857.92
33435,Gonorrhea,280.0,Illinois,2011.0,Female,20-24 years,20-24,3283.0,435365.0,754.08
33436,Gonorrhea,280.0,Illinois,2011.0,Female,25-29 years,25-29,1204.0,449849.0,267.64
33437,Gonorrhea,280.0,Illinois,2011.0,Female,30-34 years,30-34,518.0,440554.0,117.58
33438,Gonorrhea,280.0,Illinois,2011.0,Female,35-39 years,35-39,254.0,415656.0,61.11
33439,Gonorrhea,280.0,Illinois,2011.0,Female,40+ years,40+,239.0,3120515.0,7.66
33440,Gonorrhea,280.0,Illinois,2012.0,Female,0-14 years,0-14,198.0,1239341.0,15.98
33441,Gonorrhea,280.0,Illinois,2012.0,Female,15-19 years,15-19,3706.0,434055.0,853.81
33442,Gonorrhea,280.0,Illinois,2012.0,Female,20-24 years,20-24,3525.0,440222.0,800.73
33443,Gonorrhea,280.0,Illinois,2012.0,Female,25-29 years,25-29,1317.0,445237.0,295.8
33444,Gonorrhea,280.0,Illinois,2012.0,Female,30-34 years,30-34,584.0,444084.0,131.51
33445,Gonorrhea,280.0,Illinois,2012.0,Female,35-39 years,35-39,252.0,411739.0,61.2
33446,Gonorrhea,280.0,Illinois,2012.0,Female,40+ years,40+,253.0,3141122.0,8.05
33447,Gonorrhea,280.0,Illinois,2012.0,Female,Unknown,99,2.0,,
33448,Gonorrhea,280.0,Illinois,2013.0,Female,0-14 years,0-14,185.0,1224875.0,15.1
33449,Gonorrhea,280.0,Illinois,2013.0,Female,15-19 years,15-19,3175.0,427226.0,743.17
33450,Gonorrhea,280.0,Illinois,2013.0,Female,20-24 years,20-24,3089.0,443811.0,696.02
33451,Gonorrhea,280.0,Illinois,2013.0,Female,25-29 years,25-29,1159.0,439771.0,263.55
33452,Gonorrhea,280.0,Illinois,2013.0,Female,30-34 years,30-34,502.0,447837.0,112.09
33453,Gonorrhea,280.0,Illinois,2013.0,Female,35-39 years,35-39,231.0,411888.0,56.08
33454,Gonorrhea,280.0,Illinois,2013.0,Female,40+ years,40+,233.0,3160244.0,7.37
33455,Gonorrhea,280.0,Illinois,2014.0,Female,0-14 years,0-14,131.0,1224875.0,10.7
33456,Gonorrhea,280.0,Illinois,2014.0,Female,15-19 years,15-19,2597.0,427226.0,607.88
33457,Gonorrhea,280.0,Illinois,2014.0,Female,20-24 years,20-24,2914.0,443811.0,656.59
33458,Gonorrhea,280.0,Illinois,2014.0,Female,25-29 years,25-29,1056.0,439771.0,240.12
33459,Gonorrhea,280.0,Illinois,2014.0,Female,30-34 years,30-34,443.0,447837.0,98.92
33460,Gonorrhea,280.0,Illinois,2014.0,Female,35-39 years,35-39,210.0,411888.0,50.98
33461,Gonorrhea,280.0,Illinois,2014.0,Female,40+ years,40+,208.0,3160244.0,6.58
33462,Gonorrhea,280.0,Indiana,1996.0,Female,0-14 years,0-14,136.0,610836.0,22.26
33463,Gonorrhea,280.0,Indiana,1996.0,Female,15-19 years,15-19,1381.0,215681.0,640.3
33464,Gonorrhea,280.0,Indiana,1996.0,Female,20-24 years,20-24,955.0,206092.0,463.38
33465,Gonorrhea,280.0,Indiana,1996.0,Female,25-29 years,25-29,331.0,214201.0,154.53
33466,Gonorrhea,280.0,Indiana,1996.0,Female,30-34 years,30-34,241.0,224291.0,107.45
33467,Gonorrhea,280.0,Indiana,1996.0,Female,35-39 years,35-39,97.0,247519.0,39.19
33468,Gonorrhea,280.0,Indiana,1996.0,Female,40+ years,40+,67.0,1304758.0,5.14
33469,Gonorrhea,280.0,Indiana,1996.0,Female,Unknown,99,24.0,,
33470,Gonorrhea,280.0,Indiana,1997.0,Female,0-14 years,0-14,112.0,619008.0,18.09
33471,Gonorrhea,280.0,Indiana,1997.0,Female,15-19 years,15-19,1336.0,219216.0,609.45
33472,Gonorrhea,280.0,Indiana,1997.0,Female,20-24 years,20-24,980.0,203649.0,481.22
33473,Gonorrhea,280.0,Indiana,1997.0,Female,25-29 years,25-29,424.0,215139.0,197.08
33474,Gonorrhea,280.0,Indiana,1997.0,Female,30-34 years,30-34,190.0,216964.0,87.57
33475,Gonorrhea,280.0,Indiana,1997.0,Female,35-39 years,35-39,111.0,246316.0,45.06
33476,Gonorrhea,280.0,Indiana,1997.0,Female,40+ years,40+,70.0,1324998.0,5.28
33477,Gonorrhea,280.0,Indiana,1997.0,Female,Unknown,99,33.0,,
33478,Gonorrhea,280.0,Indiana,1998.0,Female,0-14 years,0-14,132.0,625630.0,21.1
33479,Gonorrhea,280.0,Indiana,1998.0,Female,15-19 years,15-19,1421.0,221608.0,641.22
33480,Gonorrhea,280.0,Indiana,1998.0,Female,20-24 years,20-24,1048.0,204822.0,511.66
33481,Gonorrhea,280.0,Indiana,1998.0,Female,25-29 years,25-29,406.0,212202.0,191.33
33482,Gonorrhea,280.0,Indiana,1998.0,Female,30-34 years,30-34,225.0,211442.0,106.41
33483,Gonorrhea,280.0,Indiana,1998.0,Female,35-39 years,35-39,147.0,244093.0,60.22
33484,Gonorrhea,280.0,Indiana,1998.0,Female,40+ years,40+,80.0,1345380.0,5.95
33485,Gonorrhea,280.0,Indiana,1998.0,Female,Unknown,99,24.0,,
33486,Gonorrhea,280.0,Indiana,1999.0,Female,0-14 years,0-14,115.0,633797.0,18.14
33487,Gonorrhea,280.0,Indiana,1999.0,Female,15-19 years,15-19,1294.0,221560.0,584.04
33488,Gonorrhea,280.0,Indiana,1999.0,Female,20-24 years,20-24,1094.0,206957.0,528.61
33489,Gonorrhea,280.0,Indiana,1999.0,Female,25-29 years,25-29,402.0,207015.0,194.19
33490,Gonorrhea,280.0,Indiana,1999.0,Female,30-34 years,30-34,206.0,208587.0,98.76
33491,Gonorrhea,280.0,Indiana,1999.0,Female,35-39 years,35-39,118.0,242331.0,48.69
33492,Gonorrhea,280.0,Indiana,1999.0,Female,40+ years,40+,85.0,1363104.0,6.24
33493,Gonorrhea,280.0,Indiana,1999.0,Female,Unknown,99,19.0,,
33494,Gonorrhea,280.0,Indiana,2000.0,Female,0-14 years,0-14,128.0,643638.0,19.89
33495,Gonorrhea,280.0,Indiana,2000.0,Female,15-19 years,15-19,1270.0,219730.0,577.98
33496,Gonorrhea,280.0,Indiana,2000.0,Female,20-24 years,20-24,1163.0,211172.0,550.74
33497,Gonorrhea,280.0,Indiana,2000.0,Female,25-29 years,25-29,420.0,199795.0,210.22
33498,Gonorrhea,280.0,Indiana,2000.0,Female,30-34 years,30-34,221.0,209499.0,105.49
33499,Gonorrhea,280.0,Indiana,2000.0,Female,35-39 years,35-39,157.0,237940.0,65.98
33500,Gonorrhea,280.0,Indiana,2000.0,Female,40+ years,40+,87.0,1381283.0,6.3
33501,Gonorrhea,280.0,Indiana,2001.0,Female,0-14 years,0-14,91.0,644375.0,14.12
33502,Gonorrhea,280.0,Indiana,2001.0,Female,15-19 years,15-19,1306.0,216046.0,604.5
33503,Gonorrhea,280.0,Indiana,2001.0,Female,20-24 years,20-24,1256.0,219009.0,573.49
33504,Gonorrhea,280.0,Indiana,2001.0,Female,25-29 years,25-29,536.0,194675.0,275.33
33505,Gonorrhea,280.0,Indiana,2001.0,Female,30-34 years,30-34,254.0,210447.0,120.69
33506,Gonorrhea,280.0,Indiana,2001.0,Female,35-39 years,35-39,149.0,232570.0,64.07
33507,Gonorrhea,280.0,Indiana,2001.0,Female,40+ years,40+,133.0,1401897.0,9.49
33508,Gonorrhea,280.0,Indiana,2001.0,Female,Unknown,99,67.0,,
33509,Gonorrhea,280.0,Indiana,2002.0,Female,0-14 years,0-14,114.0,647511.0,17.61
33510,Gonorrhea,280.0,Indiana,2002.0,Female,15-19 years,15-19,1407.0,214923.0,654.65
33511,Gonorrhea,280.0,Indiana,2002.0,Female,20-24 years,20-24,1364.0,223864.0,609.3
33512,Gonorrhea,280.0,Indiana,2002.0,Female,25-29 years,25-29,550.0,192939.0,285.06
33513,Gonorrhea,280.0,Indiana,2002.0,Female,30-34 years,30-34,295.0,211116.0,139.73
33514,Gonorrhea,280.0,Indiana,2002.0,Female,35-39 years,35-39,132.0,226088.0,58.38
33515,Gonorrhea,280.0,Indiana,2002.0,Female,40+ years,40+,108.0,1417332.0,7.62
33516,Gonorrhea,280.0,Indiana,2002.0,Female,Unknown,99,26.0,,
33517,Gonorrhea,280.0,Indiana,2003.0,Female,0-14 years,0-14,85.0,651466.0,13.05
33518,Gonorrhea,280.0,Indiana,2003.0,Female,15-19 years,15-19,1202.0,215791.0,557.02
33519,Gonorrhea,280.0,Indiana,2003.0,Female,20-24 years,20-24,1291.0,225867.0,571.58
33520,Gonorrhea,280.0,Indiana,2003.0,Female,25-29 years,25-29,549.0,194756.0,281.89
33521,Gonorrhea,280.0,Indiana,2003.0,Female,30-34 years,30-34,247.0,206479.0,119.62
33522,Gonorrhea,280.0,Indiana,2003.0,Female,35-39 years,35-39,113.0,217473.0,51.96
33523,Gonorrhea,280.0,Indiana,2003.0,Female,40+ years,40+,116.0,1437084.0,8.07
33524,Gonorrhea,280.0,Indiana,2003.0,Female,Unknown,99,7.0,,
33525,Gonorrhea,280.0,Indiana,2004.0,Female,0-14 years,0-14,59.0,648830.0,9.09
33526,Gonorrhea,280.0,Indiana,2004.0,Female,15-19 years,15-19,1250.0,217646.0,574.33
33527,Gonorrhea,280.0,Indiana,2004.0,Female,20-24 years,20-24,1212.0,223846.0,541.44
33528,Gonorrhea,280.0,Indiana,2004.0,Female,25-29 years,25-29,533.0,201545.0,264.46
33529,Gonorrhea,280.0,Indiana,2004.0,Female,30-34 years,30-34,236.0,204521.0,115.39
33530,Gonorrhea,280.0,Indiana,2004.0,Female,35-39 years,35-39,117.0,211879.0,55.22
33531,Gonorrhea,280.0,Indiana,2004.0,Female,40+ years,40+,128.0,1460327.0,8.77
33532,Gonorrhea,280.0,Indiana,2004.0,Female,Unknown,99,15.0,,
33533,Gonorrhea,280.0,Indiana,2005.0,Female,0-14 years,0-14,85.0,647268.0,13.13
33534,Gonorrhea,280.0,Indiana,2005.0,Female,15-19 years,15-19,1546.0,220017.0,702.67
33535,Gonorrhea,280.0,Indiana,2005.0,Female,20-24 years,20-24,1546.0,218919.0,706.2
33536,Gonorrhea,280.0,Indiana,2005.0,Female,25-29 years,25-29,668.0,209857.0,318.31
33537,Gonorrhea,280.0,Indiana,2005.0,Female,30-34 years,30-34,274.0,199937.0,137.04
33538,Gonorrhea,280.0,Indiana,2005.0,Female,35-39 years,35-39,153.0,209969.0,72.87
33539,Gonorrhea,280.0,Indiana,2005.0,Female,40+ years,40+,160.0,1477701.0,10.83
33540,Gonorrhea,280.0,Indiana,2005.0,Female,Unknown,99,21.0,,
33541,Gonorrhea,280.0,Indiana,2006.0,Female,0-14 years,0-14,68.0,634313.0,10.72
33542,Gonorrhea,280.0,Indiana,2006.0,Female,15-19 years,15-19,1640.0,219488.0,747.19
33543,Gonorrhea,280.0,Indiana,2006.0,Female,20-24 years,20-24,1593.0,213622.0,745.71
33544,Gonorrhea,280.0,Indiana,2006.0,Female,25-29 years,25-29,786.0,217679.0,361.08
33545,Gonorrhea,280.0,Indiana,2006.0,Female,30-34 years,30-34,346.0,200702.0,172.4
33546,Gonorrhea,280.0,Indiana,2006.0,Female,35-39 years,35-39,176.0,213086.0,82.6
33547,Gonorrhea,280.0,Indiana,2006.0,Female,40+ years,40+,177.0,1504127.0,11.77
33548,Gonorrhea,280.0,Indiana,2006.0,Female,Unknown,99,20.0,,
33549,Gonorrhea,280.0,Indiana,2007.0,Female,0-14 years,0-14,92.0,639868.0,14.38
33550,Gonorrhea,280.0,Indiana,2007.0,Female,15-19 years,15-19,1574.0,219997.0,715.46
33551,Gonorrhea,280.0,Indiana,2007.0,Female,20-24 years,20-24,1724.0,209192.0,824.12
33552,Gonorrhea,280.0,Indiana,2007.0,Female,25-29 years,25-29,787.0,219822.0,358.02
33553,Gonorrhea,280.0,Indiana,2007.0,Female,30-34 years,30-34,358.0,199732.0,179.24
33554,Gonorrhea,280.0,Indiana,2007.0,Female,35-39 years,35-39,187.0,213497.0,87.59
33555,Gonorrhea,280.0,Indiana,2007.0,Female,40+ years,40+,162.0,1516601.0,10.68
33556,Gonorrhea,280.0,Indiana,2008.0,Female,0-14 years,0-14,63.0,640808.0,9.83
33557,Gonorrhea,280.0,Indiana,2008.0,Female,15-19 years,15-19,1641.0,219688.0,746.97
33558,Gonorrhea,280.0,Indiana,2008.0,Female,20-24 years,20-24,1817.0,208751.0,870.41
33559,Gonorrhea,280.0,Indiana,2008.0,Female,25-29 years,25-29,832.0,218780.0,380.29
33560,Gonorrhea,280.0,Indiana,2008.0,Female,30-34 years,30-34,334.0,201651.0,165.63
33561,Gonorrhea,280.0,Indiana,2008.0,Female,35-39 years,35-39,178.0,212449.0,83.78
33562,Gonorrhea,280.0,Indiana,2008.0,Female,40+ years,40+,173.0,1532155.0,11.29
33563,Gonorrhea,280.0,Indiana,2008.0,Female,Unknown,99,18.0,,
33564,Gonorrhea,280.0,Indiana,2009.0,Female,0-14 years,0-14,49.0,645278.0,7.59
33565,Gonorrhea,280.0,Indiana,2009.0,Female,15-19 years,15-19,1363.0,224031.0,608.4
33566,Gonorrhea,280.0,Indiana,2009.0,Female,20-24 years,20-24,1416.0,222186.0,637.3
33567,Gonorrhea,280.0,Indiana,2009.0,Female,25-29 years,25-29,644.0,214076.0,300.83
33568,Gonorrhea,280.0,Indiana,2009.0,Female,30-34 years,30-34,268.0,199898.0,134.07
33569,Gonorrhea,280.0,Indiana,2009.0,Female,35-39 years,35-39,132.0,208804.0,63.22
33570,Gonorrhea,280.0,Indiana,2009.0,Female,40+ years,40+,100.0,1544152.0,6.48
33571,Gonorrhea,280.0,Indiana,2009.0,Female,Unknown,99,13.0,,
33572,Gonorrhea,280.0,Indiana,2010.0,Female,0-14 years,0-14,45.0,650552.0,6.92
33573,Gonorrhea,280.0,Indiana,2010.0,Female,15-19 years,15-19,1186.0,232025.0,511.15
33574,Gonorrhea,280.0,Indiana,2010.0,Female,20-24 years,20-24,1310.0,223758.0,585.45
33575,Gonorrhea,280.0,Indiana,2010.0,Female,25-29 years,25-29,564.0,208719.0,270.22
33576,Gonorrhea,280.0,Indiana,2010.0,Female,30-34 years,30-34,253.0,203102.0,124.57
33577,Gonorrhea,280.0,Indiana,2010.0,Female,35-39 years,35-39,128.0,208104.0,61.51
33578,Gonorrhea,280.0,Indiana,2010.0,Female,40+ years,40+,103.0,1567805.0,6.57
33579,Gonorrhea,280.0,Indiana,2010.0,Female,Unknown,99,9.0,,
33580,Gonorrhea,280.0,Indiana,2011.0,Female,0-14 years,0-14,41.0,647400.0,6.33
33581,Gonorrhea,280.0,Indiana,2011.0,Female,15-19 years,15-19,1210.0,227621.0,531.59
33582,Gonorrhea,280.0,Indiana,2011.0,Female,20-24 years,20-24,1383.0,229425.0,602.81
33583,Gonorrhea,280.0,Indiana,2011.0,Female,25-29 years,25-29,535.0,207812.0,257.44
33584,Gonorrhea,280.0,Indiana,2011.0,Female,30-34 years,30-34,268.0,208123.0,128.77
33585,Gonorrhea,280.0,Indiana,2011.0,Female,35-39 years,35-39,136.0,201333.0,67.55
33586,Gonorrhea,280.0,Indiana,2011.0,Female,40+ years,40+,117.0,1588223.0,7.37
33587,Gonorrhea,280.0,Indiana,2012.0,Female,0-14 years,0-14,43.0,645275.0,6.66
33588,Gonorrhea,280.0,Indiana,2012.0,Female,15-19 years,15-19,1284.0,223128.0,575.45
33589,Gonorrhea,280.0,Indiana,2012.0,Female,20-24 years,20-24,1509.0,234859.0,642.51
33590,Gonorrhea,280.0,Indiana,2012.0,Female,25-29 years,25-29,689.0,207064.0,332.75
33591,Gonorrhea,280.0,Indiana,2012.0,Female,30-34 years,30-34,319.0,209497.0,152.27
33592,Gonorrhea,280.0,Indiana,2012.0,Female,35-39 years,35-39,163.0,199317.0,81.78
33593,Gonorrhea,280.0,Indiana,2012.0,Female,40+ years,40+,131.0,1600004.0,8.19
33594,Gonorrhea,280.0,Indiana,2012.0,Female,Unknown,99,1.0,,
33595,Gonorrhea,280.0,Indiana,2013.0,Female,0-14 years,0-14,52.0,642609.0,8.09
33596,Gonorrhea,280.0,Indiana,2013.0,Female,15-19 years,15-19,1124.0,222647.0,504.83
33597,Gonorrhea,280.0,Indiana,2013.0,Female,20-24 years,20-24,1431.0,237166.0,603.38
33598,Gonorrhea,280.0,Indiana,2013.0,Female,25-29 years,25-29,657.0,208234.0,315.51
33599,Gonorrhea,280.0,Indiana,2013.0,Female,30-34 years,30-34,283.0,211820.0,133.6
33600,Gonorrhea,280.0,Indiana,2013.0,Female,35-39 years,35-39,137.0,199730.0,68.59
33601,Gonorrhea,280.0,Indiana,2013.0,Female,40+ years,40+,112.0,1612428.0,6.95
33602,Gonorrhea,280.0,Indiana,2014.0,Female,0-14 years,0-14,35.0,642609.0,5.45
33603,Gonorrhea,280.0,Indiana,2014.0,Female,15-19 years,15-19,1083.0,222647.0,486.42
33604,Gonorrhea,280.0,Indiana,2014.0,Female,20-24 years,20-24,1487.0,237166.0,626.99
33605,Gonorrhea,280.0,Indiana,2014.0,Female,25-29 years,25-29,622.0,208234.0,298.7
33606,Gonorrhea,280.0,Indiana,2014.0,Female,30-34 years,30-34,316.0,211820.0,149.18
33607,Gonorrhea,280.0,Indiana,2014.0,Female,35-39 years,35-39,152.0,199730.0,76.1
33608,Gonorrhea,280.0,Indiana,2014.0,Female,40+ years,40+,123.0,1612428.0,7.63
33609,Gonorrhea,280.0,Indiana,2014.0,Female,Unknown,99,1.0,,
33610,Gonorrhea,280.0,Iowa,1996.0,Female,0-14 years,0-14,19.0,289979.0,6.55
33611,Gonorrhea,280.0,Iowa,1996.0,Female,15-19 years,15-19,284.0,108273.0,262.3
33612,Gonorrhea,280.0,Iowa,1996.0,Female,20-24 years,20-24,195.0,93551.0,208.44
33613,Gonorrhea,280.0,Iowa,1996.0,Female,25-29 years,25-29,85.0,95918.0,88.62
33614,Gonorrhea,280.0,Iowa,1996.0,Female,30-34 years,30-34,53.0,97683.0,54.26
33615,Gonorrhea,280.0,Iowa,1996.0,Female,35-39 years,35-39,18.0,114834.0,15.67
33616,Gonorrhea,280.0,Iowa,1996.0,Female,40+ years,40+,9.0,673971.0,1.34
33617,Gonorrhea,280.0,Iowa,1996.0,Female,Unknown,99,2.0,,
33618,Gonorrhea,280.0,Iowa,1997.0,Female,0-14 years,0-14,23.0,289493.0,7.94
33619,Gonorrhea,280.0,Iowa,1997.0,Female,15-19 years,15-19,336.0,110265.0,304.72
33620,Gonorrhea,280.0,Iowa,1997.0,Female,20-24 years,20-24,241.0,93496.0,257.76
33621,Gonorrhea,280.0,Iowa,1997.0,Female,25-29 years,25-29,93.0,95479.0,97.4
33622,Gonorrhea,280.0,Iowa,1997.0,Female,30-34 years,30-34,29.0,94046.0,30.84
33623,Gonorrhea,280.0,Iowa,1997.0,Female,35-39 years,35-39,29.0,114025.0,25.43
33624,Gonorrhea,280.0,Iowa,1997.0,Female,40+ years,40+,11.0,681642.0,1.61
33625,Gonorrhea,280.0,Iowa,1998.0,Female,0-14 years,0-14,16.0,289980.0,5.52
33626,Gonorrhea,280.0,Iowa,1998.0,Female,15-19 years,15-19,351.0,111594.0,314.53
33627,Gonorrhea,280.0,Iowa,1998.0,Female,20-24 years,20-24,295.0,95354.0,309.37
33628,Gonorrhea,280.0,Iowa,1998.0,Female,25-29 years,25-29,113.0,92957.0,121.56
33629,Gonorrhea,280.0,Iowa,1998.0,Female,30-34 years,30-34,55.0,91652.0,60.01
33630,Gonorrhea,280.0,Iowa,1998.0,Female,35-39 years,35-39,40.0,112545.0,35.54
33631,Gonorrhea,280.0,Iowa,1998.0,Female,40+ years,40+,20.0,689142.0,2.9
33632,Gonorrhea,280.0,Iowa,1998.0,Female,Unknown,99,5.0,,
33633,Gonorrhea,280.0,Iowa,1999.0,Female,0-14 years,0-14,6.0,291997.0,2.05
33634,Gonorrhea,280.0,Iowa,1999.0,Female,15-19 years,15-19,303.0,111498.0,271.75
33635,Gonorrhea,280.0,Iowa,1999.0,Female,20-24 years,20-24,245.0,97882.0,250.3
33636,Gonorrhea,280.0,Iowa,1999.0,Female,25-29 years,25-29,106.0,89501.0,118.43
33637,Gonorrhea,280.0,Iowa,1999.0,Female,30-34 years,30-34,39.0,90838.0,42.93
33638,Gonorrhea,280.0,Iowa,1999.0,Female,35-39 years,35-39,30.0,110850.0,27.06
33639,Gonorrhea,280.0,Iowa,1999.0,Female,40+ years,40+,21.0,695657.0,3.02
33640,Gonorrhea,280.0,Iowa,1999.0,Female,Unknown,99,9.0,,
33641,Gonorrhea,280.0,Iowa,2000.0,Female,0-14 years,0-14,12.0,285287.0,4.21
33642,Gonorrhea,280.0,Iowa,2000.0,Female,15-19 years,15-19,286.0,109544.0,261.08
33643,Gonorrhea,280.0,Iowa,2000.0,Female,20-24 years,20-24,254.0,102109.0,248.75
33644,Gonorrhea,280.0,Iowa,2000.0,Female,25-29 years,25-29,82.0,87139.0,94.1
33645,Gonorrhea,280.0,Iowa,2000.0,Female,30-34 years,30-34,47.0,92108.0,51.03
33646,Gonorrhea,280.0,Iowa,2000.0,Female,35-39 years,35-39,30.0,108998.0,27.52
33647,Gonorrhea,280.0,Iowa,2000.0,Female,40+ years,40+,28.0,706764.0,3.96
33648,Gonorrhea,280.0,Iowa,2000.0,Female,Unknown,99,1.0,,
33649,Gonorrhea,280.0,Iowa,2001.0,Female,0-14 years,0-14,27.0,283463.0,9.53
33650,Gonorrhea,280.0,Iowa,2001.0,Female,15-19 years,15-19,275.0,106730.0,257.66
33651,Gonorrhea,280.0,Iowa,2001.0,Female,20-24 years,20-24,269.0,107305.0,250.69
33652,Gonorrhea,280.0,Iowa,2001.0,Female,25-29 years,25-29,97.0,85356.0,113.64
33653,Gonorrhea,280.0,Iowa,2001.0,Female,30-34 years,30-34,49.0,91573.0,53.51
33654,Gonorrhea,280.0,Iowa,2001.0,Female,35-39 years,35-39,32.0,104587.0,30.6
33655,Gonorrhea,280.0,Iowa,2001.0,Female,40+ years,40+,17.0,713741.0,2.38
33656,Gonorrhea,280.0,Iowa,2002.0,Female,0-14 years,0-14,19.0,278703.0,6.82
33657,Gonorrhea,280.0,Iowa,2002.0,Female,15-19 years,15-19,302.0,104394.0,289.29
33658,Gonorrhea,280.0,Iowa,2002.0,Female,20-24 years,20-24,275.0,111829.0,245.91
33659,Gonorrhea,280.0,Iowa,2002.0,Female,25-29 years,25-29,119.0,86172.0,138.1
33660,Gonorrhea,280.0,Iowa,2002.0,Female,30-34 years,30-34,55.0,91231.0,60.29
33661,Gonorrhea,280.0,Iowa,2002.0,Female,35-39 years,35-39,26.0,100587.0,25.85
33662,Gonorrhea,280.0,Iowa,2002.0,Female,40+ years,40+,24.0,721816.0,3.32
33663,Gonorrhea,280.0,Iowa,2002.0,Female,Unknown,99,1.0,,
33664,Gonorrhea,280.0,Iowa,2003.0,Female,0-14 years,0-14,19.0,277488.0,6.85
33665,Gonorrhea,280.0,Iowa,2003.0,Female,15-19 years,15-19,281.0,103272.0,272.1
33666,Gonorrhea,280.0,Iowa,2003.0,Female,20-24 years,20-24,327.0,112668.0,290.23
33667,Gonorrhea,280.0,Iowa,2003.0,Female,25-29 years,25-29,137.0,88379.0,155.01
33668,Gonorrhea,280.0,Iowa,2003.0,Female,30-34 years,30-34,51.0,88348.0,57.73
33669,Gonorrhea,280.0,Iowa,2003.0,Female,35-39 years,35-39,33.0,96148.0,34.32
33670,Gonorrhea,280.0,Iowa,2003.0,Female,40+ years,40+,19.0,729951.0,2.6
33671,Gonorrhea,280.0,Iowa,2003.0,Female,Unknown,99,2.0,,
33672,Gonorrhea,280.0,Iowa,2004.0,Female,0-14 years,0-14,15.0,272065.0,5.51
33673,Gonorrhea,280.0,Iowa,2004.0,Female,15-19 years,15-19,271.0,102495.0,264.4
33674,Gonorrhea,280.0,Iowa,2004.0,Female,20-24 years,20-24,254.0,112353.0,226.07
33675,Gonorrhea,280.0,Iowa,2004.0,Female,25-29 years,25-29,116.0,93136.0,124.55
33676,Gonorrhea,280.0,Iowa,2004.0,Female,30-34 years,30-34,36.0,86836.0,41.46
33677,Gonorrhea,280.0,Iowa,2004.0,Female,35-39 years,35-39,25.0,93872.0,26.63
33678,Gonorrhea,280.0,Iowa,2004.0,Female,40+ years,40+,16.0,739587.0,2.16
33679,Gonorrhea,280.0,Iowa,2004.0,Female,Unknown,99,3.0,,
33680,Gonorrhea,280.0,Iowa,2005.0,Female,0-14 years,0-14,14.0,267012.0,5.24
33681,Gonorrhea,280.0,Iowa,2005.0,Female,15-19 years,15-19,289.0,102028.0,283.26
33682,Gonorrhea,280.0,Iowa,2005.0,Female,20-24 years,20-24,293.0,110130.0,266.05
33683,Gonorrhea,280.0,Iowa,2005.0,Female,25-29 years,25-29,149.0,98520.0,151.24
33684,Gonorrhea,280.0,Iowa,2005.0,Female,30-34 years,30-34,76.0,85705.0,88.68
33685,Gonorrhea,280.0,Iowa,2005.0,Female,35-39 years,35-39,30.0,93124.0,32.22
33686,Gonorrhea,280.0,Iowa,2005.0,Female,40+ years,40+,30.0,749066.0,4.0
33687,Gonorrhea,280.0,Iowa,2005.0,Female,Unknown,99,4.0,,
33688,Gonorrhea,280.0,Iowa,2006.0,Female,0-14 years,0-14,20.0,283378.0,7.06
33689,Gonorrhea,280.0,Iowa,2006.0,Female,15-19 years,15-19,476.0,106102.0,448.62
33690,Gonorrhea,280.0,Iowa,2006.0,Female,20-24 years,20-24,372.0,107719.0,345.34
33691,Gonorrhea,280.0,Iowa,2006.0,Female,25-29 years,25-29,195.0,89777.0,217.21
33692,Gonorrhea,280.0,Iowa,2006.0,Female,30-34 years,30-34,64.0,85363.0,74.97
33693,Gonorrhea,280.0,Iowa,2006.0,Female,35-39 years,35-39,29.0,93258.0,31.1
33694,Gonorrhea,280.0,Iowa,2006.0,Female,40+ years,40+,22.0,743678.0,2.96
33695,Gonorrhea,280.0,Iowa,2006.0,Female,Unknown,99,1.0,,
33696,Gonorrhea,280.0,Iowa,2007.0,Female,0-14 years,0-14,10.0,284700.0,3.51
33697,Gonorrhea,280.0,Iowa,2007.0,Female,15-19 years,15-19,370.0,106446.0,347.59
33698,Gonorrhea,280.0,Iowa,2007.0,Female,20-24 years,20-24,376.0,105114.0,357.71
33699,Gonorrhea,280.0,Iowa,2007.0,Female,25-29 years,25-29,190.0,93485.0,203.24
33700,Gonorrhea,280.0,Iowa,2007.0,Female,30-34 years,30-34,75.0,84894.0,88.35
33701,Gonorrhea,280.0,Iowa,2007.0,Female,35-39 years,35-39,57.0,92282.0,61.77
33702,Gonorrhea,280.0,Iowa,2007.0,Female,40+ years,40+,42.0,746584.0,5.63
33703,Gonorrhea,280.0,Iowa,2007.0,Female,Unknown,99,1.0,,
33704,Gonorrhea,280.0,Iowa,2008.0,Female,0-14 years,0-14,16.0,286352.0,5.59
33705,Gonorrhea,280.0,Iowa,2008.0,Female,15-19 years,15-19,346.0,106081.0,326.17
33706,Gonorrhea,280.0,Iowa,2008.0,Female,20-24 years,20-24,348.0,105043.0,331.29
33707,Gonorrhea,280.0,Iowa,2008.0,Female,25-29 years,25-29,165.0,94434.0,174.72
33708,Gonorrhea,280.0,Iowa,2008.0,Female,30-34 years,30-34,78.0,85576.0,91.15
33709,Gonorrhea,280.0,Iowa,2008.0,Female,35-39 years,35-39,37.0,91160.0,40.59
33710,Gonorrhea,280.0,Iowa,2008.0,Female,40+ years,40+,33.0,751037.0,4.39
33711,Gonorrhea,280.0,Iowa,2008.0,Female,Unknown,99,1.0,,
33712,Gonorrhea,280.0,Iowa,2009.0,Female,0-14 years,0-14,8.0,288133.0,2.78
33713,Gonorrhea,280.0,Iowa,2009.0,Female,15-19 years,15-19,378.0,106575.0,354.68
33714,Gonorrhea,280.0,Iowa,2009.0,Female,20-24 years,20-24,358.0,110936.0,322.71
33715,Gonorrhea,280.0,Iowa,2009.0,Female,25-29 years,25-29,175.0,95215.0,183.79
33716,Gonorrhea,280.0,Iowa,2009.0,Female,30-34 years,30-34,71.0,83951.0,84.57
33717,Gonorrhea,280.0,Iowa,2009.0,Female,35-39 years,35-39,26.0,87872.0,29.59
33718,Gonorrhea,280.0,Iowa,2009.0,Female,40+ years,40+,33.0,749565.0,4.4
33719,Gonorrhea,280.0,Iowa,2010.0,Female,0-14 years,0-14,27.0,294276.0,9.18
33720,Gonorrhea,280.0,Iowa,2010.0,Female,15-19 years,15-19,375.0,105598.0,355.12
33721,Gonorrhea,280.0,Iowa,2010.0,Female,20-24 years,20-24,395.0,103883.0,380.24
33722,Gonorrhea,280.0,Iowa,2010.0,Female,25-29 years,25-29,190.0,96334.0,197.23
33723,Gonorrhea,280.0,Iowa,2010.0,Female,30-34 years,30-34,95.0,90713.0,104.73
33724,Gonorrhea,280.0,Iowa,2010.0,Female,35-39 years,35-39,51.0,87574.0,58.24
33725,Gonorrhea,280.0,Iowa,2010.0,Female,40+ years,40+,46.0,759658.0,6.06
33726,Gonorrhea,280.0,Iowa,2011.0,Female,0-14 years,0-14,25.0,293837.0,8.51
33727,Gonorrhea,280.0,Iowa,2011.0,Female,15-19 years,15-19,386.0,105233.0,366.81
33728,Gonorrhea,280.0,Iowa,2011.0,Female,20-24 years,20-24,429.0,105516.0,406.57
33729,Gonorrhea,280.0,Iowa,2011.0,Female,25-29 years,25-29,211.0,95780.0,220.3
33730,Gonorrhea,280.0,Iowa,2011.0,Female,30-34 years,30-34,86.0,93914.0,91.57
33731,Gonorrhea,280.0,Iowa,2011.0,Female,35-39 years,35-39,50.0,84975.0,58.84
33732,Gonorrhea,280.0,Iowa,2011.0,Female,40+ years,40+,30.0,765639.0,3.92
33733,Gonorrhea,280.0,Iowa,2012.0,Female,0-14 years,0-14,15.0,293752.0,5.11
33734,Gonorrhea,280.0,Iowa,2012.0,Female,15-19 years,15-19,338.0,103699.0,325.94
33735,Gonorrhea,280.0,Iowa,2012.0,Female,20-24 years,20-24,449.0,108077.0,415.44
33736,Gonorrhea,280.0,Iowa,2012.0,Female,25-29 years,25-29,171.0,94659.0,180.65
33737,Gonorrhea,280.0,Iowa,2012.0,Female,30-34 years,30-34,95.0,96094.0,98.86
33738,Gonorrhea,280.0,Iowa,2012.0,Female,35-39 years,35-39,55.0,85130.0,64.61
33739,Gonorrhea,280.0,Iowa,2012.0,Female,40+ years,40+,47.0,768287.0,6.12
33740,Gonorrhea,280.0,Iowa,2013.0,Female,0-14 years,0-14,7.0,294312.0,2.38
33741,Gonorrhea,280.0,Iowa,2013.0,Female,15-19 years,15-19,212.0,103458.0,204.91
33742,Gonorrhea,280.0,Iowa,2013.0,Female,20-24 years,20-24,280.0,110032.0,254.47
33743,Gonorrhea,280.0,Iowa,2013.0,Female,25-29 years,25-29,152.0,93387.0,162.76
33744,Gonorrhea,280.0,Iowa,2013.0,Female,30-34 years,30-34,74.0,97603.0,75.82
33745,Gonorrhea,280.0,Iowa,2013.0,Female,35-39 years,35-39,38.0,87396.0,43.48
33746,Gonorrhea,280.0,Iowa,2013.0,Female,40+ years,40+,49.0,770827.0,6.36
33747,Gonorrhea,280.0,Iowa,2014.0,Female,0-14 years,0-14,10.0,294312.0,3.4
33748,Gonorrhea,280.0,Iowa,2014.0,Female,15-19 years,15-19,236.0,103458.0,228.11
33749,Gonorrhea,280.0,Iowa,2014.0,Female,20-24 years,20-24,296.0,110032.0,269.01
33750,Gonorrhea,280.0,Iowa,2014.0,Female,25-29 years,25-29,168.0,93387.0,179.9
33751,Gonorrhea,280.0,Iowa,2014.0,Female,30-34 years,30-34,84.0,97603.0,86.06
33752,Gonorrhea,280.0,Iowa,2014.0,Female,35-39 years,35-39,37.0,87396.0,42.34
33753,Gonorrhea,280.0,Iowa,2014.0,Female,40+ years,40+,31.0,770827.0,4.02
33754,Gonorrhea,280.0,Kansas,1996.0,Female,0-14 years,0-14,36.0,279983.0,12.86
33755,Gonorrhea,280.0,Kansas,1996.0,Female,15-19 years,15-19,451.0,95498.0,472.26
33756,Gonorrhea,280.0,Kansas,1996.0,Female,20-24 years,20-24,332.0,83531.0,397.46
33757,Gonorrhea,280.0,Kansas,1996.0,Female,25-29 years,25-29,135.0,88772.0,152.07
33758,Gonorrhea,280.0,Kansas,1996.0,Female,30-34 years,30-34,75.0,96117.0,78.03
33759,Gonorrhea,280.0,Kansas,1996.0,Female,35-39 years,35-39,39.0,108343.0,36.0
33760,Gonorrhea,280.0,Kansas,1996.0,Female,40+ years,40+,16.0,575505.0,2.78
33761,Gonorrhea,280.0,Kansas,1997.0,Female,0-14 years,0-14,20.0,281778.0,7.1
33762,Gonorrhea,280.0,Kansas,1997.0,Female,15-19 years,15-19,465.0,98380.0,472.66
33763,Gonorrhea,280.0,Kansas,1997.0,Female,20-24 years,20-24,352.0,84722.0,415.48
33764,Gonorrhea,280.0,Kansas,1997.0,Female,25-29 years,25-29,146.0,88240.0,165.46
33765,Gonorrhea,280.0,Kansas,1997.0,Female,30-34 years,30-34,73.0,92005.0,79.34
33766,Gonorrhea,280.0,Kansas,1997.0,Female,35-39 years,35-39,47.0,107809.0,43.6
33767,Gonorrhea,280.0,Kansas,1997.0,Female,40+ years,40+,30.0,584575.0,5.13
33768,Gonorrhea,280.0,Kansas,1998.0,Female,0-14 years,0-14,36.0,284132.0,12.67
33769,Gonorrhea,280.0,Kansas,1998.0,Female,15-19 years,15-19,582.0,101147.0,575.4
33770,Gonorrhea,280.0,Kansas,1998.0,Female,20-24 years,20-24,493.0,86936.0,567.08
33771,Gonorrhea,280.0,Kansas,1998.0,Female,25-29 years,25-29,179.0,87198.0,205.28
33772,Gonorrhea,280.0,Kansas,1998.0,Female,30-34 years,30-34,89.0,88734.0,100.3
33773,Gonorrhea,280.0,Kansas,1998.0,Female,35-39 years,35-39,47.0,107085.0,43.89
33774,Gonorrhea,280.0,Kansas,1998.0,Female,40+ years,40+,27.0,593575.0,4.55
33775,Gonorrhea,280.0,Kansas,1998.0,Female,Unknown,99,1.0,,
33776,Gonorrhea,280.0,Kansas,1999.0,Female,0-14 years,0-14,36.0,285484.0,12.61
33777,Gonorrhea,280.0,Kansas,1999.0,Female,15-19 years,15-19,588.0,102221.0,575.22
33778,Gonorrhea,280.0,Kansas,1999.0,Female,20-24 years,20-24,589.0,89406.0,658.79
33779,Gonorrhea,280.0,Kansas,1999.0,Female,25-29 years,25-29,199.0,85389.0,233.05
33780,Gonorrhea,280.0,Kansas,1999.0,Female,30-34 years,30-34,79.0,86668.0,91.15
33781,Gonorrhea,280.0,Kansas,1999.0,Female,35-39 years,35-39,60.0,105555.0,56.84
33782,Gonorrhea,280.0,Kansas,1999.0,Female,40+ years,40+,21.0,601321.0,3.49
33783,Gonorrhea,280.0,Kansas,1999.0,Female,Unknown,99,1.0,,
33784,Gonorrhea,280.0,Kansas,2000.0,Female,0-14 years,0-14,24.0,281641.0,8.52
33785,Gonorrhea,280.0,Kansas,2000.0,Female,15-19 years,15-19,604.0,101613.0,594.41
33786,Gonorrhea,280.0,Kansas,2000.0,Female,20-24 years,20-24,504.0,93040.0,541.7
33787,Gonorrhea,280.0,Kansas,2000.0,Female,25-29 years,25-29,177.0,83974.0,210.78
33788,Gonorrhea,280.0,Kansas,2000.0,Female,30-34 years,30-34,85.0,86885.0,97.83
33789,Gonorrhea,280.0,Kansas,2000.0,Female,35-39 years,35-39,56.0,103214.0,54.26
33790,Gonorrhea,280.0,Kansas,2000.0,Female,40+ years,40+,45.0,611485.0,7.36
33791,Gonorrhea,280.0,Kansas,2000.0,Female,Unknown,99,1.0,,
33792,Gonorrhea,280.0,Kansas,2001.0,Female,0-14 years,0-14,33.0,281119.0,11.74
33793,Gonorrhea,280.0,Kansas,2001.0,Female,15-19 years,15-19,563.0,101046.0,557.17
33794,Gonorrhea,280.0,Kansas,2001.0,Female,20-24 years,20-24,506.0,96307.0,525.4
33795,Gonorrhea,280.0,Kansas,2001.0,Female,25-29 years,25-29,202.0,82849.0,243.82
33796,Gonorrhea,280.0,Kansas,2001.0,Female,30-34 years,30-34,85.0,86622.0,98.13
33797,Gonorrhea,280.0,Kansas,2001.0,Female,35-39 years,35-39,48.0,98868.0,48.55
33798,Gonorrhea,280.0,Kansas,2001.0,Female,40+ years,40+,28.0,618876.0,4.52
33799,Gonorrhea,280.0,Kansas,2001.0,Female,Unknown,99,3.0,,
33800,Gonorrhea,280.0,Kansas,2002.0,Female,0-14 years,0-14,28.0,278645.0,10.05
33801,Gonorrhea,280.0,Kansas,2002.0,Female,15-19 years,15-19,553.0,100585.0,549.78
33802,Gonorrhea,280.0,Kansas,2002.0,Female,20-24 years,20-24,550.0,99799.0,551.11
33803,Gonorrhea,280.0,Kansas,2002.0,Female,25-29 years,25-29,226.0,84056.0,268.87
33804,Gonorrhea,280.0,Kansas,2002.0,Female,30-34 years,30-34,98.0,86846.0,112.84
33805,Gonorrhea,280.0,Kansas,2002.0,Female,35-39 years,35-39,55.0,95035.0,57.87
33806,Gonorrhea,280.0,Kansas,2002.0,Female,40+ years,40+,46.0,627103.0,7.34
33807,Gonorrhea,280.0,Kansas,2003.0,Female,0-14 years,0-14,33.0,278539.0,11.85
33808,Gonorrhea,280.0,Kansas,2003.0,Female,15-19 years,15-19,560.0,99501.0,562.81
33809,Gonorrhea,280.0,Kansas,2003.0,Female,20-24 years,20-24,526.0,101803.0,516.68
33810,Gonorrhea,280.0,Kansas,2003.0,Female,25-29 years,25-29,209.0,85347.0,244.88
33811,Gonorrhea,280.0,Kansas,2003.0,Female,30-34 years,30-34,98.0,85399.0,114.75
33812,Gonorrhea,280.0,Kansas,2003.0,Female,35-39 years,35-39,37.0,90197.0,41.02
33813,Gonorrhea,280.0,Kansas,2003.0,Female,40+ years,40+,54.0,632479.0,8.54
33814,Gonorrhea,280.0,Kansas,2003.0,Female,Unknown,99,5.0,,
33815,Gonorrhea,280.0,Kansas,2004.0,Female,0-14 years,0-14,24.0,273600.0,8.77
33816,Gonorrhea,280.0,Kansas,2004.0,Female,15-19 years,15-19,543.0,98564.0,550.91
33817,Gonorrhea,280.0,Kansas,2004.0,Female,20-24 years,20-24,577.0,103622.0,556.83
33818,Gonorrhea,280.0,Kansas,2004.0,Female,25-29 years,25-29,231.0,88647.0,260.58
33819,Gonorrhea,280.0,Kansas,2004.0,Female,30-34 years,30-34,105.0,84669.0,124.01
33820,Gonorrhea,280.0,Kansas,2004.0,Female,35-39 years,35-39,32.0,87624.0,36.52
33821,Gonorrhea,280.0,Kansas,2004.0,Female,40+ years,40+,49.0,640395.0,7.65
33822,Gonorrhea,280.0,Kansas,2004.0,Female,Unknown,99,4.0,,
33823,Gonorrhea,280.0,Kansas,2005.0,Female,0-14 years,0-14,16.0,269007.0,5.95
33824,Gonorrhea,280.0,Kansas,2005.0,Female,15-19 years,15-19,536.0,97894.0,547.53
33825,Gonorrhea,280.0,Kansas,2005.0,Female,20-24 years,20-24,604.0,103453.0,583.84
33826,Gonorrhea,280.0,Kansas,2005.0,Female,25-29 years,25-29,267.0,92488.0,288.69
33827,Gonorrhea,280.0,Kansas,2005.0,Female,30-34 years,30-34,109.0,83460.0,130.6
33828,Gonorrhea,280.0,Kansas,2005.0,Female,35-39 years,35-39,57.0,86752.0,65.7
33829,Gonorrhea,280.0,Kansas,2005.0,Female,40+ years,40+,54.0,648020.0,8.33
33830,Gonorrhea,280.0,Kansas,2005.0,Female,Unknown,99,2.0,,
33831,Gonorrhea,280.0,Kansas,2006.0,Female,0-14 years,0-14,20.0,279821.0,7.15
33832,Gonorrhea,280.0,Kansas,2006.0,Female,15-19 years,15-19,419.0,97842.0,428.24
33833,Gonorrhea,280.0,Kansas,2006.0,Female,20-24 years,20-24,504.0,101898.0,494.61
33834,Gonorrhea,280.0,Kansas,2006.0,Female,25-29 years,25-29,218.0,89321.0,244.06
33835,Gonorrhea,280.0,Kansas,2006.0,Female,30-34 years,30-34,82.0,82649.0,99.21
33836,Gonorrhea,280.0,Kansas,2006.0,Female,35-39 years,35-39,43.0,88699.0,48.48
33837,Gonorrhea,280.0,Kansas,2006.0,Female,40+ years,40+,39.0,652399.0,5.98
33838,Gonorrhea,280.0,Kansas,2006.0,Female,Unknown,99,2.0,,
33839,Gonorrhea,280.0,Kansas,2007.0,Female,0-14 years,0-14,11.0,280752.0,3.92
33840,Gonorrhea,280.0,Kansas,2007.0,Female,15-19 years,15-19,477.0,97697.0,488.24
33841,Gonorrhea,280.0,Kansas,2007.0,Female,20-24 years,20-24,517.0,99882.0,517.61
33842,Gonorrhea,280.0,Kansas,2007.0,Female,25-29 years,25-29,232.0,93259.0,248.77
33843,Gonorrhea,280.0,Kansas,2007.0,Female,30-34 years,30-34,76.0,82452.0,92.17
33844,Gonorrhea,280.0,Kansas,2007.0,Female,35-39 years,35-39,49.0,88354.0,55.46
33845,Gonorrhea,280.0,Kansas,2007.0,Female,40+ years,40+,37.0,657290.0,5.63
33846,Gonorrhea,280.0,Kansas,2007.0,Female,Unknown,99,2.0,,
33847,Gonorrhea,280.0,Kansas,2008.0,Female,0-14 years,0-14,16.0,284411.0,5.63
33848,Gonorrhea,280.0,Kansas,2008.0,Female,15-19 years,15-19,510.0,96531.0,528.33
33849,Gonorrhea,280.0,Kansas,2008.0,Female,20-24 years,20-24,562.0,100349.0,560.04
33850,Gonorrhea,280.0,Kansas,2008.0,Female,25-29 years,25-29,206.0,95653.0,215.36
33851,Gonorrhea,280.0,Kansas,2008.0,Female,30-34 years,30-34,99.0,82418.0,120.12
33852,Gonorrhea,280.0,Kansas,2008.0,Female,35-39 years,35-39,39.0,88468.0,44.08
33853,Gonorrhea,280.0,Kansas,2008.0,Female,40+ years,40+,25.0,662483.0,3.77
33854,Gonorrhea,280.0,Kansas,2008.0,Female,Unknown,99,2.0,,
33855,Gonorrhea,280.0,Kansas,2009.0,Female,0-14 years,0-14,13.0,287794.0,4.52
33856,Gonorrhea,280.0,Kansas,2009.0,Female,15-19 years,15-19,529.0,96536.0,547.98
33857,Gonorrhea,280.0,Kansas,2009.0,Female,20-24 years,20-24,596.0,106620.0,559.0
33858,Gonorrhea,280.0,Kansas,2009.0,Female,25-29 years,25-29,233.0,97212.0,239.68
33859,Gonorrhea,280.0,Kansas,2009.0,Female,30-34 years,30-34,97.0,82438.0,117.66
33860,Gonorrhea,280.0,Kansas,2009.0,Female,35-39 years,35-39,30.0,84926.0,35.32
33861,Gonorrhea,280.0,Kansas,2009.0,Female,40+ years,40+,40.0,663398.0,6.03
33862,Gonorrhea,280.0,Kansas,2009.0,Female,Unknown,99,3.0,,
33863,Gonorrhea,280.0,Kansas,2010.0,Female,0-14 years,0-14,12.0,296358.0,4.05
33864,Gonorrhea,280.0,Kansas,2010.0,Female,15-19 years,15-19,362.0,98459.0,367.67
33865,Gonorrhea,280.0,Kansas,2010.0,Female,20-24 years,20-24,496.0,99004.0,500.99
33866,Gonorrhea,280.0,Kansas,2010.0,Female,25-29 years,25-29,208.0,96706.0,215.09
33867,Gonorrhea,280.0,Kansas,2010.0,Female,30-34 years,30-34,83.0,88602.0,93.68
33868,Gonorrhea,280.0,Kansas,2010.0,Female,35-39 years,35-39,43.0,85288.0,50.42
33869,Gonorrhea,280.0,Kansas,2010.0,Female,40+ years,40+,31.0,673293.0,4.6
33870,Gonorrhea,280.0,Kansas,2011.0,Female,0-14 years,0-14,11.0,295538.0,3.72
33871,Gonorrhea,280.0,Kansas,2011.0,Female,15-19 years,15-19,358.0,98702.0,362.71
33872,Gonorrhea,280.0,Kansas,2011.0,Female,20-24 years,20-24,545.0,99902.0,545.53
33873,Gonorrhea,280.0,Kansas,2011.0,Female,25-29 years,25-29,255.0,96620.0,263.92
33874,Gonorrhea,280.0,Kansas,2011.0,Female,30-34 years,30-34,102.0,91226.0,111.81
33875,Gonorrhea,280.0,Kansas,2011.0,Female,35-39 years,35-39,51.0,83261.0,61.25
33876,Gonorrhea,280.0,Kansas,2011.0,Female,40+ years,40+,36.0,680187.0,5.29
33877,Gonorrhea,280.0,Kansas,2011.0,Female,Unknown,99,2.0,,
33878,Gonorrhea,280.0,Kansas,2012.0,Female,0-14 years,0-14,17.0,296442.0,5.73
33879,Gonorrhea,280.0,Kansas,2012.0,Female,15-19 years,15-19,346.0,96979.0,356.78
33880,Gonorrhea,280.0,Kansas,2012.0,Female,20-24 years,20-24,541.0,101975.0,530.52
33881,Gonorrhea,280.0,Kansas,2012.0,Female,25-29 years,25-29,236.0,96021.0,245.78
33882,Gonorrhea,280.0,Kansas,2012.0,Female,30-34 years,30-34,115.0,93055.0,123.58
33883,Gonorrhea,280.0,Kansas,2012.0,Female,35-39 years,35-39,40.0,83438.0,47.94
33884,Gonorrhea,280.0,Kansas,2012.0,Female,40+ years,40+,44.0,682714.0,6.44
33885,Gonorrhea,280.0,Kansas,2013.0,Female,0-14 years,0-14,7.0,295493.0,2.37
33886,Gonorrhea,280.0,Kansas,2013.0,Female,15-19 years,15-19,294.0,97016.0,303.04
33887,Gonorrhea,280.0,Kansas,2013.0,Female,20-24 years,20-24,442.0,102918.0,429.47
33888,Gonorrhea,280.0,Kansas,2013.0,Female,25-29 years,25-29,251.0,93934.0,267.21
33889,Gonorrhea,280.0,Kansas,2013.0,Female,30-34 years,30-34,124.0,94767.0,130.85
33890,Gonorrhea,280.0,Kansas,2013.0,Female,35-39 years,35-39,55.0,84093.0,65.4
33891,Gonorrhea,280.0,Kansas,2013.0,Female,40+ years,40+,49.0,683788.0,7.17
33892,Gonorrhea,280.0,Kansas,2014.0,Female,0-14 years,0-14,7.0,295493.0,2.37
33893,Gonorrhea,280.0,Kansas,2014.0,Female,15-19 years,15-19,344.0,97016.0,354.58
33894,Gonorrhea,280.0,Kansas,2014.0,Female,20-24 years,20-24,535.0,102918.0,519.83
33895,Gonorrhea,280.0,Kansas,2014.0,Female,25-29 years,25-29,321.0,93934.0,341.73
33896,Gonorrhea,280.0,Kansas,2014.0,Female,30-34 years,30-34,149.0,94767.0,157.23
33897,Gonorrhea,280.0,Kansas,2014.0,Female,35-39 years,35-39,67.0,84093.0,79.67
33898,Gonorrhea,280.0,Kansas,2014.0,Female,40+ years,40+,41.0,683788.0,6.0
33899,Gonorrhea,280.0,Kentucky,1996.0,Female,0-14 years,0-14,74.0,393822.0,18.79
33900,Gonorrhea,280.0,Kentucky,1996.0,Female,15-19 years,15-19,832.0,143491.0,579.83
33901,Gonorrhea,280.0,Kentucky,1996.0,Female,20-24 years,20-24,541.0,137665.0,392.98
33902,Gonorrhea,280.0,Kentucky,1996.0,Female,25-29 years,25-29,224.0,140845.0,159.04
33903,Gonorrhea,280.0,Kentucky,1996.0,Female,30-34 years,30-34,141.0,153988.0,91.57
33904,Gonorrhea,280.0,Kentucky,1996.0,Female,35-39 years,35-39,73.0,164116.0,44.48
33905,Gonorrhea,280.0,Kentucky,1996.0,Female,40+ years,40+,57.0,879021.0,6.48
33906,Gonorrhea,280.0,Kentucky,1996.0,Female,Unknown,99,26.0,,
33907,Gonorrhea,280.0,Kentucky,1997.0,Female,0-14 years,0-14,65.0,400557.0,16.23
33908,Gonorrhea,280.0,Kentucky,1997.0,Female,15-19 years,15-19,784.0,144476.0,542.65
33909,Gonorrhea,280.0,Kentucky,1997.0,Female,20-24 years,20-24,488.0,136029.0,358.75
33910,Gonorrhea,280.0,Kentucky,1997.0,Female,25-29 years,25-29,252.0,141627.0,177.93
33911,Gonorrhea,280.0,Kentucky,1997.0,Female,30-34 years,30-34,126.0,149403.0,84.34
33912,Gonorrhea,280.0,Kentucky,1997.0,Female,35-39 years,35-39,69.0,163342.0,42.24
33913,Gonorrhea,280.0,Kentucky,1997.0,Female,40+ years,40+,55.0,892635.0,6.16
33914,Gonorrhea,280.0,Kentucky,1997.0,Female,Unknown,99,44.0,,
33915,Gonorrhea,280.0,Kentucky,1998.0,Female,0-14 years,0-14,57.0,399386.0,14.27
33916,Gonorrhea,280.0,Kentucky,1998.0,Female,15-19 years,15-19,766.0,144288.0,530.88
33917,Gonorrhea,280.0,Kentucky,1998.0,Female,20-24 years,20-24,628.0,137072.0,458.15
33918,Gonorrhea,280.0,Kentucky,1998.0,Female,25-29 years,25-29,226.0,142025.0,159.13
33919,Gonorrhea,280.0,Kentucky,1998.0,Female,30-34 years,30-34,102.0,146230.0,69.75
33920,Gonorrhea,280.0,Kentucky,1998.0,Female,35-39 years,35-39,48.0,163430.0,29.37
33921,Gonorrhea,280.0,Kentucky,1998.0,Female,40+ years,40+,39.0,910309.0,4.28
33922,Gonorrhea,280.0,Kentucky,1998.0,Female,Unknown,99,30.0,,
33923,Gonorrhea,280.0,Kentucky,1999.0,Female,0-14 years,0-14,56.0,400663.0,13.98
33924,Gonorrhea,280.0,Kentucky,1999.0,Female,15-19 years,15-19,704.0,142606.0,493.67
33925,Gonorrhea,280.0,Kentucky,1999.0,Female,20-24 years,20-24,550.0,138317.0,397.64
33926,Gonorrhea,280.0,Kentucky,1999.0,Female,25-29 years,25-29,188.0,140894.0,133.43
33927,Gonorrhea,280.0,Kentucky,1999.0,Female,30-34 years,30-34,70.0,143778.0,48.69
33928,Gonorrhea,280.0,Kentucky,1999.0,Female,35-39 years,35-39,44.0,163406.0,26.93
33929,Gonorrhea,280.0,Kentucky,1999.0,Female,40+ years,40+,35.0,926737.0,3.78
33930,Gonorrhea,280.0,Kentucky,1999.0,Female,Unknown,99,12.0,,
33931,Gonorrhea,280.0,Kentucky,2000.0,Female,0-14 years,0-14,59.0,384466.0,15.35
33932,Gonorrhea,280.0,Kentucky,2000.0,Female,15-19 years,15-19,687.0,139429.0,492.72
33933,Gonorrhea,280.0,Kentucky,2000.0,Female,20-24 years,20-24,569.0,142274.0,399.93
33934,Gonorrhea,280.0,Kentucky,2000.0,Female,25-29 years,25-29,207.0,140196.0,147.65
33935,Gonorrhea,280.0,Kentucky,2000.0,Female,30-34 years,30-34,92.0,146018.0,63.01
33936,Gonorrhea,280.0,Kentucky,2000.0,Female,35-39 years,35-39,56.0,164235.0,34.1
33937,Gonorrhea,280.0,Kentucky,2000.0,Female,40+ years,40+,55.0,953854.0,5.77
33938,Gonorrhea,280.0,Kentucky,2001.0,Female,0-14 years,0-14,57.0,385349.0,14.79
33939,Gonorrhea,280.0,Kentucky,2001.0,Female,15-19 years,15-19,649.0,137057.0,473.53
33940,Gonorrhea,280.0,Kentucky,2001.0,Female,20-24 years,20-24,660.0,144849.0,455.65
33941,Gonorrhea,280.0,Kentucky,2001.0,Female,25-29 years,25-29,251.0,136474.0,183.92
33942,Gonorrhea,280.0,Kentucky,2001.0,Female,30-34 years,30-34,91.0,146361.0,62.17
33943,Gonorrhea,280.0,Kentucky,2001.0,Female,35-39 years,35-39,53.0,160744.0,32.97
33944,Gonorrhea,280.0,Kentucky,2001.0,Female,40+ years,40+,51.0,968269.0,5.27
33945,Gonorrhea,280.0,Kentucky,2002.0,Female,0-14 years,0-14,59.0,375089.0,15.73
33946,Gonorrhea,280.0,Kentucky,2002.0,Female,15-19 years,15-19,701.0,135147.0,518.69
33947,Gonorrhea,280.0,Kentucky,2002.0,Female,20-24 years,20-24,701.0,148496.0,472.07
33948,Gonorrhea,280.0,Kentucky,2002.0,Female,25-29 years,25-29,250.0,136526.0,183.12
33949,Gonorrhea,280.0,Kentucky,2002.0,Female,30-34 years,30-34,102.0,148662.0,68.61
33950,Gonorrhea,280.0,Kentucky,2002.0,Female,35-39 years,35-39,63.0,158195.0,39.82
33951,Gonorrhea,280.0,Kentucky,2002.0,Female,40+ years,40+,56.0,989208.0,5.66
33952,Gonorrhea,280.0,Kentucky,2002.0,Female,Unknown,99,4.0,,
33953,Gonorrhea,280.0,Kentucky,2003.0,Female,0-14 years,0-14,51.0,402750.0,12.66
33954,Gonorrhea,280.0,Kentucky,2003.0,Female,15-19 years,15-19,663.0,136030.0,487.39
33955,Gonorrhea,280.0,Kentucky,2003.0,Female,20-24 years,20-24,674.0,145583.0,462.97
33956,Gonorrhea,280.0,Kentucky,2003.0,Female,25-29 years,25-29,248.0,135004.0,183.7
33957,Gonorrhea,280.0,Kentucky,2003.0,Female,30-34 years,30-34,96.0,143451.0,66.92
33958,Gonorrhea,280.0,Kentucky,2003.0,Female,35-39 years,35-39,47.0,150576.0,31.21
33959,Gonorrhea,280.0,Kentucky,2003.0,Female,40+ years,40+,64.0,986801.0,6.49
33960,Gonorrhea,280.0,Kentucky,2003.0,Female,Unknown,99,2.0,,
33961,Gonorrhea,280.0,Kentucky,2004.0,Female,0-14 years,0-14,41.0,396229.0,10.35
33962,Gonorrhea,280.0,Kentucky,2004.0,Female,15-19 years,15-19,505.0,136147.0,370.92
33963,Gonorrhea,280.0,Kentucky,2004.0,Female,20-24 years,20-24,476.0,145437.0,327.29
33964,Gonorrhea,280.0,Kentucky,2004.0,Female,25-29 years,25-29,220.0,138111.0,159.29
33965,Gonorrhea,280.0,Kentucky,2004.0,Female,30-34 years,30-34,82.0,142820.0,57.41
33966,Gonorrhea,280.0,Kentucky,2004.0,Female,35-39 years,35-39,42.0,147841.0,28.41
33967,Gonorrhea,280.0,Kentucky,2004.0,Female,40+ years,40+,45.0,1005443.0,4.48
33968,Gonorrhea,280.0,Kentucky,2004.0,Female,Unknown,99,4.0,,
33969,Gonorrhea,280.0,Kentucky,2005.0,Female,0-14 years,0-14,27.0,395190.0,6.83
33970,Gonorrhea,280.0,Kentucky,2005.0,Female,15-19 years,15-19,544.0,136912.0,397.34
33971,Gonorrhea,280.0,Kentucky,2005.0,Female,20-24 years,20-24,523.0,142576.0,366.82
33972,Gonorrhea,280.0,Kentucky,2005.0,Female,25-29 years,25-29,228.0,141232.0,161.44
33973,Gonorrhea,280.0,Kentucky,2005.0,Female,30-34 years,30-34,100.0,140588.0,71.13
33974,Gonorrhea,280.0,Kentucky,2005.0,Female,35-39 years,35-39,44.0,146441.0,30.05
33975,Gonorrhea,280.0,Kentucky,2005.0,Female,40+ years,40+,58.0,1020342.0,5.68
33976,Gonorrhea,280.0,Kentucky,2005.0,Female,Unknown,99,6.0,,
33977,Gonorrhea,280.0,Kentucky,2006.0,Female,0-14 years,0-14,28.0,401806.0,6.97
33978,Gonorrhea,280.0,Kentucky,2006.0,Female,15-19 years,15-19,574.0,135840.0,422.56
33979,Gonorrhea,280.0,Kentucky,2006.0,Female,20-24 years,20-24,594.0,136197.0,436.13
33980,Gonorrhea,280.0,Kentucky,2006.0,Female,25-29 years,25-29,292.0,154238.0,189.32
33981,Gonorrhea,280.0,Kentucky,2006.0,Female,30-34 years,30-34,104.0,135639.0,76.67
33982,Gonorrhea,280.0,Kentucky,2006.0,Female,35-39 years,35-39,49.0,146629.0,33.42
33983,Gonorrhea,280.0,Kentucky,2006.0,Female,40+ years,40+,65.0,1034415.0,6.28
33984,Gonorrhea,280.0,Kentucky,2006.0,Female,Unknown,99,3.0,,
33985,Gonorrhea,280.0,Kentucky,2007.0,Female,0-14 years,0-14,41.0,404362.0,10.14
33986,Gonorrhea,280.0,Kentucky,2007.0,Female,15-19 years,15-19,637.0,137048.0,464.8
33987,Gonorrhea,280.0,Kentucky,2007.0,Female,20-24 years,20-24,612.0,135399.0,452.0
33988,Gonorrhea,280.0,Kentucky,2007.0,Female,25-29 years,25-29,349.0,155867.0,223.91
33989,Gonorrhea,280.0,Kentucky,2007.0,Female,30-34 years,30-34,113.0,135361.0,83.48
33990,Gonorrhea,280.0,Kentucky,2007.0,Female,35-39 years,35-39,61.0,147304.0,41.41
33991,Gonorrhea,280.0,Kentucky,2007.0,Female,40+ years,40+,72.0,1047626.0,6.87
33992,Gonorrhea,280.0,Kentucky,2007.0,Female,Unknown,99,2.0,,
33993,Gonorrhea,280.0,Kentucky,2008.0,Female,0-14 years,0-14,32.0,407433.0,7.85
33994,Gonorrhea,280.0,Kentucky,2008.0,Female,15-19 years,15-19,842.0,137431.0,612.67
33995,Gonorrhea,280.0,Kentucky,2008.0,Female,20-24 years,20-24,870.0,134206.0,648.26
33996,Gonorrhea,280.0,Kentucky,2008.0,Female,25-29 years,25-29,398.0,154764.0,257.17
33997,Gonorrhea,280.0,Kentucky,2008.0,Female,30-34 years,30-34,184.0,137575.0,133.75
33998,Gonorrhea,280.0,Kentucky,2008.0,Female,35-39 years,35-39,81.0,146358.0,55.34
33999,Gonorrhea,280.0,Kentucky,2008.0,Female,40+ years,40+,96.0,1063336.0,9.03
34000,Gonorrhea,280.0,Kentucky,2008.0,Female,Unknown,99,8.0,,
34001,Gonorrhea,280.0,Kentucky,2009.0,Female,0-14 years,0-14,28.0,411398.0,6.81
34002,Gonorrhea,280.0,Kentucky,2009.0,Female,15-19 years,15-19,756.0,140591.0,537.73
34003,Gonorrhea,280.0,Kentucky,2009.0,Female,20-24 years,20-24,794.0,144731.0,548.6
34004,Gonorrhea,280.0,Kentucky,2009.0,Female,25-29 years,25-29,316.0,149293.0,211.66
34005,Gonorrhea,280.0,Kentucky,2009.0,Female,30-34 years,30-34,144.0,137008.0,105.1
34006,Gonorrhea,280.0,Kentucky,2009.0,Female,35-39 years,35-39,56.0,143856.0,38.93
34007,Gonorrhea,280.0,Kentucky,2009.0,Female,40+ years,40+,36.0,1069830.0,3.37
34008,Gonorrhea,280.0,Kentucky,2009.0,Female,Unknown,99,2.0,,
34009,Gonorrhea,280.0,Kentucky,2010.0,Female,0-14 years,0-14,39.0,414558.0,9.41
34010,Gonorrhea,280.0,Kentucky,2010.0,Female,15-19 years,15-19,830.0,144688.0,573.65
34011,Gonorrhea,280.0,Kentucky,2010.0,Female,20-24 years,20-24,906.0,142536.0,635.63
34012,Gonorrhea,280.0,Kentucky,2010.0,Female,25-29 years,25-29,383.0,141589.0,270.5
34013,Gonorrhea,280.0,Kentucky,2010.0,Female,30-34 years,30-34,162.0,138852.0,116.67
34014,Gonorrhea,280.0,Kentucky,2010.0,Female,35-39 years,35-39,91.0,141653.0,64.24
34015,Gonorrhea,280.0,Kentucky,2010.0,Female,40+ years,40+,69.0,1080539.0,6.39
34016,Gonorrhea,280.0,Kentucky,2010.0,Female,Unknown,99,7.0,,
34017,Gonorrhea,280.0,Kentucky,2011.0,Female,0-14 years,0-14,39.0,414778.0,9.4
34018,Gonorrhea,280.0,Kentucky,2011.0,Female,15-19 years,15-19,869.0,140497.0,618.52
34019,Gonorrhea,280.0,Kentucky,2011.0,Female,20-24 years,20-24,986.0,148788.0,662.69
34020,Gonorrhea,280.0,Kentucky,2011.0,Female,25-29 years,25-29,364.0,139638.0,260.67
34021,Gonorrhea,280.0,Kentucky,2011.0,Female,30-34 years,30-34,200.0,142364.0,140.49
34022,Gonorrhea,280.0,Kentucky,2011.0,Female,35-39 years,35-39,70.0,137397.0,50.95
34023,Gonorrhea,280.0,Kentucky,2011.0,Female,40+ years,40+,63.0,1096020.0,5.75
34024,Gonorrhea,280.0,Kentucky,2011.0,Female,Unknown,99,5.0,,
34025,Gonorrhea,280.0,Kentucky,2012.0,Female,0-14 years,0-14,35.0,414532.0,8.44
34026,Gonorrhea,280.0,Kentucky,2012.0,Female,15-19 years,15-19,683.0,137030.0,498.43
34027,Gonorrhea,280.0,Kentucky,2012.0,Female,20-24 years,20-24,911.0,151995.0,599.36
34028,Gonorrhea,280.0,Kentucky,2012.0,Female,25-29 years,25-29,384.0,137674.0,278.92
34029,Gonorrhea,280.0,Kentucky,2012.0,Female,30-34 years,30-34,189.0,143026.0,132.14
34030,Gonorrhea,280.0,Kentucky,2012.0,Female,35-39 years,35-39,72.0,135851.0,53.0
34031,Gonorrhea,280.0,Kentucky,2012.0,Female,40+ years,40+,49.0,1102596.0,4.44
34032,Gonorrhea,280.0,Kentucky,2012.0,Female,Unknown,99,5.0,,
34033,Gonorrhea,280.0,Kentucky,2013.0,Female,0-14 years,0-14,24.0,412169.0,5.82
34034,Gonorrhea,280.0,Kentucky,2013.0,Female,15-19 years,15-19,643.0,136995.0,469.36
34035,Gonorrhea,280.0,Kentucky,2013.0,Female,20-24 years,20-24,839.0,153817.0,545.45
34036,Gonorrhea,280.0,Kentucky,2013.0,Female,25-29 years,25-29,410.0,136775.0,299.76
34037,Gonorrhea,280.0,Kentucky,2013.0,Female,30-34 years,30-34,221.0,143319.0,154.2
34038,Gonorrhea,280.0,Kentucky,2013.0,Female,35-39 years,35-39,101.0,136150.0,74.18
34039,Gonorrhea,280.0,Kentucky,2013.0,Female,40+ years,40+,90.0,1112674.0,8.09
34040,Gonorrhea,280.0,Kentucky,2013.0,Female,Unknown,99,3.0,,
34041,Gonorrhea,280.0,Kentucky,2014.0,Female,0-14 years,0-14,25.0,412169.0,6.07
34042,Gonorrhea,280.0,Kentucky,2014.0,Female,15-19 years,15-19,567.0,136995.0,413.88
34043,Gonorrhea,280.0,Kentucky,2014.0,Female,20-24 years,20-24,872.0,153817.0,566.91
34044,Gonorrhea,280.0,Kentucky,2014.0,Female,25-29 years,25-29,436.0,136775.0,318.77
34045,Gonorrhea,280.0,Kentucky,2014.0,Female,30-34 years,30-34,202.0,143319.0,140.94
34046,Gonorrhea,280.0,Kentucky,2014.0,Female,35-39 years,35-39,90.0,136150.0,66.1
34047,Gonorrhea,280.0,Kentucky,2014.0,Female,40+ years,40+,77.0,1112674.0,6.92
34048,Gonorrhea,280.0,Kentucky,2014.0,Female,Unknown,99,1.0,,
34049,Gonorrhea,280.0,Louisiana,1996.0,Female,0-14 years,0-14,154.0,501017.0,30.74
34050,Gonorrhea,280.0,Louisiana,1996.0,Female,15-19 years,15-19,1686.0,178849.0,942.7
34051,Gonorrhea,280.0,Louisiana,1996.0,Female,20-24 years,20-24,1087.0,158638.0,685.21
34052,Gonorrhea,280.0,Louisiana,1996.0,Female,25-29 years,25-29,450.0,158742.0,283.48
34053,Gonorrhea,280.0,Louisiana,1996.0,Female,30-34 years,30-34,233.0,169186.0,137.72
34054,Gonorrhea,280.0,Louisiana,1996.0,Female,35-39 years,35-39,169.0,185101.0,91.3
34055,Gonorrhea,280.0,Louisiana,1996.0,Female,40+ years,40+,93.0,923316.0,10.07
34056,Gonorrhea,280.0,Louisiana,1996.0,Female,Unknown,99,59.0,,
34057,Gonorrhea,280.0,Louisiana,1997.0,Female,0-14 years,0-14,204.0,496857.0,41.06
34058,Gonorrhea,280.0,Louisiana,1997.0,Female,15-19 years,15-19,2188.0,181439.0,1205.91
34059,Gonorrhea,280.0,Louisiana,1997.0,Female,20-24 years,20-24,1513.0,158811.0,952.71
34060,Gonorrhea,280.0,Louisiana,1997.0,Female,25-29 years,25-29,589.0,158123.0,372.5
34061,Gonorrhea,280.0,Louisiana,1997.0,Female,30-34 years,30-34,289.0,164620.0,175.56
34062,Gonorrhea,280.0,Louisiana,1997.0,Female,35-39 years,35-39,172.0,183673.0,93.64
34063,Gonorrhea,280.0,Louisiana,1997.0,Female,40+ years,40+,90.0,941615.0,9.56
34064,Gonorrhea,280.0,Louisiana,1997.0,Female,Unknown,99,116.0,,
34065,Gonorrhea,280.0,Louisiana,1998.0,Female,0-14 years,0-14,230.0,493914.0,46.57
34066,Gonorrhea,280.0,Louisiana,1998.0,Female,15-19 years,15-19,2616.0,183446.0,1426.03
34067,Gonorrhea,280.0,Louisiana,1998.0,Female,20-24 years,20-24,1835.0,160267.0,1144.96
34068,Gonorrhea,280.0,Louisiana,1998.0,Female,25-29 years,25-29,686.0,156280.0,438.96
34069,Gonorrhea,280.0,Louisiana,1998.0,Female,30-34 years,30-34,311.0,160342.0,193.96
34070,Gonorrhea,280.0,Louisiana,1998.0,Female,35-39 years,35-39,219.0,181451.0,120.69
34071,Gonorrhea,280.0,Louisiana,1998.0,Female,40+ years,40+,110.0,957700.0,11.49
34072,Gonorrhea,280.0,Louisiana,1998.0,Female,Unknown,99,146.0,,
34073,Gonorrhea,280.0,Louisiana,1999.0,Female,0-14 years,0-14,315.0,492405.0,63.97
34074,Gonorrhea,280.0,Louisiana,1999.0,Female,15-19 years,15-19,2731.0,183175.0,1490.92
34075,Gonorrhea,280.0,Louisiana,1999.0,Female,20-24 years,20-24,2036.0,162608.0,1252.09
34076,Gonorrhea,280.0,Louisiana,1999.0,Female,25-29 years,25-29,702.0,153448.0,457.48
34077,Gonorrhea,280.0,Louisiana,1999.0,Female,30-34 years,30-34,315.0,157043.0,200.58
34078,Gonorrhea,280.0,Louisiana,1999.0,Female,35-39 years,35-39,171.0,179140.0,95.46
34079,Gonorrhea,280.0,Louisiana,1999.0,Female,40+ years,40+,136.0,974925.0,13.95
34080,Gonorrhea,280.0,Louisiana,1999.0,Female,Unknown,99,53.0,,
34081,Gonorrhea,280.0,Louisiana,2000.0,Female,0-14 years,0-14,319.0,481812.0,66.21
34082,Gonorrhea,280.0,Louisiana,2000.0,Female,15-19 years,15-19,2654.0,180517.0,1470.22
34083,Gonorrhea,280.0,Louisiana,2000.0,Female,20-24 years,20-24,2180.0,166905.0,1306.13
34084,Gonorrhea,280.0,Louisiana,2000.0,Female,25-29 years,25-29,716.0,150598.0,475.44
34085,Gonorrhea,280.0,Louisiana,2000.0,Female,30-34 years,30-34,303.0,156052.0,194.17
34086,Gonorrhea,280.0,Louisiana,2000.0,Female,35-39 years,35-39,176.0,175881.0,100.07
34087,Gonorrhea,280.0,Louisiana,2000.0,Female,40+ years,40+,116.0,994877.0,11.66
34088,Gonorrhea,280.0,Louisiana,2000.0,Female,Unknown,99,92.0,,
34089,Gonorrhea,280.0,Louisiana,2001.0,Female,0-14 years,0-14,253.0,482992.0,52.38
34090,Gonorrhea,280.0,Louisiana,2001.0,Female,15-19 years,15-19,2474.0,177155.0,1396.52
34091,Gonorrhea,280.0,Louisiana,2001.0,Female,20-24 years,20-24,2127.0,171086.0,1243.23
34092,Gonorrhea,280.0,Louisiana,2001.0,Female,25-29 years,25-29,694.0,147424.0,470.75
34093,Gonorrhea,280.0,Louisiana,2001.0,Female,30-34 years,30-34,243.0,153308.0,158.5
34094,Gonorrhea,280.0,Louisiana,2001.0,Female,35-39 years,35-39,140.0,169070.0,82.81
34095,Gonorrhea,280.0,Louisiana,2001.0,Female,40+ years,40+,116.0,1004268.0,11.55
34096,Gonorrhea,280.0,Louisiana,2001.0,Female,Unknown,99,68.0,,
34097,Gonorrhea,280.0,Louisiana,2002.0,Female,0-14 years,0-14,150.0,477790.0,31.39
34098,Gonorrhea,280.0,Louisiana,2002.0,Female,15-19 years,15-19,2352.0,173228.0,1357.75
34099,Gonorrhea,280.0,Louisiana,2002.0,Female,20-24 years,20-24,2098.0,176953.0,1185.63
34100,Gonorrhea,280.0,Louisiana,2002.0,Female,25-29 years,25-29,702.0,148216.0,473.63
34101,Gonorrhea,280.0,Louisiana,2002.0,Female,30-34 years,30-34,266.0,152379.0,174.56
34102,Gonorrhea,280.0,Louisiana,2002.0,Female,35-39 years,35-39,131.0,163490.0,80.13
34103,Gonorrhea,280.0,Louisiana,2002.0,Female,40+ years,40+,115.0,1018356.0,11.29
34104,Gonorrhea,280.0,Louisiana,2002.0,Female,Unknown,99,47.0,,
34105,Gonorrhea,280.0,Louisiana,2003.0,Female,0-14 years,0-14,163.0,475980.0,34.25
34106,Gonorrhea,280.0,Louisiana,2003.0,Female,15-19 years,15-19,2283.0,169957.0,1343.28
34107,Gonorrhea,280.0,Louisiana,2003.0,Female,20-24 years,20-24,2273.0,178769.0,1271.47
34108,Gonorrhea,280.0,Louisiana,2003.0,Female,25-29 years,25-29,789.0,150511.0,524.21
34109,Gonorrhea,280.0,Louisiana,2003.0,Female,30-34 years,30-34,263.0,149403.0,176.03
34110,Gonorrhea,280.0,Louisiana,2003.0,Female,35-39 years,35-39,142.0,158258.0,89.73
34111,Gonorrhea,280.0,Louisiana,2003.0,Female,40+ years,40+,123.0,1031124.0,11.93
34112,Gonorrhea,280.0,Louisiana,2003.0,Female,Unknown,99,40.0,,
34113,Gonorrhea,280.0,Louisiana,2004.0,Female,0-14 years,0-14,134.0,470942.0,28.45
34114,Gonorrhea,280.0,Louisiana,2004.0,Female,15-19 years,15-19,2076.0,168289.0,1233.59
34115,Gonorrhea,280.0,Louisiana,2004.0,Female,20-24 years,20-24,2011.0,179569.0,1119.9
34116,Gonorrhea,280.0,Louisiana,2004.0,Female,25-29 years,25-29,725.0,155354.0,466.68
34117,Gonorrhea,280.0,Louisiana,2004.0,Female,30-34 years,30-34,257.0,147494.0,174.24
34118,Gonorrhea,280.0,Louisiana,2004.0,Female,35-39 years,35-39,122.0,153718.0,79.37
34119,Gonorrhea,280.0,Louisiana,2004.0,Female,40+ years,40+,99.0,1046421.0,9.46
34120,Gonorrhea,280.0,Louisiana,2004.0,Female,Unknown,99,26.0,,
34121,Gonorrhea,280.0,Louisiana,2005.0,Female,0-14 years,0-14,113.0,462742.0,24.42
34122,Gonorrhea,280.0,Louisiana,2005.0,Female,15-19 years,15-19,1668.0,166033.0,1004.62
34123,Gonorrhea,280.0,Louisiana,2005.0,Female,20-24 years,20-24,1782.0,177607.0,1003.34
34124,Gonorrhea,280.0,Louisiana,2005.0,Female,25-29 years,25-29,725.0,160888.0,450.62
34125,Gonorrhea,280.0,Louisiana,2005.0,Female,30-34 years,30-34,237.0,145217.0,163.2
34126,Gonorrhea,280.0,Louisiana,2005.0,Female,35-39 years,35-39,120.0,151466.0,79.23
34127,Gonorrhea,280.0,Louisiana,2005.0,Female,40+ years,40+,96.0,1059954.0,9.06
34128,Gonorrhea,280.0,Louisiana,2005.0,Female,Unknown,99,20.0,,
34129,Gonorrhea,280.0,Louisiana,2006.0,Female,0-14 years,0-14,143.0,438781.0,32.59
34130,Gonorrhea,280.0,Louisiana,2006.0,Female,15-19 years,15-19,1977.0,159964.0,1235.9
34131,Gonorrhea,280.0,Louisiana,2006.0,Female,20-24 years,20-24,2000.0,160464.0,1246.39
34132,Gonorrhea,280.0,Louisiana,2006.0,Female,25-29 years,25-29,894.0,152147.0,587.59
34133,Gonorrhea,280.0,Louisiana,2006.0,Female,30-34 years,30-34,309.0,128334.0,240.78
34134,Gonorrhea,280.0,Louisiana,2006.0,Female,35-39 years,35-39,143.0,141247.0,101.24
34135,Gonorrhea,280.0,Louisiana,2006.0,Female,40+ years,40+,120.0,1021070.0,11.75
34136,Gonorrhea,280.0,Louisiana,2006.0,Female,Unknown,99,19.0,,
34137,Gonorrhea,280.0,Louisiana,2007.0,Female,0-14 years,0-14,142.0,434761.0,32.66
34138,Gonorrhea,280.0,Louisiana,2007.0,Female,15-19 years,15-19,2119.0,160532.0,1319.99
34139,Gonorrhea,280.0,Louisiana,2007.0,Female,20-24 years,20-24,2054.0,166096.0,1236.63
34140,Gonorrhea,280.0,Louisiana,2007.0,Female,25-29 years,25-29,889.0,156771.0,567.07
34141,Gonorrhea,280.0,Louisiana,2007.0,Female,30-34 years,30-34,310.0,128814.0,240.66
34142,Gonorrhea,280.0,Louisiana,2007.0,Female,35-39 years,35-39,134.0,140298.0,95.51
34143,Gonorrhea,280.0,Louisiana,2007.0,Female,40+ years,40+,157.0,1020487.0,15.38
34144,Gonorrhea,280.0,Louisiana,2007.0,Female,Unknown,99,17.0,,
34145,Gonorrhea,280.0,Louisiana,2008.0,Female,0-14 years,0-14,97.0,447002.0,21.7
34146,Gonorrhea,280.0,Louisiana,2008.0,Female,15-19 years,15-19,1867.0,162944.0,1145.79
34147,Gonorrhea,280.0,Louisiana,2008.0,Female,20-24 years,20-24,1896.0,168110.0,1127.83
34148,Gonorrhea,280.0,Louisiana,2008.0,Female,25-29 years,25-29,789.0,164168.0,480.61
34149,Gonorrhea,280.0,Louisiana,2008.0,Female,30-34 years,30-34,281.0,134199.0,209.39
34150,Gonorrhea,280.0,Louisiana,2008.0,Female,35-39 years,35-39,114.0,141232.0,80.72
34151,Gonorrhea,280.0,Louisiana,2008.0,Female,40+ years,40+,124.0,1052343.0,11.78
34152,Gonorrhea,280.0,Louisiana,2008.0,Female,Unknown,99,9.0,,
34153,Gonorrhea,280.0,Louisiana,2009.0,Female,0-14 years,0-14,117.0,455503.0,25.69
34154,Gonorrhea,280.0,Louisiana,2009.0,Female,15-19 years,15-19,1801.0,159611.0,1128.37
34155,Gonorrhea,280.0,Louisiana,2009.0,Female,20-24 years,20-24,1876.0,170122.0,1102.74
34156,Gonorrhea,280.0,Louisiana,2009.0,Female,25-29 years,25-29,846.0,169990.0,497.68
34157,Gonorrhea,280.0,Louisiana,2009.0,Female,30-34 years,30-34,251.0,143202.0,175.28
34158,Gonorrhea,280.0,Louisiana,2009.0,Female,35-39 years,35-39,101.0,140380.0,71.95
34159,Gonorrhea,280.0,Louisiana,2009.0,Female,40+ years,40+,119.0,1068133.0,11.14
34160,Gonorrhea,280.0,Louisiana,2009.0,Female,Unknown,99,14.0,,
34161,Gonorrhea,280.0,Louisiana,2010.0,Female,0-14 years,0-14,109.0,454064.0,24.01
34162,Gonorrhea,280.0,Louisiana,2010.0,Female,15-19 years,15-19,1719.0,161032.0,1067.49
34163,Gonorrhea,280.0,Louisiana,2010.0,Female,20-24 years,20-24,1713.0,169019.0,1013.5
34164,Gonorrhea,280.0,Louisiana,2010.0,Female,25-29 years,25-29,766.0,165999.0,461.45
34165,Gonorrhea,280.0,Louisiana,2010.0,Female,30-34 years,30-34,301.0,147388.0,204.22
34166,Gonorrhea,280.0,Louisiana,2010.0,Female,35-39 years,35-39,114.0,138935.0,82.05
34167,Gonorrhea,280.0,Louisiana,2010.0,Female,40+ years,40+,92.0,1077643.0,8.54
34168,Gonorrhea,280.0,Louisiana,2010.0,Female,Unknown,99,10.0,,
34169,Gonorrhea,280.0,Louisiana,2011.0,Female,0-14 years,0-14,126.0,456684.0,27.59
34170,Gonorrhea,280.0,Louisiana,2011.0,Female,15-19 years,15-19,2000.0,154499.0,1294.51
34171,Gonorrhea,280.0,Louisiana,2011.0,Female,20-24 years,20-24,1858.0,174332.0,1065.78
34172,Gonorrhea,280.0,Louisiana,2011.0,Female,25-29 years,25-29,744.0,167458.0,444.29
34173,Gonorrhea,280.0,Louisiana,2011.0,Female,30-34 years,30-34,310.0,153498.0,201.96
34174,Gonorrhea,280.0,Louisiana,2011.0,Female,35-39 years,35-39,122.0,136235.0,89.55
34175,Gonorrhea,280.0,Louisiana,2011.0,Female,40+ years,40+,100.0,1093761.0,9.14
34176,Gonorrhea,280.0,Louisiana,2011.0,Female,Unknown,99,3.0,,
34177,Gonorrhea,280.0,Louisiana,2012.0,Female,0-14 years,0-14,100.0,457812.0,21.84
34178,Gonorrhea,280.0,Louisiana,2012.0,Female,15-19 years,15-19,1906.0,149959.0,1271.01
34179,Gonorrhea,280.0,Louisiana,2012.0,Female,20-24 years,20-24,1873.0,176694.0,1060.02
34180,Gonorrhea,280.0,Louisiana,2012.0,Female,25-29 years,25-29,704.0,167833.0,419.46
34181,Gonorrhea,280.0,Louisiana,2012.0,Female,30-34 years,30-34,294.0,157695.0,186.44
34182,Gonorrhea,280.0,Louisiana,2012.0,Female,35-39 years,35-39,95.0,137248.0,69.22
34183,Gonorrhea,280.0,Louisiana,2012.0,Female,40+ years,40+,106.0,1102602.0,9.61
34184,Gonorrhea,280.0,Louisiana,2012.0,Female,Unknown,99,2.0,,
34185,Gonorrhea,280.0,Louisiana,2013.0,Female,0-14 years,0-14,89.0,455891.0,19.52
34186,Gonorrhea,280.0,Louisiana,2013.0,Female,15-19 years,15-19,1775.0,148115.0,1198.39
34187,Gonorrhea,280.0,Louisiana,2013.0,Female,20-24 years,20-24,1827.0,175959.0,1038.31
34188,Gonorrhea,280.0,Louisiana,2013.0,Female,25-29 years,25-29,745.0,167915.0,443.68
34189,Gonorrhea,280.0,Louisiana,2013.0,Female,30-34 years,30-34,298.0,162586.0,183.29
34190,Gonorrhea,280.0,Louisiana,2013.0,Female,35-39 years,35-39,103.0,140086.0,73.53
34191,Gonorrhea,280.0,Louisiana,2013.0,Female,40+ years,40+,90.0,1110985.0,8.1
34192,Gonorrhea,280.0,Louisiana,2014.0,Female,0-14 years,0-14,102.0,455891.0,22.37
34193,Gonorrhea,280.0,Louisiana,2014.0,Female,15-19 years,15-19,1713.0,148115.0,1156.53
34194,Gonorrhea,280.0,Louisiana,2014.0,Female,20-24 years,20-24,1856.0,175959.0,1054.79
34195,Gonorrhea,280.0,Louisiana,2014.0,Female,25-29 years,25-29,804.0,167915.0,478.81
34196,Gonorrhea,280.0,Louisiana,2014.0,Female,30-34 years,30-34,338.0,162586.0,207.89
34197,Gonorrhea,280.0,Louisiana,2014.0,Female,35-39 years,35-39,130.0,140086.0,92.8
34198,Gonorrhea,280.0,Louisiana,2014.0,Female,40+ years,40+,106.0,1110985.0,9.54
34199,Gonorrhea,280.0,Maine,1996.0,Female,15-19 years,15-19,11.0,42081.0,26.14
34200,Gonorrhea,280.0,Maine,1996.0,Female,20-24 years,20-24,10.0,36543.0,27.36
34201,Gonorrhea,280.0,Maine,1996.0,Female,25-29 years,25-29,3.0,38846.0,7.72
34202,Gonorrhea,280.0,Maine,1996.0,Female,30-34 years,30-34,2.0,48329.0,4.14
34203,Gonorrhea,280.0,Maine,1996.0,Female,35-39 years,35-39,1.0,55195.0,1.81
34204,Gonorrhea,280.0,Maine,1997.0,Female,15-19 years,15-19,11.0,42718.0,25.75
34205,Gonorrhea,280.0,Maine,1997.0,Female,20-24 years,20-24,9.0,35487.0,25.36
34206,Gonorrhea,280.0,Maine,1997.0,Female,25-29 years,25-29,4.0,38744.0,10.32
34207,Gonorrhea,280.0,Maine,1997.0,Female,30-34 years,30-34,3.0,46513.0,6.45
34208,Gonorrhea,280.0,Maine,1997.0,Female,35-39 years,35-39,3.0,55209.0,5.43
34209,Gonorrhea,280.0,Maine,1997.0,Female,Unknown,99,1.0,,
34210,Gonorrhea,280.0,Maine,1998.0,Female,0-14 years,0-14,1.0,121730.0,0.82
34211,Gonorrhea,280.0,Maine,1998.0,Female,15-19 years,15-19,13.0,43251.0,30.06
34212,Gonorrhea,280.0,Maine,1998.0,Female,20-24 years,20-24,8.0,34852.0,22.95
34213,Gonorrhea,280.0,Maine,1998.0,Female,25-29 years,25-29,7.0,38167.0,18.34
34214,Gonorrhea,280.0,Maine,1998.0,Female,40+ years,40+,2.0,309784.0,0.65
34215,Gonorrhea,280.0,Maine,1999.0,Female,0-14 years,0-14,1.0,120461.0,0.83
34216,Gonorrhea,280.0,Maine,1999.0,Female,15-19 years,15-19,11.0,43451.0,25.32
34217,Gonorrhea,280.0,Maine,1999.0,Female,20-24 years,20-24,16.0,34714.0,46.09
34218,Gonorrhea,280.0,Maine,1999.0,Female,25-29 years,25-29,3.0,37390.0,8.02
34219,Gonorrhea,280.0,Maine,1999.0,Female,30-34 years,30-34,5.0,43793.0,11.42
34220,Gonorrhea,280.0,Maine,1999.0,Female,35-39 years,35-39,2.0,53908.0,3.71
34221,Gonorrhea,280.0,Maine,1999.0,Female,40+ years,40+,1.0,316881.0,0.32
34222,Gonorrhea,280.0,Maine,1999.0,Female,Unknown,99,1.0,,
34223,Gonorrhea,280.0,Maine,2000.0,Female,15-19 years,15-19,9.0,43599.0,20.64
34224,Gonorrhea,280.0,Maine,2000.0,Female,20-24 years,20-24,12.0,35653.0,33.66
34225,Gonorrhea,280.0,Maine,2000.0,Female,25-29 years,25-29,6.0,36523.0,16.43
34226,Gonorrhea,280.0,Maine,2000.0,Female,30-34 years,30-34,1.0,44271.0,2.26
34227,Gonorrhea,280.0,Maine,2000.0,Female,35-39 years,35-39,1.0,53700.0,1.86
34228,Gonorrhea,280.0,Maine,2001.0,Female,15-19 years,15-19,22.0,44488.0,49.45
34229,Gonorrhea,280.0,Maine,2001.0,Female,20-24 years,20-24,19.0,37264.0,50.99
34230,Gonorrhea,280.0,Maine,2001.0,Female,25-29 years,25-29,9.0,35144.0,25.61
34231,Gonorrhea,280.0,Maine,2001.0,Female,30-34 years,30-34,4.0,43877.0,9.12
34232,Gonorrhea,280.0,Maine,2001.0,Female,35-39 years,35-39,1.0,52412.0,1.91
34233,Gonorrhea,280.0,Maine,2002.0,Female,0-14 years,0-14,1.0,109279.0,0.92
34234,Gonorrhea,280.0,Maine,2002.0,Female,15-19 years,15-19,11.0,44785.0,24.56
34235,Gonorrhea,280.0,Maine,2002.0,Female,20-24 years,20-24,16.0,39950.0,40.05
34236,Gonorrhea,280.0,Maine,2002.0,Female,25-29 years,25-29,10.0,34574.0,28.92
34237,Gonorrhea,280.0,Maine,2002.0,Female,30-34 years,30-34,1.0,43651.0,2.29
34238,Gonorrhea,280.0,Maine,2002.0,Female,35-39 years,35-39,3.0,51640.0,5.81
34239,Gonorrhea,280.0,Maine,2002.0,Female,40+ years,40+,2.0,340448.0,0.59
34240,Gonorrhea,280.0,Maine,2003.0,Female,15-19 years,15-19,27.0,45515.0,59.32
34241,Gonorrhea,280.0,Maine,2003.0,Female,20-24 years,20-24,33.0,40792.0,80.9
34242,Gonorrhea,280.0,Maine,2003.0,Female,25-29 years,25-29,12.0,33276.0,36.06
34243,Gonorrhea,280.0,Maine,2003.0,Female,30-34 years,30-34,7.0,40693.0,17.2
34244,Gonorrhea,280.0,Maine,2003.0,Female,35-39 years,35-39,2.0,49134.0,4.07
34245,Gonorrhea,280.0,Maine,2003.0,Female,40+ years,40+,3.0,347293.0,0.86
34246,Gonorrhea,280.0,Maine,2004.0,Female,0-14 years,0-14,3.0,110178.0,2.72
34247,Gonorrhea,280.0,Maine,2004.0,Female,15-19 years,15-19,31.0,45652.0,67.91
34248,Gonorrhea,280.0,Maine,2004.0,Female,20-24 years,20-24,29.0,42210.0,68.7
34249,Gonorrhea,280.0,Maine,2004.0,Female,25-29 years,25-29,9.0,33932.0,26.52
34250,Gonorrhea,280.0,Maine,2004.0,Female,30-34 years,30-34,4.0,39642.0,10.09
34251,Gonorrhea,280.0,Maine,2004.0,Female,35-39 years,35-39,4.0,47761.0,8.38
34252,Gonorrhea,280.0,Maine,2004.0,Female,40+ years,40+,4.0,354735.0,1.13
34253,Gonorrhea,280.0,Maine,2005.0,Female,15-19 years,15-19,23.0,45573.0,50.47
34254,Gonorrhea,280.0,Maine,2005.0,Female,20-24 years,20-24,21.0,42955.0,48.89
34255,Gonorrhea,280.0,Maine,2005.0,Female,25-29 years,25-29,10.0,34588.0,28.91
34256,Gonorrhea,280.0,Maine,2005.0,Female,30-34 years,30-34,5.0,37766.0,13.24
34257,Gonorrhea,280.0,Maine,2005.0,Female,40+ years,40+,2.0,360640.0,0.55
34258,Gonorrhea,280.0,Maine,2006.0,Female,0-14 years,0-14,1.0,109370.0,0.91
34259,Gonorrhea,280.0,Maine,2006.0,Female,15-19 years,15-19,11.0,43949.0,25.03
34260,Gonorrhea,280.0,Maine,2006.0,Female,20-24 years,20-24,25.0,39732.0,62.92
34261,Gonorrhea,280.0,Maine,2006.0,Female,25-29 years,25-29,10.0,37700.0,26.53
34262,Gonorrhea,280.0,Maine,2006.0,Female,30-34 years,30-34,1.0,38605.0,2.59
34263,Gonorrhea,280.0,Maine,2006.0,Female,35-39 years,35-39,5.0,46036.0,10.86
34264,Gonorrhea,280.0,Maine,2006.0,Female,40+ years,40+,1.0,359755.0,0.28
34265,Gonorrhea,280.0,Maine,2007.0,Female,15-19 years,15-19,9.0,43500.0,20.69
34266,Gonorrhea,280.0,Maine,2007.0,Female,20-24 years,20-24,13.0,38204.0,34.03
34267,Gonorrhea,280.0,Maine,2007.0,Female,25-29 years,25-29,13.0,38337.0,33.91
34268,Gonorrhea,280.0,Maine,2007.0,Female,30-34 years,30-34,2.0,37627.0,5.32
34269,Gonorrhea,280.0,Maine,2007.0,Female,35-39 years,35-39,2.0,44941.0,4.45
34270,Gonorrhea,280.0,Maine,2007.0,Female,40+ years,40+,6.0,362298.0,1.66
34271,Gonorrhea,280.0,Maine,2008.0,Female,0-14 years,0-14,1.0,108191.0,0.92
34272,Gonorrhea,280.0,Maine,2008.0,Female,15-19 years,15-19,12.0,42743.0,28.07
34273,Gonorrhea,280.0,Maine,2008.0,Female,20-24 years,20-24,14.0,38250.0,36.6
34274,Gonorrhea,280.0,Maine,2008.0,Female,25-29 years,25-29,5.0,38288.0,13.06
34275,Gonorrhea,280.0,Maine,2008.0,Female,30-34 years,30-34,4.0,37369.0,10.7
34276,Gonorrhea,280.0,Maine,2008.0,Female,35-39 years,35-39,6.0,43488.0,13.8
34277,Gonorrhea,280.0,Maine,2008.0,Female,40+ years,40+,1.0,365758.0,0.27
34278,Gonorrhea,280.0,Maine,2009.0,Female,15-19 years,15-19,22.0,42947.0,51.23
34279,Gonorrhea,280.0,Maine,2009.0,Female,20-24 years,20-24,19.0,39403.0,48.22
34280,Gonorrhea,280.0,Maine,2009.0,Female,25-29 years,25-29,15.0,38138.0,39.33
34281,Gonorrhea,280.0,Maine,2009.0,Female,35-39 years,35-39,3.0,41240.0,7.27
34282,Gonorrhea,280.0,Maine,2009.0,Female,40+ years,40+,3.0,368684.0,0.81
34283,Gonorrhea,280.0,Maine,2010.0,Female,15-19 years,15-19,19.0,42769.0,44.42
34284,Gonorrhea,280.0,Maine,2010.0,Female,20-24 years,20-24,27.0,39220.0,68.84
34285,Gonorrhea,280.0,Maine,2010.0,Female,25-29 years,25-29,16.0,36536.0,43.79
34286,Gonorrhea,280.0,Maine,2010.0,Female,30-34 years,30-34,7.0,36281.0,19.29
34287,Gonorrhea,280.0,Maine,2010.0,Female,35-39 years,35-39,3.0,40603.0,7.39
34288,Gonorrhea,280.0,Maine,2010.0,Female,40+ years,40+,3.0,374590.0,0.8
34289,Gonorrhea,280.0,Maine,2011.0,Female,15-19 years,15-19,32.0,41665.0,76.8
34290,Gonorrhea,280.0,Maine,2011.0,Female,20-24 years,20-24,31.0,39420.0,78.64
34291,Gonorrhea,280.0,Maine,2011.0,Female,25-29 years,25-29,32.0,36997.0,86.49
34292,Gonorrhea,280.0,Maine,2011.0,Female,30-34 years,30-34,13.0,36738.0,35.39
34293,Gonorrhea,280.0,Maine,2011.0,Female,35-39 years,35-39,9.0,38491.0,23.38
34294,Gonorrhea,280.0,Maine,2011.0,Female,40+ years,40+,5.0,378212.0,1.32
34295,Gonorrhea,280.0,Maine,2012.0,Female,0-14 years,0-14,1.0,105723.0,0.95
34296,Gonorrhea,280.0,Maine,2012.0,Female,15-19 years,15-19,32.0,41174.0,77.72
34297,Gonorrhea,280.0,Maine,2012.0,Female,20-24 years,20-24,87.0,39179.0,222.06
34298,Gonorrhea,280.0,Maine,2012.0,Female,25-29 years,25-29,65.0,37340.0,174.08
34299,Gonorrhea,280.0,Maine,2012.0,Female,30-34 years,30-34,27.0,37307.0,72.37
34300,Gonorrhea,280.0,Maine,2012.0,Female,35-39 years,35-39,14.0,37355.0,37.48
34301,Gonorrhea,280.0,Maine,2012.0,Female,40+ years,40+,13.0,380836.0,3.41
34302,Gonorrhea,280.0,Maine,2012.0,Female,Unknown,99,1.0,,
34303,Gonorrhea,280.0,Maine,2013.0,Female,0-14 years,0-14,1.0,103827.0,0.96
34304,Gonorrhea,280.0,Maine,2013.0,Female,15-19 years,15-19,17.0,40163.0,42.33
34305,Gonorrhea,280.0,Maine,2013.0,Female,20-24 years,20-24,42.0,38847.0,108.12
34306,Gonorrhea,280.0,Maine,2013.0,Female,25-29 years,25-29,27.0,38062.0,70.94
34307,Gonorrhea,280.0,Maine,2013.0,Female,30-34 years,30-34,16.0,37562.0,42.6
34308,Gonorrhea,280.0,Maine,2013.0,Female,35-39 years,35-39,11.0,36885.0,29.82
34309,Gonorrhea,280.0,Maine,2013.0,Female,40+ years,40+,5.0,382736.0,1.31
34310,Gonorrhea,280.0,Maine,2014.0,Female,15-19 years,15-19,18.0,40163.0,44.82
34311,Gonorrhea,280.0,Maine,2014.0,Female,20-24 years,20-24,31.0,38847.0,79.8
34312,Gonorrhea,280.0,Maine,2014.0,Female,25-29 years,25-29,22.0,38062.0,57.8
34313,Gonorrhea,280.0,Maine,2014.0,Female,30-34 years,30-34,11.0,37562.0,29.28
34314,Gonorrhea,280.0,Maine,2014.0,Female,35-39 years,35-39,11.0,36885.0,29.82
34315,Gonorrhea,280.0,Maine,2014.0,Female,40+ years,40+,4.0,382736.0,1.05
34316,Gonorrhea,280.0,Maine,2014.0,Female,Unknown,99,1.0,,
34317,Gonorrhea,280.0,Maryland,1996.0,Female,0-14 years,0-14,141.0,540275.0,26.1
34318,Gonorrhea,280.0,Maryland,1996.0,Female,15-19 years,15-19,2048.0,157321.0,1301.8
34319,Gonorrhea,280.0,Maryland,1996.0,Female,20-24 years,20-24,1589.0,152132.0,1044.49
34320,Gonorrhea,280.0,Maryland,1996.0,Female,25-29 years,25-29,771.0,190392.0,404.95
34321,Gonorrhea,280.0,Maryland,1996.0,Female,30-34 years,30-34,447.0,238892.0,187.11
34322,Gonorrhea,280.0,Maryland,1996.0,Female,35-39 years,35-39,268.0,238890.0,112.19
34323,Gonorrhea,280.0,Maryland,1996.0,Female,40+ years,40+,231.0,1121921.0,20.59
34324,Gonorrhea,280.0,Maryland,1996.0,Female,Unknown,99,31.0,,
34325,Gonorrhea,280.0,Maryland,1997.0,Female,0-14 years,0-14,148.0,544953.0,27.16
34326,Gonorrhea,280.0,Maryland,1997.0,Female,15-19 years,15-19,2123.0,162350.0,1307.67
34327,Gonorrhea,280.0,Maryland,1997.0,Female,20-24 years,20-24,1783.0,150698.0,1183.16
34328,Gonorrhea,280.0,Maryland,1997.0,Female,25-29 years,25-29,783.0,186152.0,420.62
34329,Gonorrhea,280.0,Maryland,1997.0,Female,30-34 years,30-34,466.0,232064.0,200.81
34330,Gonorrhea,280.0,Maryland,1997.0,Female,35-39 years,35-39,244.0,240251.0,101.56
34331,Gonorrhea,280.0,Maryland,1997.0,Female,40+ years,40+,198.0,1148426.0,17.24
34332,Gonorrhea,280.0,Maryland,1997.0,Female,Unknown,99,33.0,,
34333,Gonorrhea,280.0,Maryland,1998.0,Female,0-14 years,0-14,296.0,550587.0,53.76
34334,Gonorrhea,280.0,Maryland,1998.0,Female,15-19 years,15-19,2191.0,167554.0,1307.64
34335,Gonorrhea,280.0,Maryland,1998.0,Female,20-24 years,20-24,1463.0,151215.0,967.5
34336,Gonorrhea,280.0,Maryland,1998.0,Female,25-29 years,25-29,634.0,182488.0,347.42
34337,Gonorrhea,280.0,Maryland,1998.0,Female,30-34 years,30-34,361.0,223432.0,161.57
34338,Gonorrhea,280.0,Maryland,1998.0,Female,35-39 years,35-39,239.0,240308.0,99.46
34339,Gonorrhea,280.0,Maryland,1998.0,Female,40+ years,40+,169.0,1175506.0,14.38
34340,Gonorrhea,280.0,Maryland,1998.0,Female,Unknown,99,23.0,,
34341,Gonorrhea,280.0,Maryland,1999.0,Female,0-14 years,0-14,243.0,553424.0,43.91
34342,Gonorrhea,280.0,Maryland,1999.0,Female,15-19 years,15-19,2045.0,171587.0,1191.82
34343,Gonorrhea,280.0,Maryland,1999.0,Female,20-24 years,20-24,1258.0,154356.0,815.0
34344,Gonorrhea,280.0,Maryland,1999.0,Female,25-29 years,25-29,548.0,178831.0,306.44
34345,Gonorrhea,280.0,Maryland,1999.0,Female,30-34 years,30-34,303.0,214620.0,141.18
34346,Gonorrhea,280.0,Maryland,1999.0,Female,35-39 years,35-39,195.0,240697.0,81.01
34347,Gonorrhea,280.0,Maryland,1999.0,Female,40+ years,40+,131.0,1203413.0,10.89
34348,Gonorrhea,280.0,Maryland,1999.0,Female,Unknown,99,33.0,,
34349,Gonorrhea,280.0,Maryland,2000.0,Female,0-14 years,0-14,217.0,556916.0,38.96
34350,Gonorrhea,280.0,Maryland,2000.0,Female,15-19 years,15-19,1917.0,175482.0,1092.42
34351,Gonorrhea,280.0,Maryland,2000.0,Female,20-24 years,20-24,1305.0,158685.0,822.38
34352,Gonorrhea,280.0,Maryland,2000.0,Female,25-29 years,25-29,525.0,174567.0,300.74
34353,Gonorrhea,280.0,Maryland,2000.0,Female,30-34 years,30-34,289.0,209498.0,137.95
34354,Gonorrhea,280.0,Maryland,2000.0,Female,35-39 years,35-39,178.0,238804.0,74.54
34355,Gonorrhea,280.0,Maryland,2000.0,Female,40+ years,40+,130.0,1232473.0,10.55
34356,Gonorrhea,280.0,Maryland,2000.0,Female,Unknown,99,16.0,,
34357,Gonorrhea,280.0,Maryland,2001.0,Female,0-14 years,0-14,256.0,558845.0,45.81
34358,Gonorrhea,280.0,Maryland,2001.0,Female,15-19 years,15-19,1898.0,180046.0,1054.18
34359,Gonorrhea,280.0,Maryland,2001.0,Female,20-24 years,20-24,1366.0,162464.0,840.8
34360,Gonorrhea,280.0,Maryland,2001.0,Female,25-29 years,25-29,500.0,170539.0,293.19
34361,Gonorrhea,280.0,Maryland,2001.0,Female,30-34 years,30-34,265.0,210089.0,126.14
34362,Gonorrhea,280.0,Maryland,2001.0,Female,35-39 years,35-39,168.0,238340.0,70.49
34363,Gonorrhea,280.0,Maryland,2001.0,Female,40+ years,40+,120.0,1263284.0,9.5
34364,Gonorrhea,280.0,Maryland,2001.0,Female,Unknown,99,18.0,,
34365,Gonorrhea,280.0,Maryland,2002.0,Female,0-14 years,0-14,227.0,562347.0,40.37
34366,Gonorrhea,280.0,Maryland,2002.0,Female,15-19 years,15-19,1825.0,184683.0,988.18
34367,Gonorrhea,280.0,Maryland,2002.0,Female,20-24 years,20-24,1331.0,168427.0,790.25
34368,Gonorrhea,280.0,Maryland,2002.0,Female,25-29 years,25-29,539.0,168616.0,319.66
34369,Gonorrhea,280.0,Maryland,2002.0,Female,30-34 years,30-34,325.0,210056.0,154.72
34370,Gonorrhea,280.0,Maryland,2002.0,Female,35-39 years,35-39,157.0,235663.0,66.62
34371,Gonorrhea,280.0,Maryland,2002.0,Female,40+ years,40+,149.0,1289305.0,11.56
34372,Gonorrhea,280.0,Maryland,2002.0,Female,Unknown,99,39.0,,
34373,Gonorrhea,280.0,Maryland,2003.0,Female,0-14 years,0-14,206.0,559349.0,36.83
34374,Gonorrhea,280.0,Maryland,2003.0,Female,15-19 years,15-19,1651.0,188337.0,876.62
34375,Gonorrhea,280.0,Maryland,2003.0,Female,20-24 years,20-24,1218.0,174293.0,698.82
34376,Gonorrhea,280.0,Maryland,2003.0,Female,25-29 years,25-29,492.0,167634.0,293.5
34377,Gonorrhea,280.0,Maryland,2003.0,Female,30-34 years,30-34,271.0,202038.0,134.13
34378,Gonorrhea,280.0,Maryland,2003.0,Female,35-39 years,35-39,153.0,226875.0,67.44
34379,Gonorrhea,280.0,Maryland,2003.0,Female,40+ years,40+,142.0,1324740.0,10.72
34380,Gonorrhea,280.0,Maryland,2003.0,Female,Unknown,99,33.0,,
34381,Gonorrhea,280.0,Maryland,2004.0,Female,0-14 years,0-14,156.0,564586.0,27.63
34382,Gonorrhea,280.0,Maryland,2004.0,Female,15-19 years,15-19,1623.0,192934.0,841.22
34383,Gonorrhea,280.0,Maryland,2004.0,Female,20-24 years,20-24,1310.0,178795.0,732.68
34384,Gonorrhea,280.0,Maryland,2004.0,Female,25-29 years,25-29,569.0,168738.0,337.21
34385,Gonorrhea,280.0,Maryland,2004.0,Female,30-34 years,30-34,299.0,194971.0,153.36
34386,Gonorrhea,280.0,Maryland,2004.0,Female,35-39 years,35-39,173.0,219158.0,78.94
34387,Gonorrhea,280.0,Maryland,2004.0,Female,40+ years,40+,161.0,1347975.0,11.94
34388,Gonorrhea,280.0,Maryland,2004.0,Female,Unknown,99,36.0,,
34389,Gonorrhea,280.0,Maryland,2005.0,Female,0-14 years,0-14,105.0,564796.0,18.59
34390,Gonorrhea,280.0,Maryland,2005.0,Female,15-19 years,15-19,1429.0,197367.0,724.03
34391,Gonorrhea,280.0,Maryland,2005.0,Female,20-24 years,20-24,1156.0,182501.0,633.42
34392,Gonorrhea,280.0,Maryland,2005.0,Female,25-29 years,25-29,443.0,171230.0,258.72
34393,Gonorrhea,280.0,Maryland,2005.0,Female,30-34 years,30-34,201.0,187292.0,107.32
34394,Gonorrhea,280.0,Maryland,2005.0,Female,35-39 years,35-39,127.0,214237.0,59.28
34395,Gonorrhea,280.0,Maryland,2005.0,Female,40+ years,40+,147.0,1369653.0,10.73
34396,Gonorrhea,280.0,Maryland,2005.0,Female,Unknown,99,12.0,,
34397,Gonorrhea,280.0,Maryland,2006.0,Female,0-14 years,0-14,111.0,544766.0,20.38
34398,Gonorrhea,280.0,Maryland,2006.0,Female,15-19 years,15-19,1496.0,199260.0,750.78
34399,Gonorrhea,280.0,Maryland,2006.0,Female,20-24 years,20-24,1200.0,184761.0,649.49
34400,Gonorrhea,280.0,Maryland,2006.0,Female,25-29 years,25-29,511.0,187820.0,272.07
34401,Gonorrhea,280.0,Maryland,2006.0,Female,30-34 years,30-34,223.0,185529.0,120.2
34402,Gonorrhea,280.0,Maryland,2006.0,Female,35-39 years,35-39,136.0,212952.0,63.86
34403,Gonorrhea,280.0,Maryland,2006.0,Female,40+ years,40+,164.0,1383785.0,11.85
34404,Gonorrhea,280.0,Maryland,2006.0,Female,Unknown,99,9.0,,
34405,Gonorrhea,280.0,Maryland,2007.0,Female,0-14 years,0-14,80.0,544275.0,14.7
34406,Gonorrhea,280.0,Maryland,2007.0,Female,15-19 years,15-19,1385.0,200244.0,691.66
34407,Gonorrhea,280.0,Maryland,2007.0,Female,20-24 years,20-24,1170.0,187510.0,623.97
34408,Gonorrhea,280.0,Maryland,2007.0,Female,25-29 years,25-29,461.0,186107.0,247.71
34409,Gonorrhea,280.0,Maryland,2007.0,Female,30-34 years,30-34,188.0,179385.0,104.8
34410,Gonorrhea,280.0,Maryland,2007.0,Female,35-39 years,35-39,105.0,207529.0,50.6
34411,Gonorrhea,280.0,Maryland,2007.0,Female,40+ years,40+,126.0,1394704.0,9.03
34412,Gonorrhea,280.0,Maryland,2007.0,Female,Unknown,99,14.0,,
34413,Gonorrhea,280.0,Maryland,2008.0,Female,0-14 years,0-14,103.0,538250.0,19.14
34414,Gonorrhea,280.0,Maryland,2008.0,Female,15-19 years,15-19,1403.0,199714.0,702.5
34415,Gonorrhea,280.0,Maryland,2008.0,Female,20-24 years,20-24,1159.0,186727.0,620.69
34416,Gonorrhea,280.0,Maryland,2008.0,Female,25-29 years,25-29,527.0,189779.0,277.69
34417,Gonorrhea,280.0,Maryland,2008.0,Female,30-34 years,30-34,196.0,179440.0,109.23
34418,Gonorrhea,280.0,Maryland,2008.0,Female,35-39 years,35-39,93.0,201972.0,46.05
34419,Gonorrhea,280.0,Maryland,2008.0,Female,40+ years,40+,117.0,1410392.0,8.3
34420,Gonorrhea,280.0,Maryland,2008.0,Female,Unknown,99,6.0,,
34421,Gonorrhea,280.0,Maryland,2009.0,Female,0-14 years,0-14,79.0,546195.0,14.46
34422,Gonorrhea,280.0,Maryland,2009.0,Female,15-19 years,15-19,1350.0,196289.0,687.76
34423,Gonorrhea,280.0,Maryland,2009.0,Female,20-24 years,20-24,1129.0,188049.0,600.38
34424,Gonorrhea,280.0,Maryland,2009.0,Female,25-29 years,25-29,456.0,195382.0,233.39
34425,Gonorrhea,280.0,Maryland,2009.0,Female,30-34 years,30-34,212.0,183900.0,115.28
34426,Gonorrhea,280.0,Maryland,2009.0,Female,35-39 years,35-39,101.0,195626.0,51.63
34427,Gonorrhea,280.0,Maryland,2009.0,Female,40+ years,40+,121.0,1430231.0,8.46
34428,Gonorrhea,280.0,Maryland,2009.0,Female,Unknown,99,9.0,,
34429,Gonorrhea,280.0,Maryland,2010.0,Female,0-14 years,0-14,71.0,544536.0,13.04
34430,Gonorrhea,280.0,Maryland,2010.0,Female,15-19 years,15-19,1592.0,197992.0,804.07
34431,Gonorrhea,280.0,Maryland,2010.0,Female,20-24 years,20-24,1326.0,193775.0,684.3
34432,Gonorrhea,280.0,Maryland,2010.0,Female,25-29 years,25-29,549.0,199325.0,275.43
34433,Gonorrhea,280.0,Maryland,2010.0,Female,30-34 years,30-34,227.0,189215.0,119.97
34434,Gonorrhea,280.0,Maryland,2010.0,Female,35-39 years,35-39,106.0,195866.0,54.12
34435,Gonorrhea,280.0,Maryland,2010.0,Female,40+ years,40+,142.0,1461081.0,9.72
34436,Gonorrhea,280.0,Maryland,2010.0,Female,Unknown,99,15.0,,
34437,Gonorrhea,280.0,Maryland,2011.0,Female,0-14 years,0-14,70.0,544496.0,12.86
34438,Gonorrhea,280.0,Maryland,2011.0,Female,15-19 years,15-19,1168.0,193890.0,602.4
34439,Gonorrhea,280.0,Maryland,2011.0,Female,20-24 years,20-24,1280.0,196324.0,651.98
34440,Gonorrhea,280.0,Maryland,2011.0,Female,25-29 years,25-29,495.0,202245.0,244.75
34441,Gonorrhea,280.0,Maryland,2011.0,Female,30-34 years,30-34,215.0,195354.0,110.06
34442,Gonorrhea,280.0,Maryland,2011.0,Female,35-39 years,35-39,92.0,188810.0,48.73
34443,Gonorrhea,280.0,Maryland,2011.0,Female,40+ years,40+,127.0,1486596.0,8.54
34444,Gonorrhea,280.0,Maryland,2011.0,Female,Unknown,99,14.0,,
34445,Gonorrhea,280.0,Maryland,2012.0,Female,0-14 years,0-14,60.0,544281.0,11.02
34446,Gonorrhea,280.0,Maryland,2012.0,Female,15-19 years,15-19,974.0,193764.0,502.67
34447,Gonorrhea,280.0,Maryland,2012.0,Female,20-24 years,20-24,1017.0,197454.0,515.06
34448,Gonorrhea,280.0,Maryland,2012.0,Female,25-29 years,25-29,416.0,205418.0,202.51
34449,Gonorrhea,280.0,Maryland,2012.0,Female,30-34 years,30-34,199.0,200929.0,99.04
34450,Gonorrhea,280.0,Maryland,2012.0,Female,35-39 years,35-39,82.0,186881.0,43.88
34451,Gonorrhea,280.0,Maryland,2012.0,Female,40+ years,40+,117.0,1505433.0,7.77
34452,Gonorrhea,280.0,Maryland,2012.0,Female,Unknown,99,13.0,,
34453,Gonorrhea,280.0,Maryland,2013.0,Female,0-14 years,0-14,69.0,546378.0,12.63
34454,Gonorrhea,280.0,Maryland,2013.0,Female,15-19 years,15-19,877.0,190492.0,460.39
34455,Gonorrhea,280.0,Maryland,2013.0,Female,20-24 years,20-24,1056.0,197151.0,535.63
34456,Gonorrhea,280.0,Maryland,2013.0,Female,25-29 years,25-29,425.0,207343.0,204.97
34457,Gonorrhea,280.0,Maryland,2013.0,Female,30-34 years,30-34,187.0,205152.0,91.15
34458,Gonorrhea,280.0,Maryland,2013.0,Female,35-39 years,35-39,95.0,188304.0,50.45
34459,Gonorrhea,280.0,Maryland,2013.0,Female,40+ years,40+,122.0,1519232.0,8.03
34460,Gonorrhea,280.0,Maryland,2013.0,Female,Unknown,99,10.0,,
34461,Gonorrhea,280.0,Maryland,2014.0,Female,0-14 years,0-14,67.0,546378.0,12.26
34462,Gonorrhea,280.0,Maryland,2014.0,Female,15-19 years,15-19,821.0,190492.0,430.99
34463,Gonorrhea,280.0,Maryland,2014.0,Female,20-24 years,20-24,991.0,197151.0,502.66
34464,Gonorrhea,280.0,Maryland,2014.0,Female,25-29 years,25-29,462.0,207343.0,222.82
34465,Gonorrhea,280.0,Maryland,2014.0,Female,30-34 years,30-34,206.0,205152.0,100.41
34466,Gonorrhea,280.0,Maryland,2014.0,Female,35-39 years,35-39,111.0,188304.0,58.95
34467,Gonorrhea,280.0,Maryland,2014.0,Female,40+ years,40+,134.0,1519232.0,8.82
34468,Gonorrhea,280.0,Maryland,2014.0,Female,Unknown,99,1.0,,
34469,Gonorrhea,280.0,Massachusetts,1996.0,Female,0-14 years,0-14,24.0,606410.0,3.96
34470,Gonorrhea,280.0,Massachusetts,1996.0,Female,15-19 years,15-19,414.0,185376.0,223.33
34471,Gonorrhea,280.0,Massachusetts,1996.0,Female,20-24 years,20-24,356.0,199596.0,178.36
34472,Gonorrhea,280.0,Massachusetts,1996.0,Female,25-29 years,25-29,163.0,259862.0,62.73
34473,Gonorrhea,280.0,Massachusetts,1996.0,Female,30-34 years,30-34,81.0,269956.0,30.0
34474,Gonorrhea,280.0,Massachusetts,1996.0,Female,35-39 years,35-39,41.0,269021.0,15.24
34475,Gonorrhea,280.0,Massachusetts,1996.0,Female,40+ years,40+,45.0,1416228.0,3.18
34476,Gonorrhea,280.0,Massachusetts,1996.0,Female,Unknown,99,7.0,,
34477,Gonorrhea,280.0,Massachusetts,1997.0,Female,0-14 years,0-14,27.0,608302.0,4.44
34478,Gonorrhea,280.0,Massachusetts,1997.0,Female,15-19 years,15-19,392.0,191172.0,205.05
34479,Gonorrhea,280.0,Massachusetts,1997.0,Female,20-24 years,20-24,297.0,194357.0,152.81
34480,Gonorrhea,280.0,Massachusetts,1997.0,Female,25-29 years,25-29,157.0,255575.0,61.43
34481,Gonorrhea,280.0,Massachusetts,1997.0,Female,30-34 years,30-34,120.0,264613.0,45.35
34482,Gonorrhea,280.0,Massachusetts,1997.0,Female,35-39 years,35-39,44.0,272124.0,16.17
34483,Gonorrhea,280.0,Massachusetts,1997.0,Female,40+ years,40+,30.0,1443771.0,2.08
34484,Gonorrhea,280.0,Massachusetts,1997.0,Female,Unknown,99,6.0,,
34485,Gonorrhea,280.0,Massachusetts,1998.0,Female,0-14 years,0-14,24.0,612755.0,3.92
34486,Gonorrhea,280.0,Massachusetts,1998.0,Female,15-19 years,15-19,431.0,197255.0,218.5
34487,Gonorrhea,280.0,Massachusetts,1998.0,Female,20-24 years,20-24,351.0,195931.0,179.15
34488,Gonorrhea,280.0,Massachusetts,1998.0,Female,25-29 years,25-29,166.0,244663.0,67.85
34489,Gonorrhea,280.0,Massachusetts,1998.0,Female,30-34 years,30-34,72.0,258610.0,27.84
34490,Gonorrhea,280.0,Massachusetts,1998.0,Female,35-39 years,35-39,51.0,273244.0,18.66
34491,Gonorrhea,280.0,Massachusetts,1998.0,Female,40+ years,40+,36.0,1470941.0,2.45
34492,Gonorrhea,280.0,Massachusetts,1998.0,Female,Unknown,99,24.0,,
34493,Gonorrhea,280.0,Massachusetts,1999.0,Female,0-14 years,0-14,30.0,613384.0,4.89
34494,Gonorrhea,280.0,Massachusetts,1999.0,Female,15-19 years,15-19,438.0,201583.0,217.28
34495,Gonorrhea,280.0,Massachusetts,1999.0,Female,20-24 years,20-24,413.0,201039.0,205.43
34496,Gonorrhea,280.0,Massachusetts,1999.0,Female,25-29 years,25-29,162.0,231390.0,70.01
34497,Gonorrhea,280.0,Massachusetts,1999.0,Female,30-34 years,30-34,88.0,253627.0,34.7
34498,Gonorrhea,280.0,Massachusetts,1999.0,Female,35-39 years,35-39,46.0,274621.0,16.75
34499,Gonorrhea,280.0,Massachusetts,1999.0,Female,40+ years,40+,35.0,1499186.0,2.33
34500,Gonorrhea,280.0,Massachusetts,1999.0,Female,Unknown,99,8.0,,
34501,Gonorrhea,280.0,Massachusetts,2000.0,Female,0-14 years,0-14,22.0,599305.0,3.67
34502,Gonorrhea,280.0,Massachusetts,2000.0,Female,15-19 years,15-19,513.0,203508.0,252.08
34503,Gonorrhea,280.0,Massachusetts,2000.0,Female,20-24 years,20-24,504.0,209134.0,240.99
34504,Gonorrhea,280.0,Massachusetts,2000.0,Female,25-29 years,25-29,211.0,220626.0,95.64
34505,Gonorrhea,280.0,Massachusetts,2000.0,Female,30-34 years,30-34,98.0,252469.0,38.82
34506,Gonorrhea,280.0,Massachusetts,2000.0,Female,35-39 years,35-39,42.0,275514.0,15.24
34507,Gonorrhea,280.0,Massachusetts,2000.0,Female,40+ years,40+,26.0,1536415.0,1.69
34508,Gonorrhea,280.0,Massachusetts,2000.0,Female,Unknown,99,6.0,,
34509,Gonorrhea,280.0,Massachusetts,2001.0,Female,0-14 years,0-14,42.0,599873.0,7.0
34510,Gonorrhea,280.0,Massachusetts,2001.0,Female,15-19 years,15-19,590.0,199876.0,295.18
34511,Gonorrhea,280.0,Massachusetts,2001.0,Female,20-24 years,20-24,521.0,215496.0,241.77
34512,Gonorrhea,280.0,Massachusetts,2001.0,Female,25-29 years,25-29,220.0,215103.0,102.28
34513,Gonorrhea,280.0,Massachusetts,2001.0,Female,30-34 years,30-34,115.0,250423.0,45.92
34514,Gonorrhea,280.0,Massachusetts,2001.0,Female,35-39 years,35-39,59.0,272443.0,21.66
34515,Gonorrhea,280.0,Massachusetts,2001.0,Female,40+ years,40+,44.0,1560971.0,2.82
34516,Gonorrhea,280.0,Massachusetts,2002.0,Female,0-14 years,0-14,47.0,593621.0,7.92
34517,Gonorrhea,280.0,Massachusetts,2002.0,Female,15-19 years,15-19,577.0,199188.0,289.68
34518,Gonorrhea,280.0,Massachusetts,2002.0,Female,20-24 years,20-24,511.0,221032.0,231.19
34519,Gonorrhea,280.0,Massachusetts,2002.0,Female,25-29 years,25-29,208.0,213006.0,97.65
34520,Gonorrhea,280.0,Massachusetts,2002.0,Female,30-34 years,30-34,108.0,247814.0,43.58
34521,Gonorrhea,280.0,Massachusetts,2002.0,Female,35-39 years,35-39,69.0,268081.0,25.74
34522,Gonorrhea,280.0,Massachusetts,2002.0,Female,40+ years,40+,55.0,1582684.0,3.48
34523,Gonorrhea,280.0,Massachusetts,2002.0,Female,Unknown,99,4.0,,
34524,Gonorrhea,280.0,Massachusetts,2003.0,Female,0-14 years,0-14,22.0,602553.0,3.65
34525,Gonorrhea,280.0,Massachusetts,2003.0,Female,15-19 years,15-19,496.0,202185.0,245.32
34526,Gonorrhea,280.0,Massachusetts,2003.0,Female,20-24 years,20-24,446.0,217980.0,204.61
34527,Gonorrhea,280.0,Massachusetts,2003.0,Female,25-29 years,25-29,178.0,211522.0,84.15
34528,Gonorrhea,280.0,Massachusetts,2003.0,Female,30-34 years,30-34,86.0,239393.0,35.92
34529,Gonorrhea,280.0,Massachusetts,2003.0,Female,35-39 years,35-39,54.0,259945.0,20.77
34530,Gonorrhea,280.0,Massachusetts,2003.0,Female,40+ years,40+,52.0,1589366.0,3.27
34531,Gonorrhea,280.0,Massachusetts,2003.0,Female,Unknown,99,8.0,,
34532,Gonorrhea,280.0,Massachusetts,2004.0,Female,0-14 years,0-14,30.0,590623.0,5.08
34533,Gonorrhea,280.0,Massachusetts,2004.0,Female,15-19 years,15-19,487.0,204745.0,237.86
34534,Gonorrhea,280.0,Massachusetts,2004.0,Female,20-24 years,20-24,524.0,215365.0,243.31
34535,Gonorrhea,280.0,Massachusetts,2004.0,Female,25-29 years,25-29,242.0,214224.0,112.97
34536,Gonorrhea,280.0,Massachusetts,2004.0,Female,30-34 years,30-34,108.0,232197.0,46.51
34537,Gonorrhea,280.0,Massachusetts,2004.0,Female,35-39 years,35-39,72.0,252238.0,28.54
34538,Gonorrhea,280.0,Massachusetts,2004.0,Female,40+ years,40+,64.0,1600768.0,4.0
34539,Gonorrhea,280.0,Massachusetts,2004.0,Female,Unknown,99,4.0,,
34540,Gonorrhea,280.0,Massachusetts,2005.0,Female,0-14 years,0-14,29.0,584837.0,4.96
34541,Gonorrhea,280.0,Massachusetts,2005.0,Female,15-19 years,15-19,417.0,207798.0,200.68
34542,Gonorrhea,280.0,Massachusetts,2005.0,Female,20-24 years,20-24,440.0,210462.0,209.06
34543,Gonorrhea,280.0,Massachusetts,2005.0,Female,25-29 years,25-29,206.0,217087.0,94.89
34544,Gonorrhea,280.0,Massachusetts,2005.0,Female,30-34 years,30-34,118.0,222704.0,52.99
34545,Gonorrhea,280.0,Massachusetts,2005.0,Female,35-39 years,35-39,60.0,246377.0,24.35
34546,Gonorrhea,280.0,Massachusetts,2005.0,Female,40+ years,40+,45.0,1608458.0,2.8
34547,Gonorrhea,280.0,Massachusetts,2005.0,Female,Unknown,99,5.0,,
34548,Gonorrhea,280.0,Massachusetts,2006.0,Female,0-14 years,0-14,20.0,580044.0,3.45
34549,Gonorrhea,280.0,Massachusetts,2006.0,Female,15-19 years,15-19,378.0,221338.0,170.78
34550,Gonorrhea,280.0,Massachusetts,2006.0,Female,20-24 years,20-24,385.0,225199.0,170.96
34551,Gonorrhea,280.0,Massachusetts,2006.0,Female,25-29 years,25-29,185.0,207128.0,89.32
34552,Gonorrhea,280.0,Massachusetts,2006.0,Female,30-34 years,30-34,98.0,207614.0,47.2
34553,Gonorrhea,280.0,Massachusetts,2006.0,Female,35-39 years,35-39,79.0,240320.0,32.87
34554,Gonorrhea,280.0,Massachusetts,2006.0,Female,40+ years,40+,68.0,1638345.0,4.15
34555,Gonorrhea,280.0,Massachusetts,2006.0,Female,Unknown,99,1.0,,
34556,Gonorrhea,280.0,Massachusetts,2007.0,Female,0-14 years,0-14,20.0,571108.0,3.5
34557,Gonorrhea,280.0,Massachusetts,2007.0,Female,15-19 years,15-19,393.0,224406.0,175.13
34558,Gonorrhea,280.0,Massachusetts,2007.0,Female,20-24 years,20-24,428.0,227906.0,187.8
34559,Gonorrhea,280.0,Massachusetts,2007.0,Female,25-29 years,25-29,221.0,207846.0,106.33
34560,Gonorrhea,280.0,Massachusetts,2007.0,Female,30-34 years,30-34,88.0,202960.0,43.36
34561,Gonorrhea,280.0,Massachusetts,2007.0,Female,35-39 years,35-39,59.0,235610.0,25.04
34562,Gonorrhea,280.0,Massachusetts,2007.0,Female,40+ years,40+,63.0,1653426.0,3.81
34563,Gonorrhea,280.0,Massachusetts,2007.0,Female,Unknown,99,10.0,,
34564,Gonorrhea,280.0,Massachusetts,2008.0,Female,0-14 years,0-14,13.0,571385.0,2.28
34565,Gonorrhea,280.0,Massachusetts,2008.0,Female,15-19 years,15-19,323.0,228275.0,141.5
34566,Gonorrhea,280.0,Massachusetts,2008.0,Female,20-24 years,20-24,398.0,234290.0,169.88
34567,Gonorrhea,280.0,Massachusetts,2008.0,Female,25-29 years,25-29,181.0,212131.0,85.32
34568,Gonorrhea,280.0,Massachusetts,2008.0,Female,30-34 years,30-34,92.0,201193.0,45.73
34569,Gonorrhea,280.0,Massachusetts,2008.0,Female,35-39 years,35-39,40.0,228610.0,17.5
34570,Gonorrhea,280.0,Massachusetts,2008.0,Female,40+ years,40+,50.0,1668907.0,3.0
34571,Gonorrhea,280.0,Massachusetts,2008.0,Female,Unknown,99,3.0,,
34572,Gonorrhea,280.0,Massachusetts,2009.0,Female,0-14 years,0-14,12.0,575880.0,2.08
34573,Gonorrhea,280.0,Massachusetts,2009.0,Female,15-19 years,15-19,279.0,229058.0,121.8
34574,Gonorrhea,280.0,Massachusetts,2009.0,Female,20-24 years,20-24,373.0,230539.0,161.79
34575,Gonorrhea,280.0,Massachusetts,2009.0,Female,25-29 years,25-29,145.0,216562.0,66.96
34576,Gonorrhea,280.0,Massachusetts,2009.0,Female,30-34 years,30-34,90.0,208118.0,43.24
34577,Gonorrhea,280.0,Massachusetts,2009.0,Female,35-39 years,35-39,21.0,223718.0,9.39
34578,Gonorrhea,280.0,Massachusetts,2009.0,Female,40+ years,40+,51.0,1704729.0,2.99
34579,Gonorrhea,280.0,Massachusetts,2009.0,Female,Unknown,99,5.0,,
34580,Gonorrhea,280.0,Massachusetts,2010.0,Female,0-14 years,0-14,6.0,566816.0,1.06
34581,Gonorrhea,280.0,Massachusetts,2010.0,Female,15-19 years,15-19,260.0,227876.0,114.1
34582,Gonorrhea,280.0,Massachusetts,2010.0,Female,20-24 years,20-24,340.0,239412.0,142.01
34583,Gonorrhea,280.0,Massachusetts,2010.0,Female,25-29 years,25-29,176.0,223270.0,78.83
34584,Gonorrhea,280.0,Massachusetts,2010.0,Female,30-34 years,30-34,89.0,205278.0,43.36
34585,Gonorrhea,280.0,Massachusetts,2010.0,Female,35-39 years,35-39,40.0,214438.0,18.65
34586,Gonorrhea,280.0,Massachusetts,2010.0,Female,40+ years,40+,88.0,1703911.0,5.16
34587,Gonorrhea,280.0,Massachusetts,2010.0,Female,Unknown,99,5.0,,
34588,Gonorrhea,280.0,Massachusetts,2011.0,Female,0-14 years,0-14,9.0,562633.0,1.6
34589,Gonorrhea,280.0,Massachusetts,2011.0,Female,15-19 years,15-19,222.0,226538.0,98.0
34590,Gonorrhea,280.0,Massachusetts,2011.0,Female,20-24 years,20-24,401.0,238375.0,168.22
34591,Gonorrhea,280.0,Massachusetts,2011.0,Female,25-29 years,25-29,206.0,228049.0,90.33
34592,Gonorrhea,280.0,Massachusetts,2011.0,Female,30-34 years,30-34,107.0,210768.0,50.77
34593,Gonorrhea,280.0,Massachusetts,2011.0,Female,35-39 years,35-39,52.0,205481.0,25.31
34594,Gonorrhea,280.0,Massachusetts,2011.0,Female,40+ years,40+,86.0,1726151.0,4.98
34595,Gonorrhea,280.0,Massachusetts,2012.0,Female,0-14 years,0-14,3.0,561801.0,0.53
34596,Gonorrhea,280.0,Massachusetts,2012.0,Female,15-19 years,15-19,205.0,229111.0,89.48
34597,Gonorrhea,280.0,Massachusetts,2012.0,Female,20-24 years,20-24,400.0,237088.0,168.71
34598,Gonorrhea,280.0,Massachusetts,2012.0,Female,25-29 years,25-29,213.0,234332.0,90.9
34599,Gonorrhea,280.0,Massachusetts,2012.0,Female,30-34 years,30-34,109.0,216089.0,50.44
34600,Gonorrhea,280.0,Massachusetts,2012.0,Female,35-39 years,35-39,52.0,202812.0,25.64
34601,Gonorrhea,280.0,Massachusetts,2012.0,Female,40+ years,40+,94.0,1744538.0,5.39
34602,Gonorrhea,280.0,Massachusetts,2013.0,Female,0-14 years,0-14,4.0,559531.0,0.71
34603,Gonorrhea,280.0,Massachusetts,2013.0,Female,15-19 years,15-19,236.0,226727.0,104.09
34604,Gonorrhea,280.0,Massachusetts,2013.0,Female,20-24 years,20-24,463.0,241252.0,191.92
34605,Gonorrhea,280.0,Massachusetts,2013.0,Female,25-29 years,25-29,216.0,238505.0,90.56
34606,Gonorrhea,280.0,Massachusetts,2013.0,Female,30-34 years,30-34,121.0,221759.0,54.56
34607,Gonorrhea,280.0,Massachusetts,2013.0,Female,35-39 years,35-39,46.0,202620.0,22.7
34608,Gonorrhea,280.0,Massachusetts,2013.0,Female,40+ years,40+,82.0,1757614.0,4.67
34609,Gonorrhea,280.0,Massachusetts,2014.0,Female,0-14 years,0-14,10.0,559531.0,1.79
34610,Gonorrhea,280.0,Massachusetts,2014.0,Female,15-19 years,15-19,240.0,226727.0,105.85
34611,Gonorrhea,280.0,Massachusetts,2014.0,Female,20-24 years,20-24,446.0,241252.0,184.87
34612,Gonorrhea,280.0,Massachusetts,2014.0,Female,25-29 years,25-29,248.0,238505.0,103.98
34613,Gonorrhea,280.0,Massachusetts,2014.0,Female,30-34 years,30-34,121.0,221759.0,54.56
34614,Gonorrhea,280.0,Massachusetts,2014.0,Female,35-39 years,35-39,66.0,202620.0,32.57
34615,Gonorrhea,280.0,Massachusetts,2014.0,Female,40+ years,40+,82.0,1757614.0,4.67
34616,Gonorrhea,280.0,Massachusetts,2014.0,Female,Unknown,99,2.0,,
34617,Gonorrhea,280.0,Michigan,1996.0,Female,0-14 years,0-14,195.0,1044646.0,18.67
34618,Gonorrhea,280.0,Michigan,1996.0,Female,15-19 years,15-19,2914.0,342511.0,850.78
34619,Gonorrhea,280.0,Michigan,1996.0,Female,20-24 years,20-24,2493.0,322729.0,772.48
34620,Gonorrhea,280.0,Michigan,1996.0,Female,25-29 years,25-29,1104.0,350059.0,315.38
34621,Gonorrhea,280.0,Michigan,1996.0,Female,30-34 years,30-34,446.0,382740.0,116.53
34622,Gonorrhea,280.0,Michigan,1996.0,Female,35-39 years,35-39,261.0,416506.0,62.66
34623,Gonorrhea,280.0,Michigan,1996.0,Female,40+ years,40+,164.0,2131181.0,7.7
34624,Gonorrhea,280.0,Michigan,1996.0,Female,Unknown,99,277.0,,
34625,Gonorrhea,280.0,Michigan,1997.0,Female,0-14 years,0-14,225.0,1047831.0,21.47
34626,Gonorrhea,280.0,Michigan,1997.0,Female,15-19 years,15-19,3093.0,347519.0,890.02
34627,Gonorrhea,280.0,Michigan,1997.0,Female,20-24 years,20-24,2406.0,316972.0,759.06
34628,Gonorrhea,280.0,Michigan,1997.0,Female,25-29 years,25-29,1071.0,347642.0,308.08
34629,Gonorrhea,280.0,Michigan,1997.0,Female,30-34 years,30-34,490.0,371638.0,131.85
34630,Gonorrhea,280.0,Michigan,1997.0,Female,35-39 years,35-39,253.0,412211.0,61.38
34631,Gonorrhea,280.0,Michigan,1997.0,Female,40+ years,40+,164.0,2167939.0,7.56
34632,Gonorrhea,280.0,Michigan,1997.0,Female,Unknown,99,267.0,,
34633,Gonorrhea,280.0,Michigan,1998.0,Female,0-14 years,0-14,266.0,1050263.0,25.33
34634,Gonorrhea,280.0,Michigan,1998.0,Female,15-19 years,15-19,3138.0,350958.0,894.12
34635,Gonorrhea,280.0,Michigan,1998.0,Female,20-24 years,20-24,2453.0,314987.0,778.76
34636,Gonorrhea,280.0,Michigan,1998.0,Female,25-29 years,25-29,1170.0,342146.0,341.96
34637,Gonorrhea,280.0,Michigan,1998.0,Female,30-34 years,30-34,512.0,361479.0,141.64
34638,Gonorrhea,280.0,Michigan,1998.0,Female,35-39 years,35-39,266.0,405991.0,65.52
34639,Gonorrhea,280.0,Michigan,1998.0,Female,40+ years,40+,196.0,2202235.0,8.9
34640,Gonorrhea,280.0,Michigan,1998.0,Female,Unknown,99,264.0,,
34641,Gonorrhea,280.0,Michigan,1999.0,Female,0-14 years,0-14,264.0,1053798.0,25.05
34642,Gonorrhea,280.0,Michigan,1999.0,Female,15-19 years,15-19,2786.0,351020.0,793.69
34643,Gonorrhea,280.0,Michigan,1999.0,Female,20-24 years,20-24,2315.0,316615.0,731.17
34644,Gonorrhea,280.0,Michigan,1999.0,Female,25-29 years,25-29,1118.0,334124.0,334.61
34645,Gonorrhea,280.0,Michigan,1999.0,Female,30-34 years,30-34,575.0,354483.0,162.21
34646,Gonorrhea,280.0,Michigan,1999.0,Female,35-39 years,35-39,330.0,400760.0,82.34
34647,Gonorrhea,280.0,Michigan,1999.0,Female,40+ years,40+,241.0,2236970.0,10.77
34648,Gonorrhea,280.0,Michigan,1999.0,Female,Unknown,99,142.0,,
34649,Gonorrhea,280.0,Michigan,2000.0,Female,0-14 years,0-14,263.0,1045609.0,25.15
34650,Gonorrhea,280.0,Michigan,2000.0,Female,15-19 years,15-19,3235.0,350542.0,922.86
34651,Gonorrhea,280.0,Michigan,2000.0,Female,20-24 years,20-24,2887.0,323202.0,893.25
34652,Gonorrhea,280.0,Michigan,2000.0,Female,25-29 years,25-29,1393.0,324255.0,429.6
34653,Gonorrhea,280.0,Michigan,2000.0,Female,30-34 years,30-34,634.0,355204.0,178.49
34654,Gonorrhea,280.0,Michigan,2000.0,Female,35-39 years,35-39,326.0,394834.0,82.57
34655,Gonorrhea,280.0,Michigan,2000.0,Female,40+ years,40+,262.0,2280038.0,11.49
34656,Gonorrhea,280.0,Michigan,2000.0,Female,Unknown,99,190.0,,
34657,Gonorrhea,280.0,Michigan,2001.0,Female,0-14 years,0-14,267.0,1042327.0,25.62
34658,Gonorrhea,280.0,Michigan,2001.0,Female,15-19 years,15-19,3142.0,350911.0,895.38
34659,Gonorrhea,280.0,Michigan,2001.0,Female,20-24 years,20-24,3035.0,332658.0,912.35
34660,Gonorrhea,280.0,Michigan,2001.0,Female,25-29 years,25-29,1249.0,313169.0,398.83
34661,Gonorrhea,280.0,Michigan,2001.0,Female,30-34 years,30-34,633.0,356348.0,177.63
34662,Gonorrhea,280.0,Michigan,2001.0,Female,35-39 years,35-39,321.0,386682.0,83.01
34663,Gonorrhea,280.0,Michigan,2001.0,Female,40+ years,40+,271.0,2314382.0,11.71
34664,Gonorrhea,280.0,Michigan,2001.0,Female,Unknown,99,139.0,,
34665,Gonorrhea,280.0,Michigan,2002.0,Female,0-14 years,0-14,201.0,1038844.0,19.35
34666,Gonorrhea,280.0,Michigan,2002.0,Female,15-19 years,15-19,2825.0,352342.0,801.78
34667,Gonorrhea,280.0,Michigan,2002.0,Female,20-24 years,20-24,2601.0,340473.0,763.94
34668,Gonorrhea,280.0,Michigan,2002.0,Female,25-29 years,25-29,1140.0,306114.0,372.41
34669,Gonorrhea,280.0,Michigan,2002.0,Female,30-34 years,30-34,559.0,355248.0,157.35
34670,Gonorrhea,280.0,Michigan,2002.0,Female,35-39 years,35-39,309.0,377997.0,81.75
34671,Gonorrhea,280.0,Michigan,2002.0,Female,40+ years,40+,241.0,2345205.0,10.28
34672,Gonorrhea,280.0,Michigan,2002.0,Female,Unknown,99,98.0,,
34673,Gonorrhea,280.0,Michigan,2003.0,Female,0-14 years,0-14,244.0,1023254.0,23.85
34674,Gonorrhea,280.0,Michigan,2003.0,Female,15-19 years,15-19,2885.0,354931.0,812.83
34675,Gonorrhea,280.0,Michigan,2003.0,Female,20-24 years,20-24,2378.0,347113.0,685.08
34676,Gonorrhea,280.0,Michigan,2003.0,Female,25-29 years,25-29,1130.0,306017.0,369.26
34677,Gonorrhea,280.0,Michigan,2003.0,Female,30-34 years,30-34,558.0,345971.0,161.28
34678,Gonorrhea,280.0,Michigan,2003.0,Female,35-39 years,35-39,302.0,367735.0,82.12
34679,Gonorrhea,280.0,Michigan,2003.0,Female,40+ years,40+,229.0,2383153.0,9.61
34680,Gonorrhea,280.0,Michigan,2003.0,Female,Unknown,99,97.0,,
34681,Gonorrhea,280.0,Michigan,2004.0,Female,0-14 years,0-14,240.0,1018658.0,23.56
34682,Gonorrhea,280.0,Michigan,2004.0,Female,15-19 years,15-19,3316.0,358671.0,924.52
34683,Gonorrhea,280.0,Michigan,2004.0,Female,20-24 years,20-24,2954.0,346875.0,851.6
34684,Gonorrhea,280.0,Michigan,2004.0,Female,25-29 years,25-29,1443.0,310564.0,464.64
34685,Gonorrhea,280.0,Michigan,2004.0,Female,30-34 years,30-34,755.0,337229.0,223.88
34686,Gonorrhea,280.0,Michigan,2004.0,Female,35-39 years,35-39,426.0,358503.0,118.83
34687,Gonorrhea,280.0,Michigan,2004.0,Female,40+ years,40+,372.0,2413457.0,15.41
34688,Gonorrhea,280.0,Michigan,2004.0,Female,Unknown,99,108.0,,
34689,Gonorrhea,280.0,Michigan,2005.0,Female,0-14 years,0-14,244.0,1007859.0,24.21
34690,Gonorrhea,280.0,Michigan,2005.0,Female,15-19 years,15-19,3739.0,363674.0,1028.12
34691,Gonorrhea,280.0,Michigan,2005.0,Female,20-24 years,20-24,3175.0,344141.0,922.59
34692,Gonorrhea,280.0,Michigan,2005.0,Female,25-29 years,25-29,1444.0,316496.0,456.25
34693,Gonorrhea,280.0,Michigan,2005.0,Female,30-34 years,30-34,753.0,324323.0,232.18
34694,Gonorrhea,280.0,Michigan,2005.0,Female,35-39 years,35-39,409.0,354307.0,115.44
34695,Gonorrhea,280.0,Michigan,2005.0,Female,40+ years,40+,353.0,2434343.0,14.5
34696,Gonorrhea,280.0,Michigan,2005.0,Female,Unknown,99,44.0,,
34697,Gonorrhea,280.0,Michigan,2006.0,Female,0-14 years,0-14,214.0,985681.0,21.71
34698,Gonorrhea,280.0,Michigan,2006.0,Female,15-19 years,15-19,3315.0,364526.0,909.4
34699,Gonorrhea,280.0,Michigan,2006.0,Female,20-24 years,20-24,2730.0,338805.0,805.77
34700,Gonorrhea,280.0,Michigan,2006.0,Female,25-29 years,25-29,1284.0,318565.0,403.06
34701,Gonorrhea,280.0,Michigan,2006.0,Female,30-34 years,30-34,638.0,310227.0,205.66
34702,Gonorrhea,280.0,Michigan,2006.0,Female,35-39 years,35-39,360.0,351572.0,102.4
34703,Gonorrhea,280.0,Michigan,2006.0,Female,40+ years,40+,343.0,2456575.0,13.96
34704,Gonorrhea,280.0,Michigan,2006.0,Female,Unknown,99,16.0,,
34705,Gonorrhea,280.0,Michigan,2007.0,Female,0-14 years,0-14,200.0,969558.0,20.63
34706,Gonorrhea,280.0,Michigan,2007.0,Female,15-19 years,15-19,3593.0,365632.0,982.68
34707,Gonorrhea,280.0,Michigan,2007.0,Female,20-24 years,20-24,2663.0,336288.0,791.88
34708,Gonorrhea,280.0,Michigan,2007.0,Female,25-29 years,25-29,1291.0,324529.0,397.81
34709,Gonorrhea,280.0,Michigan,2007.0,Female,30-34 years,30-34,594.0,298345.0,199.1
34710,Gonorrhea,280.0,Michigan,2007.0,Female,35-39 years,35-39,335.0,345639.0,96.92
34711,Gonorrhea,280.0,Michigan,2007.0,Female,40+ years,40+,285.0,2472101.0,11.53
34712,Gonorrhea,280.0,Michigan,2007.0,Female,Unknown,99,23.0,,
34713,Gonorrhea,280.0,Michigan,2008.0,Female,0-14 years,0-14,201.0,950221.0,21.15
34714,Gonorrhea,280.0,Michigan,2008.0,Female,15-19 years,15-19,4129.0,361443.0,1142.37
34715,Gonorrhea,280.0,Michigan,2008.0,Female,20-24 years,20-24,3060.0,334096.0,915.9
34716,Gonorrhea,280.0,Michigan,2008.0,Female,25-29 years,25-29,1324.0,320993.0,412.47
34717,Gonorrhea,280.0,Michigan,2008.0,Female,30-34 years,30-34,650.0,293596.0,221.39
34718,Gonorrhea,280.0,Michigan,2008.0,Female,35-39 years,35-39,338.0,335620.0,100.71
34719,Gonorrhea,280.0,Michigan,2008.0,Female,40+ years,40+,325.0,2483524.0,13.09
34720,Gonorrhea,280.0,Michigan,2008.0,Female,Unknown,99,20.0,,
34721,Gonorrhea,280.0,Michigan,2009.0,Female,0-14 years,0-14,130.0,937296.0,13.87
34722,Gonorrhea,280.0,Michigan,2009.0,Female,15-19 years,15-19,3467.0,358320.0,967.57
34723,Gonorrhea,280.0,Michigan,2009.0,Female,20-24 years,20-24,2730.0,340943.0,800.72
34724,Gonorrhea,280.0,Michigan,2009.0,Female,25-29 years,25-29,1050.0,306515.0,342.56
34725,Gonorrhea,280.0,Michigan,2009.0,Female,30-34 years,30-34,562.0,287548.0,195.45
34726,Gonorrhea,280.0,Michigan,2009.0,Female,35-39 years,35-39,296.0,324262.0,91.28
34727,Gonorrhea,280.0,Michigan,2009.0,Female,40+ years,40+,287.0,2511989.0,11.43
34728,Gonorrhea,280.0,Michigan,2009.0,Female,Unknown,99,14.0,,
34729,Gonorrhea,280.0,Michigan,2010.0,Female,0-14 years,0-14,144.0,932996.0,15.43
34730,Gonorrhea,280.0,Michigan,2010.0,Female,15-19 years,15-19,3115.0,360122.0,864.99
34731,Gonorrhea,280.0,Michigan,2010.0,Female,20-24 years,20-24,2714.0,330503.0,821.17
34732,Gonorrhea,280.0,Michigan,2010.0,Female,25-29 years,25-29,1002.0,294260.0,340.51
34733,Gonorrhea,280.0,Michigan,2010.0,Female,30-34 years,30-34,479.0,289056.0,165.71
34734,Gonorrhea,280.0,Michigan,2010.0,Female,35-39 years,35-39,242.0,309591.0,78.17
34735,Gonorrhea,280.0,Michigan,2010.0,Female,40+ years,40+,268.0,2518998.0,10.64
34736,Gonorrhea,280.0,Michigan,2010.0,Female,Unknown,99,7.0,,
34737,Gonorrhea,280.0,Michigan,2011.0,Female,0-14 years,0-14,122.0,916527.0,13.31
34738,Gonorrhea,280.0,Michigan,2011.0,Female,15-19 years,15-19,2993.0,347674.0,860.86
34739,Gonorrhea,280.0,Michigan,2011.0,Female,20-24 years,20-24,2578.0,344948.0,747.36
34740,Gonorrhea,280.0,Michigan,2011.0,Female,25-29 years,25-29,984.0,291922.0,337.08
34741,Gonorrhea,280.0,Michigan,2011.0,Female,30-34 years,30-34,419.0,293412.0,142.8
34742,Gonorrhea,280.0,Michigan,2011.0,Female,35-39 years,35-39,236.0,293192.0,80.49
34743,Gonorrhea,280.0,Michigan,2011.0,Female,40+ years,40+,251.0,2542567.0,9.87
34744,Gonorrhea,280.0,Michigan,2011.0,Female,Unknown,99,16.0,,
34745,Gonorrhea,280.0,Michigan,2012.0,Female,0-14 years,0-14,145.0,906192.0,16.0
34746,Gonorrhea,280.0,Michigan,2012.0,Female,15-19 years,15-19,2414.0,339032.0,712.03
34747,Gonorrhea,280.0,Michigan,2012.0,Female,20-24 years,20-24,2683.0,352366.0,761.42
34748,Gonorrhea,280.0,Michigan,2012.0,Female,25-29 years,25-29,1033.0,292345.0,353.35
34749,Gonorrhea,280.0,Michigan,2012.0,Female,30-34 years,30-34,443.0,296689.0,149.31
34750,Gonorrhea,280.0,Michigan,2012.0,Female,35-39 years,35-39,209.0,286205.0,73.02
34751,Gonorrhea,280.0,Michigan,2012.0,Female,40+ years,40+,262.0,2560020.0,10.23
34752,Gonorrhea,280.0,Michigan,2012.0,Female,Unknown,99,5.0,,
34753,Gonorrhea,280.0,Michigan,2013.0,Female,0-14 years,0-14,87.0,898116.0,9.69
34754,Gonorrhea,280.0,Michigan,2013.0,Female,15-19 years,15-19,1863.0,334128.0,557.57
34755,Gonorrhea,280.0,Michigan,2013.0,Female,20-24 years,20-24,2270.0,357821.0,634.39
34756,Gonorrhea,280.0,Michigan,2013.0,Female,25-29 years,25-29,865.0,294348.0,293.87
34757,Gonorrhea,280.0,Michigan,2013.0,Female,30-34 years,30-34,358.0,297349.0,120.4
34758,Gonorrhea,280.0,Michigan,2013.0,Female,35-39 years,35-39,195.0,283538.0,68.77
34759,Gonorrhea,280.0,Michigan,2013.0,Female,40+ years,40+,220.0,2571038.0,8.56
34760,Gonorrhea,280.0,Michigan,2013.0,Female,Unknown,99,7.0,,
34761,Gonorrhea,280.0,Michigan,2014.0,Female,0-14 years,0-14,96.0,898116.0,10.69
34762,Gonorrhea,280.0,Michigan,2014.0,Female,15-19 years,15-19,1525.0,334128.0,456.41
34763,Gonorrhea,280.0,Michigan,2014.0,Female,20-24 years,20-24,2047.0,357821.0,572.07
34764,Gonorrhea,280.0,Michigan,2014.0,Female,25-29 years,25-29,790.0,294348.0,268.39
34765,Gonorrhea,280.0,Michigan,2014.0,Female,30-34 years,30-34,297.0,297349.0,99.88
34766,Gonorrhea,280.0,Michigan,2014.0,Female,35-39 years,35-39,188.0,283538.0,66.31
34767,Gonorrhea,280.0,Michigan,2014.0,Female,40+ years,40+,175.0,2571038.0,6.81
34768,Gonorrhea,280.0,Michigan,2014.0,Female,Unknown,99,11.0,,
34769,Gonorrhea,280.0,Minnesota,1996.0,Female,0-14 years,0-14,38.0,506380.0,7.5
34770,Gonorrhea,280.0,Minnesota,1996.0,Female,15-19 years,15-19,554.0,167924.0,329.91
34771,Gonorrhea,280.0,Minnesota,1996.0,Female,20-24 years,20-24,407.0,143914.0,282.81
34772,Gonorrhea,280.0,Minnesota,1996.0,Female,25-29 years,25-29,184.0,163105.0,112.81
34773,Gonorrhea,280.0,Minnesota,1996.0,Female,30-34 years,30-34,105.0,195793.0,53.63
34774,Gonorrhea,280.0,Minnesota,1996.0,Female,35-39 years,35-39,54.0,208954.0,25.84
34775,Gonorrhea,280.0,Minnesota,1996.0,Female,40+ years,40+,41.0,1002359.0,4.09
34776,Gonorrhea,280.0,Minnesota,1997.0,Female,0-14 years,0-14,41.0,508371.0,8.06
34777,Gonorrhea,280.0,Minnesota,1997.0,Female,15-19 years,15-19,528.0,173973.0,303.5
34778,Gonorrhea,280.0,Minnesota,1997.0,Female,20-24 years,20-24,388.0,145307.0,267.02
34779,Gonorrhea,280.0,Minnesota,1997.0,Female,25-29 years,25-29,200.0,161777.0,123.63
34780,Gonorrhea,280.0,Minnesota,1997.0,Female,30-34 years,30-34,84.0,188233.0,44.63
34781,Gonorrhea,280.0,Minnesota,1997.0,Female,35-39 years,35-39,40.0,210071.0,19.04
34782,Gonorrhea,280.0,Minnesota,1997.0,Female,40+ years,40+,35.0,1024533.0,3.42
34783,Gonorrhea,280.0,Minnesota,1998.0,Female,0-14 years,0-14,52.0,512343.0,10.15
34784,Gonorrhea,280.0,Minnesota,1998.0,Female,15-19 years,15-19,608.0,178893.0,339.87
34785,Gonorrhea,280.0,Minnesota,1998.0,Female,20-24 years,20-24,419.0,148560.0,282.04
34786,Gonorrhea,280.0,Minnesota,1998.0,Female,25-29 years,25-29,193.0,160060.0,120.58
34787,Gonorrhea,280.0,Minnesota,1998.0,Female,30-34 years,30-34,92.0,180658.0,50.92
34788,Gonorrhea,280.0,Minnesota,1998.0,Female,35-39 years,35-39,59.0,209099.0,28.22
34789,Gonorrhea,280.0,Minnesota,1998.0,Female,40+ years,40+,20.0,1046401.0,1.91
34790,Gonorrhea,280.0,Minnesota,1999.0,Female,0-14 years,0-14,37.0,515413.0,7.18
34791,Gonorrhea,280.0,Minnesota,1999.0,Female,15-19 years,15-19,650.0,181500.0,358.13
34792,Gonorrhea,280.0,Minnesota,1999.0,Female,20-24 years,20-24,454.0,154109.0,294.6
34793,Gonorrhea,280.0,Minnesota,1999.0,Female,25-29 years,25-29,203.0,158344.0,128.2
34794,Gonorrhea,280.0,Minnesota,1999.0,Female,30-34 years,30-34,70.0,175948.0,39.78
34795,Gonorrhea,280.0,Minnesota,1999.0,Female,35-39 years,35-39,54.0,207444.0,26.03
34796,Gonorrhea,280.0,Minnesota,1999.0,Female,40+ years,40+,27.0,1070173.0,2.52
34797,Gonorrhea,280.0,Minnesota,2000.0,Female,0-14 years,0-14,43.0,510166.0,8.43
34798,Gonorrhea,280.0,Minnesota,2000.0,Female,15-19 years,15-19,636.0,182859.0,347.81
34799,Gonorrhea,280.0,Minnesota,2000.0,Female,20-24 years,20-24,526.0,160794.0,327.13
34800,Gonorrhea,280.0,Minnesota,2000.0,Female,25-29 years,25-29,246.0,157329.0,156.36
34801,Gonorrhea,280.0,Minnesota,2000.0,Female,30-34 years,30-34,106.0,176129.0,60.18
34802,Gonorrhea,280.0,Minnesota,2000.0,Female,35-39 years,35-39,68.0,204090.0,33.32
34803,Gonorrhea,280.0,Minnesota,2000.0,Female,40+ years,40+,56.0,1099641.0,5.09
34804,Gonorrhea,280.0,Minnesota,2001.0,Female,0-14 years,0-14,35.0,505540.0,6.92
34805,Gonorrhea,280.0,Minnesota,2001.0,Female,15-19 years,15-19,581.0,184689.0,314.58
34806,Gonorrhea,280.0,Minnesota,2001.0,Female,20-24 years,20-24,452.0,167164.0,270.39
34807,Gonorrhea,280.0,Minnesota,2001.0,Female,25-29 years,25-29,200.0,154999.0,129.03
34808,Gonorrhea,280.0,Minnesota,2001.0,Female,30-34 years,30-34,94.0,176619.0,53.22
34809,Gonorrhea,280.0,Minnesota,2001.0,Female,35-39 years,35-39,54.0,199712.0,27.04
34810,Gonorrhea,280.0,Minnesota,2001.0,Female,40+ years,40+,45.0,1126586.0,3.99
34811,Gonorrhea,280.0,Minnesota,2002.0,Female,0-14 years,0-14,43.0,499599.0,8.61
34812,Gonorrhea,280.0,Minnesota,2002.0,Female,15-19 years,15-19,558.0,184726.0,302.07
34813,Gonorrhea,280.0,Minnesota,2002.0,Female,20-24 years,20-24,573.0,174684.0,328.02
34814,Gonorrhea,280.0,Minnesota,2002.0,Female,25-29 years,25-29,248.0,155120.0,159.88
34815,Gonorrhea,280.0,Minnesota,2002.0,Female,30-34 years,30-34,134.0,176186.0,76.06
34816,Gonorrhea,280.0,Minnesota,2002.0,Female,35-39 years,35-39,59.0,193704.0,30.46
34817,Gonorrhea,280.0,Minnesota,2002.0,Female,40+ years,40+,73.0,1148329.0,6.36
34818,Gonorrhea,280.0,Minnesota,2003.0,Female,0-14 years,0-14,51.0,499107.0,10.22
34819,Gonorrhea,280.0,Minnesota,2003.0,Female,15-19 years,15-19,559.0,183820.0,304.1
34820,Gonorrhea,280.0,Minnesota,2003.0,Female,20-24 years,20-24,634.0,180194.0,351.84
34821,Gonorrhea,280.0,Minnesota,2003.0,Female,25-29 years,25-29,272.0,158178.0,171.96
34822,Gonorrhea,280.0,Minnesota,2003.0,Female,30-34 years,30-34,122.0,173120.0,70.47
34823,Gonorrhea,280.0,Minnesota,2003.0,Female,35-39 years,35-39,70.0,186825.0,37.47
34824,Gonorrhea,280.0,Minnesota,2003.0,Female,40+ years,40+,76.0,1168999.0,6.5
34825,Gonorrhea,280.0,Minnesota,2004.0,Female,0-14 years,0-14,33.0,495383.0,6.66
34826,Gonorrhea,280.0,Minnesota,2004.0,Female,15-19 years,15-19,562.0,184146.0,305.19
34827,Gonorrhea,280.0,Minnesota,2004.0,Female,20-24 years,20-24,582.0,184724.0,315.06
34828,Gonorrhea,280.0,Minnesota,2004.0,Female,25-29 years,25-29,270.0,162671.0,165.98
34829,Gonorrhea,280.0,Minnesota,2004.0,Female,30-34 years,30-34,120.0,170497.0,70.38
34830,Gonorrhea,280.0,Minnesota,2004.0,Female,35-39 years,35-39,68.0,183002.0,37.16
34831,Gonorrhea,280.0,Minnesota,2004.0,Female,40+ years,40+,77.0,1188617.0,6.48
34832,Gonorrhea,280.0,Minnesota,2005.0,Female,0-14 years,0-14,28.0,489561.0,5.72
34833,Gonorrhea,280.0,Minnesota,2005.0,Female,15-19 years,15-19,615.0,183279.0,335.55
34834,Gonorrhea,280.0,Minnesota,2005.0,Female,20-24 years,20-24,616.0,187503.0,328.53
34835,Gonorrhea,280.0,Minnesota,2005.0,Female,25-29 years,25-29,324.0,168011.0,192.84
34836,Gonorrhea,280.0,Minnesota,2005.0,Female,30-34 years,30-34,151.0,167246.0,90.29
34837,Gonorrhea,280.0,Minnesota,2005.0,Female,35-39 years,35-39,68.0,181075.0,37.55
34838,Gonorrhea,280.0,Minnesota,2005.0,Female,40+ years,40+,107.0,1207732.0,8.86
34839,Gonorrhea,280.0,Minnesota,2006.0,Female,0-14 years,0-14,34.0,503063.0,6.76
34840,Gonorrhea,280.0,Minnesota,2006.0,Female,15-19 years,15-19,599.0,182605.0,328.03
34841,Gonorrhea,280.0,Minnesota,2006.0,Female,20-24 years,20-24,631.0,183278.0,344.29
34842,Gonorrhea,280.0,Minnesota,2006.0,Female,25-29 years,25-29,283.0,168940.0,167.51
34843,Gonorrhea,280.0,Minnesota,2006.0,Female,30-34 years,30-34,117.0,159832.0,73.2
34844,Gonorrhea,280.0,Minnesota,2006.0,Female,35-39 years,35-39,69.0,176831.0,39.02
34845,Gonorrhea,280.0,Minnesota,2006.0,Female,40+ years,40+,81.0,1223683.0,6.62
34846,Gonorrhea,280.0,Minnesota,2007.0,Female,0-14 years,0-14,30.0,504997.0,5.94
34847,Gonorrhea,280.0,Minnesota,2007.0,Female,15-19 years,15-19,632.0,181890.0,347.46
34848,Gonorrhea,280.0,Minnesota,2007.0,Female,20-24 years,20-24,653.0,177442.0,368.01
34849,Gonorrhea,280.0,Minnesota,2007.0,Female,25-29 years,25-29,326.0,173136.0,188.29
34850,Gonorrhea,280.0,Minnesota,2007.0,Female,30-34 years,30-34,151.0,159597.0,94.61
34851,Gonorrhea,280.0,Minnesota,2007.0,Female,35-39 years,35-39,72.0,174293.0,41.31
34852,Gonorrhea,280.0,Minnesota,2007.0,Female,40+ years,40+,66.0,1238008.0,5.33
34853,Gonorrhea,280.0,Minnesota,2008.0,Female,0-14 years,0-14,21.0,505661.0,4.15
34854,Gonorrhea,280.0,Minnesota,2008.0,Female,15-19 years,15-19,566.0,179648.0,315.06
34855,Gonorrhea,280.0,Minnesota,2008.0,Female,20-24 years,20-24,584.0,177237.0,329.5
34856,Gonorrhea,280.0,Minnesota,2008.0,Female,25-29 years,25-29,251.0,176210.0,142.44
34857,Gonorrhea,280.0,Minnesota,2008.0,Female,30-34 years,30-34,124.0,160553.0,77.23
34858,Gonorrhea,280.0,Minnesota,2008.0,Female,35-39 years,35-39,53.0,170024.0,31.17
34859,Gonorrhea,280.0,Minnesota,2008.0,Female,40+ years,40+,58.0,1251161.0,4.64
34860,Gonorrhea,280.0,Minnesota,2009.0,Female,0-14 years,0-14,19.0,511283.0,3.72
34861,Gonorrhea,280.0,Minnesota,2009.0,Female,15-19 years,15-19,427.0,180690.0,236.32
34862,Gonorrhea,280.0,Minnesota,2009.0,Female,20-24 years,20-24,450.0,184988.0,243.26
34863,Gonorrhea,280.0,Minnesota,2009.0,Female,25-29 years,25-29,214.0,179618.0,119.14
34864,Gonorrhea,280.0,Minnesota,2009.0,Female,30-34 years,30-34,97.0,159009.0,61.0
34865,Gonorrhea,280.0,Minnesota,2009.0,Female,35-39 years,35-39,28.0,164204.0,17.05
34866,Gonorrhea,280.0,Minnesota,2009.0,Female,40+ years,40+,35.0,1265852.0,2.76
34867,Gonorrhea,280.0,Minnesota,2010.0,Female,0-14 years,0-14,17.0,520070.0,3.27
34868,Gonorrhea,280.0,Minnesota,2010.0,Female,15-19 years,15-19,451.0,179235.0,251.62
34869,Gonorrhea,280.0,Minnesota,2010.0,Female,20-24 years,20-24,466.0,174926.0,266.4
34870,Gonorrhea,280.0,Minnesota,2010.0,Female,25-29 years,25-29,182.0,185124.0,98.31
34871,Gonorrhea,280.0,Minnesota,2010.0,Female,30-34 years,30-34,64.0,168351.0,38.02
34872,Gonorrhea,280.0,Minnesota,2010.0,Female,35-39 years,35-39,35.0,162375.0,21.55
34873,Gonorrhea,280.0,Minnesota,2010.0,Female,40+ years,40+,33.0,1281712.0,2.57
34874,Gonorrhea,280.0,Minnesota,2011.0,Female,0-14 years,0-14,19.0,518937.0,3.66
34875,Gonorrhea,280.0,Minnesota,2011.0,Female,15-19 years,15-19,428.0,179377.0,238.6
34876,Gonorrhea,280.0,Minnesota,2011.0,Female,20-24 years,20-24,486.0,172457.0,281.81
34877,Gonorrhea,280.0,Minnesota,2011.0,Female,25-29 years,25-29,186.0,184947.0,100.57
34878,Gonorrhea,280.0,Minnesota,2011.0,Female,30-34 years,30-34,76.0,175431.0,43.32
34879,Gonorrhea,280.0,Minnesota,2011.0,Female,35-39 years,35-39,54.0,157272.0,34.34
34880,Gonorrhea,280.0,Minnesota,2011.0,Female,40+ years,40+,45.0,1301537.0,3.46
34881,Gonorrhea,280.0,Minnesota,2012.0,Female,0-14 years,0-14,32.0,519307.0,6.16
34882,Gonorrhea,280.0,Minnesota,2012.0,Female,15-19 years,15-19,578.0,177697.0,325.27
34883,Gonorrhea,280.0,Minnesota,2012.0,Female,20-24 years,20-24,614.0,174684.0,351.49
34884,Gonorrhea,280.0,Minnesota,2012.0,Female,25-29 years,25-29,241.0,182743.0,131.88
34885,Gonorrhea,280.0,Minnesota,2012.0,Female,30-34 years,30-34,111.0,181287.0,61.23
34886,Gonorrhea,280.0,Minnesota,2012.0,Female,35-39 years,35-39,57.0,157309.0,36.23
34887,Gonorrhea,280.0,Minnesota,2012.0,Female,40+ years,40+,43.0,1313943.0,3.27
34888,Gonorrhea,280.0,Minnesota,2013.0,Female,0-14 years,0-14,32.0,521297.0,6.14
34889,Gonorrhea,280.0,Minnesota,2013.0,Female,15-19 years,15-19,696.0,175783.0,395.94
34890,Gonorrhea,280.0,Minnesota,2013.0,Female,20-24 years,20-24,725.0,177718.0,407.95
34891,Gonorrhea,280.0,Minnesota,2013.0,Female,25-29 years,25-29,299.0,180144.0,165.98
34892,Gonorrhea,280.0,Minnesota,2013.0,Female,30-34 years,30-34,153.0,185760.0,82.36
34893,Gonorrhea,280.0,Minnesota,2013.0,Female,35-39 years,35-39,66.0,161132.0,40.96
34894,Gonorrhea,280.0,Minnesota,2013.0,Female,40+ years,40+,66.0,1325247.0,4.98
34895,Gonorrhea,280.0,Minnesota,2014.0,Female,0-14 years,0-14,19.0,521297.0,3.64
34896,Gonorrhea,280.0,Minnesota,2014.0,Female,15-19 years,15-19,531.0,175783.0,302.08
34897,Gonorrhea,280.0,Minnesota,2014.0,Female,20-24 years,20-24,633.0,177718.0,356.18
34898,Gonorrhea,280.0,Minnesota,2014.0,Female,25-29 years,25-29,337.0,180144.0,187.07
34899,Gonorrhea,280.0,Minnesota,2014.0,Female,30-34 years,30-34,142.0,185760.0,76.44
34900,Gonorrhea,280.0,Minnesota,2014.0,Female,35-39 years,35-39,62.0,161132.0,38.48
34901,Gonorrhea,280.0,Minnesota,2014.0,Female,40+ years,40+,77.0,1325247.0,5.81
34902,Gonorrhea,280.0,Minnesota,2014.0,Female,Unknown,99,1.0,,
34903,Gonorrhea,280.0,Mississippi,1996.0,Female,0-14 years,0-14,152.0,308409.0,49.29
34904,Gonorrhea,280.0,Mississippi,1996.0,Female,15-19 years,15-19,1431.0,114131.0,1253.82
34905,Gonorrhea,280.0,Mississippi,1996.0,Female,20-24 years,20-24,1181.0,106527.0,1108.64
34906,Gonorrhea,280.0,Mississippi,1996.0,Female,25-29 years,25-29,506.0,99181.0,510.18
34907,Gonorrhea,280.0,Mississippi,1996.0,Female,30-34 years,30-34,243.0,99116.0,245.17
34908,Gonorrhea,280.0,Mississippi,1996.0,Female,35-39 years,35-39,114.0,109216.0,104.38
34909,Gonorrhea,280.0,Mississippi,1996.0,Female,40+ years,40+,79.0,589767.0,13.4
34910,Gonorrhea,280.0,Mississippi,1997.0,Female,0-14 years,0-14,278.0,310098.0,89.65
34911,Gonorrhea,280.0,Mississippi,1997.0,Female,15-19 years,15-19,1980.0,115629.0,1712.37
34912,Gonorrhea,280.0,Mississippi,1997.0,Female,20-24 years,20-24,1608.0,104946.0,1532.22
34913,Gonorrhea,280.0,Mississippi,1997.0,Female,25-29 years,25-29,670.0,101660.0,659.06
34914,Gonorrhea,280.0,Mississippi,1997.0,Female,30-34 years,30-34,376.0,96860.0,388.19
34915,Gonorrhea,280.0,Mississippi,1997.0,Female,35-39 years,35-39,196.0,109323.0,179.28
34916,Gonorrhea,280.0,Mississippi,1997.0,Female,40+ years,40+,161.0,601878.0,26.75
34917,Gonorrhea,280.0,Mississippi,1998.0,Female,0-14 years,0-14,280.0,310345.0,90.22
34918,Gonorrhea,280.0,Mississippi,1998.0,Female,15-19 years,15-19,2316.0,116438.0,1989.04
34919,Gonorrhea,280.0,Mississippi,1998.0,Female,20-24 years,20-24,1898.0,105258.0,1803.19
34920,Gonorrhea,280.0,Mississippi,1998.0,Female,25-29 years,25-29,766.0,102119.0,750.11
34921,Gonorrhea,280.0,Mississippi,1998.0,Female,30-34 years,30-34,354.0,95694.0,369.93
34922,Gonorrhea,280.0,Mississippi,1998.0,Female,35-39 years,35-39,192.0,109863.0,174.76
34923,Gonorrhea,280.0,Mississippi,1998.0,Female,40+ years,40+,170.0,614406.0,27.67
34924,Gonorrhea,280.0,Mississippi,1999.0,Female,0-14 years,0-14,236.0,312688.0,75.47
34925,Gonorrhea,280.0,Mississippi,1999.0,Female,15-19 years,15-19,2437.0,115717.0,2106.0
34926,Gonorrhea,280.0,Mississippi,1999.0,Female,20-24 years,20-24,2090.0,105623.0,1978.74
34927,Gonorrhea,280.0,Mississippi,1999.0,Female,25-29 years,25-29,788.0,100566.0,783.57
34928,Gonorrhea,280.0,Mississippi,1999.0,Female,30-34 years,30-34,301.0,95532.0,315.08
34929,Gonorrhea,280.0,Mississippi,1999.0,Female,35-39 years,35-39,193.0,109873.0,175.66
34930,Gonorrhea,280.0,Mississippi,1999.0,Female,40+ years,40+,149.0,624582.0,23.86
34931,Gonorrhea,280.0,Mississippi,2000.0,Female,0-14 years,0-14,202.0,308274.0,65.53
34932,Gonorrhea,280.0,Mississippi,2000.0,Female,15-19 years,15-19,2225.0,113307.0,1963.69
34933,Gonorrhea,280.0,Mississippi,2000.0,Female,20-24 years,20-24,1916.0,108328.0,1768.7
34934,Gonorrhea,280.0,Mississippi,2000.0,Female,25-29 years,25-29,599.0,98492.0,608.17
34935,Gonorrhea,280.0,Mississippi,2000.0,Female,30-34 years,30-34,272.0,97755.0,278.25
34936,Gonorrhea,280.0,Mississippi,2000.0,Female,35-39 years,35-39,170.0,109243.0,155.62
34937,Gonorrhea,280.0,Mississippi,2000.0,Female,40+ years,40+,135.0,637929.0,21.16
34938,Gonorrhea,280.0,Mississippi,2000.0,Female,Unknown,99,84.0,,
34939,Gonorrhea,280.0,Mississippi,2001.0,Female,0-14 years,0-14,156.0,310033.0,50.32
34940,Gonorrhea,280.0,Mississippi,2001.0,Female,15-19 years,15-19,1769.0,109918.0,1609.38
34941,Gonorrhea,280.0,Mississippi,2001.0,Female,20-24 years,20-24,1642.0,112023.0,1465.77
34942,Gonorrhea,280.0,Mississippi,2001.0,Female,25-29 years,25-29,599.0,96356.0,621.65
34943,Gonorrhea,280.0,Mississippi,2001.0,Female,30-34 years,30-34,229.0,97882.0,233.96
34944,Gonorrhea,280.0,Mississippi,2001.0,Female,35-39 years,35-39,118.0,106205.0,111.11
34945,Gonorrhea,280.0,Mississippi,2001.0,Female,40+ years,40+,111.0,644881.0,17.21
34946,Gonorrhea,280.0,Mississippi,2001.0,Female,Unknown,99,39.0,,
34947,Gonorrhea,280.0,Mississippi,2002.0,Female,0-14 years,0-14,128.0,309027.0,41.42
34948,Gonorrhea,280.0,Mississippi,2002.0,Female,15-19 years,15-19,1580.0,107645.0,1467.79
34949,Gonorrhea,280.0,Mississippi,2002.0,Female,20-24 years,20-24,1558.0,114875.0,1356.26
34950,Gonorrhea,280.0,Mississippi,2002.0,Female,25-29 years,25-29,511.0,96077.0,531.87
34951,Gonorrhea,280.0,Mississippi,2002.0,Female,30-34 years,30-34,173.0,98847.0,175.02
34952,Gonorrhea,280.0,Mississippi,2002.0,Female,35-39 years,35-39,109.0,103388.0,105.43
34953,Gonorrhea,280.0,Mississippi,2002.0,Female,40+ years,40+,112.0,653044.0,17.15
34954,Gonorrhea,280.0,Mississippi,2002.0,Female,Unknown,99,30.0,,
34955,Gonorrhea,280.0,Mississippi,2003.0,Female,0-14 years,0-14,141.0,309874.0,45.5
34956,Gonorrhea,280.0,Mississippi,2003.0,Female,15-19 years,15-19,1445.0,105992.0,1363.31
34957,Gonorrhea,280.0,Mississippi,2003.0,Female,20-24 years,20-24,1336.0,114842.0,1163.34
34958,Gonorrhea,280.0,Mississippi,2003.0,Female,25-29 years,25-29,457.0,96709.0,472.55
34959,Gonorrhea,280.0,Mississippi,2003.0,Female,30-34 years,30-34,179.0,97396.0,183.79
34960,Gonorrhea,280.0,Mississippi,2003.0,Female,35-39 years,35-39,87.0,99315.0,87.6
34961,Gonorrhea,280.0,Mississippi,2003.0,Female,40+ years,40+,95.0,660939.0,14.37
34962,Gonorrhea,280.0,Mississippi,2003.0,Female,Unknown,99,17.0,,
34963,Gonorrhea,280.0,Mississippi,2004.0,Female,0-14 years,0-14,118.0,304196.0,38.79
34964,Gonorrhea,280.0,Mississippi,2004.0,Female,15-19 years,15-19,1629.0,105697.0,1541.2
34965,Gonorrhea,280.0,Mississippi,2004.0,Female,20-24 years,20-24,1615.0,114812.0,1406.65
34966,Gonorrhea,280.0,Mississippi,2004.0,Female,25-29 years,25-29,552.0,100445.0,549.55
34967,Gonorrhea,280.0,Mississippi,2004.0,Female,30-34 years,30-34,217.0,97435.0,222.71
34968,Gonorrhea,280.0,Mississippi,2004.0,Female,35-39 years,35-39,118.0,97813.0,120.64
34969,Gonorrhea,280.0,Mississippi,2004.0,Female,40+ years,40+,101.0,673835.0,14.99
34970,Gonorrhea,280.0,Mississippi,2004.0,Female,Unknown,99,12.0,,
34971,Gonorrhea,280.0,Mississippi,2005.0,Female,0-14 years,0-14,122.0,302506.0,40.33
34972,Gonorrhea,280.0,Mississippi,2005.0,Female,15-19 years,15-19,1575.0,105928.0,1486.86
34973,Gonorrhea,280.0,Mississippi,2005.0,Female,20-24 years,20-24,1529.0,111739.0,1368.37
34974,Gonorrhea,280.0,Mississippi,2005.0,Female,25-29 years,25-29,597.0,104254.0,572.64
34975,Gonorrhea,280.0,Mississippi,2005.0,Female,30-34 years,30-34,201.0,96214.0,208.91
34976,Gonorrhea,280.0,Mississippi,2005.0,Female,35-39 years,35-39,94.0,97163.0,96.74
34977,Gonorrhea,280.0,Mississippi,2005.0,Female,40+ years,40+,106.0,684671.0,15.48
34978,Gonorrhea,280.0,Mississippi,2005.0,Female,Unknown,99,10.0,,
34979,Gonorrhea,280.0,Mississippi,2006.0,Female,0-14 years,0-14,125.0,306533.0,40.78
34980,Gonorrhea,280.0,Mississippi,2006.0,Female,15-19 years,15-19,1620.0,108259.0,1496.41
34981,Gonorrhea,280.0,Mississippi,2006.0,Female,20-24 years,20-24,1539.0,105388.0,1460.32
34982,Gonorrhea,280.0,Mississippi,2006.0,Female,25-29 years,25-29,663.0,100292.0,661.07
34983,Gonorrhea,280.0,Mississippi,2006.0,Female,30-34 years,30-34,240.0,92141.0,260.47
34984,Gonorrhea,280.0,Mississippi,2006.0,Female,35-39 years,35-39,114.0,97008.0,117.52
34985,Gonorrhea,280.0,Mississippi,2006.0,Female,40+ years,40+,93.0,691571.0,13.45
34986,Gonorrhea,280.0,Mississippi,2006.0,Female,Unknown,99,6.0,,
34987,Gonorrhea,280.0,Mississippi,2007.0,Female,0-14 years,0-14,111.0,310286.0,35.77
34988,Gonorrhea,280.0,Mississippi,2007.0,Female,15-19 years,15-19,1923.0,108589.0,1770.9
34989,Gonorrhea,280.0,Mississippi,2007.0,Female,20-24 years,20-24,1713.0,104035.0,1646.56
34990,Gonorrhea,280.0,Mississippi,2007.0,Female,25-29 years,25-29,674.0,102098.0,660.15
34991,Gonorrhea,280.0,Mississippi,2007.0,Female,30-34 years,30-34,243.0,91571.0,265.37
34992,Gonorrhea,280.0,Mississippi,2007.0,Female,35-39 years,35-39,107.0,97309.0,109.96
34993,Gonorrhea,280.0,Mississippi,2007.0,Female,40+ years,40+,125.0,691188.0,18.08
34994,Gonorrhea,280.0,Mississippi,2007.0,Female,Unknown,99,5.0,,
34995,Gonorrhea,280.0,Mississippi,2008.0,Female,0-14 years,0-14,95.0,309946.0,30.65
34996,Gonorrhea,280.0,Mississippi,2008.0,Female,15-19 years,15-19,1641.0,109461.0,1499.16
34997,Gonorrhea,280.0,Mississippi,2008.0,Female,20-24 years,20-24,1538.0,104346.0,1473.94
34998,Gonorrhea,280.0,Mississippi,2008.0,Female,25-29 years,25-29,662.0,102151.0,648.06
34999,Gonorrhea,280.0,Mississippi,2008.0,Female,30-34 years,30-34,229.0,92280.0,248.16
35000,Gonorrhea,280.0,Mississippi,2008.0,Female,35-39 years,35-39,83.0,97509.0,85.12
35001,Gonorrhea,280.0,Mississippi,2008.0,Female,40+ years,40+,104.0,699084.0,14.88
35002,Gonorrhea,280.0,Mississippi,2008.0,Female,Unknown,99,5.0,,
35003,Gonorrhea,280.0,Mississippi,2009.0,Female,0-14 years,0-14,76.0,311298.0,24.41
35004,Gonorrhea,280.0,Mississippi,2009.0,Female,15-19 years,15-19,1706.0,108206.0,1576.62
35005,Gonorrhea,280.0,Mississippi,2009.0,Female,20-24 years,20-24,1518.0,107812.0,1408.01
35006,Gonorrhea,280.0,Mississippi,2009.0,Female,25-29 years,25-29,620.0,105543.0,587.44
35007,Gonorrhea,280.0,Mississippi,2009.0,Female,30-34 years,30-34,217.0,93130.0,233.01
35008,Gonorrhea,280.0,Mississippi,2009.0,Female,35-39 years,35-39,98.0,95366.0,102.76
35009,Gonorrhea,280.0,Mississippi,2009.0,Female,40+ years,40+,99.0,699601.0,14.15
35010,Gonorrhea,280.0,Mississippi,2009.0,Female,Unknown,99,1.0,,
35011,Gonorrhea,280.0,Mississippi,2010.0,Female,0-14 years,0-14,63.0,305763.0,20.6
35012,Gonorrhea,280.0,Mississippi,2010.0,Female,15-19 years,15-19,1452.0,110474.0,1314.34
35013,Gonorrhea,280.0,Mississippi,2010.0,Female,20-24 years,20-24,1203.0,105461.0,1140.71
35014,Gonorrhea,280.0,Mississippi,2010.0,Female,25-29 years,25-29,529.0,100472.0,526.51
35015,Gonorrhea,280.0,Mississippi,2010.0,Female,30-34 years,30-34,211.0,95710.0,220.46
35016,Gonorrhea,280.0,Mississippi,2010.0,Female,35-39 years,35-39,71.0,96004.0,73.96
35017,Gonorrhea,280.0,Mississippi,2010.0,Female,40+ years,40+,73.0,712173.0,10.25
35018,Gonorrhea,280.0,Mississippi,2011.0,Female,0-14 years,0-14,52.0,304713.0,17.07
35019,Gonorrhea,280.0,Mississippi,2011.0,Female,15-19 years,15-19,1228.0,106822.0,1149.58
35020,Gonorrhea,280.0,Mississippi,2011.0,Female,20-24 years,20-24,1233.0,109144.0,1129.7
35021,Gonorrhea,280.0,Mississippi,2011.0,Female,25-29 years,25-29,459.0,99580.0,460.94
35022,Gonorrhea,280.0,Mississippi,2011.0,Female,30-34 years,30-34,223.0,98099.0,227.32
35023,Gonorrhea,280.0,Mississippi,2011.0,Female,35-39 years,35-39,78.0,93002.0,83.87
35024,Gonorrhea,280.0,Mississippi,2011.0,Female,40+ years,40+,69.0,720608.0,9.58
35025,Gonorrhea,280.0,Mississippi,2011.0,Female,Unknown,99,2.0,,
35026,Gonorrhea,280.0,Mississippi,2012.0,Female,0-14 years,0-14,83.0,303610.0,27.34
35027,Gonorrhea,280.0,Mississippi,2012.0,Female,15-19 years,15-19,1301.0,103793.0,1253.46
35028,Gonorrhea,280.0,Mississippi,2012.0,Female,20-24 years,20-24,1423.0,111422.0,1277.13
35029,Gonorrhea,280.0,Mississippi,2012.0,Female,25-29 years,25-29,583.0,98104.0,594.27
35030,Gonorrhea,280.0,Mississippi,2012.0,Female,30-34 years,30-34,237.0,99080.0,239.2
35031,Gonorrhea,280.0,Mississippi,2012.0,Female,35-39 years,35-39,115.0,92507.0,124.31
35032,Gonorrhea,280.0,Mississippi,2012.0,Female,40+ years,40+,90.0,727119.0,12.38
35033,Gonorrhea,280.0,Mississippi,2012.0,Female,Unknown,99,2.0,,
35034,Gonorrhea,280.0,Mississippi,2013.0,Female,0-14 years,0-14,46.0,300580.0,15.3
35035,Gonorrhea,280.0,Mississippi,2013.0,Female,15-19 years,15-19,851.0,101966.0,834.59
35036,Gonorrhea,280.0,Mississippi,2013.0,Female,20-24 years,20-24,1068.0,112444.0,949.81
35037,Gonorrhea,280.0,Mississippi,2013.0,Female,25-29 years,25-29,449.0,97741.0,459.38
35038,Gonorrhea,280.0,Mississippi,2013.0,Female,30-34 years,30-34,186.0,99629.0,186.69
35039,Gonorrhea,280.0,Mississippi,2013.0,Female,35-39 years,35-39,63.0,92534.0,68.08
35040,Gonorrhea,280.0,Mississippi,2013.0,Female,40+ years,40+,63.0,731726.0,8.61
35041,Gonorrhea,280.0,Mississippi,2014.0,Female,0-14 years,0-14,57.0,300580.0,18.96
35042,Gonorrhea,280.0,Mississippi,2014.0,Female,15-19 years,15-19,1044.0,101966.0,1023.87
35043,Gonorrhea,280.0,Mississippi,2014.0,Female,20-24 years,20-24,1137.0,112444.0,1011.17
35044,Gonorrhea,280.0,Mississippi,2014.0,Female,25-29 years,25-29,406.0,97741.0,415.38
35045,Gonorrhea,280.0,Mississippi,2014.0,Female,30-34 years,30-34,180.0,99629.0,180.67
35046,Gonorrhea,280.0,Mississippi,2014.0,Female,35-39 years,35-39,99.0,92534.0,106.99
35047,Gonorrhea,280.0,Mississippi,2014.0,Female,40+ years,40+,64.0,731726.0,8.75
35048,Gonorrhea,280.0,Missouri,1996.0,Female,0-14 years,0-14,153.0,568812.0,26.9
35049,Gonorrhea,280.0,Missouri,1996.0,Female,15-19 years,15-19,1781.0,192857.0,923.48
35050,Gonorrhea,280.0,Missouri,1996.0,Female,20-24 years,20-24,1152.0,175552.0,656.22
35051,Gonorrhea,280.0,Missouri,1996.0,Female,25-29 years,25-29,541.0,185911.0,291.0
35052,Gonorrhea,280.0,Missouri,1996.0,Female,30-34 years,30-34,285.0,211388.0,134.82
35053,Gonorrhea,280.0,Missouri,1996.0,Female,35-39 years,35-39,161.0,228257.0,70.53
35054,Gonorrhea,280.0,Missouri,1996.0,Female,40+ years,40+,87.0,1236905.0,7.03
35055,Gonorrhea,280.0,Missouri,1996.0,Female,Unknown,99,29.0,,
35056,Gonorrhea,280.0,Missouri,1997.0,Female,0-14 years,0-14,155.0,571547.0,27.12
35057,Gonorrhea,280.0,Missouri,1997.0,Female,15-19 years,15-19,1702.0,197693.0,860.93
35058,Gonorrhea,280.0,Missouri,1997.0,Female,20-24 years,20-24,1209.0,175405.0,689.26
35059,Gonorrhea,280.0,Missouri,1997.0,Female,25-29 years,25-29,503.0,187029.0,268.94
35060,Gonorrhea,280.0,Missouri,1997.0,Female,30-34 years,30-34,272.0,203580.0,133.61
35061,Gonorrhea,280.0,Missouri,1997.0,Female,35-39 years,35-39,177.0,229149.0,77.24
35062,Gonorrhea,280.0,Missouri,1997.0,Female,40+ years,40+,95.0,1258885.0,7.55
35063,Gonorrhea,280.0,Missouri,1998.0,Female,0-14 years,0-14,166.0,575398.0,28.85
35064,Gonorrhea,280.0,Missouri,1998.0,Female,15-19 years,15-19,2022.0,201499.0,1003.48
35065,Gonorrhea,280.0,Missouri,1998.0,Female,20-24 years,20-24,1450.0,177465.0,817.06
35066,Gonorrhea,280.0,Missouri,1998.0,Female,25-29 years,25-29,607.0,186036.0,326.28
35067,Gonorrhea,280.0,Missouri,1998.0,Female,30-34 years,30-34,314.0,195494.0,160.62
35068,Gonorrhea,280.0,Missouri,1998.0,Female,35-39 years,35-39,205.0,227951.0,89.93
35069,Gonorrhea,280.0,Missouri,1998.0,Female,40+ years,40+,160.0,1278777.0,12.51
35070,Gonorrhea,280.0,Missouri,1999.0,Female,0-14 years,0-14,177.0,576000.0,30.73
35071,Gonorrhea,280.0,Missouri,1999.0,Female,15-19 years,15-19,1854.0,202455.0,915.76
35072,Gonorrhea,280.0,Missouri,1999.0,Female,20-24 years,20-24,1333.0,181344.0,735.07
35073,Gonorrhea,280.0,Missouri,1999.0,Female,25-29 years,25-29,508.0,184038.0,276.03
35074,Gonorrhea,280.0,Missouri,1999.0,Female,30-34 years,30-34,286.0,190122.0,150.43
35075,Gonorrhea,280.0,Missouri,1999.0,Female,35-39 years,35-39,154.0,226350.0,68.04
35076,Gonorrhea,280.0,Missouri,1999.0,Female,40+ years,40+,128.0,1299857.0,9.85
35077,Gonorrhea,280.0,Missouri,1999.0,Female,Unknown,99,19.0,,
35078,Gonorrhea,280.0,Missouri,2000.0,Female,0-14 years,0-14,151.0,568105.0,26.58
35079,Gonorrhea,280.0,Missouri,2000.0,Female,15-19 years,15-19,1825.0,201880.0,904.0
35080,Gonorrhea,280.0,Missouri,2000.0,Female,20-24 years,20-24,1410.0,187774.0,750.9
35081,Gonorrhea,280.0,Missouri,2000.0,Female,25-29 years,25-29,544.0,181455.0,299.8
35082,Gonorrhea,280.0,Missouri,2000.0,Female,30-34 years,30-34,269.0,190684.0,141.07
35083,Gonorrhea,280.0,Missouri,2000.0,Female,35-39 years,35-39,154.0,222635.0,69.17
35084,Gonorrhea,280.0,Missouri,2000.0,Female,40+ years,40+,125.0,1327379.0,9.42
35085,Gonorrhea,280.0,Missouri,2000.0,Female,Unknown,99,11.0,,
35086,Gonorrhea,280.0,Missouri,2001.0,Female,0-14 years,0-14,181.0,566558.0,31.95
35087,Gonorrhea,280.0,Missouri,2001.0,Female,15-19 years,15-19,1799.0,200993.0,895.06
35088,Gonorrhea,280.0,Missouri,2001.0,Female,20-24 years,20-24,1469.0,194313.0,756.0
35089,Gonorrhea,280.0,Missouri,2001.0,Female,25-29 years,25-29,526.0,177937.0,295.61
35090,Gonorrhea,280.0,Missouri,2001.0,Female,30-34 years,30-34,259.0,192140.0,134.8
35091,Gonorrhea,280.0,Missouri,2001.0,Female,35-39 years,35-39,153.0,215754.0,70.91
35092,Gonorrhea,280.0,Missouri,2001.0,Female,40+ years,40+,124.0,1346806.0,9.21
35093,Gonorrhea,280.0,Missouri,2001.0,Female,Unknown,99,29.0,,
35094,Gonorrhea,280.0,Missouri,2002.0,Female,0-14 years,0-14,112.0,562025.0,19.93
35095,Gonorrhea,280.0,Missouri,2002.0,Female,15-19 years,15-19,1818.0,200504.0,906.72
35096,Gonorrhea,280.0,Missouri,2002.0,Female,20-24 years,20-24,1634.0,200302.0,815.77
35097,Gonorrhea,280.0,Missouri,2002.0,Female,25-29 years,25-29,632.0,178000.0,355.06
35098,Gonorrhea,280.0,Missouri,2002.0,Female,30-34 years,30-34,275.0,194047.0,141.72
35099,Gonorrhea,280.0,Missouri,2002.0,Female,35-39 years,35-39,167.0,209187.0,79.83
35100,Gonorrhea,280.0,Missouri,2002.0,Female,40+ years,40+,162.0,1366684.0,11.85
35101,Gonorrhea,280.0,Missouri,2002.0,Female,Unknown,99,10.0,,
35102,Gonorrhea,280.0,Missouri,2003.0,Female,0-14 years,0-14,117.0,566645.0,20.65
35103,Gonorrhea,280.0,Missouri,2003.0,Female,15-19 years,15-19,1742.0,200876.0,867.2
35104,Gonorrhea,280.0,Missouri,2003.0,Female,20-24 years,20-24,1632.0,203440.0,802.2
35105,Gonorrhea,280.0,Missouri,2003.0,Female,25-29 years,25-29,649.0,179109.0,362.35
35106,Gonorrhea,280.0,Missouri,2003.0,Female,30-34 years,30-34,283.0,190412.0,148.62
35107,Gonorrhea,280.0,Missouri,2003.0,Female,35-39 years,35-39,187.0,199891.0,93.55
35108,Gonorrhea,280.0,Missouri,2003.0,Female,40+ years,40+,169.0,1381647.0,12.23
35109,Gonorrhea,280.0,Missouri,2003.0,Female,Unknown,99,15.0,,
35110,Gonorrhea,280.0,Missouri,2004.0,Female,0-14 years,0-14,145.0,556376.0,26.06
35111,Gonorrhea,280.0,Missouri,2004.0,Female,15-19 years,15-19,1823.0,201551.0,904.49
35112,Gonorrhea,280.0,Missouri,2004.0,Female,20-24 years,20-24,1766.0,206920.0,853.47
35113,Gonorrhea,280.0,Missouri,2004.0,Female,25-29 years,25-29,712.0,185477.0,383.88
35114,Gonorrhea,280.0,Missouri,2004.0,Female,30-34 years,30-34,325.0,190335.0,170.75
35115,Gonorrhea,280.0,Missouri,2004.0,Female,35-39 years,35-39,192.0,195604.0,98.16
35116,Gonorrhea,280.0,Missouri,2004.0,Female,40+ years,40+,169.0,1407503.0,12.01
35117,Gonorrhea,280.0,Missouri,2004.0,Female,Unknown,99,7.0,,
35118,Gonorrhea,280.0,Missouri,2005.0,Female,0-14 years,0-14,143.0,551563.0,25.93
35119,Gonorrhea,280.0,Missouri,2005.0,Female,15-19 years,15-19,1974.0,202673.0,973.98
35120,Gonorrhea,280.0,Missouri,2005.0,Female,20-24 years,20-24,1778.0,206718.0,860.11
35121,Gonorrhea,280.0,Missouri,2005.0,Female,25-29 years,25-29,713.0,192549.0,370.3
35122,Gonorrhea,280.0,Missouri,2005.0,Female,30-34 years,30-34,358.0,187612.0,190.82
35123,Gonorrhea,280.0,Missouri,2005.0,Female,35-39 years,35-39,185.0,194595.0,95.07
35124,Gonorrhea,280.0,Missouri,2005.0,Female,40+ years,40+,179.0,1428501.0,12.53
35125,Gonorrhea,280.0,Missouri,2005.0,Female,Unknown,99,4.0,,
35126,Gonorrhea,280.0,Missouri,2006.0,Female,0-14 years,0-14,141.0,567308.0,24.85
35127,Gonorrhea,280.0,Missouri,2006.0,Female,15-19 years,15-19,2134.0,201137.0,1060.97
35128,Gonorrhea,280.0,Missouri,2006.0,Female,20-24 years,20-24,1941.0,201043.0,965.47
35129,Gonorrhea,280.0,Missouri,2006.0,Female,25-29 years,25-29,788.0,205023.0,384.35
35130,Gonorrhea,280.0,Missouri,2006.0,Female,30-34 years,30-34,354.0,179637.0,197.06
35131,Gonorrhea,280.0,Missouri,2006.0,Female,35-39 years,35-39,190.0,193039.0,98.43
35132,Gonorrhea,280.0,Missouri,2006.0,Female,40+ years,40+,196.0,1440811.0,13.6
35133,Gonorrhea,280.0,Missouri,2006.0,Female,Unknown,99,8.0,,
35134,Gonorrhea,280.0,Missouri,2007.0,Female,0-14 years,0-14,95.0,571655.0,16.62
35135,Gonorrhea,280.0,Missouri,2007.0,Female,15-19 years,15-19,1999.0,202081.0,989.21
35136,Gonorrhea,280.0,Missouri,2007.0,Female,20-24 years,20-24,1877.0,196132.0,957.01
35137,Gonorrhea,280.0,Missouri,2007.0,Female,25-29 years,25-29,824.0,209533.0,393.25
35138,Gonorrhea,280.0,Missouri,2007.0,Female,30-34 years,30-34,339.0,179333.0,189.03
35139,Gonorrhea,280.0,Missouri,2007.0,Female,35-39 years,35-39,165.0,193959.0,85.07
35140,Gonorrhea,280.0,Missouri,2007.0,Female,40+ years,40+,178.0,1454700.0,12.24
35141,Gonorrhea,280.0,Missouri,2007.0,Female,Unknown,99,4.0,,
35142,Gonorrhea,280.0,Missouri,2008.0,Female,0-14 years,0-14,89.0,572184.0,15.55
35143,Gonorrhea,280.0,Missouri,2008.0,Female,15-19 years,15-19,1644.0,201433.0,816.15
35144,Gonorrhea,280.0,Missouri,2008.0,Female,20-24 years,20-24,1556.0,196300.0,792.66
35145,Gonorrhea,280.0,Missouri,2008.0,Female,25-29 years,25-29,730.0,210823.0,346.26
35146,Gonorrhea,280.0,Missouri,2008.0,Female,30-34 years,30-34,240.0,180353.0,133.07
35147,Gonorrhea,280.0,Missouri,2008.0,Female,35-39 years,35-39,144.0,192605.0,74.76
35148,Gonorrhea,280.0,Missouri,2008.0,Female,40+ years,40+,138.0,1470000.0,9.39
35149,Gonorrhea,280.0,Missouri,2008.0,Female,Unknown,99,1.0,,
35150,Gonorrhea,280.0,Missouri,2009.0,Female,0-14 years,0-14,60.0,578537.0,10.37
35151,Gonorrhea,280.0,Missouri,2009.0,Female,15-19 years,15-19,1355.0,204220.0,663.5
35152,Gonorrhea,280.0,Missouri,2009.0,Female,20-24 years,20-24,1203.0,207821.0,578.86
35153,Gonorrhea,280.0,Missouri,2009.0,Female,25-29 years,25-29,545.0,208590.0,261.28
35154,Gonorrhea,280.0,Missouri,2009.0,Female,30-34 years,30-34,211.0,183814.0,114.79
35155,Gonorrhea,280.0,Missouri,2009.0,Female,35-39 years,35-39,123.0,190273.0,64.64
35156,Gonorrhea,280.0,Missouri,2009.0,Female,40+ years,40+,86.0,1488323.0,5.78
35157,Gonorrhea,280.0,Missouri,2009.0,Female,Unknown,99,2.0,,
35158,Gonorrhea,280.0,Missouri,2010.0,Female,0-14 years,0-14,67.0,575293.0,11.65
35159,Gonorrhea,280.0,Missouri,2010.0,Female,15-19 years,15-19,1440.0,206847.0,696.17
35160,Gonorrhea,280.0,Missouri,2010.0,Female,20-24 years,20-24,1366.0,205496.0,664.73
35161,Gonorrhea,280.0,Missouri,2010.0,Female,25-29 years,25-29,612.0,201801.0,303.27
35162,Gonorrhea,280.0,Missouri,2010.0,Female,30-34 years,30-34,223.0,185922.0,119.94
35163,Gonorrhea,280.0,Missouri,2010.0,Female,35-39 years,35-39,113.0,184926.0,61.11
35164,Gonorrhea,280.0,Missouri,2010.0,Female,40+ years,40+,130.0,1495165.0,8.69
35165,Gonorrhea,280.0,Missouri,2011.0,Female,0-14 years,0-14,63.0,571733.0,11.02
35166,Gonorrhea,280.0,Missouri,2011.0,Female,15-19 years,15-19,1454.0,201536.0,721.46
35167,Gonorrhea,280.0,Missouri,2011.0,Female,20-24 years,20-24,1557.0,209422.0,743.48
35168,Gonorrhea,280.0,Missouri,2011.0,Female,25-29 years,25-29,568.0,201527.0,281.85
35169,Gonorrhea,280.0,Missouri,2011.0,Female,30-34 years,30-34,292.0,192209.0,151.92
35170,Gonorrhea,280.0,Missouri,2011.0,Female,35-39 years,35-39,140.0,178101.0,78.61
35171,Gonorrhea,280.0,Missouri,2011.0,Female,40+ years,40+,120.0,1511726.0,7.94
35172,Gonorrhea,280.0,Missouri,2011.0,Female,Unknown,99,1.0,,
35173,Gonorrhea,280.0,Missouri,2012.0,Female,0-14 years,0-14,79.0,569156.0,13.88
35174,Gonorrhea,280.0,Missouri,2012.0,Female,15-19 years,15-19,1346.0,196245.0,685.88
35175,Gonorrhea,280.0,Missouri,2012.0,Female,20-24 years,20-24,1595.0,212684.0,749.94
35176,Gonorrhea,280.0,Missouri,2012.0,Female,25-29 years,25-29,640.0,200475.0,319.24
35177,Gonorrhea,280.0,Missouri,2012.0,Female,30-34 years,30-34,273.0,195707.0,139.49
35178,Gonorrhea,280.0,Missouri,2012.0,Female,35-39 years,35-39,131.0,176592.0,74.18
35179,Gonorrhea,280.0,Missouri,2012.0,Female,40+ years,40+,145.0,1520093.0,9.54
35180,Gonorrhea,280.0,Missouri,2013.0,Female,0-14 years,0-14,73.0,567092.0,12.87
35181,Gonorrhea,280.0,Missouri,2013.0,Female,15-19 years,15-19,1142.0,193698.0,589.58
35182,Gonorrhea,280.0,Missouri,2013.0,Female,20-24 years,20-24,1488.0,214763.0,692.86
35183,Gonorrhea,280.0,Missouri,2013.0,Female,25-29 years,25-29,642.0,198863.0,322.83
35184,Gonorrhea,280.0,Missouri,2013.0,Female,30-34 years,30-34,330.0,199569.0,165.36
35185,Gonorrhea,280.0,Missouri,2013.0,Female,35-39 years,35-39,120.0,178109.0,67.37
35186,Gonorrhea,280.0,Missouri,2013.0,Female,40+ years,40+,149.0,1528120.0,9.75
35187,Gonorrhea,280.0,Missouri,2014.0,Female,0-14 years,0-14,47.0,567092.0,8.29
35188,Gonorrhea,280.0,Missouri,2014.0,Female,15-19 years,15-19,1077.0,193698.0,556.02
35189,Gonorrhea,280.0,Missouri,2014.0,Female,20-24 years,20-24,1358.0,214763.0,632.33
35190,Gonorrhea,280.0,Missouri,2014.0,Female,25-29 years,25-29,624.0,198863.0,313.78
35191,Gonorrhea,280.0,Missouri,2014.0,Female,30-34 years,30-34,294.0,199569.0,147.32
35192,Gonorrhea,280.0,Missouri,2014.0,Female,35-39 years,35-39,106.0,178109.0,59.51
35193,Gonorrhea,280.0,Missouri,2014.0,Female,40+ years,40+,114.0,1528120.0,7.46
35194,Gonorrhea,280.0,Montana,1996.0,Female,0-14 years,0-14,1.0,93278.0,1.07
35195,Gonorrhea,280.0,Montana,1996.0,Female,15-19 years,15-19,8.0,33773.0,23.69
35196,Gonorrhea,280.0,Montana,1996.0,Female,20-24 years,20-24,5.0,27249.0,18.35
35197,Gonorrhea,280.0,Montana,1996.0,Female,25-29 years,25-29,2.0,23880.0,8.38
35198,Gonorrhea,280.0,Montana,1996.0,Female,30-34 years,30-34,1.0,29432.0,3.4
35199,Gonorrhea,280.0,Montana,1996.0,Female,35-39 years,35-39,2.0,37508.0,5.33
35200,Gonorrhea,280.0,Montana,1997.0,Female,15-19 years,15-19,19.0,34315.0,55.37
35201,Gonorrhea,280.0,Montana,1997.0,Female,20-24 years,20-24,6.0,27557.0,21.77
35202,Gonorrhea,280.0,Montana,1997.0,Female,25-29 years,25-29,2.0,24123.0,8.29
35203,Gonorrhea,280.0,Montana,1997.0,Female,30-34 years,30-34,1.0,27957.0,3.58
35204,Gonorrhea,280.0,Montana,1997.0,Female,35-39 years,35-39,1.0,36862.0,2.71
35205,Gonorrhea,280.0,Montana,1998.0,Female,15-19 years,15-19,9.0,34639.0,25.98
35206,Gonorrhea,280.0,Montana,1998.0,Female,20-24 years,20-24,11.0,27619.0,39.83
35207,Gonorrhea,280.0,Montana,1998.0,Female,25-29 years,25-29,5.0,24319.0,20.56
35208,Gonorrhea,280.0,Montana,1998.0,Female,30-34 years,30-34,2.0,26709.0,7.49
35209,Gonorrhea,280.0,Montana,1998.0,Female,35-39 years,35-39,1.0,35748.0,2.8
35210,Gonorrhea,280.0,Montana,1998.0,Female,40+ years,40+,4.0,208234.0,1.92
35211,Gonorrhea,280.0,Montana,1999.0,Female,0-14 years,0-14,4.0,90850.0,4.4
35212,Gonorrhea,280.0,Montana,1999.0,Female,15-19 years,15-19,12.0,34674.0,34.61
35213,Gonorrhea,280.0,Montana,1999.0,Female,20-24 years,20-24,15.0,27842.0,53.88
35214,Gonorrhea,280.0,Montana,1999.0,Female,25-29 years,25-29,3.0,24508.0,12.24
35215,Gonorrhea,280.0,Montana,1999.0,Female,35-39 years,35-39,1.0,34659.0,2.89
35216,Gonorrhea,280.0,Montana,2000.0,Female,15-19 years,15-19,14.0,34497.0,40.58
35217,Gonorrhea,280.0,Montana,2000.0,Female,20-24 years,20-24,17.0,28606.0,59.43
35218,Gonorrhea,280.0,Montana,2000.0,Female,25-29 years,25-29,5.0,24802.0,20.16
35219,Gonorrhea,280.0,Montana,2000.0,Female,30-34 years,30-34,1.0,26389.0,3.79
35220,Gonorrhea,280.0,Montana,2000.0,Female,40+ years,40+,1.0,217826.0,0.46
35221,Gonorrhea,280.0,Montana,2001.0,Female,0-14 years,0-14,2.0,86104.0,2.32
35222,Gonorrhea,280.0,Montana,2001.0,Female,15-19 years,15-19,22.0,34976.0,62.9
35223,Gonorrhea,280.0,Montana,2001.0,Female,20-24 years,20-24,22.0,29510.0,74.55
35224,Gonorrhea,280.0,Montana,2001.0,Female,25-29 years,25-29,4.0,24338.0,16.44
35225,Gonorrhea,280.0,Montana,2001.0,Female,30-34 years,30-34,3.0,26020.0,11.53
35226,Gonorrhea,280.0,Montana,2001.0,Female,35-39 years,35-39,3.0,31596.0,9.49
35227,Gonorrhea,280.0,Montana,2001.0,Female,40+ years,40+,1.0,221690.0,0.45
35228,Gonorrhea,280.0,Montana,2002.0,Female,0-14 years,0-14,1.0,84503.0,1.18
35229,Gonorrhea,280.0,Montana,2002.0,Female,15-19 years,15-19,36.0,34787.0,103.49
35230,Gonorrhea,280.0,Montana,2002.0,Female,20-24 years,20-24,22.0,30655.0,71.77
35231,Gonorrhea,280.0,Montana,2002.0,Female,25-29 years,25-29,5.0,24304.0,20.57
35232,Gonorrhea,280.0,Montana,2002.0,Female,30-34 years,30-34,6.0,25838.0,23.22
35233,Gonorrhea,280.0,Montana,2002.0,Female,35-39 years,35-39,3.0,29946.0,10.02
35234,Gonorrhea,280.0,Montana,2002.0,Female,40+ years,40+,2.0,226283.0,0.88
35235,Gonorrhea,280.0,Montana,2003.0,Female,0-14 years,0-14,1.0,84472.0,1.18
35236,Gonorrhea,280.0,Montana,2003.0,Female,15-19 years,15-19,26.0,34443.0,75.49
35237,Gonorrhea,280.0,Montana,2003.0,Female,20-24 years,20-24,37.0,32224.0,114.82
35238,Gonorrhea,280.0,Montana,2003.0,Female,25-29 years,25-29,5.0,25091.0,19.93
35239,Gonorrhea,280.0,Montana,2003.0,Female,30-34 years,30-34,2.0,25171.0,7.95
35240,Gonorrhea,280.0,Montana,2003.0,Female,35-39 years,35-39,3.0,28441.0,10.55
35241,Gonorrhea,280.0,Montana,2004.0,Female,0-14 years,0-14,1.0,81287.0,1.23
35242,Gonorrhea,280.0,Montana,2004.0,Female,15-19 years,15-19,21.0,33992.0,61.78
35243,Gonorrhea,280.0,Montana,2004.0,Female,20-24 years,20-24,19.0,33541.0,56.65
35244,Gonorrhea,280.0,Montana,2004.0,Female,25-29 years,25-29,8.0,26466.0,30.23
35245,Gonorrhea,280.0,Montana,2004.0,Female,30-34 years,30-34,1.0,24975.0,4.0
35246,Gonorrhea,280.0,Montana,2004.0,Female,35-39 years,35-39,1.0,27751.0,3.6
35247,Gonorrhea,280.0,Montana,2004.0,Female,40+ years,40+,2.0,236588.0,0.85
35248,Gonorrhea,280.0,Montana,2004.0,Female,Unknown,99,1.0,,
35249,Gonorrhea,280.0,Montana,2005.0,Female,0-14 years,0-14,1.0,79729.0,1.25
35250,Gonorrhea,280.0,Montana,2005.0,Female,15-19 years,15-19,31.0,33631.0,92.18
35251,Gonorrhea,280.0,Montana,2005.0,Female,20-24 years,20-24,36.0,34239.0,105.14
35252,Gonorrhea,280.0,Montana,2005.0,Female,25-29 years,25-29,24.0,27568.0,87.06
35253,Gonorrhea,280.0,Montana,2005.0,Female,30-34 years,30-34,7.0,24733.0,28.3
35254,Gonorrhea,280.0,Montana,2005.0,Female,35-39 years,35-39,1.0,27495.0,3.64
35255,Gonorrhea,280.0,Montana,2005.0,Female,40+ years,40+,2.0,241367.0,0.83
35256,Gonorrhea,280.0,Montana,2006.0,Female,0-14 years,0-14,4.0,85903.0,4.66
35257,Gonorrhea,280.0,Montana,2006.0,Female,15-19 years,15-19,35.0,32359.0,108.16
35258,Gonorrhea,280.0,Montana,2006.0,Female,20-24 years,20-24,46.0,32835.0,140.09
35259,Gonorrhea,280.0,Montana,2006.0,Female,25-29 years,25-29,19.0,29082.0,65.33
35260,Gonorrhea,280.0,Montana,2006.0,Female,30-34 years,30-34,7.0,25086.0,27.9
35261,Gonorrhea,280.0,Montana,2006.0,Female,35-39 years,35-39,4.0,27688.0,14.45
35262,Gonorrhea,280.0,Montana,2006.0,Female,40+ years,40+,8.0,239019.0,3.35
35263,Gonorrhea,280.0,Montana,2007.0,Female,15-19 years,15-19,29.0,32594.0,88.97
35264,Gonorrhea,280.0,Montana,2007.0,Female,20-24 years,20-24,26.0,31847.0,81.64
35265,Gonorrhea,280.0,Montana,2007.0,Female,25-29 years,25-29,7.0,31246.0,22.4
35266,Gonorrhea,280.0,Montana,2007.0,Female,30-34 years,30-34,5.0,25662.0,19.48
35267,Gonorrhea,280.0,Montana,2007.0,Female,35-39 years,35-39,5.0,28026.0,17.84
35268,Gonorrhea,280.0,Montana,2007.0,Female,40+ years,40+,3.0,242436.0,1.24
35269,Gonorrhea,280.0,Montana,2008.0,Female,15-19 years,15-19,29.0,32209.0,90.04
35270,Gonorrhea,280.0,Montana,2008.0,Female,20-24 years,20-24,31.0,32289.0,96.01
35271,Gonorrhea,280.0,Montana,2008.0,Female,25-29 years,25-29,19.0,31666.0,60.0
35272,Gonorrhea,280.0,Montana,2008.0,Female,30-34 years,30-34,4.0,26406.0,15.15
35273,Gonorrhea,280.0,Montana,2008.0,Female,35-39 years,35-39,2.0,27988.0,7.15
35274,Gonorrhea,280.0,Montana,2008.0,Female,40+ years,40+,6.0,244933.0,2.45
35275,Gonorrhea,280.0,Montana,2008.0,Female,Unknown,99,1.0,,
35276,Gonorrhea,280.0,Montana,2009.0,Female,15-19 years,15-19,12.0,32789.0,36.6
35277,Gonorrhea,280.0,Montana,2009.0,Female,20-24 years,20-24,21.0,35678.0,58.86
35278,Gonorrhea,280.0,Montana,2009.0,Female,25-29 years,25-29,7.0,31821.0,22.0
35279,Gonorrhea,280.0,Montana,2009.0,Female,30-34 years,30-34,4.0,26365.0,15.17
35280,Gonorrhea,280.0,Montana,2009.0,Female,40+ years,40+,2.0,245333.0,0.82
35281,Gonorrhea,280.0,Montana,2010.0,Female,15-19 years,15-19,21.0,32209.0,65.2
35282,Gonorrhea,280.0,Montana,2010.0,Female,20-24 years,20-24,16.0,32199.0,49.69
35283,Gonorrhea,280.0,Montana,2010.0,Female,25-29 years,25-29,9.0,30988.0,29.04
35284,Gonorrhea,280.0,Montana,2010.0,Female,30-34 years,30-34,4.0,28532.0,14.02
35285,Gonorrhea,280.0,Montana,2010.0,Female,35-39 years,35-39,2.0,27220.0,7.35
35286,Gonorrhea,280.0,Montana,2010.0,Female,40+ years,40+,2.0,251969.0,0.79
35287,Gonorrhea,280.0,Montana,2010.0,Female,Unknown,99,2.0,,
35288,Gonorrhea,280.0,Montana,2011.0,Female,15-19 years,15-19,12.0,31901.0,37.62
35289,Gonorrhea,280.0,Montana,2011.0,Female,20-24 years,20-24,21.0,33211.0,63.23
35290,Gonorrhea,280.0,Montana,2011.0,Female,25-29 years,25-29,10.0,31064.0,32.19
35291,Gonorrhea,280.0,Montana,2011.0,Female,30-34 years,30-34,3.0,29575.0,10.14
35292,Gonorrhea,280.0,Montana,2011.0,Female,35-39 years,35-39,1.0,26473.0,3.78
35293,Gonorrhea,280.0,Montana,2011.0,Female,40+ years,40+,4.0,255033.0,1.57
35294,Gonorrhea,280.0,Montana,2012.0,Female,15-19 years,15-19,15.0,31003.0,48.38
35295,Gonorrhea,280.0,Montana,2012.0,Female,20-24 years,20-24,23.0,33973.0,67.7
35296,Gonorrhea,280.0,Montana,2012.0,Female,25-29 years,25-29,12.0,30956.0,38.76
35297,Gonorrhea,280.0,Montana,2012.0,Female,30-34 years,30-34,4.0,30376.0,13.17
35298,Gonorrhea,280.0,Montana,2012.0,Female,35-39 years,35-39,3.0,26939.0,11.14
35299,Gonorrhea,280.0,Montana,2012.0,Female,40+ years,40+,1.0,256964.0,0.39
35300,Gonorrhea,280.0,Montana,2013.0,Female,0-14 years,0-14,2.0,91111.0,2.2
35301,Gonorrhea,280.0,Montana,2013.0,Female,15-19 years,15-19,23.0,30653.0,75.03
35302,Gonorrhea,280.0,Montana,2013.0,Female,20-24 years,20-24,51.0,35109.0,145.26
35303,Gonorrhea,280.0,Montana,2013.0,Female,25-29 years,25-29,28.0,30748.0,91.06
35304,Gonorrhea,280.0,Montana,2013.0,Female,30-34 years,30-34,12.0,31242.0,38.41
35305,Gonorrhea,280.0,Montana,2013.0,Female,35-39 years,35-39,7.0,27818.0,25.16
35306,Gonorrhea,280.0,Montana,2013.0,Female,40+ years,40+,4.0,258686.0,1.55
35307,Gonorrhea,280.0,Montana,2014.0,Female,0-14 years,0-14,3.0,91111.0,3.29
35308,Gonorrhea,280.0,Montana,2014.0,Female,15-19 years,15-19,43.0,30653.0,140.28
35309,Gonorrhea,280.0,Montana,2014.0,Female,20-24 years,20-24,67.0,35109.0,190.83
35310,Gonorrhea,280.0,Montana,2014.0,Female,25-29 years,25-29,42.0,30748.0,136.59
35311,Gonorrhea,280.0,Montana,2014.0,Female,30-34 years,30-34,37.0,31242.0,118.43
35312,Gonorrhea,280.0,Montana,2014.0,Female,35-39 years,35-39,19.0,27818.0,68.3
35313,Gonorrhea,280.0,Montana,2014.0,Female,40+ years,40+,10.0,258686.0,3.87
35314,Gonorrhea,280.0,Nebraska,1996.0,Female,0-14 years,0-14,13.0,179796.0,7.23
35315,Gonorrhea,280.0,Nebraska,1996.0,Female,15-19 years,15-19,268.0,62502.0,428.79
35316,Gonorrhea,280.0,Nebraska,1996.0,Female,20-24 years,20-24,196.0,55835.0,351.03
35317,Gonorrhea,280.0,Nebraska,1996.0,Female,25-29 years,25-29,65.0,54422.0,119.44
35318,Gonorrhea,280.0,Nebraska,1996.0,Female,30-34 years,30-34,36.0,61493.0,58.54
35319,Gonorrhea,280.0,Nebraska,1996.0,Female,35-39 years,35-39,18.0,68414.0,26.31
35320,Gonorrhea,280.0,Nebraska,1996.0,Female,40+ years,40+,13.0,369907.0,3.51
35321,Gonorrhea,280.0,Nebraska,1997.0,Female,0-14 years,0-14,20.0,180324.0,11.09
35322,Gonorrhea,280.0,Nebraska,1997.0,Female,15-19 years,15-19,265.0,64152.0,413.08
35323,Gonorrhea,280.0,Nebraska,1997.0,Female,20-24 years,20-24,204.0,56232.0,362.78
35324,Gonorrhea,280.0,Nebraska,1997.0,Female,25-29 years,25-29,74.0,54751.0,135.16
35325,Gonorrhea,280.0,Nebraska,1997.0,Female,30-34 years,30-34,51.0,58945.0,86.52
35326,Gonorrhea,280.0,Nebraska,1997.0,Female,35-39 years,35-39,32.0,68121.0,46.98
35327,Gonorrhea,280.0,Nebraska,1997.0,Female,40+ years,40+,12.0,375413.0,3.2
35328,Gonorrhea,280.0,Nebraska,1997.0,Female,Unknown,99,12.0,,
35329,Gonorrhea,280.0,Nebraska,1998.0,Female,0-14 years,0-14,17.0,180620.0,9.41
35330,Gonorrhea,280.0,Nebraska,1998.0,Female,15-19 years,15-19,316.0,65416.0,483.06
35331,Gonorrhea,280.0,Nebraska,1998.0,Female,20-24 years,20-24,197.0,56959.0,345.86
35332,Gonorrhea,280.0,Nebraska,1998.0,Female,25-29 years,25-29,83.0,54870.0,151.27
35333,Gonorrhea,280.0,Nebraska,1998.0,Female,30-34 years,30-34,35.0,56451.0,62.0
35334,Gonorrhea,280.0,Nebraska,1998.0,Female,35-39 years,35-39,19.0,67343.0,28.21
35335,Gonorrhea,280.0,Nebraska,1998.0,Female,40+ years,40+,11.0,380329.0,2.89
35336,Gonorrhea,280.0,Nebraska,1998.0,Female,Unknown,99,5.0,,
35337,Gonorrhea,280.0,Nebraska,1999.0,Female,0-14 years,0-14,25.0,180880.0,13.82
35338,Gonorrhea,280.0,Nebraska,1999.0,Female,15-19 years,15-19,316.0,65795.0,480.28
35339,Gonorrhea,280.0,Nebraska,1999.0,Female,20-24 years,20-24,271.0,58005.0,467.2
35340,Gonorrhea,280.0,Nebraska,1999.0,Female,25-29 years,25-29,100.0,54719.0,182.75
35341,Gonorrhea,280.0,Nebraska,1999.0,Female,30-34 years,30-34,45.0,54772.0,82.16
35342,Gonorrhea,280.0,Nebraska,1999.0,Female,35-39 years,35-39,25.0,66174.0,37.78
35343,Gonorrhea,280.0,Nebraska,1999.0,Female,40+ years,40+,14.0,385186.0,3.63
35344,Gonorrhea,280.0,Nebraska,1999.0,Female,Unknown,99,18.0,,
35345,Gonorrhea,280.0,Nebraska,2000.0,Female,0-14 years,0-14,18.0,177888.0,10.12
35346,Gonorrhea,280.0,Nebraska,2000.0,Female,15-19 years,15-19,335.0,65381.0,512.38
35347,Gonorrhea,280.0,Nebraska,2000.0,Female,20-24 years,20-24,266.0,59926.0,443.88
35348,Gonorrhea,280.0,Nebraska,2000.0,Female,25-29 years,25-29,96.0,54743.0,175.37
35349,Gonorrhea,280.0,Nebraska,2000.0,Female,30-34 years,30-34,36.0,54933.0,65.53
35350,Gonorrhea,280.0,Nebraska,2000.0,Female,35-39 years,35-39,27.0,64369.0,41.95
35351,Gonorrhea,280.0,Nebraska,2000.0,Female,40+ years,40+,13.0,391614.0,3.32
35352,Gonorrhea,280.0,Nebraska,2000.0,Female,Unknown,99,58.0,,
35353,Gonorrhea,280.0,Nebraska,2001.0,Female,0-14 years,0-14,27.0,177463.0,15.21
35354,Gonorrhea,280.0,Nebraska,2001.0,Female,15-19 years,15-19,251.0,65092.0,385.61
35355,Gonorrhea,280.0,Nebraska,2001.0,Female,20-24 years,20-24,212.0,61738.0,343.39
35356,Gonorrhea,280.0,Nebraska,2001.0,Female,25-29 years,25-29,70.0,54287.0,128.94
35357,Gonorrhea,280.0,Nebraska,2001.0,Female,30-34 years,30-34,27.0,54971.0,49.12
35358,Gonorrhea,280.0,Nebraska,2001.0,Female,35-39 years,35-39,15.0,61672.0,24.32
35359,Gonorrhea,280.0,Nebraska,2001.0,Female,40+ years,40+,15.0,396395.0,3.78
35360,Gonorrhea,280.0,Nebraska,2001.0,Female,Unknown,99,54.0,,
35361,Gonorrhea,280.0,Nebraska,2002.0,Female,0-14 years,0-14,14.0,176398.0,7.94
35362,Gonorrhea,280.0,Nebraska,2002.0,Female,15-19 years,15-19,371.0,64619.0,574.13
35363,Gonorrhea,280.0,Nebraska,2002.0,Female,20-24 years,20-24,298.0,63802.0,467.07
35364,Gonorrhea,280.0,Nebraska,2002.0,Female,25-29 years,25-29,91.0,54673.0,166.44
35365,Gonorrhea,280.0,Nebraska,2002.0,Female,30-34 years,30-34,39.0,55551.0,70.21
35366,Gonorrhea,280.0,Nebraska,2002.0,Female,35-39 years,35-39,25.0,59185.0,42.24
35367,Gonorrhea,280.0,Nebraska,2002.0,Female,40+ years,40+,13.0,401457.0,3.24
35368,Gonorrhea,280.0,Nebraska,2002.0,Female,Unknown,99,58.0,,
35369,Gonorrhea,280.0,Nebraska,2003.0,Female,0-14 years,0-14,31.0,177612.0,17.45
35370,Gonorrhea,280.0,Nebraska,2003.0,Female,15-19 years,15-19,329.0,64074.0,513.47
35371,Gonorrhea,280.0,Nebraska,2003.0,Female,20-24 years,20-24,323.0,65331.0,494.4
35372,Gonorrhea,280.0,Nebraska,2003.0,Female,25-29 years,25-29,125.0,55848.0,223.82
35373,Gonorrhea,280.0,Nebraska,2003.0,Female,30-34 years,30-34,54.0,54593.0,98.91
35374,Gonorrhea,280.0,Nebraska,2003.0,Female,35-39 years,35-39,32.0,56509.0,56.63
35375,Gonorrhea,280.0,Nebraska,2003.0,Female,40+ years,40+,23.0,406040.0,5.66
35376,Gonorrhea,280.0,Nebraska,2003.0,Female,Unknown,99,7.0,,
35377,Gonorrhea,280.0,Nebraska,2004.0,Female,0-14 years,0-14,12.0,175389.0,6.84
35378,Gonorrhea,280.0,Nebraska,2004.0,Female,15-19 years,15-19,227.0,63119.0,359.64
35379,Gonorrhea,280.0,Nebraska,2004.0,Female,20-24 years,20-24,237.0,66627.0,355.71
35380,Gonorrhea,280.0,Nebraska,2004.0,Female,25-29 years,25-29,91.0,57550.0,158.12
35381,Gonorrhea,280.0,Nebraska,2004.0,Female,30-34 years,30-34,33.0,54358.0,60.71
35382,Gonorrhea,280.0,Nebraska,2004.0,Female,35-39 years,35-39,19.0,55219.0,34.41
35383,Gonorrhea,280.0,Nebraska,2004.0,Female,40+ years,40+,21.0,411324.0,5.11
35384,Gonorrhea,280.0,Nebraska,2004.0,Female,Unknown,99,16.0,,
35385,Gonorrhea,280.0,Nebraska,2005.0,Female,0-14 years,0-14,16.0,173837.0,9.2
35386,Gonorrhea,280.0,Nebraska,2005.0,Female,15-19 years,15-19,226.0,62709.0,360.39
35387,Gonorrhea,280.0,Nebraska,2005.0,Female,20-24 years,20-24,263.0,66751.0,394.0
35388,Gonorrhea,280.0,Nebraska,2005.0,Female,25-29 years,25-29,101.0,59643.0,169.34
35389,Gonorrhea,280.0,Nebraska,2005.0,Female,30-34 years,30-34,36.0,54287.0,66.31
35390,Gonorrhea,280.0,Nebraska,2005.0,Female,35-39 years,35-39,20.0,54737.0,36.54
35391,Gonorrhea,280.0,Nebraska,2005.0,Female,40+ years,40+,15.0,417069.0,3.6
35392,Gonorrhea,280.0,Nebraska,2005.0,Female,Unknown,99,11.0,,
35393,Gonorrhea,280.0,Nebraska,2006.0,Female,0-14 years,0-14,20.0,179492.0,11.14
35394,Gonorrhea,280.0,Nebraska,2006.0,Female,15-19 years,15-19,305.0,63255.0,482.18
35395,Gonorrhea,280.0,Nebraska,2006.0,Female,20-24 years,20-24,315.0,66467.0,473.92
35396,Gonorrhea,280.0,Nebraska,2006.0,Female,25-29 years,25-29,141.0,56584.0,249.19
35397,Gonorrhea,280.0,Nebraska,2006.0,Female,30-34 years,30-34,45.0,53522.0,84.08
35398,Gonorrhea,280.0,Nebraska,2006.0,Female,35-39 years,35-39,18.0,55125.0,32.65
35399,Gonorrhea,280.0,Nebraska,2006.0,Female,40+ years,40+,19.0,417132.0,4.55
35400,Gonorrhea,280.0,Nebraska,2006.0,Female,Unknown,99,2.0,,
35401,Gonorrhea,280.0,Nebraska,2007.0,Female,0-14 years,0-14,14.0,180290.0,7.77
35402,Gonorrhea,280.0,Nebraska,2007.0,Female,15-19 years,15-19,300.0,63223.0,474.51
35403,Gonorrhea,280.0,Nebraska,2007.0,Female,20-24 years,20-24,340.0,65621.0,518.13
35404,Gonorrhea,280.0,Nebraska,2007.0,Female,25-29 years,25-29,122.0,58490.0,208.58
35405,Gonorrhea,280.0,Nebraska,2007.0,Female,30-34 years,30-34,44.0,52483.0,83.84
35406,Gonorrhea,280.0,Nebraska,2007.0,Female,35-39 years,35-39,10.0,55021.0,18.17
35407,Gonorrhea,280.0,Nebraska,2007.0,Female,40+ years,40+,17.0,420052.0,4.05
35408,Gonorrhea,280.0,Nebraska,2008.0,Female,0-14 years,0-14,10.0,181619.0,5.51
35409,Gonorrhea,280.0,Nebraska,2008.0,Female,15-19 years,15-19,352.0,62618.0,562.14
35410,Gonorrhea,280.0,Nebraska,2008.0,Female,20-24 years,20-24,317.0,65298.0,485.47
35411,Gonorrhea,280.0,Nebraska,2008.0,Female,25-29 years,25-29,129.0,59951.0,215.18
35412,Gonorrhea,280.0,Nebraska,2008.0,Female,30-34 years,30-34,52.0,52440.0,99.16
35413,Gonorrhea,280.0,Nebraska,2008.0,Female,35-39 years,35-39,16.0,54658.0,29.27
35414,Gonorrhea,280.0,Nebraska,2008.0,Female,40+ years,40+,15.0,422568.0,3.55
35415,Gonorrhea,280.0,Nebraska,2009.0,Female,0-14 years,0-14,10.0,184075.0,5.43
35416,Gonorrhea,280.0,Nebraska,2009.0,Female,15-19 years,15-19,252.0,63873.0,394.53
35417,Gonorrhea,280.0,Nebraska,2009.0,Female,20-24 years,20-24,304.0,68771.0,442.05
35418,Gonorrhea,280.0,Nebraska,2009.0,Female,25-29 years,25-29,151.0,60985.0,247.6
35419,Gonorrhea,280.0,Nebraska,2009.0,Female,30-34 years,30-34,68.0,51702.0,131.52
35420,Gonorrhea,280.0,Nebraska,2009.0,Female,35-39 years,35-39,19.0,53164.0,35.74
35421,Gonorrhea,280.0,Nebraska,2009.0,Female,40+ years,40+,16.0,422397.0,3.79
35422,Gonorrhea,280.0,Nebraska,2009.0,Female,Unknown,99,1.0,,
35423,Gonorrhea,280.0,Nebraska,2010.0,Female,0-14 years,0-14,7.0,187338.0,3.74
35424,Gonorrhea,280.0,Nebraska,2010.0,Female,15-19 years,15-19,189.0,62897.0,300.49
35425,Gonorrhea,280.0,Nebraska,2010.0,Female,20-24 years,20-24,270.0,63044.0,428.27
35426,Gonorrhea,280.0,Nebraska,2010.0,Female,25-29 years,25-29,131.0,63185.0,207.33
35427,Gonorrhea,280.0,Nebraska,2010.0,Female,30-34 years,30-34,48.0,57015.0,84.19
35428,Gonorrhea,280.0,Nebraska,2010.0,Female,35-39 years,35-39,22.0,54318.0,40.5
35429,Gonorrhea,280.0,Nebraska,2010.0,Female,40+ years,40+,8.0,432248.0,1.85
35430,Gonorrhea,280.0,Nebraska,2011.0,Female,0-14 years,0-14,13.0,188246.0,6.91
35431,Gonorrhea,280.0,Nebraska,2011.0,Female,15-19 years,15-19,276.0,63539.0,434.38
35432,Gonorrhea,280.0,Nebraska,2011.0,Female,20-24 years,20-24,323.0,63186.0,511.19
35433,Gonorrhea,280.0,Nebraska,2011.0,Female,25-29 years,25-29,127.0,62836.0,202.11
35434,Gonorrhea,280.0,Nebraska,2011.0,Female,30-34 years,30-34,37.0,59340.0,62.35
35435,Gonorrhea,280.0,Nebraska,2011.0,Female,35-39 years,35-39,33.0,53645.0,61.52
35436,Gonorrhea,280.0,Nebraska,2011.0,Female,40+ years,40+,14.0,436600.0,3.21
35437,Gonorrhea,280.0,Nebraska,2012.0,Female,0-14 years,0-14,7.0,190272.0,3.68
35438,Gonorrhea,280.0,Nebraska,2012.0,Female,15-19 years,15-19,246.0,62418.0,394.12
35439,Gonorrhea,280.0,Nebraska,2012.0,Female,20-24 years,20-24,270.0,64179.0,420.7
35440,Gonorrhea,280.0,Nebraska,2012.0,Female,25-29 years,25-29,143.0,62218.0,229.84
35441,Gonorrhea,280.0,Nebraska,2012.0,Female,30-34 years,30-34,73.0,61115.0,119.45
35442,Gonorrhea,280.0,Nebraska,2012.0,Female,35-39 years,35-39,19.0,53630.0,35.43
35443,Gonorrhea,280.0,Nebraska,2012.0,Female,40+ years,40+,25.0,439391.0,5.69
35444,Gonorrhea,280.0,Nebraska,2012.0,Female,Unknown,99,1.0,,
35445,Gonorrhea,280.0,Nebraska,2013.0,Female,0-14 years,0-14,8.0,190607.0,4.2
35446,Gonorrhea,280.0,Nebraska,2013.0,Female,15-19 years,15-19,183.0,62364.0,293.44
35447,Gonorrhea,280.0,Nebraska,2013.0,Female,20-24 years,20-24,261.0,65657.0,397.52
35448,Gonorrhea,280.0,Nebraska,2013.0,Female,25-29 years,25-29,122.0,60902.0,200.32
35449,Gonorrhea,280.0,Nebraska,2013.0,Female,30-34 years,30-34,61.0,62843.0,97.07
35450,Gonorrhea,280.0,Nebraska,2013.0,Female,35-39 years,35-39,21.0,54856.0,38.28
35451,Gonorrhea,280.0,Nebraska,2013.0,Female,40+ years,40+,36.0,441461.0,8.15
35452,Gonorrhea,280.0,Nebraska,2013.0,Female,Unknown,99,2.0,,
35453,Gonorrhea,280.0,Nebraska,2014.0,Female,0-14 years,0-14,9.0,190607.0,4.72
35454,Gonorrhea,280.0,Nebraska,2014.0,Female,15-19 years,15-19,166.0,62364.0,266.18
35455,Gonorrhea,280.0,Nebraska,2014.0,Female,20-24 years,20-24,301.0,65657.0,458.44
35456,Gonorrhea,280.0,Nebraska,2014.0,Female,25-29 years,25-29,145.0,60902.0,238.09
35457,Gonorrhea,280.0,Nebraska,2014.0,Female,30-34 years,30-34,79.0,62843.0,125.71
35458,Gonorrhea,280.0,Nebraska,2014.0,Female,35-39 years,35-39,32.0,54856.0,58.33
35459,Gonorrhea,280.0,Nebraska,2014.0,Female,40+ years,40+,38.0,441461.0,8.61
35460,Gonorrhea,280.0,Nevada,1996.0,Female,0-14 years,0-14,14.0,173694.0,8.06
35461,Gonorrhea,280.0,Nevada,1996.0,Female,15-19 years,15-19,146.0,48966.0,298.17
35462,Gonorrhea,280.0,Nevada,1996.0,Female,20-24 years,20-24,112.0,48692.0,230.02
35463,Gonorrhea,280.0,Nevada,1996.0,Female,25-29 years,25-29,44.0,62048.0,70.91
35464,Gonorrhea,280.0,Nevada,1996.0,Female,30-34 years,30-34,22.0,74993.0,29.34
35465,Gonorrhea,280.0,Nevada,1996.0,Female,35-39 years,35-39,17.0,69476.0,24.47
35466,Gonorrhea,280.0,Nevada,1996.0,Female,40+ years,40+,18.0,341003.0,5.28
35467,Gonorrhea,280.0,Nevada,1997.0,Female,0-14 years,0-14,15.0,183177.0,8.19
35468,Gonorrhea,280.0,Nevada,1997.0,Female,15-19 years,15-19,118.0,52831.0,223.35
35469,Gonorrhea,280.0,Nevada,1997.0,Female,20-24 years,20-24,68.0,52103.0,130.51
35470,Gonorrhea,280.0,Nevada,1997.0,Female,25-29 years,25-29,52.0,64459.0,80.67
35471,Gonorrhea,280.0,Nevada,1997.0,Female,30-34 years,30-34,31.0,76535.0,40.5
35472,Gonorrhea,280.0,Nevada,1997.0,Female,35-39 years,35-39,13.0,73233.0,17.75
35473,Gonorrhea,280.0,Nevada,1997.0,Female,40+ years,40+,16.0,364465.0,4.39
35474,Gonorrhea,280.0,Nevada,1997.0,Female,Unknown,99,4.0,,
35475,Gonorrhea,280.0,Nevada,1998.0,Female,0-14 years,0-14,32.0,193756.0,16.52
35476,Gonorrhea,280.0,Nevada,1998.0,Female,15-19 years,15-19,233.0,56383.0,413.25
35477,Gonorrhea,280.0,Nevada,1998.0,Female,20-24 years,20-24,152.0,55088.0,275.92
35478,Gonorrhea,280.0,Nevada,1998.0,Female,25-29 years,25-29,80.0,66919.0,119.55
35479,Gonorrhea,280.0,Nevada,1998.0,Female,30-34 years,30-34,46.0,76250.0,60.33
35480,Gonorrhea,280.0,Nevada,1998.0,Female,35-39 years,35-39,25.0,75924.0,32.93
35481,Gonorrhea,280.0,Nevada,1998.0,Female,40+ years,40+,22.0,385873.0,5.7
35482,Gonorrhea,280.0,Nevada,1998.0,Female,Unknown,99,1.0,,
35483,Gonorrhea,280.0,Nevada,1999.0,Female,0-14 years,0-14,20.0,203934.0,9.81
35484,Gonorrhea,280.0,Nevada,1999.0,Female,15-19 years,15-19,208.0,59135.0,351.74
35485,Gonorrhea,280.0,Nevada,1999.0,Female,20-24 years,20-24,110.0,58798.0,187.08
35486,Gonorrhea,280.0,Nevada,1999.0,Female,25-29 years,25-29,70.0,69222.0,101.12
35487,Gonorrhea,280.0,Nevada,1999.0,Female,30-34 years,30-34,24.0,75409.0,31.83
35488,Gonorrhea,280.0,Nevada,1999.0,Female,35-39 years,35-39,24.0,77956.0,30.79
35489,Gonorrhea,280.0,Nevada,1999.0,Female,40+ years,40+,23.0,404968.0,5.68
35490,Gonorrhea,280.0,Nevada,1999.0,Female,Unknown,99,1.0,,
35491,Gonorrhea,280.0,Nevada,2000.0,Female,0-14 years,0-14,21.0,224953.0,9.34
35492,Gonorrhea,280.0,Nevada,2000.0,Female,15-19 years,15-19,248.0,62828.0,394.73
35493,Gonorrhea,280.0,Nevada,2000.0,Female,20-24 years,20-24,174.0,61084.0,284.85
35494,Gonorrhea,280.0,Nevada,2000.0,Female,25-29 years,25-29,73.0,70255.0,103.91
35495,Gonorrhea,280.0,Nevada,2000.0,Female,30-34 years,30-34,41.0,74440.0,55.08
35496,Gonorrhea,280.0,Nevada,2000.0,Female,35-39 years,35-39,34.0,77555.0,43.84
35497,Gonorrhea,280.0,Nevada,2000.0,Female,40+ years,40+,24.0,419056.0,5.73
35498,Gonorrhea,280.0,Nevada,2000.0,Female,Unknown,99,3.0,,
35499,Gonorrhea,280.0,Nevada,2001.0,Female,0-14 years,0-14,31.0,227917.0,13.6
35500,Gonorrhea,280.0,Nevada,2001.0,Female,15-19 years,15-19,286.0,65248.0,438.33
35501,Gonorrhea,280.0,Nevada,2001.0,Female,20-24 years,20-24,216.0,63116.0,342.23
35502,Gonorrhea,280.0,Nevada,2001.0,Female,25-29 years,25-29,106.0,72222.0,146.77
35503,Gonorrhea,280.0,Nevada,2001.0,Female,30-34 years,30-34,55.0,79598.0,69.1
35504,Gonorrhea,280.0,Nevada,2001.0,Female,35-39 years,35-39,21.0,79476.0,26.42
35505,Gonorrhea,280.0,Nevada,2001.0,Female,40+ years,40+,33.0,441557.0,7.47
35506,Gonorrhea,280.0,Nevada,2001.0,Female,Unknown,99,13.0,,
35507,Gonorrhea,280.0,Nevada,2002.0,Female,0-14 years,0-14,33.0,236275.0,13.97
35508,Gonorrhea,280.0,Nevada,2002.0,Female,15-19 years,15-19,344.0,67974.0,506.08
35509,Gonorrhea,280.0,Nevada,2002.0,Female,20-24 years,20-24,236.0,64103.0,368.16
35510,Gonorrhea,280.0,Nevada,2002.0,Female,25-29 years,25-29,137.0,73369.0,186.73
35511,Gonorrhea,280.0,Nevada,2002.0,Female,30-34 years,30-34,103.0,83142.0,123.88
35512,Gonorrhea,280.0,Nevada,2002.0,Female,35-39 years,35-39,55.0,80268.0,68.52
35513,Gonorrhea,280.0,Nevada,2002.0,Female,40+ years,40+,44.0,461278.0,9.54
35514,Gonorrhea,280.0,Nevada,2002.0,Female,Unknown,99,13.0,,
35515,Gonorrhea,280.0,Nevada,2003.0,Female,0-14 years,0-14,25.0,239620.0,10.43
35516,Gonorrhea,280.0,Nevada,2003.0,Female,15-19 years,15-19,328.0,70262.0,466.82
35517,Gonorrhea,280.0,Nevada,2003.0,Female,20-24 years,20-24,326.0,68324.0,477.14
35518,Gonorrhea,280.0,Nevada,2003.0,Female,25-29 years,25-29,166.0,77489.0,214.22
35519,Gonorrhea,280.0,Nevada,2003.0,Female,30-34 years,30-34,110.0,86764.0,126.78
35520,Gonorrhea,280.0,Nevada,2003.0,Female,35-39 years,35-39,43.0,81845.0,52.54
35521,Gonorrhea,280.0,Nevada,2003.0,Female,40+ years,40+,57.0,474949.0,12.0
35522,Gonorrhea,280.0,Nevada,2003.0,Female,Unknown,99,7.0,,
35523,Gonorrhea,280.0,Nevada,2004.0,Female,0-14 years,0-14,33.0,247945.0,13.31
35524,Gonorrhea,280.0,Nevada,2004.0,Female,15-19 years,15-19,431.0,74312.0,579.99
35525,Gonorrhea,280.0,Nevada,2004.0,Female,20-24 years,20-24,423.0,72119.0,586.53
35526,Gonorrhea,280.0,Nevada,2004.0,Female,25-29 years,25-29,238.0,80427.0,295.92
35527,Gonorrhea,280.0,Nevada,2004.0,Female,30-34 years,30-34,132.0,89262.0,147.88
35528,Gonorrhea,280.0,Nevada,2004.0,Female,35-39 years,35-39,72.0,83741.0,85.98
35529,Gonorrhea,280.0,Nevada,2004.0,Female,40+ years,40+,82.0,498162.0,16.46
35530,Gonorrhea,280.0,Nevada,2004.0,Female,Unknown,99,6.0,,
35531,Gonorrhea,280.0,Nevada,2005.0,Female,0-14 years,0-14,33.0,253597.0,13.01
35532,Gonorrhea,280.0,Nevada,2005.0,Female,15-19 years,15-19,402.0,78196.0,514.09
35533,Gonorrhea,280.0,Nevada,2005.0,Female,20-24 years,20-24,418.0,75773.0,551.65
35534,Gonorrhea,280.0,Nevada,2005.0,Female,25-29 years,25-29,215.0,82817.0,259.61
35535,Gonorrhea,280.0,Nevada,2005.0,Female,30-34 years,30-34,138.0,90174.0,153.04
35536,Gonorrhea,280.0,Nevada,2005.0,Female,35-39 years,35-39,62.0,86636.0,71.56
35537,Gonorrhea,280.0,Nevada,2005.0,Female,40+ years,40+,71.0,518238.0,13.7
35538,Gonorrhea,280.0,Nevada,2005.0,Female,Unknown,99,4.0,,
35539,Gonorrhea,280.0,Nevada,2006.0,Female,0-14 years,0-14,28.0,258684.0,10.82
35540,Gonorrhea,280.0,Nevada,2006.0,Female,15-19 years,15-19,418.0,76775.0,544.45
35541,Gonorrhea,280.0,Nevada,2006.0,Female,20-24 years,20-24,365.0,75778.0,481.67
35542,Gonorrhea,280.0,Nevada,2006.0,Female,25-29 years,25-29,195.0,94562.0,206.21
35543,Gonorrhea,280.0,Nevada,2006.0,Female,30-34 years,30-34,99.0,87109.0,113.65
35544,Gonorrhea,280.0,Nevada,2006.0,Female,35-39 years,35-39,66.0,89905.0,73.41
35545,Gonorrhea,280.0,Nevada,2006.0,Female,40+ years,40+,80.0,543822.0,14.71
35546,Gonorrhea,280.0,Nevada,2006.0,Female,Unknown,99,6.0,,
35547,Gonorrhea,280.0,Nevada,2007.0,Female,0-14 years,0-14,38.0,268506.0,14.15
35548,Gonorrhea,280.0,Nevada,2007.0,Female,15-19 years,15-19,405.0,78729.0,514.42
35549,Gonorrhea,280.0,Nevada,2007.0,Female,20-24 years,20-24,319.0,73567.0,433.62
35550,Gonorrhea,280.0,Nevada,2007.0,Female,25-29 years,25-29,148.0,95613.0,154.79
35551,Gonorrhea,280.0,Nevada,2007.0,Female,30-34 years,30-34,67.0,87793.0,76.32
35552,Gonorrhea,280.0,Nevada,2007.0,Female,35-39 years,35-39,45.0,92174.0,48.82
35553,Gonorrhea,280.0,Nevada,2007.0,Female,40+ years,40+,39.0,562251.0,6.94
35554,Gonorrhea,280.0,Nevada,2007.0,Female,Unknown,99,5.0,,
35555,Gonorrhea,280.0,Nevada,2008.0,Female,0-14 years,0-14,17.0,272666.0,6.23
35556,Gonorrhea,280.0,Nevada,2008.0,Female,15-19 years,15-19,372.0,79683.0,466.85
35557,Gonorrhea,280.0,Nevada,2008.0,Female,20-24 years,20-24,324.0,73753.0,439.3
35558,Gonorrhea,280.0,Nevada,2008.0,Female,25-29 years,25-29,140.0,95133.0,147.16
35559,Gonorrhea,280.0,Nevada,2008.0,Female,30-34 years,30-34,60.0,89371.0,67.14
35560,Gonorrhea,280.0,Nevada,2008.0,Female,35-39 years,35-39,43.0,92431.0,46.52
35561,Gonorrhea,280.0,Nevada,2008.0,Female,40+ years,40+,52.0,572540.0,9.08
35562,Gonorrhea,280.0,Nevada,2008.0,Female,Unknown,99,4.0,,
35563,Gonorrhea,280.0,Nevada,2009.0,Female,0-14 years,0-14,20.0,278923.0,7.17
35564,Gonorrhea,280.0,Nevada,2009.0,Female,15-19 years,15-19,306.0,81858.0,373.82
35565,Gonorrhea,280.0,Nevada,2009.0,Female,20-24 years,20-24,250.0,79736.0,313.54
35566,Gonorrhea,280.0,Nevada,2009.0,Female,25-29 years,25-29,106.0,97286.0,108.96
35567,Gonorrhea,280.0,Nevada,2009.0,Female,30-34 years,30-34,63.0,90601.0,69.54
35568,Gonorrhea,280.0,Nevada,2009.0,Female,35-39 years,35-39,42.0,90773.0,46.27
35569,Gonorrhea,280.0,Nevada,2009.0,Female,40+ years,40+,38.0,577862.0,6.58
35570,Gonorrhea,280.0,Nevada,2009.0,Female,Unknown,99,1.0,,
35571,Gonorrhea,280.0,Nevada,2010.0,Female,0-14 years,0-14,13.0,270511.0,4.81
35572,Gonorrhea,280.0,Nevada,2010.0,Female,15-19 years,15-19,344.0,88527.0,388.58
35573,Gonorrhea,280.0,Nevada,2010.0,Female,20-24 years,20-24,256.0,86361.0,296.43
35574,Gonorrhea,280.0,Nevada,2010.0,Female,25-29 years,25-29,103.0,96343.0,106.91
35575,Gonorrhea,280.0,Nevada,2010.0,Female,30-34 years,30-34,42.0,92840.0,45.24
35576,Gonorrhea,280.0,Nevada,2010.0,Female,35-39 years,35-39,34.0,93687.0,36.29
35577,Gonorrhea,280.0,Nevada,2010.0,Female,40+ years,40+,38.0,608666.0,6.24
35578,Gonorrhea,280.0,Nevada,2011.0,Female,0-14 years,0-14,20.0,270263.0,7.4
35579,Gonorrhea,280.0,Nevada,2011.0,Female,15-19 years,15-19,312.0,85229.0,366.07
35580,Gonorrhea,280.0,Nevada,2011.0,Female,20-24 years,20-24,259.0,89876.0,288.18
35581,Gonorrhea,280.0,Nevada,2011.0,Female,25-29 years,25-29,111.0,95822.0,115.84
35582,Gonorrhea,280.0,Nevada,2011.0,Female,30-34 years,30-34,72.0,94310.0,76.34
35583,Gonorrhea,280.0,Nevada,2011.0,Female,35-39 years,35-39,46.0,90654.0,50.74
35584,Gonorrhea,280.0,Nevada,2011.0,Female,40+ years,40+,58.0,622610.0,9.32
35585,Gonorrhea,280.0,Nevada,2011.0,Female,Unknown,99,1.0,,
35586,Gonorrhea,280.0,Nevada,2012.0,Female,0-14 years,0-14,20.0,269673.0,7.42
35587,Gonorrhea,280.0,Nevada,2012.0,Female,15-19 years,15-19,287.0,85608.0,335.25
35588,Gonorrhea,280.0,Nevada,2012.0,Female,20-24 years,20-24,317.0,92547.0,342.53
35589,Gonorrhea,280.0,Nevada,2012.0,Female,25-29 years,25-29,149.0,95155.0,156.59
35590,Gonorrhea,280.0,Nevada,2012.0,Female,30-34 years,30-34,93.0,95679.0,97.2
35591,Gonorrhea,280.0,Nevada,2012.0,Female,35-39 years,35-39,37.0,90459.0,40.9
35592,Gonorrhea,280.0,Nevada,2012.0,Female,40+ years,40+,79.0,638603.0,12.37
35593,Gonorrhea,280.0,Nevada,2013.0,Female,0-14 years,0-14,20.0,268880.0,7.44
35594,Gonorrhea,280.0,Nevada,2013.0,Female,15-19 years,15-19,347.0,85807.0,404.4
35595,Gonorrhea,280.0,Nevada,2013.0,Female,20-24 years,20-24,367.0,92425.0,397.08
35596,Gonorrhea,280.0,Nevada,2013.0,Female,25-29 years,25-29,211.0,96069.0,219.63
35597,Gonorrhea,280.0,Nevada,2013.0,Female,30-34 years,30-34,123.0,97136.0,126.63
35598,Gonorrhea,280.0,Nevada,2013.0,Female,35-39 years,35-39,61.0,90794.0,67.19
35599,Gonorrhea,280.0,Nevada,2013.0,Female,40+ years,40+,73.0,653591.0,11.17
35600,Gonorrhea,280.0,Nevada,2013.0,Female,Unknown,99,1.0,,
35601,Gonorrhea,280.0,Nevada,2014.0,Female,0-14 years,0-14,21.0,268880.0,7.81
35602,Gonorrhea,280.0,Nevada,2014.0,Female,15-19 years,15-19,307.0,85807.0,357.78
35603,Gonorrhea,280.0,Nevada,2014.0,Female,20-24 years,20-24,382.0,92425.0,413.31
35604,Gonorrhea,280.0,Nevada,2014.0,Female,25-29 years,25-29,256.0,96069.0,266.48
35605,Gonorrhea,280.0,Nevada,2014.0,Female,30-34 years,30-34,160.0,97136.0,164.72
35606,Gonorrhea,280.0,Nevada,2014.0,Female,35-39 years,35-39,78.0,90794.0,85.91
35607,Gonorrhea,280.0,Nevada,2014.0,Female,40+ years,40+,90.0,653591.0,13.77
35608,Gonorrhea,280.0,New Hampshire,1996.0,Female,0-14 years,0-14,3.0,123280.0,2.43
35609,Gonorrhea,280.0,New Hampshire,1996.0,Female,15-19 years,15-19,43.0,37967.0,113.26
35610,Gonorrhea,280.0,New Hampshire,1996.0,Female,20-24 years,20-24,35.0,33367.0,104.89
35611,Gonorrhea,280.0,New Hampshire,1996.0,Female,25-29 years,25-29,12.0,39835.0,30.12
35612,Gonorrhea,280.0,New Hampshire,1996.0,Female,30-34 years,30-34,1.0,49289.0,2.03
35613,Gonorrhea,280.0,New Hampshire,1996.0,Female,35-39 years,35-39,3.0,56621.0,5.3
35614,Gonorrhea,280.0,New Hampshire,1996.0,Female,40+ years,40+,2.0,257885.0,0.78
35615,Gonorrhea,280.0,New Hampshire,1997.0,Female,0-14 years,0-14,2.0,123729.0,1.62
35616,Gonorrhea,280.0,New Hampshire,1997.0,Female,15-19 years,15-19,25.0,39441.0,63.39
35617,Gonorrhea,280.0,New Hampshire,1997.0,Female,20-24 years,20-24,15.0,32656.0,45.93
35618,Gonorrhea,280.0,New Hampshire,1997.0,Female,25-29 years,25-29,5.0,39672.0,12.6
35619,Gonorrhea,280.0,New Hampshire,1997.0,Female,30-34 years,30-34,4.0,47309.0,8.46
35620,Gonorrhea,280.0,New Hampshire,1997.0,Female,35-39 years,35-39,4.0,56995.0,7.02
35621,Gonorrhea,280.0,New Hampshire,1997.0,Female,40+ years,40+,2.0,265651.0,0.75
35622,Gonorrhea,280.0,New Hampshire,1998.0,Female,15-19 years,15-19,23.0,40897.0,56.24
35623,Gonorrhea,280.0,New Hampshire,1998.0,Female,20-24 years,20-24,15.0,32929.0,45.55
35624,Gonorrhea,280.0,New Hampshire,1998.0,Female,25-29 years,25-29,2.0,38573.0,5.18
35625,Gonorrhea,280.0,New Hampshire,1998.0,Female,30-34 years,30-34,3.0,45582.0,6.58
35626,Gonorrhea,280.0,New Hampshire,1998.0,Female,35-39 years,35-39,1.0,56683.0,1.76
35627,Gonorrhea,280.0,New Hampshire,1998.0,Female,40+ years,40+,3.0,274030.0,1.09
35628,Gonorrhea,280.0,New Hampshire,1999.0,Female,15-19 years,15-19,20.0,41820.0,47.82
35629,Gonorrhea,280.0,New Hampshire,1999.0,Female,20-24 years,20-24,30.0,33683.0,89.07
35630,Gonorrhea,280.0,New Hampshire,1999.0,Female,25-29 years,25-29,7.0,37116.0,18.86
35631,Gonorrhea,280.0,New Hampshire,1999.0,Female,30-34 years,30-34,1.0,44732.0,2.24
35632,Gonorrhea,280.0,New Hampshire,1999.0,Female,35-39 years,35-39,2.0,56304.0,3.55
35633,Gonorrhea,280.0,New Hampshire,1999.0,Female,40+ years,40+,1.0,282323.0,0.35
35634,Gonorrhea,280.0,New Hampshire,2000.0,Female,0-14 years,0-14,1.0,125454.0,0.8
35635,Gonorrhea,280.0,New Hampshire,2000.0,Female,15-19 years,15-19,15.0,42762.0,35.08
35636,Gonorrhea,280.0,New Hampshire,2000.0,Female,20-24 years,20-24,20.0,35135.0,56.92
35637,Gonorrhea,280.0,New Hampshire,2000.0,Female,25-29 years,25-29,9.0,35482.0,25.36
35638,Gonorrhea,280.0,New Hampshire,2000.0,Female,35-39 years,35-39,4.0,55498.0,7.21
35639,Gonorrhea,280.0,New Hampshire,2000.0,Female,40+ years,40+,4.0,291185.0,1.37
35640,Gonorrhea,280.0,New Hampshire,2001.0,Female,15-19 years,15-19,29.0,43296.0,66.98
35641,Gonorrhea,280.0,New Hampshire,2001.0,Female,20-24 years,20-24,37.0,38281.0,96.65
35642,Gonorrhea,280.0,New Hampshire,2001.0,Female,25-29 years,25-29,14.0,34316.0,40.8
35643,Gonorrhea,280.0,New Hampshire,2001.0,Female,30-34 years,30-34,6.0,45099.0,13.3
35644,Gonorrhea,280.0,New Hampshire,2001.0,Female,35-39 years,35-39,1.0,55165.0,1.81
35645,Gonorrhea,280.0,New Hampshire,2001.0,Female,40+ years,40+,9.0,299766.0,3.0
35646,Gonorrhea,280.0,New Hampshire,2002.0,Female,0-14 years,0-14,1.0,123082.0,0.81
35647,Gonorrhea,280.0,New Hampshire,2002.0,Female,15-19 years,15-19,15.0,44127.0,33.99
35648,Gonorrhea,280.0,New Hampshire,2002.0,Female,20-24 years,20-24,28.0,40427.0,69.26
35649,Gonorrhea,280.0,New Hampshire,2002.0,Female,25-29 years,25-29,2.0,33361.0,6.0
35650,Gonorrhea,280.0,New Hampshire,2002.0,Female,30-34 years,30-34,2.0,44916.0,4.45
35651,Gonorrhea,280.0,New Hampshire,2002.0,Female,35-39 years,35-39,2.0,54135.0,3.69
35652,Gonorrhea,280.0,New Hampshire,2002.0,Female,40+ years,40+,1.0,307387.0,0.33
35653,Gonorrhea,280.0,New Hampshire,2003.0,Female,0-14 years,0-14,2.0,121389.0,1.65
35654,Gonorrhea,280.0,New Hampshire,2003.0,Female,15-19 years,15-19,24.0,45350.0,52.92
35655,Gonorrhea,280.0,New Hampshire,2003.0,Female,20-24 years,20-24,20.0,41994.0,47.63
35656,Gonorrhea,280.0,New Hampshire,2003.0,Female,25-29 years,25-29,6.0,32426.0,18.5
35657,Gonorrhea,280.0,New Hampshire,2003.0,Female,35-39 years,35-39,2.0,51890.0,3.85
35658,Gonorrhea,280.0,New Hampshire,2003.0,Female,40+ years,40+,3.0,317788.0,0.94
35659,Gonorrhea,280.0,New Hampshire,2004.0,Female,15-19 years,15-19,14.0,46577.0,30.06
35660,Gonorrhea,280.0,New Hampshire,2004.0,Female,20-24 years,20-24,26.0,42446.0,61.25
35661,Gonorrhea,280.0,New Hampshire,2004.0,Female,25-29 years,25-29,7.0,33753.0,20.74
35662,Gonorrhea,280.0,New Hampshire,2004.0,Female,35-39 years,35-39,1.0,50023.0,2.0
35663,Gonorrhea,280.0,New Hampshire,2004.0,Female,40+ years,40+,6.0,324952.0,1.85
35664,Gonorrhea,280.0,New Hampshire,2005.0,Female,15-19 years,15-19,37.0,47365.0,78.12
35665,Gonorrhea,280.0,New Hampshire,2005.0,Female,20-24 years,20-24,33.0,42318.0,77.98
35666,Gonorrhea,280.0,New Hampshire,2005.0,Female,25-29 years,25-29,9.0,35493.0,25.36
35667,Gonorrhea,280.0,New Hampshire,2005.0,Female,30-34 years,30-34,4.0,38607.0,10.36
35668,Gonorrhea,280.0,New Hampshire,2005.0,Female,35-39 years,35-39,8.0,48532.0,16.48
35669,Gonorrhea,280.0,New Hampshire,2005.0,Female,40+ years,40+,6.0,333297.0,1.8
35670,Gonorrhea,280.0,New Hampshire,2006.0,Female,15-19 years,15-19,28.0,46369.0,60.39
35671,Gonorrhea,280.0,New Hampshire,2006.0,Female,20-24 years,20-24,31.0,40935.0,75.73
35672,Gonorrhea,280.0,New Hampshire,2006.0,Female,25-29 years,25-29,16.0,37702.0,42.44
35673,Gonorrhea,280.0,New Hampshire,2006.0,Female,30-34 years,30-34,10.0,38902.0,25.71
35674,Gonorrhea,280.0,New Hampshire,2006.0,Female,35-39 years,35-39,3.0,48954.0,6.13
35675,Gonorrhea,280.0,New Hampshire,2006.0,Female,40+ years,40+,9.0,336465.0,2.67
35676,Gonorrhea,280.0,New Hampshire,2007.0,Female,15-19 years,15-19,21.0,46252.0,45.4
35677,Gonorrhea,280.0,New Hampshire,2007.0,Female,20-24 years,20-24,21.0,40509.0,51.84
35678,Gonorrhea,280.0,New Hampshire,2007.0,Female,25-29 years,25-29,9.0,37751.0,23.84
35679,Gonorrhea,280.0,New Hampshire,2007.0,Female,30-34 years,30-34,9.0,37532.0,23.98
35680,Gonorrhea,280.0,New Hampshire,2007.0,Female,35-39 years,35-39,2.0,47346.0,4.22
35681,Gonorrhea,280.0,New Hampshire,2007.0,Female,40+ years,40+,1.0,339630.0,0.29
35682,Gonorrhea,280.0,New Hampshire,2008.0,Female,0-14 years,0-14,1.0,115847.0,0.86
35683,Gonorrhea,280.0,New Hampshire,2008.0,Female,15-19 years,15-19,14.0,45541.0,30.74
35684,Gonorrhea,280.0,New Hampshire,2008.0,Female,20-24 years,20-24,18.0,40585.0,44.35
35685,Gonorrhea,280.0,New Hampshire,2008.0,Female,25-29 years,25-29,7.0,38524.0,18.17
35686,Gonorrhea,280.0,New Hampshire,2008.0,Female,30-34 years,30-34,7.0,36231.0,19.32
35687,Gonorrhea,280.0,New Hampshire,2008.0,Female,40+ years,40+,2.0,343703.0,0.58
35688,Gonorrhea,280.0,New Hampshire,2009.0,Female,0-14 years,0-14,1.0,114863.0,0.87
35689,Gonorrhea,280.0,New Hampshire,2009.0,Female,15-19 years,15-19,18.0,46736.0,38.51
35690,Gonorrhea,280.0,New Hampshire,2009.0,Female,20-24 years,20-24,17.0,44249.0,38.42
35691,Gonorrhea,280.0,New Hampshire,2009.0,Female,25-29 years,25-29,10.0,37971.0,26.34
35692,Gonorrhea,280.0,New Hampshire,2009.0,Female,30-34 years,30-34,3.0,36253.0,8.28
35693,Gonorrhea,280.0,New Hampshire,2009.0,Female,35-39 years,35-39,1.0,42904.0,2.33
35694,Gonorrhea,280.0,New Hampshire,2009.0,Female,40+ years,40+,4.0,348651.0,1.15
35695,Gonorrhea,280.0,New Hampshire,2010.0,Female,0-14 years,0-14,1.0,113458.0,0.88
35696,Gonorrhea,280.0,New Hampshire,2010.0,Female,15-19 years,15-19,13.0,45852.0,28.35
35697,Gonorrhea,280.0,New Hampshire,2010.0,Female,20-24 years,20-24,20.0,41448.0,48.25
35698,Gonorrhea,280.0,New Hampshire,2010.0,Female,25-29 years,25-29,11.0,36183.0,30.4
35699,Gonorrhea,280.0,New Hampshire,2010.0,Female,30-34 years,30-34,7.0,36050.0,19.42
35700,Gonorrhea,280.0,New Hampshire,2010.0,Female,35-39 years,35-39,2.0,41596.0,4.81
35701,Gonorrhea,280.0,New Hampshire,2010.0,Female,40+ years,40+,5.0,352489.0,1.42
35702,Gonorrhea,280.0,New Hampshire,2011.0,Female,0-14 years,0-14,1.0,110643.0,0.9
35703,Gonorrhea,280.0,New Hampshire,2011.0,Female,15-19 years,15-19,13.0,45927.0,28.31
35704,Gonorrhea,280.0,New Hampshire,2011.0,Female,20-24 years,20-24,24.0,41408.0,57.96
35705,Gonorrhea,280.0,New Hampshire,2011.0,Female,25-29 years,25-29,16.0,36503.0,43.83
35706,Gonorrhea,280.0,New Hampshire,2011.0,Female,30-34 years,30-34,2.0,36496.0,5.48
35707,Gonorrhea,280.0,New Hampshire,2011.0,Female,40+ years,40+,3.0,357363.0,0.84
35708,Gonorrhea,280.0,New Hampshire,2012.0,Female,15-19 years,15-19,17.0,45524.0,37.34
35709,Gonorrhea,280.0,New Hampshire,2012.0,Female,20-24 years,20-24,19.0,41987.0,45.25
35710,Gonorrhea,280.0,New Hampshire,2012.0,Female,25-29 years,25-29,15.0,36643.0,40.94
35711,Gonorrhea,280.0,New Hampshire,2012.0,Female,30-34 years,30-34,3.0,37117.0,8.08
35712,Gonorrhea,280.0,New Hampshire,2012.0,Female,35-39 years,35-39,3.0,37462.0,8.01
35713,Gonorrhea,280.0,New Hampshire,2012.0,Female,40+ years,40+,4.0,361160.0,1.11
35714,Gonorrhea,280.0,New Hampshire,2013.0,Female,0-14 years,0-14,1.0,107545.0,0.93
35715,Gonorrhea,280.0,New Hampshire,2013.0,Female,15-19 years,15-19,8.0,44559.0,17.95
35716,Gonorrhea,280.0,New Hampshire,2013.0,Female,20-24 years,20-24,22.0,43056.0,51.1
35717,Gonorrhea,280.0,New Hampshire,2013.0,Female,25-29 years,25-29,7.0,37307.0,18.76
35718,Gonorrhea,280.0,New Hampshire,2013.0,Female,30-34 years,30-34,3.0,37237.0,8.06
35719,Gonorrhea,280.0,New Hampshire,2013.0,Female,35-39 years,35-39,3.0,36650.0,8.19
35720,Gonorrhea,280.0,New Hampshire,2013.0,Female,40+ years,40+,8.0,363392.0,2.2
35721,Gonorrhea,280.0,New Hampshire,2014.0,Female,15-19 years,15-19,16.0,44559.0,35.91
35722,Gonorrhea,280.0,New Hampshire,2014.0,Female,20-24 years,20-24,30.0,43056.0,69.68
35723,Gonorrhea,280.0,New Hampshire,2014.0,Female,25-29 years,25-29,18.0,37307.0,48.25
35724,Gonorrhea,280.0,New Hampshire,2014.0,Female,30-34 years,30-34,12.0,37237.0,32.23
35725,Gonorrhea,280.0,New Hampshire,2014.0,Female,35-39 years,35-39,9.0,36650.0,24.56
35726,Gonorrhea,280.0,New Hampshire,2014.0,Female,40+ years,40+,6.0,363392.0,1.65
35727,Gonorrhea,280.0,New Jersey,1996.0,Female,0-14 years,0-14,120.0,830099.0,14.46
35728,Gonorrhea,280.0,New Jersey,1996.0,Female,15-19 years,15-19,1168.0,245765.0,475.25
35729,Gonorrhea,280.0,New Jersey,1996.0,Female,20-24 years,20-24,1356.0,235277.0,576.34
35730,Gonorrhea,280.0,New Jersey,1996.0,Female,25-29 years,25-29,499.0,283318.0,176.13
35731,Gonorrhea,280.0,New Jersey,1996.0,Female,30-34 years,30-34,276.0,356248.0,77.47
35732,Gonorrhea,280.0,New Jersey,1996.0,Female,35-39 years,35-39,233.0,366024.0,63.66
35733,Gonorrhea,280.0,New Jersey,1996.0,Female,40+ years,40+,94.0,1884603.0,4.99
35734,Gonorrhea,280.0,New Jersey,1997.0,Female,0-14 years,0-14,123.0,833977.0,14.75
35735,Gonorrhea,280.0,New Jersey,1997.0,Female,15-19 years,15-19,1489.0,248198.0,599.92
35736,Gonorrhea,280.0,New Jersey,1997.0,Female,20-24 years,20-24,977.0,234097.0,417.35
35737,Gonorrhea,280.0,New Jersey,1997.0,Female,25-29 years,25-29,433.0,279191.0,155.09
35738,Gonorrhea,280.0,New Jersey,1997.0,Female,30-34 years,30-34,242.0,350098.0,69.12
35739,Gonorrhea,280.0,New Jersey,1997.0,Female,35-39 years,35-39,107.0,369846.0,28.93
35740,Gonorrhea,280.0,New Jersey,1997.0,Female,40+ years,40+,76.0,1920261.0,3.96
35741,Gonorrhea,280.0,New Jersey,1997.0,Female,Unknown,99,117.0,,
35742,Gonorrhea,280.0,New Jersey,1998.0,Female,0-14 years,0-14,120.0,839729.0,14.29
35743,Gonorrhea,280.0,New Jersey,1998.0,Female,15-19 years,15-19,1566.0,250965.0,623.99
35744,Gonorrhea,280.0,New Jersey,1998.0,Female,20-24 years,20-24,1060.0,233415.0,454.13
35745,Gonorrhea,280.0,New Jersey,1998.0,Female,25-29 years,25-29,507.0,277108.0,182.96
35746,Gonorrhea,280.0,New Jersey,1998.0,Female,30-34 years,30-34,224.0,341302.0,65.63
35747,Gonorrhea,280.0,New Jersey,1998.0,Female,35-39 years,35-39,129.0,371013.0,34.77
35748,Gonorrhea,280.0,New Jersey,1998.0,Female,40+ years,40+,82.0,1955636.0,4.19
35749,Gonorrhea,280.0,New Jersey,1998.0,Female,Unknown,99,75.0,,
35750,Gonorrhea,280.0,New Jersey,1999.0,Female,0-14 years,0-14,132.0,850297.0,15.52
35751,Gonorrhea,280.0,New Jersey,1999.0,Female,15-19 years,15-19,1499.0,252487.0,593.69
35752,Gonorrhea,280.0,New Jersey,1999.0,Female,20-24 years,20-24,1165.0,234381.0,497.05
35753,Gonorrhea,280.0,New Jersey,1999.0,Female,25-29 years,25-29,516.0,274353.0,188.08
35754,Gonorrhea,280.0,New Jersey,1999.0,Female,30-34 years,30-34,225.0,331258.0,67.92
35755,Gonorrhea,280.0,New Jersey,1999.0,Female,35-39 years,35-39,132.0,370291.0,35.65
35756,Gonorrhea,280.0,New Jersey,1999.0,Female,40+ years,40+,91.0,1991204.0,4.57
35757,Gonorrhea,280.0,New Jersey,1999.0,Female,Unknown,99,64.0,,
35758,Gonorrhea,280.0,New Jersey,2000.0,Female,0-14 years,0-14,155.0,862048.0,17.98
35759,Gonorrhea,280.0,New Jersey,2000.0,Female,15-19 years,15-19,1386.0,256582.0,540.18
35760,Gonorrhea,280.0,New Jersey,2000.0,Female,20-24 years,20-24,1115.0,234943.0,474.58
35761,Gonorrhea,280.0,New Jersey,2000.0,Female,25-29 years,25-29,428.0,268456.0,159.43
35762,Gonorrhea,280.0,New Jersey,2000.0,Female,30-34 years,30-34,217.0,324409.0,66.89
35763,Gonorrhea,280.0,New Jersey,2000.0,Female,35-39 years,35-39,136.0,366552.0,37.1
35764,Gonorrhea,280.0,New Jersey,2000.0,Female,40+ years,40+,99.0,2027524.0,4.88
35765,Gonorrhea,280.0,New Jersey,2000.0,Female,Unknown,99,35.0,,
35766,Gonorrhea,280.0,New Jersey,2001.0,Female,0-14 years,0-14,135.0,865996.0,15.59
35767,Gonorrhea,280.0,New Jersey,2001.0,Female,15-19 years,15-19,1503.0,265958.0,565.13
35768,Gonorrhea,280.0,New Jersey,2001.0,Female,20-24 years,20-24,1524.0,233820.0,651.78
35769,Gonorrhea,280.0,New Jersey,2001.0,Female,25-29 years,25-29,595.0,258472.0,230.2
35770,Gonorrhea,280.0,New Jersey,2001.0,Female,30-34 years,30-34,340.0,321263.0,105.83
35771,Gonorrhea,280.0,New Jersey,2001.0,Female,35-39 years,35-39,186.0,365440.0,50.9
35772,Gonorrhea,280.0,New Jersey,2001.0,Female,40+ years,40+,147.0,2067050.0,7.11
35773,Gonorrhea,280.0,New Jersey,2001.0,Female,Unknown,99,92.0,,
35774,Gonorrhea,280.0,New Jersey,2002.0,Female,0-14 years,0-14,121.0,870938.0,13.89
35775,Gonorrhea,280.0,New Jersey,2002.0,Female,15-19 years,15-19,1515.0,274077.0,552.76
35776,Gonorrhea,280.0,New Jersey,2002.0,Female,20-24 years,20-24,1235.0,231444.0,533.61
35777,Gonorrhea,280.0,New Jersey,2002.0,Female,25-29 years,25-29,528.0,249936.0,211.25
35778,Gonorrhea,280.0,New Jersey,2002.0,Female,30-34 years,30-34,265.0,316244.0,83.8
35779,Gonorrhea,280.0,New Jersey,2002.0,Female,35-39 years,35-39,135.0,361492.0,37.35
35780,Gonorrhea,280.0,New Jersey,2002.0,Female,40+ years,40+,143.0,2112245.0,6.77
35781,Gonorrhea,280.0,New Jersey,2002.0,Female,Unknown,99,16.0,,
35782,Gonorrhea,280.0,New Jersey,2003.0,Female,0-14 years,0-14,101.0,870029.0,11.61
35783,Gonorrhea,280.0,New Jersey,2003.0,Female,15-19 years,15-19,1731.0,279639.0,619.01
35784,Gonorrhea,280.0,New Jersey,2003.0,Female,20-24 years,20-24,1493.0,244738.0,610.04
35785,Gonorrhea,280.0,New Jersey,2003.0,Female,25-29 years,25-29,570.0,247606.0,230.2
35786,Gonorrhea,280.0,New Jersey,2003.0,Female,30-34 years,30-34,286.0,307580.0,92.98
35787,Gonorrhea,280.0,New Jersey,2003.0,Female,35-39 years,35-39,153.0,352083.0,43.46
35788,Gonorrhea,280.0,New Jersey,2003.0,Female,40+ years,40+,141.0,2133109.0,6.61
35789,Gonorrhea,280.0,New Jersey,2003.0,Female,Unknown,99,75.0,,
35790,Gonorrhea,280.0,New Jersey,2004.0,Female,0-14 years,0-14,72.0,877087.0,8.21
35791,Gonorrhea,280.0,New Jersey,2004.0,Female,15-19 years,15-19,1286.0,287101.0,447.93
35792,Gonorrhea,280.0,New Jersey,2004.0,Female,20-24 years,20-24,1156.0,251272.0,460.06
35793,Gonorrhea,280.0,New Jersey,2004.0,Female,25-29 years,25-29,541.0,244470.0,221.29
35794,Gonorrhea,280.0,New Jersey,2004.0,Female,30-34 years,30-34,234.0,298205.0,78.47
35795,Gonorrhea,280.0,New Jersey,2004.0,Female,35-39 years,35-39,139.0,342295.0,40.61
35796,Gonorrhea,280.0,New Jersey,2004.0,Female,40+ years,40+,142.0,2162596.0,6.57
35797,Gonorrhea,280.0,New Jersey,2004.0,Female,Unknown,99,37.0,,
35798,Gonorrhea,280.0,New Jersey,2005.0,Female,0-14 years,0-14,63.0,874001.0,7.21
35799,Gonorrhea,280.0,New Jersey,2005.0,Female,15-19 years,15-19,1069.0,294110.0,363.47
35800,Gonorrhea,280.0,New Jersey,2005.0,Female,20-24 years,20-24,974.0,256966.0,379.04
35801,Gonorrhea,280.0,New Jersey,2005.0,Female,25-29 years,25-29,455.0,241562.0,188.36
35802,Gonorrhea,280.0,New Jersey,2005.0,Female,30-34 years,30-34,211.0,284586.0,74.14
35803,Gonorrhea,280.0,New Jersey,2005.0,Female,35-39 years,35-39,129.0,334451.0,38.57
35804,Gonorrhea,280.0,New Jersey,2005.0,Female,40+ years,40+,143.0,2183352.0,6.55
35805,Gonorrhea,280.0,New Jersey,2005.0,Female,Unknown,99,33.0,,
35806,Gonorrhea,280.0,New Jersey,2006.0,Female,0-14 years,0-14,55.0,839347.0,6.55
35807,Gonorrhea,280.0,New Jersey,2006.0,Female,15-19 years,15-19,937.0,287937.0,325.42
35808,Gonorrhea,280.0,New Jersey,2006.0,Female,20-24 years,20-24,895.0,262444.0,341.02
35809,Gonorrhea,280.0,New Jersey,2006.0,Female,25-29 years,25-29,456.0,249107.0,183.05
35810,Gonorrhea,280.0,New Jersey,2006.0,Female,30-34 years,30-34,205.0,284445.0,72.07
35811,Gonorrhea,280.0,New Jersey,2006.0,Female,35-39 years,35-39,125.0,334128.0,37.41
35812,Gonorrhea,280.0,New Jersey,2006.0,Female,40+ years,40+,140.0,2204861.0,6.35
35813,Gonorrhea,280.0,New Jersey,2006.0,Female,Unknown,99,16.0,,
35814,Gonorrhea,280.0,New Jersey,2007.0,Female,0-14 years,0-14,55.0,826832.0,6.65
35815,Gonorrhea,280.0,New Jersey,2007.0,Female,15-19 years,15-19,1112.0,287895.0,386.25
35816,Gonorrhea,280.0,New Jersey,2007.0,Female,20-24 years,20-24,1004.0,263931.0,380.4
35817,Gonorrhea,280.0,New Jersey,2007.0,Female,25-29 years,25-29,472.0,249532.0,189.15
35818,Gonorrhea,280.0,New Jersey,2007.0,Female,30-34 years,30-34,205.0,275641.0,74.37
35819,Gonorrhea,280.0,New Jersey,2007.0,Female,35-39 years,35-39,81.0,323310.0,25.05
35820,Gonorrhea,280.0,New Jersey,2007.0,Female,40+ years,40+,120.0,2209913.0,5.43
35821,Gonorrhea,280.0,New Jersey,2007.0,Female,Unknown,99,10.0,,
35822,Gonorrhea,280.0,New Jersey,2008.0,Female,0-14 years,0-14,57.0,822392.0,6.93
35823,Gonorrhea,280.0,New Jersey,2008.0,Female,15-19 years,15-19,1093.0,286330.0,381.73
35824,Gonorrhea,280.0,New Jersey,2008.0,Female,20-24 years,20-24,901.0,263756.0,341.6
35825,Gonorrhea,280.0,New Jersey,2008.0,Female,25-29 years,25-29,402.0,253003.0,158.89
35826,Gonorrhea,280.0,New Jersey,2008.0,Female,30-34 years,30-34,153.0,268947.0,56.89
35827,Gonorrhea,280.0,New Jersey,2008.0,Female,35-39 years,35-39,77.0,314404.0,24.49
35828,Gonorrhea,280.0,New Jersey,2008.0,Female,40+ years,40+,118.0,2222047.0,5.31
35829,Gonorrhea,280.0,New Jersey,2008.0,Female,Unknown,99,12.0,,
35830,Gonorrhea,280.0,New Jersey,2009.0,Female,0-14 years,0-14,36.0,824485.0,4.37
35831,Gonorrhea,280.0,New Jersey,2009.0,Female,15-19 years,15-19,901.0,281747.0,319.79
35832,Gonorrhea,280.0,New Jersey,2009.0,Female,20-24 years,20-24,824.0,260617.0,316.17
35833,Gonorrhea,280.0,New Jersey,2009.0,Female,25-29 years,25-29,320.0,270171.0,118.44
35834,Gonorrhea,280.0,New Jersey,2009.0,Female,30-34 years,30-34,158.0,270188.0,58.48
35835,Gonorrhea,280.0,New Jersey,2009.0,Female,35-39 years,35-39,76.0,297983.0,25.5
35836,Gonorrhea,280.0,New Jersey,2009.0,Female,40+ years,40+,99.0,2234204.0,4.43
35837,Gonorrhea,280.0,New Jersey,2009.0,Female,Unknown,99,21.0,,
35838,Gonorrhea,280.0,New Jersey,2010.0,Female,0-14 years,0-14,64.0,827899.0,7.73
35839,Gonorrhea,280.0,New Jersey,2010.0,Female,15-19 years,15-19,1208.0,288755.0,418.35
35840,Gonorrhea,280.0,New Jersey,2010.0,Female,20-24 years,20-24,1071.0,261808.0,409.08
35841,Gonorrhea,280.0,New Jersey,2010.0,Female,25-29 years,25-29,401.0,275364.0,145.62
35842,Gonorrhea,280.0,New Jersey,2010.0,Female,30-34 years,30-34,179.0,281296.0,63.63
35843,Gonorrhea,280.0,New Jersey,2010.0,Female,35-39 years,35-39,85.0,298981.0,28.43
35844,Gonorrhea,280.0,New Jersey,2010.0,Female,40+ years,40+,94.0,2278191.0,4.13
35845,Gonorrhea,280.0,New Jersey,2010.0,Female,Unknown,99,13.0,,
35846,Gonorrhea,280.0,New Jersey,2011.0,Female,0-14 years,0-14,64.0,820756.0,7.8
35847,Gonorrhea,280.0,New Jersey,2011.0,Female,15-19 years,15-19,1390.0,286067.0,485.9
35848,Gonorrhea,280.0,New Jersey,2011.0,Female,20-24 years,20-24,1434.0,263510.0,544.19
35849,Gonorrhea,280.0,New Jersey,2011.0,Female,25-29 years,25-29,553.0,275922.0,200.42
35850,Gonorrhea,280.0,New Jersey,2011.0,Female,30-34 years,30-34,230.0,284838.0,80.75
35851,Gonorrhea,280.0,New Jersey,2011.0,Female,35-39 years,35-39,114.0,287515.0,39.65
35852,Gonorrhea,280.0,New Jersey,2011.0,Female,40+ years,40+,112.0,2302355.0,4.86
35853,Gonorrhea,280.0,New Jersey,2011.0,Female,Unknown,99,19.0,,
35854,Gonorrhea,280.0,New Jersey,2012.0,Female,0-14 years,0-14,30.0,815044.0,3.68
35855,Gonorrhea,280.0,New Jersey,2012.0,Female,15-19 years,15-19,1049.0,285885.0,366.93
35856,Gonorrhea,280.0,New Jersey,2012.0,Female,20-24 years,20-24,1321.0,267978.0,492.95
35857,Gonorrhea,280.0,New Jersey,2012.0,Female,25-29 years,25-29,516.0,276770.0,186.44
35858,Gonorrhea,280.0,New Jersey,2012.0,Female,30-34 years,30-34,228.0,287690.0,79.25
35859,Gonorrhea,280.0,New Jersey,2012.0,Female,35-39 years,35-39,97.0,284802.0,34.06
35860,Gonorrhea,280.0,New Jersey,2012.0,Female,40+ years,40+,138.0,2322736.0,5.94
35861,Gonorrhea,280.0,New Jersey,2012.0,Female,Unknown,99,419.0,,
35862,Gonorrhea,280.0,New Jersey,2013.0,Female,0-14 years,0-14,40.0,814759.0,4.91
35863,Gonorrhea,280.0,New Jersey,2013.0,Female,15-19 years,15-19,975.0,282926.0,344.61
35864,Gonorrhea,280.0,New Jersey,2013.0,Female,20-24 years,20-24,1311.0,273742.0,478.92
35865,Gonorrhea,280.0,New Jersey,2013.0,Female,25-29 years,25-29,544.0,277109.0,196.31
35866,Gonorrhea,280.0,New Jersey,2013.0,Female,30-34 years,30-34,288.0,288361.0,99.87
35867,Gonorrhea,280.0,New Jersey,2013.0,Female,35-39 years,35-39,146.0,283439.0,51.51
35868,Gonorrhea,280.0,New Jersey,2013.0,Female,40+ years,40+,157.0,2335038.0,6.72
35869,Gonorrhea,280.0,New Jersey,2013.0,Female,Unknown,99,23.0,,
35870,Gonorrhea,280.0,New Jersey,2014.0,Female,0-14 years,0-14,43.0,814759.0,5.28
35871,Gonorrhea,280.0,New Jersey,2014.0,Female,15-19 years,15-19,881.0,282926.0,311.39
35872,Gonorrhea,280.0,New Jersey,2014.0,Female,20-24 years,20-24,1159.0,273742.0,423.39
35873,Gonorrhea,280.0,New Jersey,2014.0,Female,25-29 years,25-29,512.0,277109.0,184.76
35874,Gonorrhea,280.0,New Jersey,2014.0,Female,30-34 years,30-34,263.0,288361.0,91.21
35875,Gonorrhea,280.0,New Jersey,2014.0,Female,35-39 years,35-39,91.0,283439.0,32.11
35876,Gonorrhea,280.0,New Jersey,2014.0,Female,40+ years,40+,128.0,2335038.0,5.48
35877,Gonorrhea,280.0,New Jersey,2014.0,Female,Unknown,99,5.0,,
35878,Gonorrhea,280.0,New Mexico,1996.0,Female,0-14 years,0-14,6.0,206903.0,2.9
35879,Gonorrhea,280.0,New Mexico,1996.0,Female,15-19 years,15-19,157.0,67757.0,231.71
35880,Gonorrhea,280.0,New Mexico,1996.0,Female,20-24 years,20-24,158.0,58068.0,272.1
35881,Gonorrhea,280.0,New Mexico,1996.0,Female,25-29 years,25-29,55.0,55375.0,99.32
35882,Gonorrhea,280.0,New Mexico,1996.0,Female,30-34 years,30-34,37.0,67963.0,54.44
35883,Gonorrhea,280.0,New Mexico,1996.0,Female,35-39 years,35-39,21.0,73602.0,28.53
35884,Gonorrhea,280.0,New Mexico,1996.0,Female,40+ years,40+,13.0,359492.0,3.62
35885,Gonorrhea,280.0,New Mexico,1996.0,Female,Unknown,99,1.0,,
35886,Gonorrhea,280.0,New Mexico,1997.0,Female,0-14 years,0-14,7.0,208727.0,3.35
35887,Gonorrhea,280.0,New Mexico,1997.0,Female,15-19 years,15-19,181.0,69436.0,260.67
35888,Gonorrhea,280.0,New Mexico,1997.0,Female,20-24 years,20-24,165.0,58527.0,281.92
35889,Gonorrhea,280.0,New Mexico,1997.0,Female,25-29 years,25-29,78.0,55635.0,140.2
35890,Gonorrhea,280.0,New Mexico,1997.0,Female,30-34 years,30-34,28.0,65103.0,43.01
35891,Gonorrhea,280.0,New Mexico,1997.0,Female,35-39 years,35-39,25.0,73461.0,34.03
35892,Gonorrhea,280.0,New Mexico,1997.0,Female,40+ years,40+,19.0,370144.0,5.13
35893,Gonorrhea,280.0,New Mexico,1998.0,Female,0-14 years,0-14,12.0,207573.0,5.78
35894,Gonorrhea,280.0,New Mexico,1998.0,Female,15-19 years,15-19,165.0,70837.0,232.93
35895,Gonorrhea,280.0,New Mexico,1998.0,Female,20-24 years,20-24,136.0,58919.0,230.82
35896,Gonorrhea,280.0,New Mexico,1998.0,Female,25-29 years,25-29,65.0,56647.0,114.75
35897,Gonorrhea,280.0,New Mexico,1998.0,Female,30-34 years,30-34,43.0,62496.0,68.8
35898,Gonorrhea,280.0,New Mexico,1998.0,Female,35-39 years,35-39,25.0,73312.0,34.1
35899,Gonorrhea,280.0,New Mexico,1998.0,Female,40+ years,40+,20.0,380979.0,5.25
35900,Gonorrhea,280.0,New Mexico,1998.0,Female,Unknown,99,5.0,,
35901,Gonorrhea,280.0,New Mexico,1999.0,Female,0-14 years,0-14,12.0,206953.0,5.8
35902,Gonorrhea,280.0,New Mexico,1999.0,Female,15-19 years,15-19,237.0,71114.0,333.27
35903,Gonorrhea,280.0,New Mexico,1999.0,Female,20-24 years,20-24,162.0,59377.0,272.83
35904,Gonorrhea,280.0,New Mexico,1999.0,Female,25-29 years,25-29,64.0,57285.0,111.72
35905,Gonorrhea,280.0,New Mexico,1999.0,Female,30-34 years,30-34,26.0,60318.0,43.1
35906,Gonorrhea,280.0,New Mexico,1999.0,Female,35-39 years,35-39,15.0,72356.0,20.73
35907,Gonorrhea,280.0,New Mexico,1999.0,Female,40+ years,40+,13.0,391258.0,3.32
35908,Gonorrhea,280.0,New Mexico,2000.0,Female,0-14 years,0-14,15.0,203154.0,7.38
35909,Gonorrhea,280.0,New Mexico,2000.0,Female,15-19 years,15-19,214.0,71021.0,301.32
35910,Gonorrhea,280.0,New Mexico,2000.0,Female,20-24 years,20-24,176.0,60738.0,289.77
35911,Gonorrhea,280.0,New Mexico,2000.0,Female,25-29 years,25-29,75.0,57552.0,130.32
35912,Gonorrhea,280.0,New Mexico,2000.0,Female,30-34 years,30-34,40.0,59843.0,66.84
35913,Gonorrhea,280.0,New Mexico,2000.0,Female,35-39 years,35-39,29.0,70571.0,41.09
35914,Gonorrhea,280.0,New Mexico,2000.0,Female,40+ years,40+,20.0,403270.0,4.96
35915,Gonorrhea,280.0,New Mexico,2000.0,Female,Unknown,99,4.0,,
35916,Gonorrhea,280.0,New Mexico,2001.0,Female,0-14 years,0-14,6.0,202815.0,2.96
35917,Gonorrhea,280.0,New Mexico,2001.0,Female,15-19 years,15-19,202.0,71681.0,281.8
35918,Gonorrhea,280.0,New Mexico,2001.0,Female,20-24 years,20-24,146.0,62006.0,235.46
35919,Gonorrhea,280.0,New Mexico,2001.0,Female,25-29 years,25-29,41.0,56403.0,72.69
35920,Gonorrhea,280.0,New Mexico,2001.0,Female,30-34 years,30-34,35.0,59307.0,59.02
35921,Gonorrhea,280.0,New Mexico,2001.0,Female,35-39 years,35-39,27.0,67712.0,39.87
35922,Gonorrhea,280.0,New Mexico,2001.0,Female,40+ years,40+,14.0,410913.0,3.41
35923,Gonorrhea,280.0,New Mexico,2001.0,Female,Unknown,99,1.0,,
35924,Gonorrhea,280.0,New Mexico,2002.0,Female,0-14 years,0-14,19.0,202534.0,9.38
35925,Gonorrhea,280.0,New Mexico,2002.0,Female,15-19 years,15-19,254.0,72288.0,351.37
35926,Gonorrhea,280.0,New Mexico,2002.0,Female,20-24 years,20-24,269.0,64847.0,414.82
35927,Gonorrhea,280.0,New Mexico,2002.0,Female,25-29 years,25-29,100.0,56273.0,177.71
35928,Gonorrhea,280.0,New Mexico,2002.0,Female,30-34 years,30-34,43.0,59961.0,71.71
35929,Gonorrhea,280.0,New Mexico,2002.0,Female,35-39 years,35-39,23.0,65623.0,35.05
35930,Gonorrhea,280.0,New Mexico,2002.0,Female,40+ years,40+,28.0,421374.0,6.64
35931,Gonorrhea,280.0,New Mexico,2002.0,Female,Unknown,99,4.0,,
35932,Gonorrhea,280.0,New Mexico,2003.0,Female,0-14 years,0-14,8.0,203523.0,3.93
35933,Gonorrhea,280.0,New Mexico,2003.0,Female,15-19 years,15-19,181.0,72200.0,250.69
35934,Gonorrhea,280.0,New Mexico,2003.0,Female,20-24 years,20-24,193.0,67557.0,285.69
35935,Gonorrhea,280.0,New Mexico,2003.0,Female,25-29 years,25-29,101.0,56688.0,178.17
35936,Gonorrhea,280.0,New Mexico,2003.0,Female,30-34 years,30-34,51.0,58566.0,87.08
35937,Gonorrhea,280.0,New Mexico,2003.0,Female,35-39 years,35-39,31.0,61957.0,50.03
35938,Gonorrhea,280.0,New Mexico,2003.0,Female,40+ years,40+,30.0,431668.0,6.95
35939,Gonorrhea,280.0,New Mexico,2003.0,Female,Unknown,99,3.0,,
35940,Gonorrhea,280.0,New Mexico,2004.0,Female,0-14 years,0-14,12.0,199240.0,6.02
35941,Gonorrhea,280.0,New Mexico,2004.0,Female,15-19 years,15-19,252.0,72384.0,348.14
35942,Gonorrhea,280.0,New Mexico,2004.0,Female,20-24 years,20-24,251.0,70514.0,355.96
35943,Gonorrhea,280.0,New Mexico,2004.0,Female,25-29 years,25-29,111.0,58701.0,189.09
35944,Gonorrhea,280.0,New Mexico,2004.0,Female,30-34 years,30-34,48.0,58764.0,81.68
35945,Gonorrhea,280.0,New Mexico,2004.0,Female,35-39 years,35-39,33.0,61022.0,54.08
35946,Gonorrhea,280.0,New Mexico,2004.0,Female,40+ years,40+,40.0,446597.0,8.96
35947,Gonorrhea,280.0,New Mexico,2004.0,Female,Unknown,99,2.0,,
35948,Gonorrhea,280.0,New Mexico,2005.0,Female,0-14 years,0-14,12.0,197686.0,6.07
35949,Gonorrhea,280.0,New Mexico,2005.0,Female,15-19 years,15-19,286.0,72625.0,393.8
35950,Gonorrhea,280.0,New Mexico,2005.0,Female,20-24 years,20-24,313.0,71911.0,435.26
35951,Gonorrhea,280.0,New Mexico,2005.0,Female,25-29 years,25-29,150.0,60834.0,246.57
35952,Gonorrhea,280.0,New Mexico,2005.0,Female,30-34 years,30-34,63.0,58050.0,108.53
35953,Gonorrhea,280.0,New Mexico,2005.0,Female,35-39 years,35-39,25.0,60380.0,41.4
35954,Gonorrhea,280.0,New Mexico,2005.0,Female,40+ years,40+,25.0,458494.0,5.45
35955,Gonorrhea,280.0,New Mexico,2005.0,Female,Unknown,99,10.0,,
35956,Gonorrhea,280.0,New Mexico,2006.0,Female,0-14 years,0-14,6.0,205543.0,2.92
35957,Gonorrhea,280.0,New Mexico,2006.0,Female,15-19 years,15-19,321.0,72216.0,444.5
35958,Gonorrhea,280.0,New Mexico,2006.0,Female,20-24 years,20-24,340.0,71217.0,477.41
35959,Gonorrhea,280.0,New Mexico,2006.0,Female,25-29 years,25-29,174.0,66530.0,261.54
35960,Gonorrhea,280.0,New Mexico,2006.0,Female,30-34 years,30-34,69.0,60116.0,114.78
35961,Gonorrhea,280.0,New Mexico,2006.0,Female,35-39 years,35-39,46.0,61771.0,74.47
35962,Gonorrhea,280.0,New Mexico,2006.0,Female,40+ years,40+,45.0,452398.0,9.95
35963,Gonorrhea,280.0,New Mexico,2006.0,Female,Unknown,99,2.0,,
35964,Gonorrhea,280.0,New Mexico,2007.0,Female,0-14 years,0-14,22.0,203050.0,10.83
35965,Gonorrhea,280.0,New Mexico,2007.0,Female,15-19 years,15-19,314.0,71361.0,440.02
35966,Gonorrhea,280.0,New Mexico,2007.0,Female,20-24 years,20-24,348.0,70583.0,493.04
35967,Gonorrhea,280.0,New Mexico,2007.0,Female,25-29 years,25-29,156.0,69272.0,225.2
35968,Gonorrhea,280.0,New Mexico,2007.0,Female,30-34 years,30-34,66.0,59627.0,110.69
35969,Gonorrhea,280.0,New Mexico,2007.0,Female,35-39 years,35-39,32.0,62555.0,51.16
35970,Gonorrhea,280.0,New Mexico,2007.0,Female,40+ years,40+,34.0,461694.0,7.36
35971,Gonorrhea,280.0,New Mexico,2007.0,Female,Unknown,99,2.0,,
35972,Gonorrhea,280.0,New Mexico,2008.0,Female,0-14 years,0-14,11.0,204824.0,5.37
35973,Gonorrhea,280.0,New Mexico,2008.0,Female,15-19 years,15-19,290.0,70861.0,409.25
35974,Gonorrhea,280.0,New Mexico,2008.0,Female,20-24 years,20-24,273.0,70136.0,389.24
35975,Gonorrhea,280.0,New Mexico,2008.0,Female,25-29 years,25-29,111.0,70153.0,158.23
35976,Gonorrhea,280.0,New Mexico,2008.0,Female,30-34 years,30-34,54.0,60205.0,89.69
35977,Gonorrhea,280.0,New Mexico,2008.0,Female,35-39 years,35-39,24.0,62038.0,38.69
35978,Gonorrhea,280.0,New Mexico,2008.0,Female,40+ years,40+,20.0,467813.0,4.28
35979,Gonorrhea,280.0,New Mexico,2009.0,Female,0-14 years,0-14,5.0,209420.0,2.39
35980,Gonorrhea,280.0,New Mexico,2009.0,Female,15-19 years,15-19,164.0,69482.0,236.03
35981,Gonorrhea,280.0,New Mexico,2009.0,Female,20-24 years,20-24,203.0,69311.0,292.88
35982,Gonorrhea,280.0,New Mexico,2009.0,Female,25-29 years,25-29,107.0,71354.0,149.96
35983,Gonorrhea,280.0,New Mexico,2009.0,Female,30-34 years,30-34,46.0,62581.0,73.5
35984,Gonorrhea,280.0,New Mexico,2009.0,Female,35-39 years,35-39,25.0,60721.0,41.17
35985,Gonorrhea,280.0,New Mexico,2009.0,Female,40+ years,40+,18.0,472167.0,3.81
35986,Gonorrhea,280.0,New Mexico,2009.0,Female,Unknown,99,2.0,,
35987,Gonorrhea,280.0,New Mexico,2010.0,Female,0-14 years,0-14,9.0,211145.0,4.26
35988,Gonorrhea,280.0,New Mexico,2010.0,Female,15-19 years,15-19,139.0,73069.0,190.23
35989,Gonorrhea,280.0,New Mexico,2010.0,Female,20-24 years,20-24,230.0,69396.0,331.43
35990,Gonorrhea,280.0,New Mexico,2010.0,Female,25-29 years,25-29,117.0,68259.0,171.41
35991,Gonorrhea,280.0,New Mexico,2010.0,Female,30-34 years,30-34,55.0,62981.0,87.33
35992,Gonorrhea,280.0,New Mexico,2010.0,Female,35-39 years,35-39,30.0,61911.0,48.46
35993,Gonorrhea,280.0,New Mexico,2010.0,Female,40+ years,40+,29.0,494997.0,5.86
35994,Gonorrhea,280.0,New Mexico,2010.0,Female,Unknown,99,1.0,,
35995,Gonorrhea,280.0,New Mexico,2011.0,Female,0-14 years,0-14,5.0,212884.0,2.35
35996,Gonorrhea,280.0,New Mexico,2011.0,Female,15-19 years,15-19,260.0,70713.0,367.68
35997,Gonorrhea,280.0,New Mexico,2011.0,Female,20-24 years,20-24,333.0,71632.0,464.88
35998,Gonorrhea,280.0,New Mexico,2011.0,Female,25-29 years,25-29,177.0,69169.0,255.9
35999,Gonorrhea,280.0,New Mexico,2011.0,Female,30-34 years,30-34,79.0,64717.0,122.07
36000,Gonorrhea,280.0,New Mexico,2011.0,Female,35-39 years,35-39,36.0,60634.0,59.37
36001,Gonorrhea,280.0,New Mexico,2011.0,Female,40+ years,40+,35.0,502365.0,6.97
36002,Gonorrhea,280.0,New Mexico,2012.0,Female,0-14 years,0-14,6.0,210976.0,2.84
36003,Gonorrhea,280.0,New Mexico,2012.0,Female,15-19 years,15-19,219.0,68952.0,317.61
36004,Gonorrhea,280.0,New Mexico,2012.0,Female,20-24 years,20-24,298.0,72157.0,412.99
36005,Gonorrhea,280.0,New Mexico,2012.0,Female,25-29 years,25-29,163.0,69391.0,234.9
36006,Gonorrhea,280.0,New Mexico,2012.0,Female,30-34 years,30-34,84.0,65867.0,127.53
36007,Gonorrhea,280.0,New Mexico,2012.0,Female,35-39 years,35-39,44.0,60223.0,73.06
36008,Gonorrhea,280.0,New Mexico,2012.0,Female,40+ years,40+,43.0,505265.0,8.51
36009,Gonorrhea,280.0,New Mexico,2013.0,Female,0-14 years,0-14,4.0,208281.0,1.92
36010,Gonorrhea,280.0,New Mexico,2013.0,Female,15-19 years,15-19,190.0,68376.0,277.88
36011,Gonorrhea,280.0,New Mexico,2013.0,Female,20-24 years,20-24,272.0,73620.0,369.46
36012,Gonorrhea,280.0,New Mexico,2013.0,Female,25-29 years,25-29,138.0,67930.0,203.15
36013,Gonorrhea,280.0,New Mexico,2013.0,Female,30-34 years,30-34,103.0,66994.0,153.75
36014,Gonorrhea,280.0,New Mexico,2013.0,Female,35-39 years,35-39,61.0,59971.0,101.72
36015,Gonorrhea,280.0,New Mexico,2013.0,Female,40+ years,40+,55.0,506506.0,10.86
36016,Gonorrhea,280.0,New Mexico,2014.0,Female,0-14 years,0-14,11.0,208281.0,5.28
36017,Gonorrhea,280.0,New Mexico,2014.0,Female,15-19 years,15-19,169.0,68376.0,247.16
36018,Gonorrhea,280.0,New Mexico,2014.0,Female,20-24 years,20-24,319.0,73620.0,433.31
36019,Gonorrhea,280.0,New Mexico,2014.0,Female,25-29 years,25-29,230.0,67930.0,338.58
36020,Gonorrhea,280.0,New Mexico,2014.0,Female,30-34 years,30-34,124.0,66994.0,185.09
36021,Gonorrhea,280.0,New Mexico,2014.0,Female,35-39 years,35-39,47.0,59971.0,78.37
36022,Gonorrhea,280.0,New Mexico,2014.0,Female,40+ years,40+,61.0,506506.0,12.04
36023,Gonorrhea,280.0,New York,1996.0,Female,0-14 years,0-14,309.0,1917161.0,16.12
36024,Gonorrhea,280.0,New York,1996.0,Female,15-19 years,15-19,3724.0,597971.0,622.77
36025,Gonorrhea,280.0,New York,1996.0,Female,20-24 years,20-24,2832.0,598790.0,472.95
36026,Gonorrhea,280.0,New York,1996.0,Female,25-29 years,25-29,1391.0,723873.0,192.16
36027,Gonorrhea,280.0,New York,1996.0,Female,30-34 years,30-34,776.0,792683.0,97.9
36028,Gonorrhea,280.0,New York,1996.0,Female,35-39 years,35-39,446.0,795107.0,56.09
36029,Gonorrhea,280.0,New York,1996.0,Female,40+ years,40+,362.0,4212393.0,8.59
36030,Gonorrhea,280.0,New York,1996.0,Female,Unknown,99,1064.0,,
36031,Gonorrhea,280.0,New York,1997.0,Female,0-14 years,0-14,261.0,1914068.0,13.64
36032,Gonorrhea,280.0,New York,1997.0,Female,15-19 years,15-19,4024.0,605054.0,665.07
36033,Gonorrhea,280.0,New York,1997.0,Female,20-24 years,20-24,3455.0,595286.0,580.39
36034,Gonorrhea,280.0,New York,1997.0,Female,25-29 years,25-29,1605.0,714059.0,224.77
36035,Gonorrhea,280.0,New York,1997.0,Female,30-34 years,30-34,970.0,776493.0,124.92
36036,Gonorrhea,280.0,New York,1997.0,Female,35-39 years,35-39,562.0,799504.0,70.29
36037,Gonorrhea,280.0,New York,1997.0,Female,40+ years,40+,440.0,4265043.0,10.32
36038,Gonorrhea,280.0,New York,1997.0,Female,Unknown,99,1142.0,,
36039,Gonorrhea,280.0,New York,1998.0,Female,0-14 years,0-14,240.0,1902985.0,12.61
36040,Gonorrhea,280.0,New York,1998.0,Female,15-19 years,15-19,3592.0,613525.0,585.47
36041,Gonorrhea,280.0,New York,1998.0,Female,20-24 years,20-24,3130.0,602906.0,519.15
36042,Gonorrhea,280.0,New York,1998.0,Female,25-29 years,25-29,1524.0,701437.0,217.27
36043,Gonorrhea,280.0,New York,1998.0,Female,30-34 years,30-34,863.0,760639.0,113.46
36044,Gonorrhea,280.0,New York,1998.0,Female,35-39 years,35-39,515.0,803287.0,64.11
36045,Gonorrhea,280.0,New York,1998.0,Female,40+ years,40+,395.0,4324394.0,9.13
36046,Gonorrhea,280.0,New York,1998.0,Female,Unknown,99,453.0,,
36047,Gonorrhea,280.0,New York,1999.0,Female,0-14 years,0-14,229.0,1910302.0,11.99
36048,Gonorrhea,280.0,New York,1999.0,Female,15-19 years,15-19,3611.0,620076.0,582.35
36049,Gonorrhea,280.0,New York,1999.0,Female,20-24 years,20-24,3280.0,613549.0,534.6
36050,Gonorrhea,280.0,New York,1999.0,Female,25-29 years,25-29,1596.0,680520.0,234.53
36051,Gonorrhea,280.0,New York,1999.0,Female,30-34 years,30-34,941.0,745879.0,126.16
36052,Gonorrhea,280.0,New York,1999.0,Female,35-39 years,35-39,518.0,801120.0,64.66
36053,Gonorrhea,280.0,New York,1999.0,Female,40+ years,40+,460.0,4406208.0,10.44
36054,Gonorrhea,280.0,New York,1999.0,Female,Unknown,99,9.0,,
36055,Gonorrhea,280.0,New York,2000.0,Female,0-14 years,0-14,287.0,1884281.0,15.23
36056,Gonorrhea,280.0,New York,2000.0,Female,15-19 years,15-19,3933.0,622580.0,631.73
36057,Gonorrhea,280.0,New York,2000.0,Female,20-24 years,20-24,3380.0,627810.0,538.38
36058,Gonorrhea,280.0,New York,2000.0,Female,25-29 years,25-29,1414.0,662176.0,213.54
36059,Gonorrhea,280.0,New York,2000.0,Female,30-34 years,30-34,771.0,741862.0,103.93
36060,Gonorrhea,280.0,New York,2000.0,Female,35-39 years,35-39,468.0,797770.0,58.66
36061,Gonorrhea,280.0,New York,2000.0,Female,40+ years,40+,408.0,4505647.0,9.06
36062,Gonorrhea,280.0,New York,2000.0,Female,Unknown,99,11.0,,
36063,Gonorrhea,280.0,New York,2001.0,Female,0-14 years,0-14,362.0,1890625.0,19.15
36064,Gonorrhea,280.0,New York,2001.0,Female,15-19 years,15-19,4466.0,621870.0,718.16
36065,Gonorrhea,280.0,New York,2001.0,Female,20-24 years,20-24,3712.0,631424.0,587.88
36066,Gonorrhea,280.0,New York,2001.0,Female,25-29 years,25-29,1573.0,645258.0,243.78
36067,Gonorrhea,280.0,New York,2001.0,Female,30-34 years,30-34,804.0,736848.0,109.11
36068,Gonorrhea,280.0,New York,2001.0,Female,35-39 years,35-39,494.0,788328.0,62.66
36069,Gonorrhea,280.0,New York,2001.0,Female,40+ years,40+,435.0,4562313.0,9.53
36070,Gonorrhea,280.0,New York,2001.0,Female,Unknown,99,17.0,,
36071,Gonorrhea,280.0,New York,2002.0,Female,0-14 years,0-14,316.0,1878953.0,16.82
36072,Gonorrhea,280.0,New York,2002.0,Female,15-19 years,15-19,3980.0,623800.0,638.02
36073,Gonorrhea,280.0,New York,2002.0,Female,20-24 years,20-24,3406.0,641502.0,530.94
36074,Gonorrhea,280.0,New York,2002.0,Female,25-29 years,25-29,1566.0,640820.0,244.37
36075,Gonorrhea,280.0,New York,2002.0,Female,30-34 years,30-34,793.0,732676.0,108.23
36076,Gonorrhea,280.0,New York,2002.0,Female,35-39 years,35-39,507.0,776924.0,65.26
36077,Gonorrhea,280.0,New York,2002.0,Female,40+ years,40+,505.0,4611562.0,10.95
36078,Gonorrhea,280.0,New York,2002.0,Female,Unknown,99,68.0,,
36079,Gonorrhea,280.0,New York,2003.0,Female,0-14 years,0-14,274.0,1840435.0,14.89
36080,Gonorrhea,280.0,New York,2003.0,Female,15-19 years,15-19,3759.0,623989.0,602.41
36081,Gonorrhea,280.0,New York,2003.0,Female,20-24 years,20-24,3486.0,642067.0,542.93
36082,Gonorrhea,280.0,New York,2003.0,Female,25-29 years,25-29,1679.0,638451.0,262.98
36083,Gonorrhea,280.0,New York,2003.0,Female,30-34 years,30-34,899.0,712520.0,126.17
36084,Gonorrhea,280.0,New York,2003.0,Female,35-39 years,35-39,558.0,757508.0,73.66
36085,Gonorrhea,280.0,New York,2003.0,Female,40+ years,40+,573.0,4698720.0,12.19
36086,Gonorrhea,280.0,New York,2003.0,Female,Unknown,99,68.0,,
36087,Gonorrhea,280.0,New York,2004.0,Female,0-14 years,0-14,218.0,1852398.0,11.77
36088,Gonorrhea,280.0,New York,2004.0,Female,15-19 years,15-19,3219.0,633458.0,508.16
36089,Gonorrhea,280.0,New York,2004.0,Female,20-24 years,20-24,2975.0,638356.0,466.04
36090,Gonorrhea,280.0,New York,2004.0,Female,25-29 years,25-29,1474.0,637711.0,231.14
36091,Gonorrhea,280.0,New York,2004.0,Female,30-34 years,30-34,795.0,690080.0,115.2
36092,Gonorrhea,280.0,New York,2004.0,Female,35-39 years,35-39,498.0,735329.0,67.72
36093,Gonorrhea,280.0,New York,2004.0,Female,40+ years,40+,509.0,4735175.0,10.75
36094,Gonorrhea,280.0,New York,2004.0,Female,Unknown,99,32.0,,
36095,Gonorrhea,280.0,New York,2005.0,Female,0-14 years,0-14,158.0,1829978.0,8.63
36096,Gonorrhea,280.0,New York,2005.0,Female,15-19 years,15-19,2992.0,643315.0,465.09
36097,Gonorrhea,280.0,New York,2005.0,Female,20-24 years,20-24,2789.0,634156.0,439.8
36098,Gonorrhea,280.0,New York,2005.0,Female,25-29 years,25-29,1406.0,640113.0,219.65
36099,Gonorrhea,280.0,New York,2005.0,Female,30-34 years,30-34,695.0,666257.0,104.31
36100,Gonorrhea,280.0,New York,2005.0,Female,35-39 years,35-39,423.0,724764.0,58.36
36101,Gonorrhea,280.0,New York,2005.0,Female,40+ years,40+,523.0,4788995.0,10.92
36102,Gonorrhea,280.0,New York,2005.0,Female,Unknown,99,45.0,,
36103,Gonorrhea,280.0,New York,2006.0,Female,0-14 years,0-14,145.0,1806605.0,8.03
36104,Gonorrhea,280.0,New York,2006.0,Female,15-19 years,15-19,2793.0,677708.0,412.12
36105,Gonorrhea,280.0,New York,2006.0,Female,20-24 years,20-24,2598.0,679094.0,382.57
36106,Gonorrhea,280.0,New York,2006.0,Female,25-29 years,25-29,1325.0,635746.0,208.42
36107,Gonorrhea,280.0,New York,2006.0,Female,30-34 years,30-34,680.0,635895.0,106.94
36108,Gonorrhea,280.0,New York,2006.0,Female,35-39 years,35-39,402.0,707838.0,56.79
36109,Gonorrhea,280.0,New York,2006.0,Female,40+ years,40+,501.0,4808277.0,10.42
36110,Gonorrhea,280.0,New York,2006.0,Female,Unknown,99,35.0,,
36111,Gonorrhea,280.0,New York,2007.0,Female,0-14 years,0-14,179.0,1757776.0,10.18
36112,Gonorrhea,280.0,New York,2007.0,Female,15-19 years,15-19,2891.0,683829.0,422.77
36113,Gonorrhea,280.0,New York,2007.0,Female,20-24 years,20-24,2635.0,692597.0,380.45
36114,Gonorrhea,280.0,New York,2007.0,Female,25-29 years,25-29,1272.0,633813.0,200.69
36115,Gonorrhea,280.0,New York,2007.0,Female,30-34 years,30-34,590.0,626852.0,94.12
36116,Gonorrhea,280.0,New York,2007.0,Female,35-39 years,35-39,324.0,696043.0,46.55
36117,Gonorrhea,280.0,New York,2007.0,Female,40+ years,40+,406.0,4846083.0,8.38
36118,Gonorrhea,280.0,New York,2007.0,Female,Unknown,99,27.0,,
36119,Gonorrhea,280.0,New York,2008.0,Female,0-14 years,0-14,164.0,1761261.0,9.31
36120,Gonorrhea,280.0,New York,2008.0,Female,15-19 years,15-19,3102.0,686495.0,451.86
36121,Gonorrhea,280.0,New York,2008.0,Female,20-24 years,20-24,2701.0,697167.0,387.43
36122,Gonorrhea,280.0,New York,2008.0,Female,25-29 years,25-29,1200.0,651570.0,184.17
36123,Gonorrhea,280.0,New York,2008.0,Female,30-34 years,30-34,547.0,625428.0,87.46
36124,Gonorrhea,280.0,New York,2008.0,Female,35-39 years,35-39,279.0,682431.0,40.88
36125,Gonorrhea,280.0,New York,2008.0,Female,40+ years,40+,331.0,4923882.0,6.72
36126,Gonorrhea,280.0,New York,2008.0,Female,Unknown,99,25.0,,
36127,Gonorrhea,280.0,New York,2009.0,Female,0-14 years,0-14,167.0,1776998.0,9.4
36128,Gonorrhea,280.0,New York,2009.0,Female,15-19 years,15-19,2940.0,667979.0,440.13
36129,Gonorrhea,280.0,New York,2009.0,Female,20-24 years,20-24,2500.0,668847.0,373.78
36130,Gonorrhea,280.0,New York,2009.0,Female,25-29 years,25-29,1116.0,676045.0,165.08
36131,Gonorrhea,280.0,New York,2009.0,Female,30-34 years,30-34,542.0,641219.0,84.53
36132,Gonorrhea,280.0,New York,2009.0,Female,35-39 years,35-39,285.0,657855.0,43.32
36133,Gonorrhea,280.0,New York,2009.0,Female,40+ years,40+,354.0,4953347.0,7.15
36134,Gonorrhea,280.0,New York,2009.0,Female,Unknown,99,23.0,,
36135,Gonorrhea,280.0,New York,2010.0,Female,0-14 years,0-14,211.0,1726749.0,12.22
36136,Gonorrhea,280.0,New York,2010.0,Female,15-19 years,15-19,3229.0,666730.0,484.3
36137,Gonorrhea,280.0,New York,2010.0,Female,20-24 years,20-24,2701.0,698933.0,386.45
36138,Gonorrhea,280.0,New York,2010.0,Female,25-29 years,25-29,1261.0,699974.0,180.15
36139,Gonorrhea,280.0,New York,2010.0,Female,30-34 years,30-34,576.0,649401.0,88.7
36140,Gonorrhea,280.0,New York,2010.0,Female,35-39 years,35-39,306.0,640349.0,47.79
36141,Gonorrhea,280.0,New York,2010.0,Female,40+ years,40+,408.0,4918819.0,8.29
36142,Gonorrhea,280.0,New York,2010.0,Female,Unknown,99,26.0,,
36143,Gonorrhea,280.0,New York,2011.0,Female,0-14 years,0-14,227.0,1718335.0,13.21
36144,Gonorrhea,280.0,New York,2011.0,Female,15-19 years,15-19,3655.0,646710.0,565.17
36145,Gonorrhea,280.0,New York,2011.0,Female,20-24 years,20-24,3108.0,708276.0,438.81
36146,Gonorrhea,280.0,New York,2011.0,Female,25-29 years,25-29,1279.0,707766.0,180.71
36147,Gonorrhea,280.0,New York,2011.0,Female,30-34 years,30-34,687.0,663888.0,103.48
36148,Gonorrhea,280.0,New York,2011.0,Female,35-39 years,35-39,290.0,618340.0,46.9
36149,Gonorrhea,280.0,New York,2011.0,Female,40+ years,40+,429.0,4970078.0,8.63
36150,Gonorrhea,280.0,New York,2011.0,Female,Unknown,99,41.0,,
36151,Gonorrhea,280.0,New York,2012.0,Female,0-14 years,0-14,223.0,1714620.0,13.01
36152,Gonorrhea,280.0,New York,2012.0,Female,15-19 years,15-19,3369.0,640786.0,525.76
36153,Gonorrhea,280.0,New York,2012.0,Female,20-24 years,20-24,3251.0,712666.0,456.17
36154,Gonorrhea,280.0,New York,2012.0,Female,25-29 years,25-29,1492.0,716659.0,208.19
36155,Gonorrhea,280.0,New York,2012.0,Female,30-34 years,30-34,783.0,674177.0,116.14
36156,Gonorrhea,280.0,New York,2012.0,Female,35-39 years,35-39,400.0,615883.0,64.95
36157,Gonorrhea,280.0,New York,2012.0,Female,40+ years,40+,493.0,5006253.0,9.85
36158,Gonorrhea,280.0,New York,2012.0,Female,Unknown,99,10.0,,
36159,Gonorrhea,280.0,New York,2013.0,Female,0-14 years,0-14,158.0,1711258.0,9.23
36160,Gonorrhea,280.0,New York,2013.0,Female,15-19 years,15-19,2395.0,627830.0,381.47
36161,Gonorrhea,280.0,New York,2013.0,Female,20-24 years,20-24,2605.0,713418.0,365.14
36162,Gonorrhea,280.0,New York,2013.0,Female,25-29 years,25-29,1381.0,724576.0,190.59
36163,Gonorrhea,280.0,New York,2013.0,Female,30-34 years,30-34,650.0,686140.0,94.73
36164,Gonorrhea,280.0,New York,2013.0,Female,35-39 years,35-39,349.0,620055.0,56.29
36165,Gonorrhea,280.0,New York,2013.0,Female,40+ years,40+,459.0,5031657.0,9.12
36166,Gonorrhea,280.0,New York,2013.0,Female,Unknown,99,23.0,,
36167,Gonorrhea,280.0,New York,2014.0,Female,0-14 years,0-14,123.0,1711258.0,7.19
36168,Gonorrhea,280.0,New York,2014.0,Female,15-19 years,15-19,2145.0,627830.0,341.65
36169,Gonorrhea,280.0,New York,2014.0,Female,20-24 years,20-24,2320.0,713418.0,325.19
36170,Gonorrhea,280.0,New York,2014.0,Female,25-29 years,25-29,1200.0,724576.0,165.61
36171,Gonorrhea,280.0,New York,2014.0,Female,30-34 years,30-34,637.0,686140.0,92.84
36172,Gonorrhea,280.0,New York,2014.0,Female,35-39 years,35-39,298.0,620055.0,48.06
36173,Gonorrhea,280.0,New York,2014.0,Female,40+ years,40+,349.0,5031657.0,6.94
36174,Gonorrhea,280.0,New York,2014.0,Female,Unknown,99,5.0,,
36175,Gonorrhea,280.0,North Carolina,1996.0,Female,0-14 years,0-14,313.0,746253.0,41.94
36176,Gonorrhea,280.0,North Carolina,1996.0,Female,15-19 years,15-19,3228.0,245385.0,1315.48
36177,Gonorrhea,280.0,North Carolina,1996.0,Female,20-24 years,20-24,2389.0,258784.0,923.16
36178,Gonorrhea,280.0,North Carolina,1996.0,Female,25-29 years,25-29,1115.0,303923.0,366.87
36179,Gonorrhea,280.0,North Carolina,1996.0,Female,30-34 years,30-34,675.0,302812.0,222.91
36180,Gonorrhea,280.0,North Carolina,1996.0,Female,35-39 years,35-39,321.0,317376.0,101.14
36181,Gonorrhea,280.0,North Carolina,1996.0,Female,40+ years,40+,177.0,1675783.0,10.56
36182,Gonorrhea,280.0,North Carolina,1996.0,Female,Unknown,99,207.0,,
36183,Gonorrhea,280.0,North Carolina,1997.0,Female,0-14 years,0-14,247.0,762221.0,32.41
36184,Gonorrhea,280.0,North Carolina,1997.0,Female,15-19 years,15-19,2949.0,251040.0,1174.71
36185,Gonorrhea,280.0,North Carolina,1997.0,Female,20-24 years,20-24,2218.0,258303.0,858.68
36186,Gonorrhea,280.0,North Carolina,1997.0,Female,25-29 years,25-29,1027.0,308645.0,332.75
36187,Gonorrhea,280.0,North Carolina,1997.0,Female,30-34 years,30-34,587.0,299937.0,195.71
36188,Gonorrhea,280.0,North Carolina,1997.0,Female,35-39 years,35-39,354.0,322038.0,109.92
36189,Gonorrhea,280.0,North Carolina,1997.0,Female,40+ years,40+,161.0,1723353.0,9.34
36190,Gonorrhea,280.0,North Carolina,1997.0,Female,Unknown,99,177.0,,
36191,Gonorrhea,280.0,North Carolina,1998.0,Female,0-14 years,0-14,273.0,776562.0,35.16
36192,Gonorrhea,280.0,North Carolina,1998.0,Female,15-19 years,15-19,3399.0,256256.0,1326.41
36193,Gonorrhea,280.0,North Carolina,1998.0,Female,20-24 years,20-24,2795.0,263301.0,1061.52
36194,Gonorrhea,280.0,North Carolina,1998.0,Female,25-29 years,25-29,1222.0,307394.0,397.54
36195,Gonorrhea,280.0,North Carolina,1998.0,Female,30-34 years,30-34,676.0,299122.0,226.0
36196,Gonorrhea,280.0,North Carolina,1998.0,Female,35-39 years,35-39,354.0,326547.0,108.41
36197,Gonorrhea,280.0,North Carolina,1998.0,Female,40+ years,40+,214.0,1770069.0,12.09
36198,Gonorrhea,280.0,North Carolina,1998.0,Female,Unknown,99,193.0,,
36199,Gonorrhea,280.0,North Carolina,1999.0,Female,0-14 years,0-14,242.0,793647.0,30.49
36200,Gonorrhea,280.0,North Carolina,1999.0,Female,15-19 years,15-19,3221.0,259279.0,1242.29
36201,Gonorrhea,280.0,North Carolina,1999.0,Female,20-24 years,20-24,2801.0,269222.0,1040.41
36202,Gonorrhea,280.0,North Carolina,1999.0,Female,25-29 years,25-29,1256.0,301053.0,417.2
36203,Gonorrhea,280.0,North Carolina,1999.0,Female,30-34 years,30-34,572.0,300053.0,190.63
36204,Gonorrhea,280.0,North Carolina,1999.0,Female,35-39 years,35-39,370.0,329526.0,112.28
36205,Gonorrhea,280.0,North Carolina,1999.0,Female,40+ years,40+,240.0,1809930.0,13.26
36206,Gonorrhea,280.0,North Carolina,1999.0,Female,Unknown,99,387.0,,
36207,Gonorrhea,280.0,North Carolina,2000.0,Female,0-14 years,0-14,200.0,823886.0,24.28
36208,Gonorrhea,280.0,North Carolina,2000.0,Female,15-19 years,15-19,3051.0,262292.0,1163.21
36209,Gonorrhea,280.0,North Carolina,2000.0,Female,20-24 years,20-24,2793.0,274738.0,1016.6
36210,Gonorrhea,280.0,North Carolina,2000.0,Female,25-29 years,25-29,1246.0,290046.0,429.59
36211,Gonorrhea,280.0,North Carolina,2000.0,Female,30-34 years,30-34,579.0,303023.0,191.07
36212,Gonorrhea,280.0,North Carolina,2000.0,Female,35-39 years,35-39,352.0,326552.0,107.79
36213,Gonorrhea,280.0,North Carolina,2000.0,Female,40+ years,40+,247.0,1841618.0,13.41
36214,Gonorrhea,280.0,North Carolina,2001.0,Female,0-14 years,0-14,200.0,834312.0,23.97
36215,Gonorrhea,280.0,North Carolina,2001.0,Female,15-19 years,15-19,2897.0,260724.0,1111.14
36216,Gonorrhea,280.0,North Carolina,2001.0,Female,20-24 years,20-24,2613.0,281500.0,928.24
36217,Gonorrhea,280.0,North Carolina,2001.0,Female,25-29 years,25-29,1070.0,283911.0,376.88
36218,Gonorrhea,280.0,North Carolina,2001.0,Female,30-34 years,30-34,500.0,310602.0,160.98
36219,Gonorrhea,280.0,North Carolina,2001.0,Female,35-39 years,35-39,276.0,325311.0,84.84
36220,Gonorrhea,280.0,North Carolina,2001.0,Female,40+ years,40+,248.0,1887849.0,13.14
36221,Gonorrhea,280.0,North Carolina,2001.0,Female,Unknown,99,6.0,,
36222,Gonorrhea,280.0,North Carolina,2002.0,Female,0-14 years,0-14,198.0,850088.0,23.29
36223,Gonorrhea,280.0,North Carolina,2002.0,Female,15-19 years,15-19,2757.0,263359.0,1046.86
36224,Gonorrhea,280.0,North Carolina,2002.0,Female,20-24 years,20-24,2563.0,285066.0,899.09
36225,Gonorrhea,280.0,North Carolina,2002.0,Female,25-29 years,25-29,1073.0,280082.0,383.1
36226,Gonorrhea,280.0,North Carolina,2002.0,Female,30-34 years,30-34,494.0,314672.0,156.99
36227,Gonorrhea,280.0,North Carolina,2002.0,Female,35-39 years,35-39,295.0,321730.0,91.69
36228,Gonorrhea,280.0,North Carolina,2002.0,Female,40+ years,40+,205.0,1923629.0,10.66
36229,Gonorrhea,280.0,North Carolina,2003.0,Female,0-14 years,0-14,173.0,856084.0,20.21
36230,Gonorrhea,280.0,North Carolina,2003.0,Female,15-19 years,15-19,2615.0,268638.0,973.43
36231,Gonorrhea,280.0,North Carolina,2003.0,Female,20-24 years,20-24,2538.0,286234.0,886.69
36232,Gonorrhea,280.0,North Carolina,2003.0,Female,25-29 years,25-29,1066.0,285812.0,372.97
36233,Gonorrhea,280.0,North Carolina,2003.0,Female,30-34 years,30-34,492.0,312822.0,157.28
36234,Gonorrhea,280.0,North Carolina,2003.0,Female,35-39 years,35-39,279.0,314154.0,88.81
36235,Gonorrhea,280.0,North Carolina,2003.0,Female,40+ years,40+,220.0,1953057.0,11.26
36236,Gonorrhea,280.0,North Carolina,2004.0,Female,0-14 years,0-14,155.0,866272.0,17.89
36237,Gonorrhea,280.0,North Carolina,2004.0,Female,15-19 years,15-19,2617.0,277742.0,942.24
36238,Gonorrhea,280.0,North Carolina,2004.0,Female,20-24 years,20-24,2482.0,285710.0,868.71
36239,Gonorrhea,280.0,North Carolina,2004.0,Female,25-29 years,25-29,1137.0,291776.0,389.68
36240,Gonorrhea,280.0,North Carolina,2004.0,Female,30-34 years,30-34,509.0,312428.0,162.92
36241,Gonorrhea,280.0,North Carolina,2004.0,Female,35-39 years,35-39,238.0,311961.0,76.29
36242,Gonorrhea,280.0,North Carolina,2004.0,Female,40+ years,40+,246.0,1996481.0,12.32
36243,Gonorrhea,280.0,North Carolina,2005.0,Female,0-14 years,0-14,144.0,870775.0,16.54
36244,Gonorrhea,280.0,North Carolina,2005.0,Female,15-19 years,15-19,2575.0,287312.0,896.24
36245,Gonorrhea,280.0,North Carolina,2005.0,Female,20-24 years,20-24,2574.0,284484.0,904.8
36246,Gonorrhea,280.0,North Carolina,2005.0,Female,25-29 years,25-29,1194.0,299611.0,398.52
36247,Gonorrhea,280.0,North Carolina,2005.0,Female,30-34 years,30-34,500.0,308606.0,162.02
36248,Gonorrhea,280.0,North Carolina,2005.0,Female,35-39 years,35-39,275.0,316121.0,86.99
36249,Gonorrhea,280.0,North Carolina,2005.0,Female,40+ years,40+,283.0,2044764.0,13.84
36250,Gonorrhea,280.0,North Carolina,2006.0,Female,0-14 years,0-14,157.0,869252.0,18.06
36251,Gonorrhea,280.0,North Carolina,2006.0,Female,15-19 years,15-19,2882.0,295912.0,973.94
36252,Gonorrhea,280.0,North Carolina,2006.0,Female,20-24 years,20-24,3044.0,282668.0,1076.88
36253,Gonorrhea,280.0,North Carolina,2006.0,Female,25-29 years,25-29,1375.0,302124.0,455.11
36254,Gonorrhea,280.0,North Carolina,2006.0,Female,30-34 years,30-34,571.0,305619.0,186.83
36255,Gonorrhea,280.0,North Carolina,2006.0,Female,35-39 years,35-39,348.0,327368.0,106.3
36256,Gonorrhea,280.0,North Carolina,2006.0,Female,40+ years,40+,340.0,2132264.0,15.95
36257,Gonorrhea,280.0,North Carolina,2006.0,Female,Unknown,99,1.0,,
36258,Gonorrhea,280.0,North Carolina,2007.0,Female,0-14 years,0-14,125.0,899894.0,13.89
36259,Gonorrhea,280.0,North Carolina,2007.0,Female,15-19 years,15-19,2911.0,302427.0,962.55
36260,Gonorrhea,280.0,North Carolina,2007.0,Female,20-24 years,20-24,3185.0,290480.0,1096.46
36261,Gonorrhea,280.0,North Carolina,2007.0,Female,25-29 years,25-29,1440.0,307106.0,468.89
36262,Gonorrhea,280.0,North Carolina,2007.0,Female,30-34 years,30-34,623.0,306661.0,203.16
36263,Gonorrhea,280.0,North Carolina,2007.0,Female,35-39 years,35-39,339.0,335668.0,100.99
36264,Gonorrhea,280.0,North Carolina,2007.0,Female,40+ years,40+,313.0,2191235.0,14.28
36265,Gonorrhea,280.0,North Carolina,2007.0,Female,Unknown,99,5.0,,
36266,Gonorrhea,280.0,North Carolina,2008.0,Female,0-14 years,0-14,125.0,913205.0,13.69
36267,Gonorrhea,280.0,North Carolina,2008.0,Female,15-19 years,15-19,2951.0,306177.0,963.82
36268,Gonorrhea,280.0,North Carolina,2008.0,Female,20-24 years,20-24,3170.0,294847.0,1075.13
36269,Gonorrhea,280.0,North Carolina,2008.0,Female,25-29 years,25-29,1427.0,309204.0,461.51
36270,Gonorrhea,280.0,North Carolina,2008.0,Female,30-34 years,30-34,603.0,308716.0,195.32
36271,Gonorrhea,280.0,North Carolina,2008.0,Female,35-39 years,35-39,293.0,337749.0,86.75
36272,Gonorrhea,280.0,North Carolina,2008.0,Female,40+ years,40+,295.0,2235529.0,13.2
36273,Gonorrhea,280.0,North Carolina,2008.0,Female,Unknown,99,12.0,,
36274,Gonorrhea,280.0,North Carolina,2009.0,Female,0-14 years,0-14,100.0,931432.0,10.74
36275,Gonorrhea,280.0,North Carolina,2009.0,Female,15-19 years,15-19,2747.0,313702.0,875.67
36276,Gonorrhea,280.0,North Carolina,2009.0,Female,20-24 years,20-24,2930.0,315417.0,928.93
36277,Gonorrhea,280.0,North Carolina,2009.0,Female,25-29 years,25-29,1174.0,312056.0,376.21
36278,Gonorrhea,280.0,North Carolina,2009.0,Female,30-34 years,30-34,486.0,306767.0,158.43
36279,Gonorrhea,280.0,North Carolina,2009.0,Female,35-39 years,35-39,233.0,333088.0,69.95
36280,Gonorrhea,280.0,North Carolina,2009.0,Female,40+ years,40+,188.0,2278237.0,8.25
36281,Gonorrhea,280.0,North Carolina,2009.0,Female,Unknown,99,10.0,,
36282,Gonorrhea,280.0,North Carolina,2010.0,Female,0-14 years,0-14,91.0,928523.0,9.8
36283,Gonorrhea,280.0,North Carolina,2010.0,Female,15-19 years,15-19,2828.0,321320.0,880.12
36284,Gonorrhea,280.0,North Carolina,2010.0,Female,20-24 years,20-24,3185.0,324925.0,980.23
36285,Gonorrhea,280.0,North Carolina,2010.0,Female,25-29 years,25-29,1218.0,315537.0,386.01
36286,Gonorrhea,280.0,North Carolina,2010.0,Female,30-34 years,30-34,546.0,314750.0,173.47
36287,Gonorrhea,280.0,North Carolina,2010.0,Female,35-39 years,35-39,253.0,335162.0,75.49
36288,Gonorrhea,280.0,North Carolina,2010.0,Female,40+ years,40+,180.0,2349774.0,7.66
36289,Gonorrhea,280.0,North Carolina,2010.0,Female,Unknown,99,13.0,,
36290,Gonorrhea,280.0,North Carolina,2011.0,Female,0-14 years,0-14,98.0,933810.0,10.49
36291,Gonorrhea,280.0,North Carolina,2011.0,Female,15-19 years,15-19,3321.0,317555.0,1045.8
36292,Gonorrhea,280.0,North Carolina,2011.0,Female,20-24 years,20-24,3950.0,333614.0,1184.0
36293,Gonorrhea,280.0,North Carolina,2011.0,Female,25-29 years,25-29,1516.0,317867.0,476.93
36294,Gonorrhea,280.0,North Carolina,2011.0,Female,30-34 years,30-34,615.0,320476.0,191.9
36295,Gonorrhea,280.0,North Carolina,2011.0,Female,35-39 years,35-39,288.0,323367.0,89.06
36296,Gonorrhea,280.0,North Carolina,2011.0,Female,40+ years,40+,287.0,2405990.0,11.93
36297,Gonorrhea,280.0,North Carolina,2011.0,Female,Unknown,99,1.0,,
36298,Gonorrhea,280.0,North Carolina,2012.0,Female,0-14 years,0-14,102.0,934871.0,10.91
36299,Gonorrhea,280.0,North Carolina,2012.0,Female,15-19 years,15-19,2449.0,316767.0,773.12
36300,Gonorrhea,280.0,North Carolina,2012.0,Female,20-24 years,20-24,3137.0,338887.0,925.68
36301,Gonorrhea,280.0,North Carolina,2012.0,Female,25-29 years,25-29,1302.0,317764.0,409.74
36302,Gonorrhea,280.0,North Carolina,2012.0,Female,30-34 years,30-34,589.0,322589.0,182.59
36303,Gonorrhea,280.0,North Carolina,2012.0,Female,35-39 years,35-39,261.0,319016.0,81.81
36304,Gonorrhea,280.0,North Carolina,2012.0,Female,40+ years,40+,249.0,2449281.0,10.17
36305,Gonorrhea,280.0,North Carolina,2012.0,Female,Unknown,99,4.0,,
36306,Gonorrhea,280.0,North Carolina,2013.0,Female,0-14 years,0-14,73.0,933804.0,7.82
36307,Gonorrhea,280.0,North Carolina,2013.0,Female,15-19 years,15-19,2181.0,317166.0,687.65
36308,Gonorrhea,280.0,North Carolina,2013.0,Female,20-24 years,20-24,2952.0,341902.0,863.4
36309,Gonorrhea,280.0,North Carolina,2013.0,Female,25-29 years,25-29,1261.0,321563.0,392.15
36310,Gonorrhea,280.0,North Carolina,2013.0,Female,30-34 years,30-34,564.0,323446.0,174.37
36311,Gonorrhea,280.0,North Carolina,2013.0,Female,35-39 years,35-39,280.0,318005.0,88.05
36312,Gonorrhea,280.0,North Carolina,2013.0,Female,40+ years,40+,235.0,2491562.0,9.43
36313,Gonorrhea,280.0,North Carolina,2013.0,Female,Unknown,99,1.0,,
36314,Gonorrhea,280.0,North Carolina,2014.0,Female,0-14 years,0-14,94.0,933804.0,10.07
36315,Gonorrhea,280.0,North Carolina,2014.0,Female,15-19 years,15-19,2033.0,317166.0,640.99
36316,Gonorrhea,280.0,North Carolina,2014.0,Female,20-24 years,20-24,3190.0,341902.0,933.02
36317,Gonorrhea,280.0,North Carolina,2014.0,Female,25-29 years,25-29,1371.0,321563.0,426.36
36318,Gonorrhea,280.0,North Carolina,2014.0,Female,30-34 years,30-34,572.0,323446.0,176.85
36319,Gonorrhea,280.0,North Carolina,2014.0,Female,35-39 years,35-39,247.0,318005.0,77.67
36320,Gonorrhea,280.0,North Carolina,2014.0,Female,40+ years,40+,250.0,2491562.0,10.03
36321,Gonorrhea,280.0,North Carolina,2014.0,Female,Unknown,99,2.0,,
36322,Gonorrhea,280.0,North Dakota,1996.0,Female,0-14 years,0-14,2.0,67199.0,2.98
36323,Gonorrhea,280.0,North Dakota,1996.0,Female,15-19 years,15-19,6.0,25070.0,23.93
36324,Gonorrhea,280.0,North Dakota,1996.0,Female,20-24 years,20-24,7.0,22214.0,31.51
36325,Gonorrhea,280.0,North Dakota,1996.0,Female,25-29 years,25-29,1.0,21178.0,4.72
36326,Gonorrhea,280.0,North Dakota,1996.0,Female,30-34 years,30-34,1.0,21420.0,4.67
36327,Gonorrhea,280.0,North Dakota,1997.0,Female,0-14 years,0-14,2.0,66028.0,3.03
36328,Gonorrhea,280.0,North Dakota,1997.0,Female,15-19 years,15-19,19.0,25681.0,73.98
36329,Gonorrhea,280.0,North Dakota,1997.0,Female,20-24 years,20-24,13.0,22535.0,57.69
36330,Gonorrhea,280.0,North Dakota,1997.0,Female,25-29 years,25-29,6.0,20771.0,28.89
36331,Gonorrhea,280.0,North Dakota,1997.0,Female,30-34 years,30-34,5.0,20338.0,24.58
36332,Gonorrhea,280.0,North Dakota,1997.0,Female,35-39 years,35-39,1.0,25477.0,3.93
36333,Gonorrhea,280.0,North Dakota,1998.0,Female,0-14 years,0-14,2.0,64967.0,3.08
36334,Gonorrhea,280.0,North Dakota,1998.0,Female,15-19 years,15-19,22.0,26097.0,84.3
36335,Gonorrhea,280.0,North Dakota,1998.0,Female,20-24 years,20-24,20.0,22919.0,87.26
36336,Gonorrhea,280.0,North Dakota,1998.0,Female,25-29 years,25-29,8.0,20045.0,39.91
36337,Gonorrhea,280.0,North Dakota,1998.0,Female,30-34 years,30-34,3.0,19410.0,15.46
36338,Gonorrhea,280.0,North Dakota,1998.0,Female,35-39 years,35-39,1.0,24809.0,4.03
36339,Gonorrhea,280.0,North Dakota,1999.0,Female,15-19 years,15-19,22.0,26081.0,84.35
36340,Gonorrhea,280.0,North Dakota,1999.0,Female,20-24 years,20-24,14.0,23292.0,60.11
36341,Gonorrhea,280.0,North Dakota,1999.0,Female,25-29 years,25-29,4.0,19119.0,20.92
36342,Gonorrhea,280.0,North Dakota,1999.0,Female,30-34 years,30-34,2.0,18775.0,10.65
36343,Gonorrhea,280.0,North Dakota,1999.0,Female,40+ years,40+,2.0,147369.0,1.36
36344,Gonorrhea,280.0,North Dakota,2000.0,Female,15-19 years,15-19,13.0,25473.0,51.03
36345,Gonorrhea,280.0,North Dakota,2000.0,Female,20-24 years,20-24,13.0,24389.0,53.3
36346,Gonorrhea,280.0,North Dakota,2000.0,Female,25-29 years,25-29,7.0,18750.0,37.33
36347,Gonorrhea,280.0,North Dakota,2000.0,Female,30-34 years,30-34,1.0,18739.0,5.34
36348,Gonorrhea,280.0,North Dakota,2000.0,Female,35-39 years,35-39,1.0,23280.0,4.3
36349,Gonorrhea,280.0,North Dakota,2000.0,Female,40+ years,40+,1.0,150384.0,0.66
36350,Gonorrhea,280.0,North Dakota,2001.0,Female,0-14 years,0-14,1.0,59201.0,1.69
36351,Gonorrhea,280.0,North Dakota,2001.0,Female,15-19 years,15-19,10.0,24710.0,40.47
36352,Gonorrhea,280.0,North Dakota,2001.0,Female,20-24 years,20-24,15.0,25327.0,59.23
36353,Gonorrhea,280.0,North Dakota,2001.0,Female,25-29 years,25-29,1.0,18707.0,5.35
36354,Gonorrhea,280.0,North Dakota,2001.0,Female,30-34 years,30-34,2.0,18071.0,11.07
36355,Gonorrhea,280.0,North Dakota,2001.0,Female,35-39 years,35-39,1.0,21771.0,4.59
36356,Gonorrhea,280.0,North Dakota,2002.0,Female,0-14 years,0-14,1.0,57499.0,1.74
36357,Gonorrhea,280.0,North Dakota,2002.0,Female,15-19 years,15-19,18.0,23966.0,75.11
36358,Gonorrhea,280.0,North Dakota,2002.0,Female,20-24 years,20-24,13.0,25973.0,50.05
36359,Gonorrhea,280.0,North Dakota,2002.0,Female,25-29 years,25-29,5.0,19196.0,26.05
36360,Gonorrhea,280.0,North Dakota,2002.0,Female,30-34 years,30-34,2.0,17824.0,11.22
36361,Gonorrhea,280.0,North Dakota,2002.0,Female,35-39 years,35-39,1.0,20482.0,4.88
36362,Gonorrhea,280.0,North Dakota,2003.0,Female,0-14 years,0-14,1.0,57889.0,1.73
36363,Gonorrhea,280.0,North Dakota,2003.0,Female,15-19 years,15-19,18.0,23390.0,76.96
36364,Gonorrhea,280.0,North Dakota,2003.0,Female,20-24 years,20-24,27.0,26297.0,102.67
36365,Gonorrhea,280.0,North Dakota,2003.0,Female,25-29 years,25-29,6.0,19752.0,30.38
36366,Gonorrhea,280.0,North Dakota,2003.0,Female,30-34 years,30-34,3.0,16964.0,17.68
36367,Gonorrhea,280.0,North Dakota,2003.0,Female,35-39 years,35-39,2.0,19008.0,10.52
36368,Gonorrhea,280.0,North Dakota,2003.0,Female,40+ years,40+,2.0,153792.0,1.3
36369,Gonorrhea,280.0,North Dakota,2004.0,Female,15-19 years,15-19,20.0,22869.0,87.45
36370,Gonorrhea,280.0,North Dakota,2004.0,Female,20-24 years,20-24,21.0,26450.0,79.4
36371,Gonorrhea,280.0,North Dakota,2004.0,Female,25-29 years,25-29,18.0,21215.0,84.85
36372,Gonorrhea,280.0,North Dakota,2004.0,Female,30-34 years,30-34,7.0,16960.0,41.27
36373,Gonorrhea,280.0,North Dakota,2004.0,Female,35-39 years,35-39,2.0,18364.0,10.89
36374,Gonorrhea,280.0,North Dakota,2004.0,Female,40+ years,40+,4.0,157325.0,2.54
36375,Gonorrhea,280.0,North Dakota,2005.0,Female,0-14 years,0-14,2.0,53549.0,3.73
36376,Gonorrhea,280.0,North Dakota,2005.0,Female,15-19 years,15-19,19.0,22274.0,85.3
36377,Gonorrhea,280.0,North Dakota,2005.0,Female,20-24 years,20-24,31.0,26048.0,119.01
36378,Gonorrhea,280.0,North Dakota,2005.0,Female,25-29 years,25-29,14.0,22396.0,62.51
36379,Gonorrhea,280.0,North Dakota,2005.0,Female,30-34 years,30-34,7.0,16763.0,41.76
36380,Gonorrhea,280.0,North Dakota,2005.0,Female,35-39 years,35-39,2.0,17925.0,11.16
36381,Gonorrhea,280.0,North Dakota,2005.0,Female,40+ years,40+,1.0,159950.0,0.63
36382,Gonorrhea,280.0,North Dakota,2006.0,Female,0-14 years,0-14,1.0,57500.0,1.74
36383,Gonorrhea,280.0,North Dakota,2006.0,Female,15-19 years,15-19,18.0,23870.0,75.41
36384,Gonorrhea,280.0,North Dakota,2006.0,Female,20-24 years,20-24,29.0,27785.0,104.37
36385,Gonorrhea,280.0,North Dakota,2006.0,Female,25-29 years,25-29,24.0,18455.0,130.05
36386,Gonorrhea,280.0,North Dakota,2006.0,Female,30-34 years,30-34,11.0,16512.0,66.62
36387,Gonorrhea,280.0,North Dakota,2006.0,Female,35-39 years,35-39,1.0,17836.0,5.61
36388,Gonorrhea,280.0,North Dakota,2006.0,Female,40+ years,40+,2.0,154482.0,1.29
36389,Gonorrhea,280.0,North Dakota,2007.0,Female,15-19 years,15-19,13.0,23791.0,54.64
36390,Gonorrhea,280.0,North Dakota,2007.0,Female,20-24 years,20-24,19.0,27959.0,67.96
36391,Gonorrhea,280.0,North Dakota,2007.0,Female,25-29 years,25-29,22.0,19953.0,110.26
36392,Gonorrhea,280.0,North Dakota,2007.0,Female,30-34 years,30-34,7.0,16985.0,41.21
36393,Gonorrhea,280.0,North Dakota,2007.0,Female,40+ years,40+,5.0,155227.0,3.22
36394,Gonorrhea,280.0,North Dakota,2008.0,Female,15-19 years,15-19,27.0,23269.0,116.03
36395,Gonorrhea,280.0,North Dakota,2008.0,Female,20-24 years,20-24,34.0,27856.0,122.06
36396,Gonorrhea,280.0,North Dakota,2008.0,Female,25-29 years,25-29,18.0,20896.0,86.14
36397,Gonorrhea,280.0,North Dakota,2008.0,Female,30-34 years,30-34,6.0,16696.0,35.94
36398,Gonorrhea,280.0,North Dakota,2008.0,Female,35-39 years,35-39,2.0,17639.0,11.34
36399,Gonorrhea,280.0,North Dakota,2008.0,Female,40+ years,40+,6.0,155651.0,3.85
36400,Gonorrhea,280.0,North Dakota,2009.0,Female,0-14 years,0-14,1.0,58242.0,1.72
36401,Gonorrhea,280.0,North Dakota,2009.0,Female,15-19 years,15-19,21.0,23743.0,88.45
36402,Gonorrhea,280.0,North Dakota,2009.0,Female,20-24 years,20-24,43.0,30253.0,142.13
36403,Gonorrhea,280.0,North Dakota,2009.0,Female,25-29 years,25-29,13.0,21533.0,60.37
36404,Gonorrhea,280.0,North Dakota,2009.0,Female,30-34 years,30-34,5.0,16363.0,30.56
36405,Gonorrhea,280.0,North Dakota,2009.0,Female,35-39 years,35-39,3.0,17189.0,17.45
36406,Gonorrhea,280.0,North Dakota,2009.0,Female,40+ years,40+,2.0,154521.0,1.29
36407,Gonorrhea,280.0,North Dakota,2010.0,Female,0-14 years,0-14,2.0,60759.0,3.29
36408,Gonorrhea,280.0,North Dakota,2010.0,Female,15-19 years,15-19,35.0,22848.0,153.19
36409,Gonorrhea,280.0,North Dakota,2010.0,Female,20-24 years,20-24,62.0,27426.0,226.06
36410,Gonorrhea,280.0,North Dakota,2010.0,Female,25-29 years,25-29,17.0,23145.0,73.45
36411,Gonorrhea,280.0,North Dakota,2010.0,Female,30-34 years,30-34,16.0,19288.0,82.95
36412,Gonorrhea,280.0,North Dakota,2010.0,Female,35-39 years,35-39,7.0,17856.0,39.2
36413,Gonorrhea,280.0,North Dakota,2010.0,Female,40+ years,40+,1.0,161405.0,0.62
36414,Gonorrhea,280.0,North Dakota,2011.0,Female,0-14 years,0-14,2.0,61682.0,3.24
36415,Gonorrhea,280.0,North Dakota,2011.0,Female,15-19 years,15-19,45.0,22969.0,195.92
36416,Gonorrhea,280.0,North Dakota,2011.0,Female,20-24 years,20-24,46.0,28376.0,162.11
36417,Gonorrhea,280.0,North Dakota,2011.0,Female,25-29 years,25-29,28.0,23634.0,118.47
36418,Gonorrhea,280.0,North Dakota,2011.0,Female,30-34 years,30-34,14.0,20433.0,68.52
36419,Gonorrhea,280.0,North Dakota,2011.0,Female,35-39 years,35-39,6.0,17625.0,34.04
36420,Gonorrhea,280.0,North Dakota,2011.0,Female,40+ years,40+,8.0,162943.0,4.91
36421,Gonorrhea,280.0,North Dakota,2012.0,Female,0-14 years,0-14,1.0,63276.0,1.58
36422,Gonorrhea,280.0,North Dakota,2012.0,Female,15-19 years,15-19,58.0,22765.0,254.78
36423,Gonorrhea,280.0,North Dakota,2012.0,Female,20-24 years,20-24,75.0,29730.0,252.27
36424,Gonorrhea,280.0,North Dakota,2012.0,Female,25-29 years,25-29,44.0,24313.0,180.97
36425,Gonorrhea,280.0,North Dakota,2012.0,Female,30-34 years,30-34,15.0,21786.0,68.85
36426,Gonorrhea,280.0,North Dakota,2012.0,Female,35-39 years,35-39,7.0,18069.0,38.74
36427,Gonorrhea,280.0,North Dakota,2012.0,Female,40+ years,40+,7.0,163947.0,4.27
36428,Gonorrhea,280.0,North Dakota,2013.0,Female,0-14 years,0-14,6.0,66823.0,8.98
36429,Gonorrhea,280.0,North Dakota,2013.0,Female,15-19 years,15-19,85.0,23380.0,363.56
36430,Gonorrhea,280.0,North Dakota,2013.0,Female,20-24 years,20-24,109.0,31587.0,345.08
36431,Gonorrhea,280.0,North Dakota,2013.0,Female,25-29 years,25-29,53.0,24584.0,215.59
36432,Gonorrhea,280.0,North Dakota,2013.0,Female,30-34 years,30-34,26.0,23366.0,111.27
36433,Gonorrhea,280.0,North Dakota,2013.0,Female,35-39 years,35-39,14.0,18998.0,73.69
36434,Gonorrhea,280.0,North Dakota,2013.0,Female,40+ years,40+,8.0,164654.0,4.86
36435,Gonorrhea,280.0,North Dakota,2014.0,Female,0-14 years,0-14,7.0,66823.0,10.48
36436,Gonorrhea,280.0,North Dakota,2014.0,Female,15-19 years,15-19,94.0,23380.0,402.05
36437,Gonorrhea,280.0,North Dakota,2014.0,Female,20-24 years,20-24,148.0,31587.0,468.55
36438,Gonorrhea,280.0,North Dakota,2014.0,Female,25-29 years,25-29,81.0,24584.0,329.48
36439,Gonorrhea,280.0,North Dakota,2014.0,Female,30-34 years,30-34,32.0,23366.0,136.95
36440,Gonorrhea,280.0,North Dakota,2014.0,Female,35-39 years,35-39,13.0,18998.0,68.43
36441,Gonorrhea,280.0,North Dakota,2014.0,Female,40+ years,40+,10.0,164654.0,6.07
36442,Gonorrhea,280.0,Ohio,1996.0,Female,0-14 years,0-14,325.0,1167517.0,27.84
36443,Gonorrhea,280.0,Ohio,1996.0,Female,15-19 years,15-19,3569.0,393784.0,906.33
36444,Gonorrhea,280.0,Ohio,1996.0,Female,20-24 years,20-24,2405.0,367606.0,654.23
36445,Gonorrhea,280.0,Ohio,1996.0,Female,25-29 years,25-29,986.0,396676.0,248.57
36446,Gonorrhea,280.0,Ohio,1996.0,Female,30-34 years,30-34,512.0,430871.0,118.83
36447,Gonorrhea,280.0,Ohio,1996.0,Female,35-39 years,35-39,265.0,476689.0,55.59
36448,Gonorrhea,280.0,Ohio,1996.0,Female,40+ years,40+,166.0,2564621.0,6.47
36449,Gonorrhea,280.0,Ohio,1997.0,Female,0-14 years,0-14,326.0,1170715.0,27.85
36450,Gonorrhea,280.0,Ohio,1997.0,Female,15-19 years,15-19,3683.0,399757.0,921.31
36451,Gonorrhea,280.0,Ohio,1997.0,Female,20-24 years,20-24,2473.0,361292.0,684.49
36452,Gonorrhea,280.0,Ohio,1997.0,Female,25-29 years,25-29,1067.0,393807.0,270.94
36453,Gonorrhea,280.0,Ohio,1997.0,Female,30-34 years,30-34,450.0,416436.0,108.06
36454,Gonorrhea,280.0,Ohio,1997.0,Female,35-39 years,35-39,255.0,470552.0,54.19
36455,Gonorrhea,280.0,Ohio,1997.0,Female,40+ years,40+,157.0,2599746.0,6.04
36456,Gonorrhea,280.0,Ohio,1998.0,Female,0-14 years,0-14,351.0,1171441.0,29.96
36457,Gonorrhea,280.0,Ohio,1998.0,Female,15-19 years,15-19,4216.0,403714.0,1044.3
36458,Gonorrhea,280.0,Ohio,1998.0,Female,20-24 years,20-24,3065.0,360683.0,849.78
36459,Gonorrhea,280.0,Ohio,1998.0,Female,25-29 years,25-29,1226.0,387494.0,316.39
36460,Gonorrhea,280.0,Ohio,1998.0,Female,30-34 years,30-34,567.0,405212.0,139.93
36461,Gonorrhea,280.0,Ohio,1998.0,Female,35-39 years,35-39,322.0,462044.0,69.69
36462,Gonorrhea,280.0,Ohio,1998.0,Female,40+ years,40+,219.0,2637001.0,8.3
36463,Gonorrhea,280.0,Ohio,1998.0,Female,Unknown,99,151.0,,
36464,Gonorrhea,280.0,Ohio,1999.0,Female,0-14 years,0-14,295.0,1172855.0,25.15
36465,Gonorrhea,280.0,Ohio,1999.0,Female,15-19 years,15-19,3922.0,402533.0,974.33
36466,Gonorrhea,280.0,Ohio,1999.0,Female,20-24 years,20-24,2940.0,362732.0,810.52
36467,Gonorrhea,280.0,Ohio,1999.0,Female,25-29 years,25-29,1196.0,377529.0,316.8
36468,Gonorrhea,280.0,Ohio,1999.0,Female,30-34 years,30-34,564.0,396443.0,142.26
36469,Gonorrhea,280.0,Ohio,1999.0,Female,35-39 years,35-39,354.0,454500.0,77.89
36470,Gonorrhea,280.0,Ohio,1999.0,Female,40+ years,40+,255.0,2668425.0,9.56
36471,Gonorrhea,280.0,Ohio,1999.0,Female,Unknown,99,181.0,,
36472,Gonorrhea,280.0,Ohio,2000.0,Female,0-14 years,0-14,314.0,1166011.0,26.93
36473,Gonorrhea,280.0,Ohio,2000.0,Female,15-19 years,15-19,3925.0,399817.0,981.7
36474,Gonorrhea,280.0,Ohio,2000.0,Female,20-24 years,20-24,3323.0,368999.0,900.54
36475,Gonorrhea,280.0,Ohio,2000.0,Female,25-29 years,25-29,1345.0,365659.0,367.83
36476,Gonorrhea,280.0,Ohio,2000.0,Female,30-34 years,30-34,619.0,395193.0,156.63
36477,Gonorrhea,280.0,Ohio,2000.0,Female,35-39 years,35-39,365.0,445176.0,81.99
36478,Gonorrhea,280.0,Ohio,2000.0,Female,40+ years,40+,270.0,2704602.0,9.98
36479,Gonorrhea,280.0,Ohio,2000.0,Female,Unknown,99,150.0,,
36480,Gonorrhea,280.0,Ohio,2001.0,Female,0-14 years,0-14,306.0,1166779.0,26.23
36481,Gonorrhea,280.0,Ohio,2001.0,Female,15-19 years,15-19,4250.0,397548.0,1069.05
36482,Gonorrhea,280.0,Ohio,2001.0,Female,20-24 years,20-24,3785.0,379189.0,998.18
36483,Gonorrhea,280.0,Ohio,2001.0,Female,25-29 years,25-29,1454.0,353223.0,411.64
36484,Gonorrhea,280.0,Ohio,2001.0,Female,30-34 years,30-34,679.0,395233.0,171.8
36485,Gonorrhea,280.0,Ohio,2001.0,Female,35-39 years,35-39,343.0,431935.0,79.41
36486,Gonorrhea,280.0,Ohio,2001.0,Female,40+ years,40+,284.0,2731502.0,10.4
36487,Gonorrhea,280.0,Ohio,2001.0,Female,Unknown,99,156.0,,
36488,Gonorrhea,280.0,Ohio,2002.0,Female,0-14 years,0-14,335.0,1167428.0,28.7
36489,Gonorrhea,280.0,Ohio,2002.0,Female,15-19 years,15-19,4385.0,396932.0,1104.72
36490,Gonorrhea,280.0,Ohio,2002.0,Female,20-24 years,20-24,4086.0,389122.0,1050.06
36491,Gonorrhea,280.0,Ohio,2002.0,Female,25-29 years,25-29,1557.0,347302.0,448.31
36492,Gonorrhea,280.0,Ohio,2002.0,Female,30-34 years,30-34,695.0,394532.0,176.16
36493,Gonorrhea,280.0,Ohio,2002.0,Female,35-39 years,35-39,378.0,418867.0,90.24
36494,Gonorrhea,280.0,Ohio,2002.0,Female,40+ years,40+,365.0,2753900.0,13.25
36495,Gonorrhea,280.0,Ohio,2002.0,Female,Unknown,99,143.0,,
36496,Gonorrhea,280.0,Ohio,2003.0,Female,0-14 years,0-14,348.0,1138819.0,30.56
36497,Gonorrhea,280.0,Ohio,2003.0,Female,15-19 years,15-19,4565.0,395374.0,1154.6
36498,Gonorrhea,280.0,Ohio,2003.0,Female,20-24 years,20-24,4184.0,395697.0,1057.37
36499,Gonorrhea,280.0,Ohio,2003.0,Female,25-29 years,25-29,1659.0,347662.0,477.19
36500,Gonorrhea,280.0,Ohio,2003.0,Female,30-34 years,30-34,768.0,385064.0,199.45
36501,Gonorrhea,280.0,Ohio,2003.0,Female,35-39 years,35-39,363.0,406969.0,89.2
36502,Gonorrhea,280.0,Ohio,2003.0,Female,40+ years,40+,375.0,2799999.0,13.39
36503,Gonorrhea,280.0,Ohio,2003.0,Female,Unknown,99,128.0,,
36504,Gonorrhea,280.0,Ohio,2004.0,Female,0-14 years,0-14,298.0,1121342.0,26.58
36505,Gonorrhea,280.0,Ohio,2004.0,Female,15-19 years,15-19,4148.0,397224.0,1044.25
36506,Gonorrhea,280.0,Ohio,2004.0,Female,20-24 years,20-24,3557.0,396470.0,897.17
36507,Gonorrhea,280.0,Ohio,2004.0,Female,25-29 years,25-29,1599.0,354925.0,450.52
36508,Gonorrhea,280.0,Ohio,2004.0,Female,30-34 years,30-34,713.0,376674.0,189.29
36509,Gonorrhea,280.0,Ohio,2004.0,Female,35-39 years,35-39,359.0,397913.0,90.22
36510,Gonorrhea,280.0,Ohio,2004.0,Female,40+ years,40+,358.0,2833828.0,12.63
36511,Gonorrhea,280.0,Ohio,2004.0,Female,Unknown,99,112.0,,
36512,Gonorrhea,280.0,Ohio,2005.0,Female,0-14 years,0-14,320.0,1108718.0,28.86
36513,Gonorrhea,280.0,Ohio,2005.0,Female,15-19 years,15-19,4328.0,398166.0,1086.98
36514,Gonorrhea,280.0,Ohio,2005.0,Female,20-24 years,20-24,3703.0,392892.0,942.5
36515,Gonorrhea,280.0,Ohio,2005.0,Female,25-29 years,25-29,1661.0,363322.0,457.17
36516,Gonorrhea,280.0,Ohio,2005.0,Female,30-34 years,30-34,709.0,364582.0,194.47
36517,Gonorrhea,280.0,Ohio,2005.0,Female,35-39 years,35-39,394.0,392929.0,100.27
36518,Gonorrhea,280.0,Ohio,2005.0,Female,40+ years,40+,378.0,2855826.0,13.24
36519,Gonorrhea,280.0,Ohio,2005.0,Female,Unknown,99,99.0,,
36520,Gonorrhea,280.0,Ohio,2006.0,Female,0-14 years,0-14,238.0,1109957.0,21.44
36521,Gonorrhea,280.0,Ohio,2006.0,Female,15-19 years,15-19,3945.0,396845.0,994.09
36522,Gonorrhea,280.0,Ohio,2006.0,Female,20-24 years,20-24,3299.0,384607.0,857.76
36523,Gonorrhea,280.0,Ohio,2006.0,Female,25-29 years,25-29,1574.0,378768.0,415.56
36524,Gonorrhea,280.0,Ohio,2006.0,Female,30-34 years,30-34,654.0,351005.0,186.32
36525,Gonorrhea,280.0,Ohio,2006.0,Female,35-39 years,35-39,316.0,390283.0,80.97
36526,Gonorrhea,280.0,Ohio,2006.0,Female,40+ years,40+,337.0,2868864.0,11.75
36527,Gonorrhea,280.0,Ohio,2006.0,Female,Unknown,99,145.0,,
36528,Gonorrhea,280.0,Ohio,2007.0,Female,0-14 years,0-14,230.0,1101717.0,20.88
36529,Gonorrhea,280.0,Ohio,2007.0,Female,15-19 years,15-19,4277.0,395973.0,1080.12
36530,Gonorrhea,280.0,Ohio,2007.0,Female,20-24 years,20-24,3828.0,376514.0,1016.7
36531,Gonorrhea,280.0,Ohio,2007.0,Female,25-29 years,25-29,1821.0,385679.0,472.15
36532,Gonorrhea,280.0,Ohio,2007.0,Female,30-34 years,30-34,716.0,344751.0,207.69
36533,Gonorrhea,280.0,Ohio,2007.0,Female,35-39 years,35-39,414.0,388439.0,106.58
36534,Gonorrhea,280.0,Ohio,2007.0,Female,40+ years,40+,370.0,2882683.0,12.84
36535,Gonorrhea,280.0,Ohio,2007.0,Female,Unknown,99,115.0,,
36536,Gonorrhea,280.0,Ohio,2008.0,Female,0-14 years,0-14,218.0,1095455.0,19.9
36537,Gonorrhea,280.0,Ohio,2008.0,Female,15-19 years,15-19,3679.0,395164.0,931.01
36538,Gonorrhea,280.0,Ohio,2008.0,Female,20-24 years,20-24,3225.0,376414.0,856.77
36539,Gonorrhea,280.0,Ohio,2008.0,Female,25-29 years,25-29,1510.0,385731.0,391.46
36540,Gonorrhea,280.0,Ohio,2008.0,Female,30-34 years,30-34,574.0,344542.0,166.6
36541,Gonorrhea,280.0,Ohio,2008.0,Female,35-39 years,35-39,273.0,382288.0,71.41
36542,Gonorrhea,280.0,Ohio,2008.0,Female,40+ years,40+,250.0,2902548.0,8.61
36543,Gonorrhea,280.0,Ohio,2008.0,Female,Unknown,99,55.0,,
36544,Gonorrhea,280.0,Ohio,2009.0,Female,0-14 years,0-14,195.0,1092466.0,17.85
36545,Gonorrhea,280.0,Ohio,2009.0,Female,15-19 years,15-19,3601.0,396980.0,907.1
36546,Gonorrhea,280.0,Ohio,2009.0,Female,20-24 years,20-24,3255.0,372432.0,873.99
36547,Gonorrhea,280.0,Ohio,2009.0,Female,25-29 years,25-29,1393.0,378452.0,368.08
36548,Gonorrhea,280.0,Ohio,2009.0,Female,30-34 years,30-34,641.0,357296.0,179.4
36549,Gonorrhea,280.0,Ohio,2009.0,Female,35-39 years,35-39,276.0,372977.0,74.0
36550,Gonorrhea,280.0,Ohio,2009.0,Female,40+ years,40+,245.0,2938639.0,8.34
36551,Gonorrhea,280.0,Ohio,2009.0,Female,Unknown,99,160.0,,
36552,Gonorrhea,280.0,Ohio,2010.0,Female,0-14 years,0-14,188.0,1097172.0,17.14
36553,Gonorrhea,280.0,Ohio,2010.0,Female,15-19 years,15-19,3649.0,402707.0,906.12
36554,Gonorrhea,280.0,Ohio,2010.0,Female,20-24 years,20-24,3542.0,378914.0,934.78
36555,Gonorrhea,280.0,Ohio,2010.0,Female,25-29 years,25-29,1450.0,360793.0,401.89
36556,Gonorrhea,280.0,Ohio,2010.0,Female,30-34 years,30-34,648.0,347242.0,186.61
36557,Gonorrhea,280.0,Ohio,2010.0,Female,35-39 years,35-39,283.0,362042.0,78.17
36558,Gonorrhea,280.0,Ohio,2010.0,Female,40+ years,40+,234.0,2955478.0,7.92
36559,Gonorrhea,280.0,Ohio,2010.0,Female,Unknown,99,40.0,,
36560,Gonorrhea,280.0,Ohio,2011.0,Female,0-14 years,0-14,183.0,1085118.0,16.86
36561,Gonorrhea,280.0,Ohio,2011.0,Female,15-19 years,15-19,3451.0,391532.0,881.41
36562,Gonorrhea,280.0,Ohio,2011.0,Female,20-24 years,20-24,3628.0,385215.0,941.81
36563,Gonorrhea,280.0,Ohio,2011.0,Female,25-29 years,25-29,1512.0,360466.0,419.46
36564,Gonorrhea,280.0,Ohio,2011.0,Female,30-34 years,30-34,673.0,354482.0,189.85
36565,Gonorrhea,280.0,Ohio,2011.0,Female,35-39 years,35-39,257.0,345027.0,74.49
36566,Gonorrhea,280.0,Ohio,2011.0,Female,40+ years,40+,287.0,2983759.0,9.62
36567,Gonorrhea,280.0,Ohio,2011.0,Female,Unknown,99,18.0,,
36568,Gonorrhea,280.0,Ohio,2012.0,Female,0-14 years,0-14,137.0,1074394.0,12.75
36569,Gonorrhea,280.0,Ohio,2012.0,Female,15-19 years,15-19,3092.0,383772.0,805.69
36570,Gonorrhea,280.0,Ohio,2012.0,Female,20-24 years,20-24,3593.0,390872.0,919.23
36571,Gonorrhea,280.0,Ohio,2012.0,Female,25-29 years,25-29,1498.0,359957.0,416.16
36572,Gonorrhea,280.0,Ohio,2012.0,Female,30-34 years,30-34,757.0,358828.0,210.97
36573,Gonorrhea,280.0,Ohio,2012.0,Female,35-39 years,35-39,311.0,337932.0,92.03
36574,Gonorrhea,280.0,Ohio,2012.0,Female,40+ years,40+,306.0,2995850.0,10.21
36575,Gonorrhea,280.0,Ohio,2012.0,Female,Unknown,99,12.0,,
36576,Gonorrhea,280.0,Ohio,2013.0,Female,0-14 years,0-14,169.0,1068199.0,15.82
36577,Gonorrhea,280.0,Ohio,2013.0,Female,15-19 years,15-19,2853.0,381082.0,748.66
36578,Gonorrhea,280.0,Ohio,2013.0,Female,20-24 years,20-24,3305.0,393176.0,840.59
36579,Gonorrhea,280.0,Ohio,2013.0,Female,25-29 years,25-29,1473.0,364324.0,404.31
36580,Gonorrhea,280.0,Ohio,2013.0,Female,30-34 years,30-34,718.0,361813.0,198.44
36581,Gonorrhea,280.0,Ohio,2013.0,Female,35-39 years,35-39,316.0,337688.0,93.58
36582,Gonorrhea,280.0,Ohio,2013.0,Female,40+ years,40+,330.0,3004867.0,10.98
36583,Gonorrhea,280.0,Ohio,2013.0,Female,Unknown,99,12.0,,
36584,Gonorrhea,280.0,Ohio,2014.0,Female,0-14 years,0-14,144.0,1068199.0,13.48
36585,Gonorrhea,280.0,Ohio,2014.0,Female,15-19 years,15-19,2527.0,381082.0,663.11
36586,Gonorrhea,280.0,Ohio,2014.0,Female,20-24 years,20-24,3115.0,393176.0,792.27
36587,Gonorrhea,280.0,Ohio,2014.0,Female,25-29 years,25-29,1530.0,364324.0,419.96
36588,Gonorrhea,280.0,Ohio,2014.0,Female,30-34 years,30-34,751.0,361813.0,207.57
36589,Gonorrhea,280.0,Ohio,2014.0,Female,35-39 years,35-39,335.0,337688.0,99.2
36590,Gonorrhea,280.0,Ohio,2014.0,Female,40+ years,40+,328.0,3004867.0,10.92
36591,Gonorrhea,280.0,Ohio,2014.0,Female,Unknown,99,5.0,,
36592,Gonorrhea,280.0,Oklahoma,1996.0,Female,0-14 years,0-14,75.0,356405.0,21.04
36593,Gonorrhea,280.0,Oklahoma,1996.0,Female,15-19 years,15-19,1196.0,123226.0,970.57
36594,Gonorrhea,280.0,Oklahoma,1996.0,Female,20-24 years,20-24,775.0,113602.0,682.21
36595,Gonorrhea,280.0,Oklahoma,1996.0,Female,25-29 years,25-29,283.0,110116.0,257.0
36596,Gonorrhea,280.0,Oklahoma,1996.0,Female,30-34 years,30-34,161.0,119974.0,134.2
36597,Gonorrhea,280.0,Oklahoma,1996.0,Female,35-39 years,35-39,75.0,134308.0,55.84
36598,Gonorrhea,280.0,Oklahoma,1996.0,Female,40+ years,40+,38.0,746230.0,5.09
36599,Gonorrhea,280.0,Oklahoma,1997.0,Female,0-14 years,0-14,76.0,357489.0,21.26
36600,Gonorrhea,280.0,Oklahoma,1997.0,Female,15-19 years,15-19,1049.0,126408.0,829.85
36601,Gonorrhea,280.0,Oklahoma,1997.0,Female,20-24 years,20-24,768.0,114222.0,672.38
36602,Gonorrhea,280.0,Oklahoma,1997.0,Female,25-29 years,25-29,278.0,112174.0,247.83
36603,Gonorrhea,280.0,Oklahoma,1997.0,Female,30-34 years,30-34,138.0,115340.0,119.65
36604,Gonorrhea,280.0,Oklahoma,1997.0,Female,35-39 years,35-39,74.0,134264.0,55.12
36605,Gonorrhea,280.0,Oklahoma,1997.0,Female,40+ years,40+,35.0,759681.0,4.61
36606,Gonorrhea,280.0,Oklahoma,1998.0,Female,0-14 years,0-14,91.0,358832.0,25.36
36607,Gonorrhea,280.0,Oklahoma,1998.0,Female,15-19 years,15-19,1326.0,129548.0,1023.56
36608,Gonorrhea,280.0,Oklahoma,1998.0,Female,20-24 years,20-24,881.0,115472.0,762.96
36609,Gonorrhea,280.0,Oklahoma,1998.0,Female,25-29 years,25-29,321.0,112991.0,284.09
36610,Gonorrhea,280.0,Oklahoma,1998.0,Female,30-34 years,30-34,142.0,111564.0,127.28
36611,Gonorrhea,280.0,Oklahoma,1998.0,Female,35-39 years,35-39,96.0,133603.0,71.85
36612,Gonorrhea,280.0,Oklahoma,1998.0,Female,40+ years,40+,75.0,773307.0,9.7
36613,Gonorrhea,280.0,Oklahoma,1999.0,Female,0-14 years,0-14,64.0,358002.0,17.88
36614,Gonorrhea,280.0,Oklahoma,1999.0,Female,15-19 years,15-19,944.0,130625.0,722.68
36615,Gonorrhea,280.0,Oklahoma,1999.0,Female,20-24 years,20-24,731.0,118049.0,619.23
36616,Gonorrhea,280.0,Oklahoma,1999.0,Female,25-29 years,25-29,288.0,112856.0,255.19
36617,Gonorrhea,280.0,Oklahoma,1999.0,Female,30-34 years,30-34,95.0,109939.0,86.41
36618,Gonorrhea,280.0,Oklahoma,1999.0,Female,35-39 years,35-39,69.0,132401.0,52.11
36619,Gonorrhea,280.0,Oklahoma,1999.0,Female,40+ years,40+,47.0,786911.0,5.97
36620,Gonorrhea,280.0,Oklahoma,1999.0,Female,Unknown,99,2.0,,
36621,Gonorrhea,280.0,Oklahoma,2000.0,Female,0-14 years,0-14,61.0,352593.0,17.3
36622,Gonorrhea,280.0,Oklahoma,2000.0,Female,15-19 years,15-19,983.0,129483.0,759.17
36623,Gonorrhea,280.0,Oklahoma,2000.0,Female,20-24 years,20-24,874.0,121138.0,721.49
36624,Gonorrhea,280.0,Oklahoma,2000.0,Female,25-29 years,25-29,267.0,111990.0,238.41
36625,Gonorrhea,280.0,Oklahoma,2000.0,Female,30-34 years,30-34,123.0,110955.0,110.86
36626,Gonorrhea,280.0,Oklahoma,2000.0,Female,35-39 years,35-39,69.0,128866.0,53.54
36627,Gonorrhea,280.0,Oklahoma,2000.0,Female,40+ years,40+,56.0,801508.0,6.99
36628,Gonorrhea,280.0,Oklahoma,2001.0,Female,0-14 years,0-14,60.0,352628.0,17.02
36629,Gonorrhea,280.0,Oklahoma,2001.0,Female,15-19 years,15-19,1037.0,128237.0,808.66
36630,Gonorrhea,280.0,Oklahoma,2001.0,Female,20-24 years,20-24,943.0,124921.0,754.88
36631,Gonorrhea,280.0,Oklahoma,2001.0,Female,25-29 years,25-29,354.0,110590.0,320.1
36632,Gonorrhea,280.0,Oklahoma,2001.0,Female,30-34 years,30-34,147.0,111353.0,132.01
36633,Gonorrhea,280.0,Oklahoma,2001.0,Female,35-39 years,35-39,88.0,123418.0,71.3
36634,Gonorrhea,280.0,Oklahoma,2001.0,Female,40+ years,40+,41.0,811236.0,5.05
36635,Gonorrhea,280.0,Oklahoma,2002.0,Female,0-14 years,0-14,61.0,351471.0,17.36
36636,Gonorrhea,280.0,Oklahoma,2002.0,Female,15-19 years,15-19,964.0,126808.0,760.2
36637,Gonorrhea,280.0,Oklahoma,2002.0,Female,20-24 years,20-24,952.0,129474.0,735.28
36638,Gonorrhea,280.0,Oklahoma,2002.0,Female,25-29 years,25-29,344.0,110928.0,310.11
36639,Gonorrhea,280.0,Oklahoma,2002.0,Female,30-34 years,30-34,128.0,113020.0,113.25
36640,Gonorrhea,280.0,Oklahoma,2002.0,Female,35-39 years,35-39,69.0,118543.0,58.21
36641,Gonorrhea,280.0,Oklahoma,2002.0,Female,40+ years,40+,48.0,823597.0,5.83
36642,Gonorrhea,280.0,Oklahoma,2003.0,Female,0-14 years,0-14,62.0,354349.0,17.5
36643,Gonorrhea,280.0,Oklahoma,2003.0,Female,15-19 years,15-19,1048.0,124951.0,838.73
36644,Gonorrhea,280.0,Oklahoma,2003.0,Female,20-24 years,20-24,879.0,132669.0,662.55
36645,Gonorrhea,280.0,Oklahoma,2003.0,Female,25-29 years,25-29,314.0,112582.0,278.91
36646,Gonorrhea,280.0,Oklahoma,2003.0,Female,30-34 years,30-34,153.0,112326.0,136.21
36647,Gonorrhea,280.0,Oklahoma,2003.0,Female,35-39 years,35-39,52.0,114142.0,45.56
36648,Gonorrhea,280.0,Oklahoma,2003.0,Female,40+ years,40+,54.0,829064.0,6.51
36649,Gonorrhea,280.0,Oklahoma,2004.0,Female,0-14 years,0-14,44.0,346775.0,12.69
36650,Gonorrhea,280.0,Oklahoma,2004.0,Female,15-19 years,15-19,911.0,123416.0,738.15
36651,Gonorrhea,280.0,Oklahoma,2004.0,Female,20-24 years,20-24,912.0,133855.0,681.33
36652,Gonorrhea,280.0,Oklahoma,2004.0,Female,25-29 years,25-29,343.0,116661.0,294.01
36653,Gonorrhea,280.0,Oklahoma,2004.0,Female,30-34 years,30-34,137.0,112132.0,122.18
36654,Gonorrhea,280.0,Oklahoma,2004.0,Female,35-39 years,35-39,58.0,111291.0,52.12
36655,Gonorrhea,280.0,Oklahoma,2004.0,Female,40+ years,40+,66.0,839158.0,7.87
36656,Gonorrhea,280.0,Oklahoma,2005.0,Female,0-14 years,0-14,58.0,342989.0,16.91
36657,Gonorrhea,280.0,Oklahoma,2005.0,Female,15-19 years,15-19,1105.0,123240.0,896.62
36658,Gonorrhea,280.0,Oklahoma,2005.0,Female,20-24 years,20-24,1050.0,133267.0,787.89
36659,Gonorrhea,280.0,Oklahoma,2005.0,Female,25-29 years,25-29,482.0,121323.0,397.29
36660,Gonorrhea,280.0,Oklahoma,2005.0,Female,30-34 years,30-34,178.0,111633.0,159.45
36661,Gonorrhea,280.0,Oklahoma,2005.0,Female,35-39 years,35-39,71.0,111482.0,63.69
36662,Gonorrhea,280.0,Oklahoma,2005.0,Female,40+ years,40+,74.0,850676.0,8.7
36663,Gonorrhea,280.0,Oklahoma,2006.0,Female,0-14 years,0-14,41.0,360464.0,11.37
36664,Gonorrhea,280.0,Oklahoma,2006.0,Female,15-19 years,15-19,936.0,121359.0,771.26
36665,Gonorrhea,280.0,Oklahoma,2006.0,Female,20-24 years,20-24,1059.0,130181.0,813.48
36666,Gonorrhea,280.0,Oklahoma,2006.0,Female,25-29 years,25-29,435.0,127065.0,342.34
36667,Gonorrhea,280.0,Oklahoma,2006.0,Female,30-34 years,30-34,163.0,109681.0,148.61
36668,Gonorrhea,280.0,Oklahoma,2006.0,Female,35-39 years,35-39,69.0,111637.0,61.81
36669,Gonorrhea,280.0,Oklahoma,2006.0,Female,40+ years,40+,77.0,854311.0,9.01
36670,Gonorrhea,280.0,Oklahoma,2007.0,Female,0-14 years,0-14,35.0,362135.0,9.66
36671,Gonorrhea,280.0,Oklahoma,2007.0,Female,15-19 years,15-19,845.0,122723.0,688.54
36672,Gonorrhea,280.0,Oklahoma,2007.0,Female,20-24 years,20-24,1002.0,128722.0,778.42
36673,Gonorrhea,280.0,Oklahoma,2007.0,Female,25-29 years,25-29,456.0,131441.0,346.92
36674,Gonorrhea,280.0,Oklahoma,2007.0,Female,30-34 years,30-34,154.0,109410.0,140.75
36675,Gonorrhea,280.0,Oklahoma,2007.0,Female,35-39 years,35-39,57.0,113666.0,50.15
36676,Gonorrhea,280.0,Oklahoma,2007.0,Female,40+ years,40+,56.0,861731.0,6.5
36677,Gonorrhea,280.0,Oklahoma,2007.0,Female,Unknown,99,1.0,,
36678,Gonorrhea,280.0,Oklahoma,2008.0,Female,0-14 years,0-14,40.0,366841.0,10.9
36679,Gonorrhea,280.0,Oklahoma,2008.0,Female,15-19 years,15-19,1067.0,121642.0,877.16
36680,Gonorrhea,280.0,Oklahoma,2008.0,Female,20-24 years,20-24,1082.0,128276.0,843.49
36681,Gonorrhea,280.0,Oklahoma,2008.0,Female,25-29 years,25-29,461.0,133488.0,345.35
36682,Gonorrhea,280.0,Oklahoma,2008.0,Female,30-34 years,30-34,172.0,110105.0,156.22
36683,Gonorrhea,280.0,Oklahoma,2008.0,Female,35-39 years,35-39,82.0,113725.0,72.1
36684,Gonorrhea,280.0,Oklahoma,2008.0,Female,40+ years,40+,59.0,869443.0,6.79
36685,Gonorrhea,280.0,Oklahoma,2008.0,Female,Unknown,99,1.0,,
36686,Gonorrhea,280.0,Oklahoma,2009.0,Female,0-14 years,0-14,46.0,374023.0,12.3
36687,Gonorrhea,280.0,Oklahoma,2009.0,Female,15-19 years,15-19,973.0,124070.0,784.24
36688,Gonorrhea,280.0,Oklahoma,2009.0,Female,20-24 years,20-24,1026.0,134318.0,763.86
36689,Gonorrhea,280.0,Oklahoma,2009.0,Female,25-29 years,25-29,452.0,132927.0,340.04
36690,Gonorrhea,280.0,Oklahoma,2009.0,Female,30-34 years,30-34,173.0,112907.0,153.22
36691,Gonorrhea,280.0,Oklahoma,2009.0,Female,35-39 years,35-39,76.0,113340.0,67.05
36692,Gonorrhea,280.0,Oklahoma,2009.0,Female,40+ years,40+,60.0,873491.0,6.87
36693,Gonorrhea,280.0,Oklahoma,2009.0,Female,Unknown,99,3.0,,
36694,Gonorrhea,280.0,Oklahoma,2010.0,Female,0-14 years,0-14,30.0,379248.0,7.91
36695,Gonorrhea,280.0,Oklahoma,2010.0,Female,15-19 years,15-19,856.0,128840.0,664.39
36696,Gonorrhea,280.0,Oklahoma,2010.0,Female,20-24 years,20-24,910.0,131308.0,693.03
36697,Gonorrhea,280.0,Oklahoma,2010.0,Female,25-29 years,25-29,402.0,129829.0,309.64
36698,Gonorrhea,280.0,Oklahoma,2010.0,Female,30-34 years,30-34,179.0,118104.0,151.56
36699,Gonorrhea,280.0,Oklahoma,2010.0,Female,35-39 years,35-39,56.0,115296.0,48.57
36700,Gonorrhea,280.0,Oklahoma,2010.0,Female,40+ years,40+,60.0,891749.0,6.73
36701,Gonorrhea,280.0,Oklahoma,2011.0,Female,0-14 years,0-14,24.0,383322.0,6.26
36702,Gonorrhea,280.0,Oklahoma,2011.0,Female,15-19 years,15-19,725.0,125975.0,575.51
36703,Gonorrhea,280.0,Oklahoma,2011.0,Female,20-24 years,20-24,969.0,135815.0,713.47
36704,Gonorrhea,280.0,Oklahoma,2011.0,Female,25-29 years,25-29,376.0,130533.0,288.05
36705,Gonorrhea,280.0,Oklahoma,2011.0,Female,30-34 years,30-34,176.0,122264.0,143.95
36706,Gonorrhea,280.0,Oklahoma,2011.0,Female,35-39 years,35-39,70.0,113095.0,61.89
36707,Gonorrhea,280.0,Oklahoma,2011.0,Female,40+ years,40+,53.0,902755.0,5.87
36708,Gonorrhea,280.0,Oklahoma,2011.0,Female,Unknown,99,2.0,,
36709,Gonorrhea,280.0,Oklahoma,2012.0,Female,0-14 years,0-14,41.0,384155.0,10.67
36710,Gonorrhea,280.0,Oklahoma,2012.0,Female,15-19 years,15-19,786.0,123520.0,636.33
36711,Gonorrhea,280.0,Oklahoma,2012.0,Female,20-24 years,20-24,986.0,139228.0,708.19
36712,Gonorrhea,280.0,Oklahoma,2012.0,Female,25-29 years,25-29,443.0,130163.0,340.34
36713,Gonorrhea,280.0,Oklahoma,2012.0,Female,30-34 years,30-34,219.0,125481.0,174.53
36714,Gonorrhea,280.0,Oklahoma,2012.0,Female,35-39 years,35-39,92.0,113396.0,81.13
36715,Gonorrhea,280.0,Oklahoma,2012.0,Female,40+ years,40+,84.0,909052.0,9.24
36716,Gonorrhea,280.0,Oklahoma,2012.0,Female,Unknown,99,1.0,,
36717,Gonorrhea,280.0,Oklahoma,2013.0,Female,0-14 years,0-14,39.0,387988.0,10.05
36718,Gonorrhea,280.0,Oklahoma,2013.0,Female,15-19 years,15-19,775.0,123913.0,625.44
36719,Gonorrhea,280.0,Oklahoma,2013.0,Female,20-24 years,20-24,1116.0,139999.0,797.15
36720,Gonorrhea,280.0,Oklahoma,2013.0,Female,25-29 years,25-29,588.0,129711.0,453.31
36721,Gonorrhea,280.0,Oklahoma,2013.0,Female,30-34 years,30-34,273.0,130248.0,209.6
36722,Gonorrhea,280.0,Oklahoma,2013.0,Female,35-39 years,35-39,111.0,114604.0,96.86
36723,Gonorrhea,280.0,Oklahoma,2013.0,Female,40+ years,40+,97.0,916813.0,10.58
36724,Gonorrhea,280.0,Oklahoma,2013.0,Female,Unknown,99,1.0,,
36725,Gonorrhea,280.0,Oklahoma,2014.0,Female,0-14 years,0-14,40.0,387988.0,10.31
36726,Gonorrhea,280.0,Oklahoma,2014.0,Female,15-19 years,15-19,881.0,123913.0,710.98
36727,Gonorrhea,280.0,Oklahoma,2014.0,Female,20-24 years,20-24,1263.0,139999.0,902.15
36728,Gonorrhea,280.0,Oklahoma,2014.0,Female,25-29 years,25-29,671.0,129711.0,517.3
36729,Gonorrhea,280.0,Oklahoma,2014.0,Female,30-34 years,30-34,319.0,130248.0,244.92
36730,Gonorrhea,280.0,Oklahoma,2014.0,Female,35-39 years,35-39,141.0,114604.0,123.03
36731,Gonorrhea,280.0,Oklahoma,2014.0,Female,40+ years,40+,136.0,916813.0,14.83
36732,Gonorrhea,280.0,Oregon,1996.0,Female,0-14 years,0-14,14.0,328442.0,4.26
36733,Gonorrhea,280.0,Oregon,1996.0,Female,15-19 years,15-19,181.0,112589.0,160.76
36734,Gonorrhea,280.0,Oregon,1996.0,Female,20-24 years,20-24,111.0,100148.0,110.84
36735,Gonorrhea,280.0,Oregon,1996.0,Female,25-29 years,25-29,49.0,108944.0,44.98
36736,Gonorrhea,280.0,Oregon,1996.0,Female,30-34 years,30-34,31.0,118606.0,26.14
36737,Gonorrhea,280.0,Oregon,1996.0,Female,35-39 years,35-39,14.0,133524.0,10.48
36738,Gonorrhea,280.0,Oregon,1996.0,Female,40+ years,40+,17.0,740331.0,2.3
36739,Gonorrhea,280.0,Oregon,1997.0,Female,0-14 years,0-14,14.0,333133.0,4.2
36740,Gonorrhea,280.0,Oregon,1997.0,Female,15-19 years,15-19,158.0,115876.0,136.35
36741,Gonorrhea,280.0,Oregon,1997.0,Female,20-24 years,20-24,99.0,103110.0,96.01
36742,Gonorrhea,280.0,Oregon,1997.0,Female,25-29 years,25-29,43.0,110757.0,38.82
36743,Gonorrhea,280.0,Oregon,1997.0,Female,30-34 years,30-34,14.0,116130.0,12.06
36744,Gonorrhea,280.0,Oregon,1997.0,Female,35-39 years,35-39,10.0,132684.0,7.54
36745,Gonorrhea,280.0,Oregon,1997.0,Female,40+ years,40+,10.0,758311.0,1.32
36746,Gonorrhea,280.0,Oregon,1998.0,Female,0-14 years,0-14,14.0,336640.0,4.16
36747,Gonorrhea,280.0,Oregon,1998.0,Female,15-19 years,15-19,162.0,118232.0,137.02
36748,Gonorrhea,280.0,Oregon,1998.0,Female,20-24 years,20-24,170.0,106323.0,159.89
36749,Gonorrhea,280.0,Oregon,1998.0,Female,25-29 years,25-29,47.0,112024.0,41.96
36750,Gonorrhea,280.0,Oregon,1998.0,Female,30-34 years,30-34,18.0,114168.0,15.77
36751,Gonorrhea,280.0,Oregon,1998.0,Female,35-39 years,35-39,12.0,131057.0,9.16
36752,Gonorrhea,280.0,Oregon,1998.0,Female,40+ years,40+,7.0,774815.0,0.9
36753,Gonorrhea,280.0,Oregon,1999.0,Female,0-14 years,0-14,10.0,339560.0,2.94
36754,Gonorrhea,280.0,Oregon,1999.0,Female,15-19 years,15-19,176.0,119020.0,147.87
36755,Gonorrhea,280.0,Oregon,1999.0,Female,20-24 years,20-24,125.0,109896.0,113.74
36756,Gonorrhea,280.0,Oregon,1999.0,Female,25-29 years,25-29,65.0,112542.0,57.76
36757,Gonorrhea,280.0,Oregon,1999.0,Female,30-34 years,30-34,27.0,113809.0,23.72
36758,Gonorrhea,280.0,Oregon,1999.0,Female,35-39 years,35-39,13.0,128928.0,10.08
36759,Gonorrhea,280.0,Oregon,1999.0,Female,40+ years,40+,17.0,788471.0,2.16
36760,Gonorrhea,280.0,Oregon,2000.0,Female,0-14 years,0-14,7.0,345057.0,2.03
36761,Gonorrhea,280.0,Oregon,2000.0,Female,15-19 years,15-19,210.0,119188.0,176.19
36762,Gonorrhea,280.0,Oregon,2000.0,Female,20-24 years,20-24,161.0,112281.0,143.39
36763,Gonorrhea,280.0,Oregon,2000.0,Female,25-29 years,25-29,62.0,111951.0,55.38
36764,Gonorrhea,280.0,Oregon,2000.0,Female,30-34 years,30-34,23.0,115207.0,19.96
36765,Gonorrhea,280.0,Oregon,2000.0,Female,35-39 years,35-39,10.0,125484.0,7.97
36766,Gonorrhea,280.0,Oregon,2000.0,Female,40+ years,40+,13.0,800218.0,1.62
36767,Gonorrhea,280.0,Oregon,2001.0,Female,0-14 years,0-14,15.0,344417.0,4.36
36768,Gonorrhea,280.0,Oregon,2001.0,Female,15-19 years,15-19,190.0,119455.0,159.06
36769,Gonorrhea,280.0,Oregon,2001.0,Female,20-24 years,20-24,123.0,114672.0,107.26
36770,Gonorrhea,280.0,Oregon,2001.0,Female,25-29 years,25-29,58.0,112068.0,51.75
36771,Gonorrhea,280.0,Oregon,2001.0,Female,30-34 years,30-34,31.0,118652.0,26.13
36772,Gonorrhea,280.0,Oregon,2001.0,Female,35-39 years,35-39,17.0,123551.0,13.76
36773,Gonorrhea,280.0,Oregon,2001.0,Female,40+ years,40+,14.0,817248.0,1.71
36774,Gonorrhea,280.0,Oregon,2002.0,Female,0-14 years,0-14,7.0,345234.0,2.03
36775,Gonorrhea,280.0,Oregon,2002.0,Female,15-19 years,15-19,102.0,119711.0,85.21
36776,Gonorrhea,280.0,Oregon,2002.0,Female,20-24 years,20-24,125.0,117524.0,106.36
36777,Gonorrhea,280.0,Oregon,2002.0,Female,25-29 years,25-29,63.0,113438.0,55.54
36778,Gonorrhea,280.0,Oregon,2002.0,Female,30-34 years,30-34,25.0,121836.0,20.52
36779,Gonorrhea,280.0,Oregon,2002.0,Female,35-39 years,35-39,21.0,121423.0,17.29
36780,Gonorrhea,280.0,Oregon,2002.0,Female,40+ years,40+,14.0,834494.0,1.68
36781,Gonorrhea,280.0,Oregon,2003.0,Female,0-14 years,0-14,4.0,342585.0,1.17
36782,Gonorrhea,280.0,Oregon,2003.0,Female,15-19 years,15-19,99.0,119517.0,82.83
36783,Gonorrhea,280.0,Oregon,2003.0,Female,20-24 years,20-24,133.0,121563.0,109.41
36784,Gonorrhea,280.0,Oregon,2003.0,Female,25-29 years,25-29,59.0,117867.0,50.06
36785,Gonorrhea,280.0,Oregon,2003.0,Female,30-34 years,30-34,44.0,123627.0,35.59
36786,Gonorrhea,280.0,Oregon,2003.0,Female,35-39 years,35-39,24.0,119221.0,20.13
36787,Gonorrhea,280.0,Oregon,2003.0,Female,40+ years,40+,26.0,846738.0,3.07
36788,Gonorrhea,280.0,Oregon,2004.0,Female,0-14 years,0-14,12.0,343469.0,3.49
36789,Gonorrhea,280.0,Oregon,2004.0,Female,15-19 years,15-19,140.0,120063.0,116.61
36790,Gonorrhea,280.0,Oregon,2004.0,Female,20-24 years,20-24,197.0,123601.0,159.38
36791,Gonorrhea,280.0,Oregon,2004.0,Female,25-29 years,25-29,105.0,120529.0,87.12
36792,Gonorrhea,280.0,Oregon,2004.0,Female,30-34 years,30-34,58.0,123456.0,46.98
36793,Gonorrhea,280.0,Oregon,2004.0,Female,35-39 years,35-39,16.0,118960.0,13.45
36794,Gonorrhea,280.0,Oregon,2004.0,Female,40+ years,40+,39.0,857739.0,4.55
36795,Gonorrhea,280.0,Oregon,2005.0,Female,0-14 years,0-14,15.0,341080.0,4.4
36796,Gonorrhea,280.0,Oregon,2005.0,Female,15-19 years,15-19,197.0,121165.0,162.59
36797,Gonorrhea,280.0,Oregon,2005.0,Female,20-24 years,20-24,209.0,124854.0,167.4
36798,Gonorrhea,280.0,Oregon,2005.0,Female,25-29 years,25-29,116.0,124429.0,93.23
36799,Gonorrhea,280.0,Oregon,2005.0,Female,30-34 years,30-34,61.0,123601.0,49.35
36800,Gonorrhea,280.0,Oregon,2005.0,Female,35-39 years,35-39,28.0,121770.0,22.99
36801,Gonorrhea,280.0,Oregon,2005.0,Female,40+ years,40+,35.0,873246.0,4.01
36802,Gonorrhea,280.0,Oregon,2006.0,Female,0-14 years,0-14,7.0,343027.0,2.04
36803,Gonorrhea,280.0,Oregon,2006.0,Female,15-19 years,15-19,147.0,119973.0,122.53
36804,Gonorrhea,280.0,Oregon,2006.0,Female,20-24 years,20-24,189.0,119737.0,157.85
36805,Gonorrhea,280.0,Oregon,2006.0,Female,25-29 years,25-29,126.0,133025.0,94.72
36806,Gonorrhea,280.0,Oregon,2006.0,Female,30-34 years,30-34,79.0,119372.0,66.18
36807,Gonorrhea,280.0,Oregon,2006.0,Female,35-39 years,35-39,22.0,123413.0,17.83
36808,Gonorrhea,280.0,Oregon,2006.0,Female,40+ years,40+,39.0,902523.0,4.32
36809,Gonorrhea,280.0,Oregon,2007.0,Female,0-14 years,0-14,8.0,345591.0,2.31
36810,Gonorrhea,280.0,Oregon,2007.0,Female,15-19 years,15-19,161.0,121040.0,133.01
36811,Gonorrhea,280.0,Oregon,2007.0,Female,20-24 years,20-24,181.0,117934.0,153.48
36812,Gonorrhea,280.0,Oregon,2007.0,Female,25-29 years,25-29,95.0,135751.0,69.98
36813,Gonorrhea,280.0,Oregon,2007.0,Female,30-34 years,30-34,43.0,120955.0,35.55
36814,Gonorrhea,280.0,Oregon,2007.0,Female,35-39 years,35-39,39.0,125453.0,31.09
36815,Gonorrhea,280.0,Oregon,2007.0,Female,40+ years,40+,37.0,918592.0,4.03
36816,Gonorrhea,280.0,Oregon,2008.0,Female,0-14 years,0-14,6.0,349509.0,1.72
36817,Gonorrhea,280.0,Oregon,2008.0,Female,15-19 years,15-19,162.0,120351.0,134.61
36818,Gonorrhea,280.0,Oregon,2008.0,Female,20-24 years,20-24,172.0,118738.0,144.86
36819,Gonorrhea,280.0,Oregon,2008.0,Female,25-29 years,25-29,99.0,135720.0,72.94
36820,Gonorrhea,280.0,Oregon,2008.0,Female,30-34 years,30-34,55.0,124171.0,44.29
36821,Gonorrhea,280.0,Oregon,2008.0,Female,35-39 years,35-39,25.0,126188.0,19.81
36822,Gonorrhea,280.0,Oregon,2008.0,Female,40+ years,40+,34.0,932652.0,3.65
36823,Gonorrhea,280.0,Oregon,2009.0,Female,0-14 years,0-14,8.0,354484.0,2.26
36824,Gonorrhea,280.0,Oregon,2009.0,Female,15-19 years,15-19,159.0,122840.0,129.44
36825,Gonorrhea,280.0,Oregon,2009.0,Female,20-24 years,20-24,169.0,128009.0,132.02
36826,Gonorrhea,280.0,Oregon,2009.0,Female,25-29 years,25-29,81.0,135042.0,59.98
36827,Gonorrhea,280.0,Oregon,2009.0,Female,30-34 years,30-34,41.0,123273.0,33.26
36828,Gonorrhea,280.0,Oregon,2009.0,Female,35-39 years,35-39,22.0,123843.0,17.76
36829,Gonorrhea,280.0,Oregon,2009.0,Female,40+ years,40+,25.0,941112.0,2.66
36830,Gonorrhea,280.0,Oregon,2010.0,Female,0-14 years,0-14,2.0,350218.0,0.57
36831,Gonorrhea,280.0,Oregon,2010.0,Female,15-19 years,15-19,139.0,124183.0,111.93
36832,Gonorrhea,280.0,Oregon,2010.0,Female,20-24 years,20-24,159.0,124587.0,127.62
36833,Gonorrhea,280.0,Oregon,2010.0,Female,25-29 years,25-29,94.0,131397.0,71.54
36834,Gonorrhea,280.0,Oregon,2010.0,Female,30-34 years,30-34,33.0,127972.0,25.79
36835,Gonorrhea,280.0,Oregon,2010.0,Female,35-39 years,35-39,23.0,123336.0,18.65
36836,Gonorrhea,280.0,Oregon,2010.0,Female,40+ years,40+,27.0,953379.0,2.83
36837,Gonorrhea,280.0,Oregon,2011.0,Female,0-14 years,0-14,9.0,349992.0,2.57
36838,Gonorrhea,280.0,Oregon,2011.0,Female,15-19 years,15-19,161.0,121463.0,132.55
36839,Gonorrhea,280.0,Oregon,2011.0,Female,20-24 years,20-24,219.0,129273.0,169.41
36840,Gonorrhea,280.0,Oregon,2011.0,Female,25-29 years,25-29,96.0,130834.0,73.38
36841,Gonorrhea,280.0,Oregon,2011.0,Female,30-34 years,30-34,55.0,131510.0,41.82
36842,Gonorrhea,280.0,Oregon,2011.0,Female,35-39 years,35-39,30.0,121404.0,24.71
36843,Gonorrhea,280.0,Oregon,2011.0,Female,40+ years,40+,32.0,970763.0,3.3
36844,Gonorrhea,280.0,Oregon,2012.0,Female,0-14 years,0-14,6.0,348272.0,1.72
36845,Gonorrhea,280.0,Oregon,2012.0,Female,15-19 years,15-19,120.0,119662.0,100.28
36846,Gonorrhea,280.0,Oregon,2012.0,Female,20-24 years,20-24,162.0,131128.0,123.54
36847,Gonorrhea,280.0,Oregon,2012.0,Female,25-29 years,25-29,100.0,129455.0,77.25
36848,Gonorrhea,280.0,Oregon,2012.0,Female,30-34 years,30-34,62.0,134294.0,46.17
36849,Gonorrhea,280.0,Oregon,2012.0,Female,35-39 years,35-39,40.0,122834.0,32.56
36850,Gonorrhea,280.0,Oregon,2012.0,Female,40+ years,40+,38.0,982996.0,3.87
36851,Gonorrhea,280.0,Oregon,2013.0,Female,0-14 years,0-14,4.0,347188.0,1.15
36852,Gonorrhea,280.0,Oregon,2013.0,Female,15-19 years,15-19,94.0,119957.0,78.36
36853,Gonorrhea,280.0,Oregon,2013.0,Female,20-24 years,20-24,183.0,132631.0,137.98
36854,Gonorrhea,280.0,Oregon,2013.0,Female,25-29 years,25-29,126.0,129185.0,97.53
36855,Gonorrhea,280.0,Oregon,2013.0,Female,30-34 years,30-34,77.0,136253.0,56.51
36856,Gonorrhea,280.0,Oregon,2013.0,Female,35-39 years,35-39,41.0,125490.0,32.67
36857,Gonorrhea,280.0,Oregon,2013.0,Female,40+ years,40+,41.0,994951.0,4.12
36858,Gonorrhea,280.0,Oregon,2014.0,Female,0-14 years,0-14,3.0,347188.0,0.86
36859,Gonorrhea,280.0,Oregon,2014.0,Female,15-19 years,15-19,118.0,119957.0,98.37
36860,Gonorrhea,280.0,Oregon,2014.0,Female,20-24 years,20-24,227.0,132631.0,171.15
36861,Gonorrhea,280.0,Oregon,2014.0,Female,25-29 years,25-29,186.0,129185.0,143.98
36862,Gonorrhea,280.0,Oregon,2014.0,Female,30-34 years,30-34,121.0,136253.0,88.81
36863,Gonorrhea,280.0,Oregon,2014.0,Female,35-39 years,35-39,55.0,125490.0,43.83
36864,Gonorrhea,280.0,Oregon,2014.0,Female,40+ years,40+,76.0,994951.0,7.64
36865,Gonorrhea,280.0,Pennsylvania,1996.0,Female,0-14 years,0-14,254.0,1191940.0,21.31
36866,Gonorrhea,280.0,Pennsylvania,1996.0,Female,15-19 years,15-19,2338.0,399141.0,585.76
36867,Gonorrhea,280.0,Pennsylvania,1996.0,Female,20-24 years,20-24,1499.0,378345.0,396.2
36868,Gonorrhea,280.0,Pennsylvania,1996.0,Female,25-29 years,25-29,761.0,418395.0,181.89
36869,Gonorrhea,280.0,Pennsylvania,1996.0,Female,30-34 years,30-34,464.0,448098.0,103.55
36870,Gonorrhea,280.0,Pennsylvania,1996.0,Female,35-39 years,35-39,248.0,511567.0,48.48
36871,Gonorrhea,280.0,Pennsylvania,1996.0,Female,40+ years,40+,128.0,2990157.0,4.28
36872,Gonorrhea,280.0,Pennsylvania,1996.0,Female,Unknown,99,32.0,,
36873,Gonorrhea,280.0,Pennsylvania,1997.0,Female,0-14 years,0-14,229.0,1189899.0,19.25
36874,Gonorrhea,280.0,Pennsylvania,1997.0,Female,15-19 years,15-19,2222.0,406445.0,546.69
36875,Gonorrhea,280.0,Pennsylvania,1997.0,Female,20-24 years,20-24,1487.0,368947.0,403.04
36876,Gonorrhea,280.0,Pennsylvania,1997.0,Female,25-29 years,25-29,708.0,412416.0,171.67
36877,Gonorrhea,280.0,Pennsylvania,1997.0,Female,30-34 years,30-34,360.0,433294.0,83.08
36878,Gonorrhea,280.0,Pennsylvania,1997.0,Female,35-39 years,35-39,235.0,505236.0,46.51
36879,Gonorrhea,280.0,Pennsylvania,1997.0,Female,40+ years,40+,113.0,3021224.0,3.74
36880,Gonorrhea,280.0,Pennsylvania,1997.0,Female,Unknown,99,41.0,,
36881,Gonorrhea,280.0,Pennsylvania,1998.0,Female,0-14 years,0-14,239.0,1187555.0,20.13
36882,Gonorrhea,280.0,Pennsylvania,1998.0,Female,15-19 years,15-19,2707.0,413476.0,654.69
36883,Gonorrhea,280.0,Pennsylvania,1998.0,Female,20-24 years,20-24,1905.0,367370.0,518.55
36884,Gonorrhea,280.0,Pennsylvania,1998.0,Female,25-29 years,25-29,786.0,399404.0,196.79
36885,Gonorrhea,280.0,Pennsylvania,1998.0,Female,30-34 years,30-34,440.0,423397.0,103.92
36886,Gonorrhea,280.0,Pennsylvania,1998.0,Female,35-39 years,35-39,247.0,496102.0,49.79
36887,Gonorrhea,280.0,Pennsylvania,1998.0,Female,40+ years,40+,144.0,3057249.0,4.71
36888,Gonorrhea,280.0,Pennsylvania,1998.0,Female,Unknown,99,4.0,,
36889,Gonorrhea,280.0,Pennsylvania,1999.0,Female,0-14 years,0-14,267.0,1182895.0,22.57
36890,Gonorrhea,280.0,Pennsylvania,1999.0,Female,15-19 years,15-19,3008.0,415900.0,723.25
36891,Gonorrhea,280.0,Pennsylvania,1999.0,Female,20-24 years,20-24,2168.0,370143.0,585.72
36892,Gonorrhea,280.0,Pennsylvania,1999.0,Female,25-29 years,25-29,946.0,381115.0,248.22
36893,Gonorrhea,280.0,Pennsylvania,1999.0,Female,30-34 years,30-34,494.0,418304.0,118.1
36894,Gonorrhea,280.0,Pennsylvania,1999.0,Female,35-39 years,35-39,278.0,488756.0,56.88
36895,Gonorrhea,280.0,Pennsylvania,1999.0,Female,40+ years,40+,195.0,3089951.0,6.31
36896,Gonorrhea,280.0,Pennsylvania,1999.0,Female,Unknown,99,4.0,,
36897,Gonorrhea,280.0,Pennsylvania,2000.0,Female,0-14 years,0-14,305.0,1167457.0,26.13
36898,Gonorrhea,280.0,Pennsylvania,2000.0,Female,15-19 years,15-19,2930.0,415550.0,705.09
36899,Gonorrhea,280.0,Pennsylvania,2000.0,Female,20-24 years,20-24,2253.0,379000.0,594.46
36900,Gonorrhea,280.0,Pennsylvania,2000.0,Female,25-29 years,25-29,910.0,362640.0,250.94
36901,Gonorrhea,280.0,Pennsylvania,2000.0,Female,30-34 years,30-34,477.0,417974.0,114.12
36902,Gonorrhea,280.0,Pennsylvania,2000.0,Female,35-39 years,35-39,255.0,480421.0,53.08
36903,Gonorrhea,280.0,Pennsylvania,2000.0,Female,40+ years,40+,196.0,3130236.0,6.26
36904,Gonorrhea,280.0,Pennsylvania,2000.0,Female,Unknown,99,16.0,,
36905,Gonorrhea,280.0,Pennsylvania,2001.0,Female,0-14 years,0-14,295.0,1158456.0,25.46
36906,Gonorrhea,280.0,Pennsylvania,2001.0,Female,15-19 years,15-19,3066.0,411240.0,745.55
36907,Gonorrhea,280.0,Pennsylvania,2001.0,Female,20-24 years,20-24,2457.0,397590.0,617.97
36908,Gonorrhea,280.0,Pennsylvania,2001.0,Female,25-29 years,25-29,990.0,348524.0,284.06
36909,Gonorrhea,280.0,Pennsylvania,2001.0,Female,30-34 years,30-34,490.0,412726.0,118.72
36910,Gonorrhea,280.0,Pennsylvania,2001.0,Female,35-39 years,35-39,271.0,468786.0,57.81
36911,Gonorrhea,280.0,Pennsylvania,2001.0,Female,40+ years,40+,256.0,3159683.0,8.1
36912,Gonorrhea,280.0,Pennsylvania,2001.0,Female,Unknown,99,28.0,,
36913,Gonorrhea,280.0,Pennsylvania,2002.0,Female,0-14 years,0-14,294.0,1147799.0,25.61
36914,Gonorrhea,280.0,Pennsylvania,2002.0,Female,15-19 years,15-19,2811.0,410282.0,685.14
36915,Gonorrhea,280.0,Pennsylvania,2002.0,Female,20-24 years,20-24,2198.0,412084.0,533.39
36916,Gonorrhea,280.0,Pennsylvania,2002.0,Female,25-29 years,25-29,927.0,342136.0,270.94
36917,Gonorrhea,280.0,Pennsylvania,2002.0,Female,30-34 years,30-34,461.0,406545.0,113.39
36918,Gonorrhea,280.0,Pennsylvania,2002.0,Female,35-39 years,35-39,285.0,456842.0,62.38
36919,Gonorrhea,280.0,Pennsylvania,2002.0,Female,40+ years,40+,198.0,3193264.0,6.2
36920,Gonorrhea,280.0,Pennsylvania,2002.0,Female,Unknown,99,26.0,,
36921,Gonorrhea,280.0,Pennsylvania,2003.0,Female,0-14 years,0-14,220.0,1130621.0,19.46
36922,Gonorrhea,280.0,Pennsylvania,2003.0,Female,15-19 years,15-19,2406.0,413685.0,581.6
36923,Gonorrhea,280.0,Pennsylvania,2003.0,Female,20-24 years,20-24,2072.0,421044.0,492.11
36924,Gonorrhea,280.0,Pennsylvania,2003.0,Female,25-29 years,25-29,962.0,345429.0,278.49
36925,Gonorrhea,280.0,Pennsylvania,2003.0,Female,30-34 years,30-34,446.0,390402.0,114.24
36926,Gonorrhea,280.0,Pennsylvania,2003.0,Female,35-39 years,35-39,266.0,442407.0,60.13
36927,Gonorrhea,280.0,Pennsylvania,2003.0,Female,40+ years,40+,224.0,3233589.0,6.93
36928,Gonorrhea,280.0,Pennsylvania,2003.0,Female,Unknown,99,48.0,,
36929,Gonorrhea,280.0,Pennsylvania,2004.0,Female,0-14 years,0-14,159.0,1131096.0,14.06
36930,Gonorrhea,280.0,Pennsylvania,2004.0,Female,15-19 years,15-19,2260.0,419802.0,538.35
36931,Gonorrhea,280.0,Pennsylvania,2004.0,Female,20-24 years,20-24,1927.0,418192.0,460.79
36932,Gonorrhea,280.0,Pennsylvania,2004.0,Female,25-29 years,25-29,950.0,356225.0,266.69
36933,Gonorrhea,280.0,Pennsylvania,2004.0,Female,30-34 years,30-34,428.0,376914.0,113.55
36934,Gonorrhea,280.0,Pennsylvania,2004.0,Female,35-39 years,35-39,241.0,428985.0,56.18
36935,Gonorrhea,280.0,Pennsylvania,2004.0,Female,40+ years,40+,280.0,3261416.0,8.59
36936,Gonorrhea,280.0,Pennsylvania,2004.0,Female,Unknown,99,50.0,,
36937,Gonorrhea,280.0,Pennsylvania,2005.0,Female,0-14 years,0-14,158.0,1117454.0,14.14
36938,Gonorrhea,280.0,Pennsylvania,2005.0,Female,15-19 years,15-19,2298.0,424923.0,540.8
36939,Gonorrhea,280.0,Pennsylvania,2005.0,Female,20-24 years,20-24,1916.0,412734.0,464.22
36940,Gonorrhea,280.0,Pennsylvania,2005.0,Female,25-29 years,25-29,958.0,371263.0,258.04
36941,Gonorrhea,280.0,Pennsylvania,2005.0,Female,30-34 years,30-34,420.0,361740.0,116.11
36942,Gonorrhea,280.0,Pennsylvania,2005.0,Female,35-39 years,35-39,232.0,421022.0,55.1
36943,Gonorrhea,280.0,Pennsylvania,2005.0,Female,40+ years,40+,268.0,3290307.0,8.15
36944,Gonorrhea,280.0,Pennsylvania,2005.0,Female,Unknown,99,21.0,,
36945,Gonorrhea,280.0,Pennsylvania,2006.0,Female,0-14 years,0-14,134.0,1110686.0,12.06
36946,Gonorrhea,280.0,Pennsylvania,2006.0,Female,15-19 years,15-19,2211.0,438533.0,504.18
36947,Gonorrhea,280.0,Pennsylvania,2006.0,Female,20-24 years,20-24,1918.0,407112.0,471.12
36948,Gonorrhea,280.0,Pennsylvania,2006.0,Female,25-29 years,25-29,969.0,358157.0,270.55
36949,Gonorrhea,280.0,Pennsylvania,2006.0,Female,30-34 years,30-34,446.0,359958.0,123.9
36950,Gonorrhea,280.0,Pennsylvania,2006.0,Female,35-39 years,35-39,255.0,423028.0,60.28
36951,Gonorrhea,280.0,Pennsylvania,2006.0,Female,40+ years,40+,272.0,3295610.0,8.25
36952,Gonorrhea,280.0,Pennsylvania,2006.0,Female,Unknown,99,14.0,,
36953,Gonorrhea,280.0,Pennsylvania,2007.0,Female,0-14 years,0-14,141.0,1104418.0,12.77
36954,Gonorrhea,280.0,Pennsylvania,2007.0,Female,15-19 years,15-19,2436.0,438977.0,554.93
36955,Gonorrhea,280.0,Pennsylvania,2007.0,Female,20-24 years,20-24,2213.0,405652.0,545.54
36956,Gonorrhea,280.0,Pennsylvania,2007.0,Female,25-29 years,25-29,1086.0,365384.0,297.22
36957,Gonorrhea,280.0,Pennsylvania,2007.0,Female,30-34 years,30-34,500.0,354457.0,141.06
36958,Gonorrhea,280.0,Pennsylvania,2007.0,Female,35-39 years,35-39,265.0,414849.0,63.88
36959,Gonorrhea,280.0,Pennsylvania,2007.0,Female,40+ years,40+,301.0,3300066.0,9.12
36960,Gonorrhea,280.0,Pennsylvania,2007.0,Female,Unknown,99,3.0,,
36961,Gonorrhea,280.0,Pennsylvania,2008.0,Female,0-14 years,0-14,145.0,1098653.0,13.2
36962,Gonorrhea,280.0,Pennsylvania,2008.0,Female,15-19 years,15-19,2267.0,436126.0,519.8
36963,Gonorrhea,280.0,Pennsylvania,2008.0,Female,20-24 years,20-24,1963.0,407019.0,482.29
36964,Gonorrhea,280.0,Pennsylvania,2008.0,Female,25-29 years,25-29,935.0,369259.0,253.21
36965,Gonorrhea,280.0,Pennsylvania,2008.0,Female,30-34 years,30-34,420.0,354354.0,118.53
36966,Gonorrhea,280.0,Pennsylvania,2008.0,Female,35-39 years,35-39,196.0,405296.0,48.36
36967,Gonorrhea,280.0,Pennsylvania,2008.0,Female,40+ years,40+,278.0,3317402.0,8.38
36968,Gonorrhea,280.0,Pennsylvania,2008.0,Female,Unknown,99,6.0,,
36969,Gonorrhea,280.0,Pennsylvania,2009.0,Female,0-14 years,0-14,98.0,1107974.0,8.84
36970,Gonorrhea,280.0,Pennsylvania,2009.0,Female,15-19 years,15-19,2087.0,438087.0,476.39
36971,Gonorrhea,280.0,Pennsylvania,2009.0,Female,20-24 years,20-24,1892.0,412834.0,458.3
36972,Gonorrhea,280.0,Pennsylvania,2009.0,Female,25-29 years,25-29,817.0,388626.0,210.23
36973,Gonorrhea,280.0,Pennsylvania,2009.0,Female,30-34 years,30-34,370.0,370011.0,100.0
36974,Gonorrhea,280.0,Pennsylvania,2009.0,Female,35-39 years,35-39,176.0,393578.0,44.72
36975,Gonorrhea,280.0,Pennsylvania,2009.0,Female,40+ years,40+,208.0,3354948.0,6.2
36976,Gonorrhea,280.0,Pennsylvania,2009.0,Female,Unknown,99,2.0,,
36977,Gonorrhea,280.0,Pennsylvania,2010.0,Female,0-14 years,0-14,125.0,1111522.0,11.25
36978,Gonorrhea,280.0,Pennsylvania,2010.0,Female,15-19 years,15-19,2639.0,442601.0,596.25
36979,Gonorrhea,280.0,Pennsylvania,2010.0,Female,20-24 years,20-24,2584.0,432260.0,597.79
36980,Gonorrhea,280.0,Pennsylvania,2010.0,Female,25-29 years,25-29,988.0,388958.0,254.01
36981,Gonorrhea,280.0,Pennsylvania,2010.0,Female,30-34 years,30-34,466.0,364911.0,127.7
36982,Gonorrhea,280.0,Pennsylvania,2010.0,Female,35-39 years,35-39,225.0,384115.0,58.58
36983,Gonorrhea,280.0,Pennsylvania,2010.0,Female,40+ years,40+,238.0,3387649.0,7.03
36984,Gonorrhea,280.0,Pennsylvania,2010.0,Female,Unknown,99,3.0,,
36985,Gonorrhea,280.0,Pennsylvania,2011.0,Female,0-14 years,0-14,193.0,1104272.0,17.48
36986,Gonorrhea,280.0,Pennsylvania,2011.0,Female,15-19 years,15-19,2863.0,433523.0,660.4
36987,Gonorrhea,280.0,Pennsylvania,2011.0,Female,20-24 years,20-24,2618.0,436295.0,600.05
36988,Gonorrhea,280.0,Pennsylvania,2011.0,Female,25-29 years,25-29,1042.0,395094.0,263.74
36989,Gonorrhea,280.0,Pennsylvania,2011.0,Female,30-34 years,30-34,492.0,375389.0,131.06
36990,Gonorrhea,280.0,Pennsylvania,2011.0,Female,35-39 years,35-39,250.0,366424.0,68.23
36991,Gonorrhea,280.0,Pennsylvania,2011.0,Female,40+ years,40+,229.0,3417327.0,6.7
36992,Gonorrhea,280.0,Pennsylvania,2012.0,Female,0-14 years,0-14,181.0,1098497.0,16.48
36993,Gonorrhea,280.0,Pennsylvania,2012.0,Female,15-19 years,15-19,2879.0,424634.0,678.0
36994,Gonorrhea,280.0,Pennsylvania,2012.0,Female,20-24 years,20-24,2864.0,438929.0,652.5
36995,Gonorrhea,280.0,Pennsylvania,2012.0,Female,25-29 years,25-29,1274.0,400168.0,318.37
36996,Gonorrhea,280.0,Pennsylvania,2012.0,Female,30-34 years,30-34,590.0,382973.0,154.06
36997,Gonorrhea,280.0,Pennsylvania,2012.0,Female,35-39 years,35-39,259.0,359699.0,72.0
36998,Gonorrhea,280.0,Pennsylvania,2012.0,Female,40+ years,40+,313.0,3428459.0,9.13
36999,Gonorrhea,280.0,Pennsylvania,2013.0,Female,0-14 years,0-14,104.0,1091962.0,9.52
37000,Gonorrhea,280.0,Pennsylvania,2013.0,Female,15-19 years,15-19,2387.0,414935.0,575.27
37001,Gonorrhea,280.0,Pennsylvania,2013.0,Female,20-24 years,20-24,2527.0,433149.0,583.4
37002,Gonorrhea,280.0,Pennsylvania,2013.0,Female,25-29 years,25-29,1158.0,409187.0,283.0
37003,Gonorrhea,280.0,Pennsylvania,2013.0,Female,30-34 years,30-34,527.0,389421.0,135.33
37004,Gonorrhea,280.0,Pennsylvania,2013.0,Female,35-39 years,35-39,240.0,359526.0,66.75
37005,Gonorrhea,280.0,Pennsylvania,2013.0,Female,40+ years,40+,263.0,3433281.0,7.66
37006,Gonorrhea,280.0,Pennsylvania,2014.0,Female,0-14 years,0-14,101.0,1091962.0,9.25
37007,Gonorrhea,280.0,Pennsylvania,2014.0,Female,15-19 years,15-19,1933.0,414935.0,465.86
37008,Gonorrhea,280.0,Pennsylvania,2014.0,Female,20-24 years,20-24,2171.0,433149.0,501.21
37009,Gonorrhea,280.0,Pennsylvania,2014.0,Female,25-29 years,25-29,993.0,409187.0,242.68
37010,Gonorrhea,280.0,Pennsylvania,2014.0,Female,30-34 years,30-34,501.0,389421.0,128.65
37011,Gonorrhea,280.0,Pennsylvania,2014.0,Female,35-39 years,35-39,227.0,359526.0,63.14
37012,Gonorrhea,280.0,Pennsylvania,2014.0,Female,40+ years,40+,238.0,3433281.0,6.93
37013,Gonorrhea,280.0,Rhode Island,1996.0,Female,0-14 years,0-14,9.0,98482.0,9.14
37014,Gonorrhea,280.0,Rhode Island,1996.0,Female,15-19 years,15-19,96.0,33013.0,290.8
37015,Gonorrhea,280.0,Rhode Island,1996.0,Female,20-24 years,20-24,71.0,34455.0,206.07
37016,Gonorrhea,280.0,Rhode Island,1996.0,Female,25-29 years,25-29,38.0,40514.0,93.79
37017,Gonorrhea,280.0,Rhode Island,1996.0,Female,30-34 years,30-34,19.0,40036.0,47.46
37018,Gonorrhea,280.0,Rhode Island,1996.0,Female,35-39 years,35-39,7.0,44175.0,15.85
37019,Gonorrhea,280.0,Rhode Island,1996.0,Female,40+ years,40+,5.0,240360.0,2.08
37020,Gonorrhea,280.0,Rhode Island,1997.0,Female,0-14 years,0-14,7.0,98721.0,7.09
37021,Gonorrhea,280.0,Rhode Island,1997.0,Female,15-19 years,15-19,111.0,34262.0,323.97
37022,Gonorrhea,280.0,Rhode Island,1997.0,Female,20-24 years,20-24,85.0,33321.0,255.09
37023,Gonorrhea,280.0,Rhode Island,1997.0,Female,25-29 years,25-29,32.0,40018.0,79.96
37024,Gonorrhea,280.0,Rhode Island,1997.0,Female,30-34 years,30-34,18.0,38924.0,46.24
37025,Gonorrhea,280.0,Rhode Island,1997.0,Female,35-39 years,35-39,6.0,44208.0,13.57
37026,Gonorrhea,280.0,Rhode Island,1997.0,Female,40+ years,40+,4.0,243628.0,1.64
37027,Gonorrhea,280.0,Rhode Island,1998.0,Female,0-14 years,0-14,2.0,98357.0,2.03
37028,Gonorrhea,280.0,Rhode Island,1998.0,Female,15-19 years,15-19,92.0,35377.0,260.06
37029,Gonorrhea,280.0,Rhode Island,1998.0,Female,20-24 years,20-24,102.0,34082.0,299.28
37030,Gonorrhea,280.0,Rhode Island,1998.0,Female,25-29 years,25-29,36.0,38007.0,94.72
37031,Gonorrhea,280.0,Rhode Island,1998.0,Female,30-34 years,30-34,12.0,38396.0,31.25
37032,Gonorrhea,280.0,Rhode Island,1998.0,Female,35-39 years,35-39,7.0,44087.0,15.88
37033,Gonorrhea,280.0,Rhode Island,1998.0,Female,40+ years,40+,5.0,247924.0,2.02
37034,Gonorrhea,280.0,Rhode Island,1998.0,Female,Unknown,99,2.0,,
37035,Gonorrhea,280.0,Rhode Island,1999.0,Female,0-14 years,0-14,18.0,100556.0,17.9
37036,Gonorrhea,280.0,Rhode Island,1999.0,Female,15-19 years,15-19,134.0,36461.0,367.52
37037,Gonorrhea,280.0,Rhode Island,1999.0,Female,20-24 years,20-24,130.0,35059.0,370.8
37038,Gonorrhea,280.0,Rhode Island,1999.0,Female,25-29 years,25-29,54.0,35151.0,153.62
37039,Gonorrhea,280.0,Rhode Island,1999.0,Female,30-34 years,30-34,19.0,38221.0,49.71
37040,Gonorrhea,280.0,Rhode Island,1999.0,Female,35-39 years,35-39,9.0,43780.0,20.56
37041,Gonorrhea,280.0,Rhode Island,1999.0,Female,40+ years,40+,7.0,251496.0,2.78
37042,Gonorrhea,280.0,Rhode Island,2000.0,Female,0-14 years,0-14,12.0,98985.0,12.12
37043,Gonorrhea,280.0,Rhode Island,2000.0,Female,15-19 years,15-19,156.0,36560.0,426.7
37044,Gonorrhea,280.0,Rhode Island,2000.0,Female,20-24 years,20-24,140.0,37424.0,374.09
37045,Gonorrhea,280.0,Rhode Island,2000.0,Female,25-29 years,25-29,40.0,32860.0,121.73
37046,Gonorrhea,280.0,Rhode Island,2000.0,Female,30-34 years,30-34,16.0,38962.0,41.07
37047,Gonorrhea,280.0,Rhode Island,2000.0,Female,35-39 years,35-39,12.0,43707.0,27.46
37048,Gonorrhea,280.0,Rhode Island,2000.0,Female,40+ years,40+,5.0,257400.0,1.94
37049,Gonorrhea,280.0,Rhode Island,2001.0,Female,0-14 years,0-14,16.0,98721.0,16.21
37050,Gonorrhea,280.0,Rhode Island,2001.0,Female,15-19 years,15-19,183.0,34347.0,532.8
37051,Gonorrhea,280.0,Rhode Island,2001.0,Female,20-24 years,20-24,163.0,40990.0,397.66
37052,Gonorrhea,280.0,Rhode Island,2001.0,Female,25-29 years,25-29,74.0,32066.0,230.77
37053,Gonorrhea,280.0,Rhode Island,2001.0,Female,30-34 years,30-34,32.0,38724.0,82.64
37054,Gonorrhea,280.0,Rhode Island,2001.0,Female,35-39 years,35-39,12.0,43288.0,27.72
37055,Gonorrhea,280.0,Rhode Island,2001.0,Female,40+ years,40+,8.0,262076.0,3.05
37056,Gonorrhea,280.0,Rhode Island,2002.0,Female,0-14 years,0-14,17.0,96772.0,17.57
37057,Gonorrhea,280.0,Rhode Island,2002.0,Female,15-19 years,15-19,172.0,33580.0,512.21
37058,Gonorrhea,280.0,Rhode Island,2002.0,Female,20-24 years,20-24,151.0,43440.0,347.61
37059,Gonorrhea,280.0,Rhode Island,2002.0,Female,25-29 years,25-29,87.0,32335.0,269.06
37060,Gonorrhea,280.0,Rhode Island,2002.0,Female,30-34 years,30-34,26.0,38540.0,67.46
37061,Gonorrhea,280.0,Rhode Island,2002.0,Female,35-39 years,35-39,11.0,43057.0,25.55
37062,Gonorrhea,280.0,Rhode Island,2002.0,Female,40+ years,40+,19.0,267272.0,7.11
37063,Gonorrhea,280.0,Rhode Island,2002.0,Female,Unknown,99,1.0,,
37064,Gonorrhea,280.0,Rhode Island,2003.0,Female,0-14 years,0-14,12.0,98525.0,12.18
37065,Gonorrhea,280.0,Rhode Island,2003.0,Female,15-19 years,15-19,196.0,34360.0,570.43
37066,Gonorrhea,280.0,Rhode Island,2003.0,Female,20-24 years,20-24,151.0,43203.0,349.51
37067,Gonorrhea,280.0,Rhode Island,2003.0,Female,25-29 years,25-29,74.0,33231.0,222.68
37068,Gonorrhea,280.0,Rhode Island,2003.0,Female,30-34 years,30-34,37.0,36336.0,101.83
37069,Gonorrhea,280.0,Rhode Island,2003.0,Female,35-39 years,35-39,29.0,41548.0,69.8
37070,Gonorrhea,280.0,Rhode Island,2003.0,Female,40+ years,40+,15.0,270548.0,5.54
37071,Gonorrhea,280.0,Rhode Island,2003.0,Female,Unknown,99,3.0,,
37072,Gonorrhea,280.0,Rhode Island,2004.0,Female,0-14 years,0-14,8.0,98106.0,8.15
37073,Gonorrhea,280.0,Rhode Island,2004.0,Female,15-19 years,15-19,147.0,34976.0,420.29
37074,Gonorrhea,280.0,Rhode Island,2004.0,Female,20-24 years,20-24,159.0,41606.0,382.16
37075,Gonorrhea,280.0,Rhode Island,2004.0,Female,25-29 years,25-29,83.0,35661.0,232.75
37076,Gonorrhea,280.0,Rhode Island,2004.0,Female,30-34 years,30-34,46.0,34892.0,131.84
37077,Gonorrhea,280.0,Rhode Island,2004.0,Female,35-39 years,35-39,20.0,40478.0,49.41
37078,Gonorrhea,280.0,Rhode Island,2004.0,Female,40+ years,40+,14.0,273698.0,5.12
37079,Gonorrhea,280.0,Rhode Island,2004.0,Female,Unknown,99,1.0,,
37080,Gonorrhea,280.0,Rhode Island,2005.0,Female,0-14 years,0-14,3.0,98325.0,3.05
37081,Gonorrhea,280.0,Rhode Island,2005.0,Female,15-19 years,15-19,73.0,35627.0,204.9
37082,Gonorrhea,280.0,Rhode Island,2005.0,Female,20-24 years,20-24,85.0,38871.0,218.67
37083,Gonorrhea,280.0,Rhode Island,2005.0,Female,25-29 years,25-29,39.0,38179.0,102.15
37084,Gonorrhea,280.0,Rhode Island,2005.0,Female,30-34 years,30-34,10.0,32638.0,30.64
37085,Gonorrhea,280.0,Rhode Island,2005.0,Female,35-39 years,35-39,9.0,39161.0,22.98
37086,Gonorrhea,280.0,Rhode Island,2005.0,Female,40+ years,40+,8.0,273541.0,2.92
37087,Gonorrhea,280.0,Rhode Island,2006.0,Female,0-14 years,0-14,3.0,94412.0,3.18
37088,Gonorrhea,280.0,Rhode Island,2006.0,Female,15-19 years,15-19,100.0,40481.0,247.03
37089,Gonorrhea,280.0,Rhode Island,2006.0,Female,20-24 years,20-24,79.0,38899.0,203.09
37090,Gonorrhea,280.0,Rhode Island,2006.0,Female,25-29 years,25-29,43.0,33828.0,127.11
37091,Gonorrhea,280.0,Rhode Island,2006.0,Female,30-34 years,30-34,23.0,32739.0,70.25
37092,Gonorrhea,280.0,Rhode Island,2006.0,Female,35-39 years,35-39,9.0,38615.0,23.31
37093,Gonorrhea,280.0,Rhode Island,2006.0,Female,40+ years,40+,16.0,272423.0,5.87
37094,Gonorrhea,280.0,Rhode Island,2007.0,Female,15-19 years,15-19,48.0,39722.0,120.84
37095,Gonorrhea,280.0,Rhode Island,2007.0,Female,20-24 years,20-24,62.0,38843.0,159.62
37096,Gonorrhea,280.0,Rhode Island,2007.0,Female,25-29 years,25-29,30.0,33449.0,89.69
37097,Gonorrhea,280.0,Rhode Island,2007.0,Female,30-34 years,30-34,11.0,31410.0,35.02
37098,Gonorrhea,280.0,Rhode Island,2007.0,Female,35-39 years,35-39,13.0,37449.0,34.71
37099,Gonorrhea,280.0,Rhode Island,2007.0,Female,40+ years,40+,5.0,272734.0,1.83
37100,Gonorrhea,280.0,Rhode Island,2008.0,Female,0-14 years,0-14,3.0,90817.0,3.3
37101,Gonorrhea,280.0,Rhode Island,2008.0,Female,15-19 years,15-19,44.0,39428.0,111.6
37102,Gonorrhea,280.0,Rhode Island,2008.0,Female,20-24 years,20-24,47.0,38407.0,122.37
37103,Gonorrhea,280.0,Rhode Island,2008.0,Female,25-29 years,25-29,20.0,33260.0,60.13
37104,Gonorrhea,280.0,Rhode Island,2008.0,Female,30-34 years,30-34,8.0,31492.0,25.4
37105,Gonorrhea,280.0,Rhode Island,2008.0,Female,35-39 years,35-39,6.0,35908.0,16.71
37106,Gonorrhea,280.0,Rhode Island,2008.0,Female,40+ years,40+,7.0,272771.0,2.57
37107,Gonorrhea,280.0,Rhode Island,2009.0,Female,0-14 years,0-14,2.0,90051.0,2.22
37108,Gonorrhea,280.0,Rhode Island,2009.0,Female,15-19 years,15-19,45.0,39184.0,114.84
37109,Gonorrhea,280.0,Rhode Island,2009.0,Female,20-24 years,20-24,61.0,36769.0,165.9
37110,Gonorrhea,280.0,Rhode Island,2009.0,Female,25-29 years,25-29,20.0,32336.0,61.85
37111,Gonorrhea,280.0,Rhode Island,2009.0,Female,30-34 years,30-34,11.0,32437.0,33.91
37112,Gonorrhea,280.0,Rhode Island,2009.0,Female,35-39 years,35-39,1.0,34207.0,2.92
37113,Gonorrhea,280.0,Rhode Island,2009.0,Female,40+ years,40+,6.0,276735.0,2.17
37114,Gonorrhea,280.0,Rhode Island,2010.0,Female,0-14 years,0-14,3.0,88592.0,3.39
37115,Gonorrhea,280.0,Rhode Island,2010.0,Female,15-19 years,15-19,40.0,39889.0,100.28
37116,Gonorrhea,280.0,Rhode Island,2010.0,Female,20-24 years,20-24,38.0,40938.0,92.82
37117,Gonorrhea,280.0,Rhode Island,2010.0,Female,25-29 years,25-29,22.0,32673.0,67.33
37118,Gonorrhea,280.0,Rhode Island,2010.0,Female,30-34 years,30-34,10.0,31107.0,32.15
37119,Gonorrhea,280.0,Rhode Island,2010.0,Female,35-39 years,35-39,5.0,32545.0,15.36
37120,Gonorrhea,280.0,Rhode Island,2010.0,Female,40+ years,40+,3.0,278423.0,1.08
37121,Gonorrhea,280.0,Rhode Island,2011.0,Female,0-14 years,0-14,1.0,87174.0,1.15
37122,Gonorrhea,280.0,Rhode Island,2011.0,Female,15-19 years,15-19,58.0,38947.0,148.92
37123,Gonorrhea,280.0,Rhode Island,2011.0,Female,20-24 years,20-24,67.0,41556.0,161.23
37124,Gonorrhea,280.0,Rhode Island,2011.0,Female,25-29 years,25-29,16.0,32816.0,48.76
37125,Gonorrhea,280.0,Rhode Island,2011.0,Female,30-34 years,30-34,15.0,31780.0,47.2
37126,Gonorrhea,280.0,Rhode Island,2011.0,Female,35-39 years,35-39,4.0,30730.0,13.02
37127,Gonorrhea,280.0,Rhode Island,2011.0,Female,40+ years,40+,6.0,280052.0,2.14
37128,Gonorrhea,280.0,Rhode Island,2012.0,Female,0-14 years,0-14,3.0,86103.0,3.48
37129,Gonorrhea,280.0,Rhode Island,2012.0,Female,15-19 years,15-19,74.0,38216.0,193.64
37130,Gonorrhea,280.0,Rhode Island,2012.0,Female,20-24 years,20-24,78.0,41521.0,187.86
37131,Gonorrhea,280.0,Rhode Island,2012.0,Female,25-29 years,25-29,44.0,33179.0,132.61
37132,Gonorrhea,280.0,Rhode Island,2012.0,Female,30-34 years,30-34,16.0,32249.0,49.61
37133,Gonorrhea,280.0,Rhode Island,2012.0,Female,35-39 years,35-39,8.0,30209.0,26.48
37134,Gonorrhea,280.0,Rhode Island,2012.0,Female,40+ years,40+,9.0,280539.0,3.21
37135,Gonorrhea,280.0,Rhode Island,2013.0,Female,15-19 years,15-19,45.0,37267.0,120.75
37136,Gonorrhea,280.0,Rhode Island,2013.0,Female,20-24 years,20-24,76.0,40809.0,186.23
37137,Gonorrhea,280.0,Rhode Island,2013.0,Female,25-29 years,25-29,40.0,34509.0,115.91
37138,Gonorrhea,280.0,Rhode Island,2013.0,Female,30-34 years,30-34,16.0,32520.0,49.2
37139,Gonorrhea,280.0,Rhode Island,2013.0,Female,35-39 years,35-39,7.0,30107.0,23.25
37140,Gonorrhea,280.0,Rhode Island,2013.0,Female,40+ years,40+,8.0,281574.0,2.84
37141,Gonorrhea,280.0,Rhode Island,2014.0,Female,0-14 years,0-14,3.0,85298.0,3.52
37142,Gonorrhea,280.0,Rhode Island,2014.0,Female,15-19 years,15-19,39.0,37267.0,104.65
37143,Gonorrhea,280.0,Rhode Island,2014.0,Female,20-24 years,20-24,73.0,40809.0,178.88
37144,Gonorrhea,280.0,Rhode Island,2014.0,Female,25-29 years,25-29,41.0,34509.0,118.81
37145,Gonorrhea,280.0,Rhode Island,2014.0,Female,30-34 years,30-34,32.0,32520.0,98.4
37146,Gonorrhea,280.0,Rhode Island,2014.0,Female,35-39 years,35-39,16.0,30107.0,53.14
37147,Gonorrhea,280.0,Rhode Island,2014.0,Female,40+ years,40+,14.0,281574.0,4.97
37148,Gonorrhea,280.0,South Carolina,1996.0,Female,0-14 years,0-14,169.0,400840.0,42.16
37149,Gonorrhea,280.0,South Carolina,1996.0,Female,15-19 years,15-19,1685.0,138905.0,1213.06
37150,Gonorrhea,280.0,South Carolina,1996.0,Female,20-24 years,20-24,1357.0,135726.0,999.81
37151,Gonorrhea,280.0,South Carolina,1996.0,Female,25-29 years,25-29,642.0,142657.0,450.03
37152,Gonorrhea,280.0,South Carolina,1996.0,Female,30-34 years,30-34,362.0,149253.0,242.54
37153,Gonorrhea,280.0,South Carolina,1996.0,Female,35-39 years,35-39,223.0,155786.0,143.15
37154,Gonorrhea,280.0,South Carolina,1996.0,Female,40+ years,40+,139.0,837325.0,16.6
37155,Gonorrhea,280.0,South Carolina,1996.0,Female,Unknown,99,247.0,,
37156,Gonorrhea,280.0,South Carolina,1997.0,Female,0-14 years,0-14,152.0,405800.0,37.46
37157,Gonorrhea,280.0,South Carolina,1997.0,Female,15-19 years,15-19,1878.0,141807.0,1324.34
37158,Gonorrhea,280.0,South Carolina,1997.0,Female,20-24 years,20-24,1438.0,134276.0,1070.93
37159,Gonorrhea,280.0,South Carolina,1997.0,Female,25-29 years,25-29,730.0,144406.0,505.52
37160,Gonorrhea,280.0,South Carolina,1997.0,Female,30-34 years,30-34,400.0,146482.0,273.07
37161,Gonorrhea,280.0,South Carolina,1997.0,Female,35-39 years,35-39,225.0,156796.0,143.5
37162,Gonorrhea,280.0,South Carolina,1997.0,Female,40+ years,40+,156.0,862889.0,18.08
37163,Gonorrhea,280.0,South Carolina,1997.0,Female,Unknown,99,149.0,,
37164,Gonorrhea,280.0,South Carolina,1998.0,Female,0-14 years,0-14,196.0,407950.0,48.05
37165,Gonorrhea,280.0,South Carolina,1998.0,Female,15-19 years,15-19,2158.0,144042.0,1498.17
37166,Gonorrhea,280.0,South Carolina,1998.0,Female,20-24 years,20-24,1712.0,135187.0,1266.39
37167,Gonorrhea,280.0,South Carolina,1998.0,Female,25-29 years,25-29,761.0,144242.0,527.59
37168,Gonorrhea,280.0,South Carolina,1998.0,Female,30-34 years,30-34,387.0,144229.0,268.32
37169,Gonorrhea,280.0,South Carolina,1998.0,Female,35-39 years,35-39,240.0,158282.0,151.63
37170,Gonorrhea,280.0,South Carolina,1998.0,Female,40+ years,40+,144.0,887266.0,16.23
37171,Gonorrhea,280.0,South Carolina,1998.0,Female,Unknown,99,131.0,,
37172,Gonorrhea,280.0,South Carolina,1999.0,Female,0-14 years,0-14,150.0,409086.0,36.67
37173,Gonorrhea,280.0,South Carolina,1999.0,Female,15-19 years,15-19,2079.0,144637.0,1437.39
37174,Gonorrhea,280.0,South Carolina,1999.0,Female,20-24 years,20-24,2005.0,136980.0,1463.72
37175,Gonorrhea,280.0,South Carolina,1999.0,Female,25-29 years,25-29,839.0,141774.0,591.79
37176,Gonorrhea,280.0,South Carolina,1999.0,Female,30-34 years,30-34,402.0,142930.0,281.26
37177,Gonorrhea,280.0,South Carolina,1999.0,Female,35-39 years,35-39,219.0,159873.0,136.98
37178,Gonorrhea,280.0,South Carolina,1999.0,Female,40+ years,40+,223.0,910326.0,24.5
37179,Gonorrhea,280.0,South Carolina,2000.0,Female,0-14 years,0-14,131.0,399096.0,32.82
37180,Gonorrhea,280.0,South Carolina,2000.0,Female,15-19 years,15-19,1480.0,143024.0,1034.79
37181,Gonorrhea,280.0,South Carolina,2000.0,Female,20-24 years,20-24,1359.0,142043.0,956.75
37182,Gonorrhea,280.0,South Carolina,2000.0,Female,25-29 years,25-29,490.0,139084.0,352.31
37183,Gonorrhea,280.0,South Carolina,2000.0,Female,30-34 years,30-34,236.0,145364.0,162.35
37184,Gonorrhea,280.0,South Carolina,2000.0,Female,35-39 years,35-39,152.0,160969.0,94.43
37185,Gonorrhea,280.0,South Carolina,2000.0,Female,40+ years,40+,129.0,939991.0,13.72
37186,Gonorrhea,280.0,South Carolina,2000.0,Female,Unknown,99,80.0,,
37187,Gonorrhea,280.0,South Carolina,2001.0,Female,0-14 years,0-14,178.0,401085.0,44.38
37188,Gonorrhea,280.0,South Carolina,2001.0,Female,15-19 years,15-19,1857.0,139958.0,1326.83
37189,Gonorrhea,280.0,South Carolina,2001.0,Female,20-24 years,20-24,1731.0,147997.0,1169.62
37190,Gonorrhea,280.0,South Carolina,2001.0,Female,25-29 years,25-29,638.0,136189.0,468.47
37191,Gonorrhea,280.0,South Carolina,2001.0,Female,30-34 years,30-34,324.0,145999.0,221.92
37192,Gonorrhea,280.0,South Carolina,2001.0,Female,35-39 years,35-39,163.0,159095.0,102.45
37193,Gonorrhea,280.0,South Carolina,2001.0,Female,40+ years,40+,137.0,957845.0,14.3
37194,Gonorrhea,280.0,South Carolina,2001.0,Female,Unknown,99,98.0,,
37195,Gonorrhea,280.0,South Carolina,2002.0,Female,0-14 years,0-14,117.0,396757.0,29.49
37196,Gonorrhea,280.0,South Carolina,2002.0,Female,15-19 years,15-19,1536.0,138356.0,1110.18
37197,Gonorrhea,280.0,South Carolina,2002.0,Female,20-24 years,20-24,1528.0,153418.0,995.97
37198,Gonorrhea,280.0,South Carolina,2002.0,Female,25-29 years,25-29,606.0,136648.0,443.48
37199,Gonorrhea,280.0,South Carolina,2002.0,Female,30-34 years,30-34,256.0,148595.0,172.28
37200,Gonorrhea,280.0,South Carolina,2002.0,Female,35-39 years,35-39,150.0,157293.0,95.36
37201,Gonorrhea,280.0,South Carolina,2002.0,Female,40+ years,40+,119.0,980831.0,12.13
37202,Gonorrhea,280.0,South Carolina,2002.0,Female,Unknown,99,45.0,,
37203,Gonorrhea,280.0,South Carolina,2003.0,Female,0-14 years,0-14,91.0,415054.0,21.92
37204,Gonorrhea,280.0,South Carolina,2003.0,Female,15-19 years,15-19,1624.0,140829.0,1153.17
37205,Gonorrhea,280.0,South Carolina,2003.0,Female,20-24 years,20-24,1528.0,151259.0,1010.19
37206,Gonorrhea,280.0,South Carolina,2003.0,Female,25-29 years,25-29,566.0,135740.0,416.97
37207,Gonorrhea,280.0,South Carolina,2003.0,Female,30-34 years,30-34,246.0,144573.0,170.16
37208,Gonorrhea,280.0,South Carolina,2003.0,Female,35-39 years,35-39,142.0,150347.0,94.45
37209,Gonorrhea,280.0,South Carolina,2003.0,Female,40+ years,40+,134.0,990758.0,13.53
37210,Gonorrhea,280.0,South Carolina,2003.0,Female,Unknown,99,38.0,,
37211,Gonorrhea,280.0,South Carolina,2004.0,Female,0-14 years,0-14,96.0,413885.0,23.19
37212,Gonorrhea,280.0,South Carolina,2004.0,Female,15-19 years,15-19,1788.0,143376.0,1247.07
37213,Gonorrhea,280.0,South Carolina,2004.0,Female,20-24 years,20-24,1783.0,151033.0,1180.54
37214,Gonorrhea,280.0,South Carolina,2004.0,Female,25-29 years,25-29,678.0,139939.0,484.5
37215,Gonorrhea,280.0,South Carolina,2004.0,Female,30-34 years,30-34,293.0,143742.0,203.84
37216,Gonorrhea,280.0,South Carolina,2004.0,Female,35-39 years,35-39,172.0,147597.0,116.53
37217,Gonorrhea,280.0,South Carolina,2004.0,Female,40+ years,40+,175.0,1013319.0,17.27
37218,Gonorrhea,280.0,South Carolina,2004.0,Female,Unknown,99,22.0,,
37219,Gonorrhea,280.0,South Carolina,2005.0,Female,0-14 years,0-14,68.0,412150.0,16.5
37220,Gonorrhea,280.0,South Carolina,2005.0,Female,15-19 years,15-19,1636.0,146702.0,1115.19
37221,Gonorrhea,280.0,South Carolina,2005.0,Female,20-24 years,20-24,1627.0,148998.0,1091.96
37222,Gonorrhea,280.0,South Carolina,2005.0,Female,25-29 years,25-29,632.0,145937.0,433.06
37223,Gonorrhea,280.0,South Carolina,2005.0,Female,30-34 years,30-34,250.0,141607.0,176.54
37224,Gonorrhea,280.0,South Carolina,2005.0,Female,35-39 years,35-39,168.0,147537.0,113.87
37225,Gonorrhea,280.0,South Carolina,2005.0,Female,40+ years,40+,177.0,1037921.0,17.05
37226,Gonorrhea,280.0,South Carolina,2005.0,Female,Unknown,99,43.0,,
37227,Gonorrhea,280.0,South Carolina,2006.0,Female,0-14 years,0-14,94.0,415318.0,22.63
37228,Gonorrhea,280.0,South Carolina,2006.0,Female,15-19 years,15-19,1964.0,154353.0,1272.41
37229,Gonorrhea,280.0,South Carolina,2006.0,Female,20-24 years,20-24,1848.0,144074.0,1282.67
37230,Gonorrhea,280.0,South Carolina,2006.0,Female,25-29 years,25-29,783.0,146571.0,534.21
37231,Gonorrhea,280.0,South Carolina,2006.0,Female,30-34 years,30-34,301.0,137618.0,218.72
37232,Gonorrhea,280.0,South Carolina,2006.0,Female,35-39 years,35-39,185.0,149132.0,124.05
37233,Gonorrhea,280.0,South Carolina,2006.0,Female,40+ years,40+,190.0,1070470.0,17.75
37234,Gonorrhea,280.0,South Carolina,2006.0,Female,Unknown,99,41.0,,
37235,Gonorrhea,280.0,South Carolina,2007.0,Female,0-14 years,0-14,83.0,424256.0,19.56
37236,Gonorrhea,280.0,South Carolina,2007.0,Female,15-19 years,15-19,1979.0,155330.0,1274.06
37237,Gonorrhea,280.0,South Carolina,2007.0,Female,20-24 years,20-24,1922.0,144432.0,1330.73
37238,Gonorrhea,280.0,South Carolina,2007.0,Female,25-29 years,25-29,911.0,149649.0,608.76
37239,Gonorrhea,280.0,South Carolina,2007.0,Female,30-34 years,30-34,362.0,138047.0,262.23
37240,Gonorrhea,280.0,South Carolina,2007.0,Female,35-39 years,35-39,180.0,151943.0,118.47
37241,Gonorrhea,280.0,South Carolina,2007.0,Female,40+ years,40+,179.0,1096906.0,16.32
37242,Gonorrhea,280.0,South Carolina,2007.0,Female,Unknown,99,24.0,,
37243,Gonorrhea,280.0,South Carolina,2008.0,Female,0-14 years,0-14,89.0,428855.0,20.75
37244,Gonorrhea,280.0,South Carolina,2008.0,Female,15-19 years,15-19,2196.0,156819.0,1400.34
37245,Gonorrhea,280.0,South Carolina,2008.0,Female,20-24 years,20-24,2015.0,146072.0,1379.46
37246,Gonorrhea,280.0,South Carolina,2008.0,Female,25-29 years,25-29,855.0,150999.0,566.23
37247,Gonorrhea,280.0,South Carolina,2008.0,Female,30-34 years,30-34,268.0,140244.0,191.1
37248,Gonorrhea,280.0,South Carolina,2008.0,Female,35-39 years,35-39,144.0,152507.0,94.42
37249,Gonorrhea,280.0,South Carolina,2008.0,Female,40+ years,40+,133.0,1123026.0,11.84
37250,Gonorrhea,280.0,South Carolina,2008.0,Female,Unknown,99,4.0,,
37251,Gonorrhea,280.0,South Carolina,2009.0,Female,0-14 years,0-14,74.0,437346.0,16.92
37252,Gonorrhea,280.0,South Carolina,2009.0,Female,15-19 years,15-19,1942.0,155806.0,1246.42
37253,Gonorrhea,280.0,South Carolina,2009.0,Female,20-24 years,20-24,1831.0,151641.0,1207.46
37254,Gonorrhea,280.0,South Carolina,2009.0,Female,25-29 years,25-29,699.0,156044.0,447.95
37255,Gonorrhea,280.0,South Carolina,2009.0,Female,30-34 years,30-34,246.0,144788.0,169.9
37256,Gonorrhea,280.0,South Carolina,2009.0,Female,35-39 years,35-39,111.0,151470.0,73.28
37257,Gonorrhea,280.0,South Carolina,2009.0,Female,40+ years,40+,98.0,1143013.0,8.57
37258,Gonorrhea,280.0,South Carolina,2009.0,Female,Unknown,99,3.0,,
37259,Gonorrhea,280.0,South Carolina,2010.0,Female,0-14 years,0-14,74.0,439537.0,16.84
37260,Gonorrhea,280.0,South Carolina,2010.0,Female,15-19 years,15-19,1823.0,160739.0,1134.14
37261,Gonorrhea,280.0,South Carolina,2010.0,Female,20-24 years,20-24,1851.0,163948.0,1129.02
37262,Gonorrhea,280.0,South Carolina,2010.0,Female,25-29 years,25-29,657.0,152758.0,430.09
37263,Gonorrhea,280.0,South Carolina,2010.0,Female,30-34 years,30-34,268.0,144797.0,185.09
37264,Gonorrhea,280.0,South Carolina,2010.0,Female,35-39 years,35-39,121.0,150777.0,80.25
37265,Gonorrhea,280.0,South Carolina,2010.0,Female,40+ years,40+,110.0,1162707.0,9.46
37266,Gonorrhea,280.0,South Carolina,2010.0,Female,Unknown,99,1.0,,
37267,Gonorrhea,280.0,South Carolina,2011.0,Female,0-14 years,0-14,84.0,441567.0,19.02
37268,Gonorrhea,280.0,South Carolina,2011.0,Female,15-19 years,15-19,1786.0,154210.0,1158.16
37269,Gonorrhea,280.0,South Carolina,2011.0,Female,20-24 years,20-24,1913.0,169450.0,1128.95
37270,Gonorrhea,280.0,South Carolina,2011.0,Female,25-29 years,25-29,673.0,153471.0,438.52
37271,Gonorrhea,280.0,South Carolina,2011.0,Female,30-34 years,30-34,291.0,149321.0,194.88
37272,Gonorrhea,280.0,South Carolina,2011.0,Female,35-39 years,35-39,122.0,145219.0,84.01
37273,Gonorrhea,280.0,South Carolina,2011.0,Female,40+ years,40+,108.0,1189364.0,9.08
37274,Gonorrhea,280.0,South Carolina,2011.0,Female,Unknown,99,4.0,,
37275,Gonorrhea,280.0,South Carolina,2012.0,Female,0-14 years,0-14,50.0,442925.0,11.29
37276,Gonorrhea,280.0,South Carolina,2012.0,Female,15-19 years,15-19,1406.0,151482.0,928.16
37277,Gonorrhea,280.0,South Carolina,2012.0,Female,20-24 years,20-24,1762.0,172304.0,1022.61
37278,Gonorrhea,280.0,South Carolina,2012.0,Female,25-29 years,25-29,664.0,154019.0,431.12
37279,Gonorrhea,280.0,South Carolina,2012.0,Female,30-34 years,30-34,314.0,151848.0,206.79
37280,Gonorrhea,280.0,South Carolina,2012.0,Female,35-39 years,35-39,110.0,144288.0,76.24
37281,Gonorrhea,280.0,South Carolina,2012.0,Female,40+ years,40+,107.0,1209644.0,8.85
37282,Gonorrhea,280.0,South Carolina,2012.0,Female,Unknown,99,3.0,,
37283,Gonorrhea,280.0,South Carolina,2013.0,Female,0-14 years,0-14,46.0,442576.0,10.39
37284,Gonorrhea,280.0,South Carolina,2013.0,Female,15-19 years,15-19,1088.0,150631.0,722.29
37285,Gonorrhea,280.0,South Carolina,2013.0,Female,20-24 years,20-24,1699.0,173236.0,980.74
37286,Gonorrhea,280.0,South Carolina,2013.0,Female,25-29 years,25-29,661.0,155625.0,424.74
37287,Gonorrhea,280.0,South Carolina,2013.0,Female,30-34 years,30-34,300.0,154312.0,194.41
37288,Gonorrhea,280.0,South Carolina,2013.0,Female,35-39 years,35-39,126.0,144611.0,87.13
37289,Gonorrhea,280.0,South Carolina,2013.0,Female,40+ years,40+,128.0,1230729.0,10.4
37290,Gonorrhea,280.0,South Carolina,2013.0,Female,Unknown,99,2.0,,
37291,Gonorrhea,280.0,South Carolina,2014.0,Female,0-14 years,0-14,52.0,442576.0,11.75
37292,Gonorrhea,280.0,South Carolina,2014.0,Female,15-19 years,15-19,1245.0,150631.0,826.52
37293,Gonorrhea,280.0,South Carolina,2014.0,Female,20-24 years,20-24,1785.0,173236.0,1030.39
37294,Gonorrhea,280.0,South Carolina,2014.0,Female,25-29 years,25-29,789.0,155625.0,506.99
37295,Gonorrhea,280.0,South Carolina,2014.0,Female,30-34 years,30-34,359.0,154312.0,232.65
37296,Gonorrhea,280.0,South Carolina,2014.0,Female,35-39 years,35-39,158.0,144611.0,109.26
37297,Gonorrhea,280.0,South Carolina,2014.0,Female,40+ years,40+,136.0,1230729.0,11.05
37298,Gonorrhea,280.0,South Carolina,2014.0,Female,Unknown,99,3.0,,
37299,Gonorrhea,280.0,South Dakota,1996.0,Female,0-14 years,0-14,2.0,81962.0,2.44
37300,Gonorrhea,280.0,South Dakota,1996.0,Female,15-19 years,15-19,35.0,29657.0,118.02
37301,Gonorrhea,280.0,South Dakota,1996.0,Female,20-24 years,20-24,31.0,24155.0,128.34
37302,Gonorrhea,280.0,South Dakota,1996.0,Female,25-29 years,25-29,14.0,22746.0,61.55
37303,Gonorrhea,280.0,South Dakota,1996.0,Female,30-34 years,30-34,6.0,25507.0,23.52
37304,Gonorrhea,280.0,South Dakota,1996.0,Female,35-39 years,35-39,4.0,29434.0,13.59
37305,Gonorrhea,280.0,South Dakota,1996.0,Female,40+ years,40+,2.0,161819.0,1.24
37306,Gonorrhea,280.0,South Dakota,1997.0,Female,0-14 years,0-14,7.0,81638.0,8.57
37307,Gonorrhea,280.0,South Dakota,1997.0,Female,15-19 years,15-19,35.0,30175.0,115.99
37308,Gonorrhea,280.0,South Dakota,1997.0,Female,20-24 years,20-24,23.0,24369.0,94.38
37309,Gonorrhea,280.0,South Dakota,1997.0,Female,25-29 years,25-29,6.0,22525.0,26.64
37310,Gonorrhea,280.0,South Dakota,1997.0,Female,30-34 years,30-34,7.0,24217.0,28.91
37311,Gonorrhea,280.0,South Dakota,1997.0,Female,35-39 years,35-39,2.0,29289.0,6.83
37312,Gonorrhea,280.0,South Dakota,1997.0,Female,40+ years,40+,3.0,163938.0,1.83
37313,Gonorrhea,280.0,South Dakota,1997.0,Female,Unknown,99,4.0,,
37314,Gonorrhea,280.0,South Dakota,1998.0,Female,0-14 years,0-14,5.0,81154.0,6.16
37315,Gonorrhea,280.0,South Dakota,1998.0,Female,15-19 years,15-19,53.0,30520.0,173.66
37316,Gonorrhea,280.0,South Dakota,1998.0,Female,20-24 years,20-24,33.0,24669.0,133.77
37317,Gonorrhea,280.0,South Dakota,1998.0,Female,25-29 years,25-29,19.0,22322.0,85.12
37318,Gonorrhea,280.0,South Dakota,1998.0,Female,30-34 years,30-34,8.0,23102.0,34.63
37319,Gonorrhea,280.0,South Dakota,1998.0,Female,35-39 years,35-39,4.0,28967.0,13.81
37320,Gonorrhea,280.0,South Dakota,1998.0,Female,Unknown,99,2.0,,
37321,Gonorrhea,280.0,South Dakota,1999.0,Female,0-14 years,0-14,4.0,80784.0,4.95
37322,Gonorrhea,280.0,South Dakota,1999.0,Female,15-19 years,15-19,41.0,30482.0,134.51
37323,Gonorrhea,280.0,South Dakota,1999.0,Female,20-24 years,20-24,41.0,25221.0,162.56
37324,Gonorrhea,280.0,South Dakota,1999.0,Female,25-29 years,25-29,12.0,22105.0,54.29
37325,Gonorrhea,280.0,South Dakota,1999.0,Female,30-34 years,30-34,9.0,22523.0,39.96
37326,Gonorrhea,280.0,South Dakota,1999.0,Female,35-39 years,35-39,3.0,28571.0,10.5
37327,Gonorrhea,280.0,South Dakota,1999.0,Female,40+ years,40+,5.0,168814.0,2.96
37328,Gonorrhea,280.0,South Dakota,1999.0,Female,Unknown,99,2.0,,
37329,Gonorrhea,280.0,South Dakota,2000.0,Female,0-14 years,0-14,5.0,78991.0,6.33
37330,Gonorrhea,280.0,South Dakota,2000.0,Female,15-19 years,15-19,58.0,30220.0,191.93
37331,Gonorrhea,280.0,South Dakota,2000.0,Female,20-24 years,20-24,55.0,26207.0,209.87
37332,Gonorrhea,280.0,South Dakota,2000.0,Female,25-29 years,25-29,23.0,22077.0,104.18
37333,Gonorrhea,280.0,South Dakota,2000.0,Female,30-34 years,30-34,9.0,22583.0,39.85
37334,Gonorrhea,280.0,South Dakota,2000.0,Female,35-39 years,35-39,8.0,28001.0,28.57
37335,Gonorrhea,280.0,South Dakota,2000.0,Female,40+ years,40+,3.0,172612.0,1.74
37336,Gonorrhea,280.0,South Dakota,2000.0,Female,Unknown,99,4.0,,
37337,Gonorrhea,280.0,South Dakota,2001.0,Female,0-14 years,0-14,4.0,78441.0,5.1
37338,Gonorrhea,280.0,South Dakota,2001.0,Female,15-19 years,15-19,70.0,30083.0,232.69
37339,Gonorrhea,280.0,South Dakota,2001.0,Female,20-24 years,20-24,62.0,27524.0,225.26
37340,Gonorrhea,280.0,South Dakota,2001.0,Female,25-29 years,25-29,14.0,21680.0,64.58
37341,Gonorrhea,280.0,South Dakota,2001.0,Female,30-34 years,30-34,10.0,22394.0,44.65
37342,Gonorrhea,280.0,South Dakota,2001.0,Female,35-39 years,35-39,2.0,26705.0,7.49
37343,Gonorrhea,280.0,South Dakota,2001.0,Female,40+ years,40+,2.0,175061.0,1.14
37344,Gonorrhea,280.0,South Dakota,2001.0,Female,Unknown,99,2.0,,
37345,Gonorrhea,280.0,South Dakota,2002.0,Female,0-14 years,0-14,2.0,77559.0,2.58
37346,Gonorrhea,280.0,South Dakota,2002.0,Female,15-19 years,15-19,57.0,29926.0,190.47
37347,Gonorrhea,280.0,South Dakota,2002.0,Female,20-24 years,20-24,50.0,28096.0,177.96
37348,Gonorrhea,280.0,South Dakota,2002.0,Female,25-29 years,25-29,13.0,21628.0,60.11
37349,Gonorrhea,280.0,South Dakota,2002.0,Female,30-34 years,30-34,14.0,22189.0,63.09
37350,Gonorrhea,280.0,South Dakota,2002.0,Female,35-39 years,35-39,7.0,25266.0,27.71
37351,Gonorrhea,280.0,South Dakota,2002.0,Female,40+ years,40+,2.0,178438.0,1.12
37352,Gonorrhea,280.0,South Dakota,2002.0,Female,Unknown,99,3.0,,
37353,Gonorrhea,280.0,South Dakota,2003.0,Female,0-14 years,0-14,1.0,77656.0,1.29
37354,Gonorrhea,280.0,South Dakota,2003.0,Female,15-19 years,15-19,42.0,29626.0,141.77
37355,Gonorrhea,280.0,South Dakota,2003.0,Female,20-24 years,20-24,52.0,29127.0,178.53
37356,Gonorrhea,280.0,South Dakota,2003.0,Female,25-29 years,25-29,21.0,22289.0,94.22
37357,Gonorrhea,280.0,South Dakota,2003.0,Female,30-34 years,30-34,12.0,21653.0,55.42
37358,Gonorrhea,280.0,South Dakota,2003.0,Female,35-39 years,35-39,3.0,23931.0,12.54
37359,Gonorrhea,280.0,South Dakota,2003.0,Female,40+ years,40+,1.0,180160.0,0.56
37360,Gonorrhea,280.0,South Dakota,2003.0,Female,Unknown,99,1.0,,
37361,Gonorrhea,280.0,South Dakota,2004.0,Female,0-14 years,0-14,1.0,75892.0,1.32
37362,Gonorrhea,280.0,South Dakota,2004.0,Female,15-19 years,15-19,66.0,29128.0,226.59
37363,Gonorrhea,280.0,South Dakota,2004.0,Female,20-24 years,20-24,68.0,29865.0,227.69
37364,Gonorrhea,280.0,South Dakota,2004.0,Female,25-29 years,25-29,20.0,23459.0,85.26
37365,Gonorrhea,280.0,South Dakota,2004.0,Female,30-34 years,30-34,8.0,21620.0,37.0
37366,Gonorrhea,280.0,South Dakota,2004.0,Female,35-39 years,35-39,6.0,23287.0,25.77
37367,Gonorrhea,280.0,South Dakota,2004.0,Female,40+ years,40+,9.0,184383.0,4.88
37368,Gonorrhea,280.0,South Dakota,2005.0,Female,0-14 years,0-14,1.0,74770.0,1.34
37369,Gonorrhea,280.0,South Dakota,2005.0,Female,15-19 years,15-19,82.0,28827.0,284.46
37370,Gonorrhea,280.0,South Dakota,2005.0,Female,20-24 years,20-24,59.0,29701.0,198.65
37371,Gonorrhea,280.0,South Dakota,2005.0,Female,25-29 years,25-29,29.0,24745.0,117.19
37372,Gonorrhea,280.0,South Dakota,2005.0,Female,30-34 years,30-34,12.0,21494.0,55.83
37373,Gonorrhea,280.0,South Dakota,2005.0,Female,35-39 years,35-39,6.0,22804.0,26.31
37374,Gonorrhea,280.0,South Dakota,2005.0,Female,40+ years,40+,5.0,187972.0,2.66
37375,Gonorrhea,280.0,South Dakota,2005.0,Female,Unknown,99,2.0,,
37376,Gonorrhea,280.0,South Dakota,2006.0,Female,0-14 years,0-14,5.0,77861.0,6.42
37377,Gonorrhea,280.0,South Dakota,2006.0,Female,15-19 years,15-19,78.0,27957.0,279.0
37378,Gonorrhea,280.0,South Dakota,2006.0,Female,20-24 years,20-24,79.0,28880.0,273.55
37379,Gonorrhea,280.0,South Dakota,2006.0,Female,25-29 years,25-29,31.0,24366.0,127.23
37380,Gonorrhea,280.0,South Dakota,2006.0,Female,30-34 years,30-34,11.0,21260.0,51.74
37381,Gonorrhea,280.0,South Dakota,2006.0,Female,35-39 years,35-39,5.0,22598.0,22.13
37382,Gonorrhea,280.0,South Dakota,2006.0,Female,40+ years,40+,5.0,188419.0,2.65
37383,Gonorrhea,280.0,South Dakota,2006.0,Female,Unknown,99,1.0,,
37384,Gonorrhea,280.0,South Dakota,2007.0,Female,0-14 years,0-14,3.0,79105.0,3.79
37385,Gonorrhea,280.0,South Dakota,2007.0,Female,15-19 years,15-19,46.0,28203.0,163.1
37386,Gonorrhea,280.0,South Dakota,2007.0,Female,20-24 years,20-24,60.0,28421.0,211.11
37387,Gonorrhea,280.0,South Dakota,2007.0,Female,25-29 years,25-29,16.0,25751.0,62.13
37388,Gonorrhea,280.0,South Dakota,2007.0,Female,30-34 years,30-34,17.0,21972.0,77.37
37389,Gonorrhea,280.0,South Dakota,2007.0,Female,35-39 years,35-39,6.0,22884.0,26.22
37390,Gonorrhea,280.0,South Dakota,2007.0,Female,40+ years,40+,2.0,193066.0,1.04
37391,Gonorrhea,280.0,South Dakota,2007.0,Female,Unknown,99,3.0,,
37392,Gonorrhea,280.0,South Dakota,2008.0,Female,0-14 years,0-14,3.0,80300.0,3.74
37393,Gonorrhea,280.0,South Dakota,2008.0,Female,15-19 years,15-19,78.0,27901.0,279.56
37394,Gonorrhea,280.0,South Dakota,2008.0,Female,20-24 years,20-24,74.0,28639.0,258.39
37395,Gonorrhea,280.0,South Dakota,2008.0,Female,25-29 years,25-29,66.0,26108.0,252.8
37396,Gonorrhea,280.0,South Dakota,2008.0,Female,30-34 years,30-34,16.0,22522.0,71.04
37397,Gonorrhea,280.0,South Dakota,2008.0,Female,35-39 years,35-39,5.0,22714.0,22.01
37398,Gonorrhea,280.0,South Dakota,2008.0,Female,40+ years,40+,5.0,195149.0,2.56
37399,Gonorrhea,280.0,South Dakota,2009.0,Female,15-19 years,15-19,49.0,28424.0,172.39
37400,Gonorrhea,280.0,South Dakota,2009.0,Female,20-24 years,20-24,76.0,30014.0,253.22
37401,Gonorrhea,280.0,South Dakota,2009.0,Female,25-29 years,25-29,35.0,26747.0,130.86
37402,Gonorrhea,280.0,South Dakota,2009.0,Female,30-34 years,30-34,20.0,22361.0,89.44
37403,Gonorrhea,280.0,South Dakota,2009.0,Female,35-39 years,35-39,3.0,22470.0,13.35
37404,Gonorrhea,280.0,South Dakota,2009.0,Female,40+ years,40+,7.0,195378.0,3.58
37405,Gonorrhea,280.0,South Dakota,2010.0,Female,0-14 years,0-14,3.0,82355.0,3.64
37406,Gonorrhea,280.0,South Dakota,2010.0,Female,15-19 years,15-19,64.0,27946.0,229.01
37407,Gonorrhea,280.0,South Dakota,2010.0,Female,20-24 years,20-24,125.0,27933.0,447.5
37408,Gonorrhea,280.0,South Dakota,2010.0,Female,25-29 years,25-29,59.0,26612.0,221.7
37409,Gonorrhea,280.0,South Dakota,2010.0,Female,30-34 years,30-34,19.0,24234.0,78.4
37410,Gonorrhea,280.0,South Dakota,2010.0,Female,35-39 years,35-39,10.0,22490.0,44.46
37411,Gonorrhea,280.0,South Dakota,2010.0,Female,40+ years,40+,10.0,195229.0,5.12
37412,Gonorrhea,280.0,South Dakota,2011.0,Female,0-14 years,0-14,6.0,82766.0,7.25
37413,Gonorrhea,280.0,South Dakota,2011.0,Female,15-19 years,15-19,96.0,28102.0,341.61
37414,Gonorrhea,280.0,South Dakota,2011.0,Female,20-24 years,20-24,128.0,28157.0,454.59
37415,Gonorrhea,280.0,South Dakota,2011.0,Female,25-29 years,25-29,90.0,26753.0,336.41
37416,Gonorrhea,280.0,South Dakota,2011.0,Female,30-34 years,30-34,41.0,25310.0,161.99
37417,Gonorrhea,280.0,South Dakota,2011.0,Female,35-39 years,35-39,17.0,22124.0,76.84
37418,Gonorrhea,280.0,South Dakota,2011.0,Female,40+ years,40+,21.0,197693.0,10.62
37419,Gonorrhea,280.0,South Dakota,2012.0,Female,0-14 years,0-14,8.0,83289.0,9.61
37420,Gonorrhea,280.0,South Dakota,2012.0,Female,15-19 years,15-19,119.0,27881.0,426.81
37421,Gonorrhea,280.0,South Dakota,2012.0,Female,20-24 years,20-24,144.0,28355.0,507.85
37422,Gonorrhea,280.0,South Dakota,2012.0,Female,25-29 years,25-29,96.0,27164.0,353.41
37423,Gonorrhea,280.0,South Dakota,2012.0,Female,30-34 years,30-34,41.0,26056.0,157.35
37424,Gonorrhea,280.0,South Dakota,2012.0,Female,35-39 years,35-39,22.0,22384.0,98.28
37425,Gonorrhea,280.0,South Dakota,2012.0,Female,40+ years,40+,16.0,199909.0,8.0
37426,Gonorrhea,280.0,South Dakota,2013.0,Female,0-14 years,0-14,5.0,84893.0,5.89
37427,Gonorrhea,280.0,South Dakota,2013.0,Female,15-19 years,15-19,106.0,27939.0,379.4
37428,Gonorrhea,280.0,South Dakota,2013.0,Female,20-24 years,20-24,167.0,29141.0,573.08
37429,Gonorrhea,280.0,South Dakota,2013.0,Female,25-29 years,25-29,99.0,26984.0,366.88
37430,Gonorrhea,280.0,South Dakota,2013.0,Female,30-34 years,30-34,53.0,26765.0,198.02
37431,Gonorrhea,280.0,South Dakota,2013.0,Female,35-39 years,35-39,17.0,22954.0,74.06
37432,Gonorrhea,280.0,South Dakota,2013.0,Female,40+ years,40+,17.0,201823.0,8.42
37433,Gonorrhea,280.0,South Dakota,2014.0,Female,0-14 years,0-14,12.0,84893.0,14.14
37434,Gonorrhea,280.0,South Dakota,2014.0,Female,15-19 years,15-19,116.0,27939.0,415.19
37435,Gonorrhea,280.0,South Dakota,2014.0,Female,20-24 years,20-24,184.0,29141.0,631.41
37436,Gonorrhea,280.0,South Dakota,2014.0,Female,25-29 years,25-29,129.0,26984.0,478.06
37437,Gonorrhea,280.0,South Dakota,2014.0,Female,30-34 years,30-34,64.0,26765.0,239.12
37438,Gonorrhea,280.0,South Dakota,2014.0,Female,35-39 years,35-39,20.0,22954.0,87.13
37439,Gonorrhea,280.0,South Dakota,2014.0,Female,40+ years,40+,32.0,201823.0,15.86
37440,Gonorrhea,280.0,Tennessee,1996.0,Female,0-14 years,0-14,215.0,542595.0,39.62
37441,Gonorrhea,280.0,Tennessee,1996.0,Female,15-19 years,15-19,2065.0,187018.0,1104.17
37442,Gonorrhea,280.0,Tennessee,1996.0,Female,20-24 years,20-24,1410.0,186759.0,754.98
37443,Gonorrhea,280.0,Tennessee,1996.0,Female,25-29 years,25-29,674.0,201469.0,334.54
37444,Gonorrhea,280.0,Tennessee,1996.0,Female,30-34 years,30-34,386.0,218597.0,176.58
37445,Gonorrhea,280.0,Tennessee,1996.0,Female,35-39 years,35-39,220.0,225714.0,97.47
37446,Gonorrhea,280.0,Tennessee,1996.0,Female,40+ years,40+,124.0,1230945.0,10.07
37447,Gonorrhea,280.0,Tennessee,1996.0,Female,Unknown,99,12.0,,
37448,Gonorrhea,280.0,Tennessee,1997.0,Female,0-14 years,0-14,183.0,547485.0,33.43
37449,Gonorrhea,280.0,Tennessee,1997.0,Female,15-19 years,15-19,1965.0,190442.0,1031.81
37450,Gonorrhea,280.0,Tennessee,1997.0,Female,20-24 years,20-24,1432.0,185949.0,770.1
37451,Gonorrhea,280.0,Tennessee,1997.0,Female,25-29 years,25-29,635.0,204971.0,309.8
37452,Gonorrhea,280.0,Tennessee,1997.0,Female,30-34 years,30-34,353.0,215422.0,163.86
37453,Gonorrhea,280.0,Tennessee,1997.0,Female,35-39 years,35-39,221.0,227686.0,97.06
37454,Gonorrhea,280.0,Tennessee,1997.0,Female,40+ years,40+,126.0,1262556.0,9.98
37455,Gonorrhea,280.0,Tennessee,1997.0,Female,Unknown,99,23.0,,
37456,Gonorrhea,280.0,Tennessee,1998.0,Female,0-14 years,0-14,192.0,553079.0,34.71
37457,Gonorrhea,280.0,Tennessee,1998.0,Female,15-19 years,15-19,2137.0,192611.0,1109.49
37458,Gonorrhea,280.0,Tennessee,1998.0,Female,20-24 years,20-24,1522.0,187191.0,813.07
37459,Gonorrhea,280.0,Tennessee,1998.0,Female,25-29 years,25-29,711.0,205683.0,345.68
37460,Gonorrhea,280.0,Tennessee,1998.0,Female,30-34 years,30-34,328.0,210816.0,155.59
37461,Gonorrhea,280.0,Tennessee,1998.0,Female,35-39 years,35-39,209.0,229184.0,91.19
37462,Gonorrhea,280.0,Tennessee,1998.0,Female,40+ years,40+,153.0,1289143.0,11.87
37463,Gonorrhea,280.0,Tennessee,1998.0,Female,Unknown,99,11.0,,
37464,Gonorrhea,280.0,Tennessee,1999.0,Female,0-14 years,0-14,175.0,561403.0,31.17
37465,Gonorrhea,280.0,Tennessee,1999.0,Female,15-19 years,15-19,1921.0,192848.0,996.12
37466,Gonorrhea,280.0,Tennessee,1999.0,Female,20-24 years,20-24,1548.0,189434.0,817.17
37467,Gonorrhea,280.0,Tennessee,1999.0,Female,25-29 years,25-29,642.0,203748.0,315.1
37468,Gonorrhea,280.0,Tennessee,1999.0,Female,30-34 years,30-34,321.0,206922.0,155.13
37469,Gonorrhea,280.0,Tennessee,1999.0,Female,35-39 years,35-39,195.0,230518.0,84.59
37470,Gonorrhea,280.0,Tennessee,1999.0,Female,40+ years,40+,141.0,1312593.0,10.74
37471,Gonorrhea,280.0,Tennessee,1999.0,Female,Unknown,99,22.0,,
37472,Gonorrhea,280.0,Tennessee,2000.0,Female,0-14 years,0-14,162.0,564475.0,28.7
37473,Gonorrhea,280.0,Tennessee,2000.0,Female,15-19 years,15-19,2056.0,191825.0,1071.81
37474,Gonorrhea,280.0,Tennessee,2000.0,Female,20-24 years,20-24,1726.0,193457.0,892.19
37475,Gonorrhea,280.0,Tennessee,2000.0,Female,25-29 years,25-29,722.0,199426.0,362.04
37476,Gonorrhea,280.0,Tennessee,2000.0,Female,30-34 years,30-34,319.0,207672.0,153.61
37477,Gonorrhea,280.0,Tennessee,2000.0,Female,35-39 years,35-39,181.0,230070.0,78.67
37478,Gonorrhea,280.0,Tennessee,2000.0,Female,40+ years,40+,155.0,1339028.0,11.58
37479,Gonorrhea,280.0,Tennessee,2000.0,Female,Unknown,99,22.0,,
37480,Gonorrhea,280.0,Tennessee,2001.0,Female,0-14 years,0-14,144.0,567072.0,25.39
37481,Gonorrhea,280.0,Tennessee,2001.0,Female,15-19 years,15-19,1761.0,189848.0,927.58
37482,Gonorrhea,280.0,Tennessee,2001.0,Female,20-24 years,20-24,1606.0,197631.0,812.63
37483,Gonorrhea,280.0,Tennessee,2001.0,Female,25-29 years,25-29,646.0,194440.0,332.24
37484,Gonorrhea,280.0,Tennessee,2001.0,Female,30-34 years,30-34,309.0,209983.0,147.16
37485,Gonorrhea,280.0,Tennessee,2001.0,Female,35-39 years,35-39,178.0,227234.0,78.33
37486,Gonorrhea,280.0,Tennessee,2001.0,Female,40+ years,40+,146.0,1361213.0,10.73
37487,Gonorrhea,280.0,Tennessee,2001.0,Female,Unknown,99,18.0,,
37488,Gonorrhea,280.0,Tennessee,2002.0,Female,0-14 years,0-14,149.0,569577.0,26.16
37489,Gonorrhea,280.0,Tennessee,2002.0,Female,15-19 years,15-19,1684.0,189577.0,888.29
37490,Gonorrhea,280.0,Tennessee,2002.0,Female,20-24 years,20-24,1539.0,197320.0,779.95
37491,Gonorrhea,280.0,Tennessee,2002.0,Female,25-29 years,25-29,571.0,190952.0,299.03
37492,Gonorrhea,280.0,Tennessee,2002.0,Female,30-34 years,30-34,289.0,212581.0,135.95
37493,Gonorrhea,280.0,Tennessee,2002.0,Female,35-39 years,35-39,149.0,222856.0,66.86
37494,Gonorrhea,280.0,Tennessee,2002.0,Female,40+ years,40+,151.0,1388210.0,10.88
37495,Gonorrhea,280.0,Tennessee,2002.0,Female,Unknown,99,32.0,,
37496,Gonorrhea,280.0,Tennessee,2003.0,Female,0-14 years,0-14,105.0,565157.0,18.58
37497,Gonorrhea,280.0,Tennessee,2003.0,Female,15-19 years,15-19,1582.0,190669.0,829.71
37498,Gonorrhea,280.0,Tennessee,2003.0,Female,20-24 years,20-24,1374.0,203065.0,676.63
37499,Gonorrhea,280.0,Tennessee,2003.0,Female,25-29 years,25-29,565.0,194789.0,290.06
37500,Gonorrhea,280.0,Tennessee,2003.0,Female,30-34 years,30-34,291.0,211992.0,137.27
37501,Gonorrhea,280.0,Tennessee,2003.0,Female,35-39 years,35-39,166.0,217042.0,76.48
37502,Gonorrhea,280.0,Tennessee,2003.0,Female,40+ years,40+,161.0,1406639.0,11.45
37503,Gonorrhea,280.0,Tennessee,2003.0,Female,Unknown,99,19.0,,
37504,Gonorrhea,280.0,Tennessee,2004.0,Female,0-14 years,0-14,131.0,562299.0,23.3
37505,Gonorrhea,280.0,Tennessee,2004.0,Female,15-19 years,15-19,1555.0,193618.0,803.13
37506,Gonorrhea,280.0,Tennessee,2004.0,Female,20-24 years,20-24,1370.0,202803.0,675.53
37507,Gonorrhea,280.0,Tennessee,2004.0,Female,25-29 years,25-29,647.0,199263.0,324.7
37508,Gonorrhea,280.0,Tennessee,2004.0,Female,30-34 years,30-34,285.0,211377.0,134.83
37509,Gonorrhea,280.0,Tennessee,2004.0,Female,35-39 years,35-39,163.0,213185.0,76.46
37510,Gonorrhea,280.0,Tennessee,2004.0,Female,40+ years,40+,161.0,1432133.0,11.24
37511,Gonorrhea,280.0,Tennessee,2004.0,Female,Unknown,99,15.0,,
37512,Gonorrhea,280.0,Tennessee,2005.0,Female,0-14 years,0-14,125.0,559192.0,22.35
37513,Gonorrhea,280.0,Tennessee,2005.0,Female,15-19 years,15-19,1619.0,196568.0,823.63
37514,Gonorrhea,280.0,Tennessee,2005.0,Female,20-24 years,20-24,1377.0,201728.0,682.6
37515,Gonorrhea,280.0,Tennessee,2005.0,Female,25-29 years,25-29,630.0,204582.0,307.94
37516,Gonorrhea,280.0,Tennessee,2005.0,Female,30-34 years,30-34,289.0,208754.0,138.44
37517,Gonorrhea,280.0,Tennessee,2005.0,Female,35-39 years,35-39,180.0,213231.0,84.42
37518,Gonorrhea,280.0,Tennessee,2005.0,Female,40+ years,40+,167.0,1458238.0,11.45
37519,Gonorrhea,280.0,Tennessee,2005.0,Female,Unknown,99,8.0,,
37520,Gonorrhea,280.0,Tennessee,2006.0,Female,0-14 years,0-14,145.0,580897.0,24.96
37521,Gonorrhea,280.0,Tennessee,2006.0,Female,15-19 years,15-19,1878.0,197161.0,952.52
37522,Gonorrhea,280.0,Tennessee,2006.0,Female,20-24 years,20-24,1648.0,195412.0,843.35
37523,Gonorrhea,280.0,Tennessee,2006.0,Female,25-29 years,25-29,747.0,218327.0,342.15
37524,Gonorrhea,280.0,Tennessee,2006.0,Female,30-34 years,30-34,307.0,198240.0,154.86
37525,Gonorrhea,280.0,Tennessee,2006.0,Female,35-39 years,35-39,167.0,211107.0,79.11
37526,Gonorrhea,280.0,Tennessee,2006.0,Female,40+ years,40+,209.0,1486769.0,14.06
37527,Gonorrhea,280.0,Tennessee,2006.0,Female,Unknown,99,3.0,,
37528,Gonorrhea,280.0,Tennessee,2007.0,Female,0-14 years,0-14,130.0,594626.0,21.86
37529,Gonorrhea,280.0,Tennessee,2007.0,Female,15-19 years,15-19,2013.0,200319.0,1004.9
37530,Gonorrhea,280.0,Tennessee,2007.0,Female,20-24 years,20-24,1653.0,195137.0,847.1
37531,Gonorrhea,280.0,Tennessee,2007.0,Female,25-29 years,25-29,766.0,222281.0,344.61
37532,Gonorrhea,280.0,Tennessee,2007.0,Female,30-34 years,30-34,309.0,199061.0,155.23
37533,Gonorrhea,280.0,Tennessee,2007.0,Female,35-39 years,35-39,191.0,216326.0,88.29
37534,Gonorrhea,280.0,Tennessee,2007.0,Female,40+ years,40+,181.0,1522851.0,11.89
37535,Gonorrhea,280.0,Tennessee,2007.0,Female,Unknown,99,4.0,,
37536,Gonorrhea,280.0,Tennessee,2008.0,Female,0-14 years,0-14,87.0,599518.0,14.51
37537,Gonorrhea,280.0,Tennessee,2008.0,Female,15-19 years,15-19,1823.0,200800.0,907.87
37538,Gonorrhea,280.0,Tennessee,2008.0,Female,20-24 years,20-24,1612.0,195290.0,825.44
37539,Gonorrhea,280.0,Tennessee,2008.0,Female,25-29 years,25-29,691.0,221886.0,311.42
37540,Gonorrhea,280.0,Tennessee,2008.0,Female,30-34 years,30-34,285.0,200989.0,141.8
37541,Gonorrhea,280.0,Tennessee,2008.0,Female,35-39 years,35-39,142.0,216877.0,65.47
37542,Gonorrhea,280.0,Tennessee,2008.0,Female,40+ years,40+,160.0,1550413.0,10.32
37543,Gonorrhea,280.0,Tennessee,2008.0,Female,Unknown,99,1.0,,
37544,Gonorrhea,280.0,Tennessee,2009.0,Female,0-14 years,0-14,75.0,608592.0,12.32
37545,Gonorrhea,280.0,Tennessee,2009.0,Female,15-19 years,15-19,1615.0,204963.0,787.95
37546,Gonorrhea,280.0,Tennessee,2009.0,Female,20-24 years,20-24,1551.0,205403.0,755.1
37547,Gonorrhea,280.0,Tennessee,2009.0,Female,25-29 years,25-29,605.0,218775.0,276.54
37548,Gonorrhea,280.0,Tennessee,2009.0,Female,30-34 years,30-34,268.0,206971.0,129.49
37549,Gonorrhea,280.0,Tennessee,2009.0,Female,35-39 years,35-39,130.0,216048.0,60.17
37550,Gonorrhea,280.0,Tennessee,2009.0,Female,40+ years,40+,121.0,1566259.0,7.73
37551,Gonorrhea,280.0,Tennessee,2010.0,Female,0-14 years,0-14,70.0,605687.0,11.56
37552,Gonorrhea,280.0,Tennessee,2010.0,Female,15-19 years,15-19,1483.0,214184.0,692.39
37553,Gonorrhea,280.0,Tennessee,2010.0,Female,20-24 years,20-24,1344.0,213339.0,629.98
37554,Gonorrhea,280.0,Tennessee,2010.0,Female,25-29 years,25-29,561.0,210686.0,266.27
37555,Gonorrhea,280.0,Tennessee,2010.0,Female,30-34 years,30-34,211.0,204785.0,103.03
37556,Gonorrhea,280.0,Tennessee,2010.0,Female,35-39 years,35-39,104.0,213862.0,48.63
37557,Gonorrhea,280.0,Tennessee,2010.0,Female,40+ years,40+,108.0,1590058.0,6.79
37558,Gonorrhea,280.0,Tennessee,2010.0,Female,Unknown,99,3.0,,
37559,Gonorrhea,280.0,Tennessee,2011.0,Female,0-14 years,0-14,66.0,605962.0,10.89
37560,Gonorrhea,280.0,Tennessee,2011.0,Female,15-19 years,15-19,1539.0,208025.0,739.82
37561,Gonorrhea,280.0,Tennessee,2011.0,Female,20-24 years,20-24,1559.0,220971.0,705.52
37562,Gonorrhea,280.0,Tennessee,2011.0,Female,25-29 years,25-29,512.0,211707.0,241.84
37563,Gonorrhea,280.0,Tennessee,2011.0,Female,30-34 years,30-34,231.0,210250.0,109.87
37564,Gonorrhea,280.0,Tennessee,2011.0,Female,35-39 years,35-39,102.0,205831.0,49.56
37565,Gonorrhea,280.0,Tennessee,2011.0,Female,40+ years,40+,102.0,1619676.0,6.3
37566,Gonorrhea,280.0,Tennessee,2011.0,Female,Unknown,99,1.0,,
37567,Gonorrhea,280.0,Tennessee,2012.0,Female,0-14 years,0-14,77.0,607751.0,12.67
37568,Gonorrhea,280.0,Tennessee,2012.0,Female,15-19 years,15-19,1619.0,205291.0,788.64
37569,Gonorrhea,280.0,Tennessee,2012.0,Female,20-24 years,20-24,1752.0,226885.0,772.2
37570,Gonorrhea,280.0,Tennessee,2012.0,Female,25-29 years,25-29,667.0,212712.0,313.57
37571,Gonorrhea,280.0,Tennessee,2012.0,Female,30-34 years,30-34,292.0,213230.0,136.94
37572,Gonorrhea,280.0,Tennessee,2012.0,Female,35-39 years,35-39,143.0,203585.0,70.24
37573,Gonorrhea,280.0,Tennessee,2012.0,Female,40+ years,40+,171.0,1638026.0,10.44
37574,Gonorrhea,280.0,Tennessee,2013.0,Female,0-14 years,0-14,53.0,607902.0,8.72
37575,Gonorrhea,280.0,Tennessee,2013.0,Female,15-19 years,15-19,1168.0,204642.0,570.75
37576,Gonorrhea,280.0,Tennessee,2013.0,Female,20-24 years,20-24,1365.0,229454.0,594.89
37577,Gonorrhea,280.0,Tennessee,2013.0,Female,25-29 years,25-29,577.0,212706.0,271.27
37578,Gonorrhea,280.0,Tennessee,2013.0,Female,30-34 years,30-34,243.0,215057.0,112.99
37579,Gonorrhea,280.0,Tennessee,2013.0,Female,35-39 years,35-39,107.0,203129.0,52.68
37580,Gonorrhea,280.0,Tennessee,2013.0,Female,40+ years,40+,104.0,1655994.0,6.28
37581,Gonorrhea,280.0,Tennessee,2014.0,Female,0-14 years,0-14,43.0,607902.0,7.07
37582,Gonorrhea,280.0,Tennessee,2014.0,Female,15-19 years,15-19,999.0,204642.0,488.17
37583,Gonorrhea,280.0,Tennessee,2014.0,Female,20-24 years,20-24,1325.0,229454.0,577.46
37584,Gonorrhea,280.0,Tennessee,2014.0,Female,25-29 years,25-29,605.0,212706.0,284.43
37585,Gonorrhea,280.0,Tennessee,2014.0,Female,30-34 years,30-34,232.0,215057.0,107.88
37586,Gonorrhea,280.0,Tennessee,2014.0,Female,35-39 years,35-39,117.0,203129.0,57.6
37587,Gonorrhea,280.0,Tennessee,2014.0,Female,40+ years,40+,98.0,1655994.0,5.92
37588,Gonorrhea,280.0,Texas,1996.0,Female,0-14 years,0-14,565.0,2268222.0,24.91
37589,Gonorrhea,280.0,Texas,1996.0,Female,15-19 years,15-19,4476.0,715427.0,625.64
37590,Gonorrhea,280.0,Texas,1996.0,Female,20-24 years,20-24,3071.0,683324.0,449.42
37591,Gonorrhea,280.0,Texas,1996.0,Female,25-29 years,25-29,1272.0,734675.0,173.14
37592,Gonorrhea,280.0,Texas,1996.0,Female,30-34 years,30-34,631.0,815297.0,77.4
37593,Gonorrhea,280.0,Texas,1996.0,Female,35-39 years,35-39,363.0,825560.0,43.97
37594,Gonorrhea,280.0,Texas,1996.0,Female,40+ years,40+,221.0,3729347.0,5.93
37595,Gonorrhea,280.0,Texas,1996.0,Female,Unknown,99,1242.0,,
37596,Gonorrhea,280.0,Texas,1997.0,Female,0-14 years,0-14,445.0,2301979.0,19.33
37597,Gonorrhea,280.0,Texas,1997.0,Female,15-19 years,15-19,4990.0,740088.0,674.24
37598,Gonorrhea,280.0,Texas,1997.0,Female,20-24 years,20-24,3619.0,692386.0,522.68
37599,Gonorrhea,280.0,Texas,1997.0,Female,25-29 years,25-29,1532.0,749353.0,204.44
37600,Gonorrhea,280.0,Texas,1997.0,Female,30-34 years,30-34,708.0,799973.0,88.5
37601,Gonorrhea,280.0,Texas,1997.0,Female,35-39 years,35-39,394.0,834748.0,47.2
37602,Gonorrhea,280.0,Texas,1997.0,Female,40+ years,40+,269.0,3847775.0,6.99
37603,Gonorrhea,280.0,Texas,1997.0,Female,Unknown,99,1735.0,,
37604,Gonorrhea,280.0,Texas,1998.0,Female,0-14 years,0-14,609.0,2342925.0,25.99
37605,Gonorrhea,280.0,Texas,1998.0,Female,15-19 years,15-19,6906.0,765663.0,901.96
37606,Gonorrhea,280.0,Texas,1998.0,Female,20-24 years,20-24,5030.0,706170.0,712.29
37607,Gonorrhea,280.0,Texas,1998.0,Female,25-29 years,25-29,2057.0,763015.0,269.59
37608,Gonorrhea,280.0,Texas,1998.0,Female,30-34 years,30-34,976.0,783121.0,124.63
37609,Gonorrhea,280.0,Texas,1998.0,Female,35-39 years,35-39,587.0,841411.0,69.76
37610,Gonorrhea,280.0,Texas,1998.0,Female,40+ years,40+,374.0,3968220.0,9.42
37611,Gonorrhea,280.0,Texas,1998.0,Female,Unknown,99,242.0,,
37612,Gonorrhea,280.0,Texas,1999.0,Female,0-14 years,0-14,552.0,2379456.0,23.2
37613,Gonorrhea,280.0,Texas,1999.0,Female,15-19 years,15-19,7010.0,781157.0,897.39
37614,Gonorrhea,280.0,Texas,1999.0,Female,20-24 years,20-24,5117.0,725660.0,705.15
37615,Gonorrhea,280.0,Texas,1999.0,Female,25-29 years,25-29,2103.0,773408.0,271.91
37616,Gonorrhea,280.0,Texas,1999.0,Female,30-34 years,30-34,953.0,771770.0,123.48
37617,Gonorrhea,280.0,Texas,1999.0,Female,35-39 years,35-39,546.0,843958.0,64.7
37618,Gonorrhea,280.0,Texas,1999.0,Female,40+ years,40+,372.0,4084793.0,9.11
37619,Gonorrhea,280.0,Texas,1999.0,Female,Unknown,99,166.0,,
37620,Gonorrhea,280.0,Texas,2000.0,Female,0-14 years,0-14,633.0,2440035.0,25.94
37621,Gonorrhea,280.0,Texas,2000.0,Female,15-19 years,15-19,6838.0,791597.0,863.82
37622,Gonorrhea,280.0,Texas,2000.0,Female,20-24 years,20-24,5501.0,746299.0,737.1
37623,Gonorrhea,280.0,Texas,2000.0,Female,25-29 years,25-29,2009.0,773976.0,259.57
37624,Gonorrhea,280.0,Texas,2000.0,Female,30-34 years,30-34,931.0,773644.0,120.34
37625,Gonorrhea,280.0,Texas,2000.0,Female,35-39 years,35-39,505.0,831657.0,60.72
37626,Gonorrhea,280.0,Texas,2000.0,Female,40+ years,40+,397.0,4191273.0,9.47
37627,Gonorrhea,280.0,Texas,2000.0,Female,Unknown,99,118.0,,
37628,Gonorrhea,280.0,Texas,2001.0,Female,0-14 years,0-14,522.0,2464176.0,21.18
37629,Gonorrhea,280.0,Texas,2001.0,Female,15-19 years,15-19,6161.0,800119.0,770.01
37630,Gonorrhea,280.0,Texas,2001.0,Female,20-24 years,20-24,5281.0,768588.0,687.1
37631,Gonorrhea,280.0,Texas,2001.0,Female,25-29 years,25-29,1878.0,772614.0,243.07
37632,Gonorrhea,280.0,Texas,2001.0,Female,30-34 years,30-34,798.0,794663.0,100.42
37633,Gonorrhea,280.0,Texas,2001.0,Female,35-39 years,35-39,456.0,823671.0,55.36
37634,Gonorrhea,280.0,Texas,2001.0,Female,40+ years,40+,409.0,4329337.0,9.45
37635,Gonorrhea,280.0,Texas,2001.0,Female,Unknown,99,94.0,,
37636,Gonorrhea,280.0,Texas,2002.0,Female,0-14 years,0-14,397.0,2494056.0,15.92
37637,Gonorrhea,280.0,Texas,2002.0,Female,15-19 years,15-19,5360.0,809988.0,661.74
37638,Gonorrhea,280.0,Texas,2002.0,Female,20-24 years,20-24,4790.0,779507.0,614.49
37639,Gonorrhea,280.0,Texas,2002.0,Female,25-29 years,25-29,1772.0,768445.0,230.6
37640,Gonorrhea,280.0,Texas,2002.0,Female,30-34 years,30-34,841.0,812266.0,103.54
37641,Gonorrhea,280.0,Texas,2002.0,Female,35-39 years,35-39,423.0,809505.0,52.25
37642,Gonorrhea,280.0,Texas,2002.0,Female,40+ years,40+,357.0,4480202.0,7.97
37643,Gonorrhea,280.0,Texas,2002.0,Female,Unknown,99,135.0,,
37644,Gonorrhea,280.0,Texas,2003.0,Female,0-14 years,0-14,341.0,2560382.0,13.32
37645,Gonorrhea,280.0,Texas,2003.0,Female,15-19 years,15-19,4781.0,812383.0,588.52
37646,Gonorrhea,280.0,Texas,2003.0,Female,20-24 years,20-24,4361.0,808069.0,539.68
37647,Gonorrhea,280.0,Texas,2003.0,Female,25-29 years,25-29,1617.0,778468.0,207.72
37648,Gonorrhea,280.0,Texas,2003.0,Female,30-34 years,30-34,723.0,826957.0,87.43
37649,Gonorrhea,280.0,Texas,2003.0,Female,35-39 years,35-39,401.0,798638.0,50.21
37650,Gonorrhea,280.0,Texas,2003.0,Female,40+ years,40+,352.0,4524218.0,7.78
37651,Gonorrhea,280.0,Texas,2003.0,Female,Unknown,99,67.0,,
37652,Gonorrhea,280.0,Texas,2004.0,Female,0-14 years,0-14,278.0,2571692.0,10.81
37653,Gonorrhea,280.0,Texas,2004.0,Female,15-19 years,15-19,4613.0,820602.0,562.15
37654,Gonorrhea,280.0,Texas,2004.0,Female,20-24 years,20-24,4136.0,826830.0,500.22
37655,Gonorrhea,280.0,Texas,2004.0,Female,25-29 years,25-29,1725.0,792434.0,217.68
37656,Gonorrhea,280.0,Texas,2004.0,Female,30-34 years,30-34,806.0,835362.0,96.49
37657,Gonorrhea,280.0,Texas,2004.0,Female,35-39 years,35-39,431.0,796361.0,54.12
37658,Gonorrhea,280.0,Texas,2004.0,Female,40+ years,40+,394.0,4645473.0,8.48
37659,Gonorrhea,280.0,Texas,2004.0,Female,Unknown,99,50.0,,
37660,Gonorrhea,280.0,Texas,2005.0,Female,0-14 years,0-14,282.0,2591549.0,10.88
37661,Gonorrhea,280.0,Texas,2005.0,Female,15-19 years,15-19,4947.0,830787.0,595.46
37662,Gonorrhea,280.0,Texas,2005.0,Female,20-24 years,20-24,4737.0,835560.0,566.92
37663,Gonorrhea,280.0,Texas,2005.0,Female,25-29 years,25-29,2011.0,810042.0,248.26
37664,Gonorrhea,280.0,Texas,2005.0,Female,30-34 years,30-34,880.0,833264.0,105.61
37665,Gonorrhea,280.0,Texas,2005.0,Female,35-39 years,35-39,467.0,805949.0,57.94
37666,Gonorrhea,280.0,Texas,2005.0,Female,40+ years,40+,487.0,4764638.0,10.22
37667,Gonorrhea,280.0,Texas,2005.0,Female,Unknown,99,16.0,,
37668,Gonorrhea,280.0,Texas,2006.0,Female,0-14 years,0-14,306.0,2657598.0,11.51
37669,Gonorrhea,280.0,Texas,2006.0,Female,15-19 years,15-19,5664.0,841496.0,673.09
37670,Gonorrhea,280.0,Texas,2006.0,Female,20-24 years,20-24,5378.0,845998.0,635.7
37671,Gonorrhea,280.0,Texas,2006.0,Female,25-29 years,25-29,2328.0,857304.0,271.55
37672,Gonorrhea,280.0,Texas,2006.0,Female,30-34 years,30-34,919.0,830571.0,110.65
37673,Gonorrhea,280.0,Texas,2006.0,Female,35-39 years,35-39,478.0,840564.0,56.87
37674,Gonorrhea,280.0,Texas,2006.0,Female,40+ years,40+,509.0,4920184.0,10.35
37675,Gonorrhea,280.0,Texas,2006.0,Female,Unknown,99,37.0,,
37676,Gonorrhea,280.0,Texas,2007.0,Female,0-14 years,0-14,353.0,2713864.0,13.01
37677,Gonorrhea,280.0,Texas,2007.0,Female,15-19 years,15-19,5984.0,846040.0,707.29
37678,Gonorrhea,280.0,Texas,2007.0,Female,20-24 years,20-24,5418.0,835788.0,648.25
37679,Gonorrhea,280.0,Texas,2007.0,Female,25-29 years,25-29,2466.0,880638.0,280.02
37680,Gonorrhea,280.0,Texas,2007.0,Female,30-34 years,30-34,959.0,828709.0,115.72
37681,Gonorrhea,280.0,Texas,2007.0,Female,35-39 years,35-39,504.0,858504.0,58.71
37682,Gonorrhea,280.0,Texas,2007.0,Female,40+ years,40+,476.0,5014973.0,9.49
37683,Gonorrhea,280.0,Texas,2007.0,Female,Unknown,99,32.0,,
37684,Gonorrhea,280.0,Texas,2008.0,Female,0-14 years,0-14,335.0,2763617.0,12.12
37685,Gonorrhea,280.0,Texas,2008.0,Female,15-19 years,15-19,6243.0,856078.0,729.26
37686,Gonorrhea,280.0,Texas,2008.0,Female,20-24 years,20-24,5716.0,841257.0,679.46
37687,Gonorrhea,280.0,Texas,2008.0,Female,25-29 years,25-29,2576.0,895951.0,287.52
37688,Gonorrhea,280.0,Texas,2008.0,Female,30-34 years,30-34,1063.0,831263.0,127.88
37689,Gonorrhea,280.0,Texas,2008.0,Female,35-39 years,35-39,541.0,871249.0,62.09
37690,Gonorrhea,280.0,Texas,2008.0,Female,40+ years,40+,530.0,5124001.0,10.34
37691,Gonorrhea,280.0,Texas,2008.0,Female,Unknown,99,25.0,,
37692,Gonorrhea,280.0,Texas,2009.0,Female,0-14 years,0-14,262.0,2843745.0,9.21
37693,Gonorrhea,280.0,Texas,2009.0,Female,15-19 years,15-19,6062.0,868122.0,698.29
37694,Gonorrhea,280.0,Texas,2009.0,Female,20-24 years,20-24,5588.0,867183.0,644.38
37695,Gonorrhea,280.0,Texas,2009.0,Female,25-29 years,25-29,2291.0,914887.0,250.41
37696,Gonorrhea,280.0,Texas,2009.0,Female,30-34 years,30-34,966.0,847878.0,113.93
37697,Gonorrhea,280.0,Texas,2009.0,Female,35-39 years,35-39,463.0,864495.0,53.56
37698,Gonorrhea,280.0,Texas,2009.0,Female,40+ years,40+,426.0,5197900.0,8.2
37699,Gonorrhea,280.0,Texas,2009.0,Female,Unknown,99,13.0,,
37700,Gonorrhea,280.0,Texas,2010.0,Female,0-14 years,0-14,286.0,2807761.0,10.19
37701,Gonorrhea,280.0,Texas,2010.0,Female,15-19 years,15-19,6371.0,914438.0,696.71
37702,Gonorrhea,280.0,Texas,2010.0,Female,20-24 years,20-24,6240.0,884726.0,705.3
37703,Gonorrhea,280.0,Texas,2010.0,Female,25-29 years,25-29,2458.0,914073.0,268.91
37704,Gonorrhea,280.0,Texas,2010.0,Female,30-34 years,30-34,1004.0,877547.0,114.41
37705,Gonorrhea,280.0,Texas,2010.0,Female,35-39 years,35-39,451.0,887448.0,50.82
37706,Gonorrhea,280.0,Texas,2010.0,Female,40+ years,40+,422.0,5387288.0,7.83
37707,Gonorrhea,280.0,Texas,2010.0,Female,Unknown,99,14.0,,
37708,Gonorrhea,280.0,Texas,2011.0,Female,0-14 years,0-14,278.0,2853834.0,9.74
37709,Gonorrhea,280.0,Texas,2011.0,Female,15-19 years,15-19,5958.0,911763.0,653.46
37710,Gonorrhea,280.0,Texas,2011.0,Female,20-24 years,20-24,5935.0,913389.0,649.78
37711,Gonorrhea,280.0,Texas,2011.0,Female,25-29 years,25-29,2349.0,924159.0,254.18
37712,Gonorrhea,280.0,Texas,2011.0,Female,30-34 years,30-34,1021.0,904687.0,112.86
37713,Gonorrhea,280.0,Texas,2011.0,Female,35-39 years,35-39,451.0,879380.0,51.29
37714,Gonorrhea,280.0,Texas,2011.0,Female,40+ years,40+,480.0,5545027.0,8.66
37715,Gonorrhea,280.0,Texas,2011.0,Female,Unknown,99,4.0,,
37716,Gonorrhea,280.0,Texas,2012.0,Female,0-14 years,0-14,308.0,2865365.0,10.75
37717,Gonorrhea,280.0,Texas,2012.0,Female,15-19 years,15-19,5929.0,910824.0,650.95
37718,Gonorrhea,280.0,Texas,2012.0,Female,20-24 years,20-24,6200.0,937209.0,661.54
37719,Gonorrhea,280.0,Texas,2012.0,Female,25-29 years,25-29,2522.0,930372.0,271.07
37720,Gonorrhea,280.0,Texas,2012.0,Female,30-34 years,30-34,1119.0,925423.0,120.92
37721,Gonorrhea,280.0,Texas,2012.0,Female,35-39 years,35-39,538.0,879531.0,61.17
37722,Gonorrhea,280.0,Texas,2012.0,Female,40+ years,40+,518.0,5662745.0,9.15
37723,Gonorrhea,280.0,Texas,2012.0,Female,Unknown,99,17.0,,
37724,Gonorrhea,280.0,Texas,2013.0,Female,0-14 years,0-14,230.0,2887923.0,7.96
37725,Gonorrhea,280.0,Texas,2013.0,Female,15-19 years,15-19,5444.0,915489.0,594.65
37726,Gonorrhea,280.0,Texas,2013.0,Female,20-24 years,20-24,6331.0,951812.0,665.15
37727,Gonorrhea,280.0,Texas,2013.0,Female,25-29 years,25-29,2728.0,938580.0,290.65
37728,Gonorrhea,280.0,Texas,2013.0,Female,30-34 years,30-34,1312.0,945780.0,138.72
37729,Gonorrhea,280.0,Texas,2013.0,Female,35-39 years,35-39,585.0,886049.0,66.02
37730,Gonorrhea,280.0,Texas,2013.0,Female,40+ years,40+,571.0,5775558.0,9.89
37731,Gonorrhea,280.0,Texas,2013.0,Female,Unknown,99,5.0,,
37732,Gonorrhea,280.0,Texas,2014.0,Female,0-14 years,0-14,250.0,2887923.0,8.66
37733,Gonorrhea,280.0,Texas,2014.0,Female,15-19 years,15-19,5064.0,915489.0,553.15
37734,Gonorrhea,280.0,Texas,2014.0,Female,20-24 years,20-24,6210.0,951812.0,652.44
37735,Gonorrhea,280.0,Texas,2014.0,Female,25-29 years,25-29,2959.0,938580.0,315.26
37736,Gonorrhea,280.0,Texas,2014.0,Female,30-34 years,30-34,1479.0,945780.0,156.38
37737,Gonorrhea,280.0,Texas,2014.0,Female,35-39 years,35-39,665.0,886049.0,75.05
37738,Gonorrhea,280.0,Texas,2014.0,Female,40+ years,40+,623.0,5775558.0,10.79
37739,Gonorrhea,280.0,Texas,2014.0,Female,Unknown,99,3.0,,
37740,Gonorrhea,280.0,Utah,1996.0,Female,0-14 years,0-14,2.0,271774.0,0.74
37741,Gonorrhea,280.0,Utah,1996.0,Female,15-19 years,15-19,26.0,107625.0,24.16
37742,Gonorrhea,280.0,Utah,1996.0,Female,20-24 years,20-24,21.0,92287.0,22.76
37743,Gonorrhea,280.0,Utah,1996.0,Female,25-29 years,25-29,17.0,78175.0,21.75
37744,Gonorrhea,280.0,Utah,1996.0,Female,30-34 years,30-34,16.0,73388.0,21.8
37745,Gonorrhea,280.0,Utah,1996.0,Female,35-39 years,35-39,8.0,75262.0,10.63
37746,Gonorrhea,280.0,Utah,1996.0,Female,40+ years,40+,3.0,336949.0,0.89
37747,Gonorrhea,280.0,Utah,1996.0,Female,Unknown,99,1.0,,
37748,Gonorrhea,280.0,Utah,1997.0,Female,0-14 years,0-14,2.0,276804.0,0.72
37749,Gonorrhea,280.0,Utah,1997.0,Female,15-19 years,15-19,24.0,109713.0,21.88
37750,Gonorrhea,280.0,Utah,1997.0,Female,20-24 years,20-24,23.0,97854.0,23.5
37751,Gonorrhea,280.0,Utah,1997.0,Female,25-29 years,25-29,12.0,80244.0,14.95
37752,Gonorrhea,280.0,Utah,1997.0,Female,30-34 years,30-34,10.0,72908.0,13.72
37753,Gonorrhea,280.0,Utah,1997.0,Female,35-39 years,35-39,2.0,75606.0,2.65
37754,Gonorrhea,280.0,Utah,1997.0,Female,40+ years,40+,11.0,347519.0,3.17
37755,Gonorrhea,280.0,Utah,1998.0,Female,0-14 years,0-14,4.0,281933.0,1.42
37756,Gonorrhea,280.0,Utah,1998.0,Female,15-19 years,15-19,24.0,110746.0,21.67
37757,Gonorrhea,280.0,Utah,1998.0,Female,20-24 years,20-24,16.0,103717.0,15.43
37758,Gonorrhea,280.0,Utah,1998.0,Female,25-29 years,25-29,6.0,81585.0,7.35
37759,Gonorrhea,280.0,Utah,1998.0,Female,30-34 years,30-34,9.0,72462.0,12.42
37760,Gonorrhea,280.0,Utah,1998.0,Female,35-39 years,35-39,8.0,75334.0,10.62
37761,Gonorrhea,280.0,Utah,1998.0,Female,40+ years,40+,3.0,356989.0,0.84
37762,Gonorrhea,280.0,Utah,1999.0,Female,0-14 years,0-14,2.0,286171.0,0.7
37763,Gonorrhea,280.0,Utah,1999.0,Female,15-19 years,15-19,42.0,109716.0,38.28
37764,Gonorrhea,280.0,Utah,1999.0,Female,20-24 years,20-24,21.0,108969.0,19.27
37765,Gonorrhea,280.0,Utah,1999.0,Female,25-29 years,25-29,14.0,83443.0,16.78
37766,Gonorrhea,280.0,Utah,1999.0,Female,30-34 years,30-34,11.0,71840.0,15.31
37767,Gonorrhea,280.0,Utah,1999.0,Female,35-39 years,35-39,6.0,74660.0,8.04
37768,Gonorrhea,280.0,Utah,1999.0,Female,40+ years,40+,4.0,365368.0,1.09
37769,Gonorrhea,280.0,Utah,2000.0,Female,0-14 years,0-14,1.0,286060.0,0.35
37770,Gonorrhea,280.0,Utah,2000.0,Female,15-19 years,15-19,36.0,107344.0,33.54
37771,Gonorrhea,280.0,Utah,2000.0,Female,20-24 years,20-24,31.0,114259.0,27.13
37772,Gonorrhea,280.0,Utah,2000.0,Female,25-29 years,25-29,12.0,87408.0,13.73
37773,Gonorrhea,280.0,Utah,2000.0,Female,30-34 years,30-34,13.0,72952.0,17.82
37774,Gonorrhea,280.0,Utah,2000.0,Female,35-39 years,35-39,3.0,74106.0,4.05
37775,Gonorrhea,280.0,Utah,2000.0,Female,40+ years,40+,3.0,377004.0,0.8
37776,Gonorrhea,280.0,Utah,2001.0,Female,15-19 years,15-19,22.0,101502.0,21.67
37777,Gonorrhea,280.0,Utah,2001.0,Female,20-24 years,20-24,40.0,119842.0,33.38
37778,Gonorrhea,280.0,Utah,2001.0,Female,25-29 years,25-29,19.0,91848.0,20.69
37779,Gonorrhea,280.0,Utah,2001.0,Female,30-34 years,30-34,5.0,75128.0,6.66
37780,Gonorrhea,280.0,Utah,2001.0,Female,35-39 years,35-39,6.0,71779.0,8.36
37781,Gonorrhea,280.0,Utah,2001.0,Female,40+ years,40+,3.0,385947.0,0.78
37782,Gonorrhea,280.0,Utah,2002.0,Female,0-14 years,0-14,2.0,290397.0,0.69
37783,Gonorrhea,280.0,Utah,2002.0,Female,15-19 years,15-19,41.0,97213.0,42.18
37784,Gonorrhea,280.0,Utah,2002.0,Female,20-24 years,20-24,59.0,123660.0,47.71
37785,Gonorrhea,280.0,Utah,2002.0,Female,25-29 years,25-29,25.0,98644.0,25.34
37786,Gonorrhea,280.0,Utah,2002.0,Female,30-34 years,30-34,11.0,77963.0,14.11
37787,Gonorrhea,280.0,Utah,2002.0,Female,35-39 years,35-39,6.0,70326.0,8.53
37788,Gonorrhea,280.0,Utah,2002.0,Female,40+ years,40+,5.0,396599.0,1.26
37789,Gonorrhea,280.0,Utah,2002.0,Female,Unknown,99,1.0,,
37790,Gonorrhea,280.0,Utah,2003.0,Female,0-14 years,0-14,5.0,304720.0,1.64
37791,Gonorrhea,280.0,Utah,2003.0,Female,15-19 years,15-19,44.0,95499.0,46.07
37792,Gonorrhea,280.0,Utah,2003.0,Female,20-24 years,20-24,54.0,122026.0,44.25
37793,Gonorrhea,280.0,Utah,2003.0,Female,25-29 years,25-29,28.0,103289.0,27.11
37794,Gonorrhea,280.0,Utah,2003.0,Female,30-34 years,30-34,8.0,77932.0,10.27
37795,Gonorrhea,280.0,Utah,2003.0,Female,35-39 years,35-39,10.0,68033.0,14.7
37796,Gonorrhea,280.0,Utah,2003.0,Female,40+ years,40+,1.0,399485.0,0.25
37797,Gonorrhea,280.0,Utah,2003.0,Female,Unknown,99,3.0,,
37798,Gonorrhea,280.0,Utah,2004.0,Female,0-14 years,0-14,5.0,304150.0,1.64
37799,Gonorrhea,280.0,Utah,2004.0,Female,15-19 years,15-19,81.0,94250.0,85.94
37800,Gonorrhea,280.0,Utah,2004.0,Female,20-24 years,20-24,104.0,121164.0,85.83
37801,Gonorrhea,280.0,Utah,2004.0,Female,25-29 years,25-29,39.0,110793.0,35.2
37802,Gonorrhea,280.0,Utah,2004.0,Female,30-34 years,30-34,19.0,80614.0,23.57
37803,Gonorrhea,280.0,Utah,2004.0,Female,35-39 years,35-39,6.0,68410.0,8.77
37804,Gonorrhea,280.0,Utah,2004.0,Female,40+ years,40+,12.0,410343.0,2.92
37805,Gonorrhea,280.0,Utah,2005.0,Female,0-14 years,0-14,8.0,304761.0,2.63
37806,Gonorrhea,280.0,Utah,2005.0,Female,15-19 years,15-19,94.0,95315.0,98.62
37807,Gonorrhea,280.0,Utah,2005.0,Female,20-24 years,20-24,113.0,119662.0,94.43
37808,Gonorrhea,280.0,Utah,2005.0,Female,25-29 years,25-29,62.0,121945.0,50.84
37809,Gonorrhea,280.0,Utah,2005.0,Female,30-34 years,30-34,20.0,85994.0,23.26
37810,Gonorrhea,280.0,Utah,2005.0,Female,35-39 years,35-39,10.0,72171.0,13.86
37811,Gonorrhea,280.0,Utah,2005.0,Female,40+ years,40+,12.0,429526.0,2.79
37812,Gonorrhea,280.0,Utah,2006.0,Female,0-14 years,0-14,10.0,325066.0,3.08
37813,Gonorrhea,280.0,Utah,2006.0,Female,15-19 years,15-19,103.0,102858.0,100.14
37814,Gonorrhea,280.0,Utah,2006.0,Female,20-24 years,20-24,132.0,112268.0,117.58
37815,Gonorrhea,280.0,Utah,2006.0,Female,25-29 years,25-29,75.0,112795.0,66.49
37816,Gonorrhea,280.0,Utah,2006.0,Female,30-34 years,30-34,20.0,87508.0,22.86
37817,Gonorrhea,280.0,Utah,2006.0,Female,35-39 years,35-39,18.0,78260.0,23.0
37818,Gonorrhea,280.0,Utah,2006.0,Female,40+ years,40+,11.0,448907.0,2.45
37819,Gonorrhea,280.0,Utah,2007.0,Female,0-14 years,0-14,2.0,335870.0,0.6
37820,Gonorrhea,280.0,Utah,2007.0,Female,15-19 years,15-19,109.0,104714.0,104.09
37821,Gonorrhea,280.0,Utah,2007.0,Female,20-24 years,20-24,96.0,113453.0,84.62
37822,Gonorrhea,280.0,Utah,2007.0,Female,25-29 years,25-29,73.0,116707.0,62.55
37823,Gonorrhea,280.0,Utah,2007.0,Female,30-34 years,30-34,34.0,92498.0,36.76
37824,Gonorrhea,280.0,Utah,2007.0,Female,35-39 years,35-39,14.0,81858.0,17.1
37825,Gonorrhea,280.0,Utah,2007.0,Female,40+ years,40+,16.0,464483.0,3.44
37826,Gonorrhea,280.0,Utah,2007.0,Female,Unknown,99,1.0,,
37827,Gonorrhea,280.0,Utah,2008.0,Female,0-14 years,0-14,4.0,351037.0,1.14
37828,Gonorrhea,280.0,Utah,2008.0,Female,15-19 years,15-19,34.0,106960.0,31.79
37829,Gonorrhea,280.0,Utah,2008.0,Female,20-24 years,20-24,44.0,114249.0,38.51
37830,Gonorrhea,280.0,Utah,2008.0,Female,25-29 years,25-29,28.0,115735.0,24.19
37831,Gonorrhea,280.0,Utah,2008.0,Female,30-34 years,30-34,13.0,99742.0,13.03
37832,Gonorrhea,280.0,Utah,2008.0,Female,35-39 years,35-39,8.0,85594.0,9.35
37833,Gonorrhea,280.0,Utah,2008.0,Female,40+ years,40+,5.0,481846.0,1.04
37834,Gonorrhea,280.0,Utah,2008.0,Female,Unknown,99,1.0,,
37835,Gonorrhea,280.0,Utah,2009.0,Female,0-14 years,0-14,2.0,361027.0,0.55
37836,Gonorrhea,280.0,Utah,2009.0,Female,15-19 years,15-19,21.0,108992.0,19.27
37837,Gonorrhea,280.0,Utah,2009.0,Female,20-24 years,20-24,25.0,121569.0,20.56
37838,Gonorrhea,280.0,Utah,2009.0,Female,25-29 years,25-29,15.0,115085.0,13.03
37839,Gonorrhea,280.0,Utah,2009.0,Female,30-34 years,30-34,2.0,101769.0,1.97
37840,Gonorrhea,280.0,Utah,2009.0,Female,35-39 years,35-39,1.0,86775.0,1.15
37841,Gonorrhea,280.0,Utah,2009.0,Female,40+ years,40+,4.0,488381.0,0.82
37842,Gonorrhea,280.0,Utah,2010.0,Female,0-14 years,0-14,1.0,361075.0,0.28
37843,Gonorrhea,280.0,Utah,2010.0,Female,15-19 years,15-19,24.0,109363.0,21.95
37844,Gonorrhea,280.0,Utah,2010.0,Female,20-24 years,20-24,25.0,112912.0,22.14
37845,Gonorrhea,280.0,Utah,2010.0,Female,25-29 years,25-29,15.0,111128.0,13.5
37846,Gonorrhea,280.0,Utah,2010.0,Female,30-34 years,30-34,7.0,105641.0,6.63
37847,Gonorrhea,280.0,Utah,2010.0,Female,35-39 years,35-39,2.0,87589.0,2.28
37848,Gonorrhea,280.0,Utah,2010.0,Female,40+ years,40+,1.0,487860.0,0.2
37849,Gonorrhea,280.0,Utah,2011.0,Female,0-14 years,0-14,1.0,365284.0,0.27
37850,Gonorrhea,280.0,Utah,2011.0,Female,15-19 years,15-19,16.0,110196.0,14.52
37851,Gonorrhea,280.0,Utah,2011.0,Female,20-24 years,20-24,20.0,115534.0,17.31
37852,Gonorrhea,280.0,Utah,2011.0,Female,25-29 years,25-29,15.0,109158.0,13.74
37853,Gonorrhea,280.0,Utah,2011.0,Female,30-34 years,30-34,6.0,109418.0,5.48
37854,Gonorrhea,280.0,Utah,2011.0,Female,35-39 years,35-39,6.0,89576.0,6.7
37855,Gonorrhea,280.0,Utah,2011.0,Female,40+ years,40+,2.0,502549.0,0.4
37856,Gonorrhea,280.0,Utah,2012.0,Female,0-14 years,0-14,3.0,367289.0,0.82
37857,Gonorrhea,280.0,Utah,2012.0,Female,15-19 years,15-19,16.0,107266.0,14.92
37858,Gonorrhea,280.0,Utah,2012.0,Female,20-24 years,20-24,43.0,119095.0,36.11
37859,Gonorrhea,280.0,Utah,2012.0,Female,25-29 years,25-29,23.0,107108.0,21.47
37860,Gonorrhea,280.0,Utah,2012.0,Female,30-34 years,30-34,24.0,111266.0,21.57
37861,Gonorrhea,280.0,Utah,2012.0,Female,35-39 years,35-39,11.0,93648.0,11.75
37862,Gonorrhea,280.0,Utah,2012.0,Female,40+ years,40+,12.0,513755.0,2.34
37863,Gonorrhea,280.0,Utah,2013.0,Female,0-14 years,0-14,1.0,369755.0,0.27
37864,Gonorrhea,280.0,Utah,2013.0,Female,15-19 years,15-19,50.0,109556.0,45.64
37865,Gonorrhea,280.0,Utah,2013.0,Female,20-24 years,20-24,115.0,120676.0,95.3
37866,Gonorrhea,280.0,Utah,2013.0,Female,25-29 years,25-29,82.0,105301.0,77.87
37867,Gonorrhea,280.0,Utah,2013.0,Female,30-34 years,30-34,57.0,111530.0,51.11
37868,Gonorrhea,280.0,Utah,2013.0,Female,35-39 years,35-39,35.0,98656.0,35.48
37869,Gonorrhea,280.0,Utah,2013.0,Female,40+ years,40+,33.0,526417.0,6.27
37870,Gonorrhea,280.0,Utah,2014.0,Female,0-14 years,0-14,6.0,369755.0,1.62
37871,Gonorrhea,280.0,Utah,2014.0,Female,15-19 years,15-19,88.0,109556.0,80.32
37872,Gonorrhea,280.0,Utah,2014.0,Female,20-24 years,20-24,166.0,120676.0,137.56
37873,Gonorrhea,280.0,Utah,2014.0,Female,25-29 years,25-29,119.0,105301.0,113.01
37874,Gonorrhea,280.0,Utah,2014.0,Female,30-34 years,30-34,102.0,111530.0,91.46
37875,Gonorrhea,280.0,Utah,2014.0,Female,35-39 years,35-39,52.0,98656.0,52.71
37876,Gonorrhea,280.0,Utah,2014.0,Female,40+ years,40+,32.0,526417.0,6.08
37877,Gonorrhea,280.0,Vermont,1996.0,Female,0-14 years,0-14,2.0,61226.0,3.27
37878,Gonorrhea,280.0,Vermont,1996.0,Female,15-19 years,15-19,7.0,20343.0,34.41
37879,Gonorrhea,280.0,Vermont,1996.0,Female,20-24 years,20-24,8.0,18284.0,43.75
37880,Gonorrhea,280.0,Vermont,1996.0,Female,25-29 years,25-29,2.0,20570.0,9.72
37881,Gonorrhea,280.0,Vermont,1996.0,Female,30-34 years,30-34,1.0,21387.0,4.68
37882,Gonorrhea,280.0,Vermont,1996.0,Female,40+ years,40+,3.0,134433.0,2.23
37883,Gonorrhea,280.0,Vermont,1997.0,Female,0-14 years,0-14,1.0,60185.0,1.66
37884,Gonorrhea,280.0,Vermont,1997.0,Female,15-19 years,15-19,16.0,20979.0,76.27
37885,Gonorrhea,280.0,Vermont,1997.0,Female,20-24 years,20-24,10.0,17691.0,56.53
37886,Gonorrhea,280.0,Vermont,1997.0,Female,25-29 years,25-29,3.0,20552.0,14.6
37887,Gonorrhea,280.0,Vermont,1997.0,Female,30-34 years,30-34,1.0,20591.0,4.86
37888,Gonorrhea,280.0,Vermont,1997.0,Female,35-39 years,35-39,1.0,26409.0,3.79
37889,Gonorrhea,280.0,Vermont,1998.0,Female,15-19 years,15-19,12.0,21576.0,55.62
37890,Gonorrhea,280.0,Vermont,1998.0,Female,20-24 years,20-24,3.0,17784.0,16.87
37891,Gonorrhea,280.0,Vermont,1998.0,Female,25-29 years,25-29,3.0,19627.0,15.29
37892,Gonorrhea,280.0,Vermont,1998.0,Female,30-34 years,30-34,3.0,20247.0,14.82
37893,Gonorrhea,280.0,Vermont,1998.0,Female,35-39 years,35-39,1.0,25990.0,3.85
37894,Gonorrhea,280.0,Vermont,1999.0,Female,0-14 years,0-14,1.0,58892.0,1.7
37895,Gonorrhea,280.0,Vermont,1999.0,Female,15-19 years,15-19,6.0,21953.0,27.33
37896,Gonorrhea,280.0,Vermont,1999.0,Female,20-24 years,20-24,12.0,18093.0,66.32
37897,Gonorrhea,280.0,Vermont,1999.0,Female,25-29 years,25-29,1.0,18216.0,5.49
37898,Gonorrhea,280.0,Vermont,1999.0,Female,35-39 years,35-39,2.0,25623.0,7.81
37899,Gonorrhea,280.0,Vermont,2000.0,Female,15-19 years,15-19,11.0,22046.0,49.9
37900,Gonorrhea,280.0,Vermont,2000.0,Female,20-24 years,20-24,13.0,19044.0,68.26
37901,Gonorrhea,280.0,Vermont,2000.0,Female,25-29 years,25-29,7.0,17102.0,40.93
37902,Gonorrhea,280.0,Vermont,2000.0,Female,30-34 years,30-34,1.0,20800.0,4.81
37903,Gonorrhea,280.0,Vermont,2000.0,Female,35-39 years,35-39,1.0,25334.0,3.95
37904,Gonorrhea,280.0,Vermont,2001.0,Female,15-19 years,15-19,22.0,21942.0,100.26
37905,Gonorrhea,280.0,Vermont,2001.0,Female,20-24 years,20-24,12.0,20386.0,58.86
37906,Gonorrhea,280.0,Vermont,2001.0,Female,25-29 years,25-29,3.0,16522.0,18.16
37907,Gonorrhea,280.0,Vermont,2001.0,Female,30-34 years,30-34,2.0,20443.0,9.78
37908,Gonorrhea,280.0,Vermont,2001.0,Female,35-39 years,35-39,2.0,24618.0,8.12
37909,Gonorrhea,280.0,Vermont,2001.0,Female,40+ years,40+,1.0,153002.0,0.65
37910,Gonorrhea,280.0,Vermont,2002.0,Female,15-19 years,15-19,20.0,22063.0,90.65
37911,Gonorrhea,280.0,Vermont,2002.0,Female,20-24 years,20-24,21.0,21385.0,98.2
37912,Gonorrhea,280.0,Vermont,2002.0,Female,25-29 years,25-29,7.0,16293.0,42.96
37913,Gonorrhea,280.0,Vermont,2002.0,Female,30-34 years,30-34,4.0,20022.0,19.98
37914,Gonorrhea,280.0,Vermont,2002.0,Female,35-39 years,35-39,1.0,23818.0,4.2
37915,Gonorrhea,280.0,Vermont,2002.0,Female,40+ years,40+,3.0,156102.0,1.92
37916,Gonorrhea,280.0,Vermont,2003.0,Female,15-19 years,15-19,18.0,22119.0,81.38
37917,Gonorrhea,280.0,Vermont,2003.0,Female,20-24 years,20-24,22.0,22118.0,99.47
37918,Gonorrhea,280.0,Vermont,2003.0,Female,25-29 years,25-29,3.0,16479.0,18.2
37919,Gonorrhea,280.0,Vermont,2003.0,Female,30-34 years,30-34,2.0,18749.0,10.67
37920,Gonorrhea,280.0,Vermont,2003.0,Female,35-39 years,35-39,1.0,22692.0,4.41
37921,Gonorrhea,280.0,Vermont,2003.0,Female,40+ years,40+,2.0,159343.0,1.26
37922,Gonorrhea,280.0,Vermont,2004.0,Female,15-19 years,15-19,21.0,22108.0,94.99
37923,Gonorrhea,280.0,Vermont,2004.0,Female,20-24 years,20-24,20.0,21301.0,93.89
37924,Gonorrhea,280.0,Vermont,2004.0,Female,25-29 years,25-29,5.0,16882.0,29.62
37925,Gonorrhea,280.0,Vermont,2004.0,Female,30-34 years,30-34,2.0,17680.0,11.31
37926,Gonorrhea,280.0,Vermont,2004.0,Female,35-39 years,35-39,2.0,21843.0,9.16
37927,Gonorrhea,280.0,Vermont,2004.0,Female,40+ years,40+,3.0,163621.0,1.83
37928,Gonorrhea,280.0,Vermont,2005.0,Female,15-19 years,15-19,4.0,22204.0,18.01
37929,Gonorrhea,280.0,Vermont,2005.0,Female,20-24 years,20-24,13.0,22053.0,58.95
37930,Gonorrhea,280.0,Vermont,2005.0,Female,25-29 years,25-29,5.0,18306.0,27.31
37931,Gonorrhea,280.0,Vermont,2005.0,Female,30-34 years,30-34,3.0,17052.0,17.59
37932,Gonorrhea,280.0,Vermont,2005.0,Female,40+ years,40+,1.0,164107.0,0.61
37933,Gonorrhea,280.0,Vermont,2006.0,Female,15-19 years,15-19,7.0,22497.0,31.12
37934,Gonorrhea,280.0,Vermont,2006.0,Female,20-24 years,20-24,21.0,20835.0,100.79
37935,Gonorrhea,280.0,Vermont,2006.0,Female,25-29 years,25-29,6.0,17805.0,33.7
37936,Gonorrhea,280.0,Vermont,2006.0,Female,30-34 years,30-34,3.0,17386.0,17.26
37937,Gonorrhea,280.0,Vermont,2006.0,Female,40+ years,40+,2.0,165275.0,1.21
37938,Gonorrhea,280.0,Vermont,2007.0,Female,15-19 years,15-19,8.0,22331.0,35.82
37939,Gonorrhea,280.0,Vermont,2007.0,Female,20-24 years,20-24,12.0,20599.0,58.26
37940,Gonorrhea,280.0,Vermont,2007.0,Female,25-29 years,25-29,2.0,17576.0,11.38
37941,Gonorrhea,280.0,Vermont,2007.0,Female,30-34 years,30-34,4.0,17318.0,23.1
37942,Gonorrhea,280.0,Vermont,2007.0,Female,35-39 years,35-39,2.0,20597.0,9.71
37943,Gonorrhea,280.0,Vermont,2007.0,Female,40+ years,40+,2.0,166160.0,1.2
37944,Gonorrhea,280.0,Vermont,2008.0,Female,15-19 years,15-19,3.0,22160.0,13.54
37945,Gonorrhea,280.0,Vermont,2008.0,Female,20-24 years,20-24,10.0,20471.0,48.85
37946,Gonorrhea,280.0,Vermont,2008.0,Female,25-29 years,25-29,5.0,18101.0,27.62
37947,Gonorrhea,280.0,Vermont,2008.0,Female,35-39 years,35-39,1.0,19906.0,5.02
37948,Gonorrhea,280.0,Vermont,2009.0,Female,15-19 years,15-19,13.0,22539.0,57.68
37949,Gonorrhea,280.0,Vermont,2009.0,Female,20-24 years,20-24,7.0,23102.0,30.3
37950,Gonorrhea,280.0,Vermont,2009.0,Female,25-29 years,25-29,4.0,17913.0,22.33
37951,Gonorrhea,280.0,Vermont,2009.0,Female,30-34 years,30-34,3.0,16246.0,18.47
37952,Gonorrhea,280.0,Vermont,2009.0,Female,35-39 years,35-39,2.0,18779.0,10.65
37953,Gonorrhea,280.0,Vermont,2010.0,Female,15-19 years,15-19,9.0,22353.0,40.26
37954,Gonorrhea,280.0,Vermont,2010.0,Female,20-24 years,20-24,9.0,21169.0,42.52
37955,Gonorrhea,280.0,Vermont,2010.0,Female,25-29 years,25-29,5.0,17728.0,28.2
37956,Gonorrhea,280.0,Vermont,2010.0,Female,35-39 years,35-39,1.0,18376.0,5.44
37957,Gonorrhea,280.0,Vermont,2011.0,Female,15-19 years,15-19,8.0,22344.0,35.8
37958,Gonorrhea,280.0,Vermont,2011.0,Female,20-24 years,20-24,8.0,21233.0,37.68
37959,Gonorrhea,280.0,Vermont,2011.0,Female,25-29 years,25-29,4.0,17649.0,22.66
37960,Gonorrhea,280.0,Vermont,2011.0,Female,30-34 years,30-34,2.0,17749.0,11.27
37961,Gonorrhea,280.0,Vermont,2011.0,Female,35-39 years,35-39,2.0,17282.0,11.57
37962,Gonorrhea,280.0,Vermont,2012.0,Female,15-19 years,15-19,6.0,22110.0,27.14
37963,Gonorrhea,280.0,Vermont,2012.0,Female,20-24 years,20-24,18.0,21325.0,84.41
37964,Gonorrhea,280.0,Vermont,2012.0,Female,25-29 years,25-29,19.0,17636.0,107.73
37965,Gonorrhea,280.0,Vermont,2012.0,Female,30-34 years,30-34,7.0,17930.0,39.04
37966,Gonorrhea,280.0,Vermont,2012.0,Female,35-39 years,35-39,1.0,17023.0,5.87
37967,Gonorrhea,280.0,Vermont,2012.0,Female,40+ years,40+,3.0,172379.0,1.74
37968,Gonorrhea,280.0,Vermont,2013.0,Female,15-19 years,15-19,11.0,21806.0,50.44
37969,Gonorrhea,280.0,Vermont,2013.0,Female,20-24 years,20-24,14.0,21773.0,64.3
37970,Gonorrhea,280.0,Vermont,2013.0,Female,25-29 years,25-29,10.0,17716.0,56.45
37971,Gonorrhea,280.0,Vermont,2013.0,Female,30-34 years,30-34,7.0,18163.0,38.54
37972,Gonorrhea,280.0,Vermont,2013.0,Female,35-39 years,35-39,3.0,17211.0,17.43
37973,Gonorrhea,280.0,Vermont,2013.0,Female,40+ years,40+,1.0,172457.0,0.58
37974,Gonorrhea,280.0,Vermont,2014.0,Female,15-19 years,15-19,4.0,21806.0,18.34
37975,Gonorrhea,280.0,Vermont,2014.0,Female,20-24 years,20-24,13.0,21773.0,59.71
37976,Gonorrhea,280.0,Vermont,2014.0,Female,25-29 years,25-29,12.0,17716.0,67.74
37977,Gonorrhea,280.0,Vermont,2014.0,Female,30-34 years,30-34,3.0,18163.0,16.52
37978,Gonorrhea,280.0,Vermont,2014.0,Female,35-39 years,35-39,1.0,17211.0,5.81
37979,Gonorrhea,280.0,Vermont,2014.0,Female,40+ years,40+,2.0,172457.0,1.16
37980,Gonorrhea,280.0,Virginia,1996.0,Female,0-14 years,0-14,137.0,682148.0,20.08
37981,Gonorrhea,280.0,Virginia,1996.0,Female,15-19 years,15-19,1669.0,218564.0,763.62
37982,Gonorrhea,280.0,Virginia,1996.0,Female,20-24 years,20-24,1270.0,222848.0,569.89
37983,Gonorrhea,280.0,Virginia,1996.0,Female,25-29 years,25-29,639.0,260901.0,244.92
37984,Gonorrhea,280.0,Virginia,1996.0,Female,30-34 years,30-34,407.0,294853.0,138.03
37985,Gonorrhea,280.0,Virginia,1996.0,Female,35-39 years,35-39,160.0,301224.0,53.12
37986,Gonorrhea,280.0,Virginia,1996.0,Female,40+ years,40+,106.0,1462446.0,7.25
37987,Gonorrhea,280.0,Virginia,1996.0,Female,Unknown,99,115.0,,
37988,Gonorrhea,280.0,Virginia,1997.0,Female,0-14 years,0-14,121.0,688089.0,17.58
37989,Gonorrhea,280.0,Virginia,1997.0,Female,15-19 years,15-19,1709.0,224013.0,762.9
37990,Gonorrhea,280.0,Virginia,1997.0,Female,20-24 years,20-24,1268.0,221130.0,573.42
37991,Gonorrhea,280.0,Virginia,1997.0,Female,25-29 years,25-29,541.0,259086.0,208.81
37992,Gonorrhea,280.0,Virginia,1997.0,Female,30-34 years,30-34,330.0,288042.0,114.57
37993,Gonorrhea,280.0,Virginia,1997.0,Female,35-39 years,35-39,162.0,303336.0,53.41
37994,Gonorrhea,280.0,Virginia,1997.0,Female,40+ years,40+,159.0,1500862.0,10.59
37995,Gonorrhea,280.0,Virginia,1998.0,Female,0-14 years,0-14,150.0,697252.0,21.51
37996,Gonorrhea,280.0,Virginia,1998.0,Female,15-19 years,15-19,1871.0,229166.0,816.44
37997,Gonorrhea,280.0,Virginia,1998.0,Female,20-24 years,20-24,1353.0,222052.0,609.32
37998,Gonorrhea,280.0,Virginia,1998.0,Female,25-29 years,25-29,535.0,254495.0,210.22
37999,Gonorrhea,280.0,Virginia,1998.0,Female,30-34 years,30-34,304.0,278975.0,108.97
38000,Gonorrhea,280.0,Virginia,1998.0,Female,35-39 years,35-39,176.0,304280.0,57.84
38001,Gonorrhea,280.0,Virginia,1998.0,Female,40+ years,40+,112.0,1535054.0,7.3
38002,Gonorrhea,280.0,Virginia,1998.0,Female,Unknown,99,42.0,,
38003,Gonorrhea,280.0,Virginia,1999.0,Female,0-14 years,0-14,154.0,704640.0,21.86
38004,Gonorrhea,280.0,Virginia,1999.0,Female,15-19 years,15-19,1766.0,233103.0,757.61
38005,Gonorrhea,280.0,Virginia,1999.0,Female,20-24 years,20-24,1421.0,226652.0,626.95
38006,Gonorrhea,280.0,Virginia,1999.0,Female,25-29 years,25-29,571.0,249866.0,228.52
38007,Gonorrhea,280.0,Virginia,1999.0,Female,30-34 years,30-34,314.0,272539.0,115.21
38008,Gonorrhea,280.0,Virginia,1999.0,Female,35-39 years,35-39,172.0,307074.0,56.01
38009,Gonorrhea,280.0,Virginia,1999.0,Female,40+ years,40+,124.0,1575809.0,7.87
38010,Gonorrhea,280.0,Virginia,1999.0,Female,Unknown,99,44.0,,
38011,Gonorrhea,280.0,Virginia,2000.0,Female,0-14 years,0-14,139.0,715022.0,19.44
38012,Gonorrhea,280.0,Virginia,2000.0,Female,15-19 years,15-19,1838.0,236561.0,776.97
38013,Gonorrhea,280.0,Virginia,2000.0,Female,20-24 years,20-24,1598.0,233385.0,684.71
38014,Gonorrhea,280.0,Virginia,2000.0,Female,25-29 years,25-29,610.0,243577.0,250.43
38015,Gonorrhea,280.0,Virginia,2000.0,Female,30-34 years,30-34,323.0,270366.0,119.47
38016,Gonorrhea,280.0,Virginia,2000.0,Female,35-39 years,35-39,183.0,305921.0,59.82
38017,Gonorrhea,280.0,Virginia,2000.0,Female,40+ years,40+,133.0,1615067.0,8.23
38018,Gonorrhea,280.0,Virginia,2000.0,Female,Unknown,99,32.0,,
38019,Gonorrhea,280.0,Virginia,2001.0,Female,0-14 years,0-14,143.0,719340.0,19.88
38020,Gonorrhea,280.0,Virginia,2001.0,Female,15-19 years,15-19,2082.0,237457.0,876.79
38021,Gonorrhea,280.0,Virginia,2001.0,Female,20-24 years,20-24,1868.0,241049.0,774.95
38022,Gonorrhea,280.0,Virginia,2001.0,Female,25-29 years,25-29,603.0,239770.0,251.49
38023,Gonorrhea,280.0,Virginia,2001.0,Female,30-34 years,30-34,358.0,272923.0,131.17
38024,Gonorrhea,280.0,Virginia,2001.0,Female,35-39 years,35-39,211.0,303054.0,69.62
38025,Gonorrhea,280.0,Virginia,2001.0,Female,40+ years,40+,180.0,1652742.0,10.89
38026,Gonorrhea,280.0,Virginia,2001.0,Female,Unknown,99,40.0,,
38027,Gonorrhea,280.0,Virginia,2002.0,Female,0-14 years,0-14,135.0,725332.0,18.61
38028,Gonorrhea,280.0,Virginia,2002.0,Female,15-19 years,15-19,2055.0,240138.0,855.76
38029,Gonorrhea,280.0,Virginia,2002.0,Female,20-24 years,20-24,1887.0,248508.0,759.33
38030,Gonorrhea,280.0,Virginia,2002.0,Female,25-29 years,25-29,692.0,239341.0,289.13
38031,Gonorrhea,280.0,Virginia,2002.0,Female,30-34 years,30-34,274.0,274700.0,99.75
38032,Gonorrhea,280.0,Virginia,2002.0,Female,35-39 years,35-39,214.0,298132.0,71.78
38033,Gonorrhea,280.0,Virginia,2002.0,Female,40+ years,40+,162.0,1686642.0,9.6
38034,Gonorrhea,280.0,Virginia,2002.0,Female,Unknown,99,26.0,,
38035,Gonorrhea,280.0,Virginia,2003.0,Female,0-14 years,0-14,126.0,731911.0,17.22
38036,Gonorrhea,280.0,Virginia,2003.0,Female,15-19 years,15-19,1753.0,244732.0,716.29
38037,Gonorrhea,280.0,Virginia,2003.0,Female,20-24 years,20-24,1659.0,250963.0,661.05
38038,Gonorrhea,280.0,Virginia,2003.0,Female,25-29 years,25-29,646.0,237631.0,271.85
38039,Gonorrhea,280.0,Virginia,2003.0,Female,30-34 years,30-34,288.0,266454.0,108.09
38040,Gonorrhea,280.0,Virginia,2003.0,Female,35-39 years,35-39,160.0,288145.0,55.53
38041,Gonorrhea,280.0,Virginia,2003.0,Female,40+ years,40+,158.0,1734836.0,9.11
38042,Gonorrhea,280.0,Virginia,2003.0,Female,Unknown,99,19.0,,
38043,Gonorrhea,280.0,Virginia,2004.0,Female,0-14 years,0-14,98.0,732876.0,13.37
38044,Gonorrhea,280.0,Virginia,2004.0,Female,15-19 years,15-19,1671.0,249509.0,669.72
38045,Gonorrhea,280.0,Virginia,2004.0,Female,20-24 years,20-24,1612.0,253308.0,636.38
38046,Gonorrhea,280.0,Virginia,2004.0,Female,25-29 years,25-29,685.0,241198.0,284.0
38047,Gonorrhea,280.0,Virginia,2004.0,Female,30-34 years,30-34,252.0,260964.0,96.56
38048,Gonorrhea,280.0,Virginia,2004.0,Female,35-39 years,35-39,149.0,281003.0,53.02
38049,Gonorrhea,280.0,Virginia,2004.0,Female,40+ years,40+,175.0,1769536.0,9.89
38050,Gonorrhea,280.0,Virginia,2004.0,Female,Unknown,99,8.0,,
38051,Gonorrhea,280.0,Virginia,2005.0,Female,0-14 years,0-14,85.0,738118.0,11.52
38052,Gonorrhea,280.0,Virginia,2005.0,Female,15-19 years,15-19,1569.0,255029.0,615.22
38053,Gonorrhea,280.0,Virginia,2005.0,Female,20-24 years,20-24,1589.0,254457.0,624.47
38054,Gonorrhea,280.0,Virginia,2005.0,Female,25-29 years,25-29,636.0,247864.0,256.59
38055,Gonorrhea,280.0,Virginia,2005.0,Female,30-34 years,30-34,241.0,254972.0,94.52
38056,Gonorrhea,280.0,Virginia,2005.0,Female,35-39 years,35-39,136.0,278702.0,48.8
38057,Gonorrhea,280.0,Virginia,2005.0,Female,40+ years,40+,142.0,1814958.0,7.82
38058,Gonorrhea,280.0,Virginia,2005.0,Female,Unknown,99,4.0,,
38059,Gonorrhea,280.0,Virginia,2006.0,Female,0-14 years,0-14,68.0,728372.0,9.34
38060,Gonorrhea,280.0,Virginia,2006.0,Female,15-19 years,15-19,1170.0,258515.0,452.58
38061,Gonorrhea,280.0,Virginia,2006.0,Female,20-24 years,20-24,1142.0,254172.0,449.3
38062,Gonorrhea,280.0,Virginia,2006.0,Female,25-29 years,25-29,508.0,262561.0,193.48
38063,Gonorrhea,280.0,Virginia,2006.0,Female,30-34 years,30-34,186.0,257385.0,72.27
38064,Gonorrhea,280.0,Virginia,2006.0,Female,35-39 years,35-39,105.0,285025.0,36.84
38065,Gonorrhea,280.0,Virginia,2006.0,Female,40+ years,40+,104.0,1840083.0,5.65
38066,Gonorrhea,280.0,Virginia,2006.0,Female,Unknown,99,4.0,,
38067,Gonorrhea,280.0,Virginia,2007.0,Female,0-14 years,0-14,56.0,738413.0,7.58
38068,Gonorrhea,280.0,Virginia,2007.0,Female,15-19 years,15-19,1190.0,262314.0,453.65
38069,Gonorrhea,280.0,Virginia,2007.0,Female,20-24 years,20-24,1233.0,260043.0,474.15
38070,Gonorrhea,280.0,Virginia,2007.0,Female,25-29 years,25-29,478.0,263661.0,181.29
38071,Gonorrhea,280.0,Virginia,2007.0,Female,30-34 years,30-34,199.0,254069.0,78.33
38072,Gonorrhea,280.0,Virginia,2007.0,Female,35-39 years,35-39,104.0,283282.0,36.71
38073,Gonorrhea,280.0,Virginia,2007.0,Female,40+ years,40+,107.0,1865270.0,5.74
38074,Gonorrhea,280.0,Virginia,2007.0,Female,Unknown,99,2.0,,
38075,Gonorrhea,280.0,Virginia,2008.0,Female,0-14 years,0-14,84.0,739519.0,11.36
38076,Gonorrhea,280.0,Virginia,2008.0,Female,15-19 years,15-19,2014.0,263050.0,765.63
38077,Gonorrhea,280.0,Virginia,2008.0,Female,20-24 years,20-24,2134.0,258876.0,824.33
38078,Gonorrhea,280.0,Virginia,2008.0,Female,25-29 years,25-29,923.0,266668.0,346.12
38079,Gonorrhea,280.0,Virginia,2008.0,Female,30-34 years,30-34,344.0,254925.0,134.94
38080,Gonorrhea,280.0,Virginia,2008.0,Female,35-39 years,35-39,163.0,280249.0,58.16
38081,Gonorrhea,280.0,Virginia,2008.0,Female,40+ years,40+,172.0,1888760.0,9.11
38082,Gonorrhea,280.0,Virginia,2008.0,Female,Unknown,99,13.0,,
38083,Gonorrhea,280.0,Virginia,2009.0,Female,0-14 years,0-14,44.0,752954.0,5.84
38084,Gonorrhea,280.0,Virginia,2009.0,Female,15-19 years,15-19,1611.0,265725.0,606.27
38085,Gonorrhea,280.0,Virginia,2009.0,Female,20-24 years,20-24,1549.0,277691.0,557.81
38086,Gonorrhea,280.0,Virginia,2009.0,Female,25-29 years,25-29,606.0,277556.0,218.33
38087,Gonorrhea,280.0,Virginia,2009.0,Female,30-34 years,30-34,290.0,253444.0,114.42
38088,Gonorrhea,280.0,Virginia,2009.0,Female,35-39 years,35-39,114.0,271666.0,41.96
38089,Gonorrhea,280.0,Virginia,2009.0,Female,40+ years,40+,96.0,1908689.0,5.03
38090,Gonorrhea,280.0,Virginia,2009.0,Female,Unknown,99,4.0,,
38091,Gonorrhea,280.0,Virginia,2010.0,Female,0-14 years,0-14,47.0,750440.0,6.26
38092,Gonorrhea,280.0,Virginia,2010.0,Female,15-19 years,15-19,1428.0,269463.0,529.94
38093,Gonorrhea,280.0,Virginia,2010.0,Female,20-24 years,20-24,1571.0,278050.0,565.01
38094,Gonorrhea,280.0,Virginia,2010.0,Female,25-29 years,25-29,621.0,280372.0,221.49
38095,Gonorrhea,280.0,Virginia,2010.0,Female,30-34 years,30-34,268.0,264423.0,101.35
38096,Gonorrhea,280.0,Virginia,2010.0,Female,35-39 years,35-39,108.0,271926.0,39.72
38097,Gonorrhea,280.0,Virginia,2010.0,Female,40+ years,40+,97.0,1960367.0,4.95
38098,Gonorrhea,280.0,Virginia,2010.0,Female,Unknown,99,6.0,,
38099,Gonorrhea,280.0,Virginia,2011.0,Female,0-14 years,0-14,34.0,753854.0,4.51
38100,Gonorrhea,280.0,Virginia,2011.0,Female,15-19 years,15-19,1281.0,265862.0,481.83
38101,Gonorrhea,280.0,Virginia,2011.0,Female,20-24 years,20-24,1448.0,283109.0,511.46
38102,Gonorrhea,280.0,Virginia,2011.0,Female,25-29 years,25-29,550.0,283781.0,193.81
38103,Gonorrhea,280.0,Virginia,2011.0,Female,30-34 years,30-34,207.0,273711.0,75.63
38104,Gonorrhea,280.0,Virginia,2011.0,Female,35-39 years,35-39,70.0,263072.0,26.61
38105,Gonorrhea,280.0,Virginia,2011.0,Female,40+ years,40+,102.0,1997050.0,5.11
38106,Gonorrhea,280.0,Virginia,2011.0,Female,Unknown,99,1.0,,
38107,Gonorrhea,280.0,Virginia,2012.0,Female,0-14 years,0-14,39.0,757008.0,5.15
38108,Gonorrhea,280.0,Virginia,2012.0,Female,15-19 years,15-19,1165.0,265240.0,439.23
38109,Gonorrhea,280.0,Virginia,2012.0,Female,20-24 years,20-24,1491.0,287460.0,518.68
38110,Gonorrhea,280.0,Virginia,2012.0,Female,25-29 years,25-29,591.0,286367.0,206.38
38111,Gonorrhea,280.0,Virginia,2012.0,Female,30-34 years,30-34,248.0,280865.0,88.3
38112,Gonorrhea,280.0,Virginia,2012.0,Female,35-39 years,35-39,88.0,262174.0,33.57
38113,Gonorrhea,280.0,Virginia,2012.0,Female,40+ years,40+,110.0,2025228.0,5.43
38114,Gonorrhea,280.0,Virginia,2012.0,Female,Unknown,99,2.0,,
38115,Gonorrhea,280.0,Virginia,2013.0,Female,0-14 years,0-14,31.0,761687.0,4.07
38116,Gonorrhea,280.0,Virginia,2013.0,Female,15-19 years,15-19,1017.0,263763.0,385.57
38117,Gonorrhea,280.0,Virginia,2013.0,Female,20-24 years,20-24,1485.0,290690.0,510.85
38118,Gonorrhea,280.0,Virginia,2013.0,Female,25-29 years,25-29,610.0,286838.0,212.66
38119,Gonorrhea,280.0,Virginia,2013.0,Female,30-34 years,30-34,299.0,286877.0,104.23
38120,Gonorrhea,280.0,Virginia,2013.0,Female,35-39 years,35-39,118.0,263154.0,44.84
38121,Gonorrhea,280.0,Virginia,2013.0,Female,40+ years,40+,112.0,2045194.0,5.48
38122,Gonorrhea,280.0,Virginia,2013.0,Female,Unknown,99,6.0,,
38123,Gonorrhea,280.0,Virginia,2014.0,Female,0-14 years,0-14,44.0,761687.0,5.78
38124,Gonorrhea,280.0,Virginia,2014.0,Female,15-19 years,15-19,1170.0,263763.0,443.58
38125,Gonorrhea,280.0,Virginia,2014.0,Female,20-24 years,20-24,1744.0,290690.0,599.95
38126,Gonorrhea,280.0,Virginia,2014.0,Female,25-29 years,25-29,754.0,286838.0,262.87
38127,Gonorrhea,280.0,Virginia,2014.0,Female,30-34 years,30-34,338.0,286877.0,117.82
38128,Gonorrhea,280.0,Virginia,2014.0,Female,35-39 years,35-39,149.0,263154.0,56.62
38129,Gonorrhea,280.0,Virginia,2014.0,Female,40+ years,40+,162.0,2045194.0,7.92
38130,Gonorrhea,280.0,Washington,1996.0,Female,0-14 years,0-14,72.0,589141.0,12.22
38131,Gonorrhea,280.0,Washington,1996.0,Female,15-19 years,15-19,374.0,188685.0,198.21
38132,Gonorrhea,280.0,Washington,1996.0,Female,20-24 years,20-24,272.0,169421.0,160.55
38133,Gonorrhea,280.0,Washington,1996.0,Female,25-29 years,25-29,101.0,195066.0,51.78
38134,Gonorrhea,280.0,Washington,1996.0,Female,30-34 years,30-34,54.0,229590.0,23.52
38135,Gonorrhea,280.0,Washington,1996.0,Female,35-39 years,35-39,29.0,245642.0,11.81
38136,Gonorrhea,280.0,Washington,1996.0,Female,40+ years,40+,27.0,1181939.0,2.28
38137,Gonorrhea,280.0,Washington,1997.0,Female,0-14 years,0-14,23.0,595885.0,3.86
38138,Gonorrhea,280.0,Washington,1997.0,Female,15-19 years,15-19,416.0,195922.0,212.33
38139,Gonorrhea,280.0,Washington,1997.0,Female,20-24 years,20-24,268.0,173987.0,154.03
38140,Gonorrhea,280.0,Washington,1997.0,Female,25-29 years,25-29,117.0,196668.0,59.49
38141,Gonorrhea,280.0,Washington,1997.0,Female,30-34 years,30-34,60.0,224298.0,26.75
38142,Gonorrhea,280.0,Washington,1997.0,Female,35-39 years,35-39,26.0,246501.0,10.55
38143,Gonorrhea,280.0,Washington,1997.0,Female,40+ years,40+,33.0,1217806.0,2.71
38144,Gonorrhea,280.0,Washington,1997.0,Female,Unknown,99,22.0,,
38145,Gonorrhea,280.0,Washington,1998.0,Female,0-14 years,0-14,30.0,603605.0,4.97
38146,Gonorrhea,280.0,Washington,1998.0,Female,15-19 years,15-19,309.0,202492.0,152.6
38147,Gonorrhea,280.0,Washington,1998.0,Female,20-24 years,20-24,285.0,179075.0,159.15
38148,Gonorrhea,280.0,Washington,1998.0,Female,25-29 years,25-29,99.0,197444.0,50.14
38149,Gonorrhea,280.0,Washington,1998.0,Female,30-34 years,30-34,62.0,219139.0,28.29
38150,Gonorrhea,280.0,Washington,1998.0,Female,35-39 years,35-39,26.0,245989.0,10.57
38151,Gonorrhea,280.0,Washington,1998.0,Female,40+ years,40+,27.0,1251829.0,2.16
38152,Gonorrhea,280.0,Washington,1998.0,Female,Unknown,99,25.0,,
38153,Gonorrhea,280.0,Washington,1999.0,Female,0-14 years,0-14,28.0,609112.0,4.6
38154,Gonorrhea,280.0,Washington,1999.0,Female,15-19 years,15-19,387.0,205963.0,187.9
38155,Gonorrhea,280.0,Washington,1999.0,Female,20-24 years,20-24,293.0,184768.0,158.58
38156,Gonorrhea,280.0,Washington,1999.0,Female,25-29 years,25-29,136.0,196827.0,69.1
38157,Gonorrhea,280.0,Washington,1999.0,Female,30-34 years,30-34,66.0,215109.0,30.68
38158,Gonorrhea,280.0,Washington,1999.0,Female,35-39 years,35-39,52.0,243413.0,21.36
38159,Gonorrhea,280.0,Washington,1999.0,Female,40+ years,40+,29.0,1279709.0,2.27
38160,Gonorrhea,280.0,Washington,1999.0,Female,Unknown,99,18.0,,
38161,Gonorrhea,280.0,Washington,2000.0,Female,0-14 years,0-14,23.0,610814.0,3.77
38162,Gonorrhea,280.0,Washington,2000.0,Female,15-19 years,15-19,367.0,208102.0,176.36
38163,Gonorrhea,280.0,Washington,2000.0,Female,20-24 years,20-24,335.0,191000.0,175.39
38164,Gonorrhea,280.0,Washington,2000.0,Female,25-29 years,25-29,147.0,195512.0,75.19
38165,Gonorrhea,280.0,Washington,2000.0,Female,30-34 years,30-34,94.0,215584.0,43.6
38166,Gonorrhea,280.0,Washington,2000.0,Female,35-39 years,35-39,56.0,238745.0,23.46
38167,Gonorrhea,280.0,Washington,2000.0,Female,40+ years,40+,46.0,1308577.0,3.52
38168,Gonorrhea,280.0,Washington,2000.0,Female,Unknown,99,10.0,,
38169,Gonorrhea,280.0,Washington,2001.0,Female,0-14 years,0-14,32.0,608620.0,5.26
38170,Gonorrhea,280.0,Washington,2001.0,Female,15-19 years,15-19,444.0,211067.0,210.36
38171,Gonorrhea,280.0,Washington,2001.0,Female,20-24 years,20-24,416.0,197580.0,210.55
38172,Gonorrhea,280.0,Washington,2001.0,Female,25-29 years,25-29,175.0,193734.0,90.33
38173,Gonorrhea,280.0,Washington,2001.0,Female,30-34 years,30-34,106.0,220645.0,48.04
38174,Gonorrhea,280.0,Washington,2001.0,Female,35-39 years,35-39,59.0,235483.0,25.05
38175,Gonorrhea,280.0,Washington,2001.0,Female,40+ years,40+,56.0,1341912.0,4.17
38176,Gonorrhea,280.0,Washington,2001.0,Female,Unknown,99,13.0,,
38177,Gonorrhea,280.0,Washington,2002.0,Female,0-14 years,0-14,28.0,609082.0,4.6
38178,Gonorrhea,280.0,Washington,2002.0,Female,15-19 years,15-19,396.0,213161.0,185.78
38179,Gonorrhea,280.0,Washington,2002.0,Female,20-24 years,20-24,393.0,201712.0,194.83
38180,Gonorrhea,280.0,Washington,2002.0,Female,25-29 years,25-29,168.0,193245.0,86.94
38181,Gonorrhea,280.0,Washington,2002.0,Female,30-34 years,30-34,74.0,223070.0,33.17
38182,Gonorrhea,280.0,Washington,2002.0,Female,35-39 years,35-39,66.0,231116.0,28.56
38183,Gonorrhea,280.0,Washington,2002.0,Female,40+ years,40+,68.0,1374554.0,4.95
38184,Gonorrhea,280.0,Washington,2002.0,Female,Unknown,99,4.0,,
38185,Gonorrhea,280.0,Washington,2003.0,Female,0-14 years,0-14,35.0,601593.0,5.82
38186,Gonorrhea,280.0,Washington,2003.0,Female,15-19 years,15-19,356.0,213619.0,166.65
38187,Gonorrhea,280.0,Washington,2003.0,Female,20-24 years,20-24,370.0,211173.0,175.21
38188,Gonorrhea,280.0,Washington,2003.0,Female,25-29 years,25-29,162.0,197158.0,82.17
38189,Gonorrhea,280.0,Washington,2003.0,Female,30-34 years,30-34,115.0,219350.0,52.43
38190,Gonorrhea,280.0,Washington,2003.0,Female,35-39 years,35-39,48.0,225804.0,21.26
38191,Gonorrhea,280.0,Washington,2003.0,Female,40+ years,40+,64.0,1405685.0,4.55
38192,Gonorrhea,280.0,Washington,2003.0,Female,Unknown,99,17.0,,
38193,Gonorrhea,280.0,Washington,2004.0,Female,0-14 years,0-14,30.0,596116.0,5.03
38194,Gonorrhea,280.0,Washington,2004.0,Female,15-19 years,15-19,422.0,215324.0,195.98
38195,Gonorrhea,280.0,Washington,2004.0,Female,20-24 years,20-24,351.0,217375.0,161.47
38196,Gonorrhea,280.0,Washington,2004.0,Female,25-29 years,25-29,189.0,202016.0,93.56
38197,Gonorrhea,280.0,Washington,2004.0,Female,30-34 years,30-34,93.0,217053.0,42.85
38198,Gonorrhea,280.0,Washington,2004.0,Female,35-39 years,35-39,56.0,224246.0,24.97
38199,Gonorrhea,280.0,Washington,2004.0,Female,40+ years,40+,79.0,1437187.0,5.5
38200,Gonorrhea,280.0,Washington,2004.0,Female,Unknown,99,9.0,,
38201,Gonorrhea,280.0,Washington,2005.0,Female,0-14 years,0-14,32.0,593308.0,5.39
38202,Gonorrhea,280.0,Washington,2005.0,Female,15-19 years,15-19,518.0,217015.0,238.69
38203,Gonorrhea,280.0,Washington,2005.0,Female,20-24 years,20-24,541.0,221350.0,244.41
38204,Gonorrhea,280.0,Washington,2005.0,Female,25-29 years,25-29,226.0,208493.0,108.4
38205,Gonorrhea,280.0,Washington,2005.0,Female,30-34 years,30-34,139.0,212808.0,65.32
38206,Gonorrhea,280.0,Washington,2005.0,Female,35-39 years,35-39,75.0,226481.0,33.12
38207,Gonorrhea,280.0,Washington,2005.0,Female,40+ years,40+,79.0,1469325.0,5.38
38208,Gonorrhea,280.0,Washington,2005.0,Female,Unknown,99,12.0,,
38209,Gonorrhea,280.0,Washington,2006.0,Female,0-14 years,0-14,33.0,609311.0,5.42
38210,Gonorrhea,280.0,Washington,2006.0,Female,15-19 years,15-19,553.0,212751.0,259.93
38211,Gonorrhea,280.0,Washington,2006.0,Female,20-24 years,20-24,612.0,211399.0,289.5
38212,Gonorrhea,280.0,Washington,2006.0,Female,25-29 years,25-29,301.0,229336.0,131.25
38213,Gonorrhea,280.0,Washington,2006.0,Female,30-34 years,30-34,171.0,210296.0,81.31
38214,Gonorrhea,280.0,Washington,2006.0,Female,35-39 years,35-39,107.0,228864.0,46.75
38215,Gonorrhea,280.0,Washington,2006.0,Female,40+ years,40+,141.0,1504211.0,9.37
38216,Gonorrhea,280.0,Washington,2006.0,Female,Unknown,99,20.0,,
38217,Gonorrhea,280.0,Washington,2007.0,Female,0-14 years,0-14,41.0,615329.0,6.66
38218,Gonorrhea,280.0,Washington,2007.0,Female,15-19 years,15-19,569.0,213688.0,266.28
38219,Gonorrhea,280.0,Washington,2007.0,Female,20-24 years,20-24,615.0,207074.0,297.0
38220,Gonorrhea,280.0,Washington,2007.0,Female,25-29 years,25-29,283.0,234350.0,120.76
38221,Gonorrhea,280.0,Washington,2007.0,Female,30-34 years,30-34,142.0,210391.0,67.49
38222,Gonorrhea,280.0,Washington,2007.0,Female,35-39 years,35-39,88.0,229741.0,38.3
38223,Gonorrhea,280.0,Washington,2007.0,Female,40+ years,40+,99.0,1534925.0,6.45
38224,Gonorrhea,280.0,Washington,2007.0,Female,Unknown,99,21.0,,
38225,Gonorrhea,280.0,Washington,2008.0,Female,0-14 years,0-14,31.0,619945.0,5.0
38226,Gonorrhea,280.0,Washington,2008.0,Female,15-19 years,15-19,477.0,213396.0,223.53
38227,Gonorrhea,280.0,Washington,2008.0,Female,20-24 years,20-24,503.0,209371.0,240.24
38228,Gonorrhea,280.0,Washington,2008.0,Female,25-29 years,25-29,259.0,236546.0,109.49
38229,Gonorrhea,280.0,Washington,2008.0,Female,30-34 years,30-34,113.0,213485.0,52.93
38230,Gonorrhea,280.0,Washington,2008.0,Female,35-39 years,35-39,61.0,227786.0,26.78
38231,Gonorrhea,280.0,Washington,2008.0,Female,40+ years,40+,74.0,1558770.0,4.75
38232,Gonorrhea,280.0,Washington,2008.0,Female,Unknown,99,4.0,,
38233,Gonorrhea,280.0,Washington,2009.0,Female,0-14 years,0-14,15.0,636683.0,2.36
38234,Gonorrhea,280.0,Washington,2009.0,Female,15-19 years,15-19,277.0,215016.0,128.83
38235,Gonorrhea,280.0,Washington,2009.0,Female,20-24 years,20-24,375.0,222591.0,168.47
38236,Gonorrhea,280.0,Washington,2009.0,Female,25-29 years,25-29,158.0,243181.0,64.97
38237,Gonorrhea,280.0,Washington,2009.0,Female,30-34 years,30-34,56.0,218462.0,25.63
38238,Gonorrhea,280.0,Washington,2009.0,Female,35-39 years,35-39,29.0,221787.0,13.08
38239,Gonorrhea,280.0,Washington,2009.0,Female,40+ years,40+,38.0,1577522.0,2.41
38240,Gonorrhea,280.0,Washington,2009.0,Female,Unknown,99,1.0,,
38241,Gonorrhea,280.0,Washington,2010.0,Female,0-14 years,0-14,10.0,638260.0,1.57
38242,Gonorrhea,280.0,Washington,2010.0,Female,15-19 years,15-19,299.0,224551.0,133.16
38243,Gonorrhea,280.0,Washington,2010.0,Female,20-24 years,20-24,348.0,223381.0,155.79
38244,Gonorrhea,280.0,Washington,2010.0,Female,25-29 years,25-29,178.0,235384.0,75.62
38245,Gonorrhea,280.0,Washington,2010.0,Female,30-34 years,30-34,85.0,223520.0,38.03
38246,Gonorrhea,280.0,Washington,2010.0,Female,35-39 years,35-39,43.0,221757.0,19.39
38247,Gonorrhea,280.0,Washington,2010.0,Female,40+ years,40+,81.0,1607980.0,5.04
38248,Gonorrhea,280.0,Washington,2011.0,Female,0-14 years,0-14,9.0,641599.0,1.4
38249,Gonorrhea,280.0,Washington,2011.0,Female,15-19 years,15-19,283.0,217556.0,130.08
38250,Gonorrhea,280.0,Washington,2011.0,Female,20-24 years,20-24,378.0,232115.0,162.85
38251,Gonorrhea,280.0,Washington,2011.0,Female,25-29 years,25-29,195.0,238093.0,81.9
38252,Gonorrhea,280.0,Washington,2011.0,Female,30-34 years,30-34,95.0,231520.0,41.03
38253,Gonorrhea,280.0,Washington,2011.0,Female,35-39 years,35-39,47.0,216088.0,21.75
38254,Gonorrhea,280.0,Washington,2011.0,Female,40+ years,40+,59.0,1643385.0,3.59
38255,Gonorrhea,280.0,Washington,2012.0,Female,0-14 years,0-14,9.0,644154.0,1.4
38256,Gonorrhea,280.0,Washington,2012.0,Female,15-19 years,15-19,295.0,214478.0,137.54
38257,Gonorrhea,280.0,Washington,2012.0,Female,20-24 years,20-24,436.0,236674.0,184.22
38258,Gonorrhea,280.0,Washington,2012.0,Female,25-29 years,25-29,244.0,238802.0,102.18
38259,Gonorrhea,280.0,Washington,2012.0,Female,30-34 years,30-34,109.0,237696.0,45.86
38260,Gonorrhea,280.0,Washington,2012.0,Female,35-39 years,35-39,64.0,217116.0,29.48
38261,Gonorrhea,280.0,Washington,2012.0,Female,40+ years,40+,71.0,1666542.0,4.26
38262,Gonorrhea,280.0,Washington,2012.0,Female,Unknown,99,2.0,,
38263,Gonorrhea,280.0,Washington,2013.0,Female,0-14 years,0-14,8.0,649167.0,1.23
38264,Gonorrhea,280.0,Washington,2013.0,Female,15-19 years,15-19,288.0,213899.0,134.64
38265,Gonorrhea,280.0,Washington,2013.0,Female,20-24 years,20-24,601.0,236018.0,254.64
38266,Gonorrhea,280.0,Washington,2013.0,Female,25-29 years,25-29,387.0,240810.0,160.71
38267,Gonorrhea,280.0,Washington,2013.0,Female,30-34 years,30-34,189.0,243085.0,77.75
38268,Gonorrhea,280.0,Washington,2013.0,Female,35-39 years,35-39,115.0,220372.0,52.18
38269,Gonorrhea,280.0,Washington,2013.0,Female,40+ years,40+,116.0,1685385.0,6.88
38270,Gonorrhea,280.0,Washington,2014.0,Female,0-14 years,0-14,31.0,649167.0,4.78
38271,Gonorrhea,280.0,Washington,2014.0,Female,15-19 years,15-19,436.0,213899.0,203.84
38272,Gonorrhea,280.0,Washington,2014.0,Female,20-24 years,20-24,792.0,236018.0,335.57
38273,Gonorrhea,280.0,Washington,2014.0,Female,25-29 years,25-29,582.0,240810.0,241.68
38274,Gonorrhea,280.0,Washington,2014.0,Female,30-34 years,30-34,333.0,243085.0,136.99
38275,Gonorrhea,280.0,Washington,2014.0,Female,35-39 years,35-39,163.0,220372.0,73.97
38276,Gonorrhea,280.0,Washington,2014.0,Female,40+ years,40+,167.0,1685385.0,9.91
38277,Gonorrhea,280.0,West Virginia,1996.0,Female,0-14 years,0-14,14.0,165323.0,8.47
38278,Gonorrhea,280.0,West Virginia,1996.0,Female,15-19 years,15-19,166.0,67666.0,245.32
38279,Gonorrhea,280.0,West Virginia,1996.0,Female,20-24 years,20-24,130.0,63414.0,205.0
38280,Gonorrhea,280.0,West Virginia,1996.0,Female,25-29 years,25-29,37.0,58224.0,63.55
38281,Gonorrhea,280.0,West Virginia,1996.0,Female,30-34 years,30-34,26.0,60104.0,43.26
38282,Gonorrhea,280.0,West Virginia,1996.0,Female,35-39 years,35-39,11.0,72448.0,15.18
38283,Gonorrhea,280.0,West Virginia,1996.0,Female,40+ years,40+,6.0,453238.0,1.32
38284,Gonorrhea,280.0,West Virginia,1996.0,Female,Unknown,99,5.0,,
38285,Gonorrhea,280.0,West Virginia,1997.0,Female,0-14 years,0-14,14.0,163864.0,8.54
38286,Gonorrhea,280.0,West Virginia,1997.0,Female,15-19 years,15-19,190.0,66497.0,285.73
38287,Gonorrhea,280.0,West Virginia,1997.0,Female,20-24 years,20-24,180.0,61911.0,290.74
38288,Gonorrhea,280.0,West Virginia,1997.0,Female,25-29 years,25-29,75.0,59065.0,126.98
38289,Gonorrhea,280.0,West Virginia,1997.0,Female,30-34 years,30-34,29.0,58396.0,49.66
38290,Gonorrhea,280.0,West Virginia,1997.0,Female,35-39 years,35-39,16.0,70554.0,22.68
38291,Gonorrhea,280.0,West Virginia,1997.0,Female,40+ years,40+,8.0,457240.0,1.75
38292,Gonorrhea,280.0,West Virginia,1998.0,Female,0-14 years,0-14,12.0,162692.0,7.38
38293,Gonorrhea,280.0,West Virginia,1998.0,Female,15-19 years,15-19,200.0,64999.0,307.7
38294,Gonorrhea,280.0,West Virginia,1998.0,Female,20-24 years,20-24,211.0,61024.0,345.77
38295,Gonorrhea,280.0,West Virginia,1998.0,Female,25-29 years,25-29,66.0,58889.0,112.08
38296,Gonorrhea,280.0,West Virginia,1998.0,Female,30-34 years,30-34,36.0,57379.0,62.74
38297,Gonorrhea,280.0,West Virginia,1998.0,Female,35-39 years,35-39,14.0,68713.0,20.37
38298,Gonorrhea,280.0,West Virginia,1998.0,Female,40+ years,40+,10.0,461328.0,2.17
38299,Gonorrhea,280.0,West Virginia,1999.0,Female,0-14 years,0-14,4.0,161306.0,2.48
38300,Gonorrhea,280.0,West Virginia,1999.0,Female,15-19 years,15-19,136.0,62818.0,216.5
38301,Gonorrhea,280.0,West Virginia,1999.0,Female,20-24 years,20-24,132.0,60233.0,219.15
38302,Gonorrhea,280.0,West Virginia,1999.0,Female,25-29 years,25-29,46.0,57835.0,79.54
38303,Gonorrhea,280.0,West Virginia,1999.0,Female,30-34 years,30-34,25.0,57277.0,43.65
38304,Gonorrhea,280.0,West Virginia,1999.0,Female,35-39 years,35-39,9.0,67386.0,13.36
38305,Gonorrhea,280.0,West Virginia,1999.0,Female,40+ years,40+,5.0,464954.0,1.08
38306,Gonorrhea,280.0,West Virginia,2000.0,Female,0-14 years,0-14,3.0,158925.0,1.89
38307,Gonorrhea,280.0,West Virginia,2000.0,Female,15-19 years,15-19,143.0,60473.0,236.47
38308,Gonorrhea,280.0,West Virginia,2000.0,Female,20-24 years,20-24,146.0,60020.0,243.25
38309,Gonorrhea,280.0,West Virginia,2000.0,Female,25-29 years,25-29,43.0,56088.0,76.67
38310,Gonorrhea,280.0,West Virginia,2000.0,Female,30-34 years,30-34,18.0,58091.0,30.99
38311,Gonorrhea,280.0,West Virginia,2000.0,Female,35-39 years,35-39,14.0,65946.0,21.23
38312,Gonorrhea,280.0,West Virginia,2000.0,Female,40+ years,40+,8.0,468971.0,1.71
38313,Gonorrhea,280.0,West Virginia,2001.0,Female,0-14 years,0-14,9.0,157150.0,5.73
38314,Gonorrhea,280.0,West Virginia,2001.0,Female,15-19 years,15-19,161.0,58847.0,273.59
38315,Gonorrhea,280.0,West Virginia,2001.0,Female,20-24 years,20-24,156.0,61356.0,254.25
38316,Gonorrhea,280.0,West Virginia,2001.0,Female,25-29 years,25-29,49.0,54355.0,90.15
38317,Gonorrhea,280.0,West Virginia,2001.0,Female,30-34 years,30-34,20.0,57764.0,34.62
38318,Gonorrhea,280.0,West Virginia,2001.0,Female,35-39 years,35-39,13.0,63692.0,20.41
38319,Gonorrhea,280.0,West Virginia,2001.0,Female,40+ years,40+,7.0,471695.0,1.48
38320,Gonorrhea,280.0,West Virginia,2002.0,Female,0-14 years,0-14,15.0,155317.0,9.66
38321,Gonorrhea,280.0,West Virginia,2002.0,Female,15-19 years,15-19,189.0,57756.0,327.24
38322,Gonorrhea,280.0,West Virginia,2002.0,Female,20-24 years,20-24,228.0,61875.0,368.49
38323,Gonorrhea,280.0,West Virginia,2002.0,Female,25-29 years,25-29,76.0,53645.0,141.67
38324,Gonorrhea,280.0,West Virginia,2002.0,Female,30-34 years,30-34,20.0,57841.0,34.58
38325,Gonorrhea,280.0,West Virginia,2002.0,Female,35-39 years,35-39,22.0,62016.0,35.47
38326,Gonorrhea,280.0,West Virginia,2002.0,Female,40+ years,40+,12.0,476420.0,2.52
38327,Gonorrhea,280.0,West Virginia,2002.0,Female,Unknown,99,5.0,,
38328,Gonorrhea,280.0,West Virginia,2003.0,Female,0-14 years,0-14,9.0,156838.0,5.74
38329,Gonorrhea,280.0,West Virginia,2003.0,Female,15-19 years,15-19,128.0,56823.0,225.26
38330,Gonorrhea,280.0,West Virginia,2003.0,Female,20-24 years,20-24,204.0,62453.0,326.65
38331,Gonorrhea,280.0,West Virginia,2003.0,Female,25-29 years,25-29,70.0,54352.0,128.79
38332,Gonorrhea,280.0,West Virginia,2003.0,Female,30-34 years,30-34,28.0,57048.0,49.08
38333,Gonorrhea,280.0,West Virginia,2003.0,Female,35-39 years,35-39,11.0,60457.0,18.19
38334,Gonorrhea,280.0,West Virginia,2003.0,Female,40+ years,40+,14.0,479496.0,2.92
38335,Gonorrhea,280.0,West Virginia,2004.0,Female,0-14 years,0-14,8.0,154465.0,5.18
38336,Gonorrhea,280.0,West Virginia,2004.0,Female,15-19 years,15-19,148.0,56426.0,262.29
38337,Gonorrhea,280.0,West Virginia,2004.0,Female,20-24 years,20-24,191.0,61312.0,311.52
38338,Gonorrhea,280.0,West Virginia,2004.0,Female,25-29 years,25-29,74.0,56209.0,131.65
38339,Gonorrhea,280.0,West Virginia,2004.0,Female,30-34 years,30-34,29.0,56322.0,51.49
38340,Gonorrhea,280.0,West Virginia,2004.0,Female,35-39 years,35-39,7.0,59293.0,11.81
38341,Gonorrhea,280.0,West Virginia,2004.0,Female,40+ years,40+,11.0,484025.0,2.27
38342,Gonorrhea,280.0,West Virginia,2004.0,Female,Unknown,99,2.0,,
38343,Gonorrhea,280.0,West Virginia,2005.0,Female,0-14 years,0-14,6.0,153299.0,3.91
38344,Gonorrhea,280.0,West Virginia,2005.0,Female,15-19 years,15-19,122.0,56444.0,216.14
38345,Gonorrhea,280.0,West Virginia,2005.0,Female,20-24 years,20-24,164.0,59238.0,276.85
38346,Gonorrhea,280.0,West Virginia,2005.0,Female,25-29 years,25-29,77.0,57848.0,133.11
38347,Gonorrhea,280.0,West Virginia,2005.0,Female,30-34 years,30-34,34.0,55220.0,61.57
38348,Gonorrhea,280.0,West Virginia,2005.0,Female,35-39 years,35-39,11.0,58582.0,18.78
38349,Gonorrhea,280.0,West Virginia,2005.0,Female,40+ years,40+,11.0,486984.0,2.26
38350,Gonorrhea,280.0,West Virginia,2005.0,Female,Unknown,99,2.0,,
38351,Gonorrhea,280.0,West Virginia,2006.0,Female,0-14 years,0-14,7.0,155072.0,4.51
38352,Gonorrhea,280.0,West Virginia,2006.0,Female,15-19 years,15-19,152.0,57618.0,263.81
38353,Gonorrhea,280.0,West Virginia,2006.0,Female,20-24 years,20-24,173.0,55984.0,309.02
38354,Gonorrhea,280.0,West Virginia,2006.0,Female,25-29 years,25-29,96.0,59673.0,160.88
38355,Gonorrhea,280.0,West Virginia,2006.0,Female,30-34 years,30-34,28.0,55399.0,50.54
38356,Gonorrhea,280.0,West Virginia,2006.0,Female,35-39 years,35-39,18.0,59189.0,30.41
38357,Gonorrhea,280.0,West Virginia,2006.0,Female,40+ years,40+,13.0,484947.0,2.68
38358,Gonorrhea,280.0,West Virginia,2006.0,Female,Unknown,99,1.0,,
38359,Gonorrhea,280.0,West Virginia,2007.0,Female,0-14 years,0-14,9.0,154652.0,5.82
38360,Gonorrhea,280.0,West Virginia,2007.0,Female,15-19 years,15-19,145.0,57217.0,253.42
38361,Gonorrhea,280.0,West Virginia,2007.0,Female,20-24 years,20-24,193.0,54574.0,353.65
38362,Gonorrhea,280.0,West Virginia,2007.0,Female,25-29 years,25-29,95.0,60288.0,157.58
38363,Gonorrhea,280.0,West Virginia,2007.0,Female,30-34 years,30-34,29.0,54825.0,52.9
38364,Gonorrhea,280.0,West Virginia,2007.0,Female,35-39 years,35-39,14.0,59612.0,23.49
38365,Gonorrhea,280.0,West Virginia,2007.0,Female,40+ years,40+,18.0,483649.0,3.72
38366,Gonorrhea,280.0,West Virginia,2007.0,Female,Unknown,99,1.0,,
38367,Gonorrhea,280.0,West Virginia,2008.0,Female,0-14 years,0-14,6.0,154824.0,3.88
38368,Gonorrhea,280.0,West Virginia,2008.0,Female,15-19 years,15-19,116.0,56746.0,204.42
38369,Gonorrhea,280.0,West Virginia,2008.0,Female,20-24 years,20-24,175.0,53717.0,325.78
38370,Gonorrhea,280.0,West Virginia,2008.0,Female,25-29 years,25-29,75.0,58882.0,127.37
38371,Gonorrhea,280.0,West Virginia,2008.0,Female,30-34 years,30-34,26.0,55916.0,46.5
38372,Gonorrhea,280.0,West Virginia,2008.0,Female,35-39 years,35-39,15.0,59486.0,25.22
38373,Gonorrhea,280.0,West Virginia,2008.0,Female,40+ years,40+,11.0,486201.0,2.26
38374,Gonorrhea,280.0,West Virginia,2008.0,Female,Unknown,99,1.0,,
38375,Gonorrhea,280.0,West Virginia,2009.0,Female,0-14 years,0-14,4.0,155659.0,2.57
38376,Gonorrhea,280.0,West Virginia,2009.0,Female,15-19 years,15-19,67.0,57088.0,117.36
38377,Gonorrhea,280.0,West Virginia,2009.0,Female,20-24 years,20-24,107.0,58329.0,183.44
38378,Gonorrhea,280.0,West Virginia,2009.0,Female,25-29 years,25-29,54.0,56847.0,94.99
38379,Gonorrhea,280.0,West Virginia,2009.0,Female,30-34 years,30-34,31.0,54656.0,56.72
38380,Gonorrhea,280.0,West Virginia,2009.0,Female,35-39 years,35-39,10.0,58256.0,17.17
38381,Gonorrhea,280.0,West Virginia,2009.0,Female,40+ years,40+,8.0,486822.0,1.64
38382,Gonorrhea,280.0,West Virginia,2010.0,Female,0-14 years,0-14,5.0,155848.0,3.21
38383,Gonorrhea,280.0,West Virginia,2010.0,Female,15-19 years,15-19,119.0,58233.0,204.35
38384,Gonorrhea,280.0,West Virginia,2010.0,Female,20-24 years,20-24,125.0,57279.0,218.23
38385,Gonorrhea,280.0,West Virginia,2010.0,Female,25-29 years,25-29,45.0,53371.0,84.32
38386,Gonorrhea,280.0,West Virginia,2010.0,Female,30-34 years,30-34,21.0,55433.0,37.88
38387,Gonorrhea,280.0,West Virginia,2010.0,Female,35-39 years,35-39,6.0,58024.0,10.34
38388,Gonorrhea,280.0,West Virginia,2010.0,Female,40+ years,40+,5.0,501220.0,1.0
38389,Gonorrhea,280.0,West Virginia,2011.0,Female,0-14 years,0-14,2.0,155185.0,1.29
38390,Gonorrhea,280.0,West Virginia,2011.0,Female,15-19 years,15-19,123.0,56565.0,217.45
38391,Gonorrhea,280.0,West Virginia,2011.0,Female,20-24 years,20-24,192.0,59758.0,321.3
38392,Gonorrhea,280.0,West Virginia,2011.0,Female,25-29 years,25-29,87.0,52536.0,165.6
38393,Gonorrhea,280.0,West Virginia,2011.0,Female,30-34 years,30-34,34.0,56460.0,60.22
38394,Gonorrhea,280.0,West Virginia,2011.0,Female,35-39 years,35-39,14.0,55994.0,25.0
38395,Gonorrhea,280.0,West Virginia,2011.0,Female,40+ years,40+,14.0,503785.0,2.78
38396,Gonorrhea,280.0,West Virginia,2011.0,Female,Unknown,99,1.0,,
38397,Gonorrhea,280.0,West Virginia,2012.0,Female,0-14 years,0-14,3.0,155174.0,1.93
38398,Gonorrhea,280.0,West Virginia,2012.0,Female,15-19 years,15-19,135.0,54571.0,247.38
38399,Gonorrhea,280.0,West Virginia,2012.0,Female,20-24 years,20-24,165.0,61298.0,269.18
38400,Gonorrhea,280.0,West Virginia,2012.0,Female,25-29 years,25-29,75.0,52209.0,143.65
38401,Gonorrhea,280.0,West Virginia,2012.0,Female,30-34 years,30-34,35.0,56278.0,62.19
38402,Gonorrhea,280.0,West Virginia,2012.0,Female,35-39 years,35-39,10.0,55251.0,18.1
38403,Gonorrhea,280.0,West Virginia,2012.0,Female,40+ years,40+,15.0,505227.0,2.97
38404,Gonorrhea,280.0,West Virginia,2013.0,Female,0-14 years,0-14,3.0,154447.0,1.94
38405,Gonorrhea,280.0,West Virginia,2013.0,Female,15-19 years,15-19,126.0,54315.0,231.98
38406,Gonorrhea,280.0,West Virginia,2013.0,Female,20-24 years,20-24,218.0,61654.0,353.59
38407,Gonorrhea,280.0,West Virginia,2013.0,Female,25-29 years,25-29,95.0,51955.0,182.85
38408,Gonorrhea,280.0,West Virginia,2013.0,Female,30-34 years,30-34,51.0,55774.0,91.44
38409,Gonorrhea,280.0,West Virginia,2013.0,Female,35-39 years,35-39,21.0,55158.0,38.07
38410,Gonorrhea,280.0,West Virginia,2013.0,Female,40+ years,40+,25.0,505425.0,4.95
38411,Gonorrhea,280.0,West Virginia,2014.0,Female,0-14 years,0-14,7.0,154447.0,4.53
38412,Gonorrhea,280.0,West Virginia,2014.0,Female,15-19 years,15-19,119.0,54315.0,219.09
38413,Gonorrhea,280.0,West Virginia,2014.0,Female,20-24 years,20-24,168.0,61654.0,272.49
38414,Gonorrhea,280.0,West Virginia,2014.0,Female,25-29 years,25-29,85.0,51955.0,163.6
38415,Gonorrhea,280.0,West Virginia,2014.0,Female,30-34 years,30-34,44.0,55774.0,78.89
38416,Gonorrhea,280.0,West Virginia,2014.0,Female,35-39 years,35-39,21.0,55158.0,38.07
38417,Gonorrhea,280.0,West Virginia,2014.0,Female,40+ years,40+,17.0,505425.0,3.36
38418,Gonorrhea,280.0,Wisconsin,1996.0,Female,0-14 years,0-14,128.0,543629.0,23.55
38419,Gonorrhea,280.0,Wisconsin,1996.0,Female,15-19 years,15-19,1090.0,188799.0,577.33
38420,Gonorrhea,280.0,Wisconsin,1996.0,Female,20-24 years,20-24,746.0,166326.0,448.52
38421,Gonorrhea,280.0,Wisconsin,1996.0,Female,25-29 years,25-29,339.0,180396.0,187.92
38422,Gonorrhea,280.0,Wisconsin,1996.0,Female,30-34 years,30-34,173.0,201287.0,85.95
38423,Gonorrhea,280.0,Wisconsin,1996.0,Female,35-39 years,35-39,115.0,224334.0,51.26
38424,Gonorrhea,280.0,Wisconsin,1996.0,Female,40+ years,40+,56.0,1151788.0,4.86
38425,Gonorrhea,280.0,Wisconsin,1996.0,Female,Unknown,99,34.0,,
38426,Gonorrhea,280.0,Wisconsin,1997.0,Female,0-14 years,0-14,87.0,544059.0,15.99
38427,Gonorrhea,280.0,Wisconsin,1997.0,Female,15-19 years,15-19,1002.0,193511.0,517.8
38428,Gonorrhea,280.0,Wisconsin,1997.0,Female,20-24 years,20-24,671.0,166528.0,402.94
38429,Gonorrhea,280.0,Wisconsin,1997.0,Female,25-29 years,25-29,366.0,176927.0,206.87
38430,Gonorrhea,280.0,Wisconsin,1997.0,Female,30-34 years,30-34,181.0,194915.0,92.86
38431,Gonorrhea,280.0,Wisconsin,1997.0,Female,35-39 years,35-39,115.0,224408.0,51.25
38432,Gonorrhea,280.0,Wisconsin,1997.0,Female,40+ years,40+,60.0,1172611.0,5.12
38433,Gonorrhea,280.0,Wisconsin,1997.0,Female,Unknown,99,13.0,,
38434,Gonorrhea,280.0,Wisconsin,1998.0,Female,0-14 years,0-14,119.0,545215.0,21.83
38435,Gonorrhea,280.0,Wisconsin,1998.0,Female,15-19 years,15-19,1498.0,197123.0,759.93
38436,Gonorrhea,280.0,Wisconsin,1998.0,Female,20-24 years,20-24,1069.0,168696.0,633.68
38437,Gonorrhea,280.0,Wisconsin,1998.0,Female,25-29 years,25-29,525.0,172010.0,305.21
38438,Gonorrhea,280.0,Wisconsin,1998.0,Female,30-34 years,30-34,241.0,189245.0,127.35
38439,Gonorrhea,280.0,Wisconsin,1998.0,Female,35-39 years,35-39,188.0,222513.0,84.49
38440,Gonorrhea,280.0,Wisconsin,1998.0,Female,40+ years,40+,86.0,1192469.0,7.21
38441,Gonorrhea,280.0,Wisconsin,1998.0,Female,Unknown,99,3.0,,
38442,Gonorrhea,280.0,Wisconsin,1999.0,Female,0-14 years,0-14,148.0,547762.0,27.02
38443,Gonorrhea,280.0,Wisconsin,1999.0,Female,15-19 years,15-19,1538.0,198303.0,775.58
38444,Gonorrhea,280.0,Wisconsin,1999.0,Female,20-24 years,20-24,1157.0,171922.0,672.98
38445,Gonorrhea,280.0,Wisconsin,1999.0,Female,25-29 years,25-29,481.0,166974.0,288.07
38446,Gonorrhea,280.0,Wisconsin,1999.0,Female,30-34 years,30-34,230.0,185152.0,124.22
38447,Gonorrhea,280.0,Wisconsin,1999.0,Female,35-39 years,35-39,151.0,220291.0,68.55
38448,Gonorrhea,280.0,Wisconsin,1999.0,Female,40+ years,40+,109.0,1211121.0,9.0
38449,Gonorrhea,280.0,Wisconsin,1999.0,Female,Unknown,99,12.0,,
38450,Gonorrhea,280.0,Wisconsin,2000.0,Female,0-14 years,0-14,150.0,545292.0,27.51
38451,Gonorrhea,280.0,Wisconsin,2000.0,Female,15-19 years,15-19,1600.0,198183.0,807.34
38452,Gonorrhea,280.0,Wisconsin,2000.0,Female,20-24 years,20-24,1333.0,177473.0,751.1
38453,Gonorrhea,280.0,Wisconsin,2000.0,Female,25-29 years,25-29,517.0,162750.0,317.67
38454,Gonorrhea,280.0,Wisconsin,2000.0,Female,30-34 years,30-34,285.0,183994.0,154.9
38455,Gonorrhea,280.0,Wisconsin,2000.0,Female,35-39 years,35-39,193.0,216486.0,89.15
38456,Gonorrhea,280.0,Wisconsin,2000.0,Female,40+ years,40+,111.0,1235417.0,8.98
38457,Gonorrhea,280.0,Wisconsin,2001.0,Female,0-14 years,0-14,126.0,540127.0,23.33
38458,Gonorrhea,280.0,Wisconsin,2001.0,Female,15-19 years,15-19,1405.0,198847.0,706.57
38459,Gonorrhea,280.0,Wisconsin,2001.0,Female,20-24 years,20-24,1188.0,185614.0,640.04
38460,Gonorrhea,280.0,Wisconsin,2001.0,Female,25-29 years,25-29,471.0,158694.0,296.8
38461,Gonorrhea,280.0,Wisconsin,2001.0,Female,30-34 years,30-34,217.0,181588.0,119.5
38462,Gonorrhea,280.0,Wisconsin,2001.0,Female,35-39 years,35-39,154.0,210864.0,73.03
38463,Gonorrhea,280.0,Wisconsin,2001.0,Female,40+ years,40+,113.0,1258627.0,8.98
38464,Gonorrhea,280.0,Wisconsin,2002.0,Female,0-14 years,0-14,145.0,533016.0,27.2
38465,Gonorrhea,280.0,Wisconsin,2002.0,Female,15-19 years,15-19,1492.0,199068.0,749.49
38466,Gonorrhea,280.0,Wisconsin,2002.0,Female,20-24 years,20-24,1166.0,193611.0,602.24
38467,Gonorrhea,280.0,Wisconsin,2002.0,Female,25-29 years,25-29,462.0,159218.0,290.17
38468,Gonorrhea,280.0,Wisconsin,2002.0,Female,30-34 years,30-34,224.0,179376.0,124.88
38469,Gonorrhea,280.0,Wisconsin,2002.0,Female,35-39 years,35-39,128.0,205452.0,62.3
38470,Gonorrhea,280.0,Wisconsin,2002.0,Female,40+ years,40+,98.0,1281698.0,7.65
38471,Gonorrhea,280.0,Wisconsin,2002.0,Female,Unknown,99,2.0,,
38472,Gonorrhea,280.0,Wisconsin,2003.0,Female,0-14 years,0-14,93.0,531305.0,17.5
38473,Gonorrhea,280.0,Wisconsin,2003.0,Female,15-19 years,15-19,1299.0,198927.0,653.0
38474,Gonorrhea,280.0,Wisconsin,2003.0,Female,20-24 years,20-24,1113.0,197024.0,564.91
38475,Gonorrhea,280.0,Wisconsin,2003.0,Female,25-29 years,25-29,421.0,162170.0,259.6
38476,Gonorrhea,280.0,Wisconsin,2003.0,Female,30-34 years,30-34,187.0,173119.0,108.02
38477,Gonorrhea,280.0,Wisconsin,2003.0,Female,35-39 years,35-39,100.0,197472.0,50.64
38478,Gonorrhea,280.0,Wisconsin,2003.0,Female,40+ years,40+,85.0,1304718.0,6.51
38479,Gonorrhea,280.0,Wisconsin,2003.0,Female,Unknown,99,1.0,,
38480,Gonorrhea,280.0,Wisconsin,2004.0,Female,0-14 years,0-14,104.0,520693.0,19.97
38481,Gonorrhea,280.0,Wisconsin,2004.0,Female,15-19 years,15-19,1179.0,198514.0,593.91
38482,Gonorrhea,280.0,Wisconsin,2004.0,Female,20-24 years,20-24,930.0,200246.0,464.43
38483,Gonorrhea,280.0,Wisconsin,2004.0,Female,25-29 years,25-29,380.0,169435.0,224.28
38484,Gonorrhea,280.0,Wisconsin,2004.0,Female,30-34 years,30-34,189.0,170047.0,111.15
38485,Gonorrhea,280.0,Wisconsin,2004.0,Female,35-39 years,35-39,91.0,192481.0,47.28
38486,Gonorrhea,280.0,Wisconsin,2004.0,Female,40+ years,40+,80.0,1330618.0,6.01
38487,Gonorrhea,280.0,Wisconsin,2005.0,Female,0-14 years,0-14,91.0,514094.0,17.7
38488,Gonorrhea,280.0,Wisconsin,2005.0,Female,15-19 years,15-19,1341.0,198059.0,677.07
38489,Gonorrhea,280.0,Wisconsin,2005.0,Female,20-24 years,20-24,1075.0,199888.0,537.8
38490,Gonorrhea,280.0,Wisconsin,2005.0,Female,25-29 years,25-29,489.0,177024.0,276.23
38491,Gonorrhea,280.0,Wisconsin,2005.0,Female,30-34 years,30-34,219.0,165633.0,132.22
38492,Gonorrhea,280.0,Wisconsin,2005.0,Female,35-39 years,35-39,117.0,188579.0,62.04
38493,Gonorrhea,280.0,Wisconsin,2005.0,Female,40+ years,40+,101.0,1351069.0,7.48
38494,Gonorrhea,280.0,Wisconsin,2006.0,Female,0-14 years,0-14,120.0,522185.0,22.98
38495,Gonorrhea,280.0,Wisconsin,2006.0,Female,15-19 years,15-19,1520.0,194592.0,781.12
38496,Gonorrhea,280.0,Wisconsin,2006.0,Female,20-24 years,20-24,1248.0,196481.0,635.18
38497,Gonorrhea,280.0,Wisconsin,2006.0,Female,25-29 years,25-29,601.0,173545.0,346.31
38498,Gonorrhea,280.0,Wisconsin,2006.0,Female,30-34 years,30-34,290.0,165458.0,175.27
38499,Gonorrhea,280.0,Wisconsin,2006.0,Female,35-39 years,35-39,127.0,186449.0,68.12
38500,Gonorrhea,280.0,Wisconsin,2006.0,Female,40+ years,40+,141.0,1356854.0,10.39
38501,Gonorrhea,280.0,Wisconsin,2007.0,Female,0-14 years,0-14,100.0,527671.0,18.95
38502,Gonorrhea,280.0,Wisconsin,2007.0,Female,15-19 years,15-19,1600.0,193652.0,826.22
38503,Gonorrhea,280.0,Wisconsin,2007.0,Female,20-24 years,20-24,1249.0,192042.0,650.38
38504,Gonorrhea,280.0,Wisconsin,2007.0,Female,25-29 years,25-29,573.0,179682.0,318.9
38505,Gonorrhea,280.0,Wisconsin,2007.0,Female,30-34 years,30-34,271.0,164941.0,164.3
38506,Gonorrhea,280.0,Wisconsin,2007.0,Female,35-39 years,35-39,126.0,183505.0,68.66
38507,Gonorrhea,280.0,Wisconsin,2007.0,Female,40+ years,40+,147.0,1375977.0,10.68
38508,Gonorrhea,280.0,Wisconsin,2008.0,Female,0-14 years,0-14,109.0,527333.0,20.67
38509,Gonorrhea,280.0,Wisconsin,2008.0,Female,15-19 years,15-19,1436.0,193131.0,743.54
38510,Gonorrhea,280.0,Wisconsin,2008.0,Female,20-24 years,20-24,1223.0,192982.0,633.74
38511,Gonorrhea,280.0,Wisconsin,2008.0,Female,25-29 years,25-29,549.0,182252.0,301.23
38512,Gonorrhea,280.0,Wisconsin,2008.0,Female,30-34 years,30-34,213.0,165444.0,128.74
38513,Gonorrhea,280.0,Wisconsin,2008.0,Female,35-39 years,35-39,126.0,179602.0,70.16
38514,Gonorrhea,280.0,Wisconsin,2008.0,Female,40+ years,40+,86.0,1389574.0,6.19
38515,Gonorrhea,280.0,Wisconsin,2008.0,Female,Unknown,99,2.0,,
38516,Gonorrhea,280.0,Wisconsin,2009.0,Female,0-14 years,0-14,61.0,528149.0,11.55
38517,Gonorrhea,280.0,Wisconsin,2009.0,Female,15-19 years,15-19,1124.0,197045.0,570.43
38518,Gonorrhea,280.0,Wisconsin,2009.0,Female,20-24 years,20-24,1026.0,205851.0,498.42
38519,Gonorrhea,280.0,Wisconsin,2009.0,Female,25-29 years,25-29,480.0,181338.0,264.7
38520,Gonorrhea,280.0,Wisconsin,2009.0,Female,30-34 years,30-34,213.0,161521.0,131.87
38521,Gonorrhea,280.0,Wisconsin,2009.0,Female,35-39 years,35-39,109.0,173701.0,62.75
38522,Gonorrhea,280.0,Wisconsin,2009.0,Female,40+ years,40+,86.0,1398103.0,6.15
38523,Gonorrhea,280.0,Wisconsin,2009.0,Female,Unknown,99,14.0,,
38524,Gonorrhea,280.0,Wisconsin,2010.0,Female,0-14 years,0-14,66.0,539078.0,12.24
38525,Gonorrhea,280.0,Wisconsin,2010.0,Female,15-19 years,15-19,1128.0,194406.0,580.23
38526,Gonorrhea,280.0,Wisconsin,2010.0,Female,20-24 years,20-24,1055.0,189655.0,556.27
38527,Gonorrhea,280.0,Wisconsin,2010.0,Female,25-29 years,25-29,480.0,182998.0,262.3
38528,Gonorrhea,280.0,Wisconsin,2010.0,Female,30-34 years,30-34,209.0,171227.0,122.06
38529,Gonorrhea,280.0,Wisconsin,2010.0,Female,35-39 years,35-39,114.0,170709.0,66.78
38530,Gonorrhea,280.0,Wisconsin,2010.0,Female,40+ years,40+,105.0,1416513.0,7.41
38531,Gonorrhea,280.0,Wisconsin,2010.0,Female,Unknown,99,7.0,,
38532,Gonorrhea,280.0,Wisconsin,2011.0,Female,0-14 years,0-14,56.0,535668.0,10.45
38533,Gonorrhea,280.0,Wisconsin,2011.0,Female,15-19 years,15-19,1076.0,194015.0,554.6
38534,Gonorrhea,280.0,Wisconsin,2011.0,Female,20-24 years,20-24,1031.0,189860.0,543.03
38535,Gonorrhea,280.0,Wisconsin,2011.0,Female,25-29 years,25-29,385.0,182681.0,210.75
38536,Gonorrhea,280.0,Wisconsin,2011.0,Female,30-34 years,30-34,152.0,176529.0,86.1
38537,Gonorrhea,280.0,Wisconsin,2011.0,Female,35-39 years,35-39,112.0,164053.0,68.27
38538,Gonorrhea,280.0,Wisconsin,2011.0,Female,40+ years,40+,90.0,1432869.0,6.28
38539,Gonorrhea,280.0,Wisconsin,2011.0,Female,Unknown,99,5.0,,
38540,Gonorrhea,280.0,Wisconsin,2012.0,Female,0-14 years,0-14,41.0,533132.0,7.69
38541,Gonorrhea,280.0,Wisconsin,2012.0,Female,15-19 years,15-19,853.0,190295.0,448.25
38542,Gonorrhea,280.0,Wisconsin,2012.0,Female,20-24 years,20-24,969.0,191920.0,504.9
38543,Gonorrhea,280.0,Wisconsin,2012.0,Female,25-29 years,25-29,408.0,180550.0,225.98
38544,Gonorrhea,280.0,Wisconsin,2012.0,Female,30-34 years,30-34,174.0,180130.0,96.6
38545,Gonorrhea,280.0,Wisconsin,2012.0,Female,35-39 years,35-39,95.0,163234.0,58.2
38546,Gonorrhea,280.0,Wisconsin,2012.0,Female,40+ years,40+,100.0,1444065.0,6.92
38547,Gonorrhea,280.0,Wisconsin,2013.0,Female,0-14 years,0-14,63.0,529021.0,11.91
38548,Gonorrhea,280.0,Wisconsin,2013.0,Female,15-19 years,15-19,792.0,188096.0,421.06
38549,Gonorrhea,280.0,Wisconsin,2013.0,Female,20-24 years,20-24,824.0,196273.0,419.82
38550,Gonorrhea,280.0,Wisconsin,2013.0,Female,25-29 years,25-29,384.0,176767.0,217.24
38551,Gonorrhea,280.0,Wisconsin,2013.0,Female,30-34 years,30-34,206.0,182904.0,112.63
38552,Gonorrhea,280.0,Wisconsin,2013.0,Female,35-39 years,35-39,96.0,165028.0,58.17
38553,Gonorrhea,280.0,Wisconsin,2013.0,Female,40+ years,40+,90.0,1452464.0,6.2
38554,Gonorrhea,280.0,Wisconsin,2014.0,Female,0-14 years,0-14,33.0,529021.0,6.24
38555,Gonorrhea,280.0,Wisconsin,2014.0,Female,15-19 years,15-19,684.0,188096.0,363.64
38556,Gonorrhea,280.0,Wisconsin,2014.0,Female,20-24 years,20-24,757.0,196273.0,385.69
38557,Gonorrhea,280.0,Wisconsin,2014.0,Female,25-29 years,25-29,315.0,176767.0,178.2
38558,Gonorrhea,280.0,Wisconsin,2014.0,Female,30-34 years,30-34,147.0,182904.0,80.37
38559,Gonorrhea,280.0,Wisconsin,2014.0,Female,35-39 years,35-39,65.0,165028.0,39.39
38560,Gonorrhea,280.0,Wisconsin,2014.0,Female,40+ years,40+,45.0,1452464.0,3.1
38561,Gonorrhea,280.0,Wyoming,1996.0,Female,0-14 years,0-14,1.0,53320.0,1.88
38562,Gonorrhea,280.0,Wyoming,1996.0,Female,15-19 years,15-19,8.0,20114.0,39.77
38563,Gonorrhea,280.0,Wyoming,1996.0,Female,20-24 years,20-24,7.0,15775.0,44.37
38564,Gonorrhea,280.0,Wyoming,1996.0,Female,25-29 years,25-29,5.0,13461.0,37.14
38565,Gonorrhea,280.0,Wyoming,1996.0,Female,35-39 years,35-39,1.0,21429.0,4.67
38566,Gonorrhea,280.0,Wyoming,1996.0,Female,Unknown,99,3.0,,
38567,Gonorrhea,280.0,Wyoming,1997.0,Female,0-14 years,0-14,1.0,52425.0,1.91
38568,Gonorrhea,280.0,Wyoming,1997.0,Female,15-19 years,15-19,11.0,20404.0,53.91
38569,Gonorrhea,280.0,Wyoming,1997.0,Female,20-24 years,20-24,13.0,15785.0,82.36
38570,Gonorrhea,280.0,Wyoming,1997.0,Female,25-29 years,25-29,2.0,13763.0,14.53
38571,Gonorrhea,280.0,Wyoming,1997.0,Female,30-34 years,30-34,1.0,15451.0,6.47
38572,Gonorrhea,280.0,Wyoming,1997.0,Female,35-39 years,35-39,1.0,20775.0,4.81
38573,Gonorrhea,280.0,Wyoming,1997.0,Female,40+ years,40+,1.0,104892.0,0.95
38574,Gonorrhea,280.0,Wyoming,1998.0,Female,15-19 years,15-19,6.0,20552.0,29.19
38575,Gonorrhea,280.0,Wyoming,1998.0,Female,20-24 years,20-24,9.0,15782.0,57.03
38576,Gonorrhea,280.0,Wyoming,1998.0,Female,25-29 years,25-29,3.0,14048.0,21.36
38577,Gonorrhea,280.0,Wyoming,1998.0,Female,30-34 years,30-34,3.0,14714.0,20.39
38578,Gonorrhea,280.0,Wyoming,1998.0,Female,40+ years,40+,2.0,106982.0,1.87
38579,Gonorrhea,280.0,Wyoming,1999.0,Female,15-19 years,15-19,8.0,20408.0,39.2
38580,Gonorrhea,280.0,Wyoming,1999.0,Female,20-24 years,20-24,13.0,15854.0,82.0
38581,Gonorrhea,280.0,Wyoming,1999.0,Female,25-29 years,25-29,3.0,14334.0,20.93
38582,Gonorrhea,280.0,Wyoming,1999.0,Female,30-34 years,30-34,1.0,14403.0,6.94
38583,Gonorrhea,280.0,Wyoming,1999.0,Female,40+ years,40+,1.0,109422.0,0.91
38584,Gonorrhea,280.0,Wyoming,2000.0,Female,15-19 years,15-19,13.0,20066.0,64.79
38585,Gonorrhea,280.0,Wyoming,2000.0,Female,20-24 years,20-24,7.0,16287.0,42.98
38586,Gonorrhea,280.0,Wyoming,2000.0,Female,25-29 years,25-29,6.0,14451.0,41.52
38587,Gonorrhea,280.0,Wyoming,2000.0,Female,30-34 years,30-34,5.0,14685.0,34.05
38588,Gonorrhea,280.0,Wyoming,2001.0,Female,0-14 years,0-14,1.0,48283.0,2.07
38589,Gonorrhea,280.0,Wyoming,2001.0,Female,15-19 years,15-19,19.0,20062.0,94.71
38590,Gonorrhea,280.0,Wyoming,2001.0,Female,20-24 years,20-24,13.0,17050.0,76.25
38591,Gonorrhea,280.0,Wyoming,2001.0,Female,25-29 years,25-29,5.0,14109.0,35.44
38592,Gonorrhea,280.0,Wyoming,2001.0,Female,30-34 years,30-34,3.0,14475.0,20.73
38593,Gonorrhea,280.0,Wyoming,2001.0,Female,Unknown,99,2.0,,
38594,Gonorrhea,280.0,Wyoming,2002.0,Female,15-19 years,15-19,14.0,20133.0,69.54
38595,Gonorrhea,280.0,Wyoming,2002.0,Female,20-24 years,20-24,13.0,17754.0,73.22
38596,Gonorrhea,280.0,Wyoming,2002.0,Female,25-29 years,25-29,5.0,13973.0,35.78
38597,Gonorrhea,280.0,Wyoming,2002.0,Female,30-34 years,30-34,5.0,14583.0,34.29
38598,Gonorrhea,280.0,Wyoming,2002.0,Female,40+ years,40+,1.0,117855.0,0.85
38599,Gonorrhea,280.0,Wyoming,2003.0,Female,0-14 years,0-14,1.0,47273.0,2.12
38600,Gonorrhea,280.0,Wyoming,2003.0,Female,15-19 years,15-19,9.0,19536.0,46.07
38601,Gonorrhea,280.0,Wyoming,2003.0,Female,20-24 years,20-24,14.0,18638.0,75.12
38602,Gonorrhea,280.0,Wyoming,2003.0,Female,25-29 years,25-29,2.0,14166.0,14.12
38603,Gonorrhea,280.0,Wyoming,2003.0,Female,30-34 years,30-34,1.0,14481.0,6.91
38604,Gonorrhea,280.0,Wyoming,2003.0,Female,35-39 years,35-39,1.0,15387.0,6.5
38605,Gonorrhea,280.0,Wyoming,2004.0,Female,15-19 years,15-19,7.0,18977.0,36.89
38606,Gonorrhea,280.0,Wyoming,2004.0,Female,20-24 years,20-24,18.0,19318.0,93.18
38607,Gonorrhea,280.0,Wyoming,2004.0,Female,25-29 years,25-29,11.0,14828.0,74.18
38608,Gonorrhea,280.0,Wyoming,2004.0,Female,30-34 years,30-34,1.0,14577.0,6.86
38609,Gonorrhea,280.0,Wyoming,2004.0,Female,40+ years,40+,1.0,123025.0,0.81
38610,Gonorrhea,280.0,Wyoming,2004.0,Female,Unknown,99,1.0,,
38611,Gonorrhea,280.0,Wyoming,2005.0,Female,15-19 years,15-19,16.0,18417.0,86.88
38612,Gonorrhea,280.0,Wyoming,2005.0,Female,20-24 years,20-24,18.0,19474.0,92.43
38613,Gonorrhea,280.0,Wyoming,2005.0,Female,25-29 years,25-29,12.0,15505.0,77.39
38614,Gonorrhea,280.0,Wyoming,2005.0,Female,30-34 years,30-34,3.0,14408.0,20.82
38615,Gonorrhea,280.0,Wyoming,2005.0,Female,35-39 years,35-39,2.0,14925.0,13.4
38616,Gonorrhea,280.0,Wyoming,2005.0,Female,40+ years,40+,2.0,125168.0,1.6
38617,Gonorrhea,280.0,Wyoming,2005.0,Female,Unknown,99,1.0,,
38618,Gonorrhea,280.0,Wyoming,2006.0,Female,15-19 years,15-19,21.0,17965.0,116.89
38619,Gonorrhea,280.0,Wyoming,2006.0,Female,20-24 years,20-24,22.0,18500.0,118.92
38620,Gonorrhea,280.0,Wyoming,2006.0,Female,25-29 years,25-29,15.0,17235.0,87.03
38621,Gonorrhea,280.0,Wyoming,2006.0,Female,30-34 years,30-34,7.0,14826.0,47.21
38622,Gonorrhea,280.0,Wyoming,2006.0,Female,35-39 years,35-39,4.0,15182.0,26.35
38623,Gonorrhea,280.0,Wyoming,2006.0,Female,40+ years,40+,1.0,121932.0,0.82
38624,Gonorrhea,280.0,Wyoming,2006.0,Female,Unknown,99,1.0,,
38625,Gonorrhea,280.0,Wyoming,2007.0,Female,0-14 years,0-14,1.0,49738.0,2.01
38626,Gonorrhea,280.0,Wyoming,2007.0,Female,15-19 years,15-19,12.0,17754.0,67.59
38627,Gonorrhea,280.0,Wyoming,2007.0,Female,20-24 years,20-24,17.0,17867.0,95.15
38628,Gonorrhea,280.0,Wyoming,2007.0,Female,25-29 years,25-29,7.0,18477.0,37.88
38629,Gonorrhea,280.0,Wyoming,2007.0,Female,30-34 years,30-34,4.0,15028.0,26.62
38630,Gonorrhea,280.0,Wyoming,2008.0,Female,0-14 years,0-14,1.0,51507.0,1.94
38631,Gonorrhea,280.0,Wyoming,2008.0,Female,15-19 years,15-19,27.0,17879.0,151.01
38632,Gonorrhea,280.0,Wyoming,2008.0,Female,20-24 years,20-24,23.0,18026.0,127.59
38633,Gonorrhea,280.0,Wyoming,2008.0,Female,25-29 years,25-29,11.0,18855.0,58.34
38634,Gonorrhea,280.0,Wyoming,2008.0,Female,30-34 years,30-34,6.0,15691.0,38.24
38635,Gonorrhea,280.0,Wyoming,2008.0,Female,35-39 years,35-39,1.0,15875.0,6.3
38636,Gonorrhea,280.0,Wyoming,2008.0,Female,40+ years,40+,2.0,124645.0,1.6
38637,Gonorrhea,280.0,Wyoming,2009.0,Female,15-19 years,15-19,9.0,18099.0,49.73
38638,Gonorrhea,280.0,Wyoming,2009.0,Female,20-24 years,20-24,17.0,20050.0,84.79
38639,Gonorrhea,280.0,Wyoming,2009.0,Female,25-29 years,25-29,11.0,19668.0,55.93
38640,Gonorrhea,280.0,Wyoming,2009.0,Female,30-34 years,30-34,1.0,16026.0,6.24
38641,Gonorrhea,280.0,Wyoming,2009.0,Female,35-39 years,35-39,3.0,15732.0,19.07
38642,Gonorrhea,280.0,Wyoming,2009.0,Female,40+ years,40+,3.0,124265.0,2.41
38643,Gonorrhea,280.0,Wyoming,2010.0,Female,15-19 years,15-19,5.0,18516.0,27.0
38644,Gonorrhea,280.0,Wyoming,2010.0,Female,20-24 years,20-24,6.0,19003.0,31.57
38645,Gonorrhea,280.0,Wyoming,2010.0,Female,25-29 years,25-29,5.0,19524.0,25.61
38646,Gonorrhea,280.0,Wyoming,2010.0,Female,30-34 years,30-34,1.0,17454.0,5.73
38647,Gonorrhea,280.0,Wyoming,2010.0,Female,35-39 years,35-39,2.0,16159.0,12.38
38648,Gonorrhea,280.0,Wyoming,2011.0,Female,15-19 years,15-19,6.0,17779.0,33.75
38649,Gonorrhea,280.0,Wyoming,2011.0,Female,20-24 years,20-24,10.0,19779.0,50.56
38650,Gonorrhea,280.0,Wyoming,2011.0,Female,25-29 years,25-29,4.0,19414.0,20.6
38651,Gonorrhea,280.0,Wyoming,2011.0,Female,30-34 years,30-34,2.0,18199.0,10.99
38652,Gonorrhea,280.0,Wyoming,2011.0,Female,35-39 years,35-39,1.0,15822.0,6.32
38653,Gonorrhea,280.0,Wyoming,2011.0,Female,40+ years,40+,2.0,132198.0,1.51
38654,Gonorrhea,280.0,Wyoming,2012.0,Female,15-19 years,15-19,5.0,17934.0,27.88
38655,Gonorrhea,280.0,Wyoming,2012.0,Female,20-24 years,20-24,7.0,20061.0,34.89
38656,Gonorrhea,280.0,Wyoming,2012.0,Female,25-29 years,25-29,1.0,19546.0,5.12
38657,Gonorrhea,280.0,Wyoming,2012.0,Female,30-34 years,30-34,4.0,18898.0,21.17
38658,Gonorrhea,280.0,Wyoming,2012.0,Female,35-39 years,35-39,1.0,16237.0,6.16
38659,Gonorrhea,280.0,Wyoming,2012.0,Female,40+ years,40+,1.0,133956.0,0.75
38660,Gonorrhea,280.0,Wyoming,2013.0,Female,15-19 years,15-19,5.0,18244.0,27.41
38661,Gonorrhea,280.0,Wyoming,2013.0,Female,20-24 years,20-24,19.0,20169.0,94.2
38662,Gonorrhea,280.0,Wyoming,2013.0,Female,25-29 years,25-29,10.0,19383.0,51.59
38663,Gonorrhea,280.0,Wyoming,2013.0,Female,30-34 years,30-34,2.0,19451.0,10.28
38664,Gonorrhea,280.0,Wyoming,2013.0,Female,35-39 years,35-39,3.0,16736.0,17.93
38665,Gonorrhea,280.0,Wyoming,2014.0,Female,15-19 years,15-19,17.0,18244.0,93.18
38666,Gonorrhea,280.0,Wyoming,2014.0,Female,20-24 years,20-24,21.0,20169.0,104.12
38667,Gonorrhea,280.0,Wyoming,2014.0,Female,25-29 years,25-29,14.0,19383.0,72.23
38668,Gonorrhea,280.0,Wyoming,2014.0,Female,30-34 years,30-34,5.0,19451.0,25.71
38669,Gonorrhea,280.0,Wyoming,2014.0,Female,35-39 years,35-39,3.0,16736.0,17.93
38670,Gonorrhea,280.0,Wyoming,2014.0,Female,40+ years,40+,1.0,135130.0,0.74
38671,Primary and Secondary Syphilis,310.0,Alabama,1996.0,Female,0-14 years,0-14,4.0,446376.0,0.9
38672,Primary and Secondary Syphilis,310.0,Alabama,1996.0,Female,15-19 years,15-19,38.0,160943.0,23.61
38673,Primary and Secondary Syphilis,310.0,Alabama,1996.0,Female,20-24 years,20-24,46.0,156405.0,29.41
38674,Primary and Secondary Syphilis,310.0,Alabama,1996.0,Female,25-29 years,25-29,42.0,156680.0,26.81
38675,Primary and Secondary Syphilis,310.0,Alabama,1996.0,Female,30-34 years,30-34,42.0,161922.0,25.94
38676,Primary and Secondary Syphilis,310.0,Alabama,1996.0,Female,35-39 years,35-39,34.0,176144.0,19.3
38677,Primary and Secondary Syphilis,310.0,Alabama,1996.0,Female,40+ years,40+,38.0,988753.0,3.84
38678,Primary and Secondary Syphilis,310.0,Alabama,1997.0,Female,0-14 years,0-14,2.0,450606.0,0.44
38679,Primary and Secondary Syphilis,310.0,Alabama,1997.0,Female,15-19 years,15-19,18.0,162192.0,11.1
38680,Primary and Secondary Syphilis,310.0,Alabama,1997.0,Female,20-24 years,20-24,36.0,154168.0,23.35
38681,Primary and Secondary Syphilis,310.0,Alabama,1997.0,Female,25-29 years,25-29,37.0,158086.0,23.41
38682,Primary and Secondary Syphilis,310.0,Alabama,1997.0,Female,30-34 years,30-34,36.0,157694.0,22.83
38683,Primary and Secondary Syphilis,310.0,Alabama,1997.0,Female,35-39 years,35-39,26.0,175456.0,14.82
38684,Primary and Secondary Syphilis,310.0,Alabama,1997.0,Female,40+ years,40+,28.0,1006608.0,2.78
38685,Primary and Secondary Syphilis,310.0,Alabama,1998.0,Female,0-14 years,0-14,1.0,449745.0,0.22
38686,Primary and Secondary Syphilis,310.0,Alabama,1998.0,Female,15-19 years,15-19,19.0,162688.0,11.68
38687,Primary and Secondary Syphilis,310.0,Alabama,1998.0,Female,20-24 years,20-24,30.0,154610.0,19.4
38688,Primary and Secondary Syphilis,310.0,Alabama,1998.0,Female,25-29 years,25-29,24.0,158147.0,15.18
38689,Primary and Secondary Syphilis,310.0,Alabama,1998.0,Female,30-34 years,30-34,21.0,155065.0,13.54
38690,Primary and Secondary Syphilis,310.0,Alabama,1998.0,Female,35-39 years,35-39,20.0,175869.0,11.37
38691,Primary and Secondary Syphilis,310.0,Alabama,1998.0,Female,40+ years,40+,18.0,1025742.0,1.75
38692,Primary and Secondary Syphilis,310.0,Alabama,1999.0,Female,0-14 years,0-14,3.0,452586.0,0.66
38693,Primary and Secondary Syphilis,310.0,Alabama,1999.0,Female,15-19 years,15-19,15.0,161690.0,9.28
38694,Primary and Secondary Syphilis,310.0,Alabama,1999.0,Female,20-24 years,20-24,17.0,154634.0,10.99
38695,Primary and Secondary Syphilis,310.0,Alabama,1999.0,Female,25-29 years,25-29,21.0,155151.0,13.54
38696,Primary and Secondary Syphilis,310.0,Alabama,1999.0,Female,30-34 years,30-34,17.0,153099.0,11.1
38697,Primary and Secondary Syphilis,310.0,Alabama,1999.0,Female,35-39 years,35-39,14.0,175011.0,8.0
38698,Primary and Secondary Syphilis,310.0,Alabama,1999.0,Female,40+ years,40+,15.0,1041088.0,1.44
38699,Primary and Secondary Syphilis,310.0,Alabama,2000.0,Female,15-19 years,15-19,10.0,159102.0,6.29
38700,Primary and Secondary Syphilis,310.0,Alabama,2000.0,Female,20-24 years,20-24,9.0,157040.0,5.73
38701,Primary and Secondary Syphilis,310.0,Alabama,2000.0,Female,25-29 years,25-29,18.0,151271.0,11.9
38702,Primary and Secondary Syphilis,310.0,Alabama,2000.0,Female,30-34 years,30-34,10.0,154221.0,6.48
38703,Primary and Secondary Syphilis,310.0,Alabama,2000.0,Female,35-39 years,35-39,6.0,173382.0,3.46
38704,Primary and Secondary Syphilis,310.0,Alabama,2000.0,Female,40+ years,40+,10.0,1059451.0,0.94
38705,Primary and Secondary Syphilis,310.0,Alabama,2001.0,Female,0-14 years,0-14,1.0,449742.0,0.22
38706,Primary and Secondary Syphilis,310.0,Alabama,2001.0,Female,15-19 years,15-19,11.0,156153.0,7.04
38707,Primary and Secondary Syphilis,310.0,Alabama,2001.0,Female,20-24 years,20-24,10.0,160821.0,6.22
38708,Primary and Secondary Syphilis,310.0,Alabama,2001.0,Female,25-29 years,25-29,11.0,147850.0,7.44
38709,Primary and Secondary Syphilis,310.0,Alabama,2001.0,Female,30-34 years,30-34,12.0,154662.0,7.76
38710,Primary and Secondary Syphilis,310.0,Alabama,2001.0,Female,35-39 years,35-39,10.0,169253.0,5.91
38711,Primary and Secondary Syphilis,310.0,Alabama,2001.0,Female,40+ years,40+,12.0,1071378.0,1.12
38712,Primary and Secondary Syphilis,310.0,Alabama,2002.0,Female,0-14 years,0-14,1.0,447752.0,0.22
38713,Primary and Secondary Syphilis,310.0,Alabama,2002.0,Female,15-19 years,15-19,1.0,154592.0,0.65
38714,Primary and Secondary Syphilis,310.0,Alabama,2002.0,Female,20-24 years,20-24,5.0,163924.0,3.05
38715,Primary and Secondary Syphilis,310.0,Alabama,2002.0,Female,25-29 years,25-29,7.0,147338.0,4.75
38716,Primary and Secondary Syphilis,310.0,Alabama,2002.0,Female,30-34 years,30-34,11.0,156261.0,7.04
38717,Primary and Secondary Syphilis,310.0,Alabama,2002.0,Female,35-39 years,35-39,12.0,164738.0,7.28
38718,Primary and Secondary Syphilis,310.0,Alabama,2002.0,Female,40+ years,40+,26.0,1082768.0,2.4
38719,Primary and Secondary Syphilis,310.0,Alabama,2003.0,Female,15-19 years,15-19,3.0,154584.0,1.94
38720,Primary and Secondary Syphilis,310.0,Alabama,2003.0,Female,20-24 years,20-24,13.0,162941.0,7.98
38721,Primary and Secondary Syphilis,310.0,Alabama,2003.0,Female,25-29 years,25-29,5.0,147224.0,3.4
38722,Primary and Secondary Syphilis,310.0,Alabama,2003.0,Female,30-34 years,30-34,14.0,153010.0,9.15
38723,Primary and Secondary Syphilis,310.0,Alabama,2003.0,Female,35-39 years,35-39,5.0,158679.0,3.15
38724,Primary and Secondary Syphilis,310.0,Alabama,2003.0,Female,40+ years,40+,9.0,1096892.0,0.82
38725,Primary and Secondary Syphilis,310.0,Alabama,2004.0,Female,20-24 years,20-24,10.0,162408.0,6.16
38726,Primary and Secondary Syphilis,310.0,Alabama,2004.0,Female,25-29 years,25-29,3.0,151240.0,1.98
38727,Primary and Secondary Syphilis,310.0,Alabama,2004.0,Female,30-34 years,30-34,9.0,152792.0,5.89
38728,Primary and Secondary Syphilis,310.0,Alabama,2004.0,Female,35-39 years,35-39,7.0,155625.0,4.5
38729,Primary and Secondary Syphilis,310.0,Alabama,2004.0,Female,40+ years,40+,23.0,1115005.0,2.06
38730,Primary and Secondary Syphilis,310.0,Alabama,2005.0,Female,15-19 years,15-19,8.0,156226.0,5.12
38731,Primary and Secondary Syphilis,310.0,Alabama,2005.0,Female,20-24 years,20-24,11.0,159962.0,6.88
38732,Primary and Secondary Syphilis,310.0,Alabama,2005.0,Female,25-29 years,25-29,7.0,155782.0,4.49
38733,Primary and Secondary Syphilis,310.0,Alabama,2005.0,Female,30-34 years,30-34,2.0,150221.0,1.33
38734,Primary and Secondary Syphilis,310.0,Alabama,2005.0,Female,35-39 years,35-39,8.0,154608.0,5.17
38735,Primary and Secondary Syphilis,310.0,Alabama,2005.0,Female,40+ years,40+,32.0,1131212.0,2.83
38736,Primary and Secondary Syphilis,310.0,Alabama,2005.0,Female,Unknown,99,1.0,,
38737,Primary and Secondary Syphilis,310.0,Alabama,2006.0,Female,0-14 years,0-14,2.0,447461.0,0.45
38738,Primary and Secondary Syphilis,310.0,Alabama,2006.0,Female,15-19 years,15-19,13.0,159480.0,8.15
38739,Primary and Secondary Syphilis,310.0,Alabama,2006.0,Female,20-24 years,20-24,17.0,158533.0,10.72
38740,Primary and Secondary Syphilis,310.0,Alabama,2006.0,Female,25-29 years,25-29,22.0,156727.0,14.04
38741,Primary and Secondary Syphilis,310.0,Alabama,2006.0,Female,30-34 years,30-34,11.0,144988.0,7.59
38742,Primary and Secondary Syphilis,310.0,Alabama,2006.0,Female,35-39 years,35-39,14.0,154635.0,9.05
38743,Primary and Secondary Syphilis,310.0,Alabama,2006.0,Female,40+ years,40+,37.0,1147737.0,3.22
38744,Primary and Secondary Syphilis,310.0,Alabama,2007.0,Female,0-14 years,0-14,1.0,452446.0,0.22
38745,Primary and Secondary Syphilis,310.0,Alabama,2007.0,Female,15-19 years,15-19,10.0,160711.0,6.22
38746,Primary and Secondary Syphilis,310.0,Alabama,2007.0,Female,20-24 years,20-24,19.0,158899.0,11.96
38747,Primary and Secondary Syphilis,310.0,Alabama,2007.0,Female,25-29 years,25-29,26.0,159303.0,16.32
38748,Primary and Secondary Syphilis,310.0,Alabama,2007.0,Female,30-34 years,30-34,20.0,143886.0,13.9
38749,Primary and Secondary Syphilis,310.0,Alabama,2007.0,Female,35-39 years,35-39,22.0,155387.0,14.16
38750,Primary and Secondary Syphilis,310.0,Alabama,2007.0,Female,40+ years,40+,45.0,1155094.0,3.9
38751,Primary and Secondary Syphilis,310.0,Alabama,2008.0,Female,0-14 years,0-14,1.0,452432.0,0.22
38752,Primary and Secondary Syphilis,310.0,Alabama,2008.0,Female,15-19 years,15-19,12.0,161617.0,7.42
38753,Primary and Secondary Syphilis,310.0,Alabama,2008.0,Female,20-24 years,20-24,44.0,158935.0,27.68
38754,Primary and Secondary Syphilis,310.0,Alabama,2008.0,Female,25-29 years,25-29,35.0,159769.0,21.91
38755,Primary and Secondary Syphilis,310.0,Alabama,2008.0,Female,30-34 years,30-34,15.0,144883.0,10.35
38756,Primary and Secondary Syphilis,310.0,Alabama,2008.0,Female,35-39 years,35-39,14.0,156054.0,8.97
38757,Primary and Secondary Syphilis,310.0,Alabama,2008.0,Female,40+ years,40+,50.0,1170123.0,4.27
38758,Primary and Secondary Syphilis,310.0,Alabama,2009.0,Female,15-19 years,15-19,15.0,161876.0,9.27
38759,Primary and Secondary Syphilis,310.0,Alabama,2009.0,Female,20-24 years,20-24,21.0,163928.0,12.81
38760,Primary and Secondary Syphilis,310.0,Alabama,2009.0,Female,25-29 years,25-29,35.0,162557.0,21.53
38761,Primary and Secondary Syphilis,310.0,Alabama,2009.0,Female,30-34 years,30-34,14.0,148949.0,9.4
38762,Primary and Secondary Syphilis,310.0,Alabama,2009.0,Female,35-39 years,35-39,12.0,155874.0,7.7
38763,Primary and Secondary Syphilis,310.0,Alabama,2009.0,Female,40+ years,40+,39.0,1176528.0,3.31
38764,Primary and Secondary Syphilis,310.0,Alabama,2009.0,Female,Unknown,99,1.0,,
38765,Primary and Secondary Syphilis,310.0,Alabama,2010.0,Female,15-19 years,15-19,7.0,168320.0,4.16
38766,Primary and Secondary Syphilis,310.0,Alabama,2010.0,Female,20-24 years,20-24,18.0,167802.0,10.73
38767,Primary and Secondary Syphilis,310.0,Alabama,2010.0,Female,25-29 years,25-29,18.0,157318.0,11.44
38768,Primary and Secondary Syphilis,310.0,Alabama,2010.0,Female,30-34 years,30-34,9.0,151464.0,5.94
38769,Primary and Secondary Syphilis,310.0,Alabama,2010.0,Female,35-39 years,35-39,6.0,157352.0,3.81
38770,Primary and Secondary Syphilis,310.0,Alabama,2010.0,Female,40+ years,40+,17.0,1200473.0,1.42
38771,Primary and Secondary Syphilis,310.0,Alabama,2011.0,Female,15-19 years,15-19,5.0,163082.0,3.07
38772,Primary and Secondary Syphilis,310.0,Alabama,2011.0,Female,20-24 years,20-24,9.0,174254.0,5.16
38773,Primary and Secondary Syphilis,310.0,Alabama,2011.0,Female,25-29 years,25-29,11.0,157023.0,7.01
38774,Primary and Secondary Syphilis,310.0,Alabama,2011.0,Female,30-34 years,30-34,9.0,154895.0,5.81
38775,Primary and Secondary Syphilis,310.0,Alabama,2011.0,Female,35-39 years,35-39,8.0,151554.0,5.28
38776,Primary and Secondary Syphilis,310.0,Alabama,2011.0,Female,40+ years,40+,12.0,1216531.0,0.99
38777,Primary and Secondary Syphilis,310.0,Alabama,2012.0,Female,15-19 years,15-19,6.0,158223.0,3.79
38778,Primary and Secondary Syphilis,310.0,Alabama,2012.0,Female,20-24 years,20-24,10.0,176721.0,5.66
38779,Primary and Secondary Syphilis,310.0,Alabama,2012.0,Female,25-29 years,25-29,5.0,157071.0,3.18
38780,Primary and Secondary Syphilis,310.0,Alabama,2012.0,Female,30-34 years,30-34,4.0,156557.0,2.55
38781,Primary and Secondary Syphilis,310.0,Alabama,2012.0,Female,35-39 years,35-39,1.0,149864.0,0.67
38782,Primary and Secondary Syphilis,310.0,Alabama,2012.0,Female,40+ years,40+,12.0,1228012.0,0.98
38783,Primary and Secondary Syphilis,310.0,Alabama,2013.0,Female,15-19 years,15-19,2.0,157099.0,1.27
38784,Primary and Secondary Syphilis,310.0,Alabama,2013.0,Female,20-24 years,20-24,8.0,176886.0,4.52
38785,Primary and Secondary Syphilis,310.0,Alabama,2013.0,Female,25-29 years,25-29,3.0,157896.0,1.9
38786,Primary and Secondary Syphilis,310.0,Alabama,2013.0,Female,30-34 years,30-34,4.0,157079.0,2.55
38787,Primary and Secondary Syphilis,310.0,Alabama,2013.0,Female,40+ years,40+,5.0,1238784.0,0.4
38788,Primary and Secondary Syphilis,310.0,Alabama,2014.0,Female,15-19 years,15-19,3.0,157099.0,1.91
38789,Primary and Secondary Syphilis,310.0,Alabama,2014.0,Female,20-24 years,20-24,5.0,176886.0,2.83
38790,Primary and Secondary Syphilis,310.0,Alabama,2014.0,Female,25-29 years,25-29,4.0,157896.0,2.53
38791,Primary and Secondary Syphilis,310.0,Alabama,2014.0,Female,30-34 years,30-34,2.0,157079.0,1.27
38792,Primary and Secondary Syphilis,310.0,Alabama,2014.0,Female,35-39 years,35-39,1.0,149455.0,0.67
38793,Primary and Secondary Syphilis,310.0,Alabama,2014.0,Female,40+ years,40+,2.0,1238784.0,0.16
38794,Primary and Secondary Syphilis,310.0,Alaska,2005.0,Female,30-34 years,30-34,1.0,20322.0,4.92
38795,Primary and Secondary Syphilis,310.0,Alaska,2006.0,Female,40+ years,40+,2.0,134053.0,1.49
38796,Primary and Secondary Syphilis,310.0,Alaska,2007.0,Female,40+ years,40+,1.0,137917.0,0.73
38797,Primary and Secondary Syphilis,310.0,Alaska,2011.0,Female,20-24 years,20-24,1.0,25852.0,3.87
38798,Primary and Secondary Syphilis,310.0,Alaska,2012.0,Female,35-39 years,35-39,1.0,21758.0,4.6
38799,Primary and Secondary Syphilis,310.0,Alaska,2013.0,Female,25-29 years,25-29,1.0,27793.0,3.6
38800,Primary and Secondary Syphilis,310.0,Alaska,2013.0,Female,30-34 years,30-34,1.0,25496.0,3.92
38801,Primary and Secondary Syphilis,310.0,Alaska,2014.0,Female,25-29 years,25-29,1.0,27793.0,3.6
38802,Primary and Secondary Syphilis,310.0,Arizona,1996.0,Female,15-19 years,15-19,8.0,153912.0,5.2
38803,Primary and Secondary Syphilis,310.0,Arizona,1996.0,Female,20-24 years,20-24,8.0,149522.0,5.35
38804,Primary and Secondary Syphilis,310.0,Arizona,1996.0,Female,25-29 years,25-29,8.0,170333.0,4.7
38805,Primary and Secondary Syphilis,310.0,Arizona,1996.0,Female,30-34 years,30-34,6.0,183034.0,3.28
38806,Primary and Secondary Syphilis,310.0,Arizona,1996.0,Female,35-39 years,35-39,8.0,183785.0,4.35
38807,Primary and Secondary Syphilis,310.0,Arizona,1996.0,Female,40+ years,40+,5.0,966929.0,0.52
38808,Primary and Secondary Syphilis,310.0,Arizona,1997.0,Female,15-19 years,15-19,2.0,160708.0,1.24
38809,Primary and Secondary Syphilis,310.0,Arizona,1997.0,Female,20-24 years,20-24,7.0,154746.0,4.52
38810,Primary and Secondary Syphilis,310.0,Arizona,1997.0,Female,25-29 years,25-29,6.0,175420.0,3.42
38811,Primary and Secondary Syphilis,310.0,Arizona,1997.0,Female,30-34 years,30-34,8.0,182019.0,4.4
38812,Primary and Secondary Syphilis,310.0,Arizona,1997.0,Female,35-39 years,35-39,9.0,189587.0,4.75
38813,Primary and Secondary Syphilis,310.0,Arizona,1997.0,Female,40+ years,40+,5.0,1010960.0,0.49
38814,Primary and Secondary Syphilis,310.0,Arizona,1998.0,Female,15-19 years,15-19,8.0,167956.0,4.76
38815,Primary and Secondary Syphilis,310.0,Arizona,1998.0,Female,20-24 years,20-24,15.0,159835.0,9.38
38816,Primary and Secondary Syphilis,310.0,Arizona,1998.0,Female,25-29 years,25-29,11.0,177129.0,6.21
38817,Primary and Secondary Syphilis,310.0,Arizona,1998.0,Female,30-34 years,30-34,11.0,178584.0,6.16
38818,Primary and Secondary Syphilis,310.0,Arizona,1998.0,Female,35-39 years,35-39,10.0,192085.0,5.21
38819,Primary and Secondary Syphilis,310.0,Arizona,1998.0,Female,40+ years,40+,12.0,1048590.0,1.14
38820,Primary and Secondary Syphilis,310.0,Arizona,1999.0,Female,0-14 years,0-14,2.0,546847.0,0.37
38821,Primary and Secondary Syphilis,310.0,Arizona,1999.0,Female,15-19 years,15-19,4.0,173368.0,2.31
38822,Primary and Secondary Syphilis,310.0,Arizona,1999.0,Female,20-24 years,20-24,9.0,166323.0,5.41
38823,Primary and Secondary Syphilis,310.0,Arizona,1999.0,Female,25-29 years,25-29,11.0,178042.0,6.18
38824,Primary and Secondary Syphilis,310.0,Arizona,1999.0,Female,30-34 years,30-34,10.0,176739.0,5.66
38825,Primary and Secondary Syphilis,310.0,Arizona,1999.0,Female,35-39 years,35-39,9.0,193497.0,4.65
38826,Primary and Secondary Syphilis,310.0,Arizona,1999.0,Female,40+ years,40+,20.0,1083483.0,1.85
38827,Primary and Secondary Syphilis,310.0,Arizona,2000.0,Female,15-19 years,15-19,6.0,178642.0,3.36
38828,Primary and Secondary Syphilis,310.0,Arizona,2000.0,Female,20-24 years,20-24,15.0,171318.0,8.76
38829,Primary and Secondary Syphilis,310.0,Arizona,2000.0,Female,25-29 years,25-29,10.0,176286.0,5.67
38830,Primary and Secondary Syphilis,310.0,Arizona,2000.0,Female,30-34 years,30-34,12.0,176349.0,6.8
38831,Primary and Secondary Syphilis,310.0,Arizona,2000.0,Female,35-39 years,35-39,17.0,190309.0,8.93
38832,Primary and Secondary Syphilis,310.0,Arizona,2000.0,Female,40+ years,40+,20.0,1111112.0,1.8
38833,Primary and Secondary Syphilis,310.0,Arizona,2001.0,Female,15-19 years,15-19,5.0,181180.0,2.76
38834,Primary and Secondary Syphilis,310.0,Arizona,2001.0,Female,20-24 years,20-24,13.0,178760.0,7.27
38835,Primary and Secondary Syphilis,310.0,Arizona,2001.0,Female,25-29 years,25-29,8.0,178559.0,4.48
38836,Primary and Secondary Syphilis,310.0,Arizona,2001.0,Female,30-34 years,30-34,6.0,183107.0,3.28
38837,Primary and Secondary Syphilis,310.0,Arizona,2001.0,Female,35-39 years,35-39,7.0,190445.0,3.68
38838,Primary and Secondary Syphilis,310.0,Arizona,2001.0,Female,40+ years,40+,11.0,1153402.0,0.95
38839,Primary and Secondary Syphilis,310.0,Arizona,2002.0,Female,15-19 years,15-19,8.0,185694.0,4.31
38840,Primary and Secondary Syphilis,310.0,Arizona,2002.0,Female,20-24 years,20-24,13.0,185999.0,6.99
38841,Primary and Secondary Syphilis,310.0,Arizona,2002.0,Female,25-29 years,25-29,11.0,181698.0,6.05
38842,Primary and Secondary Syphilis,310.0,Arizona,2002.0,Female,30-34 years,30-34,9.0,189092.0,4.76
38843,Primary and Secondary Syphilis,310.0,Arizona,2002.0,Female,35-39 years,35-39,11.0,189047.0,5.82
38844,Primary and Secondary Syphilis,310.0,Arizona,2002.0,Female,40+ years,40+,22.0,1191945.0,1.85
38845,Primary and Secondary Syphilis,310.0,Arizona,2003.0,Female,15-19 years,15-19,13.0,189118.0,6.87
38846,Primary and Secondary Syphilis,310.0,Arizona,2003.0,Female,20-24 years,20-24,14.0,191717.0,7.3
38847,Primary and Secondary Syphilis,310.0,Arizona,2003.0,Female,25-29 years,25-29,9.0,188749.0,4.77
38848,Primary and Secondary Syphilis,310.0,Arizona,2003.0,Female,30-34 years,30-34,7.0,193941.0,3.61
38849,Primary and Secondary Syphilis,310.0,Arizona,2003.0,Female,35-39 years,35-39,7.0,186772.0,3.75
38850,Primary and Secondary Syphilis,310.0,Arizona,2003.0,Female,40+ years,40+,16.0,1213606.0,1.32
38851,Primary and Secondary Syphilis,310.0,Arizona,2004.0,Female,15-19 years,15-19,8.0,195412.0,4.09
38852,Primary and Secondary Syphilis,310.0,Arizona,2004.0,Female,20-24 years,20-24,8.0,198195.0,4.04
38853,Primary and Secondary Syphilis,310.0,Arizona,2004.0,Female,25-29 years,25-29,2.0,195820.0,1.02
38854,Primary and Secondary Syphilis,310.0,Arizona,2004.0,Female,30-34 years,30-34,11.0,198928.0,5.53
38855,Primary and Secondary Syphilis,310.0,Arizona,2004.0,Female,35-39 years,35-39,6.0,187924.0,3.19
38856,Primary and Secondary Syphilis,310.0,Arizona,2004.0,Female,40+ years,40+,7.0,1257539.0,0.56
38857,Primary and Secondary Syphilis,310.0,Arizona,2005.0,Female,15-19 years,15-19,5.0,203231.0,2.46
38858,Primary and Secondary Syphilis,310.0,Arizona,2005.0,Female,20-24 years,20-24,9.0,203862.0,4.41
38859,Primary and Secondary Syphilis,310.0,Arizona,2005.0,Female,25-29 years,25-29,11.0,205562.0,5.35
38860,Primary and Secondary Syphilis,310.0,Arizona,2005.0,Female,30-34 years,30-34,7.0,202539.0,3.46
38861,Primary and Secondary Syphilis,310.0,Arizona,2005.0,Female,35-39 years,35-39,8.0,193946.0,4.12
38862,Primary and Secondary Syphilis,310.0,Arizona,2005.0,Female,40+ years,40+,9.0,1309695.0,0.69
38863,Primary and Secondary Syphilis,310.0,Arizona,2006.0,Female,0-14 years,0-14,1.0,665142.0,0.15
38864,Primary and Secondary Syphilis,310.0,Arizona,2006.0,Female,15-19 years,15-19,5.0,206887.0,2.42
38865,Primary and Secondary Syphilis,310.0,Arizona,2006.0,Female,20-24 years,20-24,7.0,202187.0,3.46
38866,Primary and Secondary Syphilis,310.0,Arizona,2006.0,Female,25-29 years,25-29,5.0,223104.0,2.24
38867,Primary and Secondary Syphilis,310.0,Arizona,2006.0,Female,30-34 years,30-34,4.0,205995.0,1.94
38868,Primary and Secondary Syphilis,310.0,Arizona,2006.0,Female,35-39 years,35-39,4.0,205899.0,1.94
38869,Primary and Secondary Syphilis,310.0,Arizona,2006.0,Female,40+ years,40+,7.0,1371349.0,0.51
38870,Primary and Secondary Syphilis,310.0,Arizona,2007.0,Female,15-19 years,15-19,8.0,210354.0,3.8
38871,Primary and Secondary Syphilis,310.0,Arizona,2007.0,Female,20-24 years,20-24,14.0,200385.0,6.99
38872,Primary and Secondary Syphilis,310.0,Arizona,2007.0,Female,25-29 years,25-29,13.0,229044.0,5.68
38873,Primary and Secondary Syphilis,310.0,Arizona,2007.0,Female,30-34 years,30-34,9.0,208202.0,4.32
38874,Primary and Secondary Syphilis,310.0,Arizona,2007.0,Female,35-39 years,35-39,8.0,211449.0,3.78
38875,Primary and Secondary Syphilis,310.0,Arizona,2007.0,Female,40+ years,40+,12.0,1422315.0,0.84
38876,Primary and Secondary Syphilis,310.0,Arizona,2008.0,Female,0-14 years,0-14,1.0,701217.0,0.14
38877,Primary and Secondary Syphilis,310.0,Arizona,2008.0,Female,15-19 years,15-19,5.0,214292.0,2.33
38878,Primary and Secondary Syphilis,310.0,Arizona,2008.0,Female,20-24 years,20-24,10.0,203336.0,4.92
38879,Primary and Secondary Syphilis,310.0,Arizona,2008.0,Female,25-29 years,25-29,10.0,231204.0,4.33
38880,Primary and Secondary Syphilis,310.0,Arizona,2008.0,Female,30-34 years,30-34,8.0,212471.0,3.77
38881,Primary and Secondary Syphilis,310.0,Arizona,2008.0,Female,35-39 years,35-39,8.0,214503.0,3.73
38882,Primary and Secondary Syphilis,310.0,Arizona,2008.0,Female,40+ years,40+,14.0,1466466.0,0.95
38883,Primary and Secondary Syphilis,310.0,Arizona,2009.0,Female,15-19 years,15-19,3.0,215054.0,1.4
38884,Primary and Secondary Syphilis,310.0,Arizona,2009.0,Female,20-24 years,20-24,4.0,207790.0,1.93
38885,Primary and Secondary Syphilis,310.0,Arizona,2009.0,Female,25-29 years,25-29,4.0,235319.0,1.7
38886,Primary and Secondary Syphilis,310.0,Arizona,2009.0,Female,30-34 years,30-34,1.0,218966.0,0.46
38887,Primary and Secondary Syphilis,310.0,Arizona,2009.0,Female,35-39 years,35-39,3.0,214929.0,1.4
38888,Primary and Secondary Syphilis,310.0,Arizona,2009.0,Female,40+ years,40+,7.0,1483090.0,0.47
38889,Primary and Secondary Syphilis,310.0,Arizona,2010.0,Female,20-24 years,20-24,3.0,213022.0,1.41
38890,Primary and Secondary Syphilis,310.0,Arizona,2010.0,Female,25-29 years,25-29,3.0,214390.0,1.4
38891,Primary and Secondary Syphilis,310.0,Arizona,2010.0,Female,30-34 years,30-34,2.0,204472.0,0.98
38892,Primary and Secondary Syphilis,310.0,Arizona,2010.0,Female,35-39 years,35-39,4.0,205469.0,1.95
38893,Primary and Secondary Syphilis,310.0,Arizona,2010.0,Female,40+ years,40+,8.0,1489283.0,0.54
38894,Primary and Secondary Syphilis,310.0,Arizona,2011.0,Female,15-19 years,15-19,2.0,218214.0,0.92
38895,Primary and Secondary Syphilis,310.0,Arizona,2011.0,Female,20-24 years,20-24,5.0,222818.0,2.24
38896,Primary and Secondary Syphilis,310.0,Arizona,2011.0,Female,25-29 years,25-29,3.0,214612.0,1.4
38897,Primary and Secondary Syphilis,310.0,Arizona,2011.0,Female,30-34 years,30-34,4.0,209135.0,1.91
38898,Primary and Secondary Syphilis,310.0,Arizona,2011.0,Female,40+ years,40+,1.0,1528897.0,0.07
38899,Primary and Secondary Syphilis,310.0,Arizona,2012.0,Female,15-19 years,15-19,2.0,216974.0,0.92
38900,Primary and Secondary Syphilis,310.0,Arizona,2012.0,Female,20-24 years,20-24,8.0,228468.0,3.5
38901,Primary and Secondary Syphilis,310.0,Arizona,2012.0,Female,25-29 years,25-29,1.0,214147.0,0.47
38902,Primary and Secondary Syphilis,310.0,Arizona,2012.0,Female,30-34 years,30-34,1.0,212548.0,0.47
38903,Primary and Secondary Syphilis,310.0,Arizona,2012.0,Female,40+ years,40+,4.0,1560085.0,0.26
38904,Primary and Secondary Syphilis,310.0,Arizona,2013.0,Female,15-19 years,15-19,2.0,218723.0,0.91
38905,Primary and Secondary Syphilis,310.0,Arizona,2013.0,Female,20-24 years,20-24,7.0,233787.0,2.99
38906,Primary and Secondary Syphilis,310.0,Arizona,2013.0,Female,25-29 years,25-29,9.0,211815.0,4.25
38907,Primary and Secondary Syphilis,310.0,Arizona,2013.0,Female,30-34 years,30-34,3.0,215187.0,1.39
38908,Primary and Secondary Syphilis,310.0,Arizona,2013.0,Female,35-39 years,35-39,2.0,202010.0,0.99
38909,Primary and Secondary Syphilis,310.0,Arizona,2013.0,Female,40+ years,40+,4.0,1589462.0,0.25
38910,Primary and Secondary Syphilis,310.0,Arizona,2014.0,Female,15-19 years,15-19,3.0,218723.0,1.37
38911,Primary and Secondary Syphilis,310.0,Arizona,2014.0,Female,20-24 years,20-24,10.0,233787.0,4.28
38912,Primary and Secondary Syphilis,310.0,Arizona,2014.0,Female,25-29 years,25-29,14.0,211815.0,6.61
38913,Primary and Secondary Syphilis,310.0,Arizona,2014.0,Female,30-34 years,30-34,9.0,215187.0,4.18
38914,Primary and Secondary Syphilis,310.0,Arizona,2014.0,Female,35-39 years,35-39,7.0,202010.0,3.47
38915,Primary and Secondary Syphilis,310.0,Arizona,2014.0,Female,40+ years,40+,7.0,1589462.0,0.44
38916,Primary and Secondary Syphilis,310.0,Arkansas,1996.0,Female,0-14 years,0-14,1.0,271613.0,0.37
38917,Primary and Secondary Syphilis,310.0,Arkansas,1996.0,Female,15-19 years,15-19,25.0,95549.0,26.16
38918,Primary and Secondary Syphilis,310.0,Arkansas,1996.0,Female,20-24 years,20-24,27.0,88180.0,30.62
38919,Primary and Secondary Syphilis,310.0,Arkansas,1996.0,Female,25-29 years,25-29,31.0,84503.0,36.69
38920,Primary and Secondary Syphilis,310.0,Arkansas,1996.0,Female,30-34 years,30-34,18.0,93568.0,19.24
38921,Primary and Secondary Syphilis,310.0,Arkansas,1996.0,Female,35-39 years,35-39,24.0,98661.0,24.33
38922,Primary and Secondary Syphilis,310.0,Arkansas,1996.0,Female,40+ years,40+,18.0,591629.0,3.04
38923,Primary and Secondary Syphilis,310.0,Arkansas,1997.0,Female,0-14 years,0-14,1.0,272052.0,0.37
38924,Primary and Secondary Syphilis,310.0,Arkansas,1997.0,Female,15-19 years,15-19,22.0,96519.0,22.79
38925,Primary and Secondary Syphilis,310.0,Arkansas,1997.0,Female,20-24 years,20-24,16.0,88402.0,18.1
38926,Primary and Secondary Syphilis,310.0,Arkansas,1997.0,Female,25-29 years,25-29,18.0,86177.0,20.89
38927,Primary and Secondary Syphilis,310.0,Arkansas,1997.0,Female,30-34 years,30-34,20.0,91360.0,21.89
38928,Primary and Secondary Syphilis,310.0,Arkansas,1997.0,Female,35-39 years,35-39,7.0,99445.0,7.04
38929,Primary and Secondary Syphilis,310.0,Arkansas,1997.0,Female,40+ years,40+,15.0,603199.0,2.49
38930,Primary and Secondary Syphilis,310.0,Arkansas,1998.0,Female,0-14 years,0-14,2.0,273978.0,0.73
38931,Primary and Secondary Syphilis,310.0,Arkansas,1998.0,Female,15-19 years,15-19,13.0,97428.0,13.34
38932,Primary and Secondary Syphilis,310.0,Arkansas,1998.0,Female,20-24 years,20-24,7.0,88491.0,7.91
38933,Primary and Secondary Syphilis,310.0,Arkansas,1998.0,Female,25-29 years,25-29,10.0,87156.0,11.47
38934,Primary and Secondary Syphilis,310.0,Arkansas,1998.0,Female,30-34 years,30-34,10.0,88838.0,11.26
38935,Primary and Secondary Syphilis,310.0,Arkansas,1998.0,Female,35-39 years,35-39,8.0,100026.0,8.0
38936,Primary and Secondary Syphilis,310.0,Arkansas,1998.0,Female,40+ years,40+,9.0,612503.0,1.47
38937,Primary and Secondary Syphilis,310.0,Arkansas,1999.0,Female,15-19 years,15-19,4.0,97269.0,4.11
38938,Primary and Secondary Syphilis,310.0,Arkansas,1999.0,Female,20-24 years,20-24,12.0,89045.0,13.48
38939,Primary and Secondary Syphilis,310.0,Arkansas,1999.0,Female,25-29 years,25-29,10.0,87684.0,11.4
38940,Primary and Secondary Syphilis,310.0,Arkansas,1999.0,Female,30-34 years,30-34,4.0,87562.0,4.57
38941,Primary and Secondary Syphilis,310.0,Arkansas,1999.0,Female,35-39 years,35-39,4.0,100929.0,3.96
38942,Primary and Secondary Syphilis,310.0,Arkansas,1999.0,Female,40+ years,40+,9.0,622917.0,1.44
38943,Primary and Secondary Syphilis,310.0,Arkansas,1999.0,Female,Unknown,99,1.0,,
38944,Primary and Secondary Syphilis,310.0,Arkansas,2000.0,Female,15-19 years,15-19,10.0,96376.0,10.38
38945,Primary and Secondary Syphilis,310.0,Arkansas,2000.0,Female,20-24 years,20-24,18.0,90626.0,19.86
38946,Primary and Secondary Syphilis,310.0,Arkansas,2000.0,Female,25-29 years,25-29,6.0,87056.0,6.89
38947,Primary and Secondary Syphilis,310.0,Arkansas,2000.0,Female,30-34 years,30-34,8.0,88288.0,9.06
38948,Primary and Secondary Syphilis,310.0,Arkansas,2000.0,Female,35-39 years,35-39,7.0,100506.0,6.96
38949,Primary and Secondary Syphilis,310.0,Arkansas,2000.0,Female,40+ years,40+,9.0,634240.0,1.42
38950,Primary and Secondary Syphilis,310.0,Arkansas,2001.0,Female,15-19 years,15-19,5.0,95369.0,5.24
38951,Primary and Secondary Syphilis,310.0,Arkansas,2001.0,Female,20-24 years,20-24,7.0,93155.0,7.51
38952,Primary and Secondary Syphilis,310.0,Arkansas,2001.0,Female,25-29 years,25-29,4.0,85563.0,4.67
38953,Primary and Secondary Syphilis,310.0,Arkansas,2001.0,Female,30-34 years,30-34,1.0,89018.0,1.12
38954,Primary and Secondary Syphilis,310.0,Arkansas,2001.0,Female,35-39 years,35-39,3.0,98343.0,3.05
38955,Primary and Secondary Syphilis,310.0,Arkansas,2001.0,Female,40+ years,40+,7.0,642301.0,1.09
38956,Primary and Secondary Syphilis,310.0,Arkansas,2002.0,Female,15-19 years,15-19,1.0,94869.0,1.05
38957,Primary and Secondary Syphilis,310.0,Arkansas,2002.0,Female,20-24 years,20-24,3.0,95596.0,3.14
38958,Primary and Secondary Syphilis,310.0,Arkansas,2002.0,Female,25-29 years,25-29,4.0,85248.0,4.69
38959,Primary and Secondary Syphilis,310.0,Arkansas,2002.0,Female,30-34 years,30-34,4.0,90157.0,4.44
38960,Primary and Secondary Syphilis,310.0,Arkansas,2002.0,Female,40+ years,40+,6.0,650023.0,0.92
38961,Primary and Secondary Syphilis,310.0,Arkansas,2003.0,Female,15-19 years,15-19,2.0,94707.0,2.11
38962,Primary and Secondary Syphilis,310.0,Arkansas,2003.0,Female,20-24 years,20-24,2.0,96850.0,2.07
38963,Primary and Secondary Syphilis,310.0,Arkansas,2003.0,Female,25-29 years,25-29,4.0,86091.0,4.65
38964,Primary and Secondary Syphilis,310.0,Arkansas,2003.0,Female,35-39 years,35-39,3.0,92202.0,3.25
38965,Primary and Secondary Syphilis,310.0,Arkansas,2003.0,Female,40+ years,40+,5.0,656581.0,0.76
38966,Primary and Secondary Syphilis,310.0,Arkansas,2004.0,Female,0-14 years,0-14,1.0,273807.0,0.37
38967,Primary and Secondary Syphilis,310.0,Arkansas,2004.0,Female,15-19 years,15-19,6.0,94784.0,6.33
38968,Primary and Secondary Syphilis,310.0,Arkansas,2004.0,Female,20-24 years,20-24,3.0,98022.0,3.06
38969,Primary and Secondary Syphilis,310.0,Arkansas,2004.0,Female,25-29 years,25-29,4.0,88627.0,4.51
38970,Primary and Secondary Syphilis,310.0,Arkansas,2004.0,Female,30-34 years,30-34,1.0,89509.0,1.12
38971,Primary and Secondary Syphilis,310.0,Arkansas,2004.0,Female,35-39 years,35-39,1.0,90405.0,1.11
38972,Primary and Secondary Syphilis,310.0,Arkansas,2004.0,Female,40+ years,40+,2.0,668756.0,0.3
38973,Primary and Secondary Syphilis,310.0,Arkansas,2005.0,Female,15-19 years,15-19,6.0,95546.0,6.28
38974,Primary and Secondary Syphilis,310.0,Arkansas,2005.0,Female,20-24 years,20-24,5.0,97755.0,5.11
38975,Primary and Secondary Syphilis,310.0,Arkansas,2005.0,Female,25-29 years,25-29,1.0,91514.0,1.09
38976,Primary and Secondary Syphilis,310.0,Arkansas,2005.0,Female,30-34 years,30-34,3.0,88918.0,3.37
38977,Primary and Secondary Syphilis,310.0,Arkansas,2005.0,Female,35-39 years,35-39,2.0,90379.0,2.21
38978,Primary and Secondary Syphilis,310.0,Arkansas,2005.0,Female,40+ years,40+,4.0,679463.0,0.59
38979,Primary and Secondary Syphilis,310.0,Arkansas,2006.0,Female,15-19 years,15-19,4.0,95410.0,4.19
38980,Primary and Secondary Syphilis,310.0,Arkansas,2006.0,Female,20-24 years,20-24,12.0,92554.0,12.97
38981,Primary and Secondary Syphilis,310.0,Arkansas,2006.0,Female,25-29 years,25-29,3.0,99744.0,3.01
38982,Primary and Secondary Syphilis,310.0,Arkansas,2006.0,Female,30-34 years,30-34,3.0,87474.0,3.43
38983,Primary and Secondary Syphilis,310.0,Arkansas,2006.0,Female,35-39 years,35-39,5.0,91210.0,5.48
38984,Primary and Secondary Syphilis,310.0,Arkansas,2006.0,Female,40+ years,40+,8.0,687800.0,1.16
38985,Primary and Secondary Syphilis,310.0,Arkansas,2007.0,Female,15-19 years,15-19,8.0,96115.0,8.32
38986,Primary and Secondary Syphilis,310.0,Arkansas,2007.0,Female,20-24 years,20-24,10.0,91084.0,10.98
38987,Primary and Secondary Syphilis,310.0,Arkansas,2007.0,Female,25-29 years,25-29,9.0,101082.0,8.9
38988,Primary and Secondary Syphilis,310.0,Arkansas,2007.0,Female,30-34 years,30-34,2.0,87219.0,2.29
38989,Primary and Secondary Syphilis,310.0,Arkansas,2007.0,Female,35-39 years,35-39,6.0,92386.0,6.49
38990,Primary and Secondary Syphilis,310.0,Arkansas,2007.0,Female,40+ years,40+,15.0,694482.0,2.16
38991,Primary and Secondary Syphilis,310.0,Arkansas,2008.0,Female,0-14 years,0-14,1.0,285319.0,0.35
38992,Primary and Secondary Syphilis,310.0,Arkansas,2008.0,Female,15-19 years,15-19,5.0,96050.0,5.21
38993,Primary and Secondary Syphilis,310.0,Arkansas,2008.0,Female,20-24 years,20-24,16.0,90881.0,17.61
38994,Primary and Secondary Syphilis,310.0,Arkansas,2008.0,Female,25-29 years,25-29,19.0,100167.0,18.97
38995,Primary and Secondary Syphilis,310.0,Arkansas,2008.0,Female,30-34 years,30-34,8.0,89094.0,8.98
38996,Primary and Secondary Syphilis,310.0,Arkansas,2008.0,Female,35-39 years,35-39,6.0,92599.0,6.48
38997,Primary and Secondary Syphilis,310.0,Arkansas,2008.0,Female,40+ years,40+,26.0,702645.0,3.7
38998,Primary and Secondary Syphilis,310.0,Arkansas,2009.0,Female,15-19 years,15-19,13.0,97173.0,13.38
38999,Primary and Secondary Syphilis,310.0,Arkansas,2009.0,Female,20-24 years,20-24,27.0,94043.0,28.71
39000,Primary and Secondary Syphilis,310.0,Arkansas,2009.0,Female,25-29 years,25-29,15.0,100619.0,14.91
39001,Primary and Secondary Syphilis,310.0,Arkansas,2009.0,Female,30-34 years,30-34,19.0,92137.0,20.62
39002,Primary and Secondary Syphilis,310.0,Arkansas,2009.0,Female,35-39 years,35-39,12.0,92075.0,13.03
39003,Primary and Secondary Syphilis,310.0,Arkansas,2009.0,Female,40+ years,40+,18.0,708169.0,2.54
39004,Primary and Secondary Syphilis,310.0,Arkansas,2010.0,Female,0-14 years,0-14,1.0,289408.0,0.35
39005,Primary and Secondary Syphilis,310.0,Arkansas,2010.0,Female,15-19 years,15-19,14.0,99627.0,14.05
39006,Primary and Secondary Syphilis,310.0,Arkansas,2010.0,Female,20-24 years,20-24,23.0,98849.0,23.27
39007,Primary and Secondary Syphilis,310.0,Arkansas,2010.0,Female,25-29 years,25-29,14.0,95998.0,14.58
39008,Primary and Secondary Syphilis,310.0,Arkansas,2010.0,Female,30-34 years,30-34,10.0,91462.0,10.93
39009,Primary and Secondary Syphilis,310.0,Arkansas,2010.0,Female,35-39 years,35-39,9.0,92130.0,9.77
39010,Primary and Secondary Syphilis,310.0,Arkansas,2010.0,Female,40+ years,40+,11.0,716807.0,1.53
39011,Primary and Secondary Syphilis,310.0,Arkansas,2011.0,Female,0-14 years,0-14,3.0,290098.0,1.03
39012,Primary and Secondary Syphilis,310.0,Arkansas,2011.0,Female,15-19 years,15-19,9.0,95607.0,9.41
39013,Primary and Secondary Syphilis,310.0,Arkansas,2011.0,Female,20-24 years,20-24,27.0,102312.0,26.39
39014,Primary and Secondary Syphilis,310.0,Arkansas,2011.0,Female,25-29 years,25-29,17.0,95982.0,17.71
39015,Primary and Secondary Syphilis,310.0,Arkansas,2011.0,Female,30-34 years,30-34,4.0,94226.0,4.25
39016,Primary and Secondary Syphilis,310.0,Arkansas,2011.0,Female,35-39 years,35-39,6.0,89982.0,6.67
39017,Primary and Secondary Syphilis,310.0,Arkansas,2011.0,Female,40+ years,40+,10.0,726993.0,1.38
39018,Primary and Secondary Syphilis,310.0,Arkansas,2012.0,Female,15-19 years,15-19,8.0,95250.0,8.4
39019,Primary and Secondary Syphilis,310.0,Arkansas,2012.0,Female,20-24 years,20-24,10.0,103292.0,9.68
39020,Primary and Secondary Syphilis,310.0,Arkansas,2012.0,Female,25-29 years,25-29,13.0,96026.0,13.54
39021,Primary and Secondary Syphilis,310.0,Arkansas,2012.0,Female,30-34 years,30-34,8.0,95319.0,8.39
39022,Primary and Secondary Syphilis,310.0,Arkansas,2012.0,Female,35-39 years,35-39,5.0,89318.0,5.6
39023,Primary and Secondary Syphilis,310.0,Arkansas,2012.0,Female,40+ years,40+,5.0,731571.0,0.68
39024,Primary and Secondary Syphilis,310.0,Arkansas,2013.0,Female,15-19 years,15-19,4.0,95464.0,4.19
39025,Primary and Secondary Syphilis,310.0,Arkansas,2013.0,Female,20-24 years,20-24,15.0,104139.0,14.4
39026,Primary and Secondary Syphilis,310.0,Arkansas,2013.0,Female,25-29 years,25-29,7.0,95095.0,7.36
39027,Primary and Secondary Syphilis,310.0,Arkansas,2013.0,Female,30-34 years,30-34,6.0,95811.0,6.26
39028,Primary and Secondary Syphilis,310.0,Arkansas,2013.0,Female,35-39 years,35-39,5.0,89775.0,5.57
39029,Primary and Secondary Syphilis,310.0,Arkansas,2013.0,Female,40+ years,40+,7.0,736456.0,0.95
39030,Primary and Secondary Syphilis,310.0,Arkansas,2014.0,Female,15-19 years,15-19,4.0,95464.0,4.19
39031,Primary and Secondary Syphilis,310.0,Arkansas,2014.0,Female,20-24 years,20-24,4.0,104139.0,3.84
39032,Primary and Secondary Syphilis,310.0,Arkansas,2014.0,Female,25-29 years,25-29,5.0,95095.0,5.26
39033,Primary and Secondary Syphilis,310.0,Arkansas,2014.0,Female,30-34 years,30-34,3.0,95811.0,3.13
39034,Primary and Secondary Syphilis,310.0,Arkansas,2014.0,Female,35-39 years,35-39,4.0,89775.0,4.46
39035,Primary and Secondary Syphilis,310.0,Arkansas,2014.0,Female,40+ years,40+,3.0,736456.0,0.41
39036,Primary and Secondary Syphilis,310.0,California,1996.0,Female,15-19 years,15-19,10.0,1036919.0,0.96
39037,Primary and Secondary Syphilis,310.0,California,1996.0,Female,20-24 years,20-24,30.0,1002422.0,2.99
39038,Primary and Secondary Syphilis,310.0,California,1996.0,Female,25-29 years,25-29,32.0,1263294.0,2.53
39039,Primary and Secondary Syphilis,310.0,California,1996.0,Female,30-34 years,30-34,34.0,1382143.0,2.46
39040,Primary and Secondary Syphilis,310.0,California,1996.0,Female,35-39 years,35-39,37.0,1352234.0,2.74
39041,Primary and Secondary Syphilis,310.0,California,1996.0,Female,40+ years,40+,45.0,6228163.0,0.72
39042,Primary and Secondary Syphilis,310.0,California,1997.0,Female,0-14 years,0-14,1.0,3775311.0,0.03
39043,Primary and Secondary Syphilis,310.0,California,1997.0,Female,15-19 years,15-19,16.0,1076600.0,1.49
39044,Primary and Secondary Syphilis,310.0,California,1997.0,Female,20-24 years,20-24,10.0,1020527.0,0.98
39045,Primary and Secondary Syphilis,310.0,California,1997.0,Female,25-29 years,25-29,25.0,1259742.0,1.98
39046,Primary and Secondary Syphilis,310.0,California,1997.0,Female,30-34 years,30-34,23.0,1363206.0,1.69
39047,Primary and Secondary Syphilis,310.0,California,1997.0,Female,35-39 years,35-39,16.0,1369461.0,1.17
39048,Primary and Secondary Syphilis,310.0,California,1997.0,Female,40+ years,40+,27.0,6416272.0,0.42
39049,Primary and Secondary Syphilis,310.0,California,1998.0,Female,15-19 years,15-19,19.0,1119557.0,1.7
39050,Primary and Secondary Syphilis,310.0,California,1998.0,Female,20-24 years,20-24,17.0,1050631.0,1.62
39051,Primary and Secondary Syphilis,310.0,California,1998.0,Female,25-29 years,25-29,19.0,1256271.0,1.51
39052,Primary and Secondary Syphilis,310.0,California,1998.0,Female,30-34 years,30-34,23.0,1340469.0,1.72
39053,Primary and Secondary Syphilis,310.0,California,1998.0,Female,35-39 years,35-39,21.0,1385478.0,1.52
39054,Primary and Secondary Syphilis,310.0,California,1998.0,Female,40+ years,40+,34.0,6606323.0,0.51
39055,Primary and Secondary Syphilis,310.0,California,1999.0,Female,0-14 years,0-14,1.0,3785279.0,0.03
39056,Primary and Secondary Syphilis,310.0,California,1999.0,Female,15-19 years,15-19,8.0,1154633.0,0.69
39057,Primary and Secondary Syphilis,310.0,California,1999.0,Female,20-24 years,20-24,15.0,1095927.0,1.37
39058,Primary and Secondary Syphilis,310.0,California,1999.0,Female,25-29 years,25-29,9.0,1241325.0,0.73
39059,Primary and Secondary Syphilis,310.0,California,1999.0,Female,30-34 years,30-34,14.0,1318261.0,1.06
39060,Primary and Secondary Syphilis,310.0,California,1999.0,Female,35-39 years,35-39,14.0,1391548.0,1.01
39061,Primary and Secondary Syphilis,310.0,California,1999.0,Female,40+ years,40+,15.0,6813188.0,0.22
39062,Primary and Secondary Syphilis,310.0,California,2000.0,Female,0-14 years,0-14,1.0,3819443.0,0.03
39063,Primary and Secondary Syphilis,310.0,California,2000.0,Female,15-19 years,15-19,3.0,1182526.0,0.25
39064,Primary and Secondary Syphilis,310.0,California,2000.0,Female,20-24 years,20-24,10.0,1142702.0,0.88
39065,Primary and Secondary Syphilis,310.0,California,2000.0,Female,25-29 years,25-29,8.0,1227631.0,0.65
39066,Primary and Secondary Syphilis,310.0,California,2000.0,Female,30-34 years,30-34,7.0,1309311.0,0.53
39067,Primary and Secondary Syphilis,310.0,California,2000.0,Female,35-39 years,35-39,7.0,1379079.0,0.51
39068,Primary and Secondary Syphilis,310.0,California,2000.0,Female,40+ years,40+,15.0,7002797.0,0.21
39069,Primary and Secondary Syphilis,310.0,California,2001.0,Female,15-19 years,15-19,6.0,1202588.0,0.5
39070,Primary and Secondary Syphilis,310.0,California,2001.0,Female,20-24 years,20-24,9.0,1173015.0,0.77
39071,Primary and Secondary Syphilis,310.0,California,2001.0,Female,25-29 years,25-29,6.0,1232606.0,0.49
39072,Primary and Secondary Syphilis,310.0,California,2001.0,Female,30-34 years,30-34,8.0,1337628.0,0.6
39073,Primary and Secondary Syphilis,310.0,California,2001.0,Female,40+ years,40+,13.0,7183255.0,0.18
39074,Primary and Secondary Syphilis,310.0,California,2002.0,Female,15-19 years,15-19,6.0,1222477.0,0.49
39075,Primary and Secondary Syphilis,310.0,California,2002.0,Female,20-24 years,20-24,2.0,1209232.0,0.17
39076,Primary and Secondary Syphilis,310.0,California,2002.0,Female,25-29 years,25-29,7.0,1241929.0,0.56
39077,Primary and Secondary Syphilis,310.0,California,2002.0,Female,30-34 years,30-34,5.0,1355279.0,0.37
39078,Primary and Secondary Syphilis,310.0,California,2002.0,Female,35-39 years,35-39,9.0,1355682.0,0.66
39079,Primary and Secondary Syphilis,310.0,California,2002.0,Female,40+ years,40+,10.0,7339234.0,0.14
39080,Primary and Secondary Syphilis,310.0,California,2003.0,Female,0-14 years,0-14,2.0,3853483.0,0.05
39081,Primary and Secondary Syphilis,310.0,California,2003.0,Female,15-19 years,15-19,6.0,1229421.0,0.49
39082,Primary and Secondary Syphilis,310.0,California,2003.0,Female,20-24 years,20-24,12.0,1217371.0,0.99
39083,Primary and Secondary Syphilis,310.0,California,2003.0,Female,25-29 years,25-29,10.0,1217419.0,0.82
39084,Primary and Secondary Syphilis,310.0,California,2003.0,Female,30-34 years,30-34,9.0,1340121.0,0.67
39085,Primary and Secondary Syphilis,310.0,California,2003.0,Female,35-39 years,35-39,4.0,1343405.0,0.3
39086,Primary and Secondary Syphilis,310.0,California,2003.0,Female,40+ years,40+,9.0,7572039.0,0.12
39087,Primary and Secondary Syphilis,310.0,California,2004.0,Female,0-14 years,0-14,2.0,3915643.0,0.05
39088,Primary and Secondary Syphilis,310.0,California,2004.0,Female,15-19 years,15-19,7.0,1259900.0,0.56
39089,Primary and Secondary Syphilis,310.0,California,2004.0,Female,20-24 years,20-24,12.0,1231345.0,0.97
39090,Primary and Secondary Syphilis,310.0,California,2004.0,Female,25-29 years,25-29,9.0,1214300.0,0.74
39091,Primary and Secondary Syphilis,310.0,California,2004.0,Female,30-34 years,30-34,12.0,1316865.0,0.91
39092,Primary and Secondary Syphilis,310.0,California,2004.0,Female,35-39 years,35-39,6.0,1323923.0,0.45
39093,Primary and Secondary Syphilis,310.0,California,2004.0,Female,40+ years,40+,15.0,7718106.0,0.19
39094,Primary and Secondary Syphilis,310.0,California,2005.0,Female,15-19 years,15-19,12.0,1289638.0,0.93
39095,Primary and Secondary Syphilis,310.0,California,2005.0,Female,20-24 years,20-24,21.0,1232022.0,1.7
39096,Primary and Secondary Syphilis,310.0,California,2005.0,Female,25-29 years,25-29,25.0,1208778.0,2.07
39097,Primary and Secondary Syphilis,310.0,California,2005.0,Female,30-34 years,30-34,15.0,1277092.0,1.17
39098,Primary and Secondary Syphilis,310.0,California,2005.0,Female,35-39 years,35-39,24.0,1317283.0,1.82
39099,Primary and Secondary Syphilis,310.0,California,2005.0,Female,40+ years,40+,24.0,7825967.0,0.31
39100,Primary and Secondary Syphilis,310.0,California,2006.0,Female,15-19 years,15-19,17.0,1322446.0,1.29
39101,Primary and Secondary Syphilis,310.0,California,2006.0,Female,20-24 years,20-24,20.0,1287295.0,1.55
39102,Primary and Secondary Syphilis,310.0,California,2006.0,Female,25-29 years,25-29,19.0,1262335.0,1.51
39103,Primary and Secondary Syphilis,310.0,California,2006.0,Female,30-34 years,30-34,12.0,1261405.0,0.95
39104,Primary and Secondary Syphilis,310.0,California,2006.0,Female,35-39 years,35-39,19.0,1340100.0,1.42
39105,Primary and Secondary Syphilis,310.0,California,2006.0,Female,40+ years,40+,41.0,7908481.0,0.52
39106,Primary and Secondary Syphilis,310.0,California,2007.0,Female,15-19 years,15-19,15.0,1346665.0,1.11
39107,Primary and Secondary Syphilis,310.0,California,2007.0,Female,20-24 years,20-24,15.0,1303485.0,1.15
39108,Primary and Secondary Syphilis,310.0,California,2007.0,Female,25-29 years,25-29,16.0,1269396.0,1.26
39109,Primary and Secondary Syphilis,310.0,California,2007.0,Female,30-34 years,30-34,20.0,1234947.0,1.62
39110,Primary and Secondary Syphilis,310.0,California,2007.0,Female,35-39 years,35-39,7.0,1328733.0,0.53
39111,Primary and Secondary Syphilis,310.0,California,2007.0,Female,40+ years,40+,42.0,8023097.0,0.52
39112,Primary and Secondary Syphilis,310.0,California,2008.0,Female,15-19 years,15-19,14.0,1347578.0,1.04
39113,Primary and Secondary Syphilis,310.0,California,2008.0,Female,20-24 years,20-24,19.0,1302446.0,1.46
39114,Primary and Secondary Syphilis,310.0,California,2008.0,Female,25-29 years,25-29,22.0,1288582.0,1.71
39115,Primary and Secondary Syphilis,310.0,California,2008.0,Female,30-34 years,30-34,14.0,1218317.0,1.15
39116,Primary and Secondary Syphilis,310.0,California,2008.0,Female,35-39 years,35-39,19.0,1307338.0,1.45
39117,Primary and Secondary Syphilis,310.0,California,2008.0,Female,40+ years,40+,22.0,8129923.0,0.27
39118,Primary and Secondary Syphilis,310.0,California,2009.0,Female,15-19 years,15-19,6.0,1308294.0,0.46
39119,Primary and Secondary Syphilis,310.0,California,2009.0,Female,20-24 years,20-24,19.0,1268234.0,1.5
39120,Primary and Secondary Syphilis,310.0,California,2009.0,Female,25-29 years,25-29,11.0,1331456.0,0.83
39121,Primary and Secondary Syphilis,310.0,California,2009.0,Female,30-34 years,30-34,13.0,1243564.0,1.05
39122,Primary and Secondary Syphilis,310.0,California,2009.0,Female,35-39 years,35-39,8.0,1268685.0,0.63
39123,Primary and Secondary Syphilis,310.0,California,2009.0,Female,40+ years,40+,22.0,8216521.0,0.27
39124,Primary and Secondary Syphilis,310.0,California,2010.0,Female,0-14 years,0-14,1.0,3728568.0,0.03
39125,Primary and Secondary Syphilis,310.0,California,2010.0,Female,15-19 years,15-19,10.0,1368858.0,0.73
39126,Primary and Secondary Syphilis,310.0,California,2010.0,Female,20-24 years,20-24,12.0,1325164.0,0.91
39127,Primary and Secondary Syphilis,310.0,California,2010.0,Female,25-29 years,25-29,14.0,1335711.0,1.05
39128,Primary and Secondary Syphilis,310.0,California,2010.0,Female,30-34 years,30-34,4.0,1269121.0,0.32
39129,Primary and Secondary Syphilis,310.0,California,2010.0,Female,35-39 years,35-39,11.0,1282209.0,0.86
39130,Primary and Secondary Syphilis,310.0,California,2010.0,Female,40+ years,40+,22.0,8426495.0,0.26
39131,Primary and Secondary Syphilis,310.0,California,2011.0,Female,0-14 years,0-14,1.0,3730320.0,0.03
39132,Primary and Secondary Syphilis,310.0,California,2011.0,Female,15-19 years,15-19,11.0,1333782.0,0.82
39133,Primary and Secondary Syphilis,310.0,California,2011.0,Female,20-24 years,20-24,25.0,1375323.0,1.82
39134,Primary and Secondary Syphilis,310.0,California,2011.0,Female,25-29 years,25-29,15.0,1341880.0,1.12
39135,Primary and Secondary Syphilis,310.0,California,2011.0,Female,30-34 years,30-34,8.0,1296888.0,0.62
39136,Primary and Secondary Syphilis,310.0,California,2011.0,Female,35-39 years,35-39,13.0,1254773.0,1.04
39137,Primary and Secondary Syphilis,310.0,California,2011.0,Female,40+ years,40+,30.0,8610619.0,0.35
39138,Primary and Secondary Syphilis,310.0,California,2012.0,Female,15-19 years,15-19,11.0,1316658.0,0.84
39139,Primary and Secondary Syphilis,310.0,California,2012.0,Female,20-24 years,20-24,29.0,1407397.0,2.06
39140,Primary and Secondary Syphilis,310.0,California,2012.0,Female,25-29 years,25-29,19.0,1345492.0,1.41
39141,Primary and Secondary Syphilis,310.0,California,2012.0,Female,30-34 years,30-34,15.0,1321501.0,1.14
39142,Primary and Secondary Syphilis,310.0,California,2012.0,Female,35-39 years,35-39,15.0,1250927.0,1.2
39143,Primary and Secondary Syphilis,310.0,California,2012.0,Female,40+ years,40+,27.0,8751600.0,0.31
39144,Primary and Secondary Syphilis,310.0,California,2013.0,Female,0-14 years,0-14,1.0,3714727.0,0.03
39145,Primary and Secondary Syphilis,310.0,California,2013.0,Female,15-19 years,15-19,14.0,1293600.0,1.08
39146,Primary and Secondary Syphilis,310.0,California,2013.0,Female,20-24 years,20-24,52.0,1411162.0,3.68
39147,Primary and Secondary Syphilis,310.0,California,2013.0,Female,25-29 years,25-29,43.0,1368015.0,3.14
39148,Primary and Secondary Syphilis,310.0,California,2013.0,Female,30-34 years,30-34,28.0,1346427.0,2.08
39149,Primary and Secondary Syphilis,310.0,California,2013.0,Female,35-39 years,35-39,17.0,1253558.0,1.36
39150,Primary and Secondary Syphilis,310.0,California,2013.0,Female,40+ years,40+,53.0,8880836.0,0.6
39151,Primary and Secondary Syphilis,310.0,California,2013.0,Female,Unknown,99,2.0,,
39152,Primary and Secondary Syphilis,310.0,California,2014.0,Female,15-19 years,15-19,36.0,1293600.0,2.78
39153,Primary and Secondary Syphilis,310.0,California,2014.0,Female,20-24 years,20-24,57.0,1411162.0,4.04
39154,Primary and Secondary Syphilis,310.0,California,2014.0,Female,25-29 years,25-29,54.0,1368015.0,3.95
39155,Primary and Secondary Syphilis,310.0,California,2014.0,Female,30-34 years,30-34,55.0,1346427.0,4.08
39156,Primary and Secondary Syphilis,310.0,California,2014.0,Female,35-39 years,35-39,40.0,1253558.0,3.19
39157,Primary and Secondary Syphilis,310.0,California,2014.0,Female,40+ years,40+,76.0,8880836.0,0.86
39158,Primary and Secondary Syphilis,310.0,Colorado,1996.0,Female,15-19 years,15-19,4.0,129109.0,3.1
39159,Primary and Secondary Syphilis,310.0,Colorado,1996.0,Female,20-24 years,20-24,1.0,124739.0,0.8
39160,Primary and Secondary Syphilis,310.0,Colorado,1996.0,Female,25-29 years,25-29,1.0,146404.0,0.68
39161,Primary and Secondary Syphilis,310.0,Colorado,1996.0,Female,30-34 years,30-34,2.0,166728.0,1.2
39162,Primary and Secondary Syphilis,310.0,Colorado,1996.0,Female,35-39 years,35-39,1.0,184518.0,0.54
39163,Primary and Secondary Syphilis,310.0,Colorado,1996.0,Female,40+ years,40+,1.0,798623.0,0.13
39164,Primary and Secondary Syphilis,310.0,Colorado,1997.0,Female,15-19 years,15-19,1.0,134863.0,0.74
39165,Primary and Secondary Syphilis,310.0,Colorado,1997.0,Female,25-29 years,25-29,1.0,150379.0,0.66
39166,Primary and Secondary Syphilis,310.0,Colorado,1997.0,Female,30-34 years,30-34,1.0,161792.0,0.62
39167,Primary and Secondary Syphilis,310.0,Colorado,1997.0,Female,35-39 years,35-39,1.0,185385.0,0.54
39168,Primary and Secondary Syphilis,310.0,Colorado,1997.0,Female,40+ years,40+,1.0,826913.0,0.12
39169,Primary and Secondary Syphilis,310.0,Colorado,1998.0,Female,20-24 years,20-24,1.0,132310.0,0.76
39170,Primary and Secondary Syphilis,310.0,Colorado,1998.0,Female,30-34 years,30-34,1.0,158006.0,0.63
39171,Primary and Secondary Syphilis,310.0,Colorado,1998.0,Female,35-39 years,35-39,1.0,184461.0,0.54
39172,Primary and Secondary Syphilis,310.0,Colorado,1999.0,Female,20-24 years,20-24,2.0,138595.0,1.44
39173,Primary and Secondary Syphilis,310.0,Colorado,1999.0,Female,30-34 years,30-34,3.0,157805.0,1.9
39174,Primary and Secondary Syphilis,310.0,Colorado,1999.0,Female,40+ years,40+,1.0,882293.0,0.11
39175,Primary and Secondary Syphilis,310.0,Colorado,2000.0,Female,35-39 years,35-39,1.0,178051.0,0.56
39176,Primary and Secondary Syphilis,310.0,Colorado,2001.0,Female,20-24 years,20-24,1.0,147095.0,0.68
39177,Primary and Secondary Syphilis,310.0,Colorado,2001.0,Female,25-29 years,25-29,2.0,154575.0,1.29
39178,Primary and Secondary Syphilis,310.0,Colorado,2001.0,Female,40+ years,40+,2.0,943999.0,0.21
39179,Primary and Secondary Syphilis,310.0,Colorado,2002.0,Female,15-19 years,15-19,1.0,153905.0,0.65
39180,Primary and Secondary Syphilis,310.0,Colorado,2002.0,Female,35-39 years,35-39,1.0,170334.0,0.59
39181,Primary and Secondary Syphilis,310.0,Colorado,2003.0,Female,15-19 years,15-19,1.0,152575.0,0.66
39182,Primary and Secondary Syphilis,310.0,Colorado,2003.0,Female,30-34 years,30-34,1.0,174994.0,0.57
39183,Primary and Secondary Syphilis,310.0,Colorado,2003.0,Female,35-39 years,35-39,2.0,166917.0,1.2
39184,Primary and Secondary Syphilis,310.0,Colorado,2003.0,Female,40+ years,40+,1.0,973813.0,0.1
39185,Primary and Secondary Syphilis,310.0,Colorado,2004.0,Female,25-29 years,25-29,1.0,164421.0,0.61
39186,Primary and Secondary Syphilis,310.0,Colorado,2004.0,Female,30-34 years,30-34,1.0,173720.0,0.58
39187,Primary and Secondary Syphilis,310.0,Colorado,2004.0,Female,35-39 years,35-39,3.0,164075.0,1.83
39188,Primary and Secondary Syphilis,310.0,Colorado,2004.0,Female,40+ years,40+,2.0,985983.0,0.2
39189,Primary and Secondary Syphilis,310.0,Colorado,2005.0,Female,15-19 years,15-19,1.0,155966.0,0.64
39190,Primary and Secondary Syphilis,310.0,Colorado,2005.0,Female,20-24 years,20-24,1.0,159441.0,0.63
39191,Primary and Secondary Syphilis,310.0,Colorado,2006.0,Female,20-24 years,20-24,1.0,160005.0,0.62
39192,Primary and Secondary Syphilis,310.0,Colorado,2006.0,Female,25-29 years,25-29,2.0,179462.0,1.11
39193,Primary and Secondary Syphilis,310.0,Colorado,2006.0,Female,30-34 years,30-34,1.0,165173.0,0.61
39194,Primary and Secondary Syphilis,310.0,Colorado,2006.0,Female,35-39 years,35-39,1.0,170736.0,0.59
39195,Primary and Secondary Syphilis,310.0,Colorado,2007.0,Female,30-34 years,30-34,1.0,166313.0,0.6
39196,Primary and Secondary Syphilis,310.0,Colorado,2007.0,Female,35-39 years,35-39,1.0,174656.0,0.57
39197,Primary and Secondary Syphilis,310.0,Colorado,2008.0,Female,20-24 years,20-24,1.0,160152.0,0.62
39198,Primary and Secondary Syphilis,310.0,Colorado,2008.0,Female,25-29 years,25-29,1.0,184789.0,0.54
39199,Primary and Secondary Syphilis,310.0,Colorado,2008.0,Female,30-34 years,30-34,1.0,169372.0,0.59
39200,Primary and Secondary Syphilis,310.0,Colorado,2009.0,Female,25-29 years,25-29,2.0,184061.0,1.09
39201,Primary and Secondary Syphilis,310.0,Colorado,2009.0,Female,30-34 years,30-34,1.0,167784.0,0.6
39202,Primary and Secondary Syphilis,310.0,Colorado,2009.0,Female,35-39 years,35-39,1.0,173141.0,0.58
39203,Primary and Secondary Syphilis,310.0,Colorado,2009.0,Female,40+ years,40+,2.0,1131576.0,0.18
39204,Primary and Secondary Syphilis,310.0,Colorado,2010.0,Female,20-24 years,20-24,1.0,166850.0,0.6
39205,Primary and Secondary Syphilis,310.0,Colorado,2010.0,Female,40+ years,40+,1.0,1152848.0,0.09
39206,Primary and Secondary Syphilis,310.0,Colorado,2011.0,Female,15-19 years,15-19,1.0,163799.0,0.61
39207,Primary and Secondary Syphilis,310.0,Colorado,2011.0,Female,25-29 years,25-29,1.0,182829.0,0.55
39208,Primary and Secondary Syphilis,310.0,Colorado,2011.0,Female,30-34 years,30-34,1.0,178398.0,0.56
39209,Primary and Secondary Syphilis,310.0,Colorado,2011.0,Female,40+ years,40+,1.0,1181297.0,0.08
39210,Primary and Secondary Syphilis,310.0,Colorado,2012.0,Female,20-24 years,20-24,3.0,174836.0,1.72
39211,Primary and Secondary Syphilis,310.0,Colorado,2013.0,Female,20-24 years,20-24,1.0,178961.0,0.56
39212,Primary and Secondary Syphilis,310.0,Colorado,2013.0,Female,25-29 years,25-29,1.0,187341.0,0.53
39213,Primary and Secondary Syphilis,310.0,Colorado,2013.0,Female,40+ years,40+,2.0,1226026.0,0.16
39214,Primary and Secondary Syphilis,310.0,Colorado,2014.0,Female,20-24 years,20-24,2.0,178961.0,1.12
39215,Primary and Secondary Syphilis,310.0,Colorado,2014.0,Female,25-29 years,25-29,2.0,187341.0,1.07
39216,Primary and Secondary Syphilis,310.0,Colorado,2014.0,Female,40+ years,40+,2.0,1226026.0,0.16
39217,Primary and Secondary Syphilis,310.0,Connecticut,1996.0,Female,0-14 years,0-14,2.0,336166.0,0.59
39218,Primary and Secondary Syphilis,310.0,Connecticut,1996.0,Female,15-19 years,15-19,11.0,97807.0,11.25
39219,Primary and Secondary Syphilis,310.0,Connecticut,1996.0,Female,20-24 years,20-24,11.0,93533.0,11.76
39220,Primary and Secondary Syphilis,310.0,Connecticut,1996.0,Female,25-29 years,25-29,6.0,116450.0,5.15
39221,Primary and Secondary Syphilis,310.0,Connecticut,1996.0,Female,30-34 years,30-34,7.0,141480.0,4.95
39222,Primary and Secondary Syphilis,310.0,Connecticut,1996.0,Female,35-39 years,35-39,15.0,150078.0,9.99
39223,Primary and Secondary Syphilis,310.0,Connecticut,1996.0,Female,40+ years,40+,6.0,786271.0,0.76
39224,Primary and Secondary Syphilis,310.0,Connecticut,1997.0,Female,15-19 years,15-19,2.0,99606.0,2.01
39225,Primary and Secondary Syphilis,310.0,Connecticut,1997.0,Female,20-24 years,20-24,6.0,91660.0,6.55
39226,Primary and Secondary Syphilis,310.0,Connecticut,1997.0,Female,25-29 years,25-29,2.0,113179.0,1.77
39227,Primary and Secondary Syphilis,310.0,Connecticut,1997.0,Female,30-34 years,30-34,6.0,137922.0,4.35
39228,Primary and Secondary Syphilis,310.0,Connecticut,1997.0,Female,35-39 years,35-39,3.0,150653.0,1.99
39229,Primary and Secondary Syphilis,310.0,Connecticut,1997.0,Female,40+ years,40+,6.0,798848.0,0.75
39230,Primary and Secondary Syphilis,310.0,Connecticut,1998.0,Female,15-19 years,15-19,5.0,101956.0,4.9
39231,Primary and Secondary Syphilis,310.0,Connecticut,1998.0,Female,25-29 years,25-29,5.0,109325.0,4.57
39232,Primary and Secondary Syphilis,310.0,Connecticut,1998.0,Female,30-34 years,30-34,1.0,133582.0,0.75
39233,Primary and Secondary Syphilis,310.0,Connecticut,1998.0,Female,35-39 years,35-39,3.0,149828.0,2.0
39234,Primary and Secondary Syphilis,310.0,Connecticut,1998.0,Female,40+ years,40+,2.0,811333.0,0.25
39235,Primary and Secondary Syphilis,310.0,Connecticut,1999.0,Female,15-19 years,15-19,1.0,103613.0,0.97
39236,Primary and Secondary Syphilis,310.0,Connecticut,1999.0,Female,20-24 years,20-24,1.0,91683.0,1.09
39237,Primary and Secondary Syphilis,310.0,Connecticut,1999.0,Female,25-29 years,25-29,1.0,104776.0,0.95
39238,Primary and Secondary Syphilis,310.0,Connecticut,1999.0,Female,30-34 years,30-34,2.0,129662.0,1.54
39239,Primary and Secondary Syphilis,310.0,Connecticut,1999.0,Female,40+ years,40+,1.0,824214.0,0.12
39240,Primary and Secondary Syphilis,310.0,Connecticut,2000.0,Female,20-24 years,20-24,1.0,92540.0,1.08
39241,Primary and Secondary Syphilis,310.0,Connecticut,2000.0,Female,30-34 years,30-34,4.0,126058.0,3.17
39242,Primary and Secondary Syphilis,310.0,Connecticut,2000.0,Female,35-39 years,35-39,2.0,146776.0,1.36
39243,Primary and Secondary Syphilis,310.0,Connecticut,2001.0,Female,15-19 years,15-19,1.0,109408.0,0.91
39244,Primary and Secondary Syphilis,310.0,Connecticut,2001.0,Female,30-34 years,30-34,1.0,123528.0,0.81
39245,Primary and Secondary Syphilis,310.0,Connecticut,2002.0,Female,40+ years,40+,3.0,860418.0,0.35
39246,Primary and Secondary Syphilis,310.0,Connecticut,2003.0,Female,20-24 years,20-24,1.0,103375.0,0.97
39247,Primary and Secondary Syphilis,310.0,Connecticut,2003.0,Female,30-34 years,30-34,1.0,117097.0,0.85
39248,Primary and Secondary Syphilis,310.0,Connecticut,2003.0,Female,35-39 years,35-39,1.0,139618.0,0.72
39249,Primary and Secondary Syphilis,310.0,Connecticut,2004.0,Female,20-24 years,20-24,2.0,105301.0,1.9
39250,Primary and Secondary Syphilis,310.0,Connecticut,2004.0,Female,30-34 years,30-34,1.0,111523.0,0.9
39251,Primary and Secondary Syphilis,310.0,Connecticut,2005.0,Female,15-19 years,15-19,1.0,120767.0,0.83
39252,Primary and Secondary Syphilis,310.0,Connecticut,2005.0,Female,30-34 years,30-34,1.0,104999.0,0.95
39253,Primary and Secondary Syphilis,310.0,Connecticut,2006.0,Female,40+ years,40+,2.0,910631.0,0.22
39254,Primary and Secondary Syphilis,310.0,Connecticut,2007.0,Female,20-24 years,20-24,1.0,108452.0,0.92
39255,Primary and Secondary Syphilis,310.0,Connecticut,2007.0,Female,25-29 years,25-29,1.0,98630.0,1.01
39256,Primary and Secondary Syphilis,310.0,Connecticut,2009.0,Female,15-19 years,15-19,1.0,123986.0,0.81
39257,Primary and Secondary Syphilis,310.0,Connecticut,2010.0,Female,25-29 years,25-29,3.0,106159.0,2.83
39258,Primary and Secondary Syphilis,310.0,Connecticut,2010.0,Female,35-39 years,35-39,1.0,113764.0,0.88
39259,Primary and Secondary Syphilis,310.0,Connecticut,2010.0,Female,40+ years,40+,1.0,952920.0,0.1
39260,Primary and Secondary Syphilis,310.0,Connecticut,2011.0,Female,15-19 years,15-19,1.0,123249.0,0.81
39261,Primary and Secondary Syphilis,310.0,Connecticut,2011.0,Female,35-39 years,35-39,1.0,107960.0,0.93
39262,Primary and Secondary Syphilis,310.0,Connecticut,2011.0,Female,40+ years,40+,3.0,961834.0,0.31
39263,Primary and Secondary Syphilis,310.0,Connecticut,2012.0,Female,20-24 years,20-24,2.0,110187.0,1.82
39264,Primary and Secondary Syphilis,310.0,Connecticut,2012.0,Female,25-29 years,25-29,5.0,108559.0,4.61
39265,Primary and Secondary Syphilis,310.0,Connecticut,2012.0,Female,30-34 years,30-34,1.0,108167.0,0.92
39266,Primary and Secondary Syphilis,310.0,Connecticut,2012.0,Female,40+ years,40+,1.0,966734.0,0.1
39267,Primary and Secondary Syphilis,310.0,Connecticut,2013.0,Female,20-24 years,20-24,1.0,113326.0,0.88
39268,Primary and Secondary Syphilis,310.0,Connecticut,2013.0,Female,25-29 years,25-29,1.0,108982.0,0.92
39269,Primary and Secondary Syphilis,310.0,Connecticut,2013.0,Female,30-34 years,30-34,1.0,109822.0,0.91
39270,Primary and Secondary Syphilis,310.0,Connecticut,2013.0,Female,40+ years,40+,5.0,967872.0,0.52
39271,Primary and Secondary Syphilis,310.0,Connecticut,2014.0,Female,15-19 years,15-19,1.0,124102.0,0.81
39272,Primary and Secondary Syphilis,310.0,Connecticut,2014.0,Female,25-29 years,25-29,2.0,108982.0,1.84
39273,Primary and Secondary Syphilis,310.0,Connecticut,2014.0,Female,30-34 years,30-34,1.0,109822.0,0.91
39274,Primary and Secondary Syphilis,310.0,Connecticut,2014.0,Female,40+ years,40+,3.0,967872.0,0.31
39275,Primary and Secondary Syphilis,310.0,Delaware,1996.0,Female,15-19 years,15-19,1.0,24805.0,4.03
39276,Primary and Secondary Syphilis,310.0,Delaware,1996.0,Female,20-24 years,20-24,2.0,23946.0,8.35
39277,Primary and Secondary Syphilis,310.0,Delaware,1996.0,Female,25-29 years,25-29,2.0,29333.0,6.82
39278,Primary and Secondary Syphilis,310.0,Delaware,1996.0,Female,30-34 years,30-34,3.0,31038.0,9.67
39279,Primary and Secondary Syphilis,310.0,Delaware,1996.0,Female,35-39 years,35-39,2.0,32675.0,6.12
39280,Primary and Secondary Syphilis,310.0,Delaware,1996.0,Female,40+ years,40+,4.0,164111.0,2.44
39281,Primary and Secondary Syphilis,310.0,Delaware,1997.0,Female,20-24 years,20-24,1.0,23744.0,4.21
39282,Primary and Secondary Syphilis,310.0,Delaware,1997.0,Female,25-29 years,25-29,1.0,29097.0,3.44
39283,Primary and Secondary Syphilis,310.0,Delaware,1997.0,Female,30-34 years,30-34,3.0,30297.0,9.9
39284,Primary and Secondary Syphilis,310.0,Delaware,1997.0,Female,35-39 years,35-39,4.0,32956.0,12.14
39285,Primary and Secondary Syphilis,310.0,Delaware,1997.0,Female,40+ years,40+,1.0,168788.0,0.59
39286,Primary and Secondary Syphilis,310.0,Delaware,1998.0,Female,20-24 years,20-24,1.0,24312.0,4.11
39287,Primary and Secondary Syphilis,310.0,Delaware,1998.0,Female,30-34 years,30-34,5.0,29644.0,16.87
39288,Primary and Secondary Syphilis,310.0,Delaware,1998.0,Female,35-39 years,35-39,3.0,32949.0,9.1
39289,Primary and Secondary Syphilis,310.0,Delaware,1998.0,Female,40+ years,40+,2.0,174106.0,1.15
39290,Primary and Secondary Syphilis,310.0,Delaware,1999.0,Female,25-29 years,25-29,1.0,26844.0,3.73
39291,Primary and Secondary Syphilis,310.0,Delaware,2000.0,Female,25-29 years,25-29,1.0,25813.0,3.87
39292,Primary and Secondary Syphilis,310.0,Delaware,2001.0,Female,20-24 years,20-24,1.0,28841.0,3.47
39293,Primary and Secondary Syphilis,310.0,Delaware,2001.0,Female,25-29 years,25-29,1.0,25237.0,3.96
39294,Primary and Secondary Syphilis,310.0,Delaware,2001.0,Female,30-34 years,30-34,1.0,29678.0,3.37
39295,Primary and Secondary Syphilis,310.0,Delaware,2001.0,Female,35-39 years,35-39,1.0,32859.0,3.04
39296,Primary and Secondary Syphilis,310.0,Delaware,2001.0,Female,40+ years,40+,1.0,188890.0,0.53
39297,Primary and Secondary Syphilis,310.0,Delaware,2002.0,Female,15-19 years,15-19,1.0,26130.0,3.83
39298,Primary and Secondary Syphilis,310.0,Delaware,2002.0,Female,20-24 years,20-24,1.0,30499.0,3.28
39299,Primary and Secondary Syphilis,310.0,Delaware,2002.0,Female,30-34 years,30-34,1.0,29805.0,3.36
39300,Primary and Secondary Syphilis,310.0,Delaware,2002.0,Female,40+ years,40+,1.0,193586.0,0.52
39301,Primary and Secondary Syphilis,310.0,Delaware,2003.0,Female,30-34 years,30-34,1.0,28268.0,3.54
39302,Primary and Secondary Syphilis,310.0,Delaware,2003.0,Female,40+ years,40+,1.0,196822.0,0.51
39303,Primary and Secondary Syphilis,310.0,Delaware,2004.0,Female,25-29 years,25-29,1.0,27390.0,3.65
39304,Primary and Secondary Syphilis,310.0,Delaware,2005.0,Female,20-24 years,20-24,1.0,29864.0,3.35
39305,Primary and Secondary Syphilis,310.0,Delaware,2005.0,Female,40+ years,40+,1.0,208868.0,0.48
39306,Primary and Secondary Syphilis,310.0,Delaware,2006.0,Female,25-29 years,25-29,1.0,28796.0,3.47
39307,Primary and Secondary Syphilis,310.0,Delaware,2006.0,Female,30-34 years,30-34,1.0,26754.0,3.74
39308,Primary and Secondary Syphilis,310.0,Delaware,2006.0,Female,40+ years,40+,2.0,212425.0,0.94
39309,Primary and Secondary Syphilis,310.0,Delaware,2007.0,Female,40+ years,40+,1.0,217705.0,0.46
39310,Primary and Secondary Syphilis,310.0,Delaware,2008.0,Female,20-24 years,20-24,2.0,28869.0,6.93
39311,Primary and Secondary Syphilis,310.0,Delaware,2008.0,Female,25-29 years,25-29,2.0,28647.0,6.98
39312,Primary and Secondary Syphilis,310.0,Delaware,2008.0,Female,40+ years,40+,2.0,221848.0,0.9
39313,Primary and Secondary Syphilis,310.0,Delaware,2009.0,Female,20-24 years,20-24,5.0,27942.0,17.89
39314,Primary and Secondary Syphilis,310.0,Delaware,2009.0,Female,25-29 years,25-29,5.0,29445.0,16.98
39315,Primary and Secondary Syphilis,310.0,Delaware,2009.0,Female,40+ years,40+,1.0,226121.0,0.44
39316,Primary and Secondary Syphilis,310.0,Delaware,2010.0,Female,35-39 years,35-39,1.0,28270.0,3.54
39317,Primary and Secondary Syphilis,310.0,Delaware,2011.0,Female,35-39 years,35-39,1.0,27153.0,3.68
39318,Primary and Secondary Syphilis,310.0,Delaware,2012.0,Female,25-29 years,25-29,2.0,29237.0,6.84
39319,Primary and Secondary Syphilis,310.0,Delaware,2013.0,Female,20-24 years,20-24,1.0,32742.0,3.05
39320,Primary and Secondary Syphilis,310.0,Delaware,2013.0,Female,25-29 years,25-29,1.0,30812.0,3.25
39321,Primary and Secondary Syphilis,310.0,Delaware,2013.0,Female,30-34 years,30-34,1.0,29567.0,3.38
39322,Primary and Secondary Syphilis,310.0,Delaware,2014.0,Female,20-24 years,20-24,2.0,32742.0,6.11
39323,Primary and Secondary Syphilis,310.0,District of Columbia,1996.0,Female,0-14 years,0-14,2.0,51167.0,3.91
39324,Primary and Secondary Syphilis,310.0,District of Columbia,1996.0,Female,15-19 years,15-19,8.0,17091.0,46.81
39325,Primary and Secondary Syphilis,310.0,District of Columbia,1996.0,Female,20-24 years,20-24,8.0,24605.0,32.51
39326,Primary and Secondary Syphilis,310.0,District of Columbia,1996.0,Female,25-29 years,25-29,11.0,34074.0,32.28
39327,Primary and Secondary Syphilis,310.0,District of Columbia,1996.0,Female,30-34 years,30-34,11.0,27315.0,40.27
39328,Primary and Secondary Syphilis,310.0,District of Columbia,1996.0,Female,35-39 years,35-39,7.0,23405.0,29.91
39329,Primary and Secondary Syphilis,310.0,District of Columbia,1996.0,Female,40+ years,40+,10.0,126352.0,7.91
39330,Primary and Secondary Syphilis,310.0,District of Columbia,1997.0,Female,0-14 years,0-14,2.0,50526.0,3.96
39331,Primary and Secondary Syphilis,310.0,District of Columbia,1997.0,Female,15-19 years,15-19,7.0,17652.0,39.66
39332,Primary and Secondary Syphilis,310.0,District of Columbia,1997.0,Female,20-24 years,20-24,8.0,23220.0,34.45
39333,Primary and Secondary Syphilis,310.0,District of Columbia,1997.0,Female,25-29 years,25-29,5.0,33601.0,14.88
39334,Primary and Secondary Syphilis,310.0,District of Columbia,1997.0,Female,30-34 years,30-34,17.0,26390.0,64.42
39335,Primary and Secondary Syphilis,310.0,District of Columbia,1997.0,Female,35-39 years,35-39,7.0,23077.0,30.33
39336,Primary and Secondary Syphilis,310.0,District of Columbia,1997.0,Female,40+ years,40+,12.0,126277.0,9.5
39337,Primary and Secondary Syphilis,310.0,District of Columbia,1998.0,Female,0-14 years,0-14,1.0,48160.0,2.08
39338,Primary and Secondary Syphilis,310.0,District of Columbia,1998.0,Female,15-19 years,15-19,2.0,18265.0,10.95
39339,Primary and Secondary Syphilis,310.0,District of Columbia,1998.0,Female,20-24 years,20-24,2.0,24281.0,8.24
39340,Primary and Secondary Syphilis,310.0,District of Columbia,1998.0,Female,25-29 years,25-29,4.0,32303.0,12.38
39341,Primary and Secondary Syphilis,310.0,District of Columbia,1998.0,Female,30-34 years,30-34,3.0,25590.0,11.72
39342,Primary and Secondary Syphilis,310.0,District of Columbia,1998.0,Female,35-39 years,35-39,8.0,23019.0,34.75
39343,Primary and Secondary Syphilis,310.0,District of Columbia,1998.0,Female,40+ years,40+,14.0,127712.0,10.96
39344,Primary and Secondary Syphilis,310.0,District of Columbia,1999.0,Female,0-14 years,0-14,1.0,48609.0,2.06
39345,Primary and Secondary Syphilis,310.0,District of Columbia,1999.0,Female,15-19 years,15-19,2.0,19213.0,10.41
39346,Primary and Secondary Syphilis,310.0,District of Columbia,1999.0,Female,20-24 years,20-24,1.0,26317.0,3.8
39347,Primary and Secondary Syphilis,310.0,District of Columbia,1999.0,Female,25-29 years,25-29,1.0,29880.0,3.35
39348,Primary and Secondary Syphilis,310.0,District of Columbia,1999.0,Female,30-34 years,30-34,9.0,24860.0,36.2
39349,Primary and Secondary Syphilis,310.0,District of Columbia,1999.0,Female,35-39 years,35-39,4.0,22908.0,17.46
39350,Primary and Secondary Syphilis,310.0,District of Columbia,1999.0,Female,40+ years,40+,6.0,130010.0,4.62
39351,Primary and Secondary Syphilis,310.0,District of Columbia,2000.0,Female,25-29 years,25-29,1.0,27961.0,3.58
39352,Primary and Secondary Syphilis,310.0,District of Columbia,2000.0,Female,30-34 years,30-34,1.0,24923.0,4.01
39353,Primary and Secondary Syphilis,310.0,District of Columbia,2000.0,Female,35-39 years,35-39,3.0,22772.0,13.17
39354,Primary and Secondary Syphilis,310.0,District of Columbia,2000.0,Female,40+ years,40+,5.0,132829.0,3.76
39355,Primary and Secondary Syphilis,310.0,District of Columbia,2001.0,Female,0-14 years,0-14,3.0,47724.0,6.29
39356,Primary and Secondary Syphilis,310.0,District of Columbia,2001.0,Female,25-29 years,25-29,1.0,28716.0,3.48
39357,Primary and Secondary Syphilis,310.0,District of Columbia,2001.0,Female,30-34 years,30-34,1.0,25854.0,3.87
39358,Primary and Secondary Syphilis,310.0,District of Columbia,2001.0,Female,35-39 years,35-39,1.0,22524.0,4.44
39359,Primary and Secondary Syphilis,310.0,District of Columbia,2001.0,Female,40+ years,40+,2.0,133249.0,1.5
39360,Primary and Secondary Syphilis,310.0,District of Columbia,2002.0,Female,20-24 years,20-24,1.0,29376.0,3.4
39361,Primary and Secondary Syphilis,310.0,District of Columbia,2002.0,Female,25-29 years,25-29,2.0,29383.0,6.81
39362,Primary and Secondary Syphilis,310.0,District of Columbia,2002.0,Female,30-34 years,30-34,2.0,26364.0,7.59
39363,Primary and Secondary Syphilis,310.0,District of Columbia,2002.0,Female,35-39 years,35-39,2.0,22231.0,9.0
39364,Primary and Secondary Syphilis,310.0,District of Columbia,2002.0,Female,40+ years,40+,2.0,132575.0,1.51
39365,Primary and Secondary Syphilis,310.0,District of Columbia,2003.0,Female,20-24 years,20-24,1.0,27766.0,3.6
39366,Primary and Secondary Syphilis,310.0,District of Columbia,2003.0,Female,30-34 years,30-34,1.0,26397.0,3.79
39367,Primary and Secondary Syphilis,310.0,District of Columbia,2003.0,Female,40+ years,40+,1.0,131166.0,0.76
39368,Primary and Secondary Syphilis,310.0,District of Columbia,2004.0,Female,20-24 years,20-24,1.0,24882.0,4.02
39369,Primary and Secondary Syphilis,310.0,District of Columbia,2004.0,Female,25-29 years,25-29,1.0,31775.0,3.15
39370,Primary and Secondary Syphilis,310.0,District of Columbia,2004.0,Female,35-39 years,35-39,1.0,20858.0,4.79
39371,Primary and Secondary Syphilis,310.0,District of Columbia,2004.0,Female,40+ years,40+,1.0,128949.0,0.78
39372,Primary and Secondary Syphilis,310.0,District of Columbia,2005.0,Female,15-19 years,15-19,4.0,13448.0,29.74
39373,Primary and Secondary Syphilis,310.0,District of Columbia,2005.0,Female,20-24 years,20-24,2.0,21369.0,9.36
39374,Primary and Secondary Syphilis,310.0,District of Columbia,2005.0,Female,30-34 years,30-34,1.0,25476.0,3.93
39375,Primary and Secondary Syphilis,310.0,District of Columbia,2005.0,Female,35-39 years,35-39,2.0,20933.0,9.55
39376,Primary and Secondary Syphilis,310.0,District of Columbia,2005.0,Female,40+ years,40+,2.0,127911.0,1.56
39377,Primary and Secondary Syphilis,310.0,District of Columbia,2006.0,Female,20-24 years,20-24,1.0,28065.0,3.56
39378,Primary and Secondary Syphilis,310.0,District of Columbia,2006.0,Female,30-34 years,30-34,1.0,24680.0,4.05
39379,Primary and Secondary Syphilis,310.0,District of Columbia,2006.0,Female,35-39 years,35-39,2.0,22288.0,8.97
39380,Primary and Secondary Syphilis,310.0,District of Columbia,2006.0,Female,40+ years,40+,2.0,135952.0,1.47
39381,Primary and Secondary Syphilis,310.0,District of Columbia,2007.0,Female,15-19 years,15-19,2.0,21115.0,9.47
39382,Primary and Secondary Syphilis,310.0,District of Columbia,2007.0,Female,25-29 years,25-29,2.0,30487.0,6.56
39383,Primary and Secondary Syphilis,310.0,District of Columbia,2007.0,Female,40+ years,40+,1.0,136841.0,0.73
39384,Primary and Secondary Syphilis,310.0,District of Columbia,2008.0,Female,15-19 years,15-19,1.0,21290.0,4.7
39385,Primary and Secondary Syphilis,310.0,District of Columbia,2008.0,Female,20-24 years,20-24,2.0,29113.0,6.87
39386,Primary and Secondary Syphilis,310.0,District of Columbia,2008.0,Female,35-39 years,35-39,2.0,22017.0,9.08
39387,Primary and Secondary Syphilis,310.0,District of Columbia,2008.0,Female,40+ years,40+,2.0,137890.0,1.45
39388,Primary and Secondary Syphilis,310.0,District of Columbia,2009.0,Female,15-19 years,15-19,2.0,21678.0,9.23
39389,Primary and Secondary Syphilis,310.0,District of Columbia,2009.0,Female,20-24 years,20-24,4.0,27179.0,14.72
39390,Primary and Secondary Syphilis,310.0,District of Columbia,2009.0,Female,25-29 years,25-29,2.0,32253.0,6.2
39391,Primary and Secondary Syphilis,310.0,District of Columbia,2009.0,Female,35-39 years,35-39,2.0,23072.0,8.67
39392,Primary and Secondary Syphilis,310.0,District of Columbia,2010.0,Female,15-19 years,15-19,1.0,20968.0,4.77
39393,Primary and Secondary Syphilis,310.0,District of Columbia,2010.0,Female,40+ years,40+,1.0,132356.0,0.76
39394,Primary and Secondary Syphilis,310.0,District of Columbia,2011.0,Female,15-19 years,15-19,1.0,20531.0,4.87
39395,Primary and Secondary Syphilis,310.0,District of Columbia,2011.0,Female,20-24 years,20-24,3.0,33984.0,8.83
39396,Primary and Secondary Syphilis,310.0,District of Columbia,2011.0,Female,30-34 years,30-34,1.0,30851.0,3.24
39397,Primary and Secondary Syphilis,310.0,District of Columbia,2011.0,Female,40+ years,40+,2.0,135139.0,1.48
39398,Primary and Secondary Syphilis,310.0,District of Columbia,2012.0,Female,15-19 years,15-19,2.0,20511.0,9.75
39399,Primary and Secondary Syphilis,310.0,District of Columbia,2012.0,Female,20-24 years,20-24,1.0,32649.0,3.06
39400,Primary and Secondary Syphilis,310.0,District of Columbia,2012.0,Female,30-34 years,30-34,3.0,33095.0,9.06
39401,Primary and Secondary Syphilis,310.0,District of Columbia,2013.0,Female,15-19 years,15-19,2.0,19822.0,10.09
39402,Primary and Secondary Syphilis,310.0,District of Columbia,2013.0,Female,20-24 years,20-24,9.0,31691.0,28.4
39403,Primary and Secondary Syphilis,310.0,District of Columbia,2013.0,Female,25-29 years,25-29,2.0,41919.0,4.77
39404,Primary and Secondary Syphilis,310.0,District of Columbia,2013.0,Female,30-34 years,30-34,3.0,35670.0,8.41
39405,Primary and Secondary Syphilis,310.0,District of Columbia,2013.0,Female,35-39 years,35-39,1.0,24409.0,4.1
39406,Primary and Secondary Syphilis,310.0,District of Columbia,2013.0,Female,40+ years,40+,2.0,139238.0,1.44
39407,Primary and Secondary Syphilis,310.0,District of Columbia,2014.0,Female,15-19 years,15-19,2.0,19822.0,10.09
39408,Primary and Secondary Syphilis,310.0,District of Columbia,2014.0,Female,25-29 years,25-29,1.0,41919.0,2.39
39409,Primary and Secondary Syphilis,310.0,District of Columbia,2014.0,Female,35-39 years,35-39,1.0,24409.0,4.1
39410,Primary and Secondary Syphilis,310.0,District of Columbia,2014.0,Female,40+ years,40+,1.0,139238.0,0.72
39411,Primary and Secondary Syphilis,310.0,Florida,1996.0,Female,0-14 years,0-14,2.0,1407451.0,0.14
39412,Primary and Secondary Syphilis,310.0,Florida,1996.0,Female,15-19 years,15-19,21.0,433398.0,4.85
39413,Primary and Secondary Syphilis,310.0,Florida,1996.0,Female,20-24 years,20-24,32.0,422324.0,7.58
39414,Primary and Secondary Syphilis,310.0,Florida,1996.0,Female,25-29 years,25-29,29.0,481783.0,6.02
39415,Primary and Secondary Syphilis,310.0,Florida,1996.0,Female,30-34 years,30-34,28.0,586040.0,4.78
39416,Primary and Secondary Syphilis,310.0,Florida,1996.0,Female,35-39 years,35-39,34.0,599424.0,5.67
39417,Primary and Secondary Syphilis,310.0,Florida,1996.0,Female,40+ years,40+,24.0,3695277.0,0.65
39418,Primary and Secondary Syphilis,310.0,Florida,1997.0,Female,0-14 years,0-14,2.0,1429572.0,0.14
39419,Primary and Secondary Syphilis,310.0,Florida,1997.0,Female,15-19 years,15-19,13.0,451125.0,2.88
39420,Primary and Secondary Syphilis,310.0,Florida,1997.0,Female,20-24 years,20-24,20.0,425946.0,4.7
39421,Primary and Secondary Syphilis,310.0,Florida,1997.0,Female,25-29 years,25-29,23.0,486023.0,4.73
39422,Primary and Secondary Syphilis,310.0,Florida,1997.0,Female,30-34 years,30-34,22.0,575595.0,3.82
39423,Primary and Secondary Syphilis,310.0,Florida,1997.0,Female,35-39 years,35-39,23.0,612941.0,3.75
39424,Primary and Secondary Syphilis,310.0,Florida,1997.0,Female,40+ years,40+,27.0,3807244.0,0.71
39425,Primary and Secondary Syphilis,310.0,Florida,1998.0,Female,0-14 years,0-14,3.0,1448096.0,0.21
39426,Primary and Secondary Syphilis,310.0,Florida,1998.0,Female,15-19 years,15-19,13.0,468027.0,2.78
39427,Primary and Secondary Syphilis,310.0,Florida,1998.0,Female,20-24 years,20-24,13.0,432917.0,3.0
39428,Primary and Secondary Syphilis,310.0,Florida,1998.0,Female,25-29 years,25-29,18.0,490375.0,3.67
39429,Primary and Secondary Syphilis,310.0,Florida,1998.0,Female,30-34 years,30-34,16.0,559578.0,2.86
39430,Primary and Secondary Syphilis,310.0,Florida,1998.0,Female,35-39 years,35-39,26.0,623381.0,4.17
39431,Primary and Secondary Syphilis,310.0,Florida,1998.0,Female,40+ years,40+,27.0,3916337.0,0.69
39432,Primary and Secondary Syphilis,310.0,Florida,1999.0,Female,0-14 years,0-14,1.0,1467783.0,0.07
39433,Primary and Secondary Syphilis,310.0,Florida,1999.0,Female,15-19 years,15-19,18.0,481898.0,3.74
39434,Primary and Secondary Syphilis,310.0,Florida,1999.0,Female,20-24 years,20-24,26.0,443023.0,5.87
39435,Primary and Secondary Syphilis,310.0,Florida,1999.0,Female,25-29 years,25-29,28.0,491143.0,5.7
39436,Primary and Secondary Syphilis,310.0,Florida,1999.0,Female,30-34 years,30-34,26.0,544936.0,4.77
39437,Primary and Secondary Syphilis,310.0,Florida,1999.0,Female,35-39 years,35-39,20.0,629366.0,3.18
39438,Primary and Secondary Syphilis,310.0,Florida,1999.0,Female,40+ years,40+,23.0,4015698.0,0.57
39439,Primary and Secondary Syphilis,310.0,Florida,1999.0,Female,Unknown,99,1.0,,
39440,Primary and Secondary Syphilis,310.0,Florida,2000.0,Female,15-19 years,15-19,19.0,497983.0,3.82
39441,Primary and Secondary Syphilis,310.0,Florida,2000.0,Female,20-24 years,20-24,26.0,452899.0,5.74
39442,Primary and Secondary Syphilis,310.0,Florida,2000.0,Female,25-29 years,25-29,32.0,482810.0,6.63
39443,Primary and Secondary Syphilis,310.0,Florida,2000.0,Female,30-34 years,30-34,22.0,535552.0,4.11
39444,Primary and Secondary Syphilis,310.0,Florida,2000.0,Female,35-39 years,35-39,24.0,621078.0,3.86
39445,Primary and Secondary Syphilis,310.0,Florida,2000.0,Female,40+ years,40+,40.0,4096391.0,0.98
39446,Primary and Secondary Syphilis,310.0,Florida,2001.0,Female,0-14 years,0-14,1.0,1538357.0,0.07
39447,Primary and Secondary Syphilis,310.0,Florida,2001.0,Female,15-19 years,15-19,11.0,508031.0,2.17
39448,Primary and Secondary Syphilis,310.0,Florida,2001.0,Female,20-24 years,20-24,27.0,474191.0,5.69
39449,Primary and Secondary Syphilis,310.0,Florida,2001.0,Female,25-29 years,25-29,18.0,480121.0,3.75
39450,Primary and Secondary Syphilis,310.0,Florida,2001.0,Female,30-34 years,30-34,14.0,544677.0,2.57
39451,Primary and Secondary Syphilis,310.0,Florida,2001.0,Female,35-39 years,35-39,32.0,619947.0,5.16
39452,Primary and Secondary Syphilis,310.0,Florida,2001.0,Female,40+ years,40+,32.0,4209554.0,0.76
39453,Primary and Secondary Syphilis,310.0,Florida,2002.0,Female,0-14 years,0-14,1.0,1573180.0,0.06
39454,Primary and Secondary Syphilis,310.0,Florida,2002.0,Female,15-19 years,15-19,17.0,521159.0,3.26
39455,Primary and Secondary Syphilis,310.0,Florida,2002.0,Female,20-24 years,20-24,23.0,480995.0,4.78
39456,Primary and Secondary Syphilis,310.0,Florida,2002.0,Female,25-29 years,25-29,16.0,474546.0,3.37
39457,Primary and Secondary Syphilis,310.0,Florida,2002.0,Female,30-34 years,30-34,10.0,550147.0,1.82
39458,Primary and Secondary Syphilis,310.0,Florida,2002.0,Female,35-39 years,35-39,18.0,610575.0,2.95
39459,Primary and Secondary Syphilis,310.0,Florida,2002.0,Female,40+ years,40+,23.0,4331344.0,0.53
39460,Primary and Secondary Syphilis,310.0,Florida,2003.0,Female,0-14 years,0-14,1.0,1588800.0,0.06
39461,Primary and Secondary Syphilis,310.0,Florida,2003.0,Female,15-19 years,15-19,11.0,535160.0,2.06
39462,Primary and Secondary Syphilis,310.0,Florida,2003.0,Female,20-24 years,20-24,13.0,513935.0,2.53
39463,Primary and Secondary Syphilis,310.0,Florida,2003.0,Female,25-29 years,25-29,11.0,486315.0,2.26
39464,Primary and Secondary Syphilis,310.0,Florida,2003.0,Female,30-34 years,30-34,7.0,552731.0,1.27
39465,Primary and Secondary Syphilis,310.0,Florida,2003.0,Female,35-39 years,35-39,10.0,600183.0,1.67
39466,Primary and Secondary Syphilis,310.0,Florida,2003.0,Female,40+ years,40+,20.0,4407250.0,0.45
39467,Primary and Secondary Syphilis,310.0,Florida,2004.0,Female,15-19 years,15-19,14.0,552216.0,2.54
39468,Primary and Secondary Syphilis,310.0,Florida,2004.0,Female,20-24 years,20-24,20.0,534158.0,3.74
39469,Primary and Secondary Syphilis,310.0,Florida,2004.0,Female,25-29 years,25-29,12.0,500000.0,2.4
39470,Primary and Secondary Syphilis,310.0,Florida,2004.0,Female,30-34 years,30-34,16.0,552349.0,2.9
39471,Primary and Secondary Syphilis,310.0,Florida,2004.0,Female,35-39 years,35-39,7.0,589824.0,1.19
39472,Primary and Secondary Syphilis,310.0,Florida,2004.0,Female,40+ years,40+,29.0,4526374.0,0.64
39473,Primary and Secondary Syphilis,310.0,Florida,2005.0,Female,15-19 years,15-19,11.0,569568.0,1.93
39474,Primary and Secondary Syphilis,310.0,Florida,2005.0,Female,20-24 years,20-24,25.0,549480.0,4.55
39475,Primary and Secondary Syphilis,310.0,Florida,2005.0,Female,25-29 years,25-29,15.0,518562.0,2.89
39476,Primary and Secondary Syphilis,310.0,Florida,2005.0,Female,30-34 years,30-34,16.0,545211.0,2.93
39477,Primary and Secondary Syphilis,310.0,Florida,2005.0,Female,35-39 years,35-39,12.0,589500.0,2.04
39478,Primary and Secondary Syphilis,310.0,Florida,2005.0,Female,40+ years,40+,21.0,4656272.0,0.45
39479,Primary and Secondary Syphilis,310.0,Florida,2006.0,Female,15-19 years,15-19,23.0,561236.0,4.1
39480,Primary and Secondary Syphilis,310.0,Florida,2006.0,Female,20-24 years,20-24,27.0,559945.0,4.82
39481,Primary and Secondary Syphilis,310.0,Florida,2006.0,Female,25-29 years,25-29,13.0,567439.0,2.29
39482,Primary and Secondary Syphilis,310.0,Florida,2006.0,Female,30-34 years,30-34,12.0,545358.0,2.2
39483,Primary and Secondary Syphilis,310.0,Florida,2006.0,Female,35-39 years,35-39,7.0,608122.0,1.15
39484,Primary and Secondary Syphilis,310.0,Florida,2006.0,Female,40+ years,40+,16.0,4752399.0,0.34
39485,Primary and Secondary Syphilis,310.0,Florida,2007.0,Female,0-14 years,0-14,1.0,1621680.0,0.06
39486,Primary and Secondary Syphilis,310.0,Florida,2007.0,Female,15-19 years,15-19,40.0,565147.0,7.08
39487,Primary and Secondary Syphilis,310.0,Florida,2007.0,Female,20-24 years,20-24,36.0,552570.0,6.52
39488,Primary and Secondary Syphilis,310.0,Florida,2007.0,Female,25-29 years,25-29,22.0,576688.0,3.81
39489,Primary and Secondary Syphilis,310.0,Florida,2007.0,Female,30-34 years,30-34,18.0,536785.0,3.35
39490,Primary and Secondary Syphilis,310.0,Florida,2007.0,Female,35-39 years,35-39,10.0,607114.0,1.65
39491,Primary and Secondary Syphilis,310.0,Florida,2007.0,Female,40+ years,40+,26.0,4822416.0,0.54
39492,Primary and Secondary Syphilis,310.0,Florida,2008.0,Female,0-14 years,0-14,2.0,1611294.0,0.12
39493,Primary and Secondary Syphilis,310.0,Florida,2008.0,Female,15-19 years,15-19,33.0,562752.0,5.86
39494,Primary and Secondary Syphilis,310.0,Florida,2008.0,Female,20-24 years,20-24,53.0,554812.0,9.55
39495,Primary and Secondary Syphilis,310.0,Florida,2008.0,Female,25-29 years,25-29,26.0,580024.0,4.48
39496,Primary and Secondary Syphilis,310.0,Florida,2008.0,Female,30-34 years,30-34,16.0,533272.0,3.0
39497,Primary and Secondary Syphilis,310.0,Florida,2008.0,Female,35-39 years,35-39,24.0,597929.0,4.01
39498,Primary and Secondary Syphilis,310.0,Florida,2008.0,Female,40+ years,40+,39.0,4882975.0,0.8
39499,Primary and Secondary Syphilis,310.0,Florida,2009.0,Female,0-14 years,0-14,2.0,1640531.0,0.12
39500,Primary and Secondary Syphilis,310.0,Florida,2009.0,Female,15-19 years,15-19,31.0,564106.0,5.5
39501,Primary and Secondary Syphilis,310.0,Florida,2009.0,Female,20-24 years,20-24,30.0,575469.0,5.21
39502,Primary and Secondary Syphilis,310.0,Florida,2009.0,Female,25-29 years,25-29,23.0,595349.0,3.86
39503,Primary and Secondary Syphilis,310.0,Florida,2009.0,Female,30-34 years,30-34,18.0,542880.0,3.32
39504,Primary and Secondary Syphilis,310.0,Florida,2009.0,Female,35-39 years,35-39,13.0,586452.0,2.22
39505,Primary and Secondary Syphilis,310.0,Florida,2009.0,Female,40+ years,40+,30.0,4909256.0,0.61
39506,Primary and Secondary Syphilis,310.0,Florida,2010.0,Female,0-14 years,0-14,1.0,1606881.0,0.06
39507,Primary and Secondary Syphilis,310.0,Florida,2010.0,Female,15-19 years,15-19,25.0,597095.0,4.19
39508,Primary and Secondary Syphilis,310.0,Florida,2010.0,Female,20-24 years,20-24,34.0,601695.0,5.65
39509,Primary and Secondary Syphilis,310.0,Florida,2010.0,Female,25-29 years,25-29,23.0,584330.0,3.94
39510,Primary and Secondary Syphilis,310.0,Florida,2010.0,Female,30-34 years,30-34,15.0,555079.0,2.7
39511,Primary and Secondary Syphilis,310.0,Florida,2010.0,Female,35-39 years,35-39,10.0,593326.0,1.69
39512,Primary and Secondary Syphilis,310.0,Florida,2010.0,Female,40+ years,40+,39.0,5073549.0,0.77
39513,Primary and Secondary Syphilis,310.0,Florida,2011.0,Female,0-14 years,0-14,1.0,1607618.0,0.06
39514,Primary and Secondary Syphilis,310.0,Florida,2011.0,Female,15-19 years,15-19,18.0,579650.0,3.11
39515,Primary and Secondary Syphilis,310.0,Florida,2011.0,Female,20-24 years,20-24,35.0,628087.0,5.57
39516,Primary and Secondary Syphilis,310.0,Florida,2011.0,Female,25-29 years,25-29,21.0,591985.0,3.55
39517,Primary and Secondary Syphilis,310.0,Florida,2011.0,Female,30-34 years,30-34,18.0,569991.0,3.16
39518,Primary and Secondary Syphilis,310.0,Florida,2011.0,Female,35-39 years,35-39,9.0,575209.0,1.56
39519,Primary and Secondary Syphilis,310.0,Florida,2011.0,Female,40+ years,40+,32.0,5183626.0,0.62
39520,Primary and Secondary Syphilis,310.0,Florida,2012.0,Female,15-19 years,15-19,31.0,570075.0,5.44
39521,Primary and Secondary Syphilis,310.0,Florida,2012.0,Female,20-24 years,20-24,44.0,644718.0,6.82
39522,Primary and Secondary Syphilis,310.0,Florida,2012.0,Female,25-29 years,25-29,18.0,602534.0,2.99
39523,Primary and Secondary Syphilis,310.0,Florida,2012.0,Female,30-34 years,30-34,10.0,586222.0,1.71
39524,Primary and Secondary Syphilis,310.0,Florida,2012.0,Female,35-39 years,35-39,9.0,571494.0,1.57
39525,Primary and Secondary Syphilis,310.0,Florida,2012.0,Female,40+ years,40+,22.0,5279120.0,0.42
39526,Primary and Secondary Syphilis,310.0,Florida,2013.0,Female,0-14 years,0-14,4.0,1626364.0,0.25
39527,Primary and Secondary Syphilis,310.0,Florida,2013.0,Female,15-19 years,15-19,27.0,567540.0,4.76
39528,Primary and Secondary Syphilis,310.0,Florida,2013.0,Female,20-24 years,20-24,43.0,642940.0,6.69
39529,Primary and Secondary Syphilis,310.0,Florida,2013.0,Female,25-29 years,25-29,20.0,615059.0,3.25
39530,Primary and Secondary Syphilis,310.0,Florida,2013.0,Female,30-34 years,30-34,13.0,599059.0,2.17
39531,Primary and Secondary Syphilis,310.0,Florida,2013.0,Female,35-39 years,35-39,9.0,573662.0,1.57
39532,Primary and Secondary Syphilis,310.0,Florida,2013.0,Female,40+ years,40+,21.0,5365589.0,0.39
39533,Primary and Secondary Syphilis,310.0,Florida,2014.0,Female,15-19 years,15-19,25.0,567540.0,4.4
39534,Primary and Secondary Syphilis,310.0,Florida,2014.0,Female,20-24 years,20-24,43.0,642940.0,6.69
39535,Primary and Secondary Syphilis,310.0,Florida,2014.0,Female,25-29 years,25-29,22.0,615059.0,3.58
39536,Primary and Secondary Syphilis,310.0,Florida,2014.0,Female,30-34 years,30-34,16.0,599059.0,2.67
39537,Primary and Secondary Syphilis,310.0,Florida,2014.0,Female,35-39 years,35-39,16.0,573662.0,2.79
39538,Primary and Secondary Syphilis,310.0,Florida,2014.0,Female,40+ years,40+,15.0,5365589.0,0.28
39539,Primary and Secondary Syphilis,310.0,Georgia,1996.0,Female,15-19 years,15-19,35.0,263998.0,13.26
39540,Primary and Secondary Syphilis,310.0,Georgia,1996.0,Female,20-24 years,20-24,46.0,265280.0,17.34
39541,Primary and Secondary Syphilis,310.0,Georgia,1996.0,Female,25-29 years,25-29,43.0,300712.0,14.3
39542,Primary and Secondary Syphilis,310.0,Georgia,1996.0,Female,30-34 years,30-34,49.0,337742.0,14.51
39543,Primary and Secondary Syphilis,310.0,Georgia,1996.0,Female,35-39 years,35-39,57.0,331508.0,17.19
39544,Primary and Secondary Syphilis,310.0,Georgia,1996.0,Female,40+ years,40+,54.0,1525257.0,3.54
39545,Primary and Secondary Syphilis,310.0,Georgia,1997.0,Female,0-14 years,0-14,4.0,827936.0,0.48
39546,Primary and Secondary Syphilis,310.0,Georgia,1997.0,Female,15-19 years,15-19,16.0,272250.0,5.88
39547,Primary and Secondary Syphilis,310.0,Georgia,1997.0,Female,20-24 years,20-24,26.0,267018.0,9.74
39548,Primary and Secondary Syphilis,310.0,Georgia,1997.0,Female,25-29 years,25-29,40.0,307508.0,13.01
39549,Primary and Secondary Syphilis,310.0,Georgia,1997.0,Female,30-34 years,30-34,28.0,335873.0,8.34
39550,Primary and Secondary Syphilis,310.0,Georgia,1997.0,Female,35-39 years,35-39,46.0,338114.0,13.6
39551,Primary and Secondary Syphilis,310.0,Georgia,1997.0,Female,40+ years,40+,41.0,1576593.0,2.6
39552,Primary and Secondary Syphilis,310.0,Georgia,1998.0,Female,15-19 years,15-19,12.0,279228.0,4.3
39553,Primary and Secondary Syphilis,310.0,Georgia,1998.0,Female,20-24 years,20-24,24.0,271745.0,8.83
39554,Primary and Secondary Syphilis,310.0,Georgia,1998.0,Female,25-29 years,25-29,21.0,312653.0,6.72
39555,Primary and Secondary Syphilis,310.0,Georgia,1998.0,Female,30-34 years,30-34,16.0,331386.0,4.83
39556,Primary and Secondary Syphilis,310.0,Georgia,1998.0,Female,35-39 years,35-39,31.0,343804.0,9.02
39557,Primary and Secondary Syphilis,310.0,Georgia,1998.0,Female,40+ years,40+,26.0,1623874.0,1.6
39558,Primary and Secondary Syphilis,310.0,Georgia,1999.0,Female,0-14 years,0-14,1.0,871722.0,0.11
39559,Primary and Secondary Syphilis,310.0,Georgia,1999.0,Female,15-19 years,15-19,11.0,283808.0,3.88
39560,Primary and Secondary Syphilis,310.0,Georgia,1999.0,Female,20-24 years,20-24,21.0,278652.0,7.54
39561,Primary and Secondary Syphilis,310.0,Georgia,1999.0,Female,25-29 years,25-29,23.0,315585.0,7.29
39562,Primary and Secondary Syphilis,310.0,Georgia,1999.0,Female,30-34 years,30-34,30.0,327147.0,9.17
39563,Primary and Secondary Syphilis,310.0,Georgia,1999.0,Female,35-39 years,35-39,40.0,348881.0,11.47
39564,Primary and Secondary Syphilis,310.0,Georgia,1999.0,Female,40+ years,40+,34.0,1670236.0,2.04
39565,Primary and Secondary Syphilis,310.0,Georgia,2000.0,Female,0-14 years,0-14,1.0,901472.0,0.11
39566,Primary and Secondary Syphilis,310.0,Georgia,2000.0,Female,15-19 years,15-19,8.0,287098.0,2.79
39567,Primary and Secondary Syphilis,310.0,Georgia,2000.0,Female,20-24 years,20-24,26.0,287184.0,9.05
39568,Primary and Secondary Syphilis,310.0,Georgia,2000.0,Female,25-29 years,25-29,22.0,313372.0,7.02
39569,Primary and Secondary Syphilis,310.0,Georgia,2000.0,Female,30-34 years,30-34,26.0,328734.0,7.91
39570,Primary and Secondary Syphilis,310.0,Georgia,2000.0,Female,35-39 years,35-39,31.0,350366.0,8.85
39571,Primary and Secondary Syphilis,310.0,Georgia,2000.0,Female,40+ years,40+,45.0,1714462.0,2.62
39572,Primary and Secondary Syphilis,310.0,Georgia,2001.0,Female,0-14 years,0-14,2.0,914954.0,0.22
39573,Primary and Secondary Syphilis,310.0,Georgia,2001.0,Female,15-19 years,15-19,9.0,287916.0,3.13
39574,Primary and Secondary Syphilis,310.0,Georgia,2001.0,Female,20-24 years,20-24,17.0,294360.0,5.78
39575,Primary and Secondary Syphilis,310.0,Georgia,2001.0,Female,25-29 years,25-29,16.0,309759.0,5.17
39576,Primary and Secondary Syphilis,310.0,Georgia,2001.0,Female,30-34 years,30-34,18.0,339018.0,5.31
39577,Primary and Secondary Syphilis,310.0,Georgia,2001.0,Female,35-39 years,35-39,26.0,353387.0,7.36
39578,Primary and Secondary Syphilis,310.0,Georgia,2001.0,Female,40+ years,40+,41.0,1766866.0,2.32
39579,Primary and Secondary Syphilis,310.0,Georgia,2002.0,Female,15-19 years,15-19,12.0,292120.0,4.11
39580,Primary and Secondary Syphilis,310.0,Georgia,2002.0,Female,20-24 years,20-24,12.0,300530.0,3.99
39581,Primary and Secondary Syphilis,310.0,Georgia,2002.0,Female,25-29 years,25-29,13.0,307375.0,4.23
39582,Primary and Secondary Syphilis,310.0,Georgia,2002.0,Female,30-34 years,30-34,12.0,348001.0,3.45
39583,Primary and Secondary Syphilis,310.0,Georgia,2002.0,Female,35-39 years,35-39,24.0,352149.0,6.82
39584,Primary and Secondary Syphilis,310.0,Georgia,2002.0,Female,40+ years,40+,25.0,1810902.0,1.38
39585,Primary and Secondary Syphilis,310.0,Georgia,2003.0,Female,15-19 years,15-19,7.0,296639.0,2.36
39586,Primary and Secondary Syphilis,310.0,Georgia,2003.0,Female,20-24 years,20-24,7.0,307147.0,2.28
39587,Primary and Secondary Syphilis,310.0,Georgia,2003.0,Female,25-29 years,25-29,9.0,312670.0,2.88
39588,Primary and Secondary Syphilis,310.0,Georgia,2003.0,Female,30-34 years,30-34,11.0,350577.0,3.14
39589,Primary and Secondary Syphilis,310.0,Georgia,2003.0,Female,35-39 years,35-39,10.0,345433.0,2.89
39590,Primary and Secondary Syphilis,310.0,Georgia,2003.0,Female,40+ years,40+,24.0,1843338.0,1.3
39591,Primary and Secondary Syphilis,310.0,Georgia,2004.0,Female,15-19 years,15-19,3.0,303451.0,0.99
39592,Primary and Secondary Syphilis,310.0,Georgia,2004.0,Female,20-24 years,20-24,9.0,310783.0,2.9
39593,Primary and Secondary Syphilis,310.0,Georgia,2004.0,Female,25-29 years,25-29,5.0,317247.0,1.58
39594,Primary and Secondary Syphilis,310.0,Georgia,2004.0,Female,30-34 years,30-34,8.0,350465.0,2.28
39595,Primary and Secondary Syphilis,310.0,Georgia,2004.0,Female,35-39 years,35-39,4.0,342751.0,1.17
39596,Primary and Secondary Syphilis,310.0,Georgia,2004.0,Female,40+ years,40+,16.0,1883897.0,0.85
39597,Primary and Secondary Syphilis,310.0,Georgia,2005.0,Female,15-19 years,15-19,8.0,314220.0,2.55
39598,Primary and Secondary Syphilis,310.0,Georgia,2005.0,Female,20-24 years,20-24,4.0,316422.0,1.26
39599,Primary and Secondary Syphilis,310.0,Georgia,2005.0,Female,25-29 years,25-29,9.0,331424.0,2.72
39600,Primary and Secondary Syphilis,310.0,Georgia,2005.0,Female,30-34 years,30-34,6.0,353253.0,1.7
39601,Primary and Secondary Syphilis,310.0,Georgia,2005.0,Female,35-39 years,35-39,8.0,350908.0,2.28
39602,Primary and Secondary Syphilis,310.0,Georgia,2005.0,Female,40+ years,40+,12.0,1955861.0,0.61
39603,Primary and Secondary Syphilis,310.0,Georgia,2006.0,Female,15-19 years,15-19,2.0,326722.0,0.61
39604,Primary and Secondary Syphilis,310.0,Georgia,2006.0,Female,20-24 years,20-24,11.0,315095.0,3.49
39605,Primary and Secondary Syphilis,310.0,Georgia,2006.0,Female,25-29 years,25-29,3.0,344214.0,0.87
39606,Primary and Secondary Syphilis,310.0,Georgia,2006.0,Female,30-34 years,30-34,5.0,336370.0,1.49
39607,Primary and Secondary Syphilis,310.0,Georgia,2006.0,Female,35-39 years,35-39,4.0,359800.0,1.11
39608,Primary and Secondary Syphilis,310.0,Georgia,2006.0,Female,40+ years,40+,16.0,2073326.0,0.77
39609,Primary and Secondary Syphilis,310.0,Georgia,2007.0,Female,15-19 years,15-19,9.0,329199.0,2.73
39610,Primary and Secondary Syphilis,310.0,Georgia,2007.0,Female,20-24 years,20-24,9.0,312322.0,2.88
39611,Primary and Secondary Syphilis,310.0,Georgia,2007.0,Female,25-29 years,25-29,4.0,353157.0,1.13
39612,Primary and Secondary Syphilis,310.0,Georgia,2007.0,Female,30-34 years,30-34,5.0,333715.0,1.5
39613,Primary and Secondary Syphilis,310.0,Georgia,2007.0,Female,35-39 years,35-39,14.0,366179.0,3.82
39614,Primary and Secondary Syphilis,310.0,Georgia,2007.0,Female,40+ years,40+,12.0,2126312.0,0.56
39615,Primary and Secondary Syphilis,310.0,Georgia,2008.0,Female,15-19 years,15-19,14.0,333417.0,4.2
39616,Primary and Secondary Syphilis,310.0,Georgia,2008.0,Female,20-24 years,20-24,17.0,314939.0,5.4
39617,Primary and Secondary Syphilis,310.0,Georgia,2008.0,Female,25-29 years,25-29,15.0,353725.0,4.24
39618,Primary and Secondary Syphilis,310.0,Georgia,2008.0,Female,30-34 years,30-34,15.0,333321.0,4.5
39619,Primary and Secondary Syphilis,310.0,Georgia,2008.0,Female,35-39 years,35-39,11.0,368967.0,2.98
39620,Primary and Secondary Syphilis,310.0,Georgia,2008.0,Female,40+ years,40+,24.0,2177403.0,1.1
39621,Primary and Secondary Syphilis,310.0,Georgia,2009.0,Female,0-14 years,0-14,3.0,1057266.0,0.28
39622,Primary and Secondary Syphilis,310.0,Georgia,2009.0,Female,15-19 years,15-19,8.0,342429.0,2.34
39623,Primary and Secondary Syphilis,310.0,Georgia,2009.0,Female,20-24 years,20-24,17.0,332697.0,5.11
39624,Primary and Secondary Syphilis,310.0,Georgia,2009.0,Female,25-29 years,25-29,10.0,354458.0,2.82
39625,Primary and Secondary Syphilis,310.0,Georgia,2009.0,Female,30-34 years,30-34,17.0,336882.0,5.05
39626,Primary and Secondary Syphilis,310.0,Georgia,2009.0,Female,35-39 years,35-39,12.0,362996.0,3.31
39627,Primary and Secondary Syphilis,310.0,Georgia,2009.0,Female,40+ years,40+,34.0,2207221.0,1.54
39628,Primary and Secondary Syphilis,310.0,Georgia,2010.0,Female,15-19 years,15-19,7.0,347065.0,2.02
39629,Primary and Secondary Syphilis,310.0,Georgia,2010.0,Female,20-24 years,20-24,23.0,335603.0,6.85
39630,Primary and Secondary Syphilis,310.0,Georgia,2010.0,Female,25-29 years,25-29,17.0,340104.0,5.0
39631,Primary and Secondary Syphilis,310.0,Georgia,2010.0,Female,30-34 years,30-34,6.0,337246.0,1.78
39632,Primary and Secondary Syphilis,310.0,Georgia,2010.0,Female,35-39 years,35-39,9.0,357605.0,2.52
39633,Primary and Secondary Syphilis,310.0,Georgia,2010.0,Female,40+ years,40+,20.0,2226388.0,0.9
39634,Primary and Secondary Syphilis,310.0,Georgia,2011.0,Female,15-19 years,15-19,10.0,340408.0,2.94
39635,Primary and Secondary Syphilis,310.0,Georgia,2011.0,Female,20-24 years,20-24,13.0,347112.0,3.75
39636,Primary and Secondary Syphilis,310.0,Georgia,2011.0,Female,25-29 years,25-29,10.0,338963.0,2.95
39637,Primary and Secondary Syphilis,310.0,Georgia,2011.0,Female,30-34 years,30-34,7.0,344767.0,2.03
39638,Primary and Secondary Syphilis,310.0,Georgia,2011.0,Female,35-39 years,35-39,6.0,344368.0,1.74
39639,Primary and Secondary Syphilis,310.0,Georgia,2011.0,Female,40+ years,40+,12.0,2280884.0,0.53
39640,Primary and Secondary Syphilis,310.0,Georgia,2012.0,Female,0-14 years,0-14,1.0,1017605.0,0.1
39641,Primary and Secondary Syphilis,310.0,Georgia,2012.0,Female,15-19 years,15-19,6.0,340208.0,1.76
39642,Primary and Secondary Syphilis,310.0,Georgia,2012.0,Female,20-24 years,20-24,21.0,356721.0,5.89
39643,Primary and Secondary Syphilis,310.0,Georgia,2012.0,Female,25-29 years,25-29,10.0,339333.0,2.95
39644,Primary and Secondary Syphilis,310.0,Georgia,2012.0,Female,30-34 years,30-34,9.0,348127.0,2.59
39645,Primary and Secondary Syphilis,310.0,Georgia,2012.0,Female,35-39 years,35-39,7.0,339531.0,2.06
39646,Primary and Secondary Syphilis,310.0,Georgia,2012.0,Female,40+ years,40+,12.0,2327396.0,0.52
39647,Primary and Secondary Syphilis,310.0,Georgia,2013.0,Female,15-19 years,15-19,8.0,338478.0,2.36
39648,Primary and Secondary Syphilis,310.0,Georgia,2013.0,Female,20-24 years,20-24,22.0,358700.0,6.13
39649,Primary and Secondary Syphilis,310.0,Georgia,2013.0,Female,25-29 years,25-29,18.0,339655.0,5.3
39650,Primary and Secondary Syphilis,310.0,Georgia,2013.0,Female,30-34 years,30-34,13.0,349211.0,3.72
39651,Primary and Secondary Syphilis,310.0,Georgia,2013.0,Female,35-39 years,35-39,10.0,337319.0,2.96
39652,Primary and Secondary Syphilis,310.0,Georgia,2013.0,Female,40+ years,40+,16.0,2369484.0,0.68
39653,Primary and Secondary Syphilis,310.0,Georgia,2014.0,Female,15-19 years,15-19,20.0,338478.0,5.91
39654,Primary and Secondary Syphilis,310.0,Georgia,2014.0,Female,20-24 years,20-24,27.0,358700.0,7.53
39655,Primary and Secondary Syphilis,310.0,Georgia,2014.0,Female,25-29 years,25-29,20.0,339655.0,5.89
39656,Primary and Secondary Syphilis,310.0,Georgia,2014.0,Female,30-34 years,30-34,14.0,349211.0,4.01
39657,Primary and Secondary Syphilis,310.0,Georgia,2014.0,Female,35-39 years,35-39,3.0,337319.0,0.89
39658,Primary and Secondary Syphilis,310.0,Georgia,2014.0,Female,40+ years,40+,12.0,2369484.0,0.51
39659,Primary and Secondary Syphilis,310.0,Hawaii,1996.0,Female,20-24 years,20-24,1.0,36289.0,2.76
39660,Primary and Secondary Syphilis,310.0,Hawaii,1999.0,Female,20-24 years,20-24,1.0,37413.0,2.67
39661,Primary and Secondary Syphilis,310.0,Hawaii,1999.0,Female,Unknown,99,1.0,,
39662,Primary and Secondary Syphilis,310.0,Hawaii,2000.0,Female,20-24 years,20-24,1.0,37934.0,2.64
39663,Primary and Secondary Syphilis,310.0,Hawaii,2002.0,Female,20-24 years,20-24,1.0,38986.0,2.57
39664,Primary and Secondary Syphilis,310.0,Hawaii,2002.0,Female,40+ years,40+,1.0,294086.0,0.34
39665,Primary and Secondary Syphilis,310.0,Hawaii,2006.0,Female,20-24 years,20-24,1.0,41393.0,2.42
39666,Primary and Secondary Syphilis,310.0,Hawaii,2007.0,Female,20-24 years,20-24,1.0,40802.0,2.45
39667,Primary and Secondary Syphilis,310.0,Hawaii,2008.0,Female,20-24 years,20-24,1.0,41132.0,2.43
39668,Primary and Secondary Syphilis,310.0,Hawaii,2008.0,Female,30-34 years,30-34,1.0,39988.0,2.5
39669,Primary and Secondary Syphilis,310.0,Hawaii,2008.0,Female,35-39 years,35-39,2.0,42663.0,4.69
39670,Primary and Secondary Syphilis,310.0,Hawaii,2008.0,Female,40+ years,40+,3.0,318147.0,0.94
39671,Primary and Secondary Syphilis,310.0,Hawaii,2009.0,Female,20-24 years,20-24,1.0,40419.0,2.47
39672,Primary and Secondary Syphilis,310.0,Hawaii,2009.0,Female,25-29 years,25-29,1.0,46864.0,2.13
39673,Primary and Secondary Syphilis,310.0,Hawaii,2009.0,Female,35-39 years,35-39,1.0,41313.0,2.42
39674,Primary and Secondary Syphilis,310.0,Hawaii,2009.0,Female,40+ years,40+,3.0,315686.0,0.95
39675,Primary and Secondary Syphilis,310.0,Hawaii,2010.0,Female,15-19 years,15-19,1.0,41404.0,2.42
39676,Primary and Secondary Syphilis,310.0,Hawaii,2010.0,Female,20-24 years,20-24,1.0,43848.0,2.28
39677,Primary and Secondary Syphilis,310.0,Hawaii,2010.0,Female,30-34 years,30-34,1.0,43110.0,2.32
39678,Primary and Secondary Syphilis,310.0,Hawaii,2010.0,Female,40+ years,40+,4.0,338573.0,1.18
39679,Primary and Secondary Syphilis,310.0,Hawaii,2012.0,Female,15-19 years,15-19,2.0,39381.0,5.08
39680,Primary and Secondary Syphilis,310.0,Hawaii,2014.0,Female,15-19 years,15-19,1.0,38874.0,2.57
39681,Primary and Secondary Syphilis,310.0,Hawaii,2014.0,Female,35-39 years,35-39,1.0,41476.0,2.41
39682,Primary and Secondary Syphilis,310.0,Idaho,1996.0,Female,15-19 years,15-19,1.0,52953.0,1.89
39683,Primary and Secondary Syphilis,310.0,Idaho,1996.0,Female,20-24 years,20-24,1.0,40831.0,2.45
39684,Primary and Secondary Syphilis,310.0,Idaho,1996.0,Female,30-34 years,30-34,1.0,41197.0,2.43
39685,Primary and Secondary Syphilis,310.0,Idaho,2002.0,Female,15-19 years,15-19,1.0,53240.0,1.88
39686,Primary and Secondary Syphilis,310.0,Idaho,2002.0,Female,20-24 years,20-24,1.0,51659.0,1.94
39687,Primary and Secondary Syphilis,310.0,Idaho,2002.0,Female,40+ years,40+,2.0,286156.0,0.7
39688,Primary and Secondary Syphilis,310.0,Idaho,2003.0,Female,0-14 years,0-14,1.0,149995.0,0.67
39689,Primary and Secondary Syphilis,310.0,Idaho,2003.0,Female,15-19 years,15-19,1.0,52842.0,1.89
39690,Primary and Secondary Syphilis,310.0,Idaho,2003.0,Female,20-24 years,20-24,1.0,54042.0,1.85
39691,Primary and Secondary Syphilis,310.0,Idaho,2003.0,Female,25-29 years,25-29,1.0,42489.0,2.35
39692,Primary and Secondary Syphilis,310.0,Idaho,2003.0,Female,40+ years,40+,1.0,294696.0,0.34
39693,Primary and Secondary Syphilis,310.0,Idaho,2004.0,Female,15-19 years,15-19,1.0,53054.0,1.88
39694,Primary and Secondary Syphilis,310.0,Idaho,2004.0,Female,20-24 years,20-24,4.0,55957.0,7.15
39695,Primary and Secondary Syphilis,310.0,Idaho,2004.0,Female,25-29 years,25-29,5.0,44155.0,11.32
39696,Primary and Secondary Syphilis,310.0,Idaho,2004.0,Female,40+ years,40+,1.0,303164.0,0.33
39697,Primary and Secondary Syphilis,310.0,Idaho,2005.0,Female,15-19 years,15-19,2.0,53406.0,3.74
39698,Primary and Secondary Syphilis,310.0,Idaho,2005.0,Female,20-24 years,20-24,1.0,56725.0,1.76
39699,Primary and Secondary Syphilis,310.0,Idaho,2005.0,Female,25-29 years,25-29,1.0,47433.0,2.11
39700,Primary and Secondary Syphilis,310.0,Idaho,2005.0,Female,35-39 years,35-39,1.0,45558.0,2.19
39701,Primary and Secondary Syphilis,310.0,Idaho,2005.0,Female,40+ years,40+,1.0,314006.0,0.32
39702,Primary and Secondary Syphilis,310.0,Idaho,2006.0,Female,15-19 years,15-19,1.0,54649.0,1.83
39703,Primary and Secondary Syphilis,310.0,Idaho,2006.0,Female,25-29 years,25-29,1.0,53088.0,1.88
39704,Primary and Secondary Syphilis,310.0,Idaho,2007.0,Female,40+ years,40+,1.0,327882.0,0.3
39705,Primary and Secondary Syphilis,310.0,Idaho,2008.0,Female,15-19 years,15-19,1.0,54885.0,1.82
39706,Primary and Secondary Syphilis,310.0,Idaho,2011.0,Female,40+ years,40+,1.0,355276.0,0.28
39707,Primary and Secondary Syphilis,310.0,Idaho,2012.0,Female,40+ years,40+,2.0,360883.0,0.55
39708,Primary and Secondary Syphilis,310.0,Illinois,1996.0,Female,0-14 years,0-14,2.0,1302916.0,0.15
39709,Primary and Secondary Syphilis,310.0,Illinois,1996.0,Female,15-19 years,15-19,24.0,412949.0,5.81
39710,Primary and Secondary Syphilis,310.0,Illinois,1996.0,Female,20-24 years,20-24,49.0,397296.0,12.33
39711,Primary and Secondary Syphilis,310.0,Illinois,1996.0,Female,25-29 years,25-29,54.0,448439.0,12.04
39712,Primary and Secondary Syphilis,310.0,Illinois,1996.0,Female,30-34 years,30-34,47.0,502657.0,9.35
39713,Primary and Secondary Syphilis,310.0,Illinois,1996.0,Female,35-39 years,35-39,43.0,514653.0,8.36
39714,Primary and Secondary Syphilis,310.0,Illinois,1996.0,Female,40+ years,40+,34.0,2614729.0,1.3
39715,Primary and Secondary Syphilis,310.0,Illinois,1997.0,Female,0-14 years,0-14,1.0,1311513.0,0.08
39716,Primary and Secondary Syphilis,310.0,Illinois,1997.0,Female,15-19 years,15-19,20.0,421096.0,4.75
39717,Primary and Secondary Syphilis,310.0,Illinois,1997.0,Female,20-24 years,20-24,40.0,396278.0,10.09
39718,Primary and Secondary Syphilis,310.0,Illinois,1997.0,Female,25-29 years,25-29,34.0,448147.0,7.59
39719,Primary and Secondary Syphilis,310.0,Illinois,1997.0,Female,30-34 years,30-34,35.0,488141.0,7.17
39720,Primary and Secondary Syphilis,310.0,Illinois,1997.0,Female,35-39 years,35-39,38.0,514197.0,7.39
39721,Primary and Secondary Syphilis,310.0,Illinois,1997.0,Female,40+ years,40+,25.0,2653877.0,0.94
39722,Primary and Secondary Syphilis,310.0,Illinois,1997.0,Female,Unknown,99,1.0,,
39723,Primary and Secondary Syphilis,310.0,Illinois,1998.0,Female,0-14 years,0-14,1.0,1312897.0,0.08
39724,Primary and Secondary Syphilis,310.0,Illinois,1998.0,Female,15-19 years,15-19,22.0,428307.0,5.14
39725,Primary and Secondary Syphilis,310.0,Illinois,1998.0,Female,20-24 years,20-24,30.0,400359.0,7.49
39726,Primary and Secondary Syphilis,310.0,Illinois,1998.0,Female,25-29 years,25-29,30.0,448026.0,6.7
39727,Primary and Secondary Syphilis,310.0,Illinois,1998.0,Female,30-34 years,30-34,37.0,474428.0,7.8
39728,Primary and Secondary Syphilis,310.0,Illinois,1998.0,Female,35-39 years,35-39,31.0,511550.0,6.06
39729,Primary and Secondary Syphilis,310.0,Illinois,1998.0,Female,40+ years,40+,20.0,2696789.0,0.74
39730,Primary and Secondary Syphilis,310.0,Illinois,1999.0,Female,15-19 years,15-19,31.0,431253.0,7.19
39731,Primary and Secondary Syphilis,310.0,Illinois,1999.0,Female,20-24 years,20-24,22.0,408098.0,5.39
39732,Primary and Secondary Syphilis,310.0,Illinois,1999.0,Female,25-29 years,25-29,30.0,444400.0,6.75
39733,Primary and Secondary Syphilis,310.0,Illinois,1999.0,Female,30-34 years,30-34,34.0,462016.0,7.36
39734,Primary and Secondary Syphilis,310.0,Illinois,1999.0,Female,35-39 years,35-39,24.0,507081.0,4.73
39735,Primary and Secondary Syphilis,310.0,Illinois,1999.0,Female,40+ years,40+,39.0,2739132.0,1.42
39736,Primary and Secondary Syphilis,310.0,Illinois,2000.0,Female,0-14 years,0-14,1.0,1318828.0,0.08
39737,Primary and Secondary Syphilis,310.0,Illinois,2000.0,Female,15-19 years,15-19,27.0,430275.0,6.28
39738,Primary and Secondary Syphilis,310.0,Illinois,2000.0,Female,20-24 years,20-24,39.0,418350.0,9.32
39739,Primary and Secondary Syphilis,310.0,Illinois,2000.0,Female,25-29 years,25-29,23.0,438468.0,5.25
39740,Primary and Secondary Syphilis,310.0,Illinois,2000.0,Female,30-34 years,30-34,36.0,459470.0,7.84
39741,Primary and Secondary Syphilis,310.0,Illinois,2000.0,Female,35-39 years,35-39,28.0,498632.0,5.62
39742,Primary and Secondary Syphilis,310.0,Illinois,2000.0,Female,40+ years,40+,27.0,2784980.0,0.97
39743,Primary and Secondary Syphilis,310.0,Illinois,2001.0,Female,0-14 years,0-14,1.0,1327112.0,0.08
39744,Primary and Secondary Syphilis,310.0,Illinois,2001.0,Female,15-19 years,15-19,8.0,431038.0,1.86
39745,Primary and Secondary Syphilis,310.0,Illinois,2001.0,Female,20-24 years,20-24,16.0,420782.0,3.8
39746,Primary and Secondary Syphilis,310.0,Illinois,2001.0,Female,25-29 years,25-29,24.0,430287.0,5.58
39747,Primary and Secondary Syphilis,310.0,Illinois,2001.0,Female,30-34 years,30-34,18.0,463822.0,3.88
39748,Primary and Secondary Syphilis,310.0,Illinois,2001.0,Female,35-39 years,35-39,10.0,488615.0,2.05
39749,Primary and Secondary Syphilis,310.0,Illinois,2001.0,Female,40+ years,40+,14.0,2824520.0,0.5
39750,Primary and Secondary Syphilis,310.0,Illinois,2002.0,Female,15-19 years,15-19,7.0,431707.0,1.62
39751,Primary and Secondary Syphilis,310.0,Illinois,2002.0,Female,20-24 years,20-24,14.0,423973.0,3.3
39752,Primary and Secondary Syphilis,310.0,Illinois,2002.0,Female,25-29 years,25-29,15.0,425399.0,3.53
39753,Primary and Secondary Syphilis,310.0,Illinois,2002.0,Female,30-34 years,30-34,10.0,468114.0,2.14
39754,Primary and Secondary Syphilis,310.0,Illinois,2002.0,Female,35-39 years,35-39,14.0,478464.0,2.93
39755,Primary and Secondary Syphilis,310.0,Illinois,2002.0,Female,40+ years,40+,21.0,2865046.0,0.73
39756,Primary and Secondary Syphilis,310.0,Illinois,2003.0,Female,15-19 years,15-19,3.0,431293.0,0.7
39757,Primary and Secondary Syphilis,310.0,Illinois,2003.0,Female,20-24 years,20-24,13.0,434898.0,2.99
39758,Primary and Secondary Syphilis,310.0,Illinois,2003.0,Female,25-29 years,25-29,6.0,426690.0,1.41
39759,Primary and Secondary Syphilis,310.0,Illinois,2003.0,Female,30-34 years,30-34,3.0,463340.0,0.65
39760,Primary and Secondary Syphilis,310.0,Illinois,2003.0,Female,35-39 years,35-39,8.0,466244.0,1.72
39761,Primary and Secondary Syphilis,310.0,Illinois,2003.0,Female,40+ years,40+,15.0,2901182.0,0.52
39762,Primary and Secondary Syphilis,310.0,Illinois,2004.0,Female,15-19 years,15-19,10.0,435581.0,2.3
39763,Primary and Secondary Syphilis,310.0,Illinois,2004.0,Female,20-24 years,20-24,16.0,437354.0,3.66
39764,Primary and Secondary Syphilis,310.0,Illinois,2004.0,Female,25-29 years,25-29,8.0,427488.0,1.87
39765,Primary and Secondary Syphilis,310.0,Illinois,2004.0,Female,30-34 years,30-34,3.0,457560.0,0.66
39766,Primary and Secondary Syphilis,310.0,Illinois,2004.0,Female,35-39 years,35-39,7.0,456170.0,1.53
39767,Primary and Secondary Syphilis,310.0,Illinois,2004.0,Female,40+ years,40+,11.0,2935552.0,0.37
39768,Primary and Secondary Syphilis,310.0,Illinois,2005.0,Female,15-19 years,15-19,9.0,441021.0,2.04
39769,Primary and Secondary Syphilis,310.0,Illinois,2005.0,Female,20-24 years,20-24,15.0,436028.0,3.44
39770,Primary and Secondary Syphilis,310.0,Illinois,2005.0,Female,25-29 years,25-29,9.0,431118.0,2.09
39771,Primary and Secondary Syphilis,310.0,Illinois,2005.0,Female,30-34 years,30-34,1.0,447568.0,0.22
39772,Primary and Secondary Syphilis,310.0,Illinois,2005.0,Female,35-39 years,35-39,5.0,453030.0,1.1
39773,Primary and Secondary Syphilis,310.0,Illinois,2005.0,Female,40+ years,40+,8.0,2968092.0,0.27
39774,Primary and Secondary Syphilis,310.0,Illinois,2006.0,Female,15-19 years,15-19,3.0,449567.0,0.67
39775,Primary and Secondary Syphilis,310.0,Illinois,2006.0,Female,20-24 years,20-24,10.0,444348.0,2.25
39776,Primary and Secondary Syphilis,310.0,Illinois,2006.0,Female,25-29 years,25-29,7.0,444622.0,1.57
39777,Primary and Secondary Syphilis,310.0,Illinois,2006.0,Female,30-34 years,30-34,7.0,431229.0,1.62
39778,Primary and Secondary Syphilis,310.0,Illinois,2006.0,Female,35-39 years,35-39,2.0,453789.0,0.44
39779,Primary and Secondary Syphilis,310.0,Illinois,2006.0,Female,40+ years,40+,8.0,2991605.0,0.27
39780,Primary and Secondary Syphilis,310.0,Illinois,2007.0,Female,15-19 years,15-19,6.0,452277.0,1.33
39781,Primary and Secondary Syphilis,310.0,Illinois,2007.0,Female,20-24 years,20-24,6.0,445819.0,1.35
39782,Primary and Secondary Syphilis,310.0,Illinois,2007.0,Female,25-29 years,25-29,11.0,444335.0,2.48
39783,Primary and Secondary Syphilis,310.0,Illinois,2007.0,Female,30-34 years,30-34,6.0,426074.0,1.41
39784,Primary and Secondary Syphilis,310.0,Illinois,2007.0,Female,40+ years,40+,10.0,3008307.0,0.33
39785,Primary and Secondary Syphilis,310.0,Illinois,2008.0,Female,15-19 years,15-19,5.0,457329.0,1.09
39786,Primary and Secondary Syphilis,310.0,Illinois,2008.0,Female,20-24 years,20-24,6.0,447526.0,1.34
39787,Primary and Secondary Syphilis,310.0,Illinois,2008.0,Female,25-29 years,25-29,3.0,450680.0,0.67
39788,Primary and Secondary Syphilis,310.0,Illinois,2008.0,Female,30-34 years,30-34,5.0,423299.0,1.18
39789,Primary and Secondary Syphilis,310.0,Illinois,2008.0,Female,35-39 years,35-39,5.0,445312.0,1.12
39790,Primary and Secondary Syphilis,310.0,Illinois,2008.0,Female,40+ years,40+,14.0,3031340.0,0.46
39791,Primary and Secondary Syphilis,310.0,Illinois,2009.0,Female,15-19 years,15-19,7.0,448663.0,1.56
39792,Primary and Secondary Syphilis,310.0,Illinois,2009.0,Female,20-24 years,20-24,12.0,448269.0,2.68
39793,Primary and Secondary Syphilis,310.0,Illinois,2009.0,Female,25-29 years,25-29,11.0,455645.0,2.41
39794,Primary and Secondary Syphilis,310.0,Illinois,2009.0,Female,30-34 years,30-34,8.0,420220.0,1.9
39795,Primary and Secondary Syphilis,310.0,Illinois,2009.0,Female,35-39 years,35-39,6.0,433122.0,1.39
39796,Primary and Secondary Syphilis,310.0,Illinois,2009.0,Female,40+ years,40+,11.0,3054825.0,0.36
39797,Primary and Secondary Syphilis,310.0,Illinois,2010.0,Female,15-19 years,15-19,20.0,448356.0,4.46
39798,Primary and Secondary Syphilis,310.0,Illinois,2010.0,Female,20-24 years,20-24,29.0,431451.0,6.72
39799,Primary and Secondary Syphilis,310.0,Illinois,2010.0,Female,25-29 years,25-29,21.0,453386.0,4.63
39800,Primary and Secondary Syphilis,310.0,Illinois,2010.0,Female,30-34 years,30-34,9.0,431902.0,2.08
39801,Primary and Secondary Syphilis,310.0,Illinois,2010.0,Female,35-39 years,35-39,15.0,429314.0,3.49
39802,Primary and Secondary Syphilis,310.0,Illinois,2010.0,Female,40+ years,40+,14.0,3083126.0,0.45
39803,Primary and Secondary Syphilis,310.0,Illinois,2011.0,Female,15-19 years,15-19,13.0,442118.0,2.94
39804,Primary and Secondary Syphilis,310.0,Illinois,2011.0,Female,20-24 years,20-24,25.0,435365.0,5.74
39805,Primary and Secondary Syphilis,310.0,Illinois,2011.0,Female,25-29 years,25-29,13.0,449849.0,2.89
39806,Primary and Secondary Syphilis,310.0,Illinois,2011.0,Female,30-34 years,30-34,10.0,440554.0,2.27
39807,Primary and Secondary Syphilis,310.0,Illinois,2011.0,Female,35-39 years,35-39,7.0,415656.0,1.68
39808,Primary and Secondary Syphilis,310.0,Illinois,2011.0,Female,40+ years,40+,13.0,3120515.0,0.42
39809,Primary and Secondary Syphilis,310.0,Illinois,2012.0,Female,15-19 years,15-19,13.0,434055.0,3.0
39810,Primary and Secondary Syphilis,310.0,Illinois,2012.0,Female,20-24 years,20-24,21.0,440222.0,4.77
39811,Primary and Secondary Syphilis,310.0,Illinois,2012.0,Female,25-29 years,25-29,14.0,445237.0,3.14
39812,Primary and Secondary Syphilis,310.0,Illinois,2012.0,Female,30-34 years,30-34,9.0,444084.0,2.03
39813,Primary and Secondary Syphilis,310.0,Illinois,2012.0,Female,35-39 years,35-39,4.0,411739.0,0.97
39814,Primary and Secondary Syphilis,310.0,Illinois,2012.0,Female,40+ years,40+,12.0,3141122.0,0.38
39815,Primary and Secondary Syphilis,310.0,Illinois,2013.0,Female,0-14 years,0-14,1.0,1224875.0,0.08
39816,Primary and Secondary Syphilis,310.0,Illinois,2013.0,Female,15-19 years,15-19,8.0,427226.0,1.87
39817,Primary and Secondary Syphilis,310.0,Illinois,2013.0,Female,20-24 years,20-24,19.0,443811.0,4.28
39818,Primary and Secondary Syphilis,310.0,Illinois,2013.0,Female,25-29 years,25-29,13.0,439771.0,2.96
39819,Primary and Secondary Syphilis,310.0,Illinois,2013.0,Female,30-34 years,30-34,8.0,447837.0,1.79
39820,Primary and Secondary Syphilis,310.0,Illinois,2013.0,Female,35-39 years,35-39,8.0,411888.0,1.94
39821,Primary and Secondary Syphilis,310.0,Illinois,2013.0,Female,40+ years,40+,9.0,3160244.0,0.28
39822,Primary and Secondary Syphilis,310.0,Illinois,2014.0,Female,15-19 years,15-19,7.0,427226.0,1.64
39823,Primary and Secondary Syphilis,310.0,Illinois,2014.0,Female,20-24 years,20-24,27.0,443811.0,6.08
39824,Primary and Secondary Syphilis,310.0,Illinois,2014.0,Female,25-29 years,25-29,15.0,439771.0,3.41
39825,Primary and Secondary Syphilis,310.0,Illinois,2014.0,Female,30-34 years,30-34,12.0,447837.0,2.68
39826,Primary and Secondary Syphilis,310.0,Illinois,2014.0,Female,35-39 years,35-39,7.0,411888.0,1.7
39827,Primary and Secondary Syphilis,310.0,Illinois,2014.0,Female,40+ years,40+,13.0,3160244.0,0.41
39828,Primary and Secondary Syphilis,310.0,Indiana,1996.0,Female,0-14 years,0-14,4.0,610836.0,0.65
39829,Primary and Secondary Syphilis,310.0,Indiana,1996.0,Female,15-19 years,15-19,22.0,215681.0,10.2
39830,Primary and Secondary Syphilis,310.0,Indiana,1996.0,Female,20-24 years,20-24,21.0,206092.0,10.19
39831,Primary and Secondary Syphilis,310.0,Indiana,1996.0,Female,25-29 years,25-29,22.0,214201.0,10.27
39832,Primary and Secondary Syphilis,310.0,Indiana,1996.0,Female,30-34 years,30-34,23.0,224291.0,10.25
39833,Primary and Secondary Syphilis,310.0,Indiana,1996.0,Female,35-39 years,35-39,10.0,247519.0,4.04
39834,Primary and Secondary Syphilis,310.0,Indiana,1996.0,Female,40+ years,40+,13.0,1304758.0,1.0
39835,Primary and Secondary Syphilis,310.0,Indiana,1997.0,Female,0-14 years,0-14,2.0,619008.0,0.32
39836,Primary and Secondary Syphilis,310.0,Indiana,1997.0,Female,15-19 years,15-19,10.0,219216.0,4.56
39837,Primary and Secondary Syphilis,310.0,Indiana,1997.0,Female,20-24 years,20-24,24.0,203649.0,11.79
39838,Primary and Secondary Syphilis,310.0,Indiana,1997.0,Female,25-29 years,25-29,14.0,215139.0,6.51
39839,Primary and Secondary Syphilis,310.0,Indiana,1997.0,Female,30-34 years,30-34,15.0,216964.0,6.91
39840,Primary and Secondary Syphilis,310.0,Indiana,1997.0,Female,35-39 years,35-39,9.0,246316.0,3.65
39841,Primary and Secondary Syphilis,310.0,Indiana,1997.0,Female,40+ years,40+,5.0,1324998.0,0.38
39842,Primary and Secondary Syphilis,310.0,Indiana,1998.0,Female,15-19 years,15-19,12.0,221608.0,5.41
39843,Primary and Secondary Syphilis,310.0,Indiana,1998.0,Female,20-24 years,20-24,15.0,204822.0,7.32
39844,Primary and Secondary Syphilis,310.0,Indiana,1998.0,Female,25-29 years,25-29,19.0,212202.0,8.95
39845,Primary and Secondary Syphilis,310.0,Indiana,1998.0,Female,30-34 years,30-34,16.0,211442.0,7.57
39846,Primary and Secondary Syphilis,310.0,Indiana,1998.0,Female,35-39 years,35-39,31.0,244093.0,12.7
39847,Primary and Secondary Syphilis,310.0,Indiana,1998.0,Female,40+ years,40+,19.0,1345380.0,1.41
39848,Primary and Secondary Syphilis,310.0,Indiana,1998.0,Female,Unknown,99,1.0,,
39849,Primary and Secondary Syphilis,310.0,Indiana,1999.0,Female,0-14 years,0-14,5.0,633797.0,0.79
39850,Primary and Secondary Syphilis,310.0,Indiana,1999.0,Female,15-19 years,15-19,32.0,221560.0,14.44
39851,Primary and Secondary Syphilis,310.0,Indiana,1999.0,Female,20-24 years,20-24,46.0,206957.0,22.23
39852,Primary and Secondary Syphilis,310.0,Indiana,1999.0,Female,25-29 years,25-29,36.0,207015.0,17.39
39853,Primary and Secondary Syphilis,310.0,Indiana,1999.0,Female,30-34 years,30-34,42.0,208587.0,20.14
39854,Primary and Secondary Syphilis,310.0,Indiana,1999.0,Female,35-39 years,35-39,38.0,242331.0,15.68
39855,Primary and Secondary Syphilis,310.0,Indiana,1999.0,Female,40+ years,40+,26.0,1363104.0,1.91
39856,Primary and Secondary Syphilis,310.0,Indiana,2000.0,Female,0-14 years,0-14,5.0,643638.0,0.78
39857,Primary and Secondary Syphilis,310.0,Indiana,2000.0,Female,15-19 years,15-19,35.0,219730.0,15.93
39858,Primary and Secondary Syphilis,310.0,Indiana,2000.0,Female,20-24 years,20-24,45.0,211172.0,21.31
39859,Primary and Secondary Syphilis,310.0,Indiana,2000.0,Female,25-29 years,25-29,34.0,199795.0,17.02
39860,Primary and Secondary Syphilis,310.0,Indiana,2000.0,Female,30-34 years,30-34,28.0,209499.0,13.37
39861,Primary and Secondary Syphilis,310.0,Indiana,2000.0,Female,35-39 years,35-39,24.0,237940.0,10.09
39862,Primary and Secondary Syphilis,310.0,Indiana,2000.0,Female,40+ years,40+,25.0,1381283.0,1.81
39863,Primary and Secondary Syphilis,310.0,Indiana,2001.0,Female,0-14 years,0-14,2.0,644375.0,0.31
39864,Primary and Secondary Syphilis,310.0,Indiana,2001.0,Female,15-19 years,15-19,7.0,216046.0,3.24
39865,Primary and Secondary Syphilis,310.0,Indiana,2001.0,Female,20-24 years,20-24,15.0,219009.0,6.85
39866,Primary and Secondary Syphilis,310.0,Indiana,2001.0,Female,25-29 years,25-29,9.0,194675.0,4.62
39867,Primary and Secondary Syphilis,310.0,Indiana,2001.0,Female,30-34 years,30-34,12.0,210447.0,5.7
39868,Primary and Secondary Syphilis,310.0,Indiana,2001.0,Female,35-39 years,35-39,14.0,232570.0,6.02
39869,Primary and Secondary Syphilis,310.0,Indiana,2001.0,Female,40+ years,40+,12.0,1401897.0,0.86
39870,Primary and Secondary Syphilis,310.0,Indiana,2002.0,Female,0-14 years,0-14,1.0,647511.0,0.15
39871,Primary and Secondary Syphilis,310.0,Indiana,2002.0,Female,15-19 years,15-19,3.0,214923.0,1.4
39872,Primary and Secondary Syphilis,310.0,Indiana,2002.0,Female,20-24 years,20-24,2.0,223864.0,0.89
39873,Primary and Secondary Syphilis,310.0,Indiana,2002.0,Female,25-29 years,25-29,3.0,192939.0,1.55
39874,Primary and Secondary Syphilis,310.0,Indiana,2002.0,Female,30-34 years,30-34,4.0,211116.0,1.89
39875,Primary and Secondary Syphilis,310.0,Indiana,2002.0,Female,40+ years,40+,5.0,1417332.0,0.35
39876,Primary and Secondary Syphilis,310.0,Indiana,2003.0,Female,15-19 years,15-19,2.0,215791.0,0.93
39877,Primary and Secondary Syphilis,310.0,Indiana,2003.0,Female,20-24 years,20-24,4.0,225867.0,1.77
39878,Primary and Secondary Syphilis,310.0,Indiana,2003.0,Female,30-34 years,30-34,1.0,206479.0,0.48
39879,Primary and Secondary Syphilis,310.0,Indiana,2003.0,Female,35-39 years,35-39,6.0,217473.0,2.76
39880,Primary and Secondary Syphilis,310.0,Indiana,2003.0,Female,40+ years,40+,3.0,1437084.0,0.21
39881,Primary and Secondary Syphilis,310.0,Indiana,2004.0,Female,15-19 years,15-19,1.0,217646.0,0.46
39882,Primary and Secondary Syphilis,310.0,Indiana,2004.0,Female,20-24 years,20-24,1.0,223846.0,0.45
39883,Primary and Secondary Syphilis,310.0,Indiana,2004.0,Female,30-34 years,30-34,2.0,204521.0,0.98
39884,Primary and Secondary Syphilis,310.0,Indiana,2004.0,Female,40+ years,40+,2.0,1460327.0,0.14
39885,Primary and Secondary Syphilis,310.0,Indiana,2005.0,Female,15-19 years,15-19,2.0,220017.0,0.91
39886,Primary and Secondary Syphilis,310.0,Indiana,2005.0,Female,20-24 years,20-24,1.0,218919.0,0.46
39887,Primary and Secondary Syphilis,310.0,Indiana,2005.0,Female,25-29 years,25-29,1.0,209857.0,0.48
39888,Primary and Secondary Syphilis,310.0,Indiana,2005.0,Female,30-34 years,30-34,1.0,199937.0,0.5
39889,Primary and Secondary Syphilis,310.0,Indiana,2005.0,Female,35-39 years,35-39,2.0,209969.0,0.95
39890,Primary and Secondary Syphilis,310.0,Indiana,2005.0,Female,40+ years,40+,3.0,1477701.0,0.2
39891,Primary and Secondary Syphilis,310.0,Indiana,2006.0,Female,15-19 years,15-19,2.0,219488.0,0.91
39892,Primary and Secondary Syphilis,310.0,Indiana,2006.0,Female,25-29 years,25-29,1.0,217679.0,0.46
39893,Primary and Secondary Syphilis,310.0,Indiana,2006.0,Female,30-34 years,30-34,1.0,200702.0,0.5
39894,Primary and Secondary Syphilis,310.0,Indiana,2006.0,Female,35-39 years,35-39,2.0,213086.0,0.94
39895,Primary and Secondary Syphilis,310.0,Indiana,2006.0,Female,40+ years,40+,4.0,1504127.0,0.27
39896,Primary and Secondary Syphilis,310.0,Indiana,2007.0,Female,15-19 years,15-19,1.0,219997.0,0.45
39897,Primary and Secondary Syphilis,310.0,Indiana,2007.0,Female,20-24 years,20-24,3.0,209192.0,1.43
39898,Primary and Secondary Syphilis,310.0,Indiana,2007.0,Female,35-39 years,35-39,2.0,213497.0,0.94
39899,Primary and Secondary Syphilis,310.0,Indiana,2007.0,Female,40+ years,40+,2.0,1516601.0,0.13
39900,Primary and Secondary Syphilis,310.0,Indiana,2008.0,Female,15-19 years,15-19,4.0,219688.0,1.82
39901,Primary and Secondary Syphilis,310.0,Indiana,2008.0,Female,20-24 years,20-24,6.0,208751.0,2.87
39902,Primary and Secondary Syphilis,310.0,Indiana,2008.0,Female,25-29 years,25-29,3.0,218780.0,1.37
39903,Primary and Secondary Syphilis,310.0,Indiana,2008.0,Female,35-39 years,35-39,1.0,212449.0,0.47
39904,Primary and Secondary Syphilis,310.0,Indiana,2008.0,Female,40+ years,40+,2.0,1532155.0,0.13
39905,Primary and Secondary Syphilis,310.0,Indiana,2009.0,Female,15-19 years,15-19,1.0,224031.0,0.45
39906,Primary and Secondary Syphilis,310.0,Indiana,2009.0,Female,20-24 years,20-24,4.0,222186.0,1.8
39907,Primary and Secondary Syphilis,310.0,Indiana,2009.0,Female,25-29 years,25-29,2.0,214076.0,0.93
39908,Primary and Secondary Syphilis,310.0,Indiana,2009.0,Female,35-39 years,35-39,2.0,208804.0,0.96
39909,Primary and Secondary Syphilis,310.0,Indiana,2009.0,Female,40+ years,40+,4.0,1544152.0,0.26
39910,Primary and Secondary Syphilis,310.0,Indiana,2010.0,Female,15-19 years,15-19,2.0,232025.0,0.86
39911,Primary and Secondary Syphilis,310.0,Indiana,2010.0,Female,20-24 years,20-24,6.0,223758.0,2.68
39912,Primary and Secondary Syphilis,310.0,Indiana,2010.0,Female,25-29 years,25-29,4.0,208719.0,1.92
39913,Primary and Secondary Syphilis,310.0,Indiana,2010.0,Female,30-34 years,30-34,5.0,203102.0,2.46
39914,Primary and Secondary Syphilis,310.0,Indiana,2010.0,Female,35-39 years,35-39,1.0,208104.0,0.48
39915,Primary and Secondary Syphilis,310.0,Indiana,2010.0,Female,40+ years,40+,2.0,1567805.0,0.13
39916,Primary and Secondary Syphilis,310.0,Indiana,2011.0,Female,15-19 years,15-19,4.0,227621.0,1.76
39917,Primary and Secondary Syphilis,310.0,Indiana,2011.0,Female,20-24 years,20-24,4.0,229425.0,1.74
39918,Primary and Secondary Syphilis,310.0,Indiana,2011.0,Female,25-29 years,25-29,1.0,207812.0,0.48
39919,Primary and Secondary Syphilis,310.0,Indiana,2011.0,Female,30-34 years,30-34,1.0,208123.0,0.48
39920,Primary and Secondary Syphilis,310.0,Indiana,2011.0,Female,35-39 years,35-39,1.0,201333.0,0.5
39921,Primary and Secondary Syphilis,310.0,Indiana,2011.0,Female,40+ years,40+,2.0,1588223.0,0.13
39922,Primary and Secondary Syphilis,310.0,Indiana,2012.0,Female,15-19 years,15-19,9.0,223128.0,4.03
39923,Primary and Secondary Syphilis,310.0,Indiana,2012.0,Female,20-24 years,20-24,7.0,234859.0,2.98
39924,Primary and Secondary Syphilis,310.0,Indiana,2012.0,Female,25-29 years,25-29,1.0,207064.0,0.48
39925,Primary and Secondary Syphilis,310.0,Indiana,2012.0,Female,30-34 years,30-34,2.0,209497.0,0.95
39926,Primary and Secondary Syphilis,310.0,Indiana,2012.0,Female,35-39 years,35-39,2.0,199317.0,1.0
39927,Primary and Secondary Syphilis,310.0,Indiana,2012.0,Female,40+ years,40+,1.0,1600004.0,0.06
39928,Primary and Secondary Syphilis,310.0,Indiana,2013.0,Female,15-19 years,15-19,4.0,222647.0,1.8
39929,Primary and Secondary Syphilis,310.0,Indiana,2013.0,Female,20-24 years,20-24,5.0,237166.0,2.11
39930,Primary and Secondary Syphilis,310.0,Indiana,2013.0,Female,25-29 years,25-29,4.0,208234.0,1.92
39931,Primary and Secondary Syphilis,310.0,Indiana,2013.0,Female,30-34 years,30-34,1.0,211820.0,0.47
39932,Primary and Secondary Syphilis,310.0,Indiana,2013.0,Female,35-39 years,35-39,2.0,199730.0,1.0
39933,Primary and Secondary Syphilis,310.0,Indiana,2013.0,Female,40+ years,40+,2.0,1612428.0,0.12
39934,Primary and Secondary Syphilis,310.0,Indiana,2014.0,Female,15-19 years,15-19,1.0,222647.0,0.45
39935,Primary and Secondary Syphilis,310.0,Indiana,2014.0,Female,20-24 years,20-24,6.0,237166.0,2.53
39936,Primary and Secondary Syphilis,310.0,Indiana,2014.0,Female,25-29 years,25-29,2.0,208234.0,0.96
39937,Primary and Secondary Syphilis,310.0,Indiana,2014.0,Female,35-39 years,35-39,1.0,199730.0,0.5
39938,Primary and Secondary Syphilis,310.0,Indiana,2014.0,Female,40+ years,40+,1.0,1612428.0,0.06
39939,Primary and Secondary Syphilis,310.0,Iowa,1996.0,Female,15-19 years,15-19,3.0,108273.0,2.77
39940,Primary and Secondary Syphilis,310.0,Iowa,1996.0,Female,20-24 years,20-24,10.0,93551.0,10.69
39941,Primary and Secondary Syphilis,310.0,Iowa,1996.0,Female,25-29 years,25-29,3.0,95918.0,3.13
39942,Primary and Secondary Syphilis,310.0,Iowa,1996.0,Female,30-34 years,30-34,1.0,97683.0,1.02
39943,Primary and Secondary Syphilis,310.0,Iowa,1997.0,Female,15-19 years,15-19,2.0,110265.0,1.81
39944,Primary and Secondary Syphilis,310.0,Iowa,1997.0,Female,30-34 years,30-34,1.0,94046.0,1.06
39945,Primary and Secondary Syphilis,310.0,Iowa,1997.0,Female,35-39 years,35-39,1.0,114025.0,0.88
39946,Primary and Secondary Syphilis,310.0,Iowa,1999.0,Female,15-19 years,15-19,2.0,111498.0,1.79
39947,Primary and Secondary Syphilis,310.0,Iowa,1999.0,Female,25-29 years,25-29,1.0,89501.0,1.12
39948,Primary and Secondary Syphilis,310.0,Iowa,1999.0,Female,30-34 years,30-34,2.0,90838.0,2.2
39949,Primary and Secondary Syphilis,310.0,Iowa,1999.0,Female,40+ years,40+,1.0,695657.0,0.14
39950,Primary and Secondary Syphilis,310.0,Iowa,2000.0,Female,30-34 years,30-34,1.0,92108.0,1.09
39951,Primary and Secondary Syphilis,310.0,Iowa,2000.0,Female,35-39 years,35-39,4.0,108998.0,3.67
39952,Primary and Secondary Syphilis,310.0,Iowa,2000.0,Female,40+ years,40+,1.0,706764.0,0.14
39953,Primary and Secondary Syphilis,310.0,Iowa,2001.0,Female,15-19 years,15-19,1.0,106730.0,0.94
39954,Primary and Secondary Syphilis,310.0,Iowa,2002.0,Female,20-24 years,20-24,1.0,111829.0,0.89
39955,Primary and Secondary Syphilis,310.0,Iowa,2002.0,Female,25-29 years,25-29,1.0,86172.0,1.16
39956,Primary and Secondary Syphilis,310.0,Iowa,2002.0,Female,35-39 years,35-39,2.0,100587.0,1.99
39957,Primary and Secondary Syphilis,310.0,Iowa,2003.0,Female,25-29 years,25-29,1.0,88379.0,1.13
39958,Primary and Secondary Syphilis,310.0,Iowa,2003.0,Female,30-34 years,30-34,1.0,88348.0,1.13
39959,Primary and Secondary Syphilis,310.0,Iowa,2004.0,Female,30-34 years,30-34,1.0,86836.0,1.15
39960,Primary and Secondary Syphilis,310.0,Iowa,2005.0,Female,15-19 years,15-19,1.0,102028.0,0.98
39961,Primary and Secondary Syphilis,310.0,Iowa,2006.0,Female,15-19 years,15-19,1.0,106102.0,0.94
39962,Primary and Secondary Syphilis,310.0,Iowa,2006.0,Female,20-24 years,20-24,1.0,107719.0,0.93
39963,Primary and Secondary Syphilis,310.0,Iowa,2006.0,Female,30-34 years,30-34,1.0,85363.0,1.17
39964,Primary and Secondary Syphilis,310.0,Iowa,2006.0,Female,40+ years,40+,3.0,743678.0,0.4
39965,Primary and Secondary Syphilis,310.0,Iowa,2007.0,Female,15-19 years,15-19,1.0,106446.0,0.94
39966,Primary and Secondary Syphilis,310.0,Iowa,2007.0,Female,20-24 years,20-24,1.0,105114.0,0.95
39967,Primary and Secondary Syphilis,310.0,Iowa,2007.0,Female,30-34 years,30-34,1.0,84894.0,1.18
39968,Primary and Secondary Syphilis,310.0,Iowa,2008.0,Female,30-34 years,30-34,2.0,85576.0,2.34
39969,Primary and Secondary Syphilis,310.0,Iowa,2008.0,Female,40+ years,40+,1.0,751037.0,0.13
39970,Primary and Secondary Syphilis,310.0,Iowa,2009.0,Female,25-29 years,25-29,4.0,95215.0,4.2
39971,Primary and Secondary Syphilis,310.0,Iowa,2009.0,Female,35-39 years,35-39,1.0,87872.0,1.14
39972,Primary and Secondary Syphilis,310.0,Iowa,2009.0,Female,40+ years,40+,1.0,749565.0,0.13
39973,Primary and Secondary Syphilis,310.0,Iowa,2010.0,Female,20-24 years,20-24,1.0,103883.0,0.96
39974,Primary and Secondary Syphilis,310.0,Iowa,2010.0,Female,35-39 years,35-39,1.0,87574.0,1.14
39975,Primary and Secondary Syphilis,310.0,Iowa,2010.0,Female,40+ years,40+,1.0,759658.0,0.13
39976,Primary and Secondary Syphilis,310.0,Iowa,2011.0,Female,0-14 years,0-14,1.0,293837.0,0.34
39977,Primary and Secondary Syphilis,310.0,Iowa,2011.0,Female,20-24 years,20-24,1.0,105516.0,0.95
39978,Primary and Secondary Syphilis,310.0,Iowa,2011.0,Female,25-29 years,25-29,2.0,95780.0,2.09
39979,Primary and Secondary Syphilis,310.0,Iowa,2011.0,Female,35-39 years,35-39,1.0,84975.0,1.18
39980,Primary and Secondary Syphilis,310.0,Iowa,2012.0,Female,15-19 years,15-19,1.0,103699.0,0.96
39981,Primary and Secondary Syphilis,310.0,Iowa,2012.0,Female,20-24 years,20-24,2.0,108077.0,1.85
39982,Primary and Secondary Syphilis,310.0,Iowa,2012.0,Female,30-34 years,30-34,2.0,96094.0,2.08
39983,Primary and Secondary Syphilis,310.0,Iowa,2012.0,Female,35-39 years,35-39,1.0,85130.0,1.17
39984,Primary and Secondary Syphilis,310.0,Iowa,2012.0,Female,40+ years,40+,1.0,768287.0,0.13
39985,Primary and Secondary Syphilis,310.0,Iowa,2013.0,Female,15-19 years,15-19,2.0,103458.0,1.93
39986,Primary and Secondary Syphilis,310.0,Iowa,2013.0,Female,20-24 years,20-24,1.0,110032.0,0.91
39987,Primary and Secondary Syphilis,310.0,Iowa,2013.0,Female,25-29 years,25-29,3.0,93387.0,3.21
39988,Primary and Secondary Syphilis,310.0,Iowa,2013.0,Female,30-34 years,30-34,1.0,97603.0,1.02
39989,Primary and Secondary Syphilis,310.0,Iowa,2013.0,Female,40+ years,40+,3.0,770827.0,0.39
39990,Primary and Secondary Syphilis,310.0,Iowa,2014.0,Female,15-19 years,15-19,2.0,103458.0,1.93
39991,Primary and Secondary Syphilis,310.0,Iowa,2014.0,Female,20-24 years,20-24,2.0,110032.0,1.82
39992,Primary and Secondary Syphilis,310.0,Iowa,2014.0,Female,35-39 years,35-39,1.0,87396.0,1.14
39993,Primary and Secondary Syphilis,310.0,Iowa,2014.0,Female,40+ years,40+,1.0,770827.0,0.13
39994,Primary and Secondary Syphilis,310.0,Kansas,1996.0,Female,15-19 years,15-19,4.0,95498.0,4.19
39995,Primary and Secondary Syphilis,310.0,Kansas,1996.0,Female,20-24 years,20-24,1.0,83531.0,1.2
39996,Primary and Secondary Syphilis,310.0,Kansas,1996.0,Female,25-29 years,25-29,2.0,88772.0,2.25
39997,Primary and Secondary Syphilis,310.0,Kansas,1996.0,Female,30-34 years,30-34,1.0,96117.0,1.04
39998,Primary and Secondary Syphilis,310.0,Kansas,1996.0,Female,35-39 years,35-39,1.0,108343.0,0.92
39999,Primary and Secondary Syphilis,310.0,Kansas,1996.0,Female,40+ years,40+,1.0,575505.0,0.17
40000,Primary and Secondary Syphilis,310.0,Kansas,1997.0,Female,15-19 years,15-19,2.0,98380.0,2.03
40001,Primary and Secondary Syphilis,310.0,Kansas,1997.0,Female,20-24 years,20-24,1.0,84722.0,1.18
40002,Primary and Secondary Syphilis,310.0,Kansas,1997.0,Female,30-34 years,30-34,3.0,92005.0,3.26
40003,Primary and Secondary Syphilis,310.0,Kansas,1997.0,Female,35-39 years,35-39,3.0,107809.0,2.78
40004,Primary and Secondary Syphilis,310.0,Kansas,1997.0,Female,40+ years,40+,3.0,584575.0,0.51
40005,Primary and Secondary Syphilis,310.0,Kansas,1998.0,Female,15-19 years,15-19,1.0,101147.0,0.99
40006,Primary and Secondary Syphilis,310.0,Kansas,1998.0,Female,20-24 years,20-24,1.0,86936.0,1.15
40007,Primary and Secondary Syphilis,310.0,Kansas,1998.0,Female,35-39 years,35-39,3.0,107085.0,2.8
40008,Primary and Secondary Syphilis,310.0,Kansas,1998.0,Female,40+ years,40+,1.0,593575.0,0.17
40009,Primary and Secondary Syphilis,310.0,Kansas,1999.0,Female,15-19 years,15-19,4.0,102221.0,3.91
40010,Primary and Secondary Syphilis,310.0,Kansas,1999.0,Female,20-24 years,20-24,1.0,89406.0,1.12
40011,Primary and Secondary Syphilis,310.0,Kansas,1999.0,Female,30-34 years,30-34,1.0,86668.0,1.15
40012,Primary and Secondary Syphilis,310.0,Kansas,1999.0,Female,35-39 years,35-39,1.0,105555.0,0.95
40013,Primary and Secondary Syphilis,310.0,Kansas,1999.0,Female,40+ years,40+,1.0,601321.0,0.17
40014,Primary and Secondary Syphilis,310.0,Kansas,2000.0,Female,20-24 years,20-24,1.0,93040.0,1.07
40015,Primary and Secondary Syphilis,310.0,Kansas,2001.0,Female,15-19 years,15-19,4.0,101046.0,3.96
40016,Primary and Secondary Syphilis,310.0,Kansas,2001.0,Female,20-24 years,20-24,2.0,96307.0,2.08
40017,Primary and Secondary Syphilis,310.0,Kansas,2001.0,Female,25-29 years,25-29,3.0,82849.0,3.62
40018,Primary and Secondary Syphilis,310.0,Kansas,2001.0,Female,30-34 years,30-34,1.0,86622.0,1.15
40019,Primary and Secondary Syphilis,310.0,Kansas,2001.0,Female,40+ years,40+,1.0,618876.0,0.16
40020,Primary and Secondary Syphilis,310.0,Kansas,2002.0,Female,15-19 years,15-19,1.0,100585.0,0.99
40021,Primary and Secondary Syphilis,310.0,Kansas,2002.0,Female,20-24 years,20-24,2.0,99799.0,2.0
40022,Primary and Secondary Syphilis,310.0,Kansas,2002.0,Female,40+ years,40+,3.0,627103.0,0.48
40023,Primary and Secondary Syphilis,310.0,Kansas,2003.0,Female,15-19 years,15-19,3.0,99501.0,3.02
40024,Primary and Secondary Syphilis,310.0,Kansas,2003.0,Female,20-24 years,20-24,3.0,101803.0,2.95
40025,Primary and Secondary Syphilis,310.0,Kansas,2003.0,Female,25-29 years,25-29,1.0,85347.0,1.17
40026,Primary and Secondary Syphilis,310.0,Kansas,2003.0,Female,30-34 years,30-34,2.0,85399.0,2.34
40027,Primary and Secondary Syphilis,310.0,Kansas,2003.0,Female,35-39 years,35-39,2.0,90197.0,2.22
40028,Primary and Secondary Syphilis,310.0,Kansas,2003.0,Female,40+ years,40+,2.0,632479.0,0.32
40029,Primary and Secondary Syphilis,310.0,Kansas,2004.0,Female,15-19 years,15-19,4.0,98564.0,4.06
40030,Primary and Secondary Syphilis,310.0,Kansas,2004.0,Female,30-34 years,30-34,2.0,84669.0,2.36
40031,Primary and Secondary Syphilis,310.0,Kansas,2004.0,Female,40+ years,40+,1.0,640395.0,0.16
40032,Primary and Secondary Syphilis,310.0,Kansas,2005.0,Female,20-24 years,20-24,1.0,103453.0,0.97
40033,Primary and Secondary Syphilis,310.0,Kansas,2005.0,Female,40+ years,40+,1.0,648020.0,0.15
40034,Primary and Secondary Syphilis,310.0,Kansas,2006.0,Female,20-24 years,20-24,2.0,101898.0,1.96
40035,Primary and Secondary Syphilis,310.0,Kansas,2007.0,Female,20-24 years,20-24,1.0,99882.0,1.0
40036,Primary and Secondary Syphilis,310.0,Kansas,2007.0,Female,35-39 years,35-39,1.0,88354.0,1.13
40037,Primary and Secondary Syphilis,310.0,Kansas,2007.0,Female,40+ years,40+,4.0,657290.0,0.61
40038,Primary and Secondary Syphilis,310.0,Kansas,2008.0,Female,15-19 years,15-19,1.0,96531.0,1.04
40039,Primary and Secondary Syphilis,310.0,Kansas,2008.0,Female,20-24 years,20-24,1.0,100349.0,1.0
40040,Primary and Secondary Syphilis,310.0,Kansas,2008.0,Female,25-29 years,25-29,2.0,95653.0,2.09
40041,Primary and Secondary Syphilis,310.0,Kansas,2008.0,Female,40+ years,40+,1.0,662483.0,0.15
40042,Primary and Secondary Syphilis,310.0,Kansas,2009.0,Female,15-19 years,15-19,1.0,96536.0,1.04
40043,Primary and Secondary Syphilis,310.0,Kansas,2009.0,Female,20-24 years,20-24,4.0,106620.0,3.75
40044,Primary and Secondary Syphilis,310.0,Kansas,2009.0,Female,35-39 years,35-39,2.0,84926.0,2.35
40045,Primary and Secondary Syphilis,310.0,Kansas,2009.0,Female,40+ years,40+,2.0,663398.0,0.3
40046,Primary and Secondary Syphilis,310.0,Kansas,2010.0,Female,20-24 years,20-24,1.0,99004.0,1.01
40047,Primary and Secondary Syphilis,310.0,Kansas,2012.0,Female,20-24 years,20-24,2.0,101975.0,1.96
40048,Primary and Secondary Syphilis,310.0,Kansas,2013.0,Female,15-19 years,15-19,1.0,97016.0,1.03
40049,Primary and Secondary Syphilis,310.0,Kansas,2013.0,Female,20-24 years,20-24,1.0,102918.0,0.97
40050,Primary and Secondary Syphilis,310.0,Kansas,2013.0,Female,35-39 years,35-39,1.0,84093.0,1.19
40051,Primary and Secondary Syphilis,310.0,Kansas,2013.0,Female,40+ years,40+,1.0,683788.0,0.15
40052,Primary and Secondary Syphilis,310.0,Kansas,2014.0,Female,15-19 years,15-19,2.0,97016.0,2.06
40053,Primary and Secondary Syphilis,310.0,Kansas,2014.0,Female,20-24 years,20-24,4.0,102918.0,3.89
40054,Primary and Secondary Syphilis,310.0,Kansas,2014.0,Female,25-29 years,25-29,3.0,93934.0,3.19
40055,Primary and Secondary Syphilis,310.0,Kansas,2014.0,Female,35-39 years,35-39,1.0,84093.0,1.19
40056,Primary and Secondary Syphilis,310.0,Kansas,2014.0,Female,40+ years,40+,4.0,683788.0,0.58
40057,Primary and Secondary Syphilis,310.0,Kentucky,1996.0,Female,0-14 years,0-14,2.0,393822.0,0.51
40058,Primary and Secondary Syphilis,310.0,Kentucky,1996.0,Female,15-19 years,15-19,9.0,143491.0,6.27
40059,Primary and Secondary Syphilis,310.0,Kentucky,1996.0,Female,20-24 years,20-24,24.0,137665.0,17.43
40060,Primary and Secondary Syphilis,310.0,Kentucky,1996.0,Female,25-29 years,25-29,18.0,140845.0,12.78
40061,Primary and Secondary Syphilis,310.0,Kentucky,1996.0,Female,30-34 years,30-34,13.0,153988.0,8.44
40062,Primary and Secondary Syphilis,310.0,Kentucky,1996.0,Female,35-39 years,35-39,9.0,164116.0,5.48
40063,Primary and Secondary Syphilis,310.0,Kentucky,1996.0,Female,40+ years,40+,6.0,879021.0,0.68
40064,Primary and Secondary Syphilis,310.0,Kentucky,1997.0,Female,0-14 years,0-14,1.0,400557.0,0.25
40065,Primary and Secondary Syphilis,310.0,Kentucky,1997.0,Female,15-19 years,15-19,13.0,144476.0,9.0
40066,Primary and Secondary Syphilis,310.0,Kentucky,1997.0,Female,20-24 years,20-24,14.0,136029.0,10.29
40067,Primary and Secondary Syphilis,310.0,Kentucky,1997.0,Female,25-29 years,25-29,13.0,141627.0,9.18
40068,Primary and Secondary Syphilis,310.0,Kentucky,1997.0,Female,30-34 years,30-34,9.0,149403.0,6.02
40069,Primary and Secondary Syphilis,310.0,Kentucky,1997.0,Female,35-39 years,35-39,7.0,163342.0,4.29
40070,Primary and Secondary Syphilis,310.0,Kentucky,1997.0,Female,40+ years,40+,9.0,892635.0,1.01
40071,Primary and Secondary Syphilis,310.0,Kentucky,1998.0,Female,15-19 years,15-19,6.0,144288.0,4.16
40072,Primary and Secondary Syphilis,310.0,Kentucky,1998.0,Female,20-24 years,20-24,14.0,137072.0,10.21
40073,Primary and Secondary Syphilis,310.0,Kentucky,1998.0,Female,25-29 years,25-29,4.0,142025.0,2.82
40074,Primary and Secondary Syphilis,310.0,Kentucky,1998.0,Female,30-34 years,30-34,8.0,146230.0,5.47
40075,Primary and Secondary Syphilis,310.0,Kentucky,1998.0,Female,35-39 years,35-39,11.0,163430.0,6.73
40076,Primary and Secondary Syphilis,310.0,Kentucky,1998.0,Female,40+ years,40+,6.0,910309.0,0.66
40077,Primary and Secondary Syphilis,310.0,Kentucky,1999.0,Female,15-19 years,15-19,7.0,142606.0,4.91
40078,Primary and Secondary Syphilis,310.0,Kentucky,1999.0,Female,20-24 years,20-24,8.0,138317.0,5.78
40079,Primary and Secondary Syphilis,310.0,Kentucky,1999.0,Female,25-29 years,25-29,8.0,140894.0,5.68
40080,Primary and Secondary Syphilis,310.0,Kentucky,1999.0,Female,30-34 years,30-34,7.0,143778.0,4.87
40081,Primary and Secondary Syphilis,310.0,Kentucky,1999.0,Female,35-39 years,35-39,10.0,163406.0,6.12
40082,Primary and Secondary Syphilis,310.0,Kentucky,1999.0,Female,40+ years,40+,5.0,926737.0,0.54
40083,Primary and Secondary Syphilis,310.0,Kentucky,2000.0,Female,15-19 years,15-19,8.0,139429.0,5.74
40084,Primary and Secondary Syphilis,310.0,Kentucky,2000.0,Female,20-24 years,20-24,14.0,142274.0,9.84
40085,Primary and Secondary Syphilis,310.0,Kentucky,2000.0,Female,25-29 years,25-29,1.0,140196.0,0.71
40086,Primary and Secondary Syphilis,310.0,Kentucky,2000.0,Female,30-34 years,30-34,4.0,146018.0,2.74
40087,Primary and Secondary Syphilis,310.0,Kentucky,2000.0,Female,35-39 years,35-39,7.0,164235.0,4.26
40088,Primary and Secondary Syphilis,310.0,Kentucky,2000.0,Female,40+ years,40+,8.0,953854.0,0.84
40089,Primary and Secondary Syphilis,310.0,Kentucky,2001.0,Female,15-19 years,15-19,3.0,137057.0,2.19
40090,Primary and Secondary Syphilis,310.0,Kentucky,2001.0,Female,20-24 years,20-24,4.0,144849.0,2.76
40091,Primary and Secondary Syphilis,310.0,Kentucky,2001.0,Female,25-29 years,25-29,1.0,136474.0,0.73
40092,Primary and Secondary Syphilis,310.0,Kentucky,2001.0,Female,30-34 years,30-34,1.0,146361.0,0.68
40093,Primary and Secondary Syphilis,310.0,Kentucky,2001.0,Female,35-39 years,35-39,2.0,160744.0,1.24
40094,Primary and Secondary Syphilis,310.0,Kentucky,2001.0,Female,40+ years,40+,6.0,968269.0,0.62
40095,Primary and Secondary Syphilis,310.0,Kentucky,2002.0,Female,15-19 years,15-19,2.0,135147.0,1.48
40096,Primary and Secondary Syphilis,310.0,Kentucky,2002.0,Female,20-24 years,20-24,9.0,148496.0,6.06
40097,Primary and Secondary Syphilis,310.0,Kentucky,2002.0,Female,25-29 years,25-29,7.0,136526.0,5.13
40098,Primary and Secondary Syphilis,310.0,Kentucky,2002.0,Female,30-34 years,30-34,7.0,148662.0,4.71
40099,Primary and Secondary Syphilis,310.0,Kentucky,2002.0,Female,35-39 years,35-39,7.0,158195.0,4.42
40100,Primary and Secondary Syphilis,310.0,Kentucky,2002.0,Female,40+ years,40+,11.0,989208.0,1.11
40101,Primary and Secondary Syphilis,310.0,Kentucky,2003.0,Female,15-19 years,15-19,2.0,136030.0,1.47
40102,Primary and Secondary Syphilis,310.0,Kentucky,2003.0,Female,20-24 years,20-24,3.0,145583.0,2.06
40103,Primary and Secondary Syphilis,310.0,Kentucky,2003.0,Female,25-29 years,25-29,1.0,135004.0,0.74
40104,Primary and Secondary Syphilis,310.0,Kentucky,2003.0,Female,30-34 years,30-34,1.0,143451.0,0.7
40105,Primary and Secondary Syphilis,310.0,Kentucky,2003.0,Female,35-39 years,35-39,1.0,150576.0,0.66
40106,Primary and Secondary Syphilis,310.0,Kentucky,2003.0,Female,40+ years,40+,5.0,986801.0,0.51
40107,Primary and Secondary Syphilis,310.0,Kentucky,2004.0,Female,15-19 years,15-19,1.0,136147.0,0.73
40108,Primary and Secondary Syphilis,310.0,Kentucky,2004.0,Female,20-24 years,20-24,1.0,145437.0,0.69
40109,Primary and Secondary Syphilis,310.0,Kentucky,2004.0,Female,25-29 years,25-29,1.0,138111.0,0.72
40110,Primary and Secondary Syphilis,310.0,Kentucky,2004.0,Female,35-39 years,35-39,1.0,147841.0,0.68
40111,Primary and Secondary Syphilis,310.0,Kentucky,2004.0,Female,40+ years,40+,2.0,1005443.0,0.2
40112,Primary and Secondary Syphilis,310.0,Kentucky,2005.0,Female,20-24 years,20-24,1.0,142576.0,0.7
40113,Primary and Secondary Syphilis,310.0,Kentucky,2005.0,Female,25-29 years,25-29,1.0,141232.0,0.71
40114,Primary and Secondary Syphilis,310.0,Kentucky,2005.0,Female,35-39 years,35-39,1.0,146441.0,0.68
40115,Primary and Secondary Syphilis,310.0,Kentucky,2006.0,Female,15-19 years,15-19,1.0,135840.0,0.74
40116,Primary and Secondary Syphilis,310.0,Kentucky,2006.0,Female,25-29 years,25-29,1.0,154238.0,0.65
40117,Primary and Secondary Syphilis,310.0,Kentucky,2006.0,Female,40+ years,40+,5.0,1034415.0,0.48
40118,Primary and Secondary Syphilis,310.0,Kentucky,2007.0,Female,15-19 years,15-19,1.0,137048.0,0.73
40119,Primary and Secondary Syphilis,310.0,Kentucky,2007.0,Female,20-24 years,20-24,2.0,135399.0,1.48
40120,Primary and Secondary Syphilis,310.0,Kentucky,2007.0,Female,25-29 years,25-29,2.0,155867.0,1.28
40121,Primary and Secondary Syphilis,310.0,Kentucky,2007.0,Female,30-34 years,30-34,1.0,135361.0,0.74
40122,Primary and Secondary Syphilis,310.0,Kentucky,2007.0,Female,40+ years,40+,3.0,1047626.0,0.29
40123,Primary and Secondary Syphilis,310.0,Kentucky,2008.0,Female,15-19 years,15-19,3.0,137431.0,2.18
40124,Primary and Secondary Syphilis,310.0,Kentucky,2008.0,Female,20-24 years,20-24,2.0,134206.0,1.49
40125,Primary and Secondary Syphilis,310.0,Kentucky,2008.0,Female,25-29 years,25-29,5.0,154764.0,3.23
40126,Primary and Secondary Syphilis,310.0,Kentucky,2008.0,Female,30-34 years,30-34,1.0,137575.0,0.73
40127,Primary and Secondary Syphilis,310.0,Kentucky,2008.0,Female,35-39 years,35-39,2.0,146358.0,1.37
40128,Primary and Secondary Syphilis,310.0,Kentucky,2008.0,Female,40+ years,40+,1.0,1063336.0,0.09
40129,Primary and Secondary Syphilis,310.0,Kentucky,2009.0,Female,15-19 years,15-19,1.0,140591.0,0.71
40130,Primary and Secondary Syphilis,310.0,Kentucky,2009.0,Female,25-29 years,25-29,1.0,149293.0,0.67
40131,Primary and Secondary Syphilis,310.0,Kentucky,2009.0,Female,30-34 years,30-34,1.0,137008.0,0.73
40132,Primary and Secondary Syphilis,310.0,Kentucky,2009.0,Female,35-39 years,35-39,1.0,143856.0,0.7
40133,Primary and Secondary Syphilis,310.0,Kentucky,2010.0,Female,15-19 years,15-19,2.0,144688.0,1.38
40134,Primary and Secondary Syphilis,310.0,Kentucky,2010.0,Female,20-24 years,20-24,1.0,142536.0,0.7
40135,Primary and Secondary Syphilis,310.0,Kentucky,2010.0,Female,25-29 years,25-29,4.0,141589.0,2.83
40136,Primary and Secondary Syphilis,310.0,Kentucky,2010.0,Female,30-34 years,30-34,1.0,138852.0,0.72
40137,Primary and Secondary Syphilis,310.0,Kentucky,2011.0,Female,15-19 years,15-19,6.0,140497.0,4.27
40138,Primary and Secondary Syphilis,310.0,Kentucky,2011.0,Female,20-24 years,20-24,3.0,148788.0,2.02
40139,Primary and Secondary Syphilis,310.0,Kentucky,2011.0,Female,25-29 years,25-29,3.0,139638.0,2.15
40140,Primary and Secondary Syphilis,310.0,Kentucky,2011.0,Female,30-34 years,30-34,2.0,142364.0,1.4
40141,Primary and Secondary Syphilis,310.0,Kentucky,2011.0,Female,35-39 years,35-39,1.0,137397.0,0.73
40142,Primary and Secondary Syphilis,310.0,Kentucky,2011.0,Female,40+ years,40+,4.0,1096020.0,0.36
40143,Primary and Secondary Syphilis,310.0,Kentucky,2012.0,Female,20-24 years,20-24,6.0,151995.0,3.95
40144,Primary and Secondary Syphilis,310.0,Kentucky,2012.0,Female,25-29 years,25-29,3.0,137674.0,2.18
40145,Primary and Secondary Syphilis,310.0,Kentucky,2012.0,Female,35-39 years,35-39,1.0,135851.0,0.74
40146,Primary and Secondary Syphilis,310.0,Kentucky,2012.0,Female,40+ years,40+,3.0,1102596.0,0.27
40147,Primary and Secondary Syphilis,310.0,Kentucky,2013.0,Female,15-19 years,15-19,4.0,136995.0,2.92
40148,Primary and Secondary Syphilis,310.0,Kentucky,2013.0,Female,20-24 years,20-24,6.0,153817.0,3.9
40149,Primary and Secondary Syphilis,310.0,Kentucky,2013.0,Female,25-29 years,25-29,1.0,136775.0,0.73
40150,Primary and Secondary Syphilis,310.0,Kentucky,2013.0,Female,30-34 years,30-34,1.0,143319.0,0.7
40151,Primary and Secondary Syphilis,310.0,Kentucky,2013.0,Female,35-39 years,35-39,2.0,136150.0,1.47
40152,Primary and Secondary Syphilis,310.0,Kentucky,2013.0,Female,40+ years,40+,3.0,1112674.0,0.27
40153,Primary and Secondary Syphilis,310.0,Kentucky,2014.0,Female,15-19 years,15-19,4.0,136995.0,2.92
40154,Primary and Secondary Syphilis,310.0,Kentucky,2014.0,Female,20-24 years,20-24,4.0,153817.0,2.6
40155,Primary and Secondary Syphilis,310.0,Kentucky,2014.0,Female,25-29 years,25-29,6.0,136775.0,4.39
40156,Primary and Secondary Syphilis,310.0,Kentucky,2014.0,Female,30-34 years,30-34,2.0,143319.0,1.4
40157,Primary and Secondary Syphilis,310.0,Kentucky,2014.0,Female,35-39 years,35-39,4.0,136150.0,2.94
40158,Primary and Secondary Syphilis,310.0,Kentucky,2014.0,Female,40+ years,40+,2.0,1112674.0,0.18
40159,Primary and Secondary Syphilis,310.0,Louisiana,1996.0,Female,0-14 years,0-14,4.0,501017.0,0.8
40160,Primary and Secondary Syphilis,310.0,Louisiana,1996.0,Female,15-19 years,15-19,59.0,178849.0,32.99
40161,Primary and Secondary Syphilis,310.0,Louisiana,1996.0,Female,20-24 years,20-24,72.0,158638.0,45.39
40162,Primary and Secondary Syphilis,310.0,Louisiana,1996.0,Female,25-29 years,25-29,35.0,158742.0,22.05
40163,Primary and Secondary Syphilis,310.0,Louisiana,1996.0,Female,30-34 years,30-34,37.0,169186.0,21.87
40164,Primary and Secondary Syphilis,310.0,Louisiana,1996.0,Female,35-39 years,35-39,37.0,185101.0,19.99
40165,Primary and Secondary Syphilis,310.0,Louisiana,1996.0,Female,40+ years,40+,26.0,923316.0,2.82
40166,Primary and Secondary Syphilis,310.0,Louisiana,1997.0,Female,0-14 years,0-14,6.0,496857.0,1.21
40167,Primary and Secondary Syphilis,310.0,Louisiana,1997.0,Female,15-19 years,15-19,51.0,181439.0,28.11
40168,Primary and Secondary Syphilis,310.0,Louisiana,1997.0,Female,20-24 years,20-24,38.0,158811.0,23.93
40169,Primary and Secondary Syphilis,310.0,Louisiana,1997.0,Female,25-29 years,25-29,25.0,158123.0,15.81
40170,Primary and Secondary Syphilis,310.0,Louisiana,1997.0,Female,30-34 years,30-34,24.0,164620.0,14.58
40171,Primary and Secondary Syphilis,310.0,Louisiana,1997.0,Female,35-39 years,35-39,25.0,183673.0,13.61
40172,Primary and Secondary Syphilis,310.0,Louisiana,1997.0,Female,40+ years,40+,18.0,941615.0,1.91
40173,Primary and Secondary Syphilis,310.0,Louisiana,1998.0,Female,0-14 years,0-14,8.0,493914.0,1.62
40174,Primary and Secondary Syphilis,310.0,Louisiana,1998.0,Female,15-19 years,15-19,41.0,183446.0,22.35
40175,Primary and Secondary Syphilis,310.0,Louisiana,1998.0,Female,20-24 years,20-24,36.0,160267.0,22.46
40176,Primary and Secondary Syphilis,310.0,Louisiana,1998.0,Female,25-29 years,25-29,22.0,156280.0,14.08
40177,Primary and Secondary Syphilis,310.0,Louisiana,1998.0,Female,30-34 years,30-34,34.0,160342.0,21.2
40178,Primary and Secondary Syphilis,310.0,Louisiana,1998.0,Female,35-39 years,35-39,22.0,181451.0,12.12
40179,Primary and Secondary Syphilis,310.0,Louisiana,1998.0,Female,40+ years,40+,33.0,957700.0,3.45
40180,Primary and Secondary Syphilis,310.0,Louisiana,1999.0,Female,0-14 years,0-14,5.0,492405.0,1.02
40181,Primary and Secondary Syphilis,310.0,Louisiana,1999.0,Female,15-19 years,15-19,27.0,183175.0,14.74
40182,Primary and Secondary Syphilis,310.0,Louisiana,1999.0,Female,20-24 years,20-24,29.0,162608.0,17.83
40183,Primary and Secondary Syphilis,310.0,Louisiana,1999.0,Female,25-29 years,25-29,20.0,153448.0,13.03
40184,Primary and Secondary Syphilis,310.0,Louisiana,1999.0,Female,30-34 years,30-34,20.0,157043.0,12.74
40185,Primary and Secondary Syphilis,310.0,Louisiana,1999.0,Female,35-39 years,35-39,26.0,179140.0,14.51
40186,Primary and Secondary Syphilis,310.0,Louisiana,1999.0,Female,40+ years,40+,26.0,974925.0,2.67
40187,Primary and Secondary Syphilis,310.0,Louisiana,2000.0,Female,0-14 years,0-14,5.0,481812.0,1.04
40188,Primary and Secondary Syphilis,310.0,Louisiana,2000.0,Female,15-19 years,15-19,18.0,180517.0,9.97
40189,Primary and Secondary Syphilis,310.0,Louisiana,2000.0,Female,20-24 years,20-24,20.0,166905.0,11.98
40190,Primary and Secondary Syphilis,310.0,Louisiana,2000.0,Female,25-29 years,25-29,14.0,150598.0,9.3
40191,Primary and Secondary Syphilis,310.0,Louisiana,2000.0,Female,30-34 years,30-34,16.0,156052.0,10.25
40192,Primary and Secondary Syphilis,310.0,Louisiana,2000.0,Female,35-39 years,35-39,9.0,175881.0,5.12
40193,Primary and Secondary Syphilis,310.0,Louisiana,2000.0,Female,40+ years,40+,15.0,994877.0,1.51
40194,Primary and Secondary Syphilis,310.0,Louisiana,2001.0,Female,0-14 years,0-14,1.0,482992.0,0.21
40195,Primary and Secondary Syphilis,310.0,Louisiana,2001.0,Female,15-19 years,15-19,20.0,177155.0,11.29
40196,Primary and Secondary Syphilis,310.0,Louisiana,2001.0,Female,20-24 years,20-24,22.0,171086.0,12.86
40197,Primary and Secondary Syphilis,310.0,Louisiana,2001.0,Female,25-29 years,25-29,10.0,147424.0,6.78
40198,Primary and Secondary Syphilis,310.0,Louisiana,2001.0,Female,30-34 years,30-34,6.0,153308.0,3.91
40199,Primary and Secondary Syphilis,310.0,Louisiana,2001.0,Female,35-39 years,35-39,11.0,169070.0,6.51
40200,Primary and Secondary Syphilis,310.0,Louisiana,2001.0,Female,40+ years,40+,13.0,1004268.0,1.29
40201,Primary and Secondary Syphilis,310.0,Louisiana,2002.0,Female,15-19 years,15-19,12.0,173228.0,6.93
40202,Primary and Secondary Syphilis,310.0,Louisiana,2002.0,Female,20-24 years,20-24,22.0,176953.0,12.43
40203,Primary and Secondary Syphilis,310.0,Louisiana,2002.0,Female,25-29 years,25-29,10.0,148216.0,6.75
40204,Primary and Secondary Syphilis,310.0,Louisiana,2002.0,Female,30-34 years,30-34,11.0,152379.0,7.22
40205,Primary and Secondary Syphilis,310.0,Louisiana,2002.0,Female,35-39 years,35-39,13.0,163490.0,7.95
40206,Primary and Secondary Syphilis,310.0,Louisiana,2002.0,Female,40+ years,40+,8.0,1018356.0,0.79
40207,Primary and Secondary Syphilis,310.0,Louisiana,2003.0,Female,0-14 years,0-14,2.0,475980.0,0.42
40208,Primary and Secondary Syphilis,310.0,Louisiana,2003.0,Female,15-19 years,15-19,12.0,169957.0,7.06
40209,Primary and Secondary Syphilis,310.0,Louisiana,2003.0,Female,20-24 years,20-24,17.0,178769.0,9.51
40210,Primary and Secondary Syphilis,310.0,Louisiana,2003.0,Female,25-29 years,25-29,12.0,150511.0,7.97
40211,Primary and Secondary Syphilis,310.0,Louisiana,2003.0,Female,30-34 years,30-34,13.0,149403.0,8.7
40212,Primary and Secondary Syphilis,310.0,Louisiana,2003.0,Female,35-39 years,35-39,7.0,158258.0,4.42
40213,Primary and Secondary Syphilis,310.0,Louisiana,2003.0,Female,40+ years,40+,16.0,1031124.0,1.55
40214,Primary and Secondary Syphilis,310.0,Louisiana,2004.0,Female,0-14 years,0-14,1.0,470942.0,0.21
40215,Primary and Secondary Syphilis,310.0,Louisiana,2004.0,Female,15-19 years,15-19,20.0,168289.0,11.88
40216,Primary and Secondary Syphilis,310.0,Louisiana,2004.0,Female,20-24 years,20-24,45.0,179569.0,25.06
40217,Primary and Secondary Syphilis,310.0,Louisiana,2004.0,Female,25-29 years,25-29,25.0,155354.0,16.09
40218,Primary and Secondary Syphilis,310.0,Louisiana,2004.0,Female,30-34 years,30-34,12.0,147494.0,8.14
40219,Primary and Secondary Syphilis,310.0,Louisiana,2004.0,Female,35-39 years,35-39,7.0,153718.0,4.55
40220,Primary and Secondary Syphilis,310.0,Louisiana,2004.0,Female,40+ years,40+,13.0,1046421.0,1.24
40221,Primary and Secondary Syphilis,310.0,Louisiana,2005.0,Female,0-14 years,0-14,3.0,462742.0,0.65
40222,Primary and Secondary Syphilis,310.0,Louisiana,2005.0,Female,15-19 years,15-19,24.0,166033.0,14.46
40223,Primary and Secondary Syphilis,310.0,Louisiana,2005.0,Female,20-24 years,20-24,30.0,177607.0,16.89
40224,Primary and Secondary Syphilis,310.0,Louisiana,2005.0,Female,25-29 years,25-29,23.0,160888.0,14.3
40225,Primary and Secondary Syphilis,310.0,Louisiana,2005.0,Female,30-34 years,30-34,13.0,145217.0,8.95
40226,Primary and Secondary Syphilis,310.0,Louisiana,2005.0,Female,35-39 years,35-39,8.0,151466.0,5.28
40227,Primary and Secondary Syphilis,310.0,Louisiana,2005.0,Female,40+ years,40+,11.0,1059954.0,1.04
40228,Primary and Secondary Syphilis,310.0,Louisiana,2006.0,Female,0-14 years,0-14,1.0,438781.0,0.23
40229,Primary and Secondary Syphilis,310.0,Louisiana,2006.0,Female,15-19 years,15-19,26.0,159964.0,16.25
40230,Primary and Secondary Syphilis,310.0,Louisiana,2006.0,Female,20-24 years,20-24,35.0,160464.0,21.81
40231,Primary and Secondary Syphilis,310.0,Louisiana,2006.0,Female,25-29 years,25-29,25.0,152147.0,16.43
40232,Primary and Secondary Syphilis,310.0,Louisiana,2006.0,Female,30-34 years,30-34,14.0,128334.0,10.91
40233,Primary and Secondary Syphilis,310.0,Louisiana,2006.0,Female,35-39 years,35-39,6.0,141247.0,4.25
40234,Primary and Secondary Syphilis,310.0,Louisiana,2006.0,Female,40+ years,40+,16.0,1021070.0,1.57
40235,Primary and Secondary Syphilis,310.0,Louisiana,2007.0,Female,0-14 years,0-14,2.0,434761.0,0.46
40236,Primary and Secondary Syphilis,310.0,Louisiana,2007.0,Female,15-19 years,15-19,35.0,160532.0,21.8
40237,Primary and Secondary Syphilis,310.0,Louisiana,2007.0,Female,20-24 years,20-24,52.0,166096.0,31.31
40238,Primary and Secondary Syphilis,310.0,Louisiana,2007.0,Female,25-29 years,25-29,34.0,156771.0,21.69
40239,Primary and Secondary Syphilis,310.0,Louisiana,2007.0,Female,30-34 years,30-34,20.0,128814.0,15.53
40240,Primary and Secondary Syphilis,310.0,Louisiana,2007.0,Female,35-39 years,35-39,23.0,140298.0,16.39
40241,Primary and Secondary Syphilis,310.0,Louisiana,2007.0,Female,40+ years,40+,43.0,1020487.0,4.21
40242,Primary and Secondary Syphilis,310.0,Louisiana,2008.0,Female,0-14 years,0-14,3.0,447002.0,0.67
40243,Primary and Secondary Syphilis,310.0,Louisiana,2008.0,Female,15-19 years,15-19,48.0,162944.0,29.46
40244,Primary and Secondary Syphilis,310.0,Louisiana,2008.0,Female,20-24 years,20-24,85.0,168110.0,50.56
40245,Primary and Secondary Syphilis,310.0,Louisiana,2008.0,Female,25-29 years,25-29,63.0,164168.0,38.38
40246,Primary and Secondary Syphilis,310.0,Louisiana,2008.0,Female,30-34 years,30-34,31.0,134199.0,23.1
40247,Primary and Secondary Syphilis,310.0,Louisiana,2008.0,Female,35-39 years,35-39,26.0,141232.0,18.41
40248,Primary and Secondary Syphilis,310.0,Louisiana,2008.0,Female,40+ years,40+,51.0,1052343.0,4.85
40249,Primary and Secondary Syphilis,310.0,Louisiana,2009.0,Female,0-14 years,0-14,3.0,455503.0,0.66
40250,Primary and Secondary Syphilis,310.0,Louisiana,2009.0,Female,15-19 years,15-19,59.0,159611.0,36.96
40251,Primary and Secondary Syphilis,310.0,Louisiana,2009.0,Female,20-24 years,20-24,99.0,170122.0,58.19
40252,Primary and Secondary Syphilis,310.0,Louisiana,2009.0,Female,25-29 years,25-29,58.0,169990.0,34.12
40253,Primary and Secondary Syphilis,310.0,Louisiana,2009.0,Female,30-34 years,30-34,42.0,143202.0,29.33
40254,Primary and Secondary Syphilis,310.0,Louisiana,2009.0,Female,35-39 years,35-39,20.0,140380.0,14.25
40255,Primary and Secondary Syphilis,310.0,Louisiana,2009.0,Female,40+ years,40+,68.0,1068133.0,6.37
40256,Primary and Secondary Syphilis,310.0,Louisiana,2010.0,Female,0-14 years,0-14,2.0,454064.0,0.44
40257,Primary and Secondary Syphilis,310.0,Louisiana,2010.0,Female,15-19 years,15-19,59.0,161032.0,36.64
40258,Primary and Secondary Syphilis,310.0,Louisiana,2010.0,Female,20-24 years,20-24,77.0,169019.0,45.56
40259,Primary and Secondary Syphilis,310.0,Louisiana,2010.0,Female,25-29 years,25-29,45.0,165999.0,27.11
40260,Primary and Secondary Syphilis,310.0,Louisiana,2010.0,Female,30-34 years,30-34,22.0,147388.0,14.93
40261,Primary and Secondary Syphilis,310.0,Louisiana,2010.0,Female,35-39 years,35-39,6.0,138935.0,4.32
40262,Primary and Secondary Syphilis,310.0,Louisiana,2010.0,Female,40+ years,40+,39.0,1077643.0,3.62
40263,Primary and Secondary Syphilis,310.0,Louisiana,2010.0,Female,Unknown,99,1.0,,
40264,Primary and Secondary Syphilis,310.0,Louisiana,2011.0,Female,0-14 years,0-14,3.0,456684.0,0.66
40265,Primary and Secondary Syphilis,310.0,Louisiana,2011.0,Female,15-19 years,15-19,49.0,154499.0,31.72
40266,Primary and Secondary Syphilis,310.0,Louisiana,2011.0,Female,20-24 years,20-24,44.0,174332.0,25.24
40267,Primary and Secondary Syphilis,310.0,Louisiana,2011.0,Female,25-29 years,25-29,27.0,167458.0,16.12
40268,Primary and Secondary Syphilis,310.0,Louisiana,2011.0,Female,30-34 years,30-34,22.0,153498.0,14.33
40269,Primary and Secondary Syphilis,310.0,Louisiana,2011.0,Female,35-39 years,35-39,11.0,136235.0,8.07
40270,Primary and Secondary Syphilis,310.0,Louisiana,2011.0,Female,40+ years,40+,23.0,1093761.0,2.1
40271,Primary and Secondary Syphilis,310.0,Louisiana,2012.0,Female,15-19 years,15-19,30.0,149959.0,20.01
40272,Primary and Secondary Syphilis,310.0,Louisiana,2012.0,Female,20-24 years,20-24,35.0,176694.0,19.81
40273,Primary and Secondary Syphilis,310.0,Louisiana,2012.0,Female,25-29 years,25-29,27.0,167833.0,16.09
40274,Primary and Secondary Syphilis,310.0,Louisiana,2012.0,Female,30-34 years,30-34,16.0,157695.0,10.15
40275,Primary and Secondary Syphilis,310.0,Louisiana,2012.0,Female,35-39 years,35-39,6.0,137248.0,4.37
40276,Primary and Secondary Syphilis,310.0,Louisiana,2012.0,Female,40+ years,40+,13.0,1102602.0,1.18
40277,Primary and Secondary Syphilis,310.0,Louisiana,2013.0,Female,0-14 years,0-14,1.0,455891.0,0.22
40278,Primary and Secondary Syphilis,310.0,Louisiana,2013.0,Female,15-19 years,15-19,20.0,148115.0,13.5
40279,Primary and Secondary Syphilis,310.0,Louisiana,2013.0,Female,20-24 years,20-24,36.0,175959.0,20.46
40280,Primary and Secondary Syphilis,310.0,Louisiana,2013.0,Female,25-29 years,25-29,26.0,167915.0,15.48
40281,Primary and Secondary Syphilis,310.0,Louisiana,2013.0,Female,30-34 years,30-34,10.0,162586.0,6.15
40282,Primary and Secondary Syphilis,310.0,Louisiana,2013.0,Female,35-39 years,35-39,7.0,140086.0,5.0
40283,Primary and Secondary Syphilis,310.0,Louisiana,2013.0,Female,40+ years,40+,15.0,1110985.0,1.35
40284,Primary and Secondary Syphilis,310.0,Louisiana,2014.0,Female,0-14 years,0-14,2.0,455891.0,0.44
40285,Primary and Secondary Syphilis,310.0,Louisiana,2014.0,Female,15-19 years,15-19,35.0,148115.0,23.63
40286,Primary and Secondary Syphilis,310.0,Louisiana,2014.0,Female,20-24 years,20-24,37.0,175959.0,21.03
40287,Primary and Secondary Syphilis,310.0,Louisiana,2014.0,Female,25-29 years,25-29,17.0,167915.0,10.12
40288,Primary and Secondary Syphilis,310.0,Louisiana,2014.0,Female,30-34 years,30-34,19.0,162586.0,11.69
40289,Primary and Secondary Syphilis,310.0,Louisiana,2014.0,Female,35-39 years,35-39,9.0,140086.0,6.42
40290,Primary and Secondary Syphilis,310.0,Louisiana,2014.0,Female,40+ years,40+,13.0,1110985.0,1.17
40291,Primary and Secondary Syphilis,310.0,Maine,1997.0,Female,0-14 years,0-14,1.0,122292.0,0.82
40292,Primary and Secondary Syphilis,310.0,Maine,2006.0,Female,15-19 years,15-19,1.0,43949.0,2.28
40293,Primary and Secondary Syphilis,310.0,Maine,2006.0,Female,30-34 years,30-34,1.0,38605.0,2.59
40294,Primary and Secondary Syphilis,310.0,Maine,2012.0,Female,15-19 years,15-19,2.0,41174.0,4.86
40295,Primary and Secondary Syphilis,310.0,Maine,2013.0,Female,35-39 years,35-39,1.0,36885.0,2.71
40296,Primary and Secondary Syphilis,310.0,Maine,2014.0,Female,15-19 years,15-19,1.0,40163.0,2.49
40297,Primary and Secondary Syphilis,310.0,Maine,2014.0,Female,20-24 years,20-24,1.0,38847.0,2.57
40298,Primary and Secondary Syphilis,310.0,Maine,2014.0,Female,40+ years,40+,1.0,382736.0,0.26
40299,Primary and Secondary Syphilis,310.0,Maryland,1996.0,Female,0-14 years,0-14,1.0,540275.0,0.19
40300,Primary and Secondary Syphilis,310.0,Maryland,1996.0,Female,15-19 years,15-19,27.0,157321.0,17.16
40301,Primary and Secondary Syphilis,310.0,Maryland,1996.0,Female,20-24 years,20-24,47.0,152132.0,30.89
40302,Primary and Secondary Syphilis,310.0,Maryland,1996.0,Female,25-29 years,25-29,67.0,190392.0,35.19
40303,Primary and Secondary Syphilis,310.0,Maryland,1996.0,Female,30-34 years,30-34,77.0,238892.0,32.23
40304,Primary and Secondary Syphilis,310.0,Maryland,1996.0,Female,35-39 years,35-39,59.0,238890.0,24.7
40305,Primary and Secondary Syphilis,310.0,Maryland,1996.0,Female,40+ years,40+,53.0,1121921.0,4.72
40306,Primary and Secondary Syphilis,310.0,Maryland,1997.0,Female,0-14 years,0-14,3.0,544953.0,0.55
40307,Primary and Secondary Syphilis,310.0,Maryland,1997.0,Female,15-19 years,15-19,31.0,162350.0,19.09
40308,Primary and Secondary Syphilis,310.0,Maryland,1997.0,Female,20-24 years,20-24,44.0,150698.0,29.2
40309,Primary and Secondary Syphilis,310.0,Maryland,1997.0,Female,25-29 years,25-29,95.0,186152.0,51.03
40310,Primary and Secondary Syphilis,310.0,Maryland,1997.0,Female,30-34 years,30-34,92.0,232064.0,39.64
40311,Primary and Secondary Syphilis,310.0,Maryland,1997.0,Female,35-39 years,35-39,63.0,240251.0,26.22
40312,Primary and Secondary Syphilis,310.0,Maryland,1997.0,Female,40+ years,40+,70.0,1148426.0,6.1
40313,Primary and Secondary Syphilis,310.0,Maryland,1998.0,Female,0-14 years,0-14,3.0,550587.0,0.54
40314,Primary and Secondary Syphilis,310.0,Maryland,1998.0,Female,15-19 years,15-19,39.0,167554.0,23.28
40315,Primary and Secondary Syphilis,310.0,Maryland,1998.0,Female,20-24 years,20-24,45.0,151215.0,29.76
40316,Primary and Secondary Syphilis,310.0,Maryland,1998.0,Female,25-29 years,25-29,54.0,182488.0,29.59
40317,Primary and Secondary Syphilis,310.0,Maryland,1998.0,Female,30-34 years,30-34,57.0,223432.0,25.51
40318,Primary and Secondary Syphilis,310.0,Maryland,1998.0,Female,35-39 years,35-39,45.0,240308.0,18.73
40319,Primary and Secondary Syphilis,310.0,Maryland,1998.0,Female,40+ years,40+,59.0,1175506.0,5.02
40320,Primary and Secondary Syphilis,310.0,Maryland,1999.0,Female,15-19 years,15-19,17.0,171587.0,9.91
40321,Primary and Secondary Syphilis,310.0,Maryland,1999.0,Female,20-24 years,20-24,22.0,154356.0,14.25
40322,Primary and Secondary Syphilis,310.0,Maryland,1999.0,Female,25-29 years,25-29,31.0,178831.0,17.33
40323,Primary and Secondary Syphilis,310.0,Maryland,1999.0,Female,30-34 years,30-34,43.0,214620.0,20.04
40324,Primary and Secondary Syphilis,310.0,Maryland,1999.0,Female,35-39 years,35-39,24.0,240697.0,9.97
40325,Primary and Secondary Syphilis,310.0,Maryland,1999.0,Female,40+ years,40+,27.0,1203413.0,2.24
40326,Primary and Secondary Syphilis,310.0,Maryland,2000.0,Female,15-19 years,15-19,9.0,175482.0,5.13
40327,Primary and Secondary Syphilis,310.0,Maryland,2000.0,Female,20-24 years,20-24,13.0,158685.0,8.19
40328,Primary and Secondary Syphilis,310.0,Maryland,2000.0,Female,25-29 years,25-29,23.0,174567.0,13.18
40329,Primary and Secondary Syphilis,310.0,Maryland,2000.0,Female,30-34 years,30-34,22.0,209498.0,10.5
40330,Primary and Secondary Syphilis,310.0,Maryland,2000.0,Female,35-39 years,35-39,23.0,238804.0,9.63
40331,Primary and Secondary Syphilis,310.0,Maryland,2000.0,Female,40+ years,40+,25.0,1232473.0,2.03
40332,Primary and Secondary Syphilis,310.0,Maryland,2001.0,Female,15-19 years,15-19,15.0,180046.0,8.33
40333,Primary and Secondary Syphilis,310.0,Maryland,2001.0,Female,20-24 years,20-24,24.0,162464.0,14.77
40334,Primary and Secondary Syphilis,310.0,Maryland,2001.0,Female,25-29 years,25-29,18.0,170539.0,10.55
40335,Primary and Secondary Syphilis,310.0,Maryland,2001.0,Female,30-34 years,30-34,18.0,210089.0,8.57
40336,Primary and Secondary Syphilis,310.0,Maryland,2001.0,Female,35-39 years,35-39,19.0,238340.0,7.97
40337,Primary and Secondary Syphilis,310.0,Maryland,2001.0,Female,40+ years,40+,19.0,1263284.0,1.5
40338,Primary and Secondary Syphilis,310.0,Maryland,2002.0,Female,15-19 years,15-19,12.0,184683.0,6.5
40339,Primary and Secondary Syphilis,310.0,Maryland,2002.0,Female,20-24 years,20-24,8.0,168427.0,4.75
40340,Primary and Secondary Syphilis,310.0,Maryland,2002.0,Female,25-29 years,25-29,6.0,168616.0,3.56
40341,Primary and Secondary Syphilis,310.0,Maryland,2002.0,Female,30-34 years,30-34,11.0,210056.0,5.24
40342,Primary and Secondary Syphilis,310.0,Maryland,2002.0,Female,35-39 years,35-39,9.0,235663.0,3.82
40343,Primary and Secondary Syphilis,310.0,Maryland,2002.0,Female,40+ years,40+,7.0,1289305.0,0.54
40344,Primary and Secondary Syphilis,310.0,Maryland,2003.0,Female,0-14 years,0-14,1.0,559349.0,0.18
40345,Primary and Secondary Syphilis,310.0,Maryland,2003.0,Female,15-19 years,15-19,14.0,188337.0,7.43
40346,Primary and Secondary Syphilis,310.0,Maryland,2003.0,Female,20-24 years,20-24,15.0,174293.0,8.61
40347,Primary and Secondary Syphilis,310.0,Maryland,2003.0,Female,25-29 years,25-29,8.0,167634.0,4.77
40348,Primary and Secondary Syphilis,310.0,Maryland,2003.0,Female,30-34 years,30-34,14.0,202038.0,6.93
40349,Primary and Secondary Syphilis,310.0,Maryland,2003.0,Female,35-39 years,35-39,10.0,226875.0,4.41
40350,Primary and Secondary Syphilis,310.0,Maryland,2003.0,Female,40+ years,40+,12.0,1324740.0,0.91
40351,Primary and Secondary Syphilis,310.0,Maryland,2004.0,Female,0-14 years,0-14,2.0,564586.0,0.35
40352,Primary and Secondary Syphilis,310.0,Maryland,2004.0,Female,15-19 years,15-19,7.0,192934.0,3.63
40353,Primary and Secondary Syphilis,310.0,Maryland,2004.0,Female,20-24 years,20-24,20.0,178795.0,11.19
40354,Primary and Secondary Syphilis,310.0,Maryland,2004.0,Female,25-29 years,25-29,14.0,168738.0,8.3
40355,Primary and Secondary Syphilis,310.0,Maryland,2004.0,Female,30-34 years,30-34,11.0,194971.0,5.64
40356,Primary and Secondary Syphilis,310.0,Maryland,2004.0,Female,35-39 years,35-39,17.0,219158.0,7.76
40357,Primary and Secondary Syphilis,310.0,Maryland,2004.0,Female,40+ years,40+,21.0,1347975.0,1.56
40358,Primary and Secondary Syphilis,310.0,Maryland,2005.0,Female,15-19 years,15-19,16.0,197367.0,8.11
40359,Primary and Secondary Syphilis,310.0,Maryland,2005.0,Female,20-24 years,20-24,17.0,182501.0,9.32
40360,Primary and Secondary Syphilis,310.0,Maryland,2005.0,Female,25-29 years,25-29,14.0,171230.0,8.18
40361,Primary and Secondary Syphilis,310.0,Maryland,2005.0,Female,30-34 years,30-34,9.0,187292.0,4.81
40362,Primary and Secondary Syphilis,310.0,Maryland,2005.0,Female,35-39 years,35-39,16.0,214237.0,7.47
40363,Primary and Secondary Syphilis,310.0,Maryland,2005.0,Female,40+ years,40+,16.0,1369653.0,1.17
40364,Primary and Secondary Syphilis,310.0,Maryland,2006.0,Female,15-19 years,15-19,9.0,199260.0,4.52
40365,Primary and Secondary Syphilis,310.0,Maryland,2006.0,Female,20-24 years,20-24,12.0,184761.0,6.49
40366,Primary and Secondary Syphilis,310.0,Maryland,2006.0,Female,25-29 years,25-29,10.0,187820.0,5.32
40367,Primary and Secondary Syphilis,310.0,Maryland,2006.0,Female,30-34 years,30-34,10.0,185529.0,5.39
40368,Primary and Secondary Syphilis,310.0,Maryland,2006.0,Female,35-39 years,35-39,8.0,212952.0,3.76
40369,Primary and Secondary Syphilis,310.0,Maryland,2006.0,Female,40+ years,40+,12.0,1383785.0,0.87
40370,Primary and Secondary Syphilis,310.0,Maryland,2007.0,Female,15-19 years,15-19,1.0,200244.0,0.5
40371,Primary and Secondary Syphilis,310.0,Maryland,2007.0,Female,20-24 years,20-24,7.0,187510.0,3.73
40372,Primary and Secondary Syphilis,310.0,Maryland,2007.0,Female,25-29 years,25-29,3.0,186107.0,1.61
40373,Primary and Secondary Syphilis,310.0,Maryland,2007.0,Female,30-34 years,30-34,10.0,179385.0,5.57
40374,Primary and Secondary Syphilis,310.0,Maryland,2007.0,Female,35-39 years,35-39,4.0,207529.0,1.93
40375,Primary and Secondary Syphilis,310.0,Maryland,2007.0,Female,40+ years,40+,22.0,1394704.0,1.58
40376,Primary and Secondary Syphilis,310.0,Maryland,2008.0,Female,15-19 years,15-19,5.0,199714.0,2.5
40377,Primary and Secondary Syphilis,310.0,Maryland,2008.0,Female,20-24 years,20-24,16.0,186727.0,8.57
40378,Primary and Secondary Syphilis,310.0,Maryland,2008.0,Female,25-29 years,25-29,16.0,189779.0,8.43
40379,Primary and Secondary Syphilis,310.0,Maryland,2008.0,Female,30-34 years,30-34,5.0,179440.0,2.79
40380,Primary and Secondary Syphilis,310.0,Maryland,2008.0,Female,35-39 years,35-39,10.0,201972.0,4.95
40381,Primary and Secondary Syphilis,310.0,Maryland,2008.0,Female,40+ years,40+,25.0,1410392.0,1.77
40382,Primary and Secondary Syphilis,310.0,Maryland,2009.0,Female,15-19 years,15-19,6.0,196289.0,3.06
40383,Primary and Secondary Syphilis,310.0,Maryland,2009.0,Female,20-24 years,20-24,7.0,188049.0,3.72
40384,Primary and Secondary Syphilis,310.0,Maryland,2009.0,Female,25-29 years,25-29,6.0,195382.0,3.07
40385,Primary and Secondary Syphilis,310.0,Maryland,2009.0,Female,30-34 years,30-34,4.0,183900.0,2.18
40386,Primary and Secondary Syphilis,310.0,Maryland,2009.0,Female,35-39 years,35-39,5.0,195626.0,2.56
40387,Primary and Secondary Syphilis,310.0,Maryland,2009.0,Female,40+ years,40+,14.0,1430231.0,0.98
40388,Primary and Secondary Syphilis,310.0,Maryland,2010.0,Female,15-19 years,15-19,6.0,197992.0,3.03
40389,Primary and Secondary Syphilis,310.0,Maryland,2010.0,Female,20-24 years,20-24,5.0,193775.0,2.58
40390,Primary and Secondary Syphilis,310.0,Maryland,2010.0,Female,25-29 years,25-29,6.0,199325.0,3.01
40391,Primary and Secondary Syphilis,310.0,Maryland,2010.0,Female,30-34 years,30-34,3.0,189215.0,1.59
40392,Primary and Secondary Syphilis,310.0,Maryland,2010.0,Female,35-39 years,35-39,3.0,195866.0,1.53
40393,Primary and Secondary Syphilis,310.0,Maryland,2010.0,Female,40+ years,40+,3.0,1461081.0,0.21
40394,Primary and Secondary Syphilis,310.0,Maryland,2011.0,Female,0-14 years,0-14,1.0,544496.0,0.18
40395,Primary and Secondary Syphilis,310.0,Maryland,2011.0,Female,15-19 years,15-19,5.0,193890.0,2.58
40396,Primary and Secondary Syphilis,310.0,Maryland,2011.0,Female,20-24 years,20-24,21.0,196324.0,10.7
40397,Primary and Secondary Syphilis,310.0,Maryland,2011.0,Female,25-29 years,25-29,8.0,202245.0,3.96
40398,Primary and Secondary Syphilis,310.0,Maryland,2011.0,Female,30-34 years,30-34,3.0,195354.0,1.54
40399,Primary and Secondary Syphilis,310.0,Maryland,2011.0,Female,35-39 years,35-39,2.0,188810.0,1.06
40400,Primary and Secondary Syphilis,310.0,Maryland,2011.0,Female,40+ years,40+,9.0,1486596.0,0.61
40401,Primary and Secondary Syphilis,310.0,Maryland,2012.0,Female,15-19 years,15-19,5.0,193764.0,2.58
40402,Primary and Secondary Syphilis,310.0,Maryland,2012.0,Female,20-24 years,20-24,16.0,197454.0,8.1
40403,Primary and Secondary Syphilis,310.0,Maryland,2012.0,Female,25-29 years,25-29,11.0,205418.0,5.35
40404,Primary and Secondary Syphilis,310.0,Maryland,2012.0,Female,30-34 years,30-34,3.0,200929.0,1.49
40405,Primary and Secondary Syphilis,310.0,Maryland,2012.0,Female,35-39 years,35-39,4.0,186881.0,2.14
40406,Primary and Secondary Syphilis,310.0,Maryland,2012.0,Female,40+ years,40+,6.0,1505433.0,0.4
40407,Primary and Secondary Syphilis,310.0,Maryland,2013.0,Female,15-19 years,15-19,7.0,190492.0,3.67
40408,Primary and Secondary Syphilis,310.0,Maryland,2013.0,Female,20-24 years,20-24,23.0,197151.0,11.67
40409,Primary and Secondary Syphilis,310.0,Maryland,2013.0,Female,25-29 years,25-29,5.0,207343.0,2.41
40410,Primary and Secondary Syphilis,310.0,Maryland,2013.0,Female,30-34 years,30-34,8.0,205152.0,3.9
40411,Primary and Secondary Syphilis,310.0,Maryland,2013.0,Female,35-39 years,35-39,2.0,188304.0,1.06
40412,Primary and Secondary Syphilis,310.0,Maryland,2013.0,Female,40+ years,40+,16.0,1519232.0,1.05
40413,Primary and Secondary Syphilis,310.0,Maryland,2014.0,Female,15-19 years,15-19,10.0,190492.0,5.25
40414,Primary and Secondary Syphilis,310.0,Maryland,2014.0,Female,20-24 years,20-24,16.0,197151.0,8.12
40415,Primary and Secondary Syphilis,310.0,Maryland,2014.0,Female,25-29 years,25-29,9.0,207343.0,4.34
40416,Primary and Secondary Syphilis,310.0,Maryland,2014.0,Female,30-34 years,30-34,6.0,205152.0,2.92
40417,Primary and Secondary Syphilis,310.0,Maryland,2014.0,Female,35-39 years,35-39,2.0,188304.0,1.06
40418,Primary and Secondary Syphilis,310.0,Maryland,2014.0,Female,40+ years,40+,6.0,1519232.0,0.39
40419,Primary and Secondary Syphilis,310.0,Massachusetts,1996.0,Female,15-19 years,15-19,1.0,185376.0,0.54
40420,Primary and Secondary Syphilis,310.0,Massachusetts,1996.0,Female,20-24 years,20-24,8.0,199596.0,4.01
40421,Primary and Secondary Syphilis,310.0,Massachusetts,1996.0,Female,25-29 years,25-29,6.0,259862.0,2.31
40422,Primary and Secondary Syphilis,310.0,Massachusetts,1996.0,Female,30-34 years,30-34,5.0,269956.0,1.85
40423,Primary and Secondary Syphilis,310.0,Massachusetts,1996.0,Female,35-39 years,35-39,3.0,269021.0,1.12
40424,Primary and Secondary Syphilis,310.0,Massachusetts,1996.0,Female,40+ years,40+,7.0,1416228.0,0.49
40425,Primary and Secondary Syphilis,310.0,Massachusetts,1997.0,Female,15-19 years,15-19,1.0,191172.0,0.52
40426,Primary and Secondary Syphilis,310.0,Massachusetts,1997.0,Female,20-24 years,20-24,6.0,194357.0,3.09
40427,Primary and Secondary Syphilis,310.0,Massachusetts,1997.0,Female,25-29 years,25-29,6.0,255575.0,2.35
40428,Primary and Secondary Syphilis,310.0,Massachusetts,1997.0,Female,30-34 years,30-34,4.0,264613.0,1.51
40429,Primary and Secondary Syphilis,310.0,Massachusetts,1997.0,Female,35-39 years,35-39,4.0,272124.0,1.47
40430,Primary and Secondary Syphilis,310.0,Massachusetts,1997.0,Female,40+ years,40+,7.0,1443771.0,0.48
40431,Primary and Secondary Syphilis,310.0,Massachusetts,1998.0,Female,0-14 years,0-14,1.0,612755.0,0.16
40432,Primary and Secondary Syphilis,310.0,Massachusetts,1998.0,Female,20-24 years,20-24,1.0,195931.0,0.51
40433,Primary and Secondary Syphilis,310.0,Massachusetts,1998.0,Female,25-29 years,25-29,5.0,244663.0,2.04
40434,Primary and Secondary Syphilis,310.0,Massachusetts,1998.0,Female,30-34 years,30-34,1.0,258610.0,0.39
40435,Primary and Secondary Syphilis,310.0,Massachusetts,1998.0,Female,35-39 years,35-39,5.0,273244.0,1.83
40436,Primary and Secondary Syphilis,310.0,Massachusetts,1998.0,Female,40+ years,40+,2.0,1470941.0,0.14
40437,Primary and Secondary Syphilis,310.0,Massachusetts,1999.0,Female,20-24 years,20-24,1.0,201039.0,0.5
40438,Primary and Secondary Syphilis,310.0,Massachusetts,1999.0,Female,25-29 years,25-29,5.0,231390.0,2.16
40439,Primary and Secondary Syphilis,310.0,Massachusetts,1999.0,Female,30-34 years,30-34,2.0,253627.0,0.79
40440,Primary and Secondary Syphilis,310.0,Massachusetts,1999.0,Female,35-39 years,35-39,1.0,274621.0,0.36
40441,Primary and Secondary Syphilis,310.0,Massachusetts,1999.0,Female,40+ years,40+,6.0,1499186.0,0.4
40442,Primary and Secondary Syphilis,310.0,Massachusetts,2000.0,Female,20-24 years,20-24,2.0,209134.0,0.96
40443,Primary and Secondary Syphilis,310.0,Massachusetts,2000.0,Female,25-29 years,25-29,5.0,220626.0,2.27
40444,Primary and Secondary Syphilis,310.0,Massachusetts,2000.0,Female,30-34 years,30-34,3.0,252469.0,1.19
40445,Primary and Secondary Syphilis,310.0,Massachusetts,2000.0,Female,35-39 years,35-39,4.0,275514.0,1.45
40446,Primary and Secondary Syphilis,310.0,Massachusetts,2000.0,Female,40+ years,40+,4.0,1536415.0,0.26
40447,Primary and Secondary Syphilis,310.0,Massachusetts,2001.0,Female,20-24 years,20-24,1.0,215496.0,0.46
40448,Primary and Secondary Syphilis,310.0,Massachusetts,2001.0,Female,30-34 years,30-34,1.0,250423.0,0.4
40449,Primary and Secondary Syphilis,310.0,Massachusetts,2001.0,Female,35-39 years,35-39,1.0,272443.0,0.37
40450,Primary and Secondary Syphilis,310.0,Massachusetts,2001.0,Female,40+ years,40+,1.0,1560971.0,0.06
40451,Primary and Secondary Syphilis,310.0,Massachusetts,2002.0,Female,15-19 years,15-19,2.0,199188.0,1.0
40452,Primary and Secondary Syphilis,310.0,Massachusetts,2002.0,Female,20-24 years,20-24,2.0,221032.0,0.9
40453,Primary and Secondary Syphilis,310.0,Massachusetts,2002.0,Female,25-29 years,25-29,3.0,213006.0,1.41
40454,Primary and Secondary Syphilis,310.0,Massachusetts,2002.0,Female,30-34 years,30-34,3.0,247814.0,1.21
40455,Primary and Secondary Syphilis,310.0,Massachusetts,2002.0,Female,35-39 years,35-39,2.0,268081.0,0.75
40456,Primary and Secondary Syphilis,310.0,Massachusetts,2003.0,Female,20-24 years,20-24,1.0,217980.0,0.46
40457,Primary and Secondary Syphilis,310.0,Massachusetts,2003.0,Female,40+ years,40+,2.0,1589366.0,0.13
40458,Primary and Secondary Syphilis,310.0,Massachusetts,2004.0,Female,25-29 years,25-29,1.0,214224.0,0.47
40459,Primary and Secondary Syphilis,310.0,Massachusetts,2004.0,Female,35-39 years,35-39,2.0,252238.0,0.79
40460,Primary and Secondary Syphilis,310.0,Massachusetts,2004.0,Female,40+ years,40+,2.0,1600768.0,0.12
40461,Primary and Secondary Syphilis,310.0,Massachusetts,2005.0,Female,20-24 years,20-24,2.0,210462.0,0.95
40462,Primary and Secondary Syphilis,310.0,Massachusetts,2005.0,Female,30-34 years,30-34,1.0,222704.0,0.45
40463,Primary and Secondary Syphilis,310.0,Massachusetts,2005.0,Female,40+ years,40+,1.0,1608458.0,0.06
40464,Primary and Secondary Syphilis,310.0,Massachusetts,2006.0,Female,15-19 years,15-19,3.0,221338.0,1.36
40465,Primary and Secondary Syphilis,310.0,Massachusetts,2006.0,Female,25-29 years,25-29,2.0,207128.0,0.97
40466,Primary and Secondary Syphilis,310.0,Massachusetts,2006.0,Female,40+ years,40+,2.0,1638345.0,0.12
40467,Primary and Secondary Syphilis,310.0,Massachusetts,2007.0,Female,15-19 years,15-19,1.0,224406.0,0.45
40468,Primary and Secondary Syphilis,310.0,Massachusetts,2007.0,Female,25-29 years,25-29,1.0,207846.0,0.48
40469,Primary and Secondary Syphilis,310.0,Massachusetts,2007.0,Female,30-34 years,30-34,5.0,202960.0,2.46
40470,Primary and Secondary Syphilis,310.0,Massachusetts,2007.0,Female,35-39 years,35-39,3.0,235610.0,1.27
40471,Primary and Secondary Syphilis,310.0,Massachusetts,2008.0,Female,15-19 years,15-19,1.0,228275.0,0.44
40472,Primary and Secondary Syphilis,310.0,Massachusetts,2008.0,Female,20-24 years,20-24,1.0,234290.0,0.43
40473,Primary and Secondary Syphilis,310.0,Massachusetts,2008.0,Female,25-29 years,25-29,1.0,212131.0,0.47
40474,Primary and Secondary Syphilis,310.0,Massachusetts,2008.0,Female,40+ years,40+,3.0,1668907.0,0.18
40475,Primary and Secondary Syphilis,310.0,Massachusetts,2009.0,Female,20-24 years,20-24,1.0,230539.0,0.43
40476,Primary and Secondary Syphilis,310.0,Massachusetts,2009.0,Female,25-29 years,25-29,1.0,216562.0,0.46
40477,Primary and Secondary Syphilis,310.0,Massachusetts,2009.0,Female,30-34 years,30-34,2.0,208118.0,0.96
40478,Primary and Secondary Syphilis,310.0,Massachusetts,2009.0,Female,40+ years,40+,1.0,1704729.0,0.06
40479,Primary and Secondary Syphilis,310.0,Massachusetts,2010.0,Female,15-19 years,15-19,2.0,227876.0,0.88
40480,Primary and Secondary Syphilis,310.0,Massachusetts,2010.0,Female,20-24 years,20-24,4.0,239412.0,1.67
40481,Primary and Secondary Syphilis,310.0,Massachusetts,2010.0,Female,25-29 years,25-29,6.0,223270.0,2.69
40482,Primary and Secondary Syphilis,310.0,Massachusetts,2010.0,Female,30-34 years,30-34,2.0,205278.0,0.97
40483,Primary and Secondary Syphilis,310.0,Massachusetts,2010.0,Female,35-39 years,35-39,1.0,214438.0,0.47
40484,Primary and Secondary Syphilis,310.0,Massachusetts,2010.0,Female,40+ years,40+,1.0,1703911.0,0.06
40485,Primary and Secondary Syphilis,310.0,Massachusetts,2011.0,Female,15-19 years,15-19,4.0,226538.0,1.77
40486,Primary and Secondary Syphilis,310.0,Massachusetts,2011.0,Female,20-24 years,20-24,1.0,238375.0,0.42
40487,Primary and Secondary Syphilis,310.0,Massachusetts,2011.0,Female,25-29 years,25-29,7.0,228049.0,3.07
40488,Primary and Secondary Syphilis,310.0,Massachusetts,2011.0,Female,30-34 years,30-34,5.0,210768.0,2.37
40489,Primary and Secondary Syphilis,310.0,Massachusetts,2011.0,Female,40+ years,40+,6.0,1726151.0,0.35
40490,Primary and Secondary Syphilis,310.0,Massachusetts,2012.0,Female,15-19 years,15-19,1.0,229111.0,0.44
40491,Primary and Secondary Syphilis,310.0,Massachusetts,2012.0,Female,20-24 years,20-24,4.0,237088.0,1.69
40492,Primary and Secondary Syphilis,310.0,Massachusetts,2012.0,Female,25-29 years,25-29,4.0,234332.0,1.71
40493,Primary and Secondary Syphilis,310.0,Massachusetts,2012.0,Female,30-34 years,30-34,2.0,216089.0,0.93
40494,Primary and Secondary Syphilis,310.0,Massachusetts,2012.0,Female,35-39 years,35-39,1.0,202812.0,0.49
40495,Primary and Secondary Syphilis,310.0,Massachusetts,2012.0,Female,40+ years,40+,3.0,1744538.0,0.17
40496,Primary and Secondary Syphilis,310.0,Massachusetts,2013.0,Female,15-19 years,15-19,1.0,226727.0,0.44
40497,Primary and Secondary Syphilis,310.0,Massachusetts,2013.0,Female,20-24 years,20-24,4.0,241252.0,1.66
40498,Primary and Secondary Syphilis,310.0,Massachusetts,2013.0,Female,25-29 years,25-29,3.0,238505.0,1.26
40499,Primary and Secondary Syphilis,310.0,Massachusetts,2013.0,Female,30-34 years,30-34,1.0,221759.0,0.45
40500,Primary and Secondary Syphilis,310.0,Massachusetts,2013.0,Female,35-39 years,35-39,2.0,202620.0,0.99
40501,Primary and Secondary Syphilis,310.0,Massachusetts,2013.0,Female,40+ years,40+,6.0,1757614.0,0.34
40502,Primary and Secondary Syphilis,310.0,Massachusetts,2014.0,Female,0-14 years,0-14,1.0,559531.0,0.18
40503,Primary and Secondary Syphilis,310.0,Massachusetts,2014.0,Female,15-19 years,15-19,2.0,226727.0,0.88
40504,Primary and Secondary Syphilis,310.0,Massachusetts,2014.0,Female,20-24 years,20-24,2.0,241252.0,0.83
40505,Primary and Secondary Syphilis,310.0,Massachusetts,2014.0,Female,25-29 years,25-29,6.0,238505.0,2.52
40506,Primary and Secondary Syphilis,310.0,Massachusetts,2014.0,Female,30-34 years,30-34,4.0,221759.0,1.8
40507,Primary and Secondary Syphilis,310.0,Massachusetts,2014.0,Female,35-39 years,35-39,4.0,202620.0,1.97
40508,Primary and Secondary Syphilis,310.0,Massachusetts,2014.0,Female,40+ years,40+,4.0,1757614.0,0.23
40509,Primary and Secondary Syphilis,310.0,Michigan,1996.0,Female,15-19 years,15-19,18.0,342511.0,5.26
40510,Primary and Secondary Syphilis,310.0,Michigan,1996.0,Female,20-24 years,20-24,16.0,322729.0,4.96
40511,Primary and Secondary Syphilis,310.0,Michigan,1996.0,Female,25-29 years,25-29,14.0,350059.0,4.0
40512,Primary and Secondary Syphilis,310.0,Michigan,1996.0,Female,30-34 years,30-34,15.0,382740.0,3.92
40513,Primary and Secondary Syphilis,310.0,Michigan,1996.0,Female,35-39 years,35-39,12.0,416506.0,2.88
40514,Primary and Secondary Syphilis,310.0,Michigan,1996.0,Female,40+ years,40+,7.0,2131181.0,0.33
40515,Primary and Secondary Syphilis,310.0,Michigan,1997.0,Female,0-14 years,0-14,1.0,1047831.0,0.1
40516,Primary and Secondary Syphilis,310.0,Michigan,1997.0,Female,15-19 years,15-19,11.0,347519.0,3.17
40517,Primary and Secondary Syphilis,310.0,Michigan,1997.0,Female,20-24 years,20-24,13.0,316972.0,4.1
40518,Primary and Secondary Syphilis,310.0,Michigan,1997.0,Female,25-29 years,25-29,12.0,347642.0,3.45
40519,Primary and Secondary Syphilis,310.0,Michigan,1997.0,Female,30-34 years,30-34,17.0,371638.0,4.57
40520,Primary and Secondary Syphilis,310.0,Michigan,1997.0,Female,35-39 years,35-39,7.0,412211.0,1.7
40521,Primary and Secondary Syphilis,310.0,Michigan,1997.0,Female,40+ years,40+,7.0,2167939.0,0.32
40522,Primary and Secondary Syphilis,310.0,Michigan,1998.0,Female,15-19 years,15-19,12.0,350958.0,3.42
40523,Primary and Secondary Syphilis,310.0,Michigan,1998.0,Female,20-24 years,20-24,19.0,314987.0,6.03
40524,Primary and Secondary Syphilis,310.0,Michigan,1998.0,Female,25-29 years,25-29,18.0,342146.0,5.26
40525,Primary and Secondary Syphilis,310.0,Michigan,1998.0,Female,30-34 years,30-34,19.0,361479.0,5.26
40526,Primary and Secondary Syphilis,310.0,Michigan,1998.0,Female,35-39 years,35-39,10.0,405991.0,2.46
40527,Primary and Secondary Syphilis,310.0,Michigan,1998.0,Female,40+ years,40+,8.0,2202235.0,0.36
40528,Primary and Secondary Syphilis,310.0,Michigan,1999.0,Female,0-14 years,0-14,1.0,1053798.0,0.09
40529,Primary and Secondary Syphilis,310.0,Michigan,1999.0,Female,15-19 years,15-19,9.0,351020.0,2.56
40530,Primary and Secondary Syphilis,310.0,Michigan,1999.0,Female,20-24 years,20-24,14.0,316615.0,4.42
40531,Primary and Secondary Syphilis,310.0,Michigan,1999.0,Female,25-29 years,25-29,15.0,334124.0,4.49
40532,Primary and Secondary Syphilis,310.0,Michigan,1999.0,Female,30-34 years,30-34,19.0,354483.0,5.36
40533,Primary and Secondary Syphilis,310.0,Michigan,1999.0,Female,35-39 years,35-39,11.0,400760.0,2.74
40534,Primary and Secondary Syphilis,310.0,Michigan,1999.0,Female,40+ years,40+,26.0,2236970.0,1.16
40535,Primary and Secondary Syphilis,310.0,Michigan,2000.0,Female,0-14 years,0-14,1.0,1045609.0,0.1
40536,Primary and Secondary Syphilis,310.0,Michigan,2000.0,Female,15-19 years,15-19,18.0,350542.0,5.13
40537,Primary and Secondary Syphilis,310.0,Michigan,2000.0,Female,20-24 years,20-24,26.0,323202.0,8.04
40538,Primary and Secondary Syphilis,310.0,Michigan,2000.0,Female,25-29 years,25-29,21.0,324255.0,6.48
40539,Primary and Secondary Syphilis,310.0,Michigan,2000.0,Female,30-34 years,30-34,19.0,355204.0,5.35
40540,Primary and Secondary Syphilis,310.0,Michigan,2000.0,Female,35-39 years,35-39,30.0,394834.0,7.6
40541,Primary and Secondary Syphilis,310.0,Michigan,2000.0,Female,40+ years,40+,26.0,2280038.0,1.14
40542,Primary and Secondary Syphilis,310.0,Michigan,2001.0,Female,15-19 years,15-19,13.0,350911.0,3.7
40543,Primary and Secondary Syphilis,310.0,Michigan,2001.0,Female,20-24 years,20-24,30.0,332658.0,9.02
40544,Primary and Secondary Syphilis,310.0,Michigan,2001.0,Female,25-29 years,25-29,28.0,313169.0,8.94
40545,Primary and Secondary Syphilis,310.0,Michigan,2001.0,Female,30-34 years,30-34,27.0,356348.0,7.58
40546,Primary and Secondary Syphilis,310.0,Michigan,2001.0,Female,35-39 years,35-39,26.0,386682.0,6.72
40547,Primary and Secondary Syphilis,310.0,Michigan,2001.0,Female,40+ years,40+,37.0,2314382.0,1.6
40548,Primary and Secondary Syphilis,310.0,Michigan,2002.0,Female,0-14 years,0-14,1.0,1038844.0,0.1
40549,Primary and Secondary Syphilis,310.0,Michigan,2002.0,Female,15-19 years,15-19,31.0,352342.0,8.8
40550,Primary and Secondary Syphilis,310.0,Michigan,2002.0,Female,20-24 years,20-24,34.0,340473.0,9.99
40551,Primary and Secondary Syphilis,310.0,Michigan,2002.0,Female,25-29 years,25-29,34.0,306114.0,11.11
40552,Primary and Secondary Syphilis,310.0,Michigan,2002.0,Female,30-34 years,30-34,23.0,355248.0,6.47
40553,Primary and Secondary Syphilis,310.0,Michigan,2002.0,Female,35-39 years,35-39,26.0,377997.0,6.88
40554,Primary and Secondary Syphilis,310.0,Michigan,2002.0,Female,40+ years,40+,43.0,2345205.0,1.83
40555,Primary and Secondary Syphilis,310.0,Michigan,2003.0,Female,15-19 years,15-19,7.0,354931.0,1.97
40556,Primary and Secondary Syphilis,310.0,Michigan,2003.0,Female,20-24 years,20-24,12.0,347113.0,3.46
40557,Primary and Secondary Syphilis,310.0,Michigan,2003.0,Female,25-29 years,25-29,19.0,306017.0,6.21
40558,Primary and Secondary Syphilis,310.0,Michigan,2003.0,Female,30-34 years,30-34,13.0,345971.0,3.76
40559,Primary and Secondary Syphilis,310.0,Michigan,2003.0,Female,35-39 years,35-39,18.0,367735.0,4.89
40560,Primary and Secondary Syphilis,310.0,Michigan,2003.0,Female,40+ years,40+,24.0,2383153.0,1.01
40561,Primary and Secondary Syphilis,310.0,Michigan,2004.0,Female,15-19 years,15-19,6.0,358671.0,1.67
40562,Primary and Secondary Syphilis,310.0,Michigan,2004.0,Female,20-24 years,20-24,10.0,346875.0,2.88
40563,Primary and Secondary Syphilis,310.0,Michigan,2004.0,Female,25-29 years,25-29,9.0,310564.0,2.9
40564,Primary and Secondary Syphilis,310.0,Michigan,2004.0,Female,30-34 years,30-34,6.0,337229.0,1.78
40565,Primary and Secondary Syphilis,310.0,Michigan,2004.0,Female,35-39 years,35-39,10.0,358503.0,2.79
40566,Primary and Secondary Syphilis,310.0,Michigan,2004.0,Female,40+ years,40+,20.0,2413457.0,0.83
40567,Primary and Secondary Syphilis,310.0,Michigan,2005.0,Female,20-24 years,20-24,4.0,344141.0,1.16
40568,Primary and Secondary Syphilis,310.0,Michigan,2005.0,Female,25-29 years,25-29,2.0,316496.0,0.63
40569,Primary and Secondary Syphilis,310.0,Michigan,2005.0,Female,30-34 years,30-34,1.0,324323.0,0.31
40570,Primary and Secondary Syphilis,310.0,Michigan,2005.0,Female,35-39 years,35-39,3.0,354307.0,0.85
40571,Primary and Secondary Syphilis,310.0,Michigan,2005.0,Female,40+ years,40+,9.0,2434343.0,0.37
40572,Primary and Secondary Syphilis,310.0,Michigan,2005.0,Female,Unknown,99,1.0,,
40573,Primary and Secondary Syphilis,310.0,Michigan,2006.0,Female,15-19 years,15-19,4.0,364526.0,1.1
40574,Primary and Secondary Syphilis,310.0,Michigan,2006.0,Female,20-24 years,20-24,4.0,338805.0,1.18
40575,Primary and Secondary Syphilis,310.0,Michigan,2006.0,Female,30-34 years,30-34,4.0,310227.0,1.29
40576,Primary and Secondary Syphilis,310.0,Michigan,2006.0,Female,35-39 years,35-39,4.0,351572.0,1.14
40577,Primary and Secondary Syphilis,310.0,Michigan,2006.0,Female,40+ years,40+,10.0,2456575.0,0.41
40578,Primary and Secondary Syphilis,310.0,Michigan,2007.0,Female,15-19 years,15-19,1.0,365632.0,0.27
40579,Primary and Secondary Syphilis,310.0,Michigan,2007.0,Female,20-24 years,20-24,5.0,336288.0,1.49
40580,Primary and Secondary Syphilis,310.0,Michigan,2007.0,Female,25-29 years,25-29,2.0,324529.0,0.62
40581,Primary and Secondary Syphilis,310.0,Michigan,2007.0,Female,30-34 years,30-34,2.0,298345.0,0.67
40582,Primary and Secondary Syphilis,310.0,Michigan,2007.0,Female,35-39 years,35-39,8.0,345639.0,2.31
40583,Primary and Secondary Syphilis,310.0,Michigan,2007.0,Female,40+ years,40+,9.0,2472101.0,0.36
40584,Primary and Secondary Syphilis,310.0,Michigan,2008.0,Female,15-19 years,15-19,10.0,361443.0,2.77
40585,Primary and Secondary Syphilis,310.0,Michigan,2008.0,Female,20-24 years,20-24,10.0,334096.0,2.99
40586,Primary and Secondary Syphilis,310.0,Michigan,2008.0,Female,25-29 years,25-29,13.0,320993.0,4.05
40587,Primary and Secondary Syphilis,310.0,Michigan,2008.0,Female,30-34 years,30-34,8.0,293596.0,2.72
40588,Primary and Secondary Syphilis,310.0,Michigan,2008.0,Female,35-39 years,35-39,6.0,335620.0,1.79
40589,Primary and Secondary Syphilis,310.0,Michigan,2008.0,Female,40+ years,40+,13.0,2483524.0,0.52
40590,Primary and Secondary Syphilis,310.0,Michigan,2009.0,Female,0-14 years,0-14,1.0,937296.0,0.11
40591,Primary and Secondary Syphilis,310.0,Michigan,2009.0,Female,15-19 years,15-19,6.0,358320.0,1.67
40592,Primary and Secondary Syphilis,310.0,Michigan,2009.0,Female,20-24 years,20-24,11.0,340943.0,3.23
40593,Primary and Secondary Syphilis,310.0,Michigan,2009.0,Female,25-29 years,25-29,5.0,306515.0,1.63
40594,Primary and Secondary Syphilis,310.0,Michigan,2009.0,Female,30-34 years,30-34,5.0,287548.0,1.74
40595,Primary and Secondary Syphilis,310.0,Michigan,2009.0,Female,35-39 years,35-39,3.0,324262.0,0.93
40596,Primary and Secondary Syphilis,310.0,Michigan,2009.0,Female,40+ years,40+,9.0,2511989.0,0.36
40597,Primary and Secondary Syphilis,310.0,Michigan,2010.0,Female,15-19 years,15-19,3.0,360122.0,0.83
40598,Primary and Secondary Syphilis,310.0,Michigan,2010.0,Female,20-24 years,20-24,6.0,330503.0,1.82
40599,Primary and Secondary Syphilis,310.0,Michigan,2010.0,Female,30-34 years,30-34,4.0,289056.0,1.38
40600,Primary and Secondary Syphilis,310.0,Michigan,2010.0,Female,35-39 years,35-39,4.0,309591.0,1.29
40601,Primary and Secondary Syphilis,310.0,Michigan,2010.0,Female,40+ years,40+,6.0,2518998.0,0.24
40602,Primary and Secondary Syphilis,310.0,Michigan,2011.0,Female,15-19 years,15-19,1.0,347674.0,0.29
40603,Primary and Secondary Syphilis,310.0,Michigan,2011.0,Female,20-24 years,20-24,6.0,344948.0,1.74
40604,Primary and Secondary Syphilis,310.0,Michigan,2011.0,Female,25-29 years,25-29,8.0,291922.0,2.74
40605,Primary and Secondary Syphilis,310.0,Michigan,2011.0,Female,30-34 years,30-34,2.0,293412.0,0.68
40606,Primary and Secondary Syphilis,310.0,Michigan,2011.0,Female,35-39 years,35-39,2.0,293192.0,0.68
40607,Primary and Secondary Syphilis,310.0,Michigan,2011.0,Female,40+ years,40+,7.0,2542567.0,0.28
40608,Primary and Secondary Syphilis,310.0,Michigan,2012.0,Female,15-19 years,15-19,5.0,339032.0,1.47
40609,Primary and Secondary Syphilis,310.0,Michigan,2012.0,Female,20-24 years,20-24,7.0,352366.0,1.99
40610,Primary and Secondary Syphilis,310.0,Michigan,2012.0,Female,25-29 years,25-29,7.0,292345.0,2.39
40611,Primary and Secondary Syphilis,310.0,Michigan,2012.0,Female,30-34 years,30-34,5.0,296689.0,1.69
40612,Primary and Secondary Syphilis,310.0,Michigan,2012.0,Female,35-39 years,35-39,3.0,286205.0,1.05
40613,Primary and Secondary Syphilis,310.0,Michigan,2012.0,Female,40+ years,40+,1.0,2560020.0,0.04
40614,Primary and Secondary Syphilis,310.0,Michigan,2012.0,Female,Unknown,99,2.0,,
40615,Primary and Secondary Syphilis,310.0,Michigan,2013.0,Female,15-19 years,15-19,6.0,334128.0,1.8
40616,Primary and Secondary Syphilis,310.0,Michigan,2013.0,Female,20-24 years,20-24,5.0,357821.0,1.4
40617,Primary and Secondary Syphilis,310.0,Michigan,2013.0,Female,25-29 years,25-29,5.0,294348.0,1.7
40618,Primary and Secondary Syphilis,310.0,Michigan,2013.0,Female,30-34 years,30-34,1.0,297349.0,0.34
40619,Primary and Secondary Syphilis,310.0,Michigan,2013.0,Female,35-39 years,35-39,6.0,283538.0,2.12
40620,Primary and Secondary Syphilis,310.0,Michigan,2013.0,Female,40+ years,40+,6.0,2571038.0,0.23
40621,Primary and Secondary Syphilis,310.0,Michigan,2014.0,Female,15-19 years,15-19,4.0,334128.0,1.2
40622,Primary and Secondary Syphilis,310.0,Michigan,2014.0,Female,20-24 years,20-24,12.0,357821.0,3.35
40623,Primary and Secondary Syphilis,310.0,Michigan,2014.0,Female,25-29 years,25-29,3.0,294348.0,1.02
40624,Primary and Secondary Syphilis,310.0,Michigan,2014.0,Female,30-34 years,30-34,4.0,297349.0,1.35
40625,Primary and Secondary Syphilis,310.0,Michigan,2014.0,Female,35-39 years,35-39,2.0,283538.0,0.71
40626,Primary and Secondary Syphilis,310.0,Michigan,2014.0,Female,40+ years,40+,6.0,2571038.0,0.23
40627,Primary and Secondary Syphilis,310.0,Minnesota,1996.0,Female,15-19 years,15-19,1.0,167924.0,0.6
40628,Primary and Secondary Syphilis,310.0,Minnesota,1996.0,Female,20-24 years,20-24,1.0,143914.0,0.69
40629,Primary and Secondary Syphilis,310.0,Minnesota,1996.0,Female,25-29 years,25-29,2.0,163105.0,1.23
40630,Primary and Secondary Syphilis,310.0,Minnesota,1996.0,Female,30-34 years,30-34,1.0,195793.0,0.51
40631,Primary and Secondary Syphilis,310.0,Minnesota,1996.0,Female,35-39 years,35-39,2.0,208954.0,0.96
40632,Primary and Secondary Syphilis,310.0,Minnesota,1996.0,Female,40+ years,40+,1.0,1002359.0,0.1
40633,Primary and Secondary Syphilis,310.0,Minnesota,1997.0,Female,25-29 years,25-29,2.0,161777.0,1.24
40634,Primary and Secondary Syphilis,310.0,Minnesota,1997.0,Female,30-34 years,30-34,2.0,188233.0,1.06
40635,Primary and Secondary Syphilis,310.0,Minnesota,1998.0,Female,15-19 years,15-19,1.0,178893.0,0.56
40636,Primary and Secondary Syphilis,310.0,Minnesota,1998.0,Female,20-24 years,20-24,1.0,148560.0,0.67
40637,Primary and Secondary Syphilis,310.0,Minnesota,1998.0,Female,25-29 years,25-29,1.0,160060.0,0.62
40638,Primary and Secondary Syphilis,310.0,Minnesota,1998.0,Female,40+ years,40+,1.0,1046401.0,0.1
40639,Primary and Secondary Syphilis,310.0,Minnesota,1999.0,Female,20-24 years,20-24,1.0,154109.0,0.65
40640,Primary and Secondary Syphilis,310.0,Minnesota,1999.0,Female,25-29 years,25-29,1.0,158344.0,0.63
40641,Primary and Secondary Syphilis,310.0,Minnesota,1999.0,Female,30-34 years,30-34,1.0,175948.0,0.57
40642,Primary and Secondary Syphilis,310.0,Minnesota,1999.0,Female,35-39 years,35-39,1.0,207444.0,0.48
40643,Primary and Secondary Syphilis,310.0,Minnesota,1999.0,Female,40+ years,40+,1.0,1070173.0,0.09
40644,Primary and Secondary Syphilis,310.0,Minnesota,2000.0,Female,15-19 years,15-19,1.0,182859.0,0.55
40645,Primary and Secondary Syphilis,310.0,Minnesota,2000.0,Female,20-24 years,20-24,1.0,160794.0,0.62
40646,Primary and Secondary Syphilis,310.0,Minnesota,2000.0,Female,25-29 years,25-29,1.0,157329.0,0.64
40647,Primary and Secondary Syphilis,310.0,Minnesota,2000.0,Female,30-34 years,30-34,1.0,176129.0,0.57
40648,Primary and Secondary Syphilis,310.0,Minnesota,2000.0,Female,40+ years,40+,1.0,1099641.0,0.09
40649,Primary and Secondary Syphilis,310.0,Minnesota,2001.0,Female,15-19 years,15-19,2.0,184689.0,1.08
40650,Primary and Secondary Syphilis,310.0,Minnesota,2001.0,Female,25-29 years,25-29,3.0,154999.0,1.94
40651,Primary and Secondary Syphilis,310.0,Minnesota,2001.0,Female,30-34 years,30-34,2.0,176619.0,1.13
40652,Primary and Secondary Syphilis,310.0,Minnesota,2001.0,Female,35-39 years,35-39,7.0,199712.0,3.51
40653,Primary and Secondary Syphilis,310.0,Minnesota,2001.0,Female,40+ years,40+,2.0,1126586.0,0.18
40654,Primary and Secondary Syphilis,310.0,Minnesota,2002.0,Female,20-24 years,20-24,1.0,174684.0,0.57
40655,Primary and Secondary Syphilis,310.0,Minnesota,2002.0,Female,30-34 years,30-34,2.0,176186.0,1.14
40656,Primary and Secondary Syphilis,310.0,Minnesota,2002.0,Female,35-39 years,35-39,1.0,193704.0,0.52
40657,Primary and Secondary Syphilis,310.0,Minnesota,2003.0,Female,15-19 years,15-19,1.0,183820.0,0.54
40658,Primary and Secondary Syphilis,310.0,Minnesota,2003.0,Female,25-29 years,25-29,1.0,158178.0,0.63
40659,Primary and Secondary Syphilis,310.0,Minnesota,2003.0,Female,30-34 years,30-34,1.0,173120.0,0.58
40660,Primary and Secondary Syphilis,310.0,Minnesota,2003.0,Female,35-39 years,35-39,1.0,186825.0,0.54
40661,Primary and Secondary Syphilis,310.0,Minnesota,2004.0,Female,15-19 years,15-19,1.0,184146.0,0.54
40662,Primary and Secondary Syphilis,310.0,Minnesota,2004.0,Female,20-24 years,20-24,2.0,184724.0,1.08
40663,Primary and Secondary Syphilis,310.0,Minnesota,2005.0,Female,15-19 years,15-19,1.0,183279.0,0.55
40664,Primary and Secondary Syphilis,310.0,Minnesota,2005.0,Female,40+ years,40+,1.0,1207732.0,0.08
40665,Primary and Secondary Syphilis,310.0,Minnesota,2006.0,Female,15-19 years,15-19,2.0,182605.0,1.1
40666,Primary and Secondary Syphilis,310.0,Minnesota,2006.0,Female,30-34 years,30-34,2.0,159832.0,1.25
40667,Primary and Secondary Syphilis,310.0,Minnesota,2007.0,Female,25-29 years,25-29,1.0,173136.0,0.58
40668,Primary and Secondary Syphilis,310.0,Minnesota,2008.0,Female,20-24 years,20-24,2.0,177237.0,1.13
40669,Primary and Secondary Syphilis,310.0,Minnesota,2008.0,Female,30-34 years,30-34,2.0,160553.0,1.25
40670,Primary and Secondary Syphilis,310.0,Minnesota,2008.0,Female,35-39 years,35-39,1.0,170024.0,0.59
40671,Primary and Secondary Syphilis,310.0,Minnesota,2010.0,Female,15-19 years,15-19,1.0,179235.0,0.56
40672,Primary and Secondary Syphilis,310.0,Minnesota,2010.0,Female,20-24 years,20-24,1.0,174926.0,0.57
40673,Primary and Secondary Syphilis,310.0,Minnesota,2010.0,Female,25-29 years,25-29,1.0,185124.0,0.54
40674,Primary and Secondary Syphilis,310.0,Minnesota,2010.0,Female,30-34 years,30-34,2.0,168351.0,1.19
40675,Primary and Secondary Syphilis,310.0,Minnesota,2010.0,Female,35-39 years,35-39,1.0,162375.0,0.62
40676,Primary and Secondary Syphilis,310.0,Minnesota,2010.0,Female,40+ years,40+,3.0,1281712.0,0.23
40677,Primary and Secondary Syphilis,310.0,Minnesota,2011.0,Female,20-24 years,20-24,1.0,172457.0,0.58
40678,Primary and Secondary Syphilis,310.0,Minnesota,2011.0,Female,25-29 years,25-29,1.0,184947.0,0.54
40679,Primary and Secondary Syphilis,310.0,Minnesota,2011.0,Female,30-34 years,30-34,1.0,175431.0,0.57
40680,Primary and Secondary Syphilis,310.0,Minnesota,2011.0,Female,35-39 years,35-39,2.0,157272.0,1.27
40681,Primary and Secondary Syphilis,310.0,Minnesota,2012.0,Female,20-24 years,20-24,3.0,174684.0,1.72
40682,Primary and Secondary Syphilis,310.0,Minnesota,2012.0,Female,25-29 years,25-29,1.0,182743.0,0.55
40683,Primary and Secondary Syphilis,310.0,Minnesota,2012.0,Female,30-34 years,30-34,1.0,181287.0,0.55
40684,Primary and Secondary Syphilis,310.0,Minnesota,2012.0,Female,35-39 years,35-39,1.0,157309.0,0.64
40685,Primary and Secondary Syphilis,310.0,Minnesota,2012.0,Female,40+ years,40+,1.0,1313943.0,0.08
40686,Primary and Secondary Syphilis,310.0,Minnesota,2013.0,Female,20-24 years,20-24,3.0,177718.0,1.69
40687,Primary and Secondary Syphilis,310.0,Minnesota,2013.0,Female,25-29 years,25-29,4.0,180144.0,2.22
40688,Primary and Secondary Syphilis,310.0,Minnesota,2013.0,Female,30-34 years,30-34,1.0,185760.0,0.54
40689,Primary and Secondary Syphilis,310.0,Minnesota,2013.0,Female,35-39 years,35-39,1.0,161132.0,0.62
40690,Primary and Secondary Syphilis,310.0,Minnesota,2013.0,Female,40+ years,40+,3.0,1325247.0,0.23
40691,Primary and Secondary Syphilis,310.0,Minnesota,2014.0,Female,15-19 years,15-19,2.0,175783.0,1.14
40692,Primary and Secondary Syphilis,310.0,Minnesota,2014.0,Female,20-24 years,20-24,2.0,177718.0,1.13
40693,Primary and Secondary Syphilis,310.0,Minnesota,2014.0,Female,25-29 years,25-29,6.0,180144.0,3.33
40694,Primary and Secondary Syphilis,310.0,Minnesota,2014.0,Female,30-34 years,30-34,7.0,185760.0,3.77
40695,Primary and Secondary Syphilis,310.0,Minnesota,2014.0,Female,35-39 years,35-39,2.0,161132.0,1.24
40696,Primary and Secondary Syphilis,310.0,Minnesota,2014.0,Female,40+ years,40+,2.0,1325247.0,0.15
40697,Primary and Secondary Syphilis,310.0,Mississippi,1996.0,Female,0-14 years,0-14,11.0,308409.0,3.57
40698,Primary and Secondary Syphilis,310.0,Mississippi,1996.0,Female,15-19 years,15-19,65.0,114131.0,56.95
40699,Primary and Secondary Syphilis,310.0,Mississippi,1996.0,Female,20-24 years,20-24,91.0,106527.0,85.42
40700,Primary and Secondary Syphilis,310.0,Mississippi,1996.0,Female,25-29 years,25-29,83.0,99181.0,83.69
40701,Primary and Secondary Syphilis,310.0,Mississippi,1996.0,Female,30-34 years,30-34,72.0,99116.0,72.64
40702,Primary and Secondary Syphilis,310.0,Mississippi,1996.0,Female,35-39 years,35-39,56.0,109216.0,51.27
40703,Primary and Secondary Syphilis,310.0,Mississippi,1996.0,Female,40+ years,40+,52.0,589767.0,8.82
40704,Primary and Secondary Syphilis,310.0,Mississippi,1997.0,Female,0-14 years,0-14,4.0,310098.0,1.29
40705,Primary and Secondary Syphilis,310.0,Mississippi,1997.0,Female,15-19 years,15-19,32.0,115629.0,27.67
40706,Primary and Secondary Syphilis,310.0,Mississippi,1997.0,Female,20-24 years,20-24,48.0,104946.0,45.74
40707,Primary and Secondary Syphilis,310.0,Mississippi,1997.0,Female,25-29 years,25-29,38.0,101660.0,37.38
40708,Primary and Secondary Syphilis,310.0,Mississippi,1997.0,Female,30-34 years,30-34,32.0,96860.0,33.04
40709,Primary and Secondary Syphilis,310.0,Mississippi,1997.0,Female,35-39 years,35-39,26.0,109323.0,23.78
40710,Primary and Secondary Syphilis,310.0,Mississippi,1997.0,Female,40+ years,40+,22.0,601878.0,3.66
40711,Primary and Secondary Syphilis,310.0,Mississippi,1998.0,Female,0-14 years,0-14,1.0,310345.0,0.32
40712,Primary and Secondary Syphilis,310.0,Mississippi,1998.0,Female,15-19 years,15-19,18.0,116438.0,15.46
40713,Primary and Secondary Syphilis,310.0,Mississippi,1998.0,Female,20-24 years,20-24,27.0,105258.0,25.65
40714,Primary and Secondary Syphilis,310.0,Mississippi,1998.0,Female,25-29 years,25-29,25.0,102119.0,24.48
40715,Primary and Secondary Syphilis,310.0,Mississippi,1998.0,Female,30-34 years,30-34,21.0,95694.0,21.94
40716,Primary and Secondary Syphilis,310.0,Mississippi,1998.0,Female,35-39 years,35-39,14.0,109863.0,12.74
40717,Primary and Secondary Syphilis,310.0,Mississippi,1998.0,Female,40+ years,40+,23.0,614406.0,3.74
40718,Primary and Secondary Syphilis,310.0,Mississippi,1999.0,Female,0-14 years,0-14,1.0,312688.0,0.32
40719,Primary and Secondary Syphilis,310.0,Mississippi,1999.0,Female,15-19 years,15-19,18.0,115717.0,15.56
40720,Primary and Secondary Syphilis,310.0,Mississippi,1999.0,Female,20-24 years,20-24,23.0,105623.0,21.78
40721,Primary and Secondary Syphilis,310.0,Mississippi,1999.0,Female,25-29 years,25-29,13.0,100566.0,12.93
40722,Primary and Secondary Syphilis,310.0,Mississippi,1999.0,Female,30-34 years,30-34,13.0,95532.0,13.61
40723,Primary and Secondary Syphilis,310.0,Mississippi,1999.0,Female,35-39 years,35-39,16.0,109873.0,14.56
40724,Primary and Secondary Syphilis,310.0,Mississippi,1999.0,Female,40+ years,40+,10.0,624582.0,1.6
40725,Primary and Secondary Syphilis,310.0,Mississippi,2000.0,Female,15-19 years,15-19,7.0,113307.0,6.18
40726,Primary and Secondary Syphilis,310.0,Mississippi,2000.0,Female,20-24 years,20-24,20.0,108328.0,18.46
40727,Primary and Secondary Syphilis,310.0,Mississippi,2000.0,Female,25-29 years,25-29,13.0,98492.0,13.2
40728,Primary and Secondary Syphilis,310.0,Mississippi,2000.0,Female,30-34 years,30-34,7.0,97755.0,7.16
40729,Primary and Secondary Syphilis,310.0,Mississippi,2000.0,Female,35-39 years,35-39,8.0,109243.0,7.32
40730,Primary and Secondary Syphilis,310.0,Mississippi,2000.0,Female,40+ years,40+,15.0,637929.0,2.35
40731,Primary and Secondary Syphilis,310.0,Mississippi,2001.0,Female,0-14 years,0-14,1.0,310033.0,0.32
40732,Primary and Secondary Syphilis,310.0,Mississippi,2001.0,Female,15-19 years,15-19,8.0,109918.0,7.28
40733,Primary and Secondary Syphilis,310.0,Mississippi,2001.0,Female,20-24 years,20-24,8.0,112023.0,7.14
40734,Primary and Secondary Syphilis,310.0,Mississippi,2001.0,Female,25-29 years,25-29,11.0,96356.0,11.42
40735,Primary and Secondary Syphilis,310.0,Mississippi,2001.0,Female,30-34 years,30-34,12.0,97882.0,12.26
40736,Primary and Secondary Syphilis,310.0,Mississippi,2001.0,Female,35-39 years,35-39,10.0,106205.0,9.42
40737,Primary and Secondary Syphilis,310.0,Mississippi,2001.0,Female,40+ years,40+,19.0,644881.0,2.95
40738,Primary and Secondary Syphilis,310.0,Mississippi,2002.0,Female,0-14 years,0-14,2.0,309027.0,0.65
40739,Primary and Secondary Syphilis,310.0,Mississippi,2002.0,Female,15-19 years,15-19,3.0,107645.0,2.79
40740,Primary and Secondary Syphilis,310.0,Mississippi,2002.0,Female,20-24 years,20-24,11.0,114875.0,9.58
40741,Primary and Secondary Syphilis,310.0,Mississippi,2002.0,Female,25-29 years,25-29,4.0,96077.0,4.16
40742,Primary and Secondary Syphilis,310.0,Mississippi,2002.0,Female,30-34 years,30-34,2.0,98847.0,2.02
40743,Primary and Secondary Syphilis,310.0,Mississippi,2002.0,Female,35-39 years,35-39,3.0,103388.0,2.9
40744,Primary and Secondary Syphilis,310.0,Mississippi,2002.0,Female,40+ years,40+,6.0,653044.0,0.92
40745,Primary and Secondary Syphilis,310.0,Mississippi,2003.0,Female,15-19 years,15-19,3.0,105992.0,2.83
40746,Primary and Secondary Syphilis,310.0,Mississippi,2003.0,Female,20-24 years,20-24,6.0,114842.0,5.22
40747,Primary and Secondary Syphilis,310.0,Mississippi,2003.0,Female,25-29 years,25-29,5.0,96709.0,5.17
40748,Primary and Secondary Syphilis,310.0,Mississippi,2003.0,Female,30-34 years,30-34,3.0,97396.0,3.08
40749,Primary and Secondary Syphilis,310.0,Mississippi,2003.0,Female,35-39 years,35-39,2.0,99315.0,2.01
40750,Primary and Secondary Syphilis,310.0,Mississippi,2003.0,Female,40+ years,40+,1.0,660939.0,0.15
40751,Primary and Secondary Syphilis,310.0,Mississippi,2004.0,Female,0-14 years,0-14,1.0,304196.0,0.33
40752,Primary and Secondary Syphilis,310.0,Mississippi,2004.0,Female,15-19 years,15-19,3.0,105697.0,2.84
40753,Primary and Secondary Syphilis,310.0,Mississippi,2004.0,Female,20-24 years,20-24,5.0,114812.0,4.35
40754,Primary and Secondary Syphilis,310.0,Mississippi,2004.0,Female,25-29 years,25-29,3.0,100445.0,2.99
40755,Primary and Secondary Syphilis,310.0,Mississippi,2004.0,Female,30-34 years,30-34,1.0,97435.0,1.03
40756,Primary and Secondary Syphilis,310.0,Mississippi,2004.0,Female,35-39 years,35-39,3.0,97813.0,3.07
40757,Primary and Secondary Syphilis,310.0,Mississippi,2004.0,Female,40+ years,40+,3.0,673835.0,0.45
40758,Primary and Secondary Syphilis,310.0,Mississippi,2005.0,Female,15-19 years,15-19,1.0,105928.0,0.94
40759,Primary and Secondary Syphilis,310.0,Mississippi,2005.0,Female,20-24 years,20-24,5.0,111739.0,4.47
40760,Primary and Secondary Syphilis,310.0,Mississippi,2005.0,Female,30-34 years,30-34,5.0,96214.0,5.2
40761,Primary and Secondary Syphilis,310.0,Mississippi,2005.0,Female,35-39 years,35-39,1.0,97163.0,1.03
40762,Primary and Secondary Syphilis,310.0,Mississippi,2006.0,Female,0-14 years,0-14,1.0,306533.0,0.33
40763,Primary and Secondary Syphilis,310.0,Mississippi,2006.0,Female,15-19 years,15-19,9.0,108259.0,8.31
40764,Primary and Secondary Syphilis,310.0,Mississippi,2006.0,Female,20-24 years,20-24,12.0,105388.0,11.39
40765,Primary and Secondary Syphilis,310.0,Mississippi,2006.0,Female,25-29 years,25-29,3.0,100292.0,2.99
40766,Primary and Secondary Syphilis,310.0,Mississippi,2006.0,Female,30-34 years,30-34,3.0,92141.0,3.26
40767,Primary and Secondary Syphilis,310.0,Mississippi,2006.0,Female,35-39 years,35-39,4.0,97008.0,4.12
40768,Primary and Secondary Syphilis,310.0,Mississippi,2006.0,Female,40+ years,40+,4.0,691571.0,0.58
40769,Primary and Secondary Syphilis,310.0,Mississippi,2007.0,Female,0-14 years,0-14,1.0,310286.0,0.32
40770,Primary and Secondary Syphilis,310.0,Mississippi,2007.0,Female,15-19 years,15-19,5.0,108589.0,4.6
40771,Primary and Secondary Syphilis,310.0,Mississippi,2007.0,Female,20-24 years,20-24,8.0,104035.0,7.69
40772,Primary and Secondary Syphilis,310.0,Mississippi,2007.0,Female,25-29 years,25-29,5.0,102098.0,4.9
40773,Primary and Secondary Syphilis,310.0,Mississippi,2007.0,Female,30-34 years,30-34,4.0,91571.0,4.37
40774,Primary and Secondary Syphilis,310.0,Mississippi,2007.0,Female,35-39 years,35-39,7.0,97309.0,7.19
40775,Primary and Secondary Syphilis,310.0,Mississippi,2007.0,Female,40+ years,40+,5.0,691188.0,0.72
40776,Primary and Secondary Syphilis,310.0,Mississippi,2008.0,Female,0-14 years,0-14,1.0,309946.0,0.32
40777,Primary and Secondary Syphilis,310.0,Mississippi,2008.0,Female,15-19 years,15-19,9.0,109461.0,8.22
40778,Primary and Secondary Syphilis,310.0,Mississippi,2008.0,Female,20-24 years,20-24,15.0,104346.0,14.38
40779,Primary and Secondary Syphilis,310.0,Mississippi,2008.0,Female,25-29 years,25-29,9.0,102151.0,8.81
40780,Primary and Secondary Syphilis,310.0,Mississippi,2008.0,Female,30-34 years,30-34,5.0,92280.0,5.42
40781,Primary and Secondary Syphilis,310.0,Mississippi,2008.0,Female,35-39 years,35-39,10.0,97509.0,10.26
40782,Primary and Secondary Syphilis,310.0,Mississippi,2008.0,Female,40+ years,40+,17.0,699084.0,2.43
40783,Primary and Secondary Syphilis,310.0,Mississippi,2009.0,Female,15-19 years,15-19,11.0,108206.0,10.17
40784,Primary and Secondary Syphilis,310.0,Mississippi,2009.0,Female,20-24 years,20-24,16.0,107812.0,14.84
40785,Primary and Secondary Syphilis,310.0,Mississippi,2009.0,Female,25-29 years,25-29,16.0,105543.0,15.16
40786,Primary and Secondary Syphilis,310.0,Mississippi,2009.0,Female,30-34 years,30-34,14.0,93130.0,15.03
40787,Primary and Secondary Syphilis,310.0,Mississippi,2009.0,Female,35-39 years,35-39,4.0,95366.0,4.19
40788,Primary and Secondary Syphilis,310.0,Mississippi,2009.0,Female,40+ years,40+,12.0,699601.0,1.72
40789,Primary and Secondary Syphilis,310.0,Mississippi,2010.0,Female,0-14 years,0-14,3.0,305763.0,0.98
40790,Primary and Secondary Syphilis,310.0,Mississippi,2010.0,Female,15-19 years,15-19,9.0,110474.0,8.15
40791,Primary and Secondary Syphilis,310.0,Mississippi,2010.0,Female,20-24 years,20-24,18.0,105461.0,17.07
40792,Primary and Secondary Syphilis,310.0,Mississippi,2010.0,Female,25-29 years,25-29,10.0,100472.0,9.95
40793,Primary and Secondary Syphilis,310.0,Mississippi,2010.0,Female,30-34 years,30-34,10.0,95710.0,10.45
40794,Primary and Secondary Syphilis,310.0,Mississippi,2010.0,Female,35-39 years,35-39,4.0,96004.0,4.17
40795,Primary and Secondary Syphilis,310.0,Mississippi,2010.0,Female,40+ years,40+,15.0,712173.0,2.11
40796,Primary and Secondary Syphilis,310.0,Mississippi,2011.0,Female,15-19 years,15-19,4.0,106822.0,3.74
40797,Primary and Secondary Syphilis,310.0,Mississippi,2011.0,Female,20-24 years,20-24,13.0,109144.0,11.91
40798,Primary and Secondary Syphilis,310.0,Mississippi,2011.0,Female,25-29 years,25-29,7.0,99580.0,7.03
40799,Primary and Secondary Syphilis,310.0,Mississippi,2011.0,Female,30-34 years,30-34,10.0,98099.0,10.19
40800,Primary and Secondary Syphilis,310.0,Mississippi,2011.0,Female,35-39 years,35-39,4.0,93002.0,4.3
40801,Primary and Secondary Syphilis,310.0,Mississippi,2011.0,Female,40+ years,40+,7.0,720608.0,0.97
40802,Primary and Secondary Syphilis,310.0,Mississippi,2012.0,Female,15-19 years,15-19,4.0,103793.0,3.85
40803,Primary and Secondary Syphilis,310.0,Mississippi,2012.0,Female,20-24 years,20-24,10.0,111422.0,8.97
40804,Primary and Secondary Syphilis,310.0,Mississippi,2012.0,Female,25-29 years,25-29,9.0,98104.0,9.17
40805,Primary and Secondary Syphilis,310.0,Mississippi,2012.0,Female,30-34 years,30-34,3.0,99080.0,3.03
40806,Primary and Secondary Syphilis,310.0,Mississippi,2012.0,Female,35-39 years,35-39,2.0,92507.0,2.16
40807,Primary and Secondary Syphilis,310.0,Mississippi,2012.0,Female,40+ years,40+,6.0,727119.0,0.83
40808,Primary and Secondary Syphilis,310.0,Mississippi,2013.0,Female,0-14 years,0-14,2.0,300580.0,0.67
40809,Primary and Secondary Syphilis,310.0,Mississippi,2013.0,Female,15-19 years,15-19,2.0,101966.0,1.96
40810,Primary and Secondary Syphilis,310.0,Mississippi,2013.0,Female,20-24 years,20-24,2.0,112444.0,1.78
40811,Primary and Secondary Syphilis,310.0,Mississippi,2013.0,Female,25-29 years,25-29,3.0,97741.0,3.07
40812,Primary and Secondary Syphilis,310.0,Mississippi,2013.0,Female,30-34 years,30-34,5.0,99629.0,5.02
40813,Primary and Secondary Syphilis,310.0,Mississippi,2013.0,Female,35-39 years,35-39,2.0,92534.0,2.16
40814,Primary and Secondary Syphilis,310.0,Mississippi,2013.0,Female,40+ years,40+,3.0,731726.0,0.41
40815,Primary and Secondary Syphilis,310.0,Mississippi,2014.0,Female,15-19 years,15-19,4.0,101966.0,3.92
40816,Primary and Secondary Syphilis,310.0,Mississippi,2014.0,Female,20-24 years,20-24,8.0,112444.0,7.11
40817,Primary and Secondary Syphilis,310.0,Mississippi,2014.0,Female,25-29 years,25-29,2.0,97741.0,2.05
40818,Primary and Secondary Syphilis,310.0,Mississippi,2014.0,Female,30-34 years,30-34,2.0,99629.0,2.01
40819,Primary and Secondary Syphilis,310.0,Mississippi,2014.0,Female,40+ years,40+,1.0,731726.0,0.14
40820,Primary and Secondary Syphilis,310.0,Missouri,1996.0,Female,0-14 years,0-14,1.0,568812.0,0.18
40821,Primary and Secondary Syphilis,310.0,Missouri,1996.0,Female,15-19 years,15-19,11.0,192857.0,5.7
40822,Primary and Secondary Syphilis,310.0,Missouri,1996.0,Female,20-24 years,20-24,13.0,175552.0,7.41
40823,Primary and Secondary Syphilis,310.0,Missouri,1996.0,Female,25-29 years,25-29,14.0,185911.0,7.53
40824,Primary and Secondary Syphilis,310.0,Missouri,1996.0,Female,30-34 years,30-34,20.0,211388.0,9.46
40825,Primary and Secondary Syphilis,310.0,Missouri,1996.0,Female,35-39 years,35-39,30.0,228257.0,13.14
40826,Primary and Secondary Syphilis,310.0,Missouri,1996.0,Female,40+ years,40+,14.0,1236905.0,1.13
40827,Primary and Secondary Syphilis,310.0,Missouri,1997.0,Female,15-19 years,15-19,8.0,197693.0,4.05
40828,Primary and Secondary Syphilis,310.0,Missouri,1997.0,Female,20-24 years,20-24,22.0,175405.0,12.54
40829,Primary and Secondary Syphilis,310.0,Missouri,1997.0,Female,25-29 years,25-29,7.0,187029.0,3.74
40830,Primary and Secondary Syphilis,310.0,Missouri,1997.0,Female,30-34 years,30-34,13.0,203580.0,6.39
40831,Primary and Secondary Syphilis,310.0,Missouri,1997.0,Female,35-39 years,35-39,9.0,229149.0,3.93
40832,Primary and Secondary Syphilis,310.0,Missouri,1997.0,Female,40+ years,40+,4.0,1258885.0,0.32
40833,Primary and Secondary Syphilis,310.0,Missouri,1998.0,Female,15-19 years,15-19,11.0,201499.0,5.46
40834,Primary and Secondary Syphilis,310.0,Missouri,1998.0,Female,20-24 years,20-24,13.0,177465.0,7.33
40835,Primary and Secondary Syphilis,310.0,Missouri,1998.0,Female,25-29 years,25-29,6.0,186036.0,3.23
40836,Primary and Secondary Syphilis,310.0,Missouri,1998.0,Female,30-34 years,30-34,4.0,195494.0,2.05
40837,Primary and Secondary Syphilis,310.0,Missouri,1998.0,Female,35-39 years,35-39,8.0,227951.0,3.51
40838,Primary and Secondary Syphilis,310.0,Missouri,1998.0,Female,40+ years,40+,8.0,1278777.0,0.63
40839,Primary and Secondary Syphilis,310.0,Missouri,1999.0,Female,0-14 years,0-14,1.0,576000.0,0.17
40840,Primary and Secondary Syphilis,310.0,Missouri,1999.0,Female,15-19 years,15-19,7.0,202455.0,3.46
40841,Primary and Secondary Syphilis,310.0,Missouri,1999.0,Female,20-24 years,20-24,10.0,181344.0,5.51
40842,Primary and Secondary Syphilis,310.0,Missouri,1999.0,Female,25-29 years,25-29,6.0,184038.0,3.26
40843,Primary and Secondary Syphilis,310.0,Missouri,1999.0,Female,30-34 years,30-34,6.0,190122.0,3.16
40844,Primary and Secondary Syphilis,310.0,Missouri,1999.0,Female,35-39 years,35-39,10.0,226350.0,4.42
40845,Primary and Secondary Syphilis,310.0,Missouri,1999.0,Female,40+ years,40+,9.0,1299857.0,0.69
40846,Primary and Secondary Syphilis,310.0,Missouri,2000.0,Female,15-19 years,15-19,3.0,201880.0,1.49
40847,Primary and Secondary Syphilis,310.0,Missouri,2000.0,Female,20-24 years,20-24,1.0,187774.0,0.53
40848,Primary and Secondary Syphilis,310.0,Missouri,2000.0,Female,25-29 years,25-29,1.0,181455.0,0.55
40849,Primary and Secondary Syphilis,310.0,Missouri,2000.0,Female,30-34 years,30-34,1.0,190684.0,0.52
40850,Primary and Secondary Syphilis,310.0,Missouri,2000.0,Female,35-39 years,35-39,3.0,222635.0,1.35
40851,Primary and Secondary Syphilis,310.0,Missouri,2000.0,Female,40+ years,40+,2.0,1327379.0,0.15
40852,Primary and Secondary Syphilis,310.0,Missouri,2001.0,Female,15-19 years,15-19,1.0,200993.0,0.5
40853,Primary and Secondary Syphilis,310.0,Missouri,2001.0,Female,25-29 years,25-29,3.0,177937.0,1.69
40854,Primary and Secondary Syphilis,310.0,Missouri,2001.0,Female,35-39 years,35-39,2.0,215754.0,0.93
40855,Primary and Secondary Syphilis,310.0,Missouri,2001.0,Female,40+ years,40+,2.0,1346806.0,0.15
40856,Primary and Secondary Syphilis,310.0,Missouri,2002.0,Female,15-19 years,15-19,1.0,200504.0,0.5
40857,Primary and Secondary Syphilis,310.0,Missouri,2002.0,Female,20-24 years,20-24,2.0,200302.0,1.0
40858,Primary and Secondary Syphilis,310.0,Missouri,2002.0,Female,30-34 years,30-34,1.0,194047.0,0.52
40859,Primary and Secondary Syphilis,310.0,Missouri,2002.0,Female,35-39 years,35-39,3.0,209187.0,1.43
40860,Primary and Secondary Syphilis,310.0,Missouri,2002.0,Female,40+ years,40+,3.0,1366684.0,0.22
40861,Primary and Secondary Syphilis,310.0,Missouri,2003.0,Female,20-24 years,20-24,1.0,203440.0,0.49
40862,Primary and Secondary Syphilis,310.0,Missouri,2003.0,Female,25-29 years,25-29,2.0,179109.0,1.12
40863,Primary and Secondary Syphilis,310.0,Missouri,2003.0,Female,30-34 years,30-34,3.0,190412.0,1.58
40864,Primary and Secondary Syphilis,310.0,Missouri,2003.0,Female,35-39 years,35-39,1.0,199891.0,0.5
40865,Primary and Secondary Syphilis,310.0,Missouri,2003.0,Female,40+ years,40+,7.0,1381647.0,0.51
40866,Primary and Secondary Syphilis,310.0,Missouri,2004.0,Female,20-24 years,20-24,3.0,206920.0,1.45
40867,Primary and Secondary Syphilis,310.0,Missouri,2004.0,Female,25-29 years,25-29,2.0,185477.0,1.08
40868,Primary and Secondary Syphilis,310.0,Missouri,2004.0,Female,35-39 years,35-39,1.0,195604.0,0.51
40869,Primary and Secondary Syphilis,310.0,Missouri,2004.0,Female,40+ years,40+,6.0,1407503.0,0.43
40870,Primary and Secondary Syphilis,310.0,Missouri,2005.0,Female,15-19 years,15-19,1.0,202673.0,0.49
40871,Primary and Secondary Syphilis,310.0,Missouri,2005.0,Female,20-24 years,20-24,2.0,206718.0,0.97
40872,Primary and Secondary Syphilis,310.0,Missouri,2005.0,Female,25-29 years,25-29,2.0,192549.0,1.04
40873,Primary and Secondary Syphilis,310.0,Missouri,2005.0,Female,35-39 years,35-39,3.0,194595.0,1.54
40874,Primary and Secondary Syphilis,310.0,Missouri,2005.0,Female,40+ years,40+,4.0,1428501.0,0.28
40875,Primary and Secondary Syphilis,310.0,Missouri,2006.0,Female,15-19 years,15-19,3.0,201137.0,1.49
40876,Primary and Secondary Syphilis,310.0,Missouri,2006.0,Female,20-24 years,20-24,3.0,201043.0,1.49
40877,Primary and Secondary Syphilis,310.0,Missouri,2006.0,Female,25-29 years,25-29,2.0,205023.0,0.98
40878,Primary and Secondary Syphilis,310.0,Missouri,2006.0,Female,30-34 years,30-34,2.0,179637.0,1.11
40879,Primary and Secondary Syphilis,310.0,Missouri,2006.0,Female,35-39 years,35-39,3.0,193039.0,1.55
40880,Primary and Secondary Syphilis,310.0,Missouri,2006.0,Female,40+ years,40+,6.0,1440811.0,0.42
40881,Primary and Secondary Syphilis,310.0,Missouri,2007.0,Female,15-19 years,15-19,4.0,202081.0,1.98
40882,Primary and Secondary Syphilis,310.0,Missouri,2007.0,Female,20-24 years,20-24,7.0,196132.0,3.57
40883,Primary and Secondary Syphilis,310.0,Missouri,2007.0,Female,25-29 years,25-29,3.0,209533.0,1.43
40884,Primary and Secondary Syphilis,310.0,Missouri,2007.0,Female,30-34 years,30-34,3.0,179333.0,1.67
40885,Primary and Secondary Syphilis,310.0,Missouri,2007.0,Female,35-39 years,35-39,2.0,193959.0,1.03
40886,Primary and Secondary Syphilis,310.0,Missouri,2007.0,Female,40+ years,40+,8.0,1454700.0,0.55
40887,Primary and Secondary Syphilis,310.0,Missouri,2008.0,Female,15-19 years,15-19,5.0,201433.0,2.48
40888,Primary and Secondary Syphilis,310.0,Missouri,2008.0,Female,20-24 years,20-24,11.0,196300.0,5.6
40889,Primary and Secondary Syphilis,310.0,Missouri,2008.0,Female,25-29 years,25-29,5.0,210823.0,2.37
40890,Primary and Secondary Syphilis,310.0,Missouri,2008.0,Female,30-34 years,30-34,1.0,180353.0,0.55
40891,Primary and Secondary Syphilis,310.0,Missouri,2008.0,Female,35-39 years,35-39,2.0,192605.0,1.04
40892,Primary and Secondary Syphilis,310.0,Missouri,2008.0,Female,40+ years,40+,5.0,1470000.0,0.34
40893,Primary and Secondary Syphilis,310.0,Missouri,2009.0,Female,15-19 years,15-19,3.0,204220.0,1.47
40894,Primary and Secondary Syphilis,310.0,Missouri,2009.0,Female,20-24 years,20-24,4.0,207821.0,1.92
40895,Primary and Secondary Syphilis,310.0,Missouri,2009.0,Female,25-29 years,25-29,1.0,208590.0,0.48
40896,Primary and Secondary Syphilis,310.0,Missouri,2009.0,Female,30-34 years,30-34,1.0,183814.0,0.54
40897,Primary and Secondary Syphilis,310.0,Missouri,2009.0,Female,35-39 years,35-39,2.0,190273.0,1.05
40898,Primary and Secondary Syphilis,310.0,Missouri,2009.0,Female,40+ years,40+,4.0,1488323.0,0.27
40899,Primary and Secondary Syphilis,310.0,Missouri,2010.0,Female,15-19 years,15-19,1.0,206847.0,0.48
40900,Primary and Secondary Syphilis,310.0,Missouri,2010.0,Female,20-24 years,20-24,1.0,205496.0,0.49
40901,Primary and Secondary Syphilis,310.0,Missouri,2010.0,Female,40+ years,40+,1.0,1495165.0,0.07
40902,Primary and Secondary Syphilis,310.0,Missouri,2011.0,Female,15-19 years,15-19,2.0,201536.0,0.99
40903,Primary and Secondary Syphilis,310.0,Missouri,2011.0,Female,20-24 years,20-24,2.0,209422.0,0.96
40904,Primary and Secondary Syphilis,310.0,Missouri,2011.0,Female,30-34 years,30-34,2.0,192209.0,1.04
40905,Primary and Secondary Syphilis,310.0,Missouri,2012.0,Female,15-19 years,15-19,1.0,196245.0,0.51
40906,Primary and Secondary Syphilis,310.0,Missouri,2012.0,Female,20-24 years,20-24,4.0,212684.0,1.88
40907,Primary and Secondary Syphilis,310.0,Missouri,2012.0,Female,25-29 years,25-29,1.0,200475.0,0.5
40908,Primary and Secondary Syphilis,310.0,Missouri,2012.0,Female,30-34 years,30-34,1.0,195707.0,0.51
40909,Primary and Secondary Syphilis,310.0,Missouri,2012.0,Female,35-39 years,35-39,3.0,176592.0,1.7
40910,Primary and Secondary Syphilis,310.0,Missouri,2012.0,Female,40+ years,40+,2.0,1520093.0,0.13
40911,Primary and Secondary Syphilis,310.0,Missouri,2013.0,Female,15-19 years,15-19,3.0,193698.0,1.55
40912,Primary and Secondary Syphilis,310.0,Missouri,2013.0,Female,20-24 years,20-24,6.0,214763.0,2.79
40913,Primary and Secondary Syphilis,310.0,Missouri,2013.0,Female,25-29 years,25-29,5.0,198863.0,2.51
40914,Primary and Secondary Syphilis,310.0,Missouri,2013.0,Female,30-34 years,30-34,4.0,199569.0,2.0
40915,Primary and Secondary Syphilis,310.0,Missouri,2013.0,Female,40+ years,40+,1.0,1528120.0,0.07
40916,Primary and Secondary Syphilis,310.0,Missouri,2014.0,Female,15-19 years,15-19,1.0,193698.0,0.52
40917,Primary and Secondary Syphilis,310.0,Missouri,2014.0,Female,20-24 years,20-24,6.0,214763.0,2.79
40918,Primary and Secondary Syphilis,310.0,Missouri,2014.0,Female,25-29 years,25-29,10.0,198863.0,5.03
40919,Primary and Secondary Syphilis,310.0,Missouri,2014.0,Female,30-34 years,30-34,6.0,199569.0,3.01
40920,Primary and Secondary Syphilis,310.0,Missouri,2014.0,Female,35-39 years,35-39,2.0,178109.0,1.12
40921,Primary and Secondary Syphilis,310.0,Missouri,2014.0,Female,40+ years,40+,9.0,1528120.0,0.59
40922,Primary and Secondary Syphilis,310.0,Montana,1999.0,Female,40+ years,40+,1.0,211943.0,0.47
40923,Primary and Secondary Syphilis,310.0,Montana,2004.0,Female,15-19 years,15-19,1.0,33992.0,2.94
40924,Primary and Secondary Syphilis,310.0,Montana,2005.0,Female,20-24 years,20-24,1.0,34239.0,2.92
40925,Primary and Secondary Syphilis,310.0,Montana,2007.0,Female,20-24 years,20-24,1.0,31847.0,3.14
40926,Primary and Secondary Syphilis,310.0,Montana,2007.0,Female,25-29 years,25-29,1.0,31246.0,3.2
40927,Primary and Secondary Syphilis,310.0,Montana,2008.0,Female,20-24 years,20-24,1.0,32289.0,3.1
40928,Primary and Secondary Syphilis,310.0,Montana,2011.0,Female,20-24 years,20-24,1.0,33211.0,3.01
40929,Primary and Secondary Syphilis,310.0,Montana,2013.0,Female,25-29 years,25-29,1.0,30748.0,3.25
40930,Primary and Secondary Syphilis,310.0,Montana,2014.0,Female,25-29 years,25-29,2.0,30748.0,6.5
40931,Primary and Secondary Syphilis,310.0,Nebraska,1996.0,Female,20-24 years,20-24,3.0,55835.0,5.37
40932,Primary and Secondary Syphilis,310.0,Nebraska,1996.0,Female,40+ years,40+,1.0,369907.0,0.27
40933,Primary and Secondary Syphilis,310.0,Nebraska,1998.0,Female,25-29 years,25-29,1.0,54870.0,1.82
40934,Primary and Secondary Syphilis,310.0,Nebraska,1998.0,Female,30-34 years,30-34,1.0,56451.0,1.77
40935,Primary and Secondary Syphilis,310.0,Nebraska,1998.0,Female,35-39 years,35-39,1.0,67343.0,1.48
40936,Primary and Secondary Syphilis,310.0,Nebraska,1999.0,Female,30-34 years,30-34,1.0,54772.0,1.83
40937,Primary and Secondary Syphilis,310.0,Nebraska,1999.0,Female,35-39 years,35-39,1.0,66174.0,1.51
40938,Primary and Secondary Syphilis,310.0,Nebraska,1999.0,Female,40+ years,40+,1.0,385186.0,0.26
40939,Primary and Secondary Syphilis,310.0,Nebraska,2000.0,Female,30-34 years,30-34,1.0,54933.0,1.82
40940,Primary and Secondary Syphilis,310.0,Nebraska,2001.0,Female,20-24 years,20-24,1.0,61738.0,1.62
40941,Primary and Secondary Syphilis,310.0,Nebraska,2001.0,Female,30-34 years,30-34,4.0,54971.0,7.28
40942,Primary and Secondary Syphilis,310.0,Nebraska,2001.0,Female,35-39 years,35-39,1.0,61672.0,1.62
40943,Primary and Secondary Syphilis,310.0,Nebraska,2001.0,Female,40+ years,40+,2.0,396395.0,0.5
40944,Primary and Secondary Syphilis,310.0,Nebraska,2002.0,Female,20-24 years,20-24,1.0,63802.0,1.57
40945,Primary and Secondary Syphilis,310.0,Nebraska,2002.0,Female,25-29 years,25-29,1.0,54673.0,1.83
40946,Primary and Secondary Syphilis,310.0,Nebraska,2003.0,Female,25-29 years,25-29,1.0,55848.0,1.79
40947,Primary and Secondary Syphilis,310.0,Nebraska,2004.0,Female,25-29 years,25-29,3.0,57550.0,5.21
40948,Primary and Secondary Syphilis,310.0,Nebraska,2004.0,Female,30-34 years,30-34,1.0,54358.0,1.84
40949,Primary and Secondary Syphilis,310.0,Nebraska,2006.0,Female,25-29 years,25-29,1.0,56584.0,1.77
40950,Primary and Secondary Syphilis,310.0,Nebraska,2008.0,Female,30-34 years,30-34,2.0,52440.0,3.81
40951,Primary and Secondary Syphilis,310.0,Nebraska,2008.0,Female,40+ years,40+,1.0,422568.0,0.24
40952,Primary and Secondary Syphilis,310.0,Nebraska,2010.0,Female,40+ years,40+,3.0,432248.0,0.69
40953,Primary and Secondary Syphilis,310.0,Nebraska,2011.0,Female,15-19 years,15-19,1.0,63539.0,1.57
40954,Primary and Secondary Syphilis,310.0,Nebraska,2012.0,Female,30-34 years,30-34,1.0,61115.0,1.64
40955,Primary and Secondary Syphilis,310.0,Nebraska,2013.0,Female,20-24 years,20-24,1.0,65657.0,1.52
40956,Primary and Secondary Syphilis,310.0,Nebraska,2013.0,Female,25-29 years,25-29,3.0,60902.0,4.93
40957,Primary and Secondary Syphilis,310.0,Nebraska,2014.0,Female,20-24 years,20-24,2.0,65657.0,3.05
40958,Primary and Secondary Syphilis,310.0,Nebraska,2014.0,Female,25-29 years,25-29,1.0,60902.0,1.64
40959,Primary and Secondary Syphilis,310.0,Nebraska,2014.0,Female,30-34 years,30-34,1.0,62843.0,1.59
40960,Primary and Secondary Syphilis,310.0,Nevada,1996.0,Female,25-29 years,25-29,1.0,62048.0,1.61
40961,Primary and Secondary Syphilis,310.0,Nevada,1996.0,Female,30-34 years,30-34,3.0,74993.0,4.0
40962,Primary and Secondary Syphilis,310.0,Nevada,1996.0,Female,35-39 years,35-39,5.0,69476.0,7.2
40963,Primary and Secondary Syphilis,310.0,Nevada,1996.0,Female,40+ years,40+,1.0,341003.0,0.29
40964,Primary and Secondary Syphilis,310.0,Nevada,1997.0,Female,20-24 years,20-24,1.0,52103.0,1.92
40965,Primary and Secondary Syphilis,310.0,Nevada,1997.0,Female,25-29 years,25-29,1.0,64459.0,1.55
40966,Primary and Secondary Syphilis,310.0,Nevada,1997.0,Female,35-39 years,35-39,2.0,73233.0,2.73
40967,Primary and Secondary Syphilis,310.0,Nevada,1997.0,Female,40+ years,40+,2.0,364465.0,0.55
40968,Primary and Secondary Syphilis,310.0,Nevada,1998.0,Female,15-19 years,15-19,1.0,56383.0,1.77
40969,Primary and Secondary Syphilis,310.0,Nevada,1998.0,Female,30-34 years,30-34,1.0,76250.0,1.31
40970,Primary and Secondary Syphilis,310.0,Nevada,1998.0,Female,40+ years,40+,1.0,385873.0,0.26
40971,Primary and Secondary Syphilis,310.0,Nevada,1999.0,Female,15-19 years,15-19,1.0,59135.0,1.69
40972,Primary and Secondary Syphilis,310.0,Nevada,1999.0,Female,35-39 years,35-39,2.0,77956.0,2.57
40973,Primary and Secondary Syphilis,310.0,Nevada,2000.0,Female,30-34 years,30-34,1.0,74440.0,1.34
40974,Primary and Secondary Syphilis,310.0,Nevada,2000.0,Female,35-39 years,35-39,1.0,77555.0,1.29
40975,Primary and Secondary Syphilis,310.0,Nevada,2001.0,Female,30-34 years,30-34,1.0,79598.0,1.26
40976,Primary and Secondary Syphilis,310.0,Nevada,2002.0,Female,30-34 years,30-34,1.0,83142.0,1.2
40977,Primary and Secondary Syphilis,310.0,Nevada,2003.0,Female,15-19 years,15-19,1.0,70262.0,1.42
40978,Primary and Secondary Syphilis,310.0,Nevada,2003.0,Female,25-29 years,25-29,1.0,77489.0,1.29
40979,Primary and Secondary Syphilis,310.0,Nevada,2003.0,Female,35-39 years,35-39,1.0,81845.0,1.22
40980,Primary and Secondary Syphilis,310.0,Nevada,2004.0,Female,15-19 years,15-19,1.0,74312.0,1.35
40981,Primary and Secondary Syphilis,310.0,Nevada,2004.0,Female,20-24 years,20-24,3.0,72119.0,4.16
40982,Primary and Secondary Syphilis,310.0,Nevada,2004.0,Female,25-29 years,25-29,4.0,80427.0,4.97
40983,Primary and Secondary Syphilis,310.0,Nevada,2005.0,Female,15-19 years,15-19,6.0,78196.0,7.67
40984,Primary and Secondary Syphilis,310.0,Nevada,2005.0,Female,20-24 years,20-24,5.0,75773.0,6.6
40985,Primary and Secondary Syphilis,310.0,Nevada,2005.0,Female,25-29 years,25-29,7.0,82817.0,8.45
40986,Primary and Secondary Syphilis,310.0,Nevada,2005.0,Female,30-34 years,30-34,2.0,90174.0,2.22
40987,Primary and Secondary Syphilis,310.0,Nevada,2005.0,Female,35-39 years,35-39,3.0,86636.0,3.46
40988,Primary and Secondary Syphilis,310.0,Nevada,2005.0,Female,40+ years,40+,1.0,518238.0,0.19
40989,Primary and Secondary Syphilis,310.0,Nevada,2006.0,Female,15-19 years,15-19,14.0,76775.0,18.24
40990,Primary and Secondary Syphilis,310.0,Nevada,2006.0,Female,20-24 years,20-24,8.0,75778.0,10.56
40991,Primary and Secondary Syphilis,310.0,Nevada,2006.0,Female,25-29 years,25-29,5.0,94562.0,5.29
40992,Primary and Secondary Syphilis,310.0,Nevada,2006.0,Female,30-34 years,30-34,2.0,87109.0,2.3
40993,Primary and Secondary Syphilis,310.0,Nevada,2006.0,Female,35-39 years,35-39,3.0,89905.0,3.34
40994,Primary and Secondary Syphilis,310.0,Nevada,2006.0,Female,40+ years,40+,2.0,543822.0,0.37
40995,Primary and Secondary Syphilis,310.0,Nevada,2007.0,Female,15-19 years,15-19,5.0,78729.0,6.35
40996,Primary and Secondary Syphilis,310.0,Nevada,2007.0,Female,20-24 years,20-24,3.0,73567.0,4.08
40997,Primary and Secondary Syphilis,310.0,Nevada,2007.0,Female,25-29 years,25-29,1.0,95613.0,1.05
40998,Primary and Secondary Syphilis,310.0,Nevada,2007.0,Female,30-34 years,30-34,2.0,87793.0,2.28
40999,Primary and Secondary Syphilis,310.0,Nevada,2007.0,Female,40+ years,40+,1.0,562251.0,0.18
41000,Primary and Secondary Syphilis,310.0,Nevada,2008.0,Female,0-14 years,0-14,1.0,272666.0,0.37
41001,Primary and Secondary Syphilis,310.0,Nevada,2008.0,Female,15-19 years,15-19,4.0,79683.0,5.02
41002,Primary and Secondary Syphilis,310.0,Nevada,2008.0,Female,20-24 years,20-24,2.0,73753.0,2.71
41003,Primary and Secondary Syphilis,310.0,Nevada,2008.0,Female,25-29 years,25-29,1.0,95133.0,1.05
41004,Primary and Secondary Syphilis,310.0,Nevada,2008.0,Female,30-34 years,30-34,3.0,89371.0,3.36
41005,Primary and Secondary Syphilis,310.0,Nevada,2008.0,Female,35-39 years,35-39,1.0,92431.0,1.08
41006,Primary and Secondary Syphilis,310.0,Nevada,2008.0,Female,40+ years,40+,2.0,572540.0,0.35
41007,Primary and Secondary Syphilis,310.0,Nevada,2009.0,Female,15-19 years,15-19,2.0,81858.0,2.44
41008,Primary and Secondary Syphilis,310.0,Nevada,2009.0,Female,20-24 years,20-24,3.0,79736.0,3.76
41009,Primary and Secondary Syphilis,310.0,Nevada,2009.0,Female,25-29 years,25-29,2.0,97286.0,2.06
41010,Primary and Secondary Syphilis,310.0,Nevada,2010.0,Female,15-19 years,15-19,1.0,88527.0,1.13
41011,Primary and Secondary Syphilis,310.0,Nevada,2010.0,Female,20-24 years,20-24,1.0,86361.0,1.16
41012,Primary and Secondary Syphilis,310.0,Nevada,2010.0,Female,25-29 years,25-29,2.0,96343.0,2.08
41013,Primary and Secondary Syphilis,310.0,Nevada,2010.0,Female,40+ years,40+,3.0,608666.0,0.49
41014,Primary and Secondary Syphilis,310.0,Nevada,2011.0,Female,15-19 years,15-19,1.0,85229.0,1.17
41015,Primary and Secondary Syphilis,310.0,Nevada,2011.0,Female,20-24 years,20-24,2.0,89876.0,2.23
41016,Primary and Secondary Syphilis,310.0,Nevada,2011.0,Female,25-29 years,25-29,2.0,95822.0,2.09
41017,Primary and Secondary Syphilis,310.0,Nevada,2011.0,Female,35-39 years,35-39,1.0,90654.0,1.1
41018,Primary and Secondary Syphilis,310.0,Nevada,2011.0,Female,40+ years,40+,1.0,622610.0,0.16
41019,Primary and Secondary Syphilis,310.0,Nevada,2012.0,Female,30-34 years,30-34,1.0,95679.0,1.05
41020,Primary and Secondary Syphilis,310.0,Nevada,2012.0,Female,40+ years,40+,3.0,638603.0,0.47
41021,Primary and Secondary Syphilis,310.0,Nevada,2013.0,Female,15-19 years,15-19,1.0,85807.0,1.17
41022,Primary and Secondary Syphilis,310.0,Nevada,2013.0,Female,20-24 years,20-24,3.0,92425.0,3.25
41023,Primary and Secondary Syphilis,310.0,Nevada,2013.0,Female,25-29 years,25-29,2.0,96069.0,2.08
41024,Primary and Secondary Syphilis,310.0,Nevada,2013.0,Female,30-34 years,30-34,4.0,97136.0,4.12
41025,Primary and Secondary Syphilis,310.0,Nevada,2013.0,Female,35-39 years,35-39,2.0,90794.0,2.2
41026,Primary and Secondary Syphilis,310.0,Nevada,2013.0,Female,40+ years,40+,2.0,653591.0,0.31
41027,Primary and Secondary Syphilis,310.0,Nevada,2014.0,Female,20-24 years,20-24,7.0,92425.0,7.57
41028,Primary and Secondary Syphilis,310.0,Nevada,2014.0,Female,25-29 years,25-29,9.0,96069.0,9.37
41029,Primary and Secondary Syphilis,310.0,Nevada,2014.0,Female,30-34 years,30-34,5.0,97136.0,5.15
41030,Primary and Secondary Syphilis,310.0,Nevada,2014.0,Female,35-39 years,35-39,2.0,90794.0,2.2
41031,Primary and Secondary Syphilis,310.0,New Hampshire,1998.0,Female,25-29 years,25-29,1.0,38573.0,2.59
41032,Primary and Secondary Syphilis,310.0,New Hampshire,1999.0,Female,25-29 years,25-29,1.0,37116.0,2.69
41033,Primary and Secondary Syphilis,310.0,New Hampshire,2010.0,Female,25-29 years,25-29,1.0,36183.0,2.76
41034,Primary and Secondary Syphilis,310.0,New Hampshire,2011.0,Female,40+ years,40+,1.0,357363.0,0.28
41035,Primary and Secondary Syphilis,310.0,New Hampshire,2013.0,Female,30-34 years,30-34,1.0,37237.0,2.69
41036,Primary and Secondary Syphilis,310.0,New Hampshire,2014.0,Female,15-19 years,15-19,1.0,44559.0,2.24
41037,Primary and Secondary Syphilis,310.0,New Hampshire,2014.0,Female,20-24 years,20-24,2.0,43056.0,4.65
41038,Primary and Secondary Syphilis,310.0,New Hampshire,2014.0,Female,25-29 years,25-29,1.0,37307.0,2.68
41039,Primary and Secondary Syphilis,310.0,New Jersey,1996.0,Female,0-14 years,0-14,1.0,830099.0,0.12
41040,Primary and Secondary Syphilis,310.0,New Jersey,1996.0,Female,15-19 years,15-19,9.0,245765.0,3.66
41041,Primary and Secondary Syphilis,310.0,New Jersey,1996.0,Female,20-24 years,20-24,10.0,235277.0,4.25
41042,Primary and Secondary Syphilis,310.0,New Jersey,1996.0,Female,25-29 years,25-29,17.0,283318.0,6.0
41043,Primary and Secondary Syphilis,310.0,New Jersey,1996.0,Female,30-34 years,30-34,13.0,356248.0,3.65
41044,Primary and Secondary Syphilis,310.0,New Jersey,1996.0,Female,35-39 years,35-39,16.0,366024.0,4.37
41045,Primary and Secondary Syphilis,310.0,New Jersey,1996.0,Female,40+ years,40+,15.0,1884603.0,0.8
41046,Primary and Secondary Syphilis,310.0,New Jersey,1997.0,Female,15-19 years,15-19,8.0,248198.0,3.22
41047,Primary and Secondary Syphilis,310.0,New Jersey,1997.0,Female,20-24 years,20-24,13.0,234097.0,5.55
41048,Primary and Secondary Syphilis,310.0,New Jersey,1997.0,Female,25-29 years,25-29,12.0,279191.0,4.3
41049,Primary and Secondary Syphilis,310.0,New Jersey,1997.0,Female,30-34 years,30-34,12.0,350098.0,3.43
41050,Primary and Secondary Syphilis,310.0,New Jersey,1997.0,Female,35-39 years,35-39,8.0,369846.0,2.16
41051,Primary and Secondary Syphilis,310.0,New Jersey,1997.0,Female,40+ years,40+,6.0,1920261.0,0.31
41052,Primary and Secondary Syphilis,310.0,New Jersey,1998.0,Female,0-14 years,0-14,3.0,839729.0,0.36
41053,Primary and Secondary Syphilis,310.0,New Jersey,1998.0,Female,15-19 years,15-19,5.0,250965.0,1.99
41054,Primary and Secondary Syphilis,310.0,New Jersey,1998.0,Female,20-24 years,20-24,6.0,233415.0,2.57
41055,Primary and Secondary Syphilis,310.0,New Jersey,1998.0,Female,25-29 years,25-29,10.0,277108.0,3.61
41056,Primary and Secondary Syphilis,310.0,New Jersey,1998.0,Female,30-34 years,30-34,6.0,341302.0,1.76
41057,Primary and Secondary Syphilis,310.0,New Jersey,1998.0,Female,35-39 years,35-39,5.0,371013.0,1.35
41058,Primary and Secondary Syphilis,310.0,New Jersey,1998.0,Female,40+ years,40+,2.0,1955636.0,0.1
41059,Primary and Secondary Syphilis,310.0,New Jersey,1999.0,Female,15-19 years,15-19,6.0,252487.0,2.38
41060,Primary and Secondary Syphilis,310.0,New Jersey,1999.0,Female,20-24 years,20-24,7.0,234381.0,2.99
41061,Primary and Secondary Syphilis,310.0,New Jersey,1999.0,Female,25-29 years,25-29,6.0,274353.0,2.19
41062,Primary and Secondary Syphilis,310.0,New Jersey,1999.0,Female,30-34 years,30-34,5.0,331258.0,1.51
41063,Primary and Secondary Syphilis,310.0,New Jersey,1999.0,Female,35-39 years,35-39,2.0,370291.0,0.54
41064,Primary and Secondary Syphilis,310.0,New Jersey,1999.0,Female,40+ years,40+,6.0,1991204.0,0.3
41065,Primary and Secondary Syphilis,310.0,New Jersey,2000.0,Female,0-14 years,0-14,1.0,862048.0,0.12
41066,Primary and Secondary Syphilis,310.0,New Jersey,2000.0,Female,15-19 years,15-19,2.0,256582.0,0.78
41067,Primary and Secondary Syphilis,310.0,New Jersey,2000.0,Female,20-24 years,20-24,3.0,234943.0,1.28
41068,Primary and Secondary Syphilis,310.0,New Jersey,2000.0,Female,25-29 years,25-29,1.0,268456.0,0.37
41069,Primary and Secondary Syphilis,310.0,New Jersey,2000.0,Female,30-34 years,30-34,6.0,324409.0,1.85
41070,Primary and Secondary Syphilis,310.0,New Jersey,2000.0,Female,35-39 years,35-39,3.0,366552.0,0.82
41071,Primary and Secondary Syphilis,310.0,New Jersey,2000.0,Female,40+ years,40+,7.0,2027524.0,0.35
41072,Primary and Secondary Syphilis,310.0,New Jersey,2001.0,Female,15-19 years,15-19,5.0,265958.0,1.88
41073,Primary and Secondary Syphilis,310.0,New Jersey,2001.0,Female,20-24 years,20-24,8.0,233820.0,3.42
41074,Primary and Secondary Syphilis,310.0,New Jersey,2001.0,Female,25-29 years,25-29,8.0,258472.0,3.1
41075,Primary and Secondary Syphilis,310.0,New Jersey,2001.0,Female,30-34 years,30-34,10.0,321263.0,3.11
41076,Primary and Secondary Syphilis,310.0,New Jersey,2001.0,Female,35-39 years,35-39,6.0,365440.0,1.64
41077,Primary and Secondary Syphilis,310.0,New Jersey,2001.0,Female,40+ years,40+,7.0,2067050.0,0.34
41078,Primary and Secondary Syphilis,310.0,New Jersey,2002.0,Female,15-19 years,15-19,7.0,274077.0,2.55
41079,Primary and Secondary Syphilis,310.0,New Jersey,2002.0,Female,20-24 years,20-24,10.0,231444.0,4.32
41080,Primary and Secondary Syphilis,310.0,New Jersey,2002.0,Female,25-29 years,25-29,5.0,249936.0,2.0
41081,Primary and Secondary Syphilis,310.0,New Jersey,2002.0,Female,30-34 years,30-34,6.0,316244.0,1.9
41082,Primary and Secondary Syphilis,310.0,New Jersey,2002.0,Female,35-39 years,35-39,6.0,361492.0,1.66
41083,Primary and Secondary Syphilis,310.0,New Jersey,2002.0,Female,40+ years,40+,14.0,2112245.0,0.66
41084,Primary and Secondary Syphilis,310.0,New Jersey,2003.0,Female,0-14 years,0-14,1.0,870029.0,0.11
41085,Primary and Secondary Syphilis,310.0,New Jersey,2003.0,Female,15-19 years,15-19,6.0,279639.0,2.15
41086,Primary and Secondary Syphilis,310.0,New Jersey,2003.0,Female,20-24 years,20-24,9.0,244738.0,3.68
41087,Primary and Secondary Syphilis,310.0,New Jersey,2003.0,Female,25-29 years,25-29,7.0,247606.0,2.83
41088,Primary and Secondary Syphilis,310.0,New Jersey,2003.0,Female,30-34 years,30-34,6.0,307580.0,1.95
41089,Primary and Secondary Syphilis,310.0,New Jersey,2003.0,Female,35-39 years,35-39,11.0,352083.0,3.12
41090,Primary and Secondary Syphilis,310.0,New Jersey,2003.0,Female,40+ years,40+,9.0,2133109.0,0.42
41091,Primary and Secondary Syphilis,310.0,New Jersey,2004.0,Female,0-14 years,0-14,1.0,877087.0,0.11
41092,Primary and Secondary Syphilis,310.0,New Jersey,2004.0,Female,15-19 years,15-19,3.0,287101.0,1.04
41093,Primary and Secondary Syphilis,310.0,New Jersey,2004.0,Female,20-24 years,20-24,6.0,251272.0,2.39
41094,Primary and Secondary Syphilis,310.0,New Jersey,2004.0,Female,25-29 years,25-29,6.0,244470.0,2.45
41095,Primary and Secondary Syphilis,310.0,New Jersey,2004.0,Female,30-34 years,30-34,7.0,298205.0,2.35
41096,Primary and Secondary Syphilis,310.0,New Jersey,2004.0,Female,35-39 years,35-39,5.0,342295.0,1.46
41097,Primary and Secondary Syphilis,310.0,New Jersey,2004.0,Female,40+ years,40+,10.0,2162596.0,0.46
41098,Primary and Secondary Syphilis,310.0,New Jersey,2005.0,Female,15-19 years,15-19,3.0,294110.0,1.02
41099,Primary and Secondary Syphilis,310.0,New Jersey,2005.0,Female,20-24 years,20-24,5.0,256966.0,1.95
41100,Primary and Secondary Syphilis,310.0,New Jersey,2005.0,Female,25-29 years,25-29,2.0,241562.0,0.83
41101,Primary and Secondary Syphilis,310.0,New Jersey,2005.0,Female,30-34 years,30-34,2.0,284586.0,0.7
41102,Primary and Secondary Syphilis,310.0,New Jersey,2005.0,Female,35-39 years,35-39,2.0,334451.0,0.6
41103,Primary and Secondary Syphilis,310.0,New Jersey,2005.0,Female,40+ years,40+,3.0,2183352.0,0.14
41104,Primary and Secondary Syphilis,310.0,New Jersey,2006.0,Female,15-19 years,15-19,2.0,287937.0,0.69
41105,Primary and Secondary Syphilis,310.0,New Jersey,2006.0,Female,20-24 years,20-24,2.0,262444.0,0.76
41106,Primary and Secondary Syphilis,310.0,New Jersey,2006.0,Female,25-29 years,25-29,5.0,249107.0,2.01
41107,Primary and Secondary Syphilis,310.0,New Jersey,2006.0,Female,35-39 years,35-39,1.0,334128.0,0.3
41108,Primary and Secondary Syphilis,310.0,New Jersey,2006.0,Female,40+ years,40+,2.0,2204861.0,0.09
41109,Primary and Secondary Syphilis,310.0,New Jersey,2007.0,Female,15-19 years,15-19,2.0,287895.0,0.69
41110,Primary and Secondary Syphilis,310.0,New Jersey,2007.0,Female,20-24 years,20-24,4.0,263931.0,1.52
41111,Primary and Secondary Syphilis,310.0,New Jersey,2007.0,Female,25-29 years,25-29,6.0,249532.0,2.4
41112,Primary and Secondary Syphilis,310.0,New Jersey,2007.0,Female,30-34 years,30-34,3.0,275641.0,1.09
41113,Primary and Secondary Syphilis,310.0,New Jersey,2007.0,Female,40+ years,40+,1.0,2209913.0,0.05
41114,Primary and Secondary Syphilis,310.0,New Jersey,2008.0,Female,0-14 years,0-14,1.0,822392.0,0.12
41115,Primary and Secondary Syphilis,310.0,New Jersey,2008.0,Female,15-19 years,15-19,5.0,286330.0,1.75
41116,Primary and Secondary Syphilis,310.0,New Jersey,2008.0,Female,20-24 years,20-24,3.0,263756.0,1.14
41117,Primary and Secondary Syphilis,310.0,New Jersey,2008.0,Female,25-29 years,25-29,3.0,253003.0,1.19
41118,Primary and Secondary Syphilis,310.0,New Jersey,2008.0,Female,30-34 years,30-34,2.0,268947.0,0.74
41119,Primary and Secondary Syphilis,310.0,New Jersey,2008.0,Female,35-39 years,35-39,3.0,314404.0,0.95
41120,Primary and Secondary Syphilis,310.0,New Jersey,2008.0,Female,40+ years,40+,4.0,2222047.0,0.18
41121,Primary and Secondary Syphilis,310.0,New Jersey,2009.0,Female,15-19 years,15-19,4.0,281747.0,1.42
41122,Primary and Secondary Syphilis,310.0,New Jersey,2009.0,Female,20-24 years,20-24,6.0,260617.0,2.3
41123,Primary and Secondary Syphilis,310.0,New Jersey,2009.0,Female,25-29 years,25-29,3.0,270171.0,1.11
41124,Primary and Secondary Syphilis,310.0,New Jersey,2009.0,Female,30-34 years,30-34,5.0,270188.0,1.85
41125,Primary and Secondary Syphilis,310.0,New Jersey,2009.0,Female,35-39 years,35-39,4.0,297983.0,1.34
41126,Primary and Secondary Syphilis,310.0,New Jersey,2009.0,Female,40+ years,40+,4.0,2234204.0,0.18
41127,Primary and Secondary Syphilis,310.0,New Jersey,2010.0,Female,0-14 years,0-14,1.0,827899.0,0.12
41128,Primary and Secondary Syphilis,310.0,New Jersey,2010.0,Female,15-19 years,15-19,1.0,288755.0,0.35
41129,Primary and Secondary Syphilis,310.0,New Jersey,2010.0,Female,20-24 years,20-24,5.0,261808.0,1.91
41130,Primary and Secondary Syphilis,310.0,New Jersey,2010.0,Female,25-29 years,25-29,1.0,275364.0,0.36
41131,Primary and Secondary Syphilis,310.0,New Jersey,2010.0,Female,30-34 years,30-34,1.0,281296.0,0.36
41132,Primary and Secondary Syphilis,310.0,New Jersey,2010.0,Female,35-39 years,35-39,2.0,298981.0,0.67
41133,Primary and Secondary Syphilis,310.0,New Jersey,2010.0,Female,40+ years,40+,5.0,2278191.0,0.22
41134,Primary and Secondary Syphilis,310.0,New Jersey,2011.0,Female,20-24 years,20-24,3.0,263510.0,1.14
41135,Primary and Secondary Syphilis,310.0,New Jersey,2011.0,Female,25-29 years,25-29,5.0,275922.0,1.81
41136,Primary and Secondary Syphilis,310.0,New Jersey,2011.0,Female,30-34 years,30-34,2.0,284838.0,0.7
41137,Primary and Secondary Syphilis,310.0,New Jersey,2011.0,Female,35-39 years,35-39,1.0,287515.0,0.35
41138,Primary and Secondary Syphilis,310.0,New Jersey,2011.0,Female,40+ years,40+,2.0,2302355.0,0.09
41139,Primary and Secondary Syphilis,310.0,New Jersey,2012.0,Female,15-19 years,15-19,5.0,285885.0,1.75
41140,Primary and Secondary Syphilis,310.0,New Jersey,2012.0,Female,20-24 years,20-24,6.0,267978.0,2.24
41141,Primary and Secondary Syphilis,310.0,New Jersey,2012.0,Female,25-29 years,25-29,2.0,276770.0,0.72
41142,Primary and Secondary Syphilis,310.0,New Jersey,2012.0,Female,30-34 years,30-34,3.0,287690.0,1.04
41143,Primary and Secondary Syphilis,310.0,New Jersey,2012.0,Female,35-39 years,35-39,1.0,284802.0,0.35
41144,Primary and Secondary Syphilis,310.0,New Jersey,2012.0,Female,40+ years,40+,1.0,2322736.0,0.04
41145,Primary and Secondary Syphilis,310.0,New Jersey,2012.0,Female,Unknown,99,1.0,,
41146,Primary and Secondary Syphilis,310.0,New Jersey,2013.0,Female,20-24 years,20-24,4.0,273742.0,1.46
41147,Primary and Secondary Syphilis,310.0,New Jersey,2013.0,Female,25-29 years,25-29,4.0,277109.0,1.44
41148,Primary and Secondary Syphilis,310.0,New Jersey,2013.0,Female,30-34 years,30-34,1.0,288361.0,0.35
41149,Primary and Secondary Syphilis,310.0,New Jersey,2013.0,Female,35-39 years,35-39,1.0,283439.0,0.35
41150,Primary and Secondary Syphilis,310.0,New Jersey,2013.0,Female,40+ years,40+,3.0,2335038.0,0.13
41151,Primary and Secondary Syphilis,310.0,New Jersey,2014.0,Female,20-24 years,20-24,3.0,273742.0,1.1
41152,Primary and Secondary Syphilis,310.0,New Jersey,2014.0,Female,25-29 years,25-29,3.0,277109.0,1.08
41153,Primary and Secondary Syphilis,310.0,New Jersey,2014.0,Female,30-34 years,30-34,2.0,288361.0,0.69
41154,Primary and Secondary Syphilis,310.0,New Jersey,2014.0,Female,35-39 years,35-39,2.0,283439.0,0.71
41155,Primary and Secondary Syphilis,310.0,New Jersey,2014.0,Female,40+ years,40+,6.0,2335038.0,0.26
41156,Primary and Secondary Syphilis,310.0,New Mexico,1996.0,Female,20-24 years,20-24,1.0,58068.0,1.72
41157,Primary and Secondary Syphilis,310.0,New Mexico,1996.0,Female,35-39 years,35-39,1.0,73602.0,1.36
41158,Primary and Secondary Syphilis,310.0,New Mexico,1996.0,Female,40+ years,40+,1.0,359492.0,0.28
41159,Primary and Secondary Syphilis,310.0,New Mexico,1997.0,Female,15-19 years,15-19,4.0,69436.0,5.76
41160,Primary and Secondary Syphilis,310.0,New Mexico,1997.0,Female,20-24 years,20-24,1.0,58527.0,1.71
41161,Primary and Secondary Syphilis,310.0,New Mexico,1997.0,Female,25-29 years,25-29,1.0,55635.0,1.8
41162,Primary and Secondary Syphilis,310.0,New Mexico,1998.0,Female,15-19 years,15-19,1.0,70837.0,1.41
41163,Primary and Secondary Syphilis,310.0,New Mexico,1998.0,Female,20-24 years,20-24,1.0,58919.0,1.7
41164,Primary and Secondary Syphilis,310.0,New Mexico,1998.0,Female,30-34 years,30-34,2.0,62496.0,3.2
41165,Primary and Secondary Syphilis,310.0,New Mexico,1998.0,Female,35-39 years,35-39,1.0,73312.0,1.36
41166,Primary and Secondary Syphilis,310.0,New Mexico,1999.0,Female,20-24 years,20-24,1.0,59377.0,1.68
41167,Primary and Secondary Syphilis,310.0,New Mexico,1999.0,Female,35-39 years,35-39,1.0,72356.0,1.38
41168,Primary and Secondary Syphilis,310.0,New Mexico,1999.0,Female,40+ years,40+,1.0,391258.0,0.26
41169,Primary and Secondary Syphilis,310.0,New Mexico,2000.0,Female,20-24 years,20-24,2.0,60738.0,3.29
41170,Primary and Secondary Syphilis,310.0,New Mexico,2000.0,Female,30-34 years,30-34,2.0,59843.0,3.34
41171,Primary and Secondary Syphilis,310.0,New Mexico,2000.0,Female,35-39 years,35-39,1.0,70571.0,1.42
41172,Primary and Secondary Syphilis,310.0,New Mexico,2001.0,Female,20-24 years,20-24,1.0,62006.0,1.61
41173,Primary and Secondary Syphilis,310.0,New Mexico,2001.0,Female,25-29 years,25-29,2.0,56403.0,3.55
41174,Primary and Secondary Syphilis,310.0,New Mexico,2001.0,Female,35-39 years,35-39,1.0,67712.0,1.48
41175,Primary and Secondary Syphilis,310.0,New Mexico,2001.0,Female,40+ years,40+,2.0,410913.0,0.49
41176,Primary and Secondary Syphilis,310.0,New Mexico,2002.0,Female,15-19 years,15-19,3.0,72288.0,4.15
41177,Primary and Secondary Syphilis,310.0,New Mexico,2002.0,Female,20-24 years,20-24,2.0,64847.0,3.08
41178,Primary and Secondary Syphilis,310.0,New Mexico,2002.0,Female,30-34 years,30-34,2.0,59961.0,3.34
41179,Primary and Secondary Syphilis,310.0,New Mexico,2002.0,Female,35-39 years,35-39,2.0,65623.0,3.05
41180,Primary and Secondary Syphilis,310.0,New Mexico,2002.0,Female,40+ years,40+,3.0,421374.0,0.71
41181,Primary and Secondary Syphilis,310.0,New Mexico,2003.0,Female,15-19 years,15-19,3.0,72200.0,4.16
41182,Primary and Secondary Syphilis,310.0,New Mexico,2003.0,Female,25-29 years,25-29,7.0,56688.0,12.35
41183,Primary and Secondary Syphilis,310.0,New Mexico,2003.0,Female,30-34 years,30-34,2.0,58566.0,3.41
41184,Primary and Secondary Syphilis,310.0,New Mexico,2003.0,Female,35-39 years,35-39,4.0,61957.0,6.46
41185,Primary and Secondary Syphilis,310.0,New Mexico,2003.0,Female,40+ years,40+,7.0,431668.0,1.62
41186,Primary and Secondary Syphilis,310.0,New Mexico,2004.0,Female,0-14 years,0-14,1.0,199240.0,0.5
41187,Primary and Secondary Syphilis,310.0,New Mexico,2004.0,Female,15-19 years,15-19,3.0,72384.0,4.14
41188,Primary and Secondary Syphilis,310.0,New Mexico,2004.0,Female,20-24 years,20-24,8.0,70514.0,11.35
41189,Primary and Secondary Syphilis,310.0,New Mexico,2004.0,Female,25-29 years,25-29,7.0,58701.0,11.92
41190,Primary and Secondary Syphilis,310.0,New Mexico,2004.0,Female,30-34 years,30-34,4.0,58764.0,6.81
41191,Primary and Secondary Syphilis,310.0,New Mexico,2004.0,Female,35-39 years,35-39,5.0,61022.0,8.19
41192,Primary and Secondary Syphilis,310.0,New Mexico,2004.0,Female,40+ years,40+,8.0,446597.0,1.79
41193,Primary and Secondary Syphilis,310.0,New Mexico,2005.0,Female,20-24 years,20-24,3.0,71911.0,4.17
41194,Primary and Secondary Syphilis,310.0,New Mexico,2005.0,Female,25-29 years,25-29,1.0,60834.0,1.64
41195,Primary and Secondary Syphilis,310.0,New Mexico,2005.0,Female,30-34 years,30-34,2.0,58050.0,3.45
41196,Primary and Secondary Syphilis,310.0,New Mexico,2005.0,Female,35-39 years,35-39,4.0,60380.0,6.62
41197,Primary and Secondary Syphilis,310.0,New Mexico,2005.0,Female,40+ years,40+,6.0,458494.0,1.31
41198,Primary and Secondary Syphilis,310.0,New Mexico,2006.0,Female,0-14 years,0-14,1.0,205543.0,0.49
41199,Primary and Secondary Syphilis,310.0,New Mexico,2006.0,Female,15-19 years,15-19,1.0,72216.0,1.38
41200,Primary and Secondary Syphilis,310.0,New Mexico,2006.0,Female,20-24 years,20-24,2.0,71217.0,2.81
41201,Primary and Secondary Syphilis,310.0,New Mexico,2006.0,Female,25-29 years,25-29,4.0,66530.0,6.01
41202,Primary and Secondary Syphilis,310.0,New Mexico,2006.0,Female,30-34 years,30-34,1.0,60116.0,1.66
41203,Primary and Secondary Syphilis,310.0,New Mexico,2006.0,Female,35-39 years,35-39,3.0,61771.0,4.86
41204,Primary and Secondary Syphilis,310.0,New Mexico,2006.0,Female,40+ years,40+,10.0,452398.0,2.21
41205,Primary and Secondary Syphilis,310.0,New Mexico,2007.0,Female,15-19 years,15-19,2.0,71361.0,2.8
41206,Primary and Secondary Syphilis,310.0,New Mexico,2007.0,Female,20-24 years,20-24,4.0,70583.0,5.67
41207,Primary and Secondary Syphilis,310.0,New Mexico,2007.0,Female,25-29 years,25-29,3.0,69272.0,4.33
41208,Primary and Secondary Syphilis,310.0,New Mexico,2007.0,Female,35-39 years,35-39,3.0,62555.0,4.8
41209,Primary and Secondary Syphilis,310.0,New Mexico,2007.0,Female,40+ years,40+,3.0,461694.0,0.65
41210,Primary and Secondary Syphilis,310.0,New Mexico,2008.0,Female,30-34 years,30-34,1.0,60205.0,1.66
41211,Primary and Secondary Syphilis,310.0,New Mexico,2008.0,Female,35-39 years,35-39,2.0,62038.0,3.22
41212,Primary and Secondary Syphilis,310.0,New Mexico,2008.0,Female,40+ years,40+,3.0,467813.0,0.64
41213,Primary and Secondary Syphilis,310.0,New Mexico,2009.0,Female,20-24 years,20-24,1.0,69311.0,1.44
41214,Primary and Secondary Syphilis,310.0,New Mexico,2009.0,Female,25-29 years,25-29,1.0,71354.0,1.4
41215,Primary and Secondary Syphilis,310.0,New Mexico,2009.0,Female,30-34 years,30-34,2.0,62581.0,3.2
41216,Primary and Secondary Syphilis,310.0,New Mexico,2009.0,Female,35-39 years,35-39,1.0,60721.0,1.65
41217,Primary and Secondary Syphilis,310.0,New Mexico,2009.0,Female,40+ years,40+,1.0,472167.0,0.21
41218,Primary and Secondary Syphilis,310.0,New Mexico,2010.0,Female,20-24 years,20-24,1.0,69396.0,1.44
41219,Primary and Secondary Syphilis,310.0,New Mexico,2010.0,Female,25-29 years,25-29,1.0,68259.0,1.47
41220,Primary and Secondary Syphilis,310.0,New Mexico,2010.0,Female,40+ years,40+,1.0,494997.0,0.2
41221,Primary and Secondary Syphilis,310.0,New Mexico,2011.0,Female,25-29 years,25-29,1.0,69169.0,1.45
41222,Primary and Secondary Syphilis,310.0,New Mexico,2011.0,Female,30-34 years,30-34,1.0,64717.0,1.55
41223,Primary and Secondary Syphilis,310.0,New Mexico,2012.0,Female,15-19 years,15-19,1.0,68952.0,1.45
41224,Primary and Secondary Syphilis,310.0,New Mexico,2012.0,Female,20-24 years,20-24,2.0,72157.0,2.77
41225,Primary and Secondary Syphilis,310.0,New Mexico,2012.0,Female,25-29 years,25-29,3.0,69391.0,4.32
41226,Primary and Secondary Syphilis,310.0,New Mexico,2012.0,Female,30-34 years,30-34,1.0,65867.0,1.52
41227,Primary and Secondary Syphilis,310.0,New Mexico,2012.0,Female,40+ years,40+,2.0,505265.0,0.4
41228,Primary and Secondary Syphilis,310.0,New Mexico,2013.0,Female,15-19 years,15-19,5.0,68376.0,7.31
41229,Primary and Secondary Syphilis,310.0,New Mexico,2013.0,Female,20-24 years,20-24,6.0,73620.0,8.15
41230,Primary and Secondary Syphilis,310.0,New Mexico,2013.0,Female,25-29 years,25-29,3.0,67930.0,4.42
41231,Primary and Secondary Syphilis,310.0,New Mexico,2013.0,Female,30-34 years,30-34,2.0,66994.0,2.99
41232,Primary and Secondary Syphilis,310.0,New Mexico,2013.0,Female,35-39 years,35-39,1.0,59971.0,1.67
41233,Primary and Secondary Syphilis,310.0,New Mexico,2013.0,Female,40+ years,40+,3.0,506506.0,0.59
41234,Primary and Secondary Syphilis,310.0,New Mexico,2014.0,Female,0-14 years,0-14,1.0,208281.0,0.48
41235,Primary and Secondary Syphilis,310.0,New Mexico,2014.0,Female,15-19 years,15-19,3.0,68376.0,4.39
41236,Primary and Secondary Syphilis,310.0,New Mexico,2014.0,Female,20-24 years,20-24,4.0,73620.0,5.43
41237,Primary and Secondary Syphilis,310.0,New Mexico,2014.0,Female,25-29 years,25-29,3.0,67930.0,4.42
41238,Primary and Secondary Syphilis,310.0,New Mexico,2014.0,Female,30-34 years,30-34,1.0,66994.0,1.49
41239,Primary and Secondary Syphilis,310.0,New Mexico,2014.0,Female,35-39 years,35-39,2.0,59971.0,3.33
41240,Primary and Secondary Syphilis,310.0,New York,1996.0,Female,0-14 years,0-14,2.0,1917161.0,0.1
41241,Primary and Secondary Syphilis,310.0,New York,1996.0,Female,15-19 years,15-19,8.0,597971.0,1.34
41242,Primary and Secondary Syphilis,310.0,New York,1996.0,Female,20-24 years,20-24,17.0,598790.0,2.84
41243,Primary and Secondary Syphilis,310.0,New York,1996.0,Female,25-29 years,25-29,15.0,723873.0,2.07
41244,Primary and Secondary Syphilis,310.0,New York,1996.0,Female,30-34 years,30-34,17.0,792683.0,2.14
41245,Primary and Secondary Syphilis,310.0,New York,1996.0,Female,35-39 years,35-39,12.0,795107.0,1.51
41246,Primary and Secondary Syphilis,310.0,New York,1996.0,Female,40+ years,40+,19.0,4212393.0,0.45
41247,Primary and Secondary Syphilis,310.0,New York,1996.0,Female,Unknown,99,2.0,,
41248,Primary and Secondary Syphilis,310.0,New York,1997.0,Female,15-19 years,15-19,4.0,605054.0,0.66
41249,Primary and Secondary Syphilis,310.0,New York,1997.0,Female,20-24 years,20-24,7.0,595286.0,1.18
41250,Primary and Secondary Syphilis,310.0,New York,1997.0,Female,25-29 years,25-29,12.0,714059.0,1.68
41251,Primary and Secondary Syphilis,310.0,New York,1997.0,Female,30-34 years,30-34,10.0,776493.0,1.29
41252,Primary and Secondary Syphilis,310.0,New York,1997.0,Female,35-39 years,35-39,11.0,799504.0,1.38
41253,Primary and Secondary Syphilis,310.0,New York,1997.0,Female,40+ years,40+,12.0,4265043.0,0.28
41254,Primary and Secondary Syphilis,310.0,New York,1998.0,Female,15-19 years,15-19,2.0,613525.0,0.33
41255,Primary and Secondary Syphilis,310.0,New York,1998.0,Female,20-24 years,20-24,2.0,602906.0,0.33
41256,Primary and Secondary Syphilis,310.0,New York,1998.0,Female,25-29 years,25-29,5.0,701437.0,0.71
41257,Primary and Secondary Syphilis,310.0,New York,1998.0,Female,30-34 years,30-34,4.0,760639.0,0.53
41258,Primary and Secondary Syphilis,310.0,New York,1998.0,Female,35-39 years,35-39,8.0,803287.0,1.0
41259,Primary and Secondary Syphilis,310.0,New York,1998.0,Female,40+ years,40+,7.0,4324394.0,0.16
41260,Primary and Secondary Syphilis,310.0,New York,1999.0,Female,15-19 years,15-19,3.0,620076.0,0.48
41261,Primary and Secondary Syphilis,310.0,New York,1999.0,Female,20-24 years,20-24,5.0,613549.0,0.81
41262,Primary and Secondary Syphilis,310.0,New York,1999.0,Female,25-29 years,25-29,5.0,680520.0,0.73
41263,Primary and Secondary Syphilis,310.0,New York,1999.0,Female,30-34 years,30-34,6.0,745879.0,0.8
41264,Primary and Secondary Syphilis,310.0,New York,1999.0,Female,35-39 years,35-39,10.0,801120.0,1.25
41265,Primary and Secondary Syphilis,310.0,New York,1999.0,Female,40+ years,40+,5.0,4406208.0,0.11
41266,Primary and Secondary Syphilis,310.0,New York,2000.0,Female,15-19 years,15-19,1.0,622580.0,0.16
41267,Primary and Secondary Syphilis,310.0,New York,2000.0,Female,20-24 years,20-24,2.0,627810.0,0.32
41268,Primary and Secondary Syphilis,310.0,New York,2000.0,Female,25-29 years,25-29,3.0,662176.0,0.45
41269,Primary and Secondary Syphilis,310.0,New York,2000.0,Female,30-34 years,30-34,1.0,741862.0,0.13
41270,Primary and Secondary Syphilis,310.0,New York,2000.0,Female,35-39 years,35-39,3.0,797770.0,0.38
41271,Primary and Secondary Syphilis,310.0,New York,2000.0,Female,40+ years,40+,2.0,4505647.0,0.04
41272,Primary and Secondary Syphilis,310.0,New York,2001.0,Female,0-14 years,0-14,2.0,1890625.0,0.11
41273,Primary and Secondary Syphilis,310.0,New York,2001.0,Female,15-19 years,15-19,4.0,621870.0,0.64
41274,Primary and Secondary Syphilis,310.0,New York,2001.0,Female,20-24 years,20-24,6.0,631424.0,0.95
41275,Primary and Secondary Syphilis,310.0,New York,2001.0,Female,25-29 years,25-29,2.0,645258.0,0.31
41276,Primary and Secondary Syphilis,310.0,New York,2001.0,Female,30-34 years,30-34,2.0,736848.0,0.27
41277,Primary and Secondary Syphilis,310.0,New York,2001.0,Female,35-39 years,35-39,5.0,788328.0,0.63
41278,Primary and Secondary Syphilis,310.0,New York,2001.0,Female,40+ years,40+,2.0,4562313.0,0.04
41279,Primary and Secondary Syphilis,310.0,New York,2002.0,Female,15-19 years,15-19,2.0,623800.0,0.32
41280,Primary and Secondary Syphilis,310.0,New York,2002.0,Female,20-24 years,20-24,7.0,641502.0,1.09
41281,Primary and Secondary Syphilis,310.0,New York,2002.0,Female,25-29 years,25-29,2.0,640820.0,0.31
41282,Primary and Secondary Syphilis,310.0,New York,2002.0,Female,30-34 years,30-34,6.0,732676.0,0.82
41283,Primary and Secondary Syphilis,310.0,New York,2002.0,Female,35-39 years,35-39,5.0,776924.0,0.64
41284,Primary and Secondary Syphilis,310.0,New York,2002.0,Female,40+ years,40+,4.0,4611562.0,0.09
41285,Primary and Secondary Syphilis,310.0,New York,2003.0,Female,15-19 years,15-19,4.0,623989.0,0.64
41286,Primary and Secondary Syphilis,310.0,New York,2003.0,Female,20-24 years,20-24,3.0,642067.0,0.47
41287,Primary and Secondary Syphilis,310.0,New York,2003.0,Female,25-29 years,25-29,4.0,638451.0,0.63
41288,Primary and Secondary Syphilis,310.0,New York,2003.0,Female,30-34 years,30-34,6.0,712520.0,0.84
41289,Primary and Secondary Syphilis,310.0,New York,2003.0,Female,35-39 years,35-39,2.0,757508.0,0.26
41290,Primary and Secondary Syphilis,310.0,New York,2003.0,Female,40+ years,40+,7.0,4698720.0,0.15
41291,Primary and Secondary Syphilis,310.0,New York,2004.0,Female,15-19 years,15-19,1.0,633458.0,0.16
41292,Primary and Secondary Syphilis,310.0,New York,2004.0,Female,20-24 years,20-24,6.0,638356.0,0.94
41293,Primary and Secondary Syphilis,310.0,New York,2004.0,Female,25-29 years,25-29,6.0,637711.0,0.94
41294,Primary and Secondary Syphilis,310.0,New York,2004.0,Female,30-34 years,30-34,4.0,690080.0,0.58
41295,Primary and Secondary Syphilis,310.0,New York,2004.0,Female,35-39 years,35-39,6.0,735329.0,0.82
41296,Primary and Secondary Syphilis,310.0,New York,2004.0,Female,40+ years,40+,9.0,4735175.0,0.19
41297,Primary and Secondary Syphilis,310.0,New York,2005.0,Female,15-19 years,15-19,3.0,643315.0,0.47
41298,Primary and Secondary Syphilis,310.0,New York,2005.0,Female,20-24 years,20-24,3.0,634156.0,0.47
41299,Primary and Secondary Syphilis,310.0,New York,2005.0,Female,30-34 years,30-34,3.0,666257.0,0.45
41300,Primary and Secondary Syphilis,310.0,New York,2005.0,Female,35-39 years,35-39,5.0,724764.0,0.69
41301,Primary and Secondary Syphilis,310.0,New York,2005.0,Female,40+ years,40+,14.0,4788995.0,0.29
41302,Primary and Secondary Syphilis,310.0,New York,2006.0,Female,15-19 years,15-19,3.0,677708.0,0.44
41303,Primary and Secondary Syphilis,310.0,New York,2006.0,Female,20-24 years,20-24,4.0,679094.0,0.59
41304,Primary and Secondary Syphilis,310.0,New York,2006.0,Female,25-29 years,25-29,7.0,635746.0,1.1
41305,Primary and Secondary Syphilis,310.0,New York,2006.0,Female,30-34 years,30-34,4.0,635895.0,0.63
41306,Primary and Secondary Syphilis,310.0,New York,2006.0,Female,35-39 years,35-39,2.0,707838.0,0.28
41307,Primary and Secondary Syphilis,310.0,New York,2006.0,Female,40+ years,40+,9.0,4808277.0,0.19
41308,Primary and Secondary Syphilis,310.0,New York,2007.0,Female,15-19 years,15-19,7.0,683829.0,1.02
41309,Primary and Secondary Syphilis,310.0,New York,2007.0,Female,20-24 years,20-24,9.0,692597.0,1.3
41310,Primary and Secondary Syphilis,310.0,New York,2007.0,Female,25-29 years,25-29,6.0,633813.0,0.95
41311,Primary and Secondary Syphilis,310.0,New York,2007.0,Female,30-34 years,30-34,3.0,626852.0,0.48
41312,Primary and Secondary Syphilis,310.0,New York,2007.0,Female,40+ years,40+,7.0,4846083.0,0.14
41313,Primary and Secondary Syphilis,310.0,New York,2008.0,Female,0-14 years,0-14,2.0,1761261.0,0.11
41314,Primary and Secondary Syphilis,310.0,New York,2008.0,Female,15-19 years,15-19,9.0,686495.0,1.31
41315,Primary and Secondary Syphilis,310.0,New York,2008.0,Female,20-24 years,20-24,15.0,697167.0,2.15
41316,Primary and Secondary Syphilis,310.0,New York,2008.0,Female,25-29 years,25-29,9.0,651570.0,1.38
41317,Primary and Secondary Syphilis,310.0,New York,2008.0,Female,30-34 years,30-34,5.0,625428.0,0.8
41318,Primary and Secondary Syphilis,310.0,New York,2008.0,Female,35-39 years,35-39,6.0,682431.0,0.88
41319,Primary and Secondary Syphilis,310.0,New York,2008.0,Female,40+ years,40+,6.0,4923882.0,0.12
41320,Primary and Secondary Syphilis,310.0,New York,2009.0,Female,15-19 years,15-19,9.0,667979.0,1.35
41321,Primary and Secondary Syphilis,310.0,New York,2009.0,Female,20-24 years,20-24,15.0,668847.0,2.24
41322,Primary and Secondary Syphilis,310.0,New York,2009.0,Female,25-29 years,25-29,7.0,676045.0,1.04
41323,Primary and Secondary Syphilis,310.0,New York,2009.0,Female,30-34 years,30-34,9.0,641219.0,1.4
41324,Primary and Secondary Syphilis,310.0,New York,2009.0,Female,35-39 years,35-39,7.0,657855.0,1.06
41325,Primary and Secondary Syphilis,310.0,New York,2009.0,Female,40+ years,40+,8.0,4953347.0,0.16
41326,Primary and Secondary Syphilis,310.0,New York,2010.0,Female,15-19 years,15-19,13.0,666730.0,1.95
41327,Primary and Secondary Syphilis,310.0,New York,2010.0,Female,20-24 years,20-24,8.0,698933.0,1.14
41328,Primary and Secondary Syphilis,310.0,New York,2010.0,Female,25-29 years,25-29,7.0,699974.0,1.0
41329,Primary and Secondary Syphilis,310.0,New York,2010.0,Female,30-34 years,30-34,6.0,649401.0,0.92
41330,Primary and Secondary Syphilis,310.0,New York,2010.0,Female,35-39 years,35-39,3.0,640349.0,0.47
41331,Primary and Secondary Syphilis,310.0,New York,2010.0,Female,40+ years,40+,10.0,4918819.0,0.2
41332,Primary and Secondary Syphilis,310.0,New York,2011.0,Female,15-19 years,15-19,6.0,646710.0,0.93
41333,Primary and Secondary Syphilis,310.0,New York,2011.0,Female,20-24 years,20-24,9.0,708276.0,1.27
41334,Primary and Secondary Syphilis,310.0,New York,2011.0,Female,25-29 years,25-29,4.0,707766.0,0.57
41335,Primary and Secondary Syphilis,310.0,New York,2011.0,Female,30-34 years,30-34,7.0,663888.0,1.05
41336,Primary and Secondary Syphilis,310.0,New York,2011.0,Female,35-39 years,35-39,5.0,618340.0,0.81
41337,Primary and Secondary Syphilis,310.0,New York,2011.0,Female,40+ years,40+,6.0,4970078.0,0.12
41338,Primary and Secondary Syphilis,310.0,New York,2012.0,Female,0-14 years,0-14,1.0,1714620.0,0.06
41339,Primary and Secondary Syphilis,310.0,New York,2012.0,Female,15-19 years,15-19,7.0,640786.0,1.09
41340,Primary and Secondary Syphilis,310.0,New York,2012.0,Female,20-24 years,20-24,13.0,712666.0,1.82
41341,Primary and Secondary Syphilis,310.0,New York,2012.0,Female,25-29 years,25-29,7.0,716659.0,0.98
41342,Primary and Secondary Syphilis,310.0,New York,2012.0,Female,30-34 years,30-34,7.0,674177.0,1.04
41343,Primary and Secondary Syphilis,310.0,New York,2012.0,Female,35-39 years,35-39,3.0,615883.0,0.49
41344,Primary and Secondary Syphilis,310.0,New York,2012.0,Female,40+ years,40+,7.0,5006253.0,0.14
41345,Primary and Secondary Syphilis,310.0,New York,2013.0,Female,0-14 years,0-14,1.0,1711258.0,0.06
41346,Primary and Secondary Syphilis,310.0,New York,2013.0,Female,15-19 years,15-19,6.0,627830.0,0.96
41347,Primary and Secondary Syphilis,310.0,New York,2013.0,Female,20-24 years,20-24,9.0,713418.0,1.26
41348,Primary and Secondary Syphilis,310.0,New York,2013.0,Female,25-29 years,25-29,12.0,724576.0,1.66
41349,Primary and Secondary Syphilis,310.0,New York,2013.0,Female,30-34 years,30-34,4.0,686140.0,0.58
41350,Primary and Secondary Syphilis,310.0,New York,2013.0,Female,35-39 years,35-39,4.0,620055.0,0.65
41351,Primary and Secondary Syphilis,310.0,New York,2013.0,Female,40+ years,40+,8.0,5031657.0,0.16
41352,Primary and Secondary Syphilis,310.0,New York,2014.0,Female,15-19 years,15-19,7.0,627830.0,1.11
41353,Primary and Secondary Syphilis,310.0,New York,2014.0,Female,20-24 years,20-24,12.0,713418.0,1.68
41354,Primary and Secondary Syphilis,310.0,New York,2014.0,Female,25-29 years,25-29,8.0,724576.0,1.1
41355,Primary and Secondary Syphilis,310.0,New York,2014.0,Female,30-34 years,30-34,10.0,686140.0,1.46
41356,Primary and Secondary Syphilis,310.0,New York,2014.0,Female,35-39 years,35-39,4.0,620055.0,0.65
41357,Primary and Secondary Syphilis,310.0,New York,2014.0,Female,40+ years,40+,8.0,5031657.0,0.16
41358,Primary and Secondary Syphilis,310.0,North Carolina,1996.0,Female,0-14 years,0-14,2.0,746253.0,0.27
41359,Primary and Secondary Syphilis,310.0,North Carolina,1996.0,Female,15-19 years,15-19,53.0,245385.0,21.6
41360,Primary and Secondary Syphilis,310.0,North Carolina,1996.0,Female,20-24 years,20-24,98.0,258784.0,37.87
41361,Primary and Secondary Syphilis,310.0,North Carolina,1996.0,Female,25-29 years,25-29,86.0,303923.0,28.3
41362,Primary and Secondary Syphilis,310.0,North Carolina,1996.0,Female,30-34 years,30-34,110.0,302812.0,36.33
41363,Primary and Secondary Syphilis,310.0,North Carolina,1996.0,Female,35-39 years,35-39,69.0,317376.0,21.74
41364,Primary and Secondary Syphilis,310.0,North Carolina,1996.0,Female,40+ years,40+,57.0,1675783.0,3.4
41365,Primary and Secondary Syphilis,310.0,North Carolina,1996.0,Female,Unknown,99,5.0,,
41366,Primary and Secondary Syphilis,310.0,North Carolina,1997.0,Female,0-14 years,0-14,2.0,762221.0,0.26
41367,Primary and Secondary Syphilis,310.0,North Carolina,1997.0,Female,15-19 years,15-19,32.0,251040.0,12.75
41368,Primary and Secondary Syphilis,310.0,North Carolina,1997.0,Female,20-24 years,20-24,53.0,258303.0,20.52
41369,Primary and Secondary Syphilis,310.0,North Carolina,1997.0,Female,25-29 years,25-29,58.0,308645.0,18.79
41370,Primary and Secondary Syphilis,310.0,North Carolina,1997.0,Female,30-34 years,30-34,83.0,299937.0,27.67
41371,Primary and Secondary Syphilis,310.0,North Carolina,1997.0,Female,35-39 years,35-39,68.0,322038.0,21.12
41372,Primary and Secondary Syphilis,310.0,North Carolina,1997.0,Female,40+ years,40+,50.0,1723353.0,2.9
41373,Primary and Secondary Syphilis,310.0,North Carolina,1997.0,Female,Unknown,99,3.0,,
41374,Primary and Secondary Syphilis,310.0,North Carolina,1998.0,Female,0-14 years,0-14,6.0,776562.0,0.77
41375,Primary and Secondary Syphilis,310.0,North Carolina,1998.0,Female,15-19 years,15-19,32.0,256256.0,12.49
41376,Primary and Secondary Syphilis,310.0,North Carolina,1998.0,Female,20-24 years,20-24,43.0,263301.0,16.33
41377,Primary and Secondary Syphilis,310.0,North Carolina,1998.0,Female,25-29 years,25-29,69.0,307394.0,22.45
41378,Primary and Secondary Syphilis,310.0,North Carolina,1998.0,Female,30-34 years,30-34,73.0,299122.0,24.4
41379,Primary and Secondary Syphilis,310.0,North Carolina,1998.0,Female,35-39 years,35-39,52.0,326547.0,15.92
41380,Primary and Secondary Syphilis,310.0,North Carolina,1998.0,Female,40+ years,40+,65.0,1770069.0,3.67
41381,Primary and Secondary Syphilis,310.0,North Carolina,1998.0,Female,Unknown,99,7.0,,
41382,Primary and Secondary Syphilis,310.0,North Carolina,1999.0,Female,15-19 years,15-19,23.0,259279.0,8.87
41383,Primary and Secondary Syphilis,310.0,North Carolina,1999.0,Female,20-24 years,20-24,24.0,269222.0,8.91
41384,Primary and Secondary Syphilis,310.0,North Carolina,1999.0,Female,25-29 years,25-29,36.0,301053.0,11.96
41385,Primary and Secondary Syphilis,310.0,North Carolina,1999.0,Female,30-34 years,30-34,43.0,300053.0,14.33
41386,Primary and Secondary Syphilis,310.0,North Carolina,1999.0,Female,35-39 years,35-39,39.0,329526.0,11.84
41387,Primary and Secondary Syphilis,310.0,North Carolina,1999.0,Female,40+ years,40+,33.0,1809930.0,1.82
41388,Primary and Secondary Syphilis,310.0,North Carolina,1999.0,Female,Unknown,99,4.0,,
41389,Primary and Secondary Syphilis,310.0,North Carolina,2000.0,Female,0-14 years,0-14,2.0,823886.0,0.24
41390,Primary and Secondary Syphilis,310.0,North Carolina,2000.0,Female,15-19 years,15-19,22.0,262292.0,8.39
41391,Primary and Secondary Syphilis,310.0,North Carolina,2000.0,Female,20-24 years,20-24,34.0,274738.0,12.38
41392,Primary and Secondary Syphilis,310.0,North Carolina,2000.0,Female,25-29 years,25-29,42.0,290046.0,14.48
41393,Primary and Secondary Syphilis,310.0,North Carolina,2000.0,Female,30-34 years,30-34,39.0,303023.0,12.87
41394,Primary and Secondary Syphilis,310.0,North Carolina,2000.0,Female,35-39 years,35-39,49.0,326552.0,15.01
41395,Primary and Secondary Syphilis,310.0,North Carolina,2000.0,Female,40+ years,40+,46.0,1841618.0,2.5
41396,Primary and Secondary Syphilis,310.0,North Carolina,2001.0,Female,0-14 years,0-14,1.0,834312.0,0.12
41397,Primary and Secondary Syphilis,310.0,North Carolina,2001.0,Female,15-19 years,15-19,24.0,260724.0,9.21
41398,Primary and Secondary Syphilis,310.0,North Carolina,2001.0,Female,20-24 years,20-24,25.0,281500.0,8.88
41399,Primary and Secondary Syphilis,310.0,North Carolina,2001.0,Female,25-29 years,25-29,23.0,283911.0,8.1
41400,Primary and Secondary Syphilis,310.0,North Carolina,2001.0,Female,30-34 years,30-34,35.0,310602.0,11.27
41401,Primary and Secondary Syphilis,310.0,North Carolina,2001.0,Female,35-39 years,35-39,39.0,325311.0,11.99
41402,Primary and Secondary Syphilis,310.0,North Carolina,2001.0,Female,40+ years,40+,44.0,1887849.0,2.33
41403,Primary and Secondary Syphilis,310.0,North Carolina,2002.0,Female,0-14 years,0-14,1.0,850088.0,0.12
41404,Primary and Secondary Syphilis,310.0,North Carolina,2002.0,Female,15-19 years,15-19,16.0,263359.0,6.08
41405,Primary and Secondary Syphilis,310.0,North Carolina,2002.0,Female,20-24 years,20-24,17.0,285066.0,5.96
41406,Primary and Secondary Syphilis,310.0,North Carolina,2002.0,Female,25-29 years,25-29,13.0,280082.0,4.64
41407,Primary and Secondary Syphilis,310.0,North Carolina,2002.0,Female,30-34 years,30-34,19.0,314672.0,6.04
41408,Primary and Secondary Syphilis,310.0,North Carolina,2002.0,Female,35-39 years,35-39,23.0,321730.0,7.15
41409,Primary and Secondary Syphilis,310.0,North Carolina,2002.0,Female,40+ years,40+,26.0,1923629.0,1.35
41410,Primary and Secondary Syphilis,310.0,North Carolina,2003.0,Female,15-19 years,15-19,8.0,268638.0,2.98
41411,Primary and Secondary Syphilis,310.0,North Carolina,2003.0,Female,20-24 years,20-24,4.0,286234.0,1.4
41412,Primary and Secondary Syphilis,310.0,North Carolina,2003.0,Female,25-29 years,25-29,5.0,285812.0,1.75
41413,Primary and Secondary Syphilis,310.0,North Carolina,2003.0,Female,30-34 years,30-34,10.0,312822.0,3.2
41414,Primary and Secondary Syphilis,310.0,North Carolina,2003.0,Female,35-39 years,35-39,8.0,314154.0,2.55
41415,Primary and Secondary Syphilis,310.0,North Carolina,2003.0,Female,40+ years,40+,12.0,1953057.0,0.61
41416,Primary and Secondary Syphilis,310.0,North Carolina,2004.0,Female,15-19 years,15-19,2.0,277742.0,0.72
41417,Primary and Secondary Syphilis,310.0,North Carolina,2004.0,Female,20-24 years,20-24,10.0,285710.0,3.5
41418,Primary and Secondary Syphilis,310.0,North Carolina,2004.0,Female,25-29 years,25-29,5.0,291776.0,1.71
41419,Primary and Secondary Syphilis,310.0,North Carolina,2004.0,Female,30-34 years,30-34,5.0,312428.0,1.6
41420,Primary and Secondary Syphilis,310.0,North Carolina,2004.0,Female,35-39 years,35-39,6.0,311961.0,1.92
41421,Primary and Secondary Syphilis,310.0,North Carolina,2004.0,Female,40+ years,40+,20.0,1996481.0,1.0
41422,Primary and Secondary Syphilis,310.0,North Carolina,2005.0,Female,15-19 years,15-19,5.0,287312.0,1.74
41423,Primary and Secondary Syphilis,310.0,North Carolina,2005.0,Female,20-24 years,20-24,10.0,284484.0,3.52
41424,Primary and Secondary Syphilis,310.0,North Carolina,2005.0,Female,25-29 years,25-29,5.0,299611.0,1.67
41425,Primary and Secondary Syphilis,310.0,North Carolina,2005.0,Female,30-34 years,30-34,3.0,308606.0,0.97
41426,Primary and Secondary Syphilis,310.0,North Carolina,2005.0,Female,35-39 years,35-39,12.0,316121.0,3.8
41427,Primary and Secondary Syphilis,310.0,North Carolina,2005.0,Female,40+ years,40+,23.0,2044764.0,1.12
41428,Primary and Secondary Syphilis,310.0,North Carolina,2006.0,Female,15-19 years,15-19,9.0,295912.0,3.04
41429,Primary and Secondary Syphilis,310.0,North Carolina,2006.0,Female,20-24 years,20-24,12.0,282668.0,4.25
41430,Primary and Secondary Syphilis,310.0,North Carolina,2006.0,Female,25-29 years,25-29,7.0,302124.0,2.32
41431,Primary and Secondary Syphilis,310.0,North Carolina,2006.0,Female,30-34 years,30-34,9.0,305619.0,2.94
41432,Primary and Secondary Syphilis,310.0,North Carolina,2006.0,Female,35-39 years,35-39,8.0,327368.0,2.44
41433,Primary and Secondary Syphilis,310.0,North Carolina,2006.0,Female,40+ years,40+,22.0,2132264.0,1.03
41434,Primary and Secondary Syphilis,310.0,North Carolina,2007.0,Female,15-19 years,15-19,1.0,302427.0,0.33
41435,Primary and Secondary Syphilis,310.0,North Carolina,2007.0,Female,20-24 years,20-24,17.0,290480.0,5.85
41436,Primary and Secondary Syphilis,310.0,North Carolina,2007.0,Female,25-29 years,25-29,5.0,307106.0,1.63
41437,Primary and Secondary Syphilis,310.0,North Carolina,2007.0,Female,30-34 years,30-34,7.0,306661.0,2.28
41438,Primary and Secondary Syphilis,310.0,North Carolina,2007.0,Female,35-39 years,35-39,8.0,335668.0,2.38
41439,Primary and Secondary Syphilis,310.0,North Carolina,2007.0,Female,40+ years,40+,22.0,2191235.0,1.0
41440,Primary and Secondary Syphilis,310.0,North Carolina,2008.0,Female,0-14 years,0-14,1.0,913205.0,0.11
41441,Primary and Secondary Syphilis,310.0,North Carolina,2008.0,Female,15-19 years,15-19,4.0,306177.0,1.31
41442,Primary and Secondary Syphilis,310.0,North Carolina,2008.0,Female,20-24 years,20-24,8.0,294847.0,2.71
41443,Primary and Secondary Syphilis,310.0,North Carolina,2008.0,Female,25-29 years,25-29,6.0,309204.0,1.94
41444,Primary and Secondary Syphilis,310.0,North Carolina,2008.0,Female,30-34 years,30-34,8.0,308716.0,2.59
41445,Primary and Secondary Syphilis,310.0,North Carolina,2008.0,Female,35-39 years,35-39,3.0,337749.0,0.89
41446,Primary and Secondary Syphilis,310.0,North Carolina,2008.0,Female,40+ years,40+,14.0,2235529.0,0.63
41447,Primary and Secondary Syphilis,310.0,North Carolina,2009.0,Female,15-19 years,15-19,13.0,313702.0,4.14
41448,Primary and Secondary Syphilis,310.0,North Carolina,2009.0,Female,20-24 years,20-24,33.0,315417.0,10.46
41449,Primary and Secondary Syphilis,310.0,North Carolina,2009.0,Female,25-29 years,25-29,20.0,312056.0,6.41
41450,Primary and Secondary Syphilis,310.0,North Carolina,2009.0,Female,30-34 years,30-34,14.0,306767.0,4.56
41451,Primary and Secondary Syphilis,310.0,North Carolina,2009.0,Female,35-39 years,35-39,11.0,333088.0,3.3
41452,Primary and Secondary Syphilis,310.0,North Carolina,2009.0,Female,40+ years,40+,17.0,2278237.0,0.75
41453,Primary and Secondary Syphilis,310.0,North Carolina,2010.0,Female,0-14 years,0-14,1.0,928523.0,0.11
41454,Primary and Secondary Syphilis,310.0,North Carolina,2010.0,Female,15-19 years,15-19,6.0,321320.0,1.87
41455,Primary and Secondary Syphilis,310.0,North Carolina,2010.0,Female,20-24 years,20-24,13.0,324925.0,4.0
41456,Primary and Secondary Syphilis,310.0,North Carolina,2010.0,Female,25-29 years,25-29,8.0,315537.0,2.54
41457,Primary and Secondary Syphilis,310.0,North Carolina,2010.0,Female,30-34 years,30-34,6.0,314750.0,1.91
41458,Primary and Secondary Syphilis,310.0,North Carolina,2010.0,Female,35-39 years,35-39,6.0,335162.0,1.79
41459,Primary and Secondary Syphilis,310.0,North Carolina,2010.0,Female,40+ years,40+,15.0,2349774.0,0.64
41460,Primary and Secondary Syphilis,310.0,North Carolina,2011.0,Female,0-14 years,0-14,1.0,933810.0,0.11
41461,Primary and Secondary Syphilis,310.0,North Carolina,2011.0,Female,15-19 years,15-19,4.0,317555.0,1.26
41462,Primary and Secondary Syphilis,310.0,North Carolina,2011.0,Female,20-24 years,20-24,8.0,333614.0,2.4
41463,Primary and Secondary Syphilis,310.0,North Carolina,2011.0,Female,25-29 years,25-29,7.0,317867.0,2.2
41464,Primary and Secondary Syphilis,310.0,North Carolina,2011.0,Female,30-34 years,30-34,4.0,320476.0,1.25
41465,Primary and Secondary Syphilis,310.0,North Carolina,2011.0,Female,35-39 years,35-39,2.0,323367.0,0.62
41466,Primary and Secondary Syphilis,310.0,North Carolina,2011.0,Female,40+ years,40+,5.0,2405990.0,0.21
41467,Primary and Secondary Syphilis,310.0,North Carolina,2012.0,Female,15-19 years,15-19,6.0,316767.0,1.89
41468,Primary and Secondary Syphilis,310.0,North Carolina,2012.0,Female,20-24 years,20-24,12.0,338887.0,3.54
41469,Primary and Secondary Syphilis,310.0,North Carolina,2012.0,Female,25-29 years,25-29,7.0,317764.0,2.2
41470,Primary and Secondary Syphilis,310.0,North Carolina,2012.0,Female,30-34 years,30-34,4.0,322589.0,1.24
41471,Primary and Secondary Syphilis,310.0,North Carolina,2012.0,Female,35-39 years,35-39,4.0,319016.0,1.25
41472,Primary and Secondary Syphilis,310.0,North Carolina,2012.0,Female,40+ years,40+,4.0,2449281.0,0.16
41473,Primary and Secondary Syphilis,310.0,North Carolina,2013.0,Female,15-19 years,15-19,4.0,317166.0,1.26
41474,Primary and Secondary Syphilis,310.0,North Carolina,2013.0,Female,20-24 years,20-24,10.0,341902.0,2.92
41475,Primary and Secondary Syphilis,310.0,North Carolina,2013.0,Female,25-29 years,25-29,4.0,321563.0,1.24
41476,Primary and Secondary Syphilis,310.0,North Carolina,2013.0,Female,30-34 years,30-34,4.0,323446.0,1.24
41477,Primary and Secondary Syphilis,310.0,North Carolina,2013.0,Female,35-39 years,35-39,4.0,318005.0,1.26
41478,Primary and Secondary Syphilis,310.0,North Carolina,2013.0,Female,40+ years,40+,10.0,2491562.0,0.4
41479,Primary and Secondary Syphilis,310.0,North Carolina,2014.0,Female,15-19 years,15-19,4.0,317166.0,1.26
41480,Primary and Secondary Syphilis,310.0,North Carolina,2014.0,Female,20-24 years,20-24,24.0,341902.0,7.02
41481,Primary and Secondary Syphilis,310.0,North Carolina,2014.0,Female,25-29 years,25-29,11.0,321563.0,3.42
41482,Primary and Secondary Syphilis,310.0,North Carolina,2014.0,Female,30-34 years,30-34,8.0,323446.0,2.47
41483,Primary and Secondary Syphilis,310.0,North Carolina,2014.0,Female,35-39 years,35-39,6.0,318005.0,1.89
41484,Primary and Secondary Syphilis,310.0,North Carolina,2014.0,Female,40+ years,40+,15.0,2491562.0,0.6
41485,Primary and Secondary Syphilis,310.0,North Dakota,2009.0,Female,20-24 years,20-24,1.0,30253.0,3.31
41486,Primary and Secondary Syphilis,310.0,North Dakota,2010.0,Female,25-29 years,25-29,1.0,23145.0,4.32
41487,Primary and Secondary Syphilis,310.0,North Dakota,2013.0,Female,20-24 years,20-24,1.0,31587.0,3.17
41488,Primary and Secondary Syphilis,310.0,North Dakota,2014.0,Female,20-24 years,20-24,2.0,31587.0,6.33
41489,Primary and Secondary Syphilis,310.0,North Dakota,2014.0,Female,25-29 years,25-29,1.0,24584.0,4.07
41490,Primary and Secondary Syphilis,310.0,North Dakota,2014.0,Female,35-39 years,35-39,1.0,18998.0,5.26
41491,Primary and Secondary Syphilis,310.0,North Dakota,2014.0,Female,40+ years,40+,1.0,164654.0,0.61
41492,Primary and Secondary Syphilis,310.0,Ohio,1996.0,Female,0-14 years,0-14,2.0,1167517.0,0.17
41493,Primary and Secondary Syphilis,310.0,Ohio,1996.0,Female,15-19 years,15-19,46.0,393784.0,11.68
41494,Primary and Secondary Syphilis,310.0,Ohio,1996.0,Female,20-24 years,20-24,54.0,367606.0,14.69
41495,Primary and Secondary Syphilis,310.0,Ohio,1996.0,Female,25-29 years,25-29,62.0,396676.0,15.63
41496,Primary and Secondary Syphilis,310.0,Ohio,1996.0,Female,30-34 years,30-34,54.0,430871.0,12.53
41497,Primary and Secondary Syphilis,310.0,Ohio,1996.0,Female,35-39 years,35-39,35.0,476689.0,7.34
41498,Primary and Secondary Syphilis,310.0,Ohio,1996.0,Female,40+ years,40+,34.0,2564621.0,1.33
41499,Primary and Secondary Syphilis,310.0,Ohio,1997.0,Female,0-14 years,0-14,2.0,1170715.0,0.17
41500,Primary and Secondary Syphilis,310.0,Ohio,1997.0,Female,15-19 years,15-19,14.0,399757.0,3.5
41501,Primary and Secondary Syphilis,310.0,Ohio,1997.0,Female,20-24 years,20-24,28.0,361292.0,7.75
41502,Primary and Secondary Syphilis,310.0,Ohio,1997.0,Female,25-29 years,25-29,16.0,393807.0,4.06
41503,Primary and Secondary Syphilis,310.0,Ohio,1997.0,Female,30-34 years,30-34,11.0,416436.0,2.64
41504,Primary and Secondary Syphilis,310.0,Ohio,1997.0,Female,35-39 years,35-39,17.0,470552.0,3.61
41505,Primary and Secondary Syphilis,310.0,Ohio,1997.0,Female,40+ years,40+,13.0,2599746.0,0.5
41506,Primary and Secondary Syphilis,310.0,Ohio,1998.0,Female,15-19 years,15-19,12.0,403714.0,2.97
41507,Primary and Secondary Syphilis,310.0,Ohio,1998.0,Female,20-24 years,20-24,19.0,360683.0,5.27
41508,Primary and Secondary Syphilis,310.0,Ohio,1998.0,Female,25-29 years,25-29,12.0,387494.0,3.1
41509,Primary and Secondary Syphilis,310.0,Ohio,1998.0,Female,30-34 years,30-34,11.0,405212.0,2.71
41510,Primary and Secondary Syphilis,310.0,Ohio,1998.0,Female,35-39 years,35-39,8.0,462044.0,1.73
41511,Primary and Secondary Syphilis,310.0,Ohio,1998.0,Female,40+ years,40+,10.0,2637001.0,0.38
41512,Primary and Secondary Syphilis,310.0,Ohio,1999.0,Female,15-19 years,15-19,3.0,402533.0,0.75
41513,Primary and Secondary Syphilis,310.0,Ohio,1999.0,Female,20-24 years,20-24,6.0,362732.0,1.65
41514,Primary and Secondary Syphilis,310.0,Ohio,1999.0,Female,25-29 years,25-29,10.0,377529.0,2.65
41515,Primary and Secondary Syphilis,310.0,Ohio,1999.0,Female,30-34 years,30-34,11.0,396443.0,2.77
41516,Primary and Secondary Syphilis,310.0,Ohio,1999.0,Female,35-39 years,35-39,4.0,454500.0,0.88
41517,Primary and Secondary Syphilis,310.0,Ohio,1999.0,Female,40+ years,40+,9.0,2668425.0,0.34
41518,Primary and Secondary Syphilis,310.0,Ohio,2000.0,Female,0-14 years,0-14,1.0,1166011.0,0.09
41519,Primary and Secondary Syphilis,310.0,Ohio,2000.0,Female,15-19 years,15-19,6.0,399817.0,1.5
41520,Primary and Secondary Syphilis,310.0,Ohio,2000.0,Female,20-24 years,20-24,5.0,368999.0,1.36
41521,Primary and Secondary Syphilis,310.0,Ohio,2000.0,Female,25-29 years,25-29,5.0,365659.0,1.37
41522,Primary and Secondary Syphilis,310.0,Ohio,2000.0,Female,30-34 years,30-34,4.0,395193.0,1.01
41523,Primary and Secondary Syphilis,310.0,Ohio,2000.0,Female,35-39 years,35-39,1.0,445176.0,0.22
41524,Primary and Secondary Syphilis,310.0,Ohio,2000.0,Female,40+ years,40+,4.0,2704602.0,0.15
41525,Primary and Secondary Syphilis,310.0,Ohio,2001.0,Female,0-14 years,0-14,1.0,1166779.0,0.09
41526,Primary and Secondary Syphilis,310.0,Ohio,2001.0,Female,15-19 years,15-19,2.0,397548.0,0.5
41527,Primary and Secondary Syphilis,310.0,Ohio,2001.0,Female,20-24 years,20-24,4.0,379189.0,1.05
41528,Primary and Secondary Syphilis,310.0,Ohio,2001.0,Female,25-29 years,25-29,4.0,353223.0,1.13
41529,Primary and Secondary Syphilis,310.0,Ohio,2001.0,Female,30-34 years,30-34,4.0,395233.0,1.01
41530,Primary and Secondary Syphilis,310.0,Ohio,2001.0,Female,35-39 years,35-39,7.0,431935.0,1.62
41531,Primary and Secondary Syphilis,310.0,Ohio,2001.0,Female,40+ years,40+,4.0,2731502.0,0.15
41532,Primary and Secondary Syphilis,310.0,Ohio,2002.0,Female,0-14 years,0-14,1.0,1167428.0,0.09
41533,Primary and Secondary Syphilis,310.0,Ohio,2002.0,Female,15-19 years,15-19,8.0,396932.0,2.02
41534,Primary and Secondary Syphilis,310.0,Ohio,2002.0,Female,20-24 years,20-24,8.0,389122.0,2.06
41535,Primary and Secondary Syphilis,310.0,Ohio,2002.0,Female,25-29 years,25-29,1.0,347302.0,0.29
41536,Primary and Secondary Syphilis,310.0,Ohio,2002.0,Female,30-34 years,30-34,2.0,394532.0,0.51
41537,Primary and Secondary Syphilis,310.0,Ohio,2002.0,Female,35-39 years,35-39,2.0,418867.0,0.48
41538,Primary and Secondary Syphilis,310.0,Ohio,2002.0,Female,40+ years,40+,5.0,2753900.0,0.18
41539,Primary and Secondary Syphilis,310.0,Ohio,2003.0,Female,15-19 years,15-19,5.0,395374.0,1.26
41540,Primary and Secondary Syphilis,310.0,Ohio,2003.0,Female,20-24 years,20-24,10.0,395697.0,2.53
41541,Primary and Secondary Syphilis,310.0,Ohio,2003.0,Female,25-29 years,25-29,7.0,347662.0,2.01
41542,Primary and Secondary Syphilis,310.0,Ohio,2003.0,Female,30-34 years,30-34,3.0,385064.0,0.78
41543,Primary and Secondary Syphilis,310.0,Ohio,2003.0,Female,35-39 years,35-39,5.0,406969.0,1.23
41544,Primary and Secondary Syphilis,310.0,Ohio,2003.0,Female,40+ years,40+,10.0,2799999.0,0.36
41545,Primary and Secondary Syphilis,310.0,Ohio,2004.0,Female,15-19 years,15-19,8.0,397224.0,2.01
41546,Primary and Secondary Syphilis,310.0,Ohio,2004.0,Female,20-24 years,20-24,13.0,396470.0,3.28
41547,Primary and Secondary Syphilis,310.0,Ohio,2004.0,Female,25-29 years,25-29,10.0,354925.0,2.82
41548,Primary and Secondary Syphilis,310.0,Ohio,2004.0,Female,30-34 years,30-34,10.0,376674.0,2.65
41549,Primary and Secondary Syphilis,310.0,Ohio,2004.0,Female,35-39 years,35-39,10.0,397913.0,2.51
41550,Primary and Secondary Syphilis,310.0,Ohio,2004.0,Female,40+ years,40+,10.0,2833828.0,0.35
41551,Primary and Secondary Syphilis,310.0,Ohio,2005.0,Female,0-14 years,0-14,1.0,1108718.0,0.09
41552,Primary and Secondary Syphilis,310.0,Ohio,2005.0,Female,15-19 years,15-19,6.0,398166.0,1.51
41553,Primary and Secondary Syphilis,310.0,Ohio,2005.0,Female,20-24 years,20-24,11.0,392892.0,2.8
41554,Primary and Secondary Syphilis,310.0,Ohio,2005.0,Female,25-29 years,25-29,4.0,363322.0,1.1
41555,Primary and Secondary Syphilis,310.0,Ohio,2005.0,Female,30-34 years,30-34,7.0,364582.0,1.92
41556,Primary and Secondary Syphilis,310.0,Ohio,2005.0,Female,35-39 years,35-39,2.0,392929.0,0.51
41557,Primary and Secondary Syphilis,310.0,Ohio,2005.0,Female,40+ years,40+,8.0,2855826.0,0.28
41558,Primary and Secondary Syphilis,310.0,Ohio,2005.0,Female,Unknown,99,1.0,,
41559,Primary and Secondary Syphilis,310.0,Ohio,2006.0,Female,15-19 years,15-19,1.0,396845.0,0.25
41560,Primary and Secondary Syphilis,310.0,Ohio,2006.0,Female,20-24 years,20-24,10.0,384607.0,2.6
41561,Primary and Secondary Syphilis,310.0,Ohio,2006.0,Female,25-29 years,25-29,7.0,378768.0,1.85
41562,Primary and Secondary Syphilis,310.0,Ohio,2006.0,Female,30-34 years,30-34,6.0,351005.0,1.71
41563,Primary and Secondary Syphilis,310.0,Ohio,2006.0,Female,35-39 years,35-39,6.0,390283.0,1.54
41564,Primary and Secondary Syphilis,310.0,Ohio,2006.0,Female,40+ years,40+,13.0,2868864.0,0.45
41565,Primary and Secondary Syphilis,310.0,Ohio,2007.0,Female,15-19 years,15-19,3.0,395973.0,0.76
41566,Primary and Secondary Syphilis,310.0,Ohio,2007.0,Female,20-24 years,20-24,9.0,376514.0,2.39
41567,Primary and Secondary Syphilis,310.0,Ohio,2007.0,Female,25-29 years,25-29,5.0,385679.0,1.3
41568,Primary and Secondary Syphilis,310.0,Ohio,2007.0,Female,30-34 years,30-34,1.0,344751.0,0.29
41569,Primary and Secondary Syphilis,310.0,Ohio,2007.0,Female,35-39 years,35-39,4.0,388439.0,1.03
41570,Primary and Secondary Syphilis,310.0,Ohio,2007.0,Female,40+ years,40+,6.0,2882683.0,0.21
41571,Primary and Secondary Syphilis,310.0,Ohio,2008.0,Female,0-14 years,0-14,1.0,1095455.0,0.09
41572,Primary and Secondary Syphilis,310.0,Ohio,2008.0,Female,15-19 years,15-19,12.0,395164.0,3.04
41573,Primary and Secondary Syphilis,310.0,Ohio,2008.0,Female,20-24 years,20-24,12.0,376414.0,3.19
41574,Primary and Secondary Syphilis,310.0,Ohio,2008.0,Female,25-29 years,25-29,9.0,385731.0,2.33
41575,Primary and Secondary Syphilis,310.0,Ohio,2008.0,Female,30-34 years,30-34,11.0,344542.0,3.19
41576,Primary and Secondary Syphilis,310.0,Ohio,2008.0,Female,35-39 years,35-39,10.0,382288.0,2.62
41577,Primary and Secondary Syphilis,310.0,Ohio,2008.0,Female,40+ years,40+,8.0,2902548.0,0.28
41578,Primary and Secondary Syphilis,310.0,Ohio,2009.0,Female,15-19 years,15-19,13.0,396980.0,3.27
41579,Primary and Secondary Syphilis,310.0,Ohio,2009.0,Female,20-24 years,20-24,15.0,372432.0,4.03
41580,Primary and Secondary Syphilis,310.0,Ohio,2009.0,Female,25-29 years,25-29,13.0,378452.0,3.44
41581,Primary and Secondary Syphilis,310.0,Ohio,2009.0,Female,30-34 years,30-34,12.0,357296.0,3.36
41582,Primary and Secondary Syphilis,310.0,Ohio,2009.0,Female,35-39 years,35-39,7.0,372977.0,1.88
41583,Primary and Secondary Syphilis,310.0,Ohio,2009.0,Female,40+ years,40+,3.0,2938639.0,0.1
41584,Primary and Secondary Syphilis,310.0,Ohio,2010.0,Female,0-14 years,0-14,1.0,1097172.0,0.09
41585,Primary and Secondary Syphilis,310.0,Ohio,2010.0,Female,15-19 years,15-19,36.0,402707.0,8.94
41586,Primary and Secondary Syphilis,310.0,Ohio,2010.0,Female,20-24 years,20-24,37.0,378914.0,9.76
41587,Primary and Secondary Syphilis,310.0,Ohio,2010.0,Female,25-29 years,25-29,27.0,360793.0,7.48
41588,Primary and Secondary Syphilis,310.0,Ohio,2010.0,Female,30-34 years,30-34,19.0,347242.0,5.47
41589,Primary and Secondary Syphilis,310.0,Ohio,2010.0,Female,35-39 years,35-39,4.0,362042.0,1.1
41590,Primary and Secondary Syphilis,310.0,Ohio,2010.0,Female,40+ years,40+,8.0,2955478.0,0.27
41591,Primary and Secondary Syphilis,310.0,Ohio,2011.0,Female,0-14 years,0-14,2.0,1085118.0,0.18
41592,Primary and Secondary Syphilis,310.0,Ohio,2011.0,Female,15-19 years,15-19,25.0,391532.0,6.39
41593,Primary and Secondary Syphilis,310.0,Ohio,2011.0,Female,20-24 years,20-24,38.0,385215.0,9.86
41594,Primary and Secondary Syphilis,310.0,Ohio,2011.0,Female,25-29 years,25-29,20.0,360466.0,5.55
41595,Primary and Secondary Syphilis,310.0,Ohio,2011.0,Female,30-34 years,30-34,8.0,354482.0,2.26
41596,Primary and Secondary Syphilis,310.0,Ohio,2011.0,Female,35-39 years,35-39,2.0,345027.0,0.58
41597,Primary and Secondary Syphilis,310.0,Ohio,2011.0,Female,40+ years,40+,12.0,2983759.0,0.4
41598,Primary and Secondary Syphilis,310.0,Ohio,2012.0,Female,15-19 years,15-19,17.0,383772.0,4.43
41599,Primary and Secondary Syphilis,310.0,Ohio,2012.0,Female,20-24 years,20-24,21.0,390872.0,5.37
41600,Primary and Secondary Syphilis,310.0,Ohio,2012.0,Female,25-29 years,25-29,14.0,359957.0,3.89
41601,Primary and Secondary Syphilis,310.0,Ohio,2012.0,Female,30-34 years,30-34,10.0,358828.0,2.79
41602,Primary and Secondary Syphilis,310.0,Ohio,2012.0,Female,35-39 years,35-39,10.0,337932.0,2.96
41603,Primary and Secondary Syphilis,310.0,Ohio,2012.0,Female,40+ years,40+,13.0,2995850.0,0.43
41604,Primary and Secondary Syphilis,310.0,Ohio,2013.0,Female,0-14 years,0-14,1.0,1068199.0,0.09
41605,Primary and Secondary Syphilis,310.0,Ohio,2013.0,Female,15-19 years,15-19,9.0,381082.0,2.36
41606,Primary and Secondary Syphilis,310.0,Ohio,2013.0,Female,20-24 years,20-24,16.0,393176.0,4.07
41607,Primary and Secondary Syphilis,310.0,Ohio,2013.0,Female,25-29 years,25-29,15.0,364324.0,4.12
41608,Primary and Secondary Syphilis,310.0,Ohio,2013.0,Female,30-34 years,30-34,8.0,361813.0,2.21
41609,Primary and Secondary Syphilis,310.0,Ohio,2013.0,Female,35-39 years,35-39,9.0,337688.0,2.67
41610,Primary and Secondary Syphilis,310.0,Ohio,2013.0,Female,40+ years,40+,5.0,3004867.0,0.17
41611,Primary and Secondary Syphilis,310.0,Ohio,2014.0,Female,15-19 years,15-19,8.0,381082.0,2.1
41612,Primary and Secondary Syphilis,310.0,Ohio,2014.0,Female,20-24 years,20-24,18.0,393176.0,4.58
41613,Primary and Secondary Syphilis,310.0,Ohio,2014.0,Female,25-29 years,25-29,15.0,364324.0,4.12
41614,Primary and Secondary Syphilis,310.0,Ohio,2014.0,Female,30-34 years,30-34,14.0,361813.0,3.87
41615,Primary and Secondary Syphilis,310.0,Ohio,2014.0,Female,35-39 years,35-39,9.0,337688.0,2.67
41616,Primary and Secondary Syphilis,310.0,Ohio,2014.0,Female,40+ years,40+,12.0,3004867.0,0.4
41617,Primary and Secondary Syphilis,310.0,Oklahoma,1996.0,Female,15-19 years,15-19,14.0,123226.0,11.36
41618,Primary and Secondary Syphilis,310.0,Oklahoma,1996.0,Female,20-24 years,20-24,19.0,113602.0,16.73
41619,Primary and Secondary Syphilis,310.0,Oklahoma,1996.0,Female,25-29 years,25-29,14.0,110116.0,12.71
41620,Primary and Secondary Syphilis,310.0,Oklahoma,1996.0,Female,30-34 years,30-34,16.0,119974.0,13.34
41621,Primary and Secondary Syphilis,310.0,Oklahoma,1996.0,Female,35-39 years,35-39,11.0,134308.0,8.19
41622,Primary and Secondary Syphilis,310.0,Oklahoma,1996.0,Female,40+ years,40+,6.0,746230.0,0.8
41623,Primary and Secondary Syphilis,310.0,Oklahoma,1997.0,Female,15-19 years,15-19,6.0,126408.0,4.75
41624,Primary and Secondary Syphilis,310.0,Oklahoma,1997.0,Female,20-24 years,20-24,6.0,114222.0,5.25
41625,Primary and Secondary Syphilis,310.0,Oklahoma,1997.0,Female,25-29 years,25-29,15.0,112174.0,13.37
41626,Primary and Secondary Syphilis,310.0,Oklahoma,1997.0,Female,30-34 years,30-34,7.0,115340.0,6.07
41627,Primary and Secondary Syphilis,310.0,Oklahoma,1997.0,Female,35-39 years,35-39,9.0,134264.0,6.7
41628,Primary and Secondary Syphilis,310.0,Oklahoma,1997.0,Female,40+ years,40+,10.0,759681.0,1.32
41629,Primary and Secondary Syphilis,310.0,Oklahoma,1998.0,Female,15-19 years,15-19,1.0,129548.0,0.77
41630,Primary and Secondary Syphilis,310.0,Oklahoma,1998.0,Female,20-24 years,20-24,7.0,115472.0,6.06
41631,Primary and Secondary Syphilis,310.0,Oklahoma,1998.0,Female,25-29 years,25-29,10.0,112991.0,8.85
41632,Primary and Secondary Syphilis,310.0,Oklahoma,1998.0,Female,30-34 years,30-34,10.0,111564.0,8.96
41633,Primary and Secondary Syphilis,310.0,Oklahoma,1998.0,Female,35-39 years,35-39,6.0,133603.0,4.49
41634,Primary and Secondary Syphilis,310.0,Oklahoma,1998.0,Female,40+ years,40+,11.0,773307.0,1.42
41635,Primary and Secondary Syphilis,310.0,Oklahoma,1999.0,Female,15-19 years,15-19,9.0,130625.0,6.89
41636,Primary and Secondary Syphilis,310.0,Oklahoma,1999.0,Female,20-24 years,20-24,9.0,118049.0,7.62
41637,Primary and Secondary Syphilis,310.0,Oklahoma,1999.0,Female,25-29 years,25-29,21.0,112856.0,18.61
41638,Primary and Secondary Syphilis,310.0,Oklahoma,1999.0,Female,30-34 years,30-34,8.0,109939.0,7.28
41639,Primary and Secondary Syphilis,310.0,Oklahoma,1999.0,Female,35-39 years,35-39,18.0,132401.0,13.6
41640,Primary and Secondary Syphilis,310.0,Oklahoma,1999.0,Female,40+ years,40+,12.0,786911.0,1.52
41641,Primary and Secondary Syphilis,310.0,Oklahoma,2000.0,Female,15-19 years,15-19,3.0,129483.0,2.32
41642,Primary and Secondary Syphilis,310.0,Oklahoma,2000.0,Female,20-24 years,20-24,11.0,121138.0,9.08
41643,Primary and Secondary Syphilis,310.0,Oklahoma,2000.0,Female,25-29 years,25-29,7.0,111990.0,6.25
41644,Primary and Secondary Syphilis,310.0,Oklahoma,2000.0,Female,30-34 years,30-34,9.0,110955.0,8.11
41645,Primary and Secondary Syphilis,310.0,Oklahoma,2000.0,Female,35-39 years,35-39,16.0,128866.0,12.42
41646,Primary and Secondary Syphilis,310.0,Oklahoma,2000.0,Female,40+ years,40+,8.0,801508.0,1.0
41647,Primary and Secondary Syphilis,310.0,Oklahoma,2001.0,Female,15-19 years,15-19,3.0,128237.0,2.34
41648,Primary and Secondary Syphilis,310.0,Oklahoma,2001.0,Female,20-24 years,20-24,4.0,124921.0,3.2
41649,Primary and Secondary Syphilis,310.0,Oklahoma,2001.0,Female,25-29 years,25-29,7.0,110590.0,6.33
41650,Primary and Secondary Syphilis,310.0,Oklahoma,2001.0,Female,30-34 years,30-34,4.0,111353.0,3.59
41651,Primary and Secondary Syphilis,310.0,Oklahoma,2001.0,Female,35-39 years,35-39,5.0,123418.0,4.05
41652,Primary and Secondary Syphilis,310.0,Oklahoma,2001.0,Female,40+ years,40+,5.0,811236.0,0.62
41653,Primary and Secondary Syphilis,310.0,Oklahoma,2002.0,Female,20-24 years,20-24,6.0,129474.0,4.63
41654,Primary and Secondary Syphilis,310.0,Oklahoma,2002.0,Female,25-29 years,25-29,3.0,110928.0,2.7
41655,Primary and Secondary Syphilis,310.0,Oklahoma,2002.0,Female,30-34 years,30-34,4.0,113020.0,3.54
41656,Primary and Secondary Syphilis,310.0,Oklahoma,2002.0,Female,35-39 years,35-39,3.0,118543.0,2.53
41657,Primary and Secondary Syphilis,310.0,Oklahoma,2002.0,Female,40+ years,40+,4.0,823597.0,0.49
41658,Primary and Secondary Syphilis,310.0,Oklahoma,2003.0,Female,15-19 years,15-19,3.0,124951.0,2.4
41659,Primary and Secondary Syphilis,310.0,Oklahoma,2003.0,Female,20-24 years,20-24,7.0,132669.0,5.28
41660,Primary and Secondary Syphilis,310.0,Oklahoma,2003.0,Female,25-29 years,25-29,4.0,112582.0,3.55
41661,Primary and Secondary Syphilis,310.0,Oklahoma,2003.0,Female,30-34 years,30-34,2.0,112326.0,1.78
41662,Primary and Secondary Syphilis,310.0,Oklahoma,2003.0,Female,35-39 years,35-39,2.0,114142.0,1.75
41663,Primary and Secondary Syphilis,310.0,Oklahoma,2003.0,Female,40+ years,40+,2.0,829064.0,0.24
41664,Primary and Secondary Syphilis,310.0,Oklahoma,2004.0,Female,15-19 years,15-19,1.0,123416.0,0.81
41665,Primary and Secondary Syphilis,310.0,Oklahoma,2004.0,Female,20-24 years,20-24,1.0,133855.0,0.75
41666,Primary and Secondary Syphilis,310.0,Oklahoma,2004.0,Female,25-29 years,25-29,1.0,116661.0,0.86
41667,Primary and Secondary Syphilis,310.0,Oklahoma,2004.0,Female,30-34 years,30-34,2.0,112132.0,1.78
41668,Primary and Secondary Syphilis,310.0,Oklahoma,2004.0,Female,35-39 years,35-39,1.0,111291.0,0.9
41669,Primary and Secondary Syphilis,310.0,Oklahoma,2004.0,Female,40+ years,40+,3.0,839158.0,0.36
41670,Primary and Secondary Syphilis,310.0,Oklahoma,2005.0,Female,15-19 years,15-19,3.0,123240.0,2.43
41671,Primary and Secondary Syphilis,310.0,Oklahoma,2005.0,Female,20-24 years,20-24,4.0,133267.0,3.0
41672,Primary and Secondary Syphilis,310.0,Oklahoma,2005.0,Female,25-29 years,25-29,5.0,121323.0,4.12
41673,Primary and Secondary Syphilis,310.0,Oklahoma,2005.0,Female,30-34 years,30-34,2.0,111633.0,1.79
41674,Primary and Secondary Syphilis,310.0,Oklahoma,2005.0,Female,40+ years,40+,3.0,850676.0,0.35
41675,Primary and Secondary Syphilis,310.0,Oklahoma,2006.0,Female,0-14 years,0-14,1.0,360464.0,0.28
41676,Primary and Secondary Syphilis,310.0,Oklahoma,2006.0,Female,15-19 years,15-19,3.0,121359.0,2.47
41677,Primary and Secondary Syphilis,310.0,Oklahoma,2006.0,Female,20-24 years,20-24,3.0,130181.0,2.3
41678,Primary and Secondary Syphilis,310.0,Oklahoma,2006.0,Female,25-29 years,25-29,4.0,127065.0,3.15
41679,Primary and Secondary Syphilis,310.0,Oklahoma,2006.0,Female,30-34 years,30-34,2.0,109681.0,1.82
41680,Primary and Secondary Syphilis,310.0,Oklahoma,2006.0,Female,35-39 years,35-39,2.0,111637.0,1.79
41681,Primary and Secondary Syphilis,310.0,Oklahoma,2006.0,Female,40+ years,40+,4.0,854311.0,0.47
41682,Primary and Secondary Syphilis,310.0,Oklahoma,2007.0,Female,15-19 years,15-19,3.0,122723.0,2.44
41683,Primary and Secondary Syphilis,310.0,Oklahoma,2007.0,Female,20-24 years,20-24,5.0,128722.0,3.88
41684,Primary and Secondary Syphilis,310.0,Oklahoma,2007.0,Female,25-29 years,25-29,3.0,131441.0,2.28
41685,Primary and Secondary Syphilis,310.0,Oklahoma,2007.0,Female,30-34 years,30-34,2.0,109410.0,1.83
41686,Primary and Secondary Syphilis,310.0,Oklahoma,2007.0,Female,35-39 years,35-39,2.0,113666.0,1.76
41687,Primary and Secondary Syphilis,310.0,Oklahoma,2007.0,Female,40+ years,40+,9.0,861731.0,1.04
41688,Primary and Secondary Syphilis,310.0,Oklahoma,2008.0,Female,15-19 years,15-19,3.0,121642.0,2.47
41689,Primary and Secondary Syphilis,310.0,Oklahoma,2008.0,Female,20-24 years,20-24,6.0,128276.0,4.68
41690,Primary and Secondary Syphilis,310.0,Oklahoma,2008.0,Female,25-29 years,25-29,9.0,133488.0,6.74
41691,Primary and Secondary Syphilis,310.0,Oklahoma,2008.0,Female,30-34 years,30-34,2.0,110105.0,1.82
41692,Primary and Secondary Syphilis,310.0,Oklahoma,2008.0,Female,35-39 years,35-39,2.0,113725.0,1.76
41693,Primary and Secondary Syphilis,310.0,Oklahoma,2008.0,Female,40+ years,40+,2.0,869443.0,0.23
41694,Primary and Secondary Syphilis,310.0,Oklahoma,2008.0,Female,Unknown,99,1.0,,
41695,Primary and Secondary Syphilis,310.0,Oklahoma,2009.0,Female,15-19 years,15-19,3.0,124070.0,2.42
41696,Primary and Secondary Syphilis,310.0,Oklahoma,2009.0,Female,20-24 years,20-24,9.0,134318.0,6.7
41697,Primary and Secondary Syphilis,310.0,Oklahoma,2009.0,Female,25-29 years,25-29,7.0,132927.0,5.27
41698,Primary and Secondary Syphilis,310.0,Oklahoma,2009.0,Female,30-34 years,30-34,3.0,112907.0,2.66
41699,Primary and Secondary Syphilis,310.0,Oklahoma,2009.0,Female,35-39 years,35-39,2.0,113340.0,1.76
41700,Primary and Secondary Syphilis,310.0,Oklahoma,2010.0,Female,15-19 years,15-19,4.0,128840.0,3.1
41701,Primary and Secondary Syphilis,310.0,Oklahoma,2010.0,Female,20-24 years,20-24,3.0,131308.0,2.28
41702,Primary and Secondary Syphilis,310.0,Oklahoma,2010.0,Female,25-29 years,25-29,2.0,129829.0,1.54
41703,Primary and Secondary Syphilis,310.0,Oklahoma,2010.0,Female,30-34 years,30-34,4.0,118104.0,3.39
41704,Primary and Secondary Syphilis,310.0,Oklahoma,2010.0,Female,40+ years,40+,3.0,891749.0,0.34
41705,Primary and Secondary Syphilis,310.0,Oklahoma,2011.0,Female,15-19 years,15-19,2.0,125975.0,1.59
41706,Primary and Secondary Syphilis,310.0,Oklahoma,2011.0,Female,20-24 years,20-24,4.0,135815.0,2.95
41707,Primary and Secondary Syphilis,310.0,Oklahoma,2011.0,Female,25-29 years,25-29,3.0,130533.0,2.3
41708,Primary and Secondary Syphilis,310.0,Oklahoma,2011.0,Female,30-34 years,30-34,2.0,122264.0,1.64
41709,Primary and Secondary Syphilis,310.0,Oklahoma,2011.0,Female,40+ years,40+,1.0,902755.0,0.11
41710,Primary and Secondary Syphilis,310.0,Oklahoma,2012.0,Female,20-24 years,20-24,3.0,139228.0,2.15
41711,Primary and Secondary Syphilis,310.0,Oklahoma,2012.0,Female,25-29 years,25-29,3.0,130163.0,2.3
41712,Primary and Secondary Syphilis,310.0,Oklahoma,2013.0,Female,15-19 years,15-19,1.0,123913.0,0.81
41713,Primary and Secondary Syphilis,310.0,Oklahoma,2013.0,Female,20-24 years,20-24,5.0,139999.0,3.57
41714,Primary and Secondary Syphilis,310.0,Oklahoma,2013.0,Female,25-29 years,25-29,2.0,129711.0,1.54
41715,Primary and Secondary Syphilis,310.0,Oklahoma,2013.0,Female,35-39 years,35-39,1.0,114604.0,0.87
41716,Primary and Secondary Syphilis,310.0,Oklahoma,2013.0,Female,40+ years,40+,4.0,916813.0,0.44
41717,Primary and Secondary Syphilis,310.0,Oklahoma,2014.0,Female,0-14 years,0-14,1.0,387988.0,0.26
41718,Primary and Secondary Syphilis,310.0,Oklahoma,2014.0,Female,15-19 years,15-19,1.0,123913.0,0.81
41719,Primary and Secondary Syphilis,310.0,Oklahoma,2014.0,Female,20-24 years,20-24,5.0,139999.0,3.57
41720,Primary and Secondary Syphilis,310.0,Oklahoma,2014.0,Female,25-29 years,25-29,2.0,129711.0,1.54
41721,Primary and Secondary Syphilis,310.0,Oklahoma,2014.0,Female,30-34 years,30-34,1.0,130248.0,0.77
41722,Primary and Secondary Syphilis,310.0,Oklahoma,2014.0,Female,35-39 years,35-39,2.0,114604.0,1.75
41723,Primary and Secondary Syphilis,310.0,Oklahoma,2014.0,Female,40+ years,40+,3.0,916813.0,0.33
41724,Primary and Secondary Syphilis,310.0,Oregon,1996.0,Female,0-14 years,0-14,1.0,328442.0,0.3
41725,Primary and Secondary Syphilis,310.0,Oregon,1996.0,Female,20-24 years,20-24,2.0,100148.0,2.0
41726,Primary and Secondary Syphilis,310.0,Oregon,1997.0,Female,15-19 years,15-19,1.0,115876.0,0.86
41727,Primary and Secondary Syphilis,310.0,Oregon,1997.0,Female,40+ years,40+,1.0,758311.0,0.13
41728,Primary and Secondary Syphilis,310.0,Oregon,1998.0,Female,15-19 years,15-19,2.0,118232.0,1.69
41729,Primary and Secondary Syphilis,310.0,Oregon,1999.0,Female,30-34 years,30-34,2.0,113809.0,1.76
41730,Primary and Secondary Syphilis,310.0,Oregon,1999.0,Female,35-39 years,35-39,2.0,128928.0,1.55
41731,Primary and Secondary Syphilis,310.0,Oregon,1999.0,Female,40+ years,40+,1.0,788471.0,0.13
41732,Primary and Secondary Syphilis,310.0,Oregon,2000.0,Female,20-24 years,20-24,3.0,112281.0,2.67
41733,Primary and Secondary Syphilis,310.0,Oregon,2000.0,Female,35-39 years,35-39,1.0,125484.0,0.8
41734,Primary and Secondary Syphilis,310.0,Oregon,2001.0,Female,35-39 years,35-39,1.0,123551.0,0.81
41735,Primary and Secondary Syphilis,310.0,Oregon,2001.0,Female,40+ years,40+,1.0,817248.0,0.12
41736,Primary and Secondary Syphilis,310.0,Oregon,2002.0,Female,15-19 years,15-19,1.0,119711.0,0.84
41737,Primary and Secondary Syphilis,310.0,Oregon,2002.0,Female,20-24 years,20-24,1.0,117524.0,0.85
41738,Primary and Secondary Syphilis,310.0,Oregon,2002.0,Female,25-29 years,25-29,2.0,113438.0,1.76
41739,Primary and Secondary Syphilis,310.0,Oregon,2002.0,Female,30-34 years,30-34,2.0,121836.0,1.64
41740,Primary and Secondary Syphilis,310.0,Oregon,2002.0,Female,35-39 years,35-39,2.0,121423.0,1.65
41741,Primary and Secondary Syphilis,310.0,Oregon,2003.0,Female,15-19 years,15-19,2.0,119517.0,1.67
41742,Primary and Secondary Syphilis,310.0,Oregon,2003.0,Female,25-29 years,25-29,1.0,117867.0,0.85
41743,Primary and Secondary Syphilis,310.0,Oregon,2004.0,Female,30-34 years,30-34,1.0,123456.0,0.81
41744,Primary and Secondary Syphilis,310.0,Oregon,2005.0,Female,25-29 years,25-29,1.0,124429.0,0.8
41745,Primary and Secondary Syphilis,310.0,Oregon,2005.0,Female,30-34 years,30-34,1.0,123601.0,0.81
41746,Primary and Secondary Syphilis,310.0,Oregon,2007.0,Female,30-34 years,30-34,1.0,120955.0,0.83
41747,Primary and Secondary Syphilis,310.0,Oregon,2007.0,Female,35-39 years,35-39,1.0,125453.0,0.8
41748,Primary and Secondary Syphilis,310.0,Oregon,2008.0,Female,15-19 years,15-19,1.0,120351.0,0.83
41749,Primary and Secondary Syphilis,310.0,Oregon,2008.0,Female,25-29 years,25-29,1.0,135720.0,0.74
41750,Primary and Secondary Syphilis,310.0,Oregon,2009.0,Female,40+ years,40+,1.0,941112.0,0.11
41751,Primary and Secondary Syphilis,310.0,Oregon,2010.0,Female,35-39 years,35-39,1.0,123336.0,0.81
41752,Primary and Secondary Syphilis,310.0,Oregon,2012.0,Female,20-24 years,20-24,1.0,131128.0,0.76
41753,Primary and Secondary Syphilis,310.0,Oregon,2012.0,Female,30-34 years,30-34,2.0,134294.0,1.49
41754,Primary and Secondary Syphilis,310.0,Oregon,2012.0,Female,35-39 years,35-39,2.0,122834.0,1.63
41755,Primary and Secondary Syphilis,310.0,Oregon,2012.0,Female,40+ years,40+,1.0,982996.0,0.1
41756,Primary and Secondary Syphilis,310.0,Oregon,2013.0,Female,20-24 years,20-24,1.0,132631.0,0.75
41757,Primary and Secondary Syphilis,310.0,Oregon,2013.0,Female,25-29 years,25-29,2.0,129185.0,1.55
41758,Primary and Secondary Syphilis,310.0,Oregon,2013.0,Female,30-34 years,30-34,1.0,136253.0,0.73
41759,Primary and Secondary Syphilis,310.0,Oregon,2013.0,Female,35-39 years,35-39,1.0,125490.0,0.8
41760,Primary and Secondary Syphilis,310.0,Oregon,2013.0,Female,40+ years,40+,7.0,994951.0,0.7
41761,Primary and Secondary Syphilis,310.0,Oregon,2014.0,Female,15-19 years,15-19,1.0,119957.0,0.83
41762,Primary and Secondary Syphilis,310.0,Oregon,2014.0,Female,20-24 years,20-24,5.0,132631.0,3.77
41763,Primary and Secondary Syphilis,310.0,Oregon,2014.0,Female,25-29 years,25-29,3.0,129185.0,2.32
41764,Primary and Secondary Syphilis,310.0,Oregon,2014.0,Female,30-34 years,30-34,2.0,136253.0,1.47
41765,Primary and Secondary Syphilis,310.0,Oregon,2014.0,Female,35-39 years,35-39,6.0,125490.0,4.78
41766,Primary and Secondary Syphilis,310.0,Oregon,2014.0,Female,40+ years,40+,5.0,994951.0,0.5
41767,Primary and Secondary Syphilis,310.0,Pennsylvania,1996.0,Female,15-19 years,15-19,4.0,399141.0,1.0
41768,Primary and Secondary Syphilis,310.0,Pennsylvania,1996.0,Female,20-24 years,20-24,13.0,378345.0,3.44
41769,Primary and Secondary Syphilis,310.0,Pennsylvania,1996.0,Female,25-29 years,25-29,11.0,418395.0,2.63
41770,Primary and Secondary Syphilis,310.0,Pennsylvania,1996.0,Female,30-34 years,30-34,12.0,448098.0,2.68
41771,Primary and Secondary Syphilis,310.0,Pennsylvania,1996.0,Female,35-39 years,35-39,10.0,511567.0,1.95
41772,Primary and Secondary Syphilis,310.0,Pennsylvania,1996.0,Female,40+ years,40+,12.0,2990157.0,0.4
41773,Primary and Secondary Syphilis,310.0,Pennsylvania,1997.0,Female,15-19 years,15-19,7.0,406445.0,1.72
41774,Primary and Secondary Syphilis,310.0,Pennsylvania,1997.0,Female,20-24 years,20-24,8.0,368947.0,2.17
41775,Primary and Secondary Syphilis,310.0,Pennsylvania,1997.0,Female,25-29 years,25-29,6.0,412416.0,1.45
41776,Primary and Secondary Syphilis,310.0,Pennsylvania,1997.0,Female,30-34 years,30-34,8.0,433294.0,1.85
41777,Primary and Secondary Syphilis,310.0,Pennsylvania,1997.0,Female,35-39 years,35-39,10.0,505236.0,1.98
41778,Primary and Secondary Syphilis,310.0,Pennsylvania,1997.0,Female,40+ years,40+,13.0,3021224.0,0.43
41779,Primary and Secondary Syphilis,310.0,Pennsylvania,1998.0,Female,15-19 years,15-19,3.0,413476.0,0.73
41780,Primary and Secondary Syphilis,310.0,Pennsylvania,1998.0,Female,20-24 years,20-24,2.0,367370.0,0.54
41781,Primary and Secondary Syphilis,310.0,Pennsylvania,1998.0,Female,25-29 years,25-29,7.0,399404.0,1.75
41782,Primary and Secondary Syphilis,310.0,Pennsylvania,1998.0,Female,30-34 years,30-34,8.0,423397.0,1.89
41783,Primary and Secondary Syphilis,310.0,Pennsylvania,1998.0,Female,35-39 years,35-39,4.0,496102.0,0.81
41784,Primary and Secondary Syphilis,310.0,Pennsylvania,1998.0,Female,40+ years,40+,7.0,3057249.0,0.23
41785,Primary and Secondary Syphilis,310.0,Pennsylvania,1999.0,Female,0-14 years,0-14,1.0,1182895.0,0.08
41786,Primary and Secondary Syphilis,310.0,Pennsylvania,1999.0,Female,15-19 years,15-19,2.0,415900.0,0.48
41787,Primary and Secondary Syphilis,310.0,Pennsylvania,1999.0,Female,20-24 years,20-24,3.0,370143.0,0.81
41788,Primary and Secondary Syphilis,310.0,Pennsylvania,1999.0,Female,25-29 years,25-29,5.0,381115.0,1.31
41789,Primary and Secondary Syphilis,310.0,Pennsylvania,1999.0,Female,30-34 years,30-34,8.0,418304.0,1.91
41790,Primary and Secondary Syphilis,310.0,Pennsylvania,1999.0,Female,35-39 years,35-39,1.0,488756.0,0.2
41791,Primary and Secondary Syphilis,310.0,Pennsylvania,1999.0,Female,40+ years,40+,7.0,3089951.0,0.23
41792,Primary and Secondary Syphilis,310.0,Pennsylvania,2000.0,Female,15-19 years,15-19,3.0,415550.0,0.72
41793,Primary and Secondary Syphilis,310.0,Pennsylvania,2000.0,Female,20-24 years,20-24,3.0,379000.0,0.79
41794,Primary and Secondary Syphilis,310.0,Pennsylvania,2000.0,Female,25-29 years,25-29,5.0,362640.0,1.38
41795,Primary and Secondary Syphilis,310.0,Pennsylvania,2000.0,Female,30-34 years,30-34,6.0,417974.0,1.44
41796,Primary and Secondary Syphilis,310.0,Pennsylvania,2000.0,Female,35-39 years,35-39,5.0,480421.0,1.04
41797,Primary and Secondary Syphilis,310.0,Pennsylvania,2000.0,Female,40+ years,40+,8.0,3130236.0,0.26
41798,Primary and Secondary Syphilis,310.0,Pennsylvania,2001.0,Female,15-19 years,15-19,4.0,411240.0,0.97
41799,Primary and Secondary Syphilis,310.0,Pennsylvania,2001.0,Female,20-24 years,20-24,2.0,397590.0,0.5
41800,Primary and Secondary Syphilis,310.0,Pennsylvania,2001.0,Female,25-29 years,25-29,5.0,348524.0,1.43
41801,Primary and Secondary Syphilis,310.0,Pennsylvania,2001.0,Female,30-34 years,30-34,7.0,412726.0,1.7
41802,Primary and Secondary Syphilis,310.0,Pennsylvania,2001.0,Female,35-39 years,35-39,2.0,468786.0,0.43
41803,Primary and Secondary Syphilis,310.0,Pennsylvania,2001.0,Female,40+ years,40+,8.0,3159683.0,0.25
41804,Primary and Secondary Syphilis,310.0,Pennsylvania,2002.0,Female,20-24 years,20-24,4.0,412084.0,0.97
41805,Primary and Secondary Syphilis,310.0,Pennsylvania,2002.0,Female,25-29 years,25-29,4.0,342136.0,1.17
41806,Primary and Secondary Syphilis,310.0,Pennsylvania,2002.0,Female,30-34 years,30-34,3.0,406545.0,0.74
41807,Primary and Secondary Syphilis,310.0,Pennsylvania,2002.0,Female,35-39 years,35-39,6.0,456842.0,1.31
41808,Primary and Secondary Syphilis,310.0,Pennsylvania,2002.0,Female,40+ years,40+,5.0,3193264.0,0.16
41809,Primary and Secondary Syphilis,310.0,Pennsylvania,2003.0,Female,20-24 years,20-24,11.0,421044.0,2.61
41810,Primary and Secondary Syphilis,310.0,Pennsylvania,2003.0,Female,25-29 years,25-29,3.0,345429.0,0.87
41811,Primary and Secondary Syphilis,310.0,Pennsylvania,2003.0,Female,30-34 years,30-34,3.0,390402.0,0.77
41812,Primary and Secondary Syphilis,310.0,Pennsylvania,2003.0,Female,35-39 years,35-39,11.0,442407.0,2.49
41813,Primary and Secondary Syphilis,310.0,Pennsylvania,2003.0,Female,40+ years,40+,5.0,3233589.0,0.15
41814,Primary and Secondary Syphilis,310.0,Pennsylvania,2004.0,Female,0-14 years,0-14,1.0,1131096.0,0.09
41815,Primary and Secondary Syphilis,310.0,Pennsylvania,2004.0,Female,15-19 years,15-19,1.0,419802.0,0.24
41816,Primary and Secondary Syphilis,310.0,Pennsylvania,2004.0,Female,20-24 years,20-24,2.0,418192.0,0.48
41817,Primary and Secondary Syphilis,310.0,Pennsylvania,2004.0,Female,25-29 years,25-29,2.0,356225.0,0.56
41818,Primary and Secondary Syphilis,310.0,Pennsylvania,2004.0,Female,30-34 years,30-34,2.0,376914.0,0.53
41819,Primary and Secondary Syphilis,310.0,Pennsylvania,2004.0,Female,35-39 years,35-39,2.0,428985.0,0.47
41820,Primary and Secondary Syphilis,310.0,Pennsylvania,2004.0,Female,40+ years,40+,6.0,3261416.0,0.18
41821,Primary and Secondary Syphilis,310.0,Pennsylvania,2005.0,Female,0-14 years,0-14,1.0,1117454.0,0.09
41822,Primary and Secondary Syphilis,310.0,Pennsylvania,2005.0,Female,15-19 years,15-19,3.0,424923.0,0.71
41823,Primary and Secondary Syphilis,310.0,Pennsylvania,2005.0,Female,20-24 years,20-24,7.0,412734.0,1.7
41824,Primary and Secondary Syphilis,310.0,Pennsylvania,2005.0,Female,25-29 years,25-29,4.0,371263.0,1.08
41825,Primary and Secondary Syphilis,310.0,Pennsylvania,2005.0,Female,30-34 years,30-34,7.0,361740.0,1.94
41826,Primary and Secondary Syphilis,310.0,Pennsylvania,2005.0,Female,35-39 years,35-39,6.0,421022.0,1.43
41827,Primary and Secondary Syphilis,310.0,Pennsylvania,2005.0,Female,40+ years,40+,6.0,3290307.0,0.18
41828,Primary and Secondary Syphilis,310.0,Pennsylvania,2006.0,Female,15-19 years,15-19,4.0,438533.0,0.91
41829,Primary and Secondary Syphilis,310.0,Pennsylvania,2006.0,Female,20-24 years,20-24,7.0,407112.0,1.72
41830,Primary and Secondary Syphilis,310.0,Pennsylvania,2006.0,Female,25-29 years,25-29,5.0,358157.0,1.4
41831,Primary and Secondary Syphilis,310.0,Pennsylvania,2006.0,Female,30-34 years,30-34,2.0,359958.0,0.56
41832,Primary and Secondary Syphilis,310.0,Pennsylvania,2006.0,Female,35-39 years,35-39,8.0,423028.0,1.89
41833,Primary and Secondary Syphilis,310.0,Pennsylvania,2006.0,Female,40+ years,40+,8.0,3295610.0,0.24
41834,Primary and Secondary Syphilis,310.0,Pennsylvania,2007.0,Female,15-19 years,15-19,3.0,438977.0,0.68
41835,Primary and Secondary Syphilis,310.0,Pennsylvania,2007.0,Female,20-24 years,20-24,5.0,405652.0,1.23
41836,Primary and Secondary Syphilis,310.0,Pennsylvania,2007.0,Female,25-29 years,25-29,6.0,365384.0,1.64
41837,Primary and Secondary Syphilis,310.0,Pennsylvania,2007.0,Female,30-34 years,30-34,4.0,354457.0,1.13
41838,Primary and Secondary Syphilis,310.0,Pennsylvania,2007.0,Female,35-39 years,35-39,5.0,414849.0,1.21
41839,Primary and Secondary Syphilis,310.0,Pennsylvania,2007.0,Female,40+ years,40+,11.0,3300066.0,0.33
41840,Primary and Secondary Syphilis,310.0,Pennsylvania,2008.0,Female,15-19 years,15-19,1.0,436126.0,0.23
41841,Primary and Secondary Syphilis,310.0,Pennsylvania,2008.0,Female,20-24 years,20-24,5.0,407019.0,1.23
41842,Primary and Secondary Syphilis,310.0,Pennsylvania,2008.0,Female,25-29 years,25-29,5.0,369259.0,1.35
41843,Primary and Secondary Syphilis,310.0,Pennsylvania,2008.0,Female,30-34 years,30-34,3.0,354354.0,0.85
41844,Primary and Secondary Syphilis,310.0,Pennsylvania,2008.0,Female,35-39 years,35-39,4.0,405296.0,0.99
41845,Primary and Secondary Syphilis,310.0,Pennsylvania,2008.0,Female,40+ years,40+,3.0,3317402.0,0.09
41846,Primary and Secondary Syphilis,310.0,Pennsylvania,2009.0,Female,0-14 years,0-14,1.0,1107974.0,0.09
41847,Primary and Secondary Syphilis,310.0,Pennsylvania,2009.0,Female,15-19 years,15-19,12.0,438087.0,2.74
41848,Primary and Secondary Syphilis,310.0,Pennsylvania,2009.0,Female,20-24 years,20-24,13.0,412834.0,3.15
41849,Primary and Secondary Syphilis,310.0,Pennsylvania,2009.0,Female,25-29 years,25-29,8.0,388626.0,2.06
41850,Primary and Secondary Syphilis,310.0,Pennsylvania,2009.0,Female,30-34 years,30-34,1.0,370011.0,0.27
41851,Primary and Secondary Syphilis,310.0,Pennsylvania,2009.0,Female,35-39 years,35-39,4.0,393578.0,1.02
41852,Primary and Secondary Syphilis,310.0,Pennsylvania,2009.0,Female,40+ years,40+,3.0,3354948.0,0.09
41853,Primary and Secondary Syphilis,310.0,Pennsylvania,2010.0,Female,15-19 years,15-19,6.0,442601.0,1.36
41854,Primary and Secondary Syphilis,310.0,Pennsylvania,2010.0,Female,20-24 years,20-24,12.0,432260.0,2.78
41855,Primary and Secondary Syphilis,310.0,Pennsylvania,2010.0,Female,25-29 years,25-29,5.0,388958.0,1.29
41856,Primary and Secondary Syphilis,310.0,Pennsylvania,2010.0,Female,30-34 years,30-34,4.0,364911.0,1.1
41857,Primary and Secondary Syphilis,310.0,Pennsylvania,2010.0,Female,35-39 years,35-39,3.0,384115.0,0.78
41858,Primary and Secondary Syphilis,310.0,Pennsylvania,2010.0,Female,40+ years,40+,6.0,3387649.0,0.18
41859,Primary and Secondary Syphilis,310.0,Pennsylvania,2011.0,Female,15-19 years,15-19,6.0,433523.0,1.38
41860,Primary and Secondary Syphilis,310.0,Pennsylvania,2011.0,Female,20-24 years,20-24,8.0,436295.0,1.83
41861,Primary and Secondary Syphilis,310.0,Pennsylvania,2011.0,Female,25-29 years,25-29,10.0,395094.0,2.53
41862,Primary and Secondary Syphilis,310.0,Pennsylvania,2011.0,Female,30-34 years,30-34,4.0,375389.0,1.07
41863,Primary and Secondary Syphilis,310.0,Pennsylvania,2011.0,Female,35-39 years,35-39,3.0,366424.0,0.82
41864,Primary and Secondary Syphilis,310.0,Pennsylvania,2011.0,Female,40+ years,40+,3.0,3417327.0,0.09
41865,Primary and Secondary Syphilis,310.0,Pennsylvania,2012.0,Female,15-19 years,15-19,5.0,424634.0,1.18
41866,Primary and Secondary Syphilis,310.0,Pennsylvania,2012.0,Female,20-24 years,20-24,12.0,438929.0,2.73
41867,Primary and Secondary Syphilis,310.0,Pennsylvania,2012.0,Female,25-29 years,25-29,5.0,400168.0,1.25
41868,Primary and Secondary Syphilis,310.0,Pennsylvania,2012.0,Female,30-34 years,30-34,8.0,382973.0,2.09
41869,Primary and Secondary Syphilis,310.0,Pennsylvania,2012.0,Female,35-39 years,35-39,2.0,359699.0,0.56
41870,Primary and Secondary Syphilis,310.0,Pennsylvania,2012.0,Female,40+ years,40+,2.0,3428459.0,0.06
41871,Primary and Secondary Syphilis,310.0,Pennsylvania,2013.0,Female,15-19 years,15-19,5.0,414935.0,1.21
41872,Primary and Secondary Syphilis,310.0,Pennsylvania,2013.0,Female,20-24 years,20-24,12.0,433149.0,2.77
41873,Primary and Secondary Syphilis,310.0,Pennsylvania,2013.0,Female,25-29 years,25-29,2.0,409187.0,0.49
41874,Primary and Secondary Syphilis,310.0,Pennsylvania,2013.0,Female,30-34 years,30-34,3.0,389421.0,0.77
41875,Primary and Secondary Syphilis,310.0,Pennsylvania,2013.0,Female,35-39 years,35-39,2.0,359526.0,0.56
41876,Primary and Secondary Syphilis,310.0,Pennsylvania,2013.0,Female,40+ years,40+,2.0,3433281.0,0.06
41877,Primary and Secondary Syphilis,310.0,Pennsylvania,2014.0,Female,0-14 years,0-14,1.0,1091962.0,0.09
41878,Primary and Secondary Syphilis,310.0,Pennsylvania,2014.0,Female,15-19 years,15-19,11.0,414935.0,2.65
41879,Primary and Secondary Syphilis,310.0,Pennsylvania,2014.0,Female,20-24 years,20-24,11.0,433149.0,2.54
41880,Primary and Secondary Syphilis,310.0,Pennsylvania,2014.0,Female,25-29 years,25-29,8.0,409187.0,1.96
41881,Primary and Secondary Syphilis,310.0,Pennsylvania,2014.0,Female,30-34 years,30-34,7.0,389421.0,1.8
41882,Primary and Secondary Syphilis,310.0,Pennsylvania,2014.0,Female,35-39 years,35-39,2.0,359526.0,0.56
41883,Primary and Secondary Syphilis,310.0,Pennsylvania,2014.0,Female,40+ years,40+,7.0,3433281.0,0.2
41884,Primary and Secondary Syphilis,310.0,Rhode Island,1996.0,Female,25-29 years,25-29,1.0,40514.0,2.47
41885,Primary and Secondary Syphilis,310.0,Rhode Island,1997.0,Female,35-39 years,35-39,1.0,44208.0,2.26
41886,Primary and Secondary Syphilis,310.0,Rhode Island,1998.0,Female,30-34 years,30-34,1.0,38396.0,2.6
41887,Primary and Secondary Syphilis,310.0,Rhode Island,1999.0,Female,40+ years,40+,1.0,251496.0,0.4
41888,Primary and Secondary Syphilis,310.0,Rhode Island,2000.0,Female,15-19 years,15-19,1.0,36560.0,2.74
41889,Primary and Secondary Syphilis,310.0,Rhode Island,2000.0,Female,35-39 years,35-39,1.0,43707.0,2.29
41890,Primary and Secondary Syphilis,310.0,Rhode Island,2002.0,Female,15-19 years,15-19,1.0,33580.0,2.98
41891,Primary and Secondary Syphilis,310.0,Rhode Island,2002.0,Female,20-24 years,20-24,1.0,43440.0,2.3
41892,Primary and Secondary Syphilis,310.0,Rhode Island,2003.0,Female,20-24 years,20-24,2.0,43203.0,4.63
41893,Primary and Secondary Syphilis,310.0,Rhode Island,2003.0,Female,25-29 years,25-29,3.0,33231.0,9.03
41894,Primary and Secondary Syphilis,310.0,Rhode Island,2003.0,Female,35-39 years,35-39,1.0,41548.0,2.41
41895,Primary and Secondary Syphilis,310.0,Rhode Island,2003.0,Female,40+ years,40+,2.0,270548.0,0.74
41896,Primary and Secondary Syphilis,310.0,Rhode Island,2004.0,Female,20-24 years,20-24,1.0,41606.0,2.4
41897,Primary and Secondary Syphilis,310.0,Rhode Island,2004.0,Female,25-29 years,25-29,1.0,35661.0,2.8
41898,Primary and Secondary Syphilis,310.0,Rhode Island,2004.0,Female,30-34 years,30-34,2.0,34892.0,5.73
41899,Primary and Secondary Syphilis,310.0,Rhode Island,2004.0,Female,35-39 years,35-39,3.0,40478.0,7.41
41900,Primary and Secondary Syphilis,310.0,Rhode Island,2004.0,Female,40+ years,40+,3.0,273698.0,1.1
41901,Primary and Secondary Syphilis,310.0,Rhode Island,2005.0,Female,20-24 years,20-24,1.0,38871.0,2.57
41902,Primary and Secondary Syphilis,310.0,Rhode Island,2005.0,Female,25-29 years,25-29,1.0,38179.0,2.62
41903,Primary and Secondary Syphilis,310.0,Rhode Island,2005.0,Female,30-34 years,30-34,2.0,32638.0,6.13
41904,Primary and Secondary Syphilis,310.0,Rhode Island,2005.0,Female,35-39 years,35-39,1.0,39161.0,2.55
41905,Primary and Secondary Syphilis,310.0,Rhode Island,2005.0,Female,40+ years,40+,1.0,273541.0,0.37
41906,Primary and Secondary Syphilis,310.0,Rhode Island,2007.0,Female,35-39 years,35-39,2.0,37449.0,5.34
41907,Primary and Secondary Syphilis,310.0,Rhode Island,2009.0,Female,20-24 years,20-24,1.0,36769.0,2.72
41908,Primary and Secondary Syphilis,310.0,Rhode Island,2010.0,Female,20-24 years,20-24,1.0,40938.0,2.44
41909,Primary and Secondary Syphilis,310.0,Rhode Island,2010.0,Female,35-39 years,35-39,1.0,32545.0,3.07
41910,Primary and Secondary Syphilis,310.0,Rhode Island,2011.0,Female,20-24 years,20-24,1.0,41556.0,2.41
41911,Primary and Secondary Syphilis,310.0,Rhode Island,2011.0,Female,40+ years,40+,2.0,280052.0,0.71
41912,Primary and Secondary Syphilis,310.0,Rhode Island,2012.0,Female,35-39 years,35-39,1.0,30209.0,3.31
41913,Primary and Secondary Syphilis,310.0,Rhode Island,2013.0,Female,40+ years,40+,1.0,281574.0,0.36
41914,Primary and Secondary Syphilis,310.0,Rhode Island,2014.0,Female,15-19 years,15-19,1.0,37267.0,2.68
41915,Primary and Secondary Syphilis,310.0,Rhode Island,2014.0,Female,20-24 years,20-24,1.0,40809.0,2.45
41916,Primary and Secondary Syphilis,310.0,Rhode Island,2014.0,Female,25-29 years,25-29,1.0,34509.0,2.9
41917,Primary and Secondary Syphilis,310.0,Rhode Island,2014.0,Female,30-34 years,30-34,1.0,32520.0,3.08
41918,Primary and Secondary Syphilis,310.0,Rhode Island,2014.0,Female,40+ years,40+,1.0,281574.0,0.36
41919,Primary and Secondary Syphilis,310.0,South Carolina,1996.0,Female,15-19 years,15-19,21.0,138905.0,15.12
41920,Primary and Secondary Syphilis,310.0,South Carolina,1996.0,Female,20-24 years,20-24,37.0,135726.0,27.26
41921,Primary and Secondary Syphilis,310.0,South Carolina,1996.0,Female,25-29 years,25-29,30.0,142657.0,21.03
41922,Primary and Secondary Syphilis,310.0,South Carolina,1996.0,Female,30-34 years,30-34,29.0,149253.0,19.43
41923,Primary and Secondary Syphilis,310.0,South Carolina,1996.0,Female,35-39 years,35-39,36.0,155786.0,23.11
41924,Primary and Secondary Syphilis,310.0,South Carolina,1996.0,Female,40+ years,40+,29.0,837325.0,3.46
41925,Primary and Secondary Syphilis,310.0,South Carolina,1997.0,Female,15-19 years,15-19,22.0,141807.0,15.51
41926,Primary and Secondary Syphilis,310.0,South Carolina,1997.0,Female,20-24 years,20-24,18.0,134276.0,13.41
41927,Primary and Secondary Syphilis,310.0,South Carolina,1997.0,Female,25-29 years,25-29,38.0,144406.0,26.31
41928,Primary and Secondary Syphilis,310.0,South Carolina,1997.0,Female,30-34 years,30-34,35.0,146482.0,23.89
41929,Primary and Secondary Syphilis,310.0,South Carolina,1997.0,Female,35-39 years,35-39,39.0,156796.0,24.87
41930,Primary and Secondary Syphilis,310.0,South Carolina,1997.0,Female,40+ years,40+,21.0,862889.0,2.43
41931,Primary and Secondary Syphilis,310.0,South Carolina,1998.0,Female,15-19 years,15-19,15.0,144042.0,10.41
41932,Primary and Secondary Syphilis,310.0,South Carolina,1998.0,Female,20-24 years,20-24,26.0,135187.0,19.23
41933,Primary and Secondary Syphilis,310.0,South Carolina,1998.0,Female,25-29 years,25-29,25.0,144242.0,17.33
41934,Primary and Secondary Syphilis,310.0,South Carolina,1998.0,Female,30-34 years,30-34,22.0,144229.0,15.25
41935,Primary and Secondary Syphilis,310.0,South Carolina,1998.0,Female,35-39 years,35-39,20.0,158282.0,12.64
41936,Primary and Secondary Syphilis,310.0,South Carolina,1998.0,Female,40+ years,40+,23.0,887266.0,2.59
41937,Primary and Secondary Syphilis,310.0,South Carolina,1999.0,Female,0-14 years,0-14,2.0,409086.0,0.49
41938,Primary and Secondary Syphilis,310.0,South Carolina,1999.0,Female,15-19 years,15-19,11.0,144637.0,7.61
41939,Primary and Secondary Syphilis,310.0,South Carolina,1999.0,Female,20-24 years,20-24,14.0,136980.0,10.22
41940,Primary and Secondary Syphilis,310.0,South Carolina,1999.0,Female,25-29 years,25-29,27.0,141774.0,19.04
41941,Primary and Secondary Syphilis,310.0,South Carolina,1999.0,Female,30-34 years,30-34,13.0,142930.0,9.1
41942,Primary and Secondary Syphilis,310.0,South Carolina,1999.0,Female,35-39 years,35-39,26.0,159873.0,16.26
41943,Primary and Secondary Syphilis,310.0,South Carolina,1999.0,Female,40+ years,40+,24.0,910326.0,2.64
41944,Primary and Secondary Syphilis,310.0,South Carolina,2000.0,Female,0-14 years,0-14,1.0,399096.0,0.25
41945,Primary and Secondary Syphilis,310.0,South Carolina,2000.0,Female,15-19 years,15-19,13.0,143024.0,9.09
41946,Primary and Secondary Syphilis,310.0,South Carolina,2000.0,Female,20-24 years,20-24,21.0,142043.0,14.78
41947,Primary and Secondary Syphilis,310.0,South Carolina,2000.0,Female,25-29 years,25-29,12.0,139084.0,8.63
41948,Primary and Secondary Syphilis,310.0,South Carolina,2000.0,Female,30-34 years,30-34,17.0,145364.0,11.69
41949,Primary and Secondary Syphilis,310.0,South Carolina,2000.0,Female,35-39 years,35-39,11.0,160969.0,6.83
41950,Primary and Secondary Syphilis,310.0,South Carolina,2000.0,Female,40+ years,40+,21.0,939991.0,2.23
41951,Primary and Secondary Syphilis,310.0,South Carolina,2001.0,Female,15-19 years,15-19,9.0,139958.0,6.43
41952,Primary and Secondary Syphilis,310.0,South Carolina,2001.0,Female,20-24 years,20-24,23.0,147997.0,15.54
41953,Primary and Secondary Syphilis,310.0,South Carolina,2001.0,Female,25-29 years,25-29,9.0,136189.0,6.61
41954,Primary and Secondary Syphilis,310.0,South Carolina,2001.0,Female,30-34 years,30-34,13.0,145999.0,8.9
41955,Primary and Secondary Syphilis,310.0,South Carolina,2001.0,Female,35-39 years,35-39,22.0,159095.0,13.83
41956,Primary and Secondary Syphilis,310.0,South Carolina,2001.0,Female,40+ years,40+,25.0,957845.0,2.61
41957,Primary and Secondary Syphilis,310.0,South Carolina,2002.0,Female,15-19 years,15-19,9.0,138356.0,6.5
41958,Primary and Secondary Syphilis,310.0,South Carolina,2002.0,Female,20-24 years,20-24,11.0,153418.0,7.17
41959,Primary and Secondary Syphilis,310.0,South Carolina,2002.0,Female,25-29 years,25-29,8.0,136648.0,5.85
41960,Primary and Secondary Syphilis,310.0,South Carolina,2002.0,Female,30-34 years,30-34,9.0,148595.0,6.06
41961,Primary and Secondary Syphilis,310.0,South Carolina,2002.0,Female,35-39 years,35-39,7.0,157293.0,4.45
41962,Primary and Secondary Syphilis,310.0,South Carolina,2002.0,Female,40+ years,40+,14.0,980831.0,1.43
41963,Primary and Secondary Syphilis,310.0,South Carolina,2003.0,Female,15-19 years,15-19,8.0,140829.0,5.68
41964,Primary and Secondary Syphilis,310.0,South Carolina,2003.0,Female,20-24 years,20-24,3.0,151259.0,1.98
41965,Primary and Secondary Syphilis,310.0,South Carolina,2003.0,Female,25-29 years,25-29,3.0,135740.0,2.21
41966,Primary and Secondary Syphilis,310.0,South Carolina,2003.0,Female,30-34 years,30-34,2.0,144573.0,1.38
41967,Primary and Secondary Syphilis,310.0,South Carolina,2003.0,Female,35-39 years,35-39,5.0,150347.0,3.33
41968,Primary and Secondary Syphilis,310.0,South Carolina,2003.0,Female,40+ years,40+,3.0,990758.0,0.3
41969,Primary and Secondary Syphilis,310.0,South Carolina,2004.0,Female,15-19 years,15-19,3.0,143376.0,2.09
41970,Primary and Secondary Syphilis,310.0,South Carolina,2004.0,Female,20-24 years,20-24,5.0,151033.0,3.31
41971,Primary and Secondary Syphilis,310.0,South Carolina,2004.0,Female,25-29 years,25-29,4.0,139939.0,2.86
41972,Primary and Secondary Syphilis,310.0,South Carolina,2004.0,Female,30-34 years,30-34,4.0,143742.0,2.78
41973,Primary and Secondary Syphilis,310.0,South Carolina,2004.0,Female,35-39 years,35-39,3.0,147597.0,2.03
41974,Primary and Secondary Syphilis,310.0,South Carolina,2004.0,Female,40+ years,40+,6.0,1013319.0,0.59
41975,Primary and Secondary Syphilis,310.0,South Carolina,2005.0,Female,0-14 years,0-14,2.0,412150.0,0.49
41976,Primary and Secondary Syphilis,310.0,South Carolina,2005.0,Female,15-19 years,15-19,1.0,146702.0,0.68
41977,Primary and Secondary Syphilis,310.0,South Carolina,2005.0,Female,20-24 years,20-24,3.0,148998.0,2.01
41978,Primary and Secondary Syphilis,310.0,South Carolina,2005.0,Female,25-29 years,25-29,1.0,145937.0,0.69
41979,Primary and Secondary Syphilis,310.0,South Carolina,2005.0,Female,30-34 years,30-34,2.0,141607.0,1.41
41980,Primary and Secondary Syphilis,310.0,South Carolina,2005.0,Female,35-39 years,35-39,2.0,147537.0,1.36
41981,Primary and Secondary Syphilis,310.0,South Carolina,2005.0,Female,40+ years,40+,6.0,1037921.0,0.58
41982,Primary and Secondary Syphilis,310.0,South Carolina,2006.0,Female,15-19 years,15-19,4.0,154353.0,2.59
41983,Primary and Secondary Syphilis,310.0,South Carolina,2006.0,Female,20-24 years,20-24,3.0,144074.0,2.08
41984,Primary and Secondary Syphilis,310.0,South Carolina,2006.0,Female,35-39 years,35-39,2.0,149132.0,1.34
41985,Primary and Secondary Syphilis,310.0,South Carolina,2006.0,Female,40+ years,40+,2.0,1070470.0,0.19
41986,Primary and Secondary Syphilis,310.0,South Carolina,2007.0,Female,20-24 years,20-24,3.0,144432.0,2.08
41987,Primary and Secondary Syphilis,310.0,South Carolina,2007.0,Female,25-29 years,25-29,3.0,149649.0,2.0
41988,Primary and Secondary Syphilis,310.0,South Carolina,2007.0,Female,30-34 years,30-34,1.0,138047.0,0.72
41989,Primary and Secondary Syphilis,310.0,South Carolina,2007.0,Female,35-39 years,35-39,1.0,151943.0,0.66
41990,Primary and Secondary Syphilis,310.0,South Carolina,2007.0,Female,40+ years,40+,2.0,1096906.0,0.18
41991,Primary and Secondary Syphilis,310.0,South Carolina,2008.0,Female,15-19 years,15-19,3.0,156819.0,1.91
41992,Primary and Secondary Syphilis,310.0,South Carolina,2008.0,Female,20-24 years,20-24,3.0,146072.0,2.05
41993,Primary and Secondary Syphilis,310.0,South Carolina,2008.0,Female,25-29 years,25-29,1.0,150999.0,0.66
41994,Primary and Secondary Syphilis,310.0,South Carolina,2008.0,Female,30-34 years,30-34,2.0,140244.0,1.43
41995,Primary and Secondary Syphilis,310.0,South Carolina,2008.0,Female,35-39 years,35-39,2.0,152507.0,1.31
41996,Primary and Secondary Syphilis,310.0,South Carolina,2008.0,Female,40+ years,40+,1.0,1123026.0,0.09
41997,Primary and Secondary Syphilis,310.0,South Carolina,2009.0,Female,15-19 years,15-19,2.0,155806.0,1.28
41998,Primary and Secondary Syphilis,310.0,South Carolina,2009.0,Female,20-24 years,20-24,1.0,151641.0,0.66
41999,Primary and Secondary Syphilis,310.0,South Carolina,2009.0,Female,30-34 years,30-34,2.0,144788.0,1.38
42000,Primary and Secondary Syphilis,310.0,South Carolina,2009.0,Female,35-39 years,35-39,1.0,151470.0,0.66
42001,Primary and Secondary Syphilis,310.0,South Carolina,2009.0,Female,40+ years,40+,4.0,1143013.0,0.35
42002,Primary and Secondary Syphilis,310.0,South Carolina,2010.0,Female,15-19 years,15-19,1.0,160739.0,0.62
42003,Primary and Secondary Syphilis,310.0,South Carolina,2010.0,Female,25-29 years,25-29,3.0,152758.0,1.96
42004,Primary and Secondary Syphilis,310.0,South Carolina,2010.0,Female,35-39 years,35-39,2.0,150777.0,1.33
42005,Primary and Secondary Syphilis,310.0,South Carolina,2010.0,Female,40+ years,40+,3.0,1162707.0,0.26
42006,Primary and Secondary Syphilis,310.0,South Carolina,2011.0,Female,15-19 years,15-19,3.0,154210.0,1.95
42007,Primary and Secondary Syphilis,310.0,South Carolina,2011.0,Female,20-24 years,20-24,5.0,169450.0,2.95
42008,Primary and Secondary Syphilis,310.0,South Carolina,2011.0,Female,25-29 years,25-29,4.0,153471.0,2.61
42009,Primary and Secondary Syphilis,310.0,South Carolina,2011.0,Female,30-34 years,30-34,4.0,149321.0,2.68
42010,Primary and Secondary Syphilis,310.0,South Carolina,2011.0,Female,35-39 years,35-39,3.0,145219.0,2.07
42011,Primary and Secondary Syphilis,310.0,South Carolina,2011.0,Female,40+ years,40+,5.0,1189364.0,0.42
42012,Primary and Secondary Syphilis,310.0,South Carolina,2012.0,Female,15-19 years,15-19,4.0,151482.0,2.64
42013,Primary and Secondary Syphilis,310.0,South Carolina,2012.0,Female,20-24 years,20-24,5.0,172304.0,2.9
42014,Primary and Secondary Syphilis,310.0,South Carolina,2012.0,Female,25-29 years,25-29,7.0,154019.0,4.54
42015,Primary and Secondary Syphilis,310.0,South Carolina,2012.0,Female,30-34 years,30-34,6.0,151848.0,3.95
42016,Primary and Secondary Syphilis,310.0,South Carolina,2012.0,Female,35-39 years,35-39,4.0,144288.0,2.77
42017,Primary and Secondary Syphilis,310.0,South Carolina,2012.0,Female,40+ years,40+,8.0,1209644.0,0.66
42018,Primary and Secondary Syphilis,310.0,South Carolina,2013.0,Female,15-19 years,15-19,8.0,150631.0,5.31
42019,Primary and Secondary Syphilis,310.0,South Carolina,2013.0,Female,20-24 years,20-24,17.0,173236.0,9.81
42020,Primary and Secondary Syphilis,310.0,South Carolina,2013.0,Female,25-29 years,25-29,7.0,155625.0,4.5
42021,Primary and Secondary Syphilis,310.0,South Carolina,2013.0,Female,30-34 years,30-34,4.0,154312.0,2.59
42022,Primary and Secondary Syphilis,310.0,South Carolina,2013.0,Female,35-39 years,35-39,1.0,144611.0,0.69
42023,Primary and Secondary Syphilis,310.0,South Carolina,2013.0,Female,40+ years,40+,2.0,1230729.0,0.16
42024,Primary and Secondary Syphilis,310.0,South Carolina,2014.0,Female,15-19 years,15-19,7.0,150631.0,4.65
42025,Primary and Secondary Syphilis,310.0,South Carolina,2014.0,Female,20-24 years,20-24,7.0,173236.0,4.04
42026,Primary and Secondary Syphilis,310.0,South Carolina,2014.0,Female,25-29 years,25-29,2.0,155625.0,1.29
42027,Primary and Secondary Syphilis,310.0,South Carolina,2014.0,Female,30-34 years,30-34,3.0,154312.0,1.94
42028,Primary and Secondary Syphilis,310.0,South Carolina,2014.0,Female,35-39 years,35-39,1.0,144611.0,0.69
42029,Primary and Secondary Syphilis,310.0,South Carolina,2014.0,Female,40+ years,40+,3.0,1230729.0,0.24
42030,Primary and Secondary Syphilis,310.0,South Dakota,1998.0,Female,30-34 years,30-34,1.0,23102.0,4.33
42031,Primary and Secondary Syphilis,310.0,South Dakota,2006.0,Female,25-29 years,25-29,1.0,24366.0,4.1
42032,Primary and Secondary Syphilis,310.0,South Dakota,2006.0,Female,40+ years,40+,4.0,188419.0,2.12
42033,Primary and Secondary Syphilis,310.0,South Dakota,2007.0,Female,20-24 years,20-24,1.0,28421.0,3.52
42034,Primary and Secondary Syphilis,310.0,South Dakota,2007.0,Female,35-39 years,35-39,1.0,22884.0,4.37
42035,Primary and Secondary Syphilis,310.0,South Dakota,2008.0,Female,20-24 years,20-24,1.0,28639.0,3.49
42036,Primary and Secondary Syphilis,310.0,South Dakota,2012.0,Female,35-39 years,35-39,1.0,22384.0,4.47
42037,Primary and Secondary Syphilis,310.0,South Dakota,2013.0,Female,15-19 years,15-19,3.0,27939.0,10.74
42038,Primary and Secondary Syphilis,310.0,South Dakota,2013.0,Female,20-24 years,20-24,4.0,29141.0,13.73
42039,Primary and Secondary Syphilis,310.0,South Dakota,2013.0,Female,25-29 years,25-29,1.0,26984.0,3.71
42040,Primary and Secondary Syphilis,310.0,South Dakota,2013.0,Female,30-34 years,30-34,1.0,26765.0,3.74
42041,Primary and Secondary Syphilis,310.0,South Dakota,2013.0,Female,35-39 years,35-39,2.0,22954.0,8.71
42042,Primary and Secondary Syphilis,310.0,South Dakota,2013.0,Female,40+ years,40+,4.0,201823.0,1.98
42043,Primary and Secondary Syphilis,310.0,South Dakota,2014.0,Female,15-19 years,15-19,11.0,27939.0,39.37
42044,Primary and Secondary Syphilis,310.0,South Dakota,2014.0,Female,20-24 years,20-24,7.0,29141.0,24.02
42045,Primary and Secondary Syphilis,310.0,South Dakota,2014.0,Female,25-29 years,25-29,6.0,26984.0,22.24
42046,Primary and Secondary Syphilis,310.0,South Dakota,2014.0,Female,30-34 years,30-34,2.0,26765.0,7.47
42047,Primary and Secondary Syphilis,310.0,South Dakota,2014.0,Female,35-39 years,35-39,5.0,22954.0,21.78
42048,Primary and Secondary Syphilis,310.0,South Dakota,2014.0,Female,40+ years,40+,3.0,201823.0,1.49
42049,Primary and Secondary Syphilis,310.0,Tennessee,1996.0,Female,0-14 years,0-14,3.0,542595.0,0.55
42050,Primary and Secondary Syphilis,310.0,Tennessee,1996.0,Female,15-19 years,15-19,47.0,187018.0,25.13
42051,Primary and Secondary Syphilis,310.0,Tennessee,1996.0,Female,20-24 years,20-24,90.0,186759.0,48.19
42052,Primary and Secondary Syphilis,310.0,Tennessee,1996.0,Female,25-29 years,25-29,81.0,201469.0,40.2
42053,Primary and Secondary Syphilis,310.0,Tennessee,1996.0,Female,30-34 years,30-34,83.0,218597.0,37.97
42054,Primary and Secondary Syphilis,310.0,Tennessee,1996.0,Female,35-39 years,35-39,67.0,225714.0,29.68
42055,Primary and Secondary Syphilis,310.0,Tennessee,1996.0,Female,40+ years,40+,51.0,1230945.0,4.14
42056,Primary and Secondary Syphilis,310.0,Tennessee,1997.0,Female,0-14 years,0-14,5.0,547485.0,0.91
42057,Primary and Secondary Syphilis,310.0,Tennessee,1997.0,Female,15-19 years,15-19,64.0,190442.0,33.61
42058,Primary and Secondary Syphilis,310.0,Tennessee,1997.0,Female,20-24 years,20-24,80.0,185949.0,43.02
42059,Primary and Secondary Syphilis,310.0,Tennessee,1997.0,Female,25-29 years,25-29,64.0,204971.0,31.22
42060,Primary and Secondary Syphilis,310.0,Tennessee,1997.0,Female,30-34 years,30-34,63.0,215422.0,29.24
42061,Primary and Secondary Syphilis,310.0,Tennessee,1997.0,Female,35-39 years,35-39,58.0,227686.0,25.47
42062,Primary and Secondary Syphilis,310.0,Tennessee,1997.0,Female,40+ years,40+,36.0,1262556.0,2.85
42063,Primary and Secondary Syphilis,310.0,Tennessee,1998.0,Female,0-14 years,0-14,4.0,553079.0,0.72
42064,Primary and Secondary Syphilis,310.0,Tennessee,1998.0,Female,15-19 years,15-19,42.0,192611.0,21.81
42065,Primary and Secondary Syphilis,310.0,Tennessee,1998.0,Female,20-24 years,20-24,50.0,187191.0,26.71
42066,Primary and Secondary Syphilis,310.0,Tennessee,1998.0,Female,25-29 years,25-29,40.0,205683.0,19.45
42067,Primary and Secondary Syphilis,310.0,Tennessee,1998.0,Female,30-34 years,30-34,48.0,210816.0,22.77
42068,Primary and Secondary Syphilis,310.0,Tennessee,1998.0,Female,35-39 years,35-39,46.0,229184.0,20.07
42069,Primary and Secondary Syphilis,310.0,Tennessee,1998.0,Female,40+ years,40+,54.0,1289143.0,4.19
42070,Primary and Secondary Syphilis,310.0,Tennessee,1999.0,Female,0-14 years,0-14,5.0,561403.0,0.89
42071,Primary and Secondary Syphilis,310.0,Tennessee,1999.0,Female,15-19 years,15-19,31.0,192848.0,16.07
42072,Primary and Secondary Syphilis,310.0,Tennessee,1999.0,Female,20-24 years,20-24,41.0,189434.0,21.64
42073,Primary and Secondary Syphilis,310.0,Tennessee,1999.0,Female,25-29 years,25-29,50.0,203748.0,24.54
42074,Primary and Secondary Syphilis,310.0,Tennessee,1999.0,Female,30-34 years,30-34,42.0,206922.0,20.3
42075,Primary and Secondary Syphilis,310.0,Tennessee,1999.0,Female,35-39 years,35-39,55.0,230518.0,23.86
42076,Primary and Secondary Syphilis,310.0,Tennessee,1999.0,Female,40+ years,40+,59.0,1312593.0,4.49
42077,Primary and Secondary Syphilis,310.0,Tennessee,2000.0,Female,15-19 years,15-19,32.0,191825.0,16.68
42078,Primary and Secondary Syphilis,310.0,Tennessee,2000.0,Female,20-24 years,20-24,50.0,193457.0,25.85
42079,Primary and Secondary Syphilis,310.0,Tennessee,2000.0,Female,25-29 years,25-29,31.0,199426.0,15.54
42080,Primary and Secondary Syphilis,310.0,Tennessee,2000.0,Female,30-34 years,30-34,55.0,207672.0,26.48
42081,Primary and Secondary Syphilis,310.0,Tennessee,2000.0,Female,35-39 years,35-39,29.0,230070.0,12.6
42082,Primary and Secondary Syphilis,310.0,Tennessee,2000.0,Female,40+ years,40+,50.0,1339028.0,3.73
42083,Primary and Secondary Syphilis,310.0,Tennessee,2001.0,Female,0-14 years,0-14,1.0,567072.0,0.18
42084,Primary and Secondary Syphilis,310.0,Tennessee,2001.0,Female,15-19 years,15-19,25.0,189848.0,13.17
42085,Primary and Secondary Syphilis,310.0,Tennessee,2001.0,Female,20-24 years,20-24,30.0,197631.0,15.18
42086,Primary and Secondary Syphilis,310.0,Tennessee,2001.0,Female,25-29 years,25-29,26.0,194440.0,13.37
42087,Primary and Secondary Syphilis,310.0,Tennessee,2001.0,Female,30-34 years,30-34,28.0,209983.0,13.33
42088,Primary and Secondary Syphilis,310.0,Tennessee,2001.0,Female,35-39 years,35-39,18.0,227234.0,7.92
42089,Primary and Secondary Syphilis,310.0,Tennessee,2001.0,Female,40+ years,40+,30.0,1361213.0,2.2
42090,Primary and Secondary Syphilis,310.0,Tennessee,2002.0,Female,0-14 years,0-14,2.0,569577.0,0.35
42091,Primary and Secondary Syphilis,310.0,Tennessee,2002.0,Female,15-19 years,15-19,11.0,189577.0,5.8
42092,Primary and Secondary Syphilis,310.0,Tennessee,2002.0,Female,20-24 years,20-24,26.0,197320.0,13.18
42093,Primary and Secondary Syphilis,310.0,Tennessee,2002.0,Female,25-29 years,25-29,16.0,190952.0,8.38
42094,Primary and Secondary Syphilis,310.0,Tennessee,2002.0,Female,30-34 years,30-34,9.0,212581.0,4.23
42095,Primary and Secondary Syphilis,310.0,Tennessee,2002.0,Female,35-39 years,35-39,5.0,222856.0,2.24
42096,Primary and Secondary Syphilis,310.0,Tennessee,2002.0,Female,40+ years,40+,13.0,1388210.0,0.94
42097,Primary and Secondary Syphilis,310.0,Tennessee,2003.0,Female,15-19 years,15-19,7.0,190669.0,3.67
42098,Primary and Secondary Syphilis,310.0,Tennessee,2003.0,Female,20-24 years,20-24,8.0,203065.0,3.94
42099,Primary and Secondary Syphilis,310.0,Tennessee,2003.0,Female,25-29 years,25-29,4.0,194789.0,2.05
42100,Primary and Secondary Syphilis,310.0,Tennessee,2003.0,Female,30-34 years,30-34,9.0,211992.0,4.25
42101,Primary and Secondary Syphilis,310.0,Tennessee,2003.0,Female,35-39 years,35-39,4.0,217042.0,1.84
42102,Primary and Secondary Syphilis,310.0,Tennessee,2003.0,Female,40+ years,40+,8.0,1406639.0,0.57
42103,Primary and Secondary Syphilis,310.0,Tennessee,2004.0,Female,15-19 years,15-19,3.0,193618.0,1.55
42104,Primary and Secondary Syphilis,310.0,Tennessee,2004.0,Female,20-24 years,20-24,7.0,202803.0,3.45
42105,Primary and Secondary Syphilis,310.0,Tennessee,2004.0,Female,25-29 years,25-29,3.0,199263.0,1.51
42106,Primary and Secondary Syphilis,310.0,Tennessee,2004.0,Female,30-34 years,30-34,6.0,211377.0,2.84
42107,Primary and Secondary Syphilis,310.0,Tennessee,2004.0,Female,35-39 years,35-39,5.0,213185.0,2.35
42108,Primary and Secondary Syphilis,310.0,Tennessee,2004.0,Female,40+ years,40+,10.0,1432133.0,0.7
42109,Primary and Secondary Syphilis,310.0,Tennessee,2005.0,Female,0-14 years,0-14,1.0,559192.0,0.18
42110,Primary and Secondary Syphilis,310.0,Tennessee,2005.0,Female,15-19 years,15-19,10.0,196568.0,5.09
42111,Primary and Secondary Syphilis,310.0,Tennessee,2005.0,Female,20-24 years,20-24,12.0,201728.0,5.95
42112,Primary and Secondary Syphilis,310.0,Tennessee,2005.0,Female,25-29 years,25-29,3.0,204582.0,1.47
42113,Primary and Secondary Syphilis,310.0,Tennessee,2005.0,Female,30-34 years,30-34,10.0,208754.0,4.79
42114,Primary and Secondary Syphilis,310.0,Tennessee,2005.0,Female,35-39 years,35-39,15.0,213231.0,7.03
42115,Primary and Secondary Syphilis,310.0,Tennessee,2005.0,Female,40+ years,40+,13.0,1458238.0,0.89
42116,Primary and Secondary Syphilis,310.0,Tennessee,2006.0,Female,0-14 years,0-14,1.0,580897.0,0.17
42117,Primary and Secondary Syphilis,310.0,Tennessee,2006.0,Female,15-19 years,15-19,7.0,197161.0,3.55
42118,Primary and Secondary Syphilis,310.0,Tennessee,2006.0,Female,20-24 years,20-24,8.0,195412.0,4.09
42119,Primary and Secondary Syphilis,310.0,Tennessee,2006.0,Female,25-29 years,25-29,13.0,218327.0,5.95
42120,Primary and Secondary Syphilis,310.0,Tennessee,2006.0,Female,30-34 years,30-34,13.0,198240.0,6.56
42121,Primary and Secondary Syphilis,310.0,Tennessee,2006.0,Female,35-39 years,35-39,9.0,211107.0,4.26
42122,Primary and Secondary Syphilis,310.0,Tennessee,2006.0,Female,40+ years,40+,22.0,1486769.0,1.48
42123,Primary and Secondary Syphilis,310.0,Tennessee,2007.0,Female,0-14 years,0-14,1.0,594626.0,0.17
42124,Primary and Secondary Syphilis,310.0,Tennessee,2007.0,Female,15-19 years,15-19,14.0,200319.0,6.99
42125,Primary and Secondary Syphilis,310.0,Tennessee,2007.0,Female,20-24 years,20-24,18.0,195137.0,9.22
42126,Primary and Secondary Syphilis,310.0,Tennessee,2007.0,Female,25-29 years,25-29,21.0,222281.0,9.45
42127,Primary and Secondary Syphilis,310.0,Tennessee,2007.0,Female,30-34 years,30-34,7.0,199061.0,3.52
42128,Primary and Secondary Syphilis,310.0,Tennessee,2007.0,Female,35-39 years,35-39,13.0,216326.0,6.01
42129,Primary and Secondary Syphilis,310.0,Tennessee,2007.0,Female,40+ years,40+,39.0,1522851.0,2.56
42130,Primary and Secondary Syphilis,310.0,Tennessee,2008.0,Female,15-19 years,15-19,14.0,200800.0,6.97
42131,Primary and Secondary Syphilis,310.0,Tennessee,2008.0,Female,20-24 years,20-24,15.0,195290.0,7.68
42132,Primary and Secondary Syphilis,310.0,Tennessee,2008.0,Female,25-29 years,25-29,24.0,221886.0,10.82
42133,Primary and Secondary Syphilis,310.0,Tennessee,2008.0,Female,30-34 years,30-34,12.0,200989.0,5.97
42134,Primary and Secondary Syphilis,310.0,Tennessee,2008.0,Female,35-39 years,35-39,19.0,216877.0,8.76
42135,Primary and Secondary Syphilis,310.0,Tennessee,2008.0,Female,40+ years,40+,35.0,1550413.0,2.26
42136,Primary and Secondary Syphilis,310.0,Tennessee,2009.0,Female,0-14 years,0-14,1.0,608592.0,0.16
42137,Primary and Secondary Syphilis,310.0,Tennessee,2009.0,Female,15-19 years,15-19,23.0,204963.0,11.22
42138,Primary and Secondary Syphilis,310.0,Tennessee,2009.0,Female,20-24 years,20-24,30.0,205403.0,14.61
42139,Primary and Secondary Syphilis,310.0,Tennessee,2009.0,Female,25-29 years,25-29,17.0,218775.0,7.77
42140,Primary and Secondary Syphilis,310.0,Tennessee,2009.0,Female,30-34 years,30-34,11.0,206971.0,5.31
42141,Primary and Secondary Syphilis,310.0,Tennessee,2009.0,Female,35-39 years,35-39,10.0,216048.0,4.63
42142,Primary and Secondary Syphilis,310.0,Tennessee,2009.0,Female,40+ years,40+,30.0,1566259.0,1.92
42143,Primary and Secondary Syphilis,310.0,Tennessee,2010.0,Female,15-19 years,15-19,4.0,214184.0,1.87
42144,Primary and Secondary Syphilis,310.0,Tennessee,2010.0,Female,20-24 years,20-24,12.0,213339.0,5.62
42145,Primary and Secondary Syphilis,310.0,Tennessee,2010.0,Female,25-29 years,25-29,6.0,210686.0,2.85
42146,Primary and Secondary Syphilis,310.0,Tennessee,2010.0,Female,30-34 years,30-34,4.0,204785.0,1.95
42147,Primary and Secondary Syphilis,310.0,Tennessee,2010.0,Female,35-39 years,35-39,7.0,213862.0,3.27
42148,Primary and Secondary Syphilis,310.0,Tennessee,2010.0,Female,40+ years,40+,16.0,1590058.0,1.01
42149,Primary and Secondary Syphilis,310.0,Tennessee,2011.0,Female,15-19 years,15-19,5.0,208025.0,2.4
42150,Primary and Secondary Syphilis,310.0,Tennessee,2011.0,Female,20-24 years,20-24,9.0,220971.0,4.07
42151,Primary and Secondary Syphilis,310.0,Tennessee,2011.0,Female,25-29 years,25-29,8.0,211707.0,3.78
42152,Primary and Secondary Syphilis,310.0,Tennessee,2011.0,Female,30-34 years,30-34,4.0,210250.0,1.9
42153,Primary and Secondary Syphilis,310.0,Tennessee,2011.0,Female,35-39 years,35-39,1.0,205831.0,0.49
42154,Primary and Secondary Syphilis,310.0,Tennessee,2011.0,Female,40+ years,40+,7.0,1619676.0,0.43
42155,Primary and Secondary Syphilis,310.0,Tennessee,2012.0,Female,0-14 years,0-14,1.0,607751.0,0.16
42156,Primary and Secondary Syphilis,310.0,Tennessee,2012.0,Female,15-19 years,15-19,9.0,205291.0,4.38
42157,Primary and Secondary Syphilis,310.0,Tennessee,2012.0,Female,20-24 years,20-24,7.0,226885.0,3.09
42158,Primary and Secondary Syphilis,310.0,Tennessee,2012.0,Female,25-29 years,25-29,5.0,212712.0,2.35
42159,Primary and Secondary Syphilis,310.0,Tennessee,2012.0,Female,30-34 years,30-34,2.0,213230.0,0.94
42160,Primary and Secondary Syphilis,310.0,Tennessee,2012.0,Female,35-39 years,35-39,2.0,203585.0,0.98
42161,Primary and Secondary Syphilis,310.0,Tennessee,2012.0,Female,40+ years,40+,5.0,1638026.0,0.31
42162,Primary and Secondary Syphilis,310.0,Tennessee,2013.0,Female,15-19 years,15-19,6.0,204642.0,2.93
42163,Primary and Secondary Syphilis,310.0,Tennessee,2013.0,Female,20-24 years,20-24,7.0,229454.0,3.05
42164,Primary and Secondary Syphilis,310.0,Tennessee,2013.0,Female,25-29 years,25-29,3.0,212706.0,1.41
42165,Primary and Secondary Syphilis,310.0,Tennessee,2013.0,Female,30-34 years,30-34,3.0,215057.0,1.39
42166,Primary and Secondary Syphilis,310.0,Tennessee,2013.0,Female,35-39 years,35-39,1.0,203129.0,0.49
42167,Primary and Secondary Syphilis,310.0,Tennessee,2013.0,Female,40+ years,40+,2.0,1655994.0,0.12
42168,Primary and Secondary Syphilis,310.0,Tennessee,2014.0,Female,0-14 years,0-14,1.0,607902.0,0.16
42169,Primary and Secondary Syphilis,310.0,Tennessee,2014.0,Female,15-19 years,15-19,4.0,204642.0,1.95
42170,Primary and Secondary Syphilis,310.0,Tennessee,2014.0,Female,20-24 years,20-24,15.0,229454.0,6.54
42171,Primary and Secondary Syphilis,310.0,Tennessee,2014.0,Female,25-29 years,25-29,6.0,212706.0,2.82
42172,Primary and Secondary Syphilis,310.0,Tennessee,2014.0,Female,30-34 years,30-34,1.0,215057.0,0.46
42173,Primary and Secondary Syphilis,310.0,Tennessee,2014.0,Female,35-39 years,35-39,2.0,203129.0,0.98
42174,Primary and Secondary Syphilis,310.0,Tennessee,2014.0,Female,40+ years,40+,5.0,1655994.0,0.3
42175,Primary and Secondary Syphilis,310.0,Texas,1996.0,Female,0-14 years,0-14,5.0,2268222.0,0.22
42176,Primary and Secondary Syphilis,310.0,Texas,1996.0,Female,15-19 years,15-19,85.0,715427.0,11.88
42177,Primary and Secondary Syphilis,310.0,Texas,1996.0,Female,20-24 years,20-24,110.0,683324.0,16.1
42178,Primary and Secondary Syphilis,310.0,Texas,1996.0,Female,25-29 years,25-29,82.0,734675.0,11.16
42179,Primary and Secondary Syphilis,310.0,Texas,1996.0,Female,30-34 years,30-34,65.0,815297.0,7.97
42180,Primary and Secondary Syphilis,310.0,Texas,1996.0,Female,35-39 years,35-39,45.0,825560.0,5.45
42181,Primary and Secondary Syphilis,310.0,Texas,1996.0,Female,40+ years,40+,42.0,3729347.0,1.13
42182,Primary and Secondary Syphilis,310.0,Texas,1996.0,Female,Unknown,99,2.0,,
42183,Primary and Secondary Syphilis,310.0,Texas,1997.0,Female,0-14 years,0-14,6.0,2301979.0,0.26
42184,Primary and Secondary Syphilis,310.0,Texas,1997.0,Female,15-19 years,15-19,66.0,740088.0,8.92
42185,Primary and Secondary Syphilis,310.0,Texas,1997.0,Female,20-24 years,20-24,66.0,692386.0,9.53
42186,Primary and Secondary Syphilis,310.0,Texas,1997.0,Female,25-29 years,25-29,55.0,749353.0,7.34
42187,Primary and Secondary Syphilis,310.0,Texas,1997.0,Female,30-34 years,30-34,45.0,799973.0,5.63
42188,Primary and Secondary Syphilis,310.0,Texas,1997.0,Female,35-39 years,35-39,40.0,834748.0,4.79
42189,Primary and Secondary Syphilis,310.0,Texas,1997.0,Female,40+ years,40+,34.0,3847775.0,0.88
42190,Primary and Secondary Syphilis,310.0,Texas,1997.0,Female,Unknown,99,3.0,,
42191,Primary and Secondary Syphilis,310.0,Texas,1998.0,Female,0-14 years,0-14,4.0,2342925.0,0.17
42192,Primary and Secondary Syphilis,310.0,Texas,1998.0,Female,15-19 years,15-19,35.0,765663.0,4.57
42193,Primary and Secondary Syphilis,310.0,Texas,1998.0,Female,20-24 years,20-24,39.0,706170.0,5.52
42194,Primary and Secondary Syphilis,310.0,Texas,1998.0,Female,25-29 years,25-29,24.0,763015.0,3.15
42195,Primary and Secondary Syphilis,310.0,Texas,1998.0,Female,30-34 years,30-34,37.0,783121.0,4.72
42196,Primary and Secondary Syphilis,310.0,Texas,1998.0,Female,35-39 years,35-39,18.0,841411.0,2.14
42197,Primary and Secondary Syphilis,310.0,Texas,1998.0,Female,40+ years,40+,25.0,3968220.0,0.63
42198,Primary and Secondary Syphilis,310.0,Texas,1998.0,Female,Unknown,99,1.0,,
42199,Primary and Secondary Syphilis,310.0,Texas,1999.0,Female,0-14 years,0-14,1.0,2379456.0,0.04
42200,Primary and Secondary Syphilis,310.0,Texas,1999.0,Female,15-19 years,15-19,25.0,781157.0,3.2
42201,Primary and Secondary Syphilis,310.0,Texas,1999.0,Female,20-24 years,20-24,48.0,725660.0,6.61
42202,Primary and Secondary Syphilis,310.0,Texas,1999.0,Female,25-29 years,25-29,29.0,773408.0,3.75
42203,Primary and Secondary Syphilis,310.0,Texas,1999.0,Female,30-34 years,30-34,28.0,771770.0,3.63
42204,Primary and Secondary Syphilis,310.0,Texas,1999.0,Female,35-39 years,35-39,27.0,843958.0,3.2
42205,Primary and Secondary Syphilis,310.0,Texas,1999.0,Female,40+ years,40+,24.0,4084793.0,0.59
42206,Primary and Secondary Syphilis,310.0,Texas,2000.0,Female,0-14 years,0-14,1.0,2440035.0,0.04
42207,Primary and Secondary Syphilis,310.0,Texas,2000.0,Female,15-19 years,15-19,19.0,791597.0,2.4
42208,Primary and Secondary Syphilis,310.0,Texas,2000.0,Female,20-24 years,20-24,32.0,746299.0,4.29
42209,Primary and Secondary Syphilis,310.0,Texas,2000.0,Female,25-29 years,25-29,23.0,773976.0,2.97
42210,Primary and Secondary Syphilis,310.0,Texas,2000.0,Female,30-34 years,30-34,21.0,773644.0,2.71
42211,Primary and Secondary Syphilis,310.0,Texas,2000.0,Female,35-39 years,35-39,27.0,831657.0,3.25
42212,Primary and Secondary Syphilis,310.0,Texas,2000.0,Female,40+ years,40+,29.0,4191273.0,0.69
42213,Primary and Secondary Syphilis,310.0,Texas,2001.0,Female,15-19 years,15-19,29.0,800119.0,3.62
42214,Primary and Secondary Syphilis,310.0,Texas,2001.0,Female,20-24 years,20-24,32.0,768588.0,4.16
42215,Primary and Secondary Syphilis,310.0,Texas,2001.0,Female,25-29 years,25-29,23.0,772614.0,2.98
42216,Primary and Secondary Syphilis,310.0,Texas,2001.0,Female,30-34 years,30-34,27.0,794663.0,3.4
42217,Primary and Secondary Syphilis,310.0,Texas,2001.0,Female,35-39 years,35-39,26.0,823671.0,3.16
42218,Primary and Secondary Syphilis,310.0,Texas,2001.0,Female,40+ years,40+,32.0,4329337.0,0.74
42219,Primary and Secondary Syphilis,310.0,Texas,2002.0,Female,0-14 years,0-14,2.0,2494056.0,0.08
42220,Primary and Secondary Syphilis,310.0,Texas,2002.0,Female,15-19 years,15-19,33.0,809988.0,4.07
42221,Primary and Secondary Syphilis,310.0,Texas,2002.0,Female,20-24 years,20-24,42.0,779507.0,5.39
42222,Primary and Secondary Syphilis,310.0,Texas,2002.0,Female,25-29 years,25-29,24.0,768445.0,3.12
42223,Primary and Secondary Syphilis,310.0,Texas,2002.0,Female,30-34 years,30-34,27.0,812266.0,3.32
42224,Primary and Secondary Syphilis,310.0,Texas,2002.0,Female,35-39 years,35-39,26.0,809505.0,3.21
42225,Primary and Secondary Syphilis,310.0,Texas,2002.0,Female,40+ years,40+,38.0,4480202.0,0.85
42226,Primary and Secondary Syphilis,310.0,Texas,2003.0,Female,0-14 years,0-14,2.0,2560382.0,0.08
42227,Primary and Secondary Syphilis,310.0,Texas,2003.0,Female,15-19 years,15-19,32.0,812383.0,3.94
42228,Primary and Secondary Syphilis,310.0,Texas,2003.0,Female,20-24 years,20-24,42.0,808069.0,5.2
42229,Primary and Secondary Syphilis,310.0,Texas,2003.0,Female,25-29 years,25-29,24.0,778468.0,3.08
42230,Primary and Secondary Syphilis,310.0,Texas,2003.0,Female,30-34 years,30-34,11.0,826957.0,1.33
42231,Primary and Secondary Syphilis,310.0,Texas,2003.0,Female,35-39 years,35-39,15.0,798638.0,1.88
42232,Primary and Secondary Syphilis,310.0,Texas,2003.0,Female,40+ years,40+,36.0,4524218.0,0.8
42233,Primary and Secondary Syphilis,310.0,Texas,2004.0,Female,0-14 years,0-14,1.0,2571692.0,0.04
42234,Primary and Secondary Syphilis,310.0,Texas,2004.0,Female,15-19 years,15-19,26.0,820602.0,3.17
42235,Primary and Secondary Syphilis,310.0,Texas,2004.0,Female,20-24 years,20-24,56.0,826830.0,6.77
42236,Primary and Secondary Syphilis,310.0,Texas,2004.0,Female,25-29 years,25-29,21.0,792434.0,2.65
42237,Primary and Secondary Syphilis,310.0,Texas,2004.0,Female,30-34 years,30-34,21.0,835362.0,2.51
42238,Primary and Secondary Syphilis,310.0,Texas,2004.0,Female,35-39 years,35-39,22.0,796361.0,2.76
42239,Primary and Secondary Syphilis,310.0,Texas,2004.0,Female,40+ years,40+,32.0,4645473.0,0.69
42240,Primary and Secondary Syphilis,310.0,Texas,2005.0,Female,15-19 years,15-19,34.0,830787.0,4.09
42241,Primary and Secondary Syphilis,310.0,Texas,2005.0,Female,20-24 years,20-24,76.0,835560.0,9.1
42242,Primary and Secondary Syphilis,310.0,Texas,2005.0,Female,25-29 years,25-29,44.0,810042.0,5.43
42243,Primary and Secondary Syphilis,310.0,Texas,2005.0,Female,30-34 years,30-34,22.0,833264.0,2.64
42244,Primary and Secondary Syphilis,310.0,Texas,2005.0,Female,35-39 years,35-39,19.0,805949.0,2.36
42245,Primary and Secondary Syphilis,310.0,Texas,2005.0,Female,40+ years,40+,48.0,4764638.0,1.01
42246,Primary and Secondary Syphilis,310.0,Texas,2006.0,Female,0-14 years,0-14,5.0,2657598.0,0.19
42247,Primary and Secondary Syphilis,310.0,Texas,2006.0,Female,15-19 years,15-19,52.0,841496.0,6.18
42248,Primary and Secondary Syphilis,310.0,Texas,2006.0,Female,20-24 years,20-24,56.0,845998.0,6.62
42249,Primary and Secondary Syphilis,310.0,Texas,2006.0,Female,25-29 years,25-29,56.0,857304.0,6.53
42250,Primary and Secondary Syphilis,310.0,Texas,2006.0,Female,30-34 years,30-34,24.0,830571.0,2.89
42251,Primary and Secondary Syphilis,310.0,Texas,2006.0,Female,35-39 years,35-39,23.0,840564.0,2.74
42252,Primary and Secondary Syphilis,310.0,Texas,2006.0,Female,40+ years,40+,45.0,4920184.0,0.91
42253,Primary and Secondary Syphilis,310.0,Texas,2007.0,Female,0-14 years,0-14,2.0,2713864.0,0.07
42254,Primary and Secondary Syphilis,310.0,Texas,2007.0,Female,15-19 years,15-19,51.0,846040.0,6.03
42255,Primary and Secondary Syphilis,310.0,Texas,2007.0,Female,20-24 years,20-24,72.0,835788.0,8.61
42256,Primary and Secondary Syphilis,310.0,Texas,2007.0,Female,25-29 years,25-29,47.0,880638.0,5.34
42257,Primary and Secondary Syphilis,310.0,Texas,2007.0,Female,30-34 years,30-34,31.0,828709.0,3.74
42258,Primary and Secondary Syphilis,310.0,Texas,2007.0,Female,35-39 years,35-39,32.0,858504.0,3.73
42259,Primary and Secondary Syphilis,310.0,Texas,2007.0,Female,40+ years,40+,62.0,5014973.0,1.24
42260,Primary and Secondary Syphilis,310.0,Texas,2008.0,Female,0-14 years,0-14,7.0,2763617.0,0.25
42261,Primary and Secondary Syphilis,310.0,Texas,2008.0,Female,15-19 years,15-19,75.0,856078.0,8.76
42262,Primary and Secondary Syphilis,310.0,Texas,2008.0,Female,20-24 years,20-24,122.0,841257.0,14.5
42263,Primary and Secondary Syphilis,310.0,Texas,2008.0,Female,25-29 years,25-29,77.0,895951.0,8.59
42264,Primary and Secondary Syphilis,310.0,Texas,2008.0,Female,30-34 years,30-34,48.0,831263.0,5.77
42265,Primary and Secondary Syphilis,310.0,Texas,2008.0,Female,35-39 years,35-39,37.0,871249.0,4.25
42266,Primary and Secondary Syphilis,310.0,Texas,2008.0,Female,40+ years,40+,84.0,5124001.0,1.64
42267,Primary and Secondary Syphilis,310.0,Texas,2009.0,Female,0-14 years,0-14,4.0,2843745.0,0.14
42268,Primary and Secondary Syphilis,310.0,Texas,2009.0,Female,15-19 years,15-19,84.0,868122.0,9.68
42269,Primary and Secondary Syphilis,310.0,Texas,2009.0,Female,20-24 years,20-24,148.0,867183.0,17.07
42270,Primary and Secondary Syphilis,310.0,Texas,2009.0,Female,25-29 years,25-29,77.0,914887.0,8.42
42271,Primary and Secondary Syphilis,310.0,Texas,2009.0,Female,30-34 years,30-34,62.0,847878.0,7.31
42272,Primary and Secondary Syphilis,310.0,Texas,2009.0,Female,35-39 years,35-39,42.0,864495.0,4.86
42273,Primary and Secondary Syphilis,310.0,Texas,2009.0,Female,40+ years,40+,73.0,5197900.0,1.4
42274,Primary and Secondary Syphilis,310.0,Texas,2010.0,Female,0-14 years,0-14,1.0,2807761.0,0.04
42275,Primary and Secondary Syphilis,310.0,Texas,2010.0,Female,15-19 years,15-19,67.0,914438.0,7.33
42276,Primary and Secondary Syphilis,310.0,Texas,2010.0,Female,20-24 years,20-24,106.0,884726.0,11.98
42277,Primary and Secondary Syphilis,310.0,Texas,2010.0,Female,25-29 years,25-29,59.0,914073.0,6.45
42278,Primary and Secondary Syphilis,310.0,Texas,2010.0,Female,30-34 years,30-34,47.0,877547.0,5.36
42279,Primary and Secondary Syphilis,310.0,Texas,2010.0,Female,35-39 years,35-39,21.0,887448.0,2.37
42280,Primary and Secondary Syphilis,310.0,Texas,2010.0,Female,40+ years,40+,32.0,5387288.0,0.59
42281,Primary and Secondary Syphilis,310.0,Texas,2011.0,Female,15-19 years,15-19,54.0,911763.0,5.92
42282,Primary and Secondary Syphilis,310.0,Texas,2011.0,Female,20-24 years,20-24,70.0,913389.0,7.66
42283,Primary and Secondary Syphilis,310.0,Texas,2011.0,Female,25-29 years,25-29,46.0,924159.0,4.98
42284,Primary and Secondary Syphilis,310.0,Texas,2011.0,Female,30-34 years,30-34,39.0,904687.0,4.31
42285,Primary and Secondary Syphilis,310.0,Texas,2011.0,Female,35-39 years,35-39,20.0,879380.0,2.27
42286,Primary and Secondary Syphilis,310.0,Texas,2011.0,Female,40+ years,40+,26.0,5545027.0,0.47
42287,Primary and Secondary Syphilis,310.0,Texas,2012.0,Female,0-14 years,0-14,1.0,2865365.0,0.03
42288,Primary and Secondary Syphilis,310.0,Texas,2012.0,Female,15-19 years,15-19,42.0,910824.0,4.61
42289,Primary and Secondary Syphilis,310.0,Texas,2012.0,Female,20-24 years,20-24,79.0,937209.0,8.43
42290,Primary and Secondary Syphilis,310.0,Texas,2012.0,Female,25-29 years,25-29,57.0,930372.0,6.13
42291,Primary and Secondary Syphilis,310.0,Texas,2012.0,Female,30-34 years,30-34,29.0,925423.0,3.13
42292,Primary and Secondary Syphilis,310.0,Texas,2012.0,Female,35-39 years,35-39,20.0,879531.0,2.27
42293,Primary and Secondary Syphilis,310.0,Texas,2012.0,Female,40+ years,40+,41.0,5662745.0,0.72
42294,Primary and Secondary Syphilis,310.0,Texas,2013.0,Female,15-19 years,15-19,29.0,915489.0,3.17
42295,Primary and Secondary Syphilis,310.0,Texas,2013.0,Female,20-24 years,20-24,58.0,951812.0,6.09
42296,Primary and Secondary Syphilis,310.0,Texas,2013.0,Female,25-29 years,25-29,38.0,938580.0,4.05
42297,Primary and Secondary Syphilis,310.0,Texas,2013.0,Female,30-34 years,30-34,17.0,945780.0,1.8
42298,Primary and Secondary Syphilis,310.0,Texas,2013.0,Female,35-39 years,35-39,14.0,886049.0,1.58
42299,Primary and Secondary Syphilis,310.0,Texas,2013.0,Female,40+ years,40+,23.0,5775558.0,0.4
42300,Primary and Secondary Syphilis,310.0,Texas,2014.0,Female,0-14 years,0-14,1.0,2887923.0,0.03
42301,Primary and Secondary Syphilis,310.0,Texas,2014.0,Female,15-19 years,15-19,29.0,915489.0,3.17
42302,Primary and Secondary Syphilis,310.0,Texas,2014.0,Female,20-24 years,20-24,90.0,951812.0,9.46
42303,Primary and Secondary Syphilis,310.0,Texas,2014.0,Female,25-29 years,25-29,59.0,938580.0,6.29
42304,Primary and Secondary Syphilis,310.0,Texas,2014.0,Female,30-34 years,30-34,22.0,945780.0,2.33
42305,Primary and Secondary Syphilis,310.0,Texas,2014.0,Female,35-39 years,35-39,17.0,886049.0,1.92
42306,Primary and Secondary Syphilis,310.0,Texas,2014.0,Female,40+ years,40+,24.0,5775558.0,0.42
42307,Primary and Secondary Syphilis,310.0,Utah,1997.0,Female,30-34 years,30-34,1.0,72908.0,1.37
42308,Primary and Secondary Syphilis,310.0,Utah,1997.0,Female,35-39 years,35-39,1.0,75606.0,1.32
42309,Primary and Secondary Syphilis,310.0,Utah,2000.0,Female,20-24 years,20-24,1.0,114259.0,0.88
42310,Primary and Secondary Syphilis,310.0,Utah,2001.0,Female,20-24 years,20-24,1.0,119842.0,0.83
42311,Primary and Secondary Syphilis,310.0,Utah,2001.0,Female,30-34 years,30-34,1.0,75128.0,1.33
42312,Primary and Secondary Syphilis,310.0,Utah,2003.0,Female,0-14 years,0-14,1.0,304720.0,0.33
42313,Primary and Secondary Syphilis,310.0,Utah,2003.0,Female,25-29 years,25-29,1.0,103289.0,0.97
42314,Primary and Secondary Syphilis,310.0,Utah,2003.0,Female,40+ years,40+,1.0,399485.0,0.25
42315,Primary and Secondary Syphilis,310.0,Utah,2004.0,Female,15-19 years,15-19,1.0,94250.0,1.06
42316,Primary and Secondary Syphilis,310.0,Utah,2004.0,Female,20-24 years,20-24,1.0,121164.0,0.83
42317,Primary and Secondary Syphilis,310.0,Utah,2004.0,Female,25-29 years,25-29,1.0,110793.0,0.9
42318,Primary and Secondary Syphilis,310.0,Utah,2005.0,Female,15-19 years,15-19,1.0,95315.0,1.05
42319,Primary and Secondary Syphilis,310.0,Utah,2006.0,Female,15-19 years,15-19,1.0,102858.0,0.97
42320,Primary and Secondary Syphilis,310.0,Utah,2006.0,Female,30-34 years,30-34,1.0,87508.0,1.14
42321,Primary and Secondary Syphilis,310.0,Utah,2006.0,Female,40+ years,40+,1.0,448907.0,0.22
42322,Primary and Secondary Syphilis,310.0,Utah,2008.0,Female,25-29 years,25-29,1.0,115735.0,0.86
42323,Primary and Secondary Syphilis,310.0,Utah,2010.0,Female,15-19 years,15-19,1.0,109363.0,0.91
42324,Primary and Secondary Syphilis,310.0,Utah,2010.0,Female,20-24 years,20-24,1.0,112912.0,0.89
42325,Primary and Secondary Syphilis,310.0,Utah,2013.0,Female,15-19 years,15-19,1.0,109556.0,0.91
42326,Primary and Secondary Syphilis,310.0,Utah,2013.0,Female,35-39 years,35-39,1.0,98656.0,1.01
42327,Primary and Secondary Syphilis,310.0,Utah,2014.0,Female,20-24 years,20-24,1.0,120676.0,0.83
42328,Primary and Secondary Syphilis,310.0,Vermont,1998.0,Female,20-24 years,20-24,1.0,17784.0,5.62
42329,Primary and Secondary Syphilis,310.0,Vermont,1999.0,Female,30-34 years,30-34,1.0,20365.0,4.91
42330,Primary and Secondary Syphilis,310.0,Vermont,1999.0,Female,35-39 years,35-39,1.0,25623.0,3.9
42331,Primary and Secondary Syphilis,310.0,Vermont,2010.0,Female,20-24 years,20-24,1.0,21169.0,4.72
42332,Primary and Secondary Syphilis,310.0,Vermont,2010.0,Female,25-29 years,25-29,1.0,17728.0,5.64
42333,Primary and Secondary Syphilis,310.0,Virginia,1996.0,Female,0-14 years,0-14,1.0,682148.0,0.15
42334,Primary and Secondary Syphilis,310.0,Virginia,1996.0,Female,15-19 years,15-19,26.0,218564.0,11.9
42335,Primary and Secondary Syphilis,310.0,Virginia,1996.0,Female,20-24 years,20-24,29.0,222848.0,13.01
42336,Primary and Secondary Syphilis,310.0,Virginia,1996.0,Female,25-29 years,25-29,33.0,260901.0,12.65
42337,Primary and Secondary Syphilis,310.0,Virginia,1996.0,Female,30-34 years,30-34,40.0,294853.0,13.57
42338,Primary and Secondary Syphilis,310.0,Virginia,1996.0,Female,35-39 years,35-39,37.0,301224.0,12.28
42339,Primary and Secondary Syphilis,310.0,Virginia,1996.0,Female,40+ years,40+,38.0,1462446.0,2.6
42340,Primary and Secondary Syphilis,310.0,Virginia,1997.0,Female,15-19 years,15-19,11.0,224013.0,4.91
42341,Primary and Secondary Syphilis,310.0,Virginia,1997.0,Female,20-24 years,20-24,26.0,221130.0,11.76
42342,Primary and Secondary Syphilis,310.0,Virginia,1997.0,Female,25-29 years,25-29,19.0,259086.0,7.33
42343,Primary and Secondary Syphilis,310.0,Virginia,1997.0,Female,30-34 years,30-34,17.0,288042.0,5.9
42344,Primary and Secondary Syphilis,310.0,Virginia,1997.0,Female,35-39 years,35-39,19.0,303336.0,6.26
42345,Primary and Secondary Syphilis,310.0,Virginia,1997.0,Female,40+ years,40+,20.0,1500862.0,1.33
42346,Primary and Secondary Syphilis,310.0,Virginia,1998.0,Female,0-14 years,0-14,1.0,697252.0,0.14
42347,Primary and Secondary Syphilis,310.0,Virginia,1998.0,Female,15-19 years,15-19,7.0,229166.0,3.05
42348,Primary and Secondary Syphilis,310.0,Virginia,1998.0,Female,20-24 years,20-24,8.0,222052.0,3.6
42349,Primary and Secondary Syphilis,310.0,Virginia,1998.0,Female,25-29 years,25-29,12.0,254495.0,4.72
42350,Primary and Secondary Syphilis,310.0,Virginia,1998.0,Female,30-34 years,30-34,16.0,278975.0,5.74
42351,Primary and Secondary Syphilis,310.0,Virginia,1998.0,Female,35-39 years,35-39,8.0,304280.0,2.63
42352,Primary and Secondary Syphilis,310.0,Virginia,1998.0,Female,40+ years,40+,9.0,1535054.0,0.59
42353,Primary and Secondary Syphilis,310.0,Virginia,1999.0,Female,15-19 years,15-19,7.0,233103.0,3.0
42354,Primary and Secondary Syphilis,310.0,Virginia,1999.0,Female,20-24 years,20-24,9.0,226652.0,3.97
42355,Primary and Secondary Syphilis,310.0,Virginia,1999.0,Female,25-29 years,25-29,14.0,249866.0,5.6
42356,Primary and Secondary Syphilis,310.0,Virginia,1999.0,Female,30-34 years,30-34,17.0,272539.0,6.24
42357,Primary and Secondary Syphilis,310.0,Virginia,1999.0,Female,35-39 years,35-39,14.0,307074.0,4.56
42358,Primary and Secondary Syphilis,310.0,Virginia,1999.0,Female,40+ years,40+,10.0,1575809.0,0.63
42359,Primary and Secondary Syphilis,310.0,Virginia,2000.0,Female,15-19 years,15-19,7.0,236561.0,2.96
42360,Primary and Secondary Syphilis,310.0,Virginia,2000.0,Female,20-24 years,20-24,4.0,233385.0,1.71
42361,Primary and Secondary Syphilis,310.0,Virginia,2000.0,Female,25-29 years,25-29,7.0,243577.0,2.87
42362,Primary and Secondary Syphilis,310.0,Virginia,2000.0,Female,30-34 years,30-34,9.0,270366.0,3.33
42363,Primary and Secondary Syphilis,310.0,Virginia,2000.0,Female,35-39 years,35-39,6.0,305921.0,1.96
42364,Primary and Secondary Syphilis,310.0,Virginia,2000.0,Female,40+ years,40+,11.0,1615067.0,0.68
42365,Primary and Secondary Syphilis,310.0,Virginia,2001.0,Female,15-19 years,15-19,3.0,237457.0,1.26
42366,Primary and Secondary Syphilis,310.0,Virginia,2001.0,Female,20-24 years,20-24,7.0,241049.0,2.9
42367,Primary and Secondary Syphilis,310.0,Virginia,2001.0,Female,25-29 years,25-29,5.0,239770.0,2.09
42368,Primary and Secondary Syphilis,310.0,Virginia,2001.0,Female,30-34 years,30-34,5.0,272923.0,1.83
42369,Primary and Secondary Syphilis,310.0,Virginia,2001.0,Female,35-39 years,35-39,11.0,303054.0,3.63
42370,Primary and Secondary Syphilis,310.0,Virginia,2001.0,Female,40+ years,40+,12.0,1652742.0,0.73
42371,Primary and Secondary Syphilis,310.0,Virginia,2002.0,Female,15-19 years,15-19,3.0,240138.0,1.25
42372,Primary and Secondary Syphilis,310.0,Virginia,2002.0,Female,20-24 years,20-24,2.0,248508.0,0.8
42373,Primary and Secondary Syphilis,310.0,Virginia,2002.0,Female,25-29 years,25-29,3.0,239341.0,1.25
42374,Primary and Secondary Syphilis,310.0,Virginia,2002.0,Female,35-39 years,35-39,1.0,298132.0,0.34
42375,Primary and Secondary Syphilis,310.0,Virginia,2002.0,Female,40+ years,40+,8.0,1686642.0,0.47
42376,Primary and Secondary Syphilis,310.0,Virginia,2003.0,Female,20-24 years,20-24,1.0,250963.0,0.4
42377,Primary and Secondary Syphilis,310.0,Virginia,2003.0,Female,30-34 years,30-34,2.0,266454.0,0.75
42378,Primary and Secondary Syphilis,310.0,Virginia,2003.0,Female,35-39 years,35-39,2.0,288145.0,0.69
42379,Primary and Secondary Syphilis,310.0,Virginia,2003.0,Female,40+ years,40+,2.0,1734836.0,0.12
42380,Primary and Secondary Syphilis,310.0,Virginia,2004.0,Female,20-24 years,20-24,2.0,253308.0,0.79
42381,Primary and Secondary Syphilis,310.0,Virginia,2004.0,Female,35-39 years,35-39,3.0,281003.0,1.07
42382,Primary and Secondary Syphilis,310.0,Virginia,2004.0,Female,40+ years,40+,1.0,1769536.0,0.06
42383,Primary and Secondary Syphilis,310.0,Virginia,2005.0,Female,15-19 years,15-19,4.0,255029.0,1.57
42384,Primary and Secondary Syphilis,310.0,Virginia,2005.0,Female,20-24 years,20-24,3.0,254457.0,1.18
42385,Primary and Secondary Syphilis,310.0,Virginia,2005.0,Female,25-29 years,25-29,4.0,247864.0,1.61
42386,Primary and Secondary Syphilis,310.0,Virginia,2005.0,Female,30-34 years,30-34,2.0,254972.0,0.78
42387,Primary and Secondary Syphilis,310.0,Virginia,2005.0,Female,35-39 years,35-39,2.0,278702.0,0.72
42388,Primary and Secondary Syphilis,310.0,Virginia,2005.0,Female,40+ years,40+,4.0,1814958.0,0.22
42389,Primary and Secondary Syphilis,310.0,Virginia,2006.0,Female,15-19 years,15-19,3.0,258515.0,1.16
42390,Primary and Secondary Syphilis,310.0,Virginia,2006.0,Female,20-24 years,20-24,8.0,254172.0,3.15
42391,Primary and Secondary Syphilis,310.0,Virginia,2006.0,Female,25-29 years,25-29,5.0,262561.0,1.9
42392,Primary and Secondary Syphilis,310.0,Virginia,2006.0,Female,30-34 years,30-34,3.0,257385.0,1.17
42393,Primary and Secondary Syphilis,310.0,Virginia,2006.0,Female,35-39 years,35-39,1.0,285025.0,0.35
42394,Primary and Secondary Syphilis,310.0,Virginia,2006.0,Female,40+ years,40+,3.0,1840083.0,0.16
42395,Primary and Secondary Syphilis,310.0,Virginia,2007.0,Female,15-19 years,15-19,5.0,262314.0,1.91
42396,Primary and Secondary Syphilis,310.0,Virginia,2007.0,Female,20-24 years,20-24,6.0,260043.0,2.31
42397,Primary and Secondary Syphilis,310.0,Virginia,2007.0,Female,25-29 years,25-29,1.0,263661.0,0.38
42398,Primary and Secondary Syphilis,310.0,Virginia,2007.0,Female,30-34 years,30-34,3.0,254069.0,1.18
42399,Primary and Secondary Syphilis,310.0,Virginia,2007.0,Female,40+ years,40+,1.0,1865270.0,0.05
42400,Primary and Secondary Syphilis,310.0,Virginia,2008.0,Female,15-19 years,15-19,5.0,263050.0,1.9
42401,Primary and Secondary Syphilis,310.0,Virginia,2008.0,Female,20-24 years,20-24,4.0,258876.0,1.55
42402,Primary and Secondary Syphilis,310.0,Virginia,2008.0,Female,25-29 years,25-29,4.0,266668.0,1.5
42403,Primary and Secondary Syphilis,310.0,Virginia,2008.0,Female,30-34 years,30-34,4.0,254925.0,1.57
42404,Primary and Secondary Syphilis,310.0,Virginia,2008.0,Female,35-39 years,35-39,1.0,280249.0,0.36
42405,Primary and Secondary Syphilis,310.0,Virginia,2008.0,Female,40+ years,40+,7.0,1888760.0,0.37
42406,Primary and Secondary Syphilis,310.0,Virginia,2009.0,Female,0-14 years,0-14,1.0,752954.0,0.13
42407,Primary and Secondary Syphilis,310.0,Virginia,2009.0,Female,15-19 years,15-19,5.0,265725.0,1.88
42408,Primary and Secondary Syphilis,310.0,Virginia,2009.0,Female,20-24 years,20-24,5.0,277691.0,1.8
42409,Primary and Secondary Syphilis,310.0,Virginia,2009.0,Female,25-29 years,25-29,5.0,277556.0,1.8
42410,Primary and Secondary Syphilis,310.0,Virginia,2009.0,Female,30-34 years,30-34,3.0,253444.0,1.18
42411,Primary and Secondary Syphilis,310.0,Virginia,2009.0,Female,35-39 years,35-39,1.0,271666.0,0.37
42412,Primary and Secondary Syphilis,310.0,Virginia,2009.0,Female,40+ years,40+,2.0,1908689.0,0.1
42413,Primary and Secondary Syphilis,310.0,Virginia,2010.0,Female,20-24 years,20-24,6.0,278050.0,2.16
42414,Primary and Secondary Syphilis,310.0,Virginia,2010.0,Female,25-29 years,25-29,8.0,280372.0,2.85
42415,Primary and Secondary Syphilis,310.0,Virginia,2010.0,Female,30-34 years,30-34,1.0,264423.0,0.38
42416,Primary and Secondary Syphilis,310.0,Virginia,2010.0,Female,35-39 years,35-39,3.0,271926.0,1.1
42417,Primary and Secondary Syphilis,310.0,Virginia,2010.0,Female,40+ years,40+,2.0,1960367.0,0.1
42418,Primary and Secondary Syphilis,310.0,Virginia,2011.0,Female,15-19 years,15-19,3.0,265862.0,1.13
42419,Primary and Secondary Syphilis,310.0,Virginia,2011.0,Female,20-24 years,20-24,4.0,283109.0,1.41
42420,Primary and Secondary Syphilis,310.0,Virginia,2011.0,Female,25-29 years,25-29,3.0,283781.0,1.06
42421,Primary and Secondary Syphilis,310.0,Virginia,2011.0,Female,30-34 years,30-34,1.0,273711.0,0.37
42422,Primary and Secondary Syphilis,310.0,Virginia,2011.0,Female,40+ years,40+,7.0,1997050.0,0.35
42423,Primary and Secondary Syphilis,310.0,Virginia,2012.0,Female,15-19 years,15-19,1.0,265240.0,0.38
42424,Primary and Secondary Syphilis,310.0,Virginia,2012.0,Female,20-24 years,20-24,6.0,287460.0,2.09
42425,Primary and Secondary Syphilis,310.0,Virginia,2012.0,Female,25-29 years,25-29,2.0,286367.0,0.7
42426,Primary and Secondary Syphilis,310.0,Virginia,2012.0,Female,30-34 years,30-34,9.0,280865.0,3.2
42427,Primary and Secondary Syphilis,310.0,Virginia,2012.0,Female,35-39 years,35-39,2.0,262174.0,0.76
42428,Primary and Secondary Syphilis,310.0,Virginia,2012.0,Female,40+ years,40+,1.0,2025228.0,0.05
42429,Primary and Secondary Syphilis,310.0,Virginia,2013.0,Female,15-19 years,15-19,2.0,263763.0,0.76
42430,Primary and Secondary Syphilis,310.0,Virginia,2013.0,Female,20-24 years,20-24,3.0,290690.0,1.03
42431,Primary and Secondary Syphilis,310.0,Virginia,2013.0,Female,25-29 years,25-29,3.0,286838.0,1.05
42432,Primary and Secondary Syphilis,310.0,Virginia,2013.0,Female,30-34 years,30-34,3.0,286877.0,1.05
42433,Primary and Secondary Syphilis,310.0,Virginia,2013.0,Female,35-39 years,35-39,3.0,263154.0,1.14
42434,Primary and Secondary Syphilis,310.0,Virginia,2013.0,Female,40+ years,40+,3.0,2045194.0,0.15
42435,Primary and Secondary Syphilis,310.0,Virginia,2014.0,Female,20-24 years,20-24,1.0,290690.0,0.34
42436,Primary and Secondary Syphilis,310.0,Virginia,2014.0,Female,25-29 years,25-29,9.0,286838.0,3.14
42437,Primary and Secondary Syphilis,310.0,Virginia,2014.0,Female,30-34 years,30-34,4.0,286877.0,1.39
42438,Primary and Secondary Syphilis,310.0,Virginia,2014.0,Female,35-39 years,35-39,3.0,263154.0,1.14
42439,Primary and Secondary Syphilis,310.0,Washington,1996.0,Female,20-24 years,20-24,2.0,169421.0,1.18
42440,Primary and Secondary Syphilis,310.0,Washington,1997.0,Female,15-19 years,15-19,1.0,195922.0,0.51
42441,Primary and Secondary Syphilis,310.0,Washington,1997.0,Female,20-24 years,20-24,3.0,173987.0,1.72
42442,Primary and Secondary Syphilis,310.0,Washington,1997.0,Female,25-29 years,25-29,2.0,196668.0,1.02
42443,Primary and Secondary Syphilis,310.0,Washington,1997.0,Female,30-34 years,30-34,1.0,224298.0,0.45
42444,Primary and Secondary Syphilis,310.0,Washington,1997.0,Female,40+ years,40+,1.0,1217806.0,0.08
42445,Primary and Secondary Syphilis,310.0,Washington,1998.0,Female,15-19 years,15-19,1.0,202492.0,0.49
42446,Primary and Secondary Syphilis,310.0,Washington,1998.0,Female,25-29 years,25-29,5.0,197444.0,2.53
42447,Primary and Secondary Syphilis,310.0,Washington,1998.0,Female,40+ years,40+,1.0,1251829.0,0.08
42448,Primary and Secondary Syphilis,310.0,Washington,1999.0,Female,30-34 years,30-34,1.0,215109.0,0.46
42449,Primary and Secondary Syphilis,310.0,Washington,1999.0,Female,35-39 years,35-39,1.0,243413.0,0.41
42450,Primary and Secondary Syphilis,310.0,Washington,1999.0,Female,40+ years,40+,1.0,1279709.0,0.08
42451,Primary and Secondary Syphilis,310.0,Washington,2000.0,Female,15-19 years,15-19,2.0,208102.0,0.96
42452,Primary and Secondary Syphilis,310.0,Washington,2000.0,Female,20-24 years,20-24,1.0,191000.0,0.52
42453,Primary and Secondary Syphilis,310.0,Washington,2000.0,Female,30-34 years,30-34,1.0,215584.0,0.46
42454,Primary and Secondary Syphilis,310.0,Washington,2000.0,Female,35-39 years,35-39,2.0,238745.0,0.84
42455,Primary and Secondary Syphilis,310.0,Washington,2000.0,Female,40+ years,40+,2.0,1308577.0,0.15
42456,Primary and Secondary Syphilis,310.0,Washington,2001.0,Female,15-19 years,15-19,3.0,211067.0,1.42
42457,Primary and Secondary Syphilis,310.0,Washington,2001.0,Female,20-24 years,20-24,2.0,197580.0,1.01
42458,Primary and Secondary Syphilis,310.0,Washington,2001.0,Female,30-34 years,30-34,1.0,220645.0,0.45
42459,Primary and Secondary Syphilis,310.0,Washington,2001.0,Female,40+ years,40+,1.0,1341912.0,0.07
42460,Primary and Secondary Syphilis,310.0,Washington,2002.0,Female,20-24 years,20-24,1.0,201712.0,0.5
42461,Primary and Secondary Syphilis,310.0,Washington,2003.0,Female,25-29 years,25-29,1.0,197158.0,0.51
42462,Primary and Secondary Syphilis,310.0,Washington,2003.0,Female,30-34 years,30-34,1.0,219350.0,0.46
42463,Primary and Secondary Syphilis,310.0,Washington,2003.0,Female,35-39 years,35-39,1.0,225804.0,0.44
42464,Primary and Secondary Syphilis,310.0,Washington,2003.0,Female,40+ years,40+,1.0,1405685.0,0.07
42465,Primary and Secondary Syphilis,310.0,Washington,2004.0,Female,15-19 years,15-19,2.0,215324.0,0.93
42466,Primary and Secondary Syphilis,310.0,Washington,2004.0,Female,25-29 years,25-29,2.0,202016.0,0.99
42467,Primary and Secondary Syphilis,310.0,Washington,2004.0,Female,40+ years,40+,2.0,1437187.0,0.14
42468,Primary and Secondary Syphilis,310.0,Washington,2005.0,Female,20-24 years,20-24,2.0,221350.0,0.9
42469,Primary and Secondary Syphilis,310.0,Washington,2005.0,Female,25-29 years,25-29,1.0,208493.0,0.48
42470,Primary and Secondary Syphilis,310.0,Washington,2005.0,Female,35-39 years,35-39,2.0,226481.0,0.88
42471,Primary and Secondary Syphilis,310.0,Washington,2006.0,Female,25-29 years,25-29,1.0,229336.0,0.44
42472,Primary and Secondary Syphilis,310.0,Washington,2006.0,Female,30-34 years,30-34,1.0,210296.0,0.48
42473,Primary and Secondary Syphilis,310.0,Washington,2006.0,Female,40+ years,40+,2.0,1504211.0,0.13
42474,Primary and Secondary Syphilis,310.0,Washington,2007.0,Female,15-19 years,15-19,2.0,213688.0,0.94
42475,Primary and Secondary Syphilis,310.0,Washington,2007.0,Female,35-39 years,35-39,1.0,229741.0,0.44
42476,Primary and Secondary Syphilis,310.0,Washington,2007.0,Female,40+ years,40+,3.0,1534925.0,0.2
42477,Primary and Secondary Syphilis,310.0,Washington,2008.0,Female,15-19 years,15-19,1.0,213396.0,0.47
42478,Primary and Secondary Syphilis,310.0,Washington,2008.0,Female,20-24 years,20-24,1.0,209371.0,0.48
42479,Primary and Secondary Syphilis,310.0,Washington,2008.0,Female,30-34 years,30-34,1.0,213485.0,0.47
42480,Primary and Secondary Syphilis,310.0,Washington,2008.0,Female,40+ years,40+,2.0,1558770.0,0.13
42481,Primary and Secondary Syphilis,310.0,Washington,2009.0,Female,30-34 years,30-34,1.0,218462.0,0.46
42482,Primary and Secondary Syphilis,310.0,Washington,2009.0,Female,35-39 years,35-39,2.0,221787.0,0.9
42483,Primary and Secondary Syphilis,310.0,Washington,2009.0,Female,40+ years,40+,3.0,1577522.0,0.19
42484,Primary and Secondary Syphilis,310.0,Washington,2010.0,Female,15-19 years,15-19,1.0,224551.0,0.45
42485,Primary and Secondary Syphilis,310.0,Washington,2010.0,Female,20-24 years,20-24,1.0,223381.0,0.45
42486,Primary and Secondary Syphilis,310.0,Washington,2010.0,Female,25-29 years,25-29,1.0,235384.0,0.42
42487,Primary and Secondary Syphilis,310.0,Washington,2010.0,Female,40+ years,40+,2.0,1607980.0,0.12
42488,Primary and Secondary Syphilis,310.0,Washington,2011.0,Female,15-19 years,15-19,1.0,217556.0,0.46
42489,Primary and Secondary Syphilis,310.0,Washington,2011.0,Female,20-24 years,20-24,2.0,232115.0,0.86
42490,Primary and Secondary Syphilis,310.0,Washington,2011.0,Female,35-39 years,35-39,1.0,216088.0,0.46
42491,Primary and Secondary Syphilis,310.0,Washington,2011.0,Female,40+ years,40+,2.0,1643385.0,0.12
42492,Primary and Secondary Syphilis,310.0,Washington,2012.0,Female,15-19 years,15-19,1.0,214478.0,0.47
42493,Primary and Secondary Syphilis,310.0,Washington,2012.0,Female,20-24 years,20-24,3.0,236674.0,1.27
42494,Primary and Secondary Syphilis,310.0,Washington,2012.0,Female,25-29 years,25-29,2.0,238802.0,0.84
42495,Primary and Secondary Syphilis,310.0,Washington,2012.0,Female,30-34 years,30-34,2.0,237696.0,0.84
42496,Primary and Secondary Syphilis,310.0,Washington,2012.0,Female,35-39 years,35-39,1.0,217116.0,0.46
42497,Primary and Secondary Syphilis,310.0,Washington,2013.0,Female,0-14 years,0-14,1.0,649167.0,0.15
42498,Primary and Secondary Syphilis,310.0,Washington,2013.0,Female,15-19 years,15-19,2.0,213899.0,0.94
42499,Primary and Secondary Syphilis,310.0,Washington,2013.0,Female,20-24 years,20-24,4.0,236018.0,1.69
42500,Primary and Secondary Syphilis,310.0,Washington,2013.0,Female,30-34 years,30-34,1.0,243085.0,0.41
42501,Primary and Secondary Syphilis,310.0,Washington,2013.0,Female,40+ years,40+,5.0,1685385.0,0.3
42502,Primary and Secondary Syphilis,310.0,Washington,2014.0,Female,15-19 years,15-19,3.0,213899.0,1.4
42503,Primary and Secondary Syphilis,310.0,Washington,2014.0,Female,20-24 years,20-24,6.0,236018.0,2.54
42504,Primary and Secondary Syphilis,310.0,Washington,2014.0,Female,25-29 years,25-29,3.0,240810.0,1.25
42505,Primary and Secondary Syphilis,310.0,Washington,2014.0,Female,30-34 years,30-34,1.0,243085.0,0.41
42506,Primary and Secondary Syphilis,310.0,Washington,2014.0,Female,35-39 years,35-39,2.0,220372.0,0.91
42507,Primary and Secondary Syphilis,310.0,Washington,2014.0,Female,40+ years,40+,3.0,1685385.0,0.18
42508,Primary and Secondary Syphilis,310.0,West Virginia,1996.0,Female,20-24 years,20-24,1.0,63414.0,1.58
42509,Primary and Secondary Syphilis,310.0,West Virginia,1996.0,Female,30-34 years,30-34,1.0,60104.0,1.66
42510,Primary and Secondary Syphilis,310.0,West Virginia,1996.0,Female,35-39 years,35-39,1.0,72448.0,1.38
42511,Primary and Secondary Syphilis,310.0,West Virginia,1996.0,Female,40+ years,40+,1.0,453238.0,0.22
42512,Primary and Secondary Syphilis,310.0,West Virginia,1996.0,Female,Unknown,99,2.0,,
42513,Primary and Secondary Syphilis,310.0,West Virginia,1997.0,Female,30-34 years,30-34,1.0,58396.0,1.71
42514,Primary and Secondary Syphilis,310.0,West Virginia,1998.0,Female,40+ years,40+,2.0,461328.0,0.43
42515,Primary and Secondary Syphilis,310.0,West Virginia,1999.0,Female,20-24 years,20-24,1.0,60233.0,1.66
42516,Primary and Secondary Syphilis,310.0,West Virginia,1999.0,Female,25-29 years,25-29,2.0,57835.0,3.46
42517,Primary and Secondary Syphilis,310.0,West Virginia,2000.0,Female,25-29 years,25-29,1.0,56088.0,1.78
42518,Primary and Secondary Syphilis,310.0,West Virginia,2001.0,Female,15-19 years,15-19,1.0,58847.0,1.7
42519,Primary and Secondary Syphilis,310.0,West Virginia,2002.0,Female,25-29 years,25-29,1.0,53645.0,1.86
42520,Primary and Secondary Syphilis,310.0,West Virginia,2003.0,Female,15-19 years,15-19,1.0,56823.0,1.76
42521,Primary and Secondary Syphilis,310.0,West Virginia,2003.0,Female,20-24 years,20-24,1.0,62453.0,1.6
42522,Primary and Secondary Syphilis,310.0,West Virginia,2004.0,Female,20-24 years,20-24,1.0,61312.0,1.63
42523,Primary and Secondary Syphilis,310.0,West Virginia,2006.0,Female,35-39 years,35-39,1.0,59189.0,1.69
42524,Primary and Secondary Syphilis,310.0,West Virginia,2007.0,Female,15-19 years,15-19,2.0,57217.0,3.5
42525,Primary and Secondary Syphilis,310.0,West Virginia,2008.0,Female,15-19 years,15-19,2.0,56746.0,3.52
42526,Primary and Secondary Syphilis,310.0,West Virginia,2008.0,Female,40+ years,40+,2.0,486201.0,0.41
42527,Primary and Secondary Syphilis,310.0,West Virginia,2009.0,Female,20-24 years,20-24,1.0,58329.0,1.71
42528,Primary and Secondary Syphilis,310.0,West Virginia,2009.0,Female,40+ years,40+,1.0,486822.0,0.21
42529,Primary and Secondary Syphilis,310.0,West Virginia,2012.0,Female,40+ years,40+,2.0,505227.0,0.4
42530,Primary and Secondary Syphilis,310.0,West Virginia,2013.0,Female,20-24 years,20-24,1.0,61654.0,1.62
42531,Primary and Secondary Syphilis,310.0,West Virginia,2013.0,Female,25-29 years,25-29,2.0,51955.0,3.85
42532,Primary and Secondary Syphilis,310.0,West Virginia,2013.0,Female,30-34 years,30-34,1.0,55774.0,1.79
42533,Primary and Secondary Syphilis,310.0,West Virginia,2014.0,Female,15-19 years,15-19,1.0,54315.0,1.84
42534,Primary and Secondary Syphilis,310.0,West Virginia,2014.0,Female,20-24 years,20-24,1.0,61654.0,1.62
42535,Primary and Secondary Syphilis,310.0,West Virginia,2014.0,Female,25-29 years,25-29,1.0,51955.0,1.92
42536,Primary and Secondary Syphilis,310.0,West Virginia,2014.0,Female,30-34 years,30-34,1.0,55774.0,1.79
42537,Primary and Secondary Syphilis,310.0,West Virginia,2014.0,Female,35-39 years,35-39,1.0,55158.0,1.81
42538,Primary and Secondary Syphilis,310.0,West Virginia,2014.0,Female,40+ years,40+,1.0,505425.0,0.2
42539,Primary and Secondary Syphilis,310.0,Wisconsin,1996.0,Female,15-19 years,15-19,9.0,188799.0,4.77
42540,Primary and Secondary Syphilis,310.0,Wisconsin,1996.0,Female,20-24 years,20-24,12.0,166326.0,7.21
42541,Primary and Secondary Syphilis,310.0,Wisconsin,1996.0,Female,25-29 years,25-29,20.0,180396.0,11.09
42542,Primary and Secondary Syphilis,310.0,Wisconsin,1996.0,Female,30-34 years,30-34,20.0,201287.0,9.94
42543,Primary and Secondary Syphilis,310.0,Wisconsin,1996.0,Female,35-39 years,35-39,14.0,224334.0,6.24
42544,Primary and Secondary Syphilis,310.0,Wisconsin,1996.0,Female,40+ years,40+,14.0,1151788.0,1.22
42545,Primary and Secondary Syphilis,310.0,Wisconsin,1997.0,Female,15-19 years,15-19,4.0,193511.0,2.07
42546,Primary and Secondary Syphilis,310.0,Wisconsin,1997.0,Female,20-24 years,20-24,8.0,166528.0,4.8
42547,Primary and Secondary Syphilis,310.0,Wisconsin,1997.0,Female,25-29 years,25-29,10.0,176927.0,5.65
42548,Primary and Secondary Syphilis,310.0,Wisconsin,1997.0,Female,30-34 years,30-34,10.0,194915.0,5.13
42549,Primary and Secondary Syphilis,310.0,Wisconsin,1997.0,Female,35-39 years,35-39,9.0,224408.0,4.01
42550,Primary and Secondary Syphilis,310.0,Wisconsin,1997.0,Female,40+ years,40+,9.0,1172611.0,0.77
42551,Primary and Secondary Syphilis,310.0,Wisconsin,1998.0,Female,0-14 years,0-14,1.0,545215.0,0.18
42552,Primary and Secondary Syphilis,310.0,Wisconsin,1998.0,Female,15-19 years,15-19,4.0,197123.0,2.03
42553,Primary and Secondary Syphilis,310.0,Wisconsin,1998.0,Female,20-24 years,20-24,3.0,168696.0,1.78
42554,Primary and Secondary Syphilis,310.0,Wisconsin,1998.0,Female,25-29 years,25-29,2.0,172010.0,1.16
42555,Primary and Secondary Syphilis,310.0,Wisconsin,1998.0,Female,30-34 years,30-34,6.0,189245.0,3.17
42556,Primary and Secondary Syphilis,310.0,Wisconsin,1998.0,Female,35-39 years,35-39,5.0,222513.0,2.25
42557,Primary and Secondary Syphilis,310.0,Wisconsin,1998.0,Female,40+ years,40+,11.0,1192469.0,0.92
42558,Primary and Secondary Syphilis,310.0,Wisconsin,1999.0,Female,15-19 years,15-19,2.0,198303.0,1.01
42559,Primary and Secondary Syphilis,310.0,Wisconsin,1999.0,Female,20-24 years,20-24,1.0,171922.0,0.58
42560,Primary and Secondary Syphilis,310.0,Wisconsin,1999.0,Female,25-29 years,25-29,6.0,166974.0,3.59
42561,Primary and Secondary Syphilis,310.0,Wisconsin,1999.0,Female,30-34 years,30-34,1.0,185152.0,0.54
42562,Primary and Secondary Syphilis,310.0,Wisconsin,1999.0,Female,35-39 years,35-39,5.0,220291.0,2.27
42563,Primary and Secondary Syphilis,310.0,Wisconsin,1999.0,Female,40+ years,40+,3.0,1211121.0,0.25
42564,Primary and Secondary Syphilis,310.0,Wisconsin,2000.0,Female,15-19 years,15-19,2.0,198183.0,1.01
42565,Primary and Secondary Syphilis,310.0,Wisconsin,2000.0,Female,20-24 years,20-24,2.0,177473.0,1.13
42566,Primary and Secondary Syphilis,310.0,Wisconsin,2000.0,Female,25-29 years,25-29,3.0,162750.0,1.84
42567,Primary and Secondary Syphilis,310.0,Wisconsin,2000.0,Female,30-34 years,30-34,4.0,183994.0,2.17
42568,Primary and Secondary Syphilis,310.0,Wisconsin,2000.0,Female,35-39 years,35-39,6.0,216486.0,2.77
42569,Primary and Secondary Syphilis,310.0,Wisconsin,2000.0,Female,40+ years,40+,7.0,1235417.0,0.57
42570,Primary and Secondary Syphilis,310.0,Wisconsin,2001.0,Female,15-19 years,15-19,1.0,198847.0,0.5
42571,Primary and Secondary Syphilis,310.0,Wisconsin,2001.0,Female,20-24 years,20-24,1.0,185614.0,0.54
42572,Primary and Secondary Syphilis,310.0,Wisconsin,2001.0,Female,25-29 years,25-29,2.0,158694.0,1.26
42573,Primary and Secondary Syphilis,310.0,Wisconsin,2001.0,Female,30-34 years,30-34,2.0,181588.0,1.1
42574,Primary and Secondary Syphilis,310.0,Wisconsin,2001.0,Female,35-39 years,35-39,2.0,210864.0,0.95
42575,Primary and Secondary Syphilis,310.0,Wisconsin,2001.0,Female,40+ years,40+,5.0,1258627.0,0.4
42576,Primary and Secondary Syphilis,310.0,Wisconsin,2002.0,Female,25-29 years,25-29,1.0,159218.0,0.63
42577,Primary and Secondary Syphilis,310.0,Wisconsin,2002.0,Female,30-34 years,30-34,2.0,179376.0,1.11
42578,Primary and Secondary Syphilis,310.0,Wisconsin,2002.0,Female,35-39 years,35-39,1.0,205452.0,0.49
42579,Primary and Secondary Syphilis,310.0,Wisconsin,2002.0,Female,40+ years,40+,2.0,1281698.0,0.16
42580,Primary and Secondary Syphilis,310.0,Wisconsin,2003.0,Female,15-19 years,15-19,1.0,198927.0,0.5
42581,Primary and Secondary Syphilis,310.0,Wisconsin,2004.0,Female,40+ years,40+,2.0,1330618.0,0.15
42582,Primary and Secondary Syphilis,310.0,Wisconsin,2005.0,Female,20-24 years,20-24,1.0,199888.0,0.5
42583,Primary and Secondary Syphilis,310.0,Wisconsin,2005.0,Female,25-29 years,25-29,1.0,177024.0,0.56
42584,Primary and Secondary Syphilis,310.0,Wisconsin,2005.0,Female,40+ years,40+,1.0,1351069.0,0.07
42585,Primary and Secondary Syphilis,310.0,Wisconsin,2006.0,Female,40+ years,40+,3.0,1356854.0,0.22
42586,Primary and Secondary Syphilis,310.0,Wisconsin,2007.0,Female,20-24 years,20-24,2.0,192042.0,1.04
42587,Primary and Secondary Syphilis,310.0,Wisconsin,2007.0,Female,25-29 years,25-29,2.0,179682.0,1.11
42588,Primary and Secondary Syphilis,310.0,Wisconsin,2007.0,Female,30-34 years,30-34,1.0,164941.0,0.61
42589,Primary and Secondary Syphilis,310.0,Wisconsin,2007.0,Female,40+ years,40+,1.0,1375977.0,0.07
42590,Primary and Secondary Syphilis,310.0,Wisconsin,2008.0,Female,15-19 years,15-19,3.0,193131.0,1.55
42591,Primary and Secondary Syphilis,310.0,Wisconsin,2008.0,Female,20-24 years,20-24,1.0,192982.0,0.52
42592,Primary and Secondary Syphilis,310.0,Wisconsin,2008.0,Female,25-29 years,25-29,4.0,182252.0,2.19
42593,Primary and Secondary Syphilis,310.0,Wisconsin,2008.0,Female,30-34 years,30-34,1.0,165444.0,0.6
42594,Primary and Secondary Syphilis,310.0,Wisconsin,2008.0,Female,35-39 years,35-39,2.0,179602.0,1.11
42595,Primary and Secondary Syphilis,310.0,Wisconsin,2008.0,Female,40+ years,40+,3.0,1389574.0,0.22
42596,Primary and Secondary Syphilis,310.0,Wisconsin,2009.0,Female,0-14 years,0-14,1.0,528149.0,0.19
42597,Primary and Secondary Syphilis,310.0,Wisconsin,2009.0,Female,20-24 years,20-24,2.0,205851.0,0.97
42598,Primary and Secondary Syphilis,310.0,Wisconsin,2009.0,Female,25-29 years,25-29,3.0,181338.0,1.65
42599,Primary and Secondary Syphilis,310.0,Wisconsin,2009.0,Female,30-34 years,30-34,1.0,161521.0,0.62
42600,Primary and Secondary Syphilis,310.0,Wisconsin,2009.0,Female,35-39 years,35-39,1.0,173701.0,0.58
42601,Primary and Secondary Syphilis,310.0,Wisconsin,2009.0,Female,40+ years,40+,2.0,1398103.0,0.14
42602,Primary and Secondary Syphilis,310.0,Wisconsin,2010.0,Female,15-19 years,15-19,2.0,194406.0,1.03
42603,Primary and Secondary Syphilis,310.0,Wisconsin,2010.0,Female,20-24 years,20-24,1.0,189655.0,0.53
42604,Primary and Secondary Syphilis,310.0,Wisconsin,2010.0,Female,40+ years,40+,3.0,1416513.0,0.21
42605,Primary and Secondary Syphilis,310.0,Wisconsin,2011.0,Female,15-19 years,15-19,1.0,194015.0,0.52
42606,Primary and Secondary Syphilis,310.0,Wisconsin,2011.0,Female,30-34 years,30-34,1.0,176529.0,0.57
42607,Primary and Secondary Syphilis,310.0,Wisconsin,2011.0,Female,35-39 years,35-39,1.0,164053.0,0.61
42608,Primary and Secondary Syphilis,310.0,Wisconsin,2011.0,Female,40+ years,40+,2.0,1432869.0,0.14
42609,Primary and Secondary Syphilis,310.0,Wisconsin,2012.0,Female,15-19 years,15-19,1.0,190295.0,0.53
42610,Primary and Secondary Syphilis,310.0,Wisconsin,2012.0,Female,20-24 years,20-24,3.0,191920.0,1.56
42611,Primary and Secondary Syphilis,310.0,Wisconsin,2012.0,Female,25-29 years,25-29,1.0,180550.0,0.55
42612,Primary and Secondary Syphilis,310.0,Wisconsin,2012.0,Female,30-34 years,30-34,2.0,180130.0,1.11
42613,Primary and Secondary Syphilis,310.0,Wisconsin,2012.0,Female,35-39 years,35-39,1.0,163234.0,0.61
42614,Primary and Secondary Syphilis,310.0,Wisconsin,2012.0,Female,40+ years,40+,3.0,1444065.0,0.21
42615,Primary and Secondary Syphilis,310.0,Wisconsin,2013.0,Female,15-19 years,15-19,1.0,188096.0,0.53
42616,Primary and Secondary Syphilis,310.0,Wisconsin,2013.0,Female,20-24 years,20-24,3.0,196273.0,1.53
42617,Primary and Secondary Syphilis,310.0,Wisconsin,2013.0,Female,25-29 years,25-29,4.0,176767.0,2.26
42618,Primary and Secondary Syphilis,310.0,Wisconsin,2013.0,Female,40+ years,40+,1.0,1452464.0,0.07
42619,Primary and Secondary Syphilis,310.0,Wisconsin,2014.0,Female,20-24 years,20-24,2.0,196273.0,1.02
42620,Primary and Secondary Syphilis,310.0,Wisconsin,2014.0,Female,25-29 years,25-29,3.0,176767.0,1.7
42621,Primary and Secondary Syphilis,310.0,Wisconsin,2014.0,Female,35-39 years,35-39,2.0,165028.0,1.21
42622,Primary and Secondary Syphilis,310.0,Wyoming,1996.0,Female,25-29 years,25-29,1.0,13461.0,7.43
42623,Primary and Secondary Syphilis,310.0,Wyoming,2000.0,Female,25-29 years,25-29,1.0,14451.0,6.92
42624,Primary and Secondary Syphilis,310.0,Wyoming,2001.0,Female,15-19 years,15-19,1.0,20062.0,4.98
42625,Primary and Secondary Syphilis,310.0,Wyoming,2004.0,Female,30-34 years,30-34,1.0,14577.0,6.86
42626,Primary and Secondary Syphilis,310.0,Wyoming,2007.0,Female,40+ years,40+,1.0,123292.0,0.81
42627,Primary and Secondary Syphilis,310.0,Wyoming,2008.0,Female,20-24 years,20-24,1.0,18026.0,5.55
42628,Primary and Secondary Syphilis,310.0,Wyoming,2008.0,Female,30-34 years,30-34,1.0,15691.0,6.37
42629,Primary and Secondary Syphilis,310.0,Wyoming,2009.0,Female,25-29 years,25-29,1.0,19668.0,5.08
42630,,,,,,,,,,
42631,,,,,,,,,,
42632,,,,,,,,,,
42633,,,,,,,,,,
42634,,,,,,,,,,
42635,,,,,,,,,,
42636,,,,,,,,,,
42637,,,,,,,,,,
42638,,,,,,,,,,
42639,,,,,,,,,,
42640,,,,,,,,,,
42641,,,,,,,,,,
42642,,,,,,,,,,
42643,,,,,,,,,,
42644,,,,,,,,,,
42645,,,,,,,,,,
42646,,,,,,,,,,
42647,,,,,,,,,,
42648,,,,,,,,,,
42649,,,,,,,,,,
42650,,,,,,,,,,
42651,,,,,,,,,,
42652,,,,,,,,,,
42653,,,,,,,,,,
42654,,,,,,,,,,
42655,,,,,,,,,,
42656,,,,,,,,,,
42657,,,,,,,,,,
42658,,,,,,,,,,
42659,,,,,,,,,,
42660,,,,,,,,,,
42661,,,,,,,,,,
42662,,,,,,,,,,
42663,,,,,,,,,,
42664,,,,,,,,,,
42665,,,,,,,,,,
42666,,,,,,,,,,
42667,,,,,,,,,,
42668,,,,,,,,,,
42669,,,,,,,,,,
42670,,,,,,,,,,
42671,,,,,,,,,,
42672,,,,,,,,,,
42673,,,,,,,,,,
42674,,,,,,,,,,
42675,,,,,,,,,,
42676,,,,,,,,,,
42677,,,,,,,,,,
42678,,,,,,,,,,
42679,,,,,,,,,,
